1 23.866370 38.953936
1 28.065316 39.163093
1 20.295604 25.367574
1 26.554651 30.720852
1 27.825526 30.675367
1 19.588505 22.114749
1 28.231470 30.319469
1 32.228972 34.091681
1 24.184092 25.663159
1 35.117319 35.860314
1 24.330819 25.002390
1 32.579674 33.210907
1 27.875111 28.299579
1 37.043128 37.391032
0 0.000000 inf
0 0.000000 25.295208
0 0.000000 20.673703
0 0.000000 17.605186
0 0.000000 16.334383
0 0.000000 16.216658
0 0.000000 16.198463
0 0.000000 16.117136
0 0.000000 15.831922
0 0.000000 15.823502
0 0.000000 15.190730
0 0.000000 14.384320
0 0.000000 11.161824
0 0.000000 7.782259
