1 57.432511 79.128220
1 57.488114 79.159633
1 57.528517 79.193035
1 57.492004 79.155008
1 57.415503 79.040483
1 57.491982 79.050443
1 57.581667 79.006252
1 57.703955 79.006252
1 57.498156 78.610693
1 57.600278 78.693843
1 57.579144 78.571200
1 57.705184 78.571200
1 57.497760 58.477079
1 57.610089 58.589387
1 57.515436 58.486519
1 57.452619 58.421003
0 0.000000 inf
0 0.000000 57.485766
0 0.000000 57.431314
0 0.000000 57.415503
0 0.000000 57.298171
0 0.000000 47.287186
0 0.000000 47.283344
0 0.000000 47.281897
0 0.000000 47.235114
0 0.000000 47.193325
0 0.000000 47.183207
0 0.000000 47.157924
0 0.000000 47.119788
0 0.000000 47.090236
0 0.000000 38.538576
0 0.000000 38.532014
0 0.000000 38.462154
0 0.000000 38.461434
