1 46.687652 80.241250
1 37.803759 65.971927
1 40.204518 65.656508
1 48.973326 73.439796
1 38.654070 63.067552
1 34.432177 57.673436
1 40.340341 62.738868
1 38.554842 60.664238
1 44.224204 64.066080
1 41.015645 60.659766
1 49.842635 68.882869
1 39.103868 57.481545
1 34.529275 51.860651
1 47.455783 63.733586
1 48.224674 64.222495
1 44.655267 59.656062
1 41.184994 55.897061
1 40.748036 55.439913
1 46.501706 60.927300
1 38.329905 52.614600
1 42.807726 56.742647
1 39.205433 53.108565
1 41.810199 54.698481
1 49.343295 62.162361
1 57.534804 69.642282
1 51.261662 63.357532
1 40.125169 52.109214
1 34.897048 46.838593
1 56.681323 68.079436
1 42.590543 53.427862
1 35.792944 46.450799
1 36.341967 46.225138
1 38.367616 47.892134
1 53.113077 62.534320
1 41.842411 51.192422
1 44.776104 54.094699
1 50.033332 58.417968
1 55.809102 63.869750
1 42.641166 50.636767
1 46.577135 53.989967
1 45.127226 52.493217
1 46.558250 52.980774
1 54.815829 61.212687
1 42.231538 48.619989
1 67.449625 73.721741
1 50.878599 56.934305
1 49.632882 55.546364
1 46.350369 52.226595
1 37.477709 43.093223
1 40.876506 46.245138
1 58.444533 63.703885
1 45.147868 50.046099
1 45.809729 50.697428
1 55.764032 60.619079
1 51.634570 56.450924
1 47.854698 52.462583
1 41.995528 46.545368
1 43.812522 48.350454
1 42.302292 46.795478
1 48.180003 52.645169
1 71.652388 76.082620
1 36.238654 40.616975
1 35.361841 39.703899
1 52.797657 57.120959
1 44.702094 48.983859
1 39.136093 43.400669
1 57.620445 61.811184
1 58.590821 62.640923
1 23.304816 27.164135
1 42.368690 45.835782
1 39.666015 43.015207
1 45.597462 48.911893
1 38.263199 41.498073
1 42.014559 45.216665
1 48.037013 51.088983
1 32.741286 35.774822
1 30.532224 33.558901
1 50.383784 53.359519
1 25.993512 28.964954
1 54.783032 57.653425
1 38.908011 41.752788
1 39.540652 42.306963
1 41.876729 44.638551
1 33.704148 36.442963
1 35.753630 38.467550
1 45.317065 48.025118
1 47.345598 50.039636
1 62.132496 64.741426
1 28.794695 31.373371
1 16.244480 18.802344
1 57.486548 60.002391
1 55.233842 57.732192
1 45.704595 48.180767
1 61.365071 63.829071
1 48.308043 50.739127
1 56.718615 59.141782
1 47.450981 49.861039
1 47.549355 49.918451
1 33.507489 35.679087
1 16.673371 18.811607
1 29.597783 31.726510
1 50.049422 52.175886
1 29.001801 31.120128
1 51.803413 53.809819
1 37.251422 39.255479
1 43.870695 45.773558
1 58.507427 60.374150
1 53.204751 55.011292
1 51.853243 53.655208
1 42.830614 44.598013
1 40.588468 42.354992
1 33.118608 34.883769
1 43.028678 44.750060
1 46.959668 48.657114
1 39.930075 41.625731
1 33.549530 35.240458
1 53.043903 54.717194
1 27.714112 29.382130
1 51.914234 53.576959
1 41.184233 42.788352
1 29.195535 30.796157
1 49.320385 50.897765
1 19.782998 21.351694
1 31.316213 32.846297
1 47.291324 48.808451
1 48.821422 50.336622
1 58.861629 60.338177
1 34.766469 36.235179
1 69.398853 70.859358
1 50.464392 51.902547
1 40.437761 41.869009
1 43.285507 44.708094
1 48.039719 49.455758
1 38.484281 39.885057
1 35.859476 37.258937
1 51.649505 53.031889
1 31.831932 33.211372
1 27.762277 29.124351
1 53.632240 54.959236
1 37.631573 38.936689
1 42.973072 44.277532
1 50.619786 51.912236
1 23.875465 25.125433
1 51.751591 52.986300
1 39.694241 40.901059
1 47.696687 48.902601
1 43.840223 45.035587
1 32.905467 34.081792
1 49.041390 50.195878
1 59.799309 60.919559
1 54.278312 55.375366
1 49.461978 50.547908
1 35.548974 36.631126
1 63.050462 64.131379
1 57.540539 58.609837
1 62.792383 63.847116
1 57.241930 58.275190
1 56.429244 57.458125
1 27.260350 28.270480
1 58.467358 59.406249
1 32.303871 33.231993
1 31.991779 32.918435
1 32.119339 33.030169
1 62.226206 63.136896
1 47.308122 48.207459
1 36.361691 37.254875
1 61.299637 62.182862
1 52.983849 53.824731
1 42.798465 43.611655
1 43.051582 43.857192
1 54.200075 54.996615
1 47.100428 47.864513
1 43.190831 43.953845
1 37.611529 38.352908
1 52.710079 53.434630
1 33.605737 34.320552
1 50.224823 50.919241
1 42.446246 43.137975
1 51.240183 51.925296
1 43.940234 44.617456
1 35.107506 35.780874
1 70.914538 71.582565
1 37.719946 38.381323
1 23.560773 24.213637
1 17.555809 18.204426
1 60.174052 60.754899
1 17.190260 17.769521
1 75.613477 76.181719
1 44.699440 45.266525
1 45.154991 45.711800
1 28.059054 28.597185
1 39.590907 40.120600
1 43.925045 44.445172
1 52.880938 53.388273
1 27.356477 27.861496
1 56.417989 56.919709
1 47.297360 47.797305
1 48.789728 49.288999
1 41.893664 42.381801
1 38.614757 39.094703
1 46.514693 46.992014
1 48.202109 48.678506
1 55.417530 55.884607
1 52.757134 53.208060
1 44.372309 44.822375
1 42.703131 43.123017
1 56.052324 56.470585
1 29.892942 30.310122
1 44.247989 44.650292
1 56.943186 57.328668
1 60.451174 60.835566
1 36.556983 36.933061
1 29.919381 30.283333
1 51.386183 51.735699
1 43.669299 44.015308
1 35.676013 36.014206
1 42.985132 43.321642
1 31.889035 32.223353
1 55.797446 56.112207
1 50.303634 50.606642
1 46.688403 46.986586
1 41.913607 42.208955
1 57.341291 57.630340
1 50.301845 50.587316
1 34.063315 34.342299
1 46.994965 47.273200
1 50.575384 50.850946
1 41.399237 41.663219
1 27.710997 27.950424
1 37.172959 37.405619
1 40.166091 40.396930
1 24.780816 25.003805
1 41.595057 41.817534
1 44.944795 45.158779
1 40.439940 40.642886
1 43.929605 44.131873
1 54.165237 54.363379
1 50.877384 51.075030
1 50.900100 51.093271
1 48.783648 48.969094
1 58.860260 59.012984
1 28.759631 28.901235
1 26.420360 26.560478
1 42.888904 43.019257
1 44.940652 45.063690
1 41.453048 41.555389
1 50.824578 50.925888
1 28.585707 28.684031
1 28.046366 28.140562
1 54.540808 54.632215
1 39.727164 39.816099
1 44.714982 44.802342
1 36.760080 36.845485
1 17.572189 17.647877
1 59.385063 59.458915
1 55.389744 55.460529
1 13.796416 13.865803
1 57.128741 57.192462
1 65.365926 65.426303
1 41.905233 41.964706
1 52.104642 52.159332
1 58.662913 58.711987
1 79.954122 80.002011
1 39.391030 39.434686
1 37.127498 37.167531
1 50.859006 50.890450
1 59.505436 59.535968
1 52.556345 52.576158
1 47.146685 47.165674
1 50.142750 50.161327
1 39.817715 39.835582
1 65.903560 65.920524
1 23.351534 23.367596
1 61.445836 61.460506
1 45.379397 45.393842
1 60.635202 60.649601
1 63.625620 63.639592
1 42.339734 42.353377
1 13.845584 13.859177
1 43.052282 43.065657
1 46.949683 46.962123
1 42.686703 42.698741
1 54.139251 54.147596
1 23.994234 24.001857
1 61.544647 61.551163
1 47.555116 47.561502
1 40.274597 40.279331
1 51.407576 51.410191
1 38.788754 38.790138
1 46.421660 46.422876
1 63.417237 63.417407
0 0.000000 inf
0 0.000000 inf
0 0.000000 46.700890
0 0.000000 46.091532
0 0.000000 43.667827
0 0.000000 42.046049
0 0.000000 41.241100
0 0.000000 40.751442
0 0.000000 39.880706
0 0.000000 39.642488
0 0.000000 39.151264
0 0.000000 38.758021
0 0.000000 38.381490
0 0.000000 38.318552
0 0.000000 37.813935
0 0.000000 37.732590
0 0.000000 37.703458
0 0.000000 37.692613
0 0.000000 37.654141
0 0.000000 37.324857
0 0.000000 37.241388
0 0.000000 36.314201
0 0.000000 36.075277
0 0.000000 35.994619
0 0.000000 35.535766
0 0.000000 35.008452
0 0.000000 34.919801
0 0.000000 34.690403
0 0.000000 34.106661
0 0.000000 33.947844
0 0.000000 33.946948
0 0.000000 33.904560
0 0.000000 33.882059
0 0.000000 33.669835
0 0.000000 33.659625
0 0.000000 33.599617
0 0.000000 33.508176
0 0.000000 33.156659
0 0.000000 33.152811
0 0.000000 33.065414
0 0.000000 33.046128
0 0.000000 32.988527
0 0.000000 32.746190
0 0.000000 32.555549
0 0.000000 32.547632
0 0.000000 32.141189
0 0.000000 31.961341
0 0.000000 31.898517
0 0.000000 31.827194
0 0.000000 31.775591
0 0.000000 31.589582
0 0.000000 31.503612
0 0.000000 31.471852
0 0.000000 31.251272
0 0.000000 31.163846
0 0.000000 31.083893
0 0.000000 31.083827
0 0.000000 31.028076
0 0.000000 30.961883
0 0.000000 30.921307
0 0.000000 30.859545
0 0.000000 30.808530
0 0.000000 30.658242
0 0.000000 30.406198
0 0.000000 30.312115
0 0.000000 29.938295
0 0.000000 29.853430
0 0.000000 29.687879
0 0.000000 29.654948
0 0.000000 29.625624
0 0.000000 29.622568
0 0.000000 29.460465
0 0.000000 29.409811
0 0.000000 29.143439
0 0.000000 28.925025
0 0.000000 28.733216
0 0.000000 28.733051
0 0.000000 28.668560
0 0.000000 28.597529
0 0.000000 28.531184
0 0.000000 28.495370
0 0.000000 28.381417
0 0.000000 28.338482
0 0.000000 28.292852
0 0.000000 28.123644
0 0.000000 28.104376
0 0.000000 28.055275
0 0.000000 27.893437
0 0.000000 27.872794
0 0.000000 27.663325
0 0.000000 27.587283
0 0.000000 27.502388
0 0.000000 27.398341
0 0.000000 27.241874
0 0.000000 27.176266
0 0.000000 27.163512
0 0.000000 26.927673
0 0.000000 26.751836
0 0.000000 26.706118
0 0.000000 26.539659
0 0.000000 26.461402
0 0.000000 26.066605
0 0.000000 25.901282
0 0.000000 25.500117
0 0.000000 25.463748
0 0.000000 25.460863
0 0.000000 25.451935
0 0.000000 25.204771
0 0.000000 24.976245
0 0.000000 24.786864
0 0.000000 24.774951
0 0.000000 24.733395
0 0.000000 24.244453
0 0.000000 24.182026
0 0.000000 24.167570
0 0.000000 24.042419
0 0.000000 24.000840
0 0.000000 23.622806
0 0.000000 23.487185
0 0.000000 23.397146
0 0.000000 23.269521
0 0.000000 23.103228
0 0.000000 23.070906
0 0.000000 22.967331
0 0.000000 22.912463
0 0.000000 22.494019
0 0.000000 22.284314
0 0.000000 22.276366
0 0.000000 22.142284
0 0.000000 22.142253
0 0.000000 21.912111
0 0.000000 21.828658
0 0.000000 21.774702
0 0.000000 21.723474
0 0.000000 21.719049
0 0.000000 21.646547
0 0.000000 21.499511
0 0.000000 21.459679
0 0.000000 21.265010
0 0.000000 21.253556
0 0.000000 21.153967
0 0.000000 20.996796
0 0.000000 20.960789
0 0.000000 20.772902
0 0.000000 20.489365
0 0.000000 20.200806
0 0.000000 19.666689
0 0.000000 19.561739
0 0.000000 19.345172
0 0.000000 19.016765
0 0.000000 18.892173
0 0.000000 18.532439
0 0.000000 18.216148
0 0.000000 18.186122
0 0.000000 17.854176
0 0.000000 17.730789
0 0.000000 17.645403
0 0.000000 17.566728
0 0.000000 17.365687
0 0.000000 17.190351
0 0.000000 17.123680
0 0.000000 16.710034
0 0.000000 16.325130
0 0.000000 15.843867
0 0.000000 15.586661
0 0.000000 15.443348
0 0.000000 15.399097
0 0.000000 15.276592
0 0.000000 15.226759
0 0.000000 15.103622
0 0.000000 14.756283
0 0.000000 14.411105
0 0.000000 13.886869
0 0.000000 13.706646
0 0.000000 13.221439
0 0.000000 13.130038
0 0.000000 12.555313
0 0.000000 12.379315
0 0.000000 12.036326
0 0.000000 11.456303
0 0.000000 10.291966
0 0.000000 9.409572
0 0.000000 7.967758
0 0.000000 6.418807
0 0.000000 5.477939
