1 25.887620 52.358505
1 25.495559 44.279735
1 24.688201 42.986935
1 25.502014 43.490933
1 33.692553 51.439238
1 26.160328 41.521457
1 22.712685 37.921324
1 25.211138 39.812213
1 23.529101 38.104111
1 27.039766 40.735267
1 27.206187 40.033176
1 30.316569 42.595617
1 24.686719 36.520720
1 21.436807 32.944340
1 28.486816 39.194156
1 26.703545 37.234358
1 35.038014 45.401739
1 20.316912 30.422029
1 17.964899 27.636258
1 33.432789 42.766576
1 27.269679 36.601603
1 35.740796 44.291666
1 22.496738 30.972274
1 23.099889 30.787705
1 23.897914 31.578508
1 29.008054 36.594803
1 22.663864 29.974167
1 27.461560 34.672272
1 31.766810 38.948633
1 39.532406 46.496123
1 25.412857 32.221373
1 26.842222 33.489497
1 27.181748 33.573058
1 27.821648 34.116604
1 28.525165 34.667031
1 25.438060 31.450069
1 17.329382 23.306418
1 31.326025 37.218695
1 35.959018 41.658268
1 39.581826 44.970541
1 29.317454 34.680910
1 18.472873 23.628837
1 26.363208 31.333062
1 27.794961 32.570775
1 33.534337 38.113239
1 24.806444 29.352836
1 29.872299 34.366424
1 29.493343 33.938471
1 24.885511 29.263715
1 21.697462 25.820075
1 30.924289 34.889969
1 17.540987 21.441546
1 33.363445 37.254597
1 28.905703 32.787723
1 30.639950 34.520619
1 25.982700 29.815314
1 33.901240 37.711270
1 26.755881 30.414109
1 23.426997 27.079197
1 27.825010 31.419154
1 24.206719 27.729622
1 22.071631 25.562224
1 24.679815 28.069331
1 26.369260 29.713090
1 25.151607 28.426163
1 28.344198 31.608220
1 23.908290 26.994175
1 25.220512 28.265370
1 27.140384 30.174944
1 35.109198 37.923028
1 33.793474 36.588926
1 27.925112 30.666083
1 29.470564 32.064107
1 35.467097 38.044924
1 36.653384 39.203286
1 24.944282 27.465303
1 33.837271 36.344388
1 37.041030 39.539008
1 36.200213 38.693799
1 23.601304 26.094139
1 35.182694 37.674207
1 27.580192 30.066367
1 32.955867 35.436845
1 23.331081 25.780881
1 30.064337 32.509176
1 24.466357 26.864289
1 20.420880 22.775516
1 19.792144 22.060322
1 22.888102 25.140094
1 33.633499 35.819991
1 33.219810 35.390216
1 36.637428 38.764714
1 30.850871 32.944802
1 26.967834 29.052892
1 26.835962 28.895390
1 25.948547 27.998499
1 38.138525 40.182526
1 24.533083 26.563449
1 48.174938 50.125592
1 16.778631 18.665802
1 47.223883 49.077028
1 28.323359 30.170385
1 32.171333 33.986968
1 32.638534 34.439885
1 22.992215 24.785312
1 28.363954 30.154125
1 29.215594 31.002106
1 40.040874 41.814458
1 27.824221 29.582430
1 34.663535 36.416430
1 31.888819 33.637113
1 33.100442 34.839152
1 27.477452 29.190557
1 28.245810 29.948368
1 31.775990 33.473417
1 37.237854 38.931225
1 29.485661 31.164368
1 23.633238 25.267611
1 29.342555 30.969742
1 19.695778 21.300599
1 46.626419 48.178383
1 30.842354 32.393389
1 22.611305 24.108461
1 22.477103 23.956942
1 20.570599 22.048753
1 28.407154 29.867843
1 25.371425 26.812001
1 21.447281 22.847629
1 23.518310 24.900925
1 18.563648 19.936604
1 32.361929 33.699113
1 24.874006 26.211097
1 26.936498 28.253645
1 29.336886 30.624413
1 33.750398 35.007364
1 25.186204 26.425912
1 22.668711 23.895911
1 20.515672 21.734070
1 26.685238 27.886397
1 30.928600 32.123739
1 37.381432 38.566489
1 11.127592 12.284355
1 19.180670 20.325600
1 18.885328 20.027984
1 19.207227 20.334626
1 32.041827 33.167014
1 33.113831 34.238138
1 29.644885 30.768282
1 29.192458 30.307087
1 30.954319 32.055334
1 30.303090 31.398855
1 32.306521 33.401587
1 19.163539 20.256227
1 30.865675 31.908715
1 23.433461 24.452178
1 30.281326 31.279130
1 33.527106 34.518150
1 21.223789 22.211588
1 25.220568 26.186024
1 35.931321 36.889381
1 33.601100 34.559140
1 35.907492 36.840470
1 21.395463 22.316217
1 20.040840 20.953556
1 39.604146 40.509037
1 46.094595 46.986670
1 32.203500 33.085851
1 30.188956 31.065528
1 24.832203 25.688390
1 24.397478 25.230769
1 40.557263 41.379326
1 28.105027 28.909984
1 38.605626 39.394741
1 27.212183 27.980990
1 30.044824 30.809314
1 28.267595 29.022673
1 24.708170 25.435512
1 40.946815 41.660850
1 36.243400 36.952270
1 20.536474 21.227054
1 19.308595 19.968728
1 33.822105 34.465338
1 44.168335 44.811266
1 32.722782 33.364060
1 34.474397 35.113371
1 35.230660 35.834477
1 26.598670 27.168537
1 24.427354 24.995365
1 33.511200 34.079001
1 17.050817 17.615720
1 28.524208 29.065338
1 28.722469 29.262940
1 33.995277 34.535107
1 25.152006 25.687565
1 25.609969 26.137962
1 48.332122 48.814807
1 28.136073 28.617746
1 24.669736 25.148458
1 23.195612 23.649510
1 21.064886 21.509028
1 18.795699 19.236803
1 18.887508 19.322535
1 33.466558 33.900441
1 33.024586 33.455876
1 25.196543 25.627593
1 22.062178 22.469214
1 25.943124 26.341703
1 36.564633 36.957383
1 29.684192 30.076590
1 23.658586 24.024864
1 35.948384 36.312076
1 25.144933 25.505029
1 28.141768 28.493452
1 21.486421 21.829538
1 27.162848 27.501765
1 34.339676 34.661581
1 23.353663 23.675247
1 21.070239 21.386678
1 26.130735 26.441638
1 20.263392 20.570440
1 25.690563 25.997070
1 29.426195 29.722982
1 30.064580 30.354965
1 34.582483 34.866979
1 29.511347 29.784855
1 41.182691 41.448519
1 34.950620 35.214446
1 27.986541 28.247655
1 27.252691 27.496460
1 28.848002 29.089047
1 26.712843 26.952429
1 23.819965 24.059109
1 36.769661 37.001921
1 36.225279 36.454812
1 24.811721 25.040835
1 29.418382 29.645815
1 23.727632 23.952509
1 22.769095 22.977223
1 25.300016 25.501593
1 37.536204 37.730000
1 27.844068 28.036809
1 24.399658 24.578581
1 42.949086 43.125598
1 26.413353 26.573578
1 23.472856 23.632826
1 32.197757 32.340374
1 24.338338 24.477203
1 30.337777 30.475414
1 26.421183 26.555532
1 33.386422 33.507595
1 30.268331 30.389435
1 46.266266 46.385437
1 39.585442 39.704604
1 41.856605 41.974375
1 27.243218 27.360650
1 29.934340 30.046215
1 21.117917 21.228085
1 29.263870 29.373590
1 36.351271 36.458250
1 30.509153 30.614107
1 38.016636 38.116826
1 35.947494 36.046246
1 39.867614 39.965416
1 33.762686 33.855478
1 37.201962 37.294467
1 25.147568 25.237818
1 29.633370 29.722475
1 24.679220 24.764255
1 27.371456 27.455938
1 33.267021 33.349524
1 30.085295 30.166817
1 33.728383 33.806556
1 27.564546 27.641855
1 34.055681 34.132731
1 26.559317 26.636024
1 43.514402 43.591051
1 27.075851 27.151523
1 30.491693 30.565143
1 30.543019 30.614693
1 31.770184 31.839015
1 30.640248 30.704880
1 33.965863 34.013297
1 43.924577 43.971700
1 25.361372 25.408275
1 34.883843 34.929994
1 36.162318 36.207983
1 26.134695 26.179425
1 30.105318 30.149037
1 27.335600 27.378519
1 30.033702 30.072669
1 22.724644 22.762287
1 29.516600 29.552969
1 28.928453 28.964625
1 43.018487 43.051264
1 28.468587 28.499811
1 23.471371 23.502238
1 44.247426 44.278060
1 38.214685 38.235920
1 31.058149 31.079157
1 21.650166 21.668520
1 28.486948 28.502103
1 22.384544 22.399481
1 40.207873 40.221222
1 36.396312 36.408772
1 37.872356 37.884687
1 29.096853 29.108793
1 30.603261 30.615111
1 31.803544 31.814835
1 42.462707 42.469466
1 29.082552 29.088492
1 33.609254 33.612670
1 23.038395 23.041301
1 28.067858 28.070280
1 45.788345 45.790523
1 23.237959 23.240078
1 38.217765 38.219705
1 32.781905 32.783764
1 23.503787 23.505054
1 29.579357 29.579832
1 51.810108 51.810254
1 26.747728 26.747756
0 0.000000 inf
0 0.000000 37.795856
0 0.000000 37.632346
0 0.000000 35.670320
0 0.000000 27.030156
0 0.000000 26.582824
0 0.000000 26.553561
0 0.000000 26.403148
0 0.000000 26.123201
0 0.000000 26.074110
0 0.000000 25.399850
0 0.000000 25.344456
0 0.000000 25.323667
0 0.000000 24.902733
0 0.000000 24.644019
0 0.000000 24.391117
0 0.000000 24.350585
0 0.000000 24.321746
0 0.000000 24.016018
0 0.000000 23.906255
0 0.000000 23.673221
0 0.000000 23.482572
0 0.000000 23.475655
0 0.000000 23.314878
0 0.000000 23.088735
0 0.000000 22.891668
0 0.000000 22.878932
0 0.000000 22.810915
0 0.000000 22.807644
0 0.000000 22.710645
0 0.000000 22.659633
0 0.000000 22.649572
0 0.000000 22.609498
0 0.000000 22.599704
0 0.000000 22.565331
0 0.000000 22.461019
0 0.000000 22.398731
0 0.000000 22.371746
0 0.000000 22.164028
0 0.000000 22.145151
0 0.000000 22.038364
0 0.000000 21.963721
0 0.000000 21.922827
0 0.000000 21.918045
0 0.000000 21.911014
0 0.000000 21.890336
0 0.000000 21.883347
0 0.000000 21.832218
0 0.000000 21.824269
0 0.000000 21.816131
0 0.000000 21.805754
0 0.000000 21.805532
0 0.000000 21.768615
0 0.000000 21.758742
0 0.000000 21.340635
0 0.000000 21.292992
0 0.000000 21.286840
0 0.000000 21.254621
0 0.000000 21.206993
0 0.000000 21.113753
0 0.000000 20.849909
0 0.000000 20.820821
0 0.000000 20.758714
0 0.000000 20.754068
0 0.000000 20.657910
0 0.000000 20.644120
0 0.000000 20.623905
0 0.000000 20.622205
0 0.000000 20.559069
0 0.000000 20.492326
0 0.000000 20.363133
0 0.000000 20.305453
0 0.000000 20.180321
0 0.000000 20.168840
0 0.000000 20.111667
0 0.000000 19.981799
0 0.000000 19.962207
0 0.000000 19.820075
0 0.000000 19.776955
0 0.000000 19.550202
0 0.000000 19.412293
0 0.000000 19.340368
0 0.000000 19.223735
0 0.000000 19.100866
0 0.000000 19.100627
0 0.000000 19.068263
0 0.000000 19.054845
0 0.000000 18.958059
0 0.000000 18.905395
0 0.000000 18.768230
0 0.000000 18.736767
0 0.000000 18.684525
0 0.000000 18.617801
0 0.000000 18.588438
0 0.000000 18.584964
0 0.000000 18.521029
0 0.000000 18.482049
0 0.000000 18.402828
0 0.000000 18.374319
0 0.000000 18.374306
0 0.000000 18.350568
0 0.000000 18.265231
0 0.000000 18.241818
0 0.000000 18.196880
0 0.000000 18.028621
0 0.000000 17.998596
0 0.000000 17.882547
0 0.000000 17.852203
0 0.000000 17.828034
0 0.000000 17.702800
0 0.000000 17.629903
0 0.000000 17.581036
0 0.000000 17.567262
0 0.000000 17.490847
0 0.000000 17.430348
0 0.000000 17.271050
0 0.000000 17.240244
0 0.000000 17.185825
0 0.000000 17.107645
0 0.000000 17.106938
0 0.000000 17.060236
0 0.000000 17.033117
0 0.000000 16.793141
0 0.000000 16.646702
0 0.000000 16.598742
0 0.000000 16.571430
0 0.000000 16.566661
0 0.000000 16.553479
0 0.000000 16.524254
0 0.000000 16.496765
0 0.000000 16.488673
0 0.000000 16.456448
0 0.000000 16.399348
0 0.000000 16.362908
0 0.000000 16.270940
0 0.000000 16.030463
0 0.000000 16.013687
0 0.000000 15.985645
0 0.000000 15.886896
0 0.000000 15.850917
0 0.000000 15.760977
0 0.000000 15.687046
0 0.000000 15.676603
0 0.000000 15.625773
0 0.000000 15.514771
0 0.000000 15.238302
0 0.000000 15.189219
0 0.000000 15.115376
0 0.000000 15.109599
0 0.000000 15.060596
0 0.000000 15.034364
0 0.000000 14.967011
0 0.000000 14.947505
0 0.000000 14.899254
0 0.000000 14.889909
0 0.000000 14.635868
0 0.000000 14.429585
0 0.000000 14.314559
0 0.000000 14.109280
0 0.000000 14.096111
0 0.000000 14.093992
0 0.000000 14.079310
0 0.000000 14.060041
0 0.000000 13.983067
0 0.000000 13.825639
0 0.000000 13.515938
0 0.000000 13.494091
0 0.000000 13.203501
0 0.000000 13.185032
0 0.000000 13.016015
0 0.000000 12.827129
0 0.000000 12.730496
0 0.000000 12.387442
0 0.000000 12.316999
0 0.000000 12.311712
0 0.000000 12.075508
0 0.000000 11.856680
0 0.000000 11.750903
0 0.000000 11.569452
0 0.000000 11.373222
0 0.000000 11.127454
0 0.000000 10.772032
0 0.000000 10.446587
0 0.000000 9.600804
0 0.000000 9.428215
0 0.000000 7.360187
0 0.000000 6.990926
