1 28.240377 54.033477
1 29.299383 54.473856
1 34.653786 57.043970
1 29.129794 50.657646
1 24.292822 44.476920
1 35.471246 55.555562
1 29.644889 46.942988
1 24.682566 41.503920
1 45.579480 60.985446
1 31.517572 46.360000
1 18.498591 32.845473
1 25.876439 39.221901
1 35.809246 48.898527
1 26.876214 39.672173
1 34.042870 46.447525
1 34.993741 46.811797
1 34.697822 45.705889
1 42.624358 53.621633
1 34.566453 45.528228
1 49.063079 59.518958
1 31.124654 41.314988
1 25.537009 35.726721
1 31.651403 41.446036
1 35.559369 45.353735
1 38.930180 48.665704
1 35.087560 44.017641
1 28.491180 37.354487
1 27.318639 35.587450
1 32.403198 40.266194
1 25.958793 33.374455
1 32.190981 39.068818
1 23.665084 29.772969
1 30.016279 35.986506
1 37.276936 43.232293
1 29.414622 35.319088
1 36.389033 42.180347
1 29.529074 35.263576
1 29.712952 35.352328
1 28.105562 33.644853
1 35.988357 41.436985
1 38.652193 43.912994
1 50.992907 56.180241
1 22.387259 27.339506
1 35.618601 40.492653
1 28.011002 32.820336
1 47.047755 51.794001
1 39.362007 44.102027
1 19.090856 23.606069
1 58.551184 63.062166
1 32.632039 37.110452
1 32.637933 37.060831
1 44.213640 48.464323
1 29.504902 33.697582
1 36.208368 40.358580
1 28.236355 32.278968
1 33.315623 37.246403
1 15.358598 19.284480
1 25.703561 29.619694
1 30.303587 34.135997
1 32.533453 36.318608
1 44.014513 47.726539
1 25.791279 29.364367
1 29.252318 32.743139
1 27.791544 31.279863
1 32.272841 35.737097
1 25.862076 29.296126
1 41.324792 44.625143
1 29.366146 32.614833
1 33.447481 36.676737
1 23.043181 26.143705
1 26.951370 29.981081
1 30.857910 33.862724
1 30.311270 33.203610
1 34.853108 37.725217
1 30.495454 33.348691
1 29.133130 31.957151
1 31.030704 33.802463
1 24.980910 27.741790
1 25.914001 28.643244
1 22.500212 25.106069
1 29.583049 32.110996
1 37.866356 40.384533
1 22.618847 25.059507
1 34.946791 37.339728
1 35.885658 38.181631
1 23.920842 26.199756
1 15.512968 17.705798
1 42.979556 45.168523
1 22.227841 24.382652
1 18.919222 21.053866
1 37.693744 39.795036
1 31.092343 33.187610
1 17.820677 19.833263
1 28.382153 30.368065
1 34.646870 36.596113
1 34.747611 36.696803
1 23.741132 25.681861
1 42.170709 44.078394
1 55.790254 57.675517
1 32.420068 34.229978
1 43.260661 45.063079
1 15.633954 17.404158
1 32.961682 34.716540
1 29.057554 30.783428
1 39.829995 41.555646
1 22.091379 23.813271
1 30.215286 31.907209
1 36.184501 37.820607
1 32.195905 33.817880
1 29.931212 31.529089
1 34.428538 35.988717
1 22.449177 23.975550
1 49.460255 50.984628
1 30.288276 31.785283
1 30.932103 32.394815
1 52.313109 53.758895
1 34.860269 36.281714
1 49.223797 50.606701
1 31.147290 32.490353
1 26.398602 27.729204
1 45.708372 47.002160
1 32.001243 33.269359
1 29.833108 31.087485
1 40.010479 41.253829
1 28.862332 30.076506
1 39.579671 40.787232
1 31.994687 33.200127
1 30.146732 31.349179
1 24.706411 25.884935
1 21.326560 22.442388
1 38.957274 40.059083
1 38.490704 39.570591
1 34.616774 35.683013
1 30.582167 31.615611
1 13.422712 14.440128
1 25.133190 26.134978
1 14.926517 15.878392
1 32.669732 33.619365
1 26.946290 27.893011
1 24.388109 25.314199
1 16.278495 17.200113
1 39.009772 39.929449
1 28.984285 29.896924
1 20.306898 21.166600
1 31.968135 32.826410
1 28.657109 29.514700
1 43.230704 44.077542
1 25.592705 26.436611
1 42.912697 43.750347
1 27.969029 28.799705
1 42.540989 43.364786
1 43.367301 44.178923
1 28.003461 28.810896
1 30.126174 30.918572
1 19.319517 20.108389
1 31.464136 32.240918
1 30.411371 31.104789
1 27.710227 28.395770
1 32.818988 33.495564
1 32.209063 32.881476
1 40.102002 40.769312
1 29.637770 30.289745
1 37.519277 38.161671
1 54.330041 54.951974
1 36.554979 37.173388
1 49.817651 50.432438
1 41.495164 42.078182
1 40.724994 41.266492
1 29.976567 30.517533
1 19.184653 19.704551
1 28.856866 29.350348
1 37.015752 37.501131
1 51.474524 51.957092
1 14.825052 15.307115
1 26.251227 26.730189
1 15.826539 16.291813
1 41.518822 41.971252
1 21.943894 22.392327
1 42.216511 42.659944
1 37.945342 38.378565
1 33.527561 33.949974
1 36.035668 36.452292
1 37.284111 37.699030
1 47.167344 47.580249
1 35.371064 35.767001
1 22.506117 22.884406
1 35.051864 35.429730
1 56.208141 56.575387
1 38.307566 38.664044
1 33.434942 33.788193
1 45.531477 45.873183
1 37.755165 38.094262
1 37.889301 38.227506
1 32.894800 33.231627
1 29.257731 29.591177
1 28.562608 28.888414
1 41.355809 41.680078
1 33.828751 34.152127
1 36.252560 36.542958
1 28.939416 29.224920
1 25.938451 26.213544
1 34.435954 34.706436
1 15.209915 15.477105
1 43.339997 43.602399
1 32.451453 32.708352
1 37.293350 37.549639
1 19.832705 20.085991
1 23.963216 24.210512
1 31.609097 31.854042
1 31.587552 31.826123
1 44.948458 45.184093
1 34.809092 35.040831
1 27.898162 28.120266
1 40.189716 40.409301
1 37.613022 37.815496
1 34.100453 34.302525
1 37.585684 37.784255
1 32.614320 32.812874
1 43.258549 43.455719
1 27.811463 28.008458
1 22.336948 22.527497
1 26.972993 27.155272
1 19.881822 20.062580
1 27.989957 28.159905
1 47.098047 47.267153
1 43.159550 43.324766
1 33.039179 33.203856
1 22.994889 23.157692
1 61.930826 62.093416
1 39.983972 40.136638
1 46.358686 46.510478
1 33.938279 34.077862
1 14.539895 14.673063
1 37.743489 37.875955
1 31.819866 31.950853
1 35.583111 35.709978
1 29.070794 29.194604
1 24.437365 24.557383
1 23.919851 24.035602
1 28.625955 28.738493
1 37.705108 37.813467
1 37.265266 37.372074
1 37.812861 37.917955
1 38.857286 38.956386
1 24.847865 24.940123
1 49.048793 49.136833
1 40.866238 40.947830
1 6.656365 6.736418
1 32.661775 32.738383
1 39.788516 39.864642
1 25.559865 25.635808
1 43.296535 43.366890
1 17.997435 18.066565
1 43.946343 44.013844
1 43.226685 43.291651
1 28.587664 28.650605
1 58.881594 58.943230
1 32.521663 32.582223
1 48.778377 48.837423
1 41.719024 41.777502
1 10.647430 10.702038
1 19.099259 19.150827
1 33.796557 33.844416
1 36.981786 37.027409
1 42.643279 42.688624
1 18.584848 18.629861
1 25.280069 25.318676
1 35.336123 35.373684
1 35.067482 35.102189
1 44.456417 44.489379
1 35.627982 35.660821
1 35.346317 35.374365
1 32.039600 32.067176
1 19.152900 19.179677
1 56.839041 56.865220
1 29.618984 29.644709
1 13.876239 13.901482
1 53.144383 53.168004
1 32.042062 32.063545
1 45.348599 45.370007
1 24.729569 24.750018
1 21.307400 21.326528
1 40.972572 40.989258
1 28.848189 28.864170
1 36.095745 36.109278
1 41.194733 41.207773
1 37.598449 37.611199
1 45.256746 45.269493
1 45.680645 45.693334
1 30.825526 30.837674
1 31.604890 31.616324
1 33.162749 33.171268
1 20.627585 20.635116
1 45.344384 45.350676
1 29.603430 29.609159
1 53.259816 53.265230
1 33.391159 33.396505
1 31.045098 31.050007
1 35.376611 35.380809
1 60.350619 60.353920
1 37.949579 37.951534
1 19.595461 19.597155
1 25.925035 25.926253
1 16.721152 16.722038
1 42.970110 42.970704
1 46.679898 46.680430
1 20.311498 20.311992
1 17.805441 17.805856
1 32.152591 32.152953
1 35.679572 35.679733
1 31.595843 31.595988
1 23.337090 23.337097
1 32.754357 32.754362
0 0.000000 inf
0 0.000000 inf
0 0.000000 42.785995
0 0.000000 35.697534
0 0.000000 35.131123
0 0.000000 33.560523
0 0.000000 33.225164
0 0.000000 31.841641
0 0.000000 31.596128
0 0.000000 31.419407
0 0.000000 31.407922
0 0.000000 31.174448
0 0.000000 29.758758
0 0.000000 28.787210
0 0.000000 28.005765
0 0.000000 27.897166
0 0.000000 27.875325
0 0.000000 27.613001
0 0.000000 27.515996
0 0.000000 26.972961
0 0.000000 26.939747
0 0.000000 26.609073
0 0.000000 26.125221
0 0.000000 25.903294
0 0.000000 25.868768
0 0.000000 25.834418
0 0.000000 25.720628
0 0.000000 25.065532
0 0.000000 25.001088
0 0.000000 24.979352
0 0.000000 24.874840
0 0.000000 24.765463
0 0.000000 24.343203
0 0.000000 24.046048
0 0.000000 24.002080
0 0.000000 23.918351
0 0.000000 23.853170
0 0.000000 23.819167
0 0.000000 23.715143
0 0.000000 23.568710
0 0.000000 23.554877
0 0.000000 23.398294
0 0.000000 23.079004
0 0.000000 22.952002
0 0.000000 22.924574
0 0.000000 22.878087
0 0.000000 22.845807
0 0.000000 22.747447
0 0.000000 22.725308
0 0.000000 22.665476
0 0.000000 22.407063
0 0.000000 22.272360
0 0.000000 22.122131
0 0.000000 21.994540
0 0.000000 21.963213
0 0.000000 21.913215
0 0.000000 21.882519
0 0.000000 21.849305
0 0.000000 21.692728
0 0.000000 21.679305
0 0.000000 21.656819
0 0.000000 21.582349
0 0.000000 21.535378
0 0.000000 21.419584
0 0.000000 21.217985
0 0.000000 21.069861
0 0.000000 20.968648
0 0.000000 20.889128
0 0.000000 20.839809
0 0.000000 20.835132
0 0.000000 20.601819
0 0.000000 20.508908
0 0.000000 20.461451
0 0.000000 20.457297
0 0.000000 20.399828
0 0.000000 20.369187
0 0.000000 20.286782
0 0.000000 20.249677
0 0.000000 20.218815
0 0.000000 20.094529
0 0.000000 20.060224
0 0.000000 19.970641
0 0.000000 19.868562
0 0.000000 19.836330
0 0.000000 19.758013
0 0.000000 19.755463
0 0.000000 19.747494
0 0.000000 19.713620
0 0.000000 19.704741
0 0.000000 19.688460
0 0.000000 19.633631
0 0.000000 19.563882
0 0.000000 19.544938
0 0.000000 19.379269
0 0.000000 19.300484
0 0.000000 19.269456
0 0.000000 19.131021
0 0.000000 19.103837
0 0.000000 19.013955
0 0.000000 18.979681
0 0.000000 18.971030
0 0.000000 18.855238
0 0.000000 18.756860
0 0.000000 18.657316
0 0.000000 18.566328
0 0.000000 18.502356
0 0.000000 18.430534
0 0.000000 18.241573
0 0.000000 18.146173
0 0.000000 18.088989
0 0.000000 18.059012
0 0.000000 18.033413
0 0.000000 17.692391
0 0.000000 17.562263
0 0.000000 17.550519
0 0.000000 17.481086
0 0.000000 17.478350
0 0.000000 17.457768
0 0.000000 17.392864
0 0.000000 17.325289
0 0.000000 17.190400
0 0.000000 16.866730
0 0.000000 16.802700
0 0.000000 16.735421
0 0.000000 16.651019
0 0.000000 16.572258
0 0.000000 16.551240
0 0.000000 16.461424
0 0.000000 16.426695
0 0.000000 16.210529
0 0.000000 16.096296
0 0.000000 15.845854
0 0.000000 15.750875
0 0.000000 15.705916
0 0.000000 15.490224
0 0.000000 15.378868
0 0.000000 15.297209
0 0.000000 15.200696
0 0.000000 15.168156
0 0.000000 14.965390
0 0.000000 14.930883
0 0.000000 14.586155
0 0.000000 14.546694
0 0.000000 14.456197
0 0.000000 14.432235
0 0.000000 14.411749
0 0.000000 14.389933
0 0.000000 14.331113
0 0.000000 14.268824
0 0.000000 14.194890
0 0.000000 14.153500
0 0.000000 13.735425
0 0.000000 13.673641
0 0.000000 13.533390
0 0.000000 13.490821
0 0.000000 13.406829
0 0.000000 13.400300
0 0.000000 13.329290
0 0.000000 13.015809
0 0.000000 13.009617
0 0.000000 12.988204
0 0.000000 12.836422
0 0.000000 12.526483
0 0.000000 12.299049
0 0.000000 12.178283
0 0.000000 12.084846
0 0.000000 11.952069
0 0.000000 11.848993
0 0.000000 10.899946
0 0.000000 10.819850
0 0.000000 10.553559
0 0.000000 10.428569
0 0.000000 10.413100
0 0.000000 10.076285
0 0.000000 9.680705
0 0.000000 9.418044
0 0.000000 8.584274
0 0.000000 8.332750
0 0.000000 8.251661
0 0.000000 7.109810
0 0.000000 7.104903
0 0.000000 7.063905
0 0.000000 5.840603
0 0.000000 5.726938
0 0.000000 5.589722
0 0.000000 5.459889
0 0.000000 4.738086
