1 30.459008 57.655530
1 30.399575 51.484008
1 32.129533 52.681235
1 31.975787 52.291330
1 35.825434 55.699830
1 32.881652 52.198253
1 32.298285 51.095624
1 27.104532 44.419022
1 32.754964 49.875706
1 29.398198 45.383238
1 32.365075 46.528778
1 31.889781 46.009700
1 29.228126 43.206695
1 21.637828 35.434113
1 37.582011 51.116061
1 44.337307 57.238623
1 22.483141 34.045862
1 38.571288 49.796211
1 26.162889 37.386546
1 38.077629 49.087669
1 27.556982 38.237738
1 38.030157 48.266672
1 29.986822 40.179897
1 35.496708 45.312208
1 24.984805 34.727913
1 31.808715 41.473295
1 38.005689 47.518460
1 28.150683 37.625587
1 32.288045 41.703402
1 35.844640 45.214094
1 31.972687 41.028579
1 43.414581 52.413107
1 44.822032 53.395572
1 28.569820 36.762687
1 38.005069 46.086446
1 28.440159 36.345567
1 24.922860 32.733227
1 40.710795 48.356421
1 42.124255 49.630704
1 36.230475 43.400975
1 31.160543 37.698190
1 32.317811 38.832875
1 19.984089 26.352649
1 37.876265 44.216926
1 39.390081 45.689293
1 24.120056 30.338856
1 40.907346 47.062555
1 30.367731 36.367172
1 28.751605 34.526604
1 22.984133 28.526199
1 25.185329 30.542152
1 26.203504 31.494258
1 20.531376 25.779493
1 34.212895 39.458576
1 45.492943 50.738508
1 28.090619 33.192797
1 38.708537 43.508938
1 33.043099 37.829247
1 30.438073 35.105427
1 35.585128 40.100716
1 33.455301 37.749675
1 35.222402 39.190693
1 38.213222 42.155823
1 26.695992 30.475219
1 50.054176 53.763459
1 32.799298 36.503129
1 40.986989 44.666309
1 30.089204 33.621238
1 18.768599 22.194899
1 32.342245 35.657878
1 43.539582 46.771932
1 35.927309 39.131604
1 39.502287 42.632320
1 40.236160 43.290655
1 28.872295 31.877662
1 35.877786 38.871368
1 43.058171 46.041998
1 45.524578 48.499720
1 38.124582 41.086444
1 27.208471 30.147801
1 27.723034 30.621314
1 43.128428 45.971058
1 38.579537 41.401249
1 42.509288 45.270666
1 43.963671 46.708828
1 32.868400 35.593234
1 27.023637 29.716675
1 31.199446 33.848984
1 46.558799 49.184439
1 41.071040 43.679338
1 30.048956 32.627353
1 25.336626 27.912558
1 27.081812 29.637316
1 26.306912 28.830647
1 33.549704 36.023624
1 51.850167 54.292264
1 41.005545 43.425009
1 25.585477 27.876609
1 32.151314 34.422236
1 28.842872 31.096325
1 44.092568 46.305691
1 31.469581 33.617195
1 50.375043 52.502088
1 43.443792 45.551110
1 42.468401 44.571128
1 42.877743 44.930461
1 25.653553 27.646920
1 25.284999 27.169543
1 39.891779 41.722751
1 45.961204 47.790213
1 28.561776 30.322593
1 27.619515 29.355702
1 33.498824 35.204590
1 33.297499 34.947629
1 36.689279 38.318383
1 40.394122 42.016882
1 26.498659 28.108836
1 30.801004 32.370244
1 44.530805 46.092433
1 27.723576 29.251762
1 35.758289 37.274317
1 47.070169 48.512317
1 40.694580 42.129575
1 44.033201 45.373128
1 45.104480 46.432438
1 31.599671 32.900972
1 38.149255 39.410205
1 34.843645 36.101090
1 33.226918 34.477734
1 22.107766 23.356251
1 27.734764 28.981154
1 27.184100 28.426869
1 22.297708 23.535463
1 55.375722 56.604409
1 26.278010 27.499270
1 52.027683 53.235853
1 30.861418 32.044151
1 27.619329 28.731795
1 31.756506 32.860310
1 50.118871 51.221118
1 18.022600 19.084334
1 48.089376 49.142538
1 42.815756 43.856168
1 35.066488 36.090530
1 35.349008 36.363820
1 31.280547 32.288031
1 31.925077 32.919841
1 41.691507 42.654533
1 17.730156 18.690547
1 26.537199 27.473362
1 40.850735 41.780880
1 31.784716 32.713283
1 27.101250 28.023273
1 19.138371 20.058059
1 31.242765 32.153173
1 20.889540 21.795175
1 18.928755 19.793398
1 28.494911 29.349372
1 32.809316 33.645489
1 33.086126 33.902582
1 42.018273 42.830079
1 27.648440 28.452168
1 23.230053 24.023826
1 45.676975 46.470274
1 24.016077 24.807259
1 33.466385 34.236663
1 43.825793 44.559413
1 38.732068 39.446754
1 28.182945 28.872995
1 24.564578 25.234915
1 20.537711 21.197477
1 37.477258 38.118123
1 23.719716 24.354887
1 20.507419 21.104147
1 49.111155 49.691242
1 44.753592 45.307362
1 44.575778 45.124677
1 27.589860 28.138687
1 47.224287 47.767677
1 39.923054 40.459246
1 26.023398 26.547234
1 21.954709 22.472821
1 31.578451 32.086830
1 51.607074 52.104808
1 27.349948 27.830496
1 28.488999 28.954273
1 43.366169 43.817846
1 25.556358 25.994385
1 43.681556 44.119064
1 33.512878 33.949155
1 43.637018 44.063616
1 32.498606 32.907032
1 37.012335 37.384203
1 33.218057 33.587057
1 53.425805 53.789579
1 21.142711 21.502323
1 31.251347 31.604927
1 35.199197 35.541846
1 42.238523 42.580374
1 29.523250 29.854029
1 29.585065 29.912275
1 45.191173 45.515383
1 28.932772 29.242470
1 51.950785 52.254677
1 45.653202 45.955289
1 36.869822 37.165946
1 45.537054 45.831370
1 34.520054 34.813925
1 30.207325 30.498148
1 41.535117 41.819339
1 23.810078 24.088245
1 36.985214 37.262877
1 47.578836 47.849214
1 30.209450 30.465464
1 32.954156 33.208596
1 33.233254 33.479196
1 40.762205 41.000347
1 50.288959 50.525122
1 36.839365 37.073854
1 39.804908 40.033504
1 43.121868 43.348319
1 34.078168 34.293583
1 30.780918 30.988671
1 35.335811 35.541406
1 25.809900 26.014013
1 27.414419 27.617199
1 33.302782 33.499509
1 49.732178 49.919425
1 21.809930 21.995062
1 29.117885 29.300885
1 23.742477 23.925452
1 28.071675 28.244338
1 25.817552 25.989348
1 17.337513 17.500580
1 30.132662 30.294477
1 37.085868 37.246746
1 10.270768 10.430857
1 33.441672 33.593121
1 44.442174 44.591770
1 26.692051 26.840500
1 42.577623 42.722252
1 27.259630 27.400752
1 36.746916 36.884803
1 32.463515 32.594001
1 45.702944 45.830709
1 26.584535 26.705311
1 36.333211 36.451142
1 47.389087 47.504969
1 33.871453 33.985061
1 9.209107 9.318300
1 36.612904 36.716189
1 50.901077 50.998472
1 35.513587 35.610593
1 28.825201 28.920798
1 29.047094 29.140695
1 35.523756 35.610481
1 39.091658 39.176924
1 31.179076 31.263413
1 25.029816 25.100793
1 41.920480 41.989432
1 28.228350 28.295967
1 34.082668 34.144537
1 52.580951 52.639868
1 41.389561 41.443577
1 31.408624 31.462096
1 48.958355 49.010797
1 47.669708 47.721744
1 31.194767 31.245014
1 46.306501 46.355446
1 33.632544 33.673636
1 37.660607 37.701643
1 29.753688 29.792669
1 36.504329 36.542726
1 55.141714 55.179018
1 32.313897 32.348828
1 43.833202 43.865755
1 39.000400 39.031967
1 34.423001 34.454047
1 22.570182 22.598162
1 48.095212 48.122647
1 37.271141 37.297584
1 49.759792 49.778424
1 32.767361 32.783854
1 48.598006 48.614230
1 33.737631 33.753435
1 41.636246 41.651192
1 45.394521 45.407621
1 40.235045 40.248080
1 30.388964 30.401654
1 40.348488 40.360359
1 41.474943 41.484824
1 34.611493 34.620536
1 36.504392 36.512948
1 36.922844 36.929355
1 36.665979 36.670838
1 32.630871 32.635386
1 34.727870 34.731639
1 27.260476 27.263715
1 36.307523 36.310593
1 43.789824 43.792574
1 31.292277 31.293754
1 34.004088 34.005487
1 31.983874 31.985091
1 51.474603 51.475573
1 45.459781 45.460260
1 31.444341 31.444784
1 36.447705 36.447804
1 27.599720 27.599805
1 51.076315 51.076390
1 40.809716 40.809759
1 43.335145 43.335185
1 33.400673 33.400702
1 21.522667 21.522686
0 0.000000 inf
0 0.000000 40.537739
0 0.000000 40.477709
0 0.000000 37.435872
0 0.000000 36.102994
0 0.000000 35.920955
0 0.000000 35.878045
0 0.000000 35.797511
0 0.000000 31.834802
0 0.000000 30.558832
0 0.000000 30.025427
0 0.000000 29.503889
0 0.000000 29.376483
0 0.000000 29.006028
0 0.000000 28.651390
0 0.000000 28.571392
0 0.000000 28.463677
0 0.000000 28.442089
0 0.000000 27.976276
0 0.000000 27.943924
0 0.000000 27.759183
0 0.000000 27.659633
0 0.000000 27.599459
0 0.000000 27.561032
0 0.000000 27.433457
0 0.000000 26.945577
0 0.000000 26.890136
0 0.000000 26.889299
0 0.000000 26.744871
0 0.000000 26.643448
0 0.000000 26.570056
0 0.000000 26.478150
0 0.000000 26.322839
0 0.000000 25.828709
0 0.000000 25.778171
0 0.000000 25.664318
0 0.000000 25.578402
0 0.000000 25.570559
0 0.000000 25.424459
0 0.000000 25.351623
0 0.000000 25.351170
0 0.000000 25.228268
0 0.000000 25.217567
0 0.000000 25.183298
0 0.000000 25.130375
0 0.000000 24.998175
0 0.000000 24.832998
0 0.000000 24.791384
0 0.000000 24.786325
0 0.000000 24.741717
0 0.000000 24.676351
0 0.000000 24.608251
0 0.000000 24.595417
0 0.000000 24.568729
0 0.000000 24.550353
0 0.000000 24.375192
0 0.000000 24.367643
0 0.000000 24.161752
0 0.000000 24.121830
0 0.000000 24.029983
0 0.000000 23.611047
0 0.000000 23.552504
0 0.000000 23.508621
0 0.000000 23.376291
0 0.000000 23.362297
0 0.000000 23.345658
0 0.000000 23.333290
0 0.000000 22.714483
0 0.000000 22.612701
0 0.000000 22.591608
0 0.000000 22.581611
0 0.000000 22.513730
0 0.000000 22.386537
0 0.000000 22.376763
0 0.000000 22.078738
0 0.000000 21.858478
0 0.000000 21.817047
0 0.000000 21.771418
0 0.000000 21.752473
0 0.000000 21.729766
0 0.000000 21.693562
0 0.000000 21.531698
0 0.000000 21.530500
0 0.000000 21.307200
0 0.000000 21.284463
0 0.000000 21.206177
0 0.000000 21.110520
0 0.000000 20.936451
0 0.000000 20.783271
0 0.000000 20.632897
0 0.000000 20.430056
0 0.000000 20.242352
0 0.000000 20.213120
0 0.000000 20.194321
0 0.000000 20.193164
0 0.000000 20.130999
0 0.000000 20.084425
0 0.000000 20.041463
0 0.000000 19.976980
0 0.000000 19.952059
0 0.000000 19.779284
0 0.000000 19.509789
0 0.000000 19.450574
0 0.000000 19.276297
0 0.000000 19.194717
0 0.000000 19.163112
0 0.000000 19.099023
0 0.000000 19.092208
0 0.000000 19.043192
0 0.000000 19.022098
0 0.000000 18.911253
0 0.000000 18.882393
0 0.000000 18.802236
0 0.000000 18.768146
0 0.000000 18.640637
0 0.000000 18.557636
0 0.000000 18.512004
0 0.000000 18.450255
0 0.000000 18.447528
0 0.000000 18.358446
0 0.000000 18.248780
0 0.000000 18.238075
0 0.000000 18.129800
0 0.000000 18.124677
0 0.000000 18.018725
0 0.000000 17.998146
0 0.000000 17.790739
0 0.000000 17.732491
0 0.000000 17.641037
0 0.000000 17.616247
0 0.000000 17.595873
0 0.000000 17.577194
0 0.000000 17.543580
0 0.000000 17.393600
0 0.000000 17.345979
0 0.000000 17.300252
0 0.000000 17.142407
0 0.000000 17.084200
0 0.000000 16.984239
0 0.000000 16.966787
0 0.000000 16.921294
0 0.000000 16.790177
0 0.000000 16.727557
0 0.000000 16.553595
0 0.000000 16.416765
0 0.000000 16.371376
0 0.000000 16.321630
0 0.000000 16.205482
0 0.000000 16.154212
0 0.000000 16.003369
0 0.000000 15.940306
0 0.000000 15.886000
0 0.000000 15.796294
0 0.000000 15.212234
0 0.000000 15.136853
0 0.000000 15.123514
0 0.000000 15.113828
0 0.000000 14.866936
0 0.000000 14.777109
0 0.000000 14.430947
0 0.000000 14.350810
0 0.000000 14.220195
0 0.000000 14.211424
0 0.000000 13.878162
0 0.000000 13.580073
0 0.000000 13.537591
0 0.000000 13.367114
0 0.000000 13.233465
0 0.000000 13.202824
0 0.000000 12.815277
0 0.000000 12.743257
0 0.000000 12.665413
0 0.000000 12.479187
0 0.000000 12.234083
0 0.000000 11.474155
0 0.000000 11.469212
0 0.000000 11.373969
0 0.000000 11.264606
0 0.000000 10.558899
0 0.000000 10.230962
0 0.000000 10.151765
0 0.000000 9.817294
0 0.000000 8.429191
0 0.000000 7.275975
0 0.000000 6.845370
0 0.000000 5.203351
0 0.000000 3.786673
