1 46.605457 85.579805
1 37.073747 69.364360
1 40.595488 71.813614
1 49.676784 78.254734
1 44.304938 71.291875
1 44.672340 71.364993
1 56.762558 82.351009
1 46.791171 69.963691
1 47.113433 68.902729
1 39.045754 60.686620
1 44.571372 65.368199
1 43.030962 62.186445
1 47.618275 66.069387
1 45.897247 63.997788
1 52.364958 68.250370
1 55.225477 70.809295
1 48.031911 62.498512
1 36.338373 49.635582
1 59.182624 72.186166
1 53.305719 66.233900
1 47.678518 60.521459
1 65.651567 78.038490
1 55.074539 67.324209
1 32.413890 44.477531
1 42.401788 54.328631
1 52.932888 64.123116
1 51.332772 61.827655
1 50.432641 60.822334
1 48.379106 58.271729
1 57.703806 67.533848
1 56.523268 66.033733
1 67.073624 76.026605
1 37.435126 45.930103
1 50.044927 58.493639
1 54.339874 62.255644
1 45.447505 53.319946
1 59.390978 67.189410
1 43.968057 51.340321
1 38.210763 45.517951
1 38.805273 46.059022
1 39.057659 45.697377
1 78.289645 84.814406
1 40.355594 46.803998
1 49.680464 56.085316
1 39.741632 46.085321
1 52.085633 58.404205
1 37.600467 43.889397
1 52.646586 58.809669
1 39.619337 45.770255
1 65.324626 71.206249
1 50.671536 56.298164
1 49.110262 54.656000
1 33.528869 38.874447
1 47.076492 52.332713
1 41.386879 46.372179
1 43.429434 48.369483
1 58.718671 63.613124
1 48.280177 53.099292
1 52.224374 57.032308
1 48.639662 53.339579
1 47.210631 51.690951
1 63.330085 67.724118
1 40.233936 44.377791
1 49.979874 54.030558
1 53.921060 57.851441
1 55.651663 59.491177
1 42.709126 46.447264
1 40.653399 44.366034
1 48.142437 51.831006
1 39.405970 43.082670
1 61.859506 65.500510
1 45.820393 49.444500
1 60.846395 64.337391
1 57.001915 60.451838
1 42.867163 46.310787
1 43.887710 47.267878
1 37.753224 41.031664
1 40.661708 43.926509
1 68.390513 71.590052
1 53.742603 56.896473
1 58.311645 61.447931
1 53.568810 56.626897
1 40.195404 43.249691
1 57.675180 60.701059
1 41.098578 44.077477
1 63.010255 65.933156
1 57.222763 60.020043
1 65.987163 68.643179
1 70.999531 73.481729
1 56.673085 59.140778
1 40.707698 43.080004
1 40.838479 43.143448
1 40.803075 43.048194
1 65.014024 67.254925
1 63.499409 65.734526
1 49.246720 51.409514
1 47.032346 49.162612
1 62.830627 64.878892
1 35.797404 37.768732
1 49.635040 51.553620
1 81.872181 83.780383
1 38.694255 40.474895
1 66.146425 67.880110
1 45.564636 47.267084
1 43.201595 44.864760
1 49.764065 51.395364
1 59.651918 61.242371
1 44.812361 46.400907
1 40.621610 42.202599
1 65.631521 67.175231
1 47.102763 48.622039
1 39.209825 40.713207
1 63.063770 64.442169
1 39.313904 40.674554
1 35.943158 37.281693
1 43.846047 45.183971
1 51.142145 52.473662
1 62.538020 63.865180
1 44.487505 45.799252
1 66.130047 67.417952
1 53.916384 55.201468
1 43.814988 45.037329
1 56.724126 57.937568
1 41.993339 43.201641
1 52.732068 53.908761
1 45.600887 46.638016
1 41.494295 42.526337
1 65.136235 66.118915
1 33.084557 34.058963
1 50.731330 51.594341
1 63.588603 64.439026
1 55.533732 56.377989
1 64.692590 65.532091
1 71.847684 72.673826
1 54.926103 55.701885
1 20.023591 20.790389
1 59.578115 60.332696
1 36.987573 37.739877
1 55.636817 56.385694
1 65.539396 66.241262
1 67.231245 67.924786
1 48.295815 48.980434
1 48.485661 49.099403
1 53.902818 54.510022
1 50.317498 50.905236
1 60.232352 60.779991
1 59.823831 60.355639
1 61.328625 61.834084
1 68.343198 68.844268
1 50.029514 50.522722
1 30.413446 30.888066
1 50.157632 50.616491
1 51.472324 51.925046
1 70.418511 70.861144
1 40.487324 40.908657
1 78.881045 79.262621
1 40.720285 41.076099
1 33.355890 33.708627
1 45.921251 46.270830
1 56.609202 56.889582
1 44.140660 44.414903
1 64.124238 64.397031
1 56.108576 56.379467
1 48.206758 48.456806
1 46.495749 46.739620
1 64.043985 64.277931
1 39.786081 40.011850
1 38.632221 38.856701
1 42.780725 42.983972
1 62.400379 62.597192
1 57.974128 58.156861
1 53.024410 53.204423
1 68.035975 68.209694
1 51.855645 52.028686
1 58.860135 59.014398
1 48.647828 48.794379
1 29.809787 29.951129
1 56.950074 57.081340
1 70.730696 70.852361
1 57.213951 57.330823
1 44.088517 44.199467
1 32.148005 32.254830
1 42.463485 42.567527
1 44.950841 45.047229
1 55.860356 55.955864
1 39.178754 39.270474
1 53.230835 53.314790
1 58.388504 58.470222
1 46.365999 46.444421
1 58.856772 58.931320
1 57.831537 57.903281
1 69.659207 69.727393
1 62.305774 62.373811
1 44.913297 44.979099
1 59.980579 60.040661
1 69.105056 69.163487
1 55.772437 55.829113
1 61.561046 61.617283
1 73.703285 73.755890
1 39.405437 39.455699
1 43.574636 43.618087
1 59.786883 59.825784
1 57.489410 57.527458
1 54.654574 54.689138
1 82.184152 82.218709
1 57.439006 57.464937
1 55.818127 55.837367
1 67.400718 67.416258
1 45.666524 45.681002
1 48.669078 48.682923
1 48.696195 48.709009
1 43.770737 43.780028
1 66.188731 66.191327
1 76.087413 76.088633
1 60.292679 60.293191
1 41.341524 41.341618
1 58.145085 58.145168
0 0.000000 inf
0 0.000000 inf
0 0.000000 51.133741
0 0.000000 50.938962
0 0.000000 46.944761
0 0.000000 46.572322
0 0.000000 46.385412
0 0.000000 46.135268
0 0.000000 46.134399
0 0.000000 45.489267
0 0.000000 45.032415
0 0.000000 44.972226
0 0.000000 44.497165
0 0.000000 42.880925
0 0.000000 42.413781
0 0.000000 42.117988
0 0.000000 41.853804
0 0.000000 41.406882
0 0.000000 41.395437
0 0.000000 41.204918
0 0.000000 40.472115
0 0.000000 40.225893
0 0.000000 40.064876
0 0.000000 39.871331
0 0.000000 39.714597
0 0.000000 39.449661
0 0.000000 39.011854
0 0.000000 38.555492
0 0.000000 37.461759
0 0.000000 37.091522
0 0.000000 36.978271
0 0.000000 36.965502
0 0.000000 36.898767
0 0.000000 36.788750
0 0.000000 36.761965
0 0.000000 36.441497
0 0.000000 36.315823
0 0.000000 36.304294
0 0.000000 36.244329
0 0.000000 36.199104
0 0.000000 35.960049
0 0.000000 35.851008
0 0.000000 35.736220
0 0.000000 35.134841
0 0.000000 35.131629
0 0.000000 35.072699
0 0.000000 34.866533
0 0.000000 34.852847
0 0.000000 34.711957
0 0.000000 34.663030
0 0.000000 34.633441
0 0.000000 34.613575
0 0.000000 34.400569
0 0.000000 34.342556
0 0.000000 34.184057
0 0.000000 34.139805
0 0.000000 33.832864
0 0.000000 33.787266
0 0.000000 33.752786
0 0.000000 33.648494
0 0.000000 33.541191
0 0.000000 33.498962
0 0.000000 33.275461
0 0.000000 33.009018
0 0.000000 32.994237
0 0.000000 32.976610
0 0.000000 32.905292
0 0.000000 32.850743
0 0.000000 32.585609
0 0.000000 32.441114
0 0.000000 32.417051
0 0.000000 31.927276
0 0.000000 31.752790
0 0.000000 31.738237
0 0.000000 31.692431
0 0.000000 31.499656
0 0.000000 31.394983
0 0.000000 31.169890
0 0.000000 31.121822
0 0.000000 30.941266
0 0.000000 30.700550
0 0.000000 30.443714
0 0.000000 30.380171
0 0.000000 30.298301
0 0.000000 29.618327
0 0.000000 29.435425
0 0.000000 29.037391
0 0.000000 28.911442
0 0.000000 28.815985
0 0.000000 28.665503
0 0.000000 28.604544
0 0.000000 28.477755
0 0.000000 28.464622
0 0.000000 28.234277
0 0.000000 28.108132
0 0.000000 27.904539
0 0.000000 27.841932
0 0.000000 27.679947
0 0.000000 27.224339
0 0.000000 27.144607
0 0.000000 27.122740
0 0.000000 27.120794
0 0.000000 27.024656
0 0.000000 27.020558
0 0.000000 26.389765
0 0.000000 26.382072
0 0.000000 26.345710
0 0.000000 26.214916
0 0.000000 25.897536
0 0.000000 25.567848
0 0.000000 25.318895
0 0.000000 24.794800
0 0.000000 24.165428
0 0.000000 23.669622
0 0.000000 23.468246
0 0.000000 22.519050
0 0.000000 22.150514
0 0.000000 21.752949
0 0.000000 21.567381
0 0.000000 21.529432
0 0.000000 21.465084
0 0.000000 21.347550
0 0.000000 21.083351
0 0.000000 19.805865
0 0.000000 19.549207
0 0.000000 19.238689
0 0.000000 18.779360
0 0.000000 18.483826
0 0.000000 18.363295
0 0.000000 17.785363
0 0.000000 17.702230
0 0.000000 16.672523
0 0.000000 16.448595
0 0.000000 13.377188
0 0.000000 12.164212
0 0.000000 10.874980
0 0.000000 8.978541
0 0.000000 6.140629
