1 39.327562 75.269180
1 39.313770 71.234745
1 38.309343 69.150135
1 41.183585 70.990996
1 39.656359 68.565431
1 37.371837 62.199715
1 38.799826 63.225216
1 34.705023 58.320762
1 42.359869 65.467662
1 33.133517 55.338293
1 32.460033 54.536814
1 38.363466 59.583491
1 37.874701 58.994349
1 41.434401 62.207932
1 38.167587 58.688286
1 35.581215 55.926723
1 33.742524 52.269048
1 38.570372 56.530515
1 44.762447 61.784200
1 33.873828 50.839750
1 39.745203 56.691961
1 30.958526 47.220768
1 43.813553 59.875822
1 50.129724 64.773966
1 40.319485 54.422671
1 52.897771 65.974837
1 37.195776 49.541041
1 34.955031 46.976181
1 35.154946 46.726498
1 48.263489 59.422872
1 28.709909 39.540362
1 35.719465 46.491737
1 49.233843 59.691390
1 32.982622 43.294567
1 43.244267 53.390159
1 34.519059 44.049288
1 45.059041 54.382508
1 34.775417 43.110613
1 31.599205 39.925759
1 46.022328 54.181041
1 35.348390 43.381988
1 36.121243 44.106623
1 34.527907 42.452261
1 38.607219 46.530224
1 38.335479 46.068412
1 45.575550 53.225548
1 29.611503 36.883850
1 33.785392 40.902768
1 49.569815 56.675174
1 58.696240 65.539462
1 31.142202 37.709419
1 26.677411 32.976379
1 45.000452 51.097944
1 40.254630 46.301802
1 46.137004 52.120180
1 35.382533 41.251566
1 28.189200 34.029032
1 43.859668 49.663372
1 42.088856 47.892470
1 38.432064 44.134020
1 49.347704 55.015985
1 37.483738 43.113992
1 38.306280 43.801081
1 55.723132 61.191320
1 39.329620 44.791217
1 33.559700 38.928118
1 38.618163 43.944793
1 39.477201 44.637994
1 28.620563 33.691366
1 41.626604 46.692654
1 59.063504 64.059600
1 39.353884 44.137065
1 44.802373 49.560244
1 41.505454 46.155305
1 31.493521 36.085305
1 46.993462 51.583717
1 40.613228 45.192272
1 56.340881 60.668330
1 30.786118 35.037122
1 40.219698 44.465069
1 26.240680 30.423860
1 32.688547 36.845017
1 31.706586 35.813918
1 53.592879 57.682862
1 48.681585 52.565974
1 47.954581 51.749451
1 37.690959 41.411838
1 62.982976 66.659356
1 44.469277 47.971581
1 51.130320 54.546926
1 47.396385 50.701476
1 42.721067 46.009353
1 37.483720 40.737579
1 49.051975 52.295439
1 38.604599 41.836289
1 47.067896 50.207666
1 26.855477 29.908268
1 51.358066 54.407728
1 44.401759 47.449266
1 37.854180 40.860000
1 54.607255 57.588734
1 37.040014 40.018607
1 41.656158 44.548504
1 32.704694 35.596800
1 38.121709 41.008568
1 61.337355 64.223816
1 37.392843 40.267848
1 32.938696 35.758327
1 46.684810 49.498213
1 39.964583 42.754028
1 43.334786 45.991894
1 44.990130 47.604531
1 60.182717 62.794721
1 41.026461 43.592080
1 33.646519 36.191804
1 39.499592 41.949962
1 41.844573 44.248445
1 34.968610 37.296873
1 36.470389 38.751694
1 41.560915 43.814711
1 32.462071 34.668704
1 53.422533 55.567555
1 41.772238 43.916646
1 34.367840 36.476789
1 34.983933 37.085488
1 35.096459 37.195003
1 40.011930 42.102792
1 45.023604 47.111835
1 36.473674 38.535483
1 31.952313 33.995600
1 54.473149 56.494514
1 51.503431 53.515556
1 35.469551 37.414347
1 45.842775 47.763670
1 39.471499 41.387846
1 47.544745 49.411398
1 43.704709 45.556968
1 59.159883 60.985930
1 36.139890 37.956754
1 38.981863 40.793038
1 43.511690 45.320247
1 51.160000 52.956405
1 40.895045 42.672047
1 29.218575 30.969829
1 27.340978 29.076100
1 42.043015 43.758953
1 45.284306 46.996428
1 40.218007 41.825977
1 47.418829 49.024779
1 38.699567 40.293565
1 26.897152 28.485974
1 40.211983 41.799893
1 36.865142 38.424851
1 29.480414 31.033320
1 49.880066 51.384470
1 60.476908 61.939926
1 43.948830 45.396230
1 42.649626 44.088628
1 41.111672 42.548021
1 44.558222 45.906450
1 44.593963 45.910361
1 36.932650 38.223383
1 58.365511 59.636669
1 45.398300 46.663808
1 41.656078 42.899424
1 39.388893 40.626346
1 56.839308 58.041721
1 44.527364 45.693520
1 66.205932 67.364685
1 45.243601 46.383375
1 48.423677 49.553630
1 41.621763 42.705054
1 40.773329 41.833695
1 58.250363 59.306657
1 42.282369 43.337439
1 41.774672 42.828321
1 59.561412 60.602147
1 46.483029 47.522946
1 42.636570 43.676419
1 72.988299 74.027842
1 44.703741 45.711111
1 39.027905 40.030312
1 44.352279 45.352108
1 41.208651 42.191539
1 42.484006 43.441965
1 31.636679 32.590866
1 46.930101 47.842317
1 37.231922 38.104407
1 32.581576 33.422700
1 60.309187 61.117962
1 50.697621 51.485064
1 45.923863 46.702621
1 56.185111 56.949291
1 58.247076 59.006589
1 53.865334 54.614956
1 41.692023 42.441617
1 48.573243 49.316463
1 46.446081 47.182350
1 61.293767 62.002680
1 42.545916 43.250790
1 26.775407 27.475942
1 47.646428 48.322836
1 50.357122 51.029853
1 48.482564 49.148313
1 38.969566 39.633323
1 54.409358 55.063729
1 52.646963 53.301151
1 45.872970 46.523462
1 41.050047 41.693346
1 43.700001 44.337050
1 54.414756 55.023571
1 28.200322 28.792802
1 49.038473 49.613351
1 54.878801 55.439802
1 61.000386 61.536369
1 38.525497 39.026287
1 60.616504 61.106085
1 36.363163 36.840926
1 47.516609 47.978538
1 48.011793 48.472188
1 35.018021 35.465735
1 32.668258 33.112161
1 40.222917 40.662612
1 48.443137 48.879694
1 53.693847 54.127740
1 66.938088 67.365911
1 51.693243 52.109280
1 43.645828 44.044614
1 29.050883 29.416417
1 53.086554 53.443407
1 64.811977 65.153143
1 56.069456 56.409060
1 40.185876 40.521665
1 43.964775 44.296849
1 44.607033 44.938337
1 51.797157 52.113616
1 43.253311 43.569017
1 38.465136 38.777216
1 47.625615 47.935998
1 25.002087 25.302831
1 41.610429 41.888636
1 33.059832 33.333922
1 28.630643 28.902230
1 49.613193 49.869656
1 33.348728 33.597548
1 66.918944 67.148095
1 54.637982 54.853141
1 42.943338 43.153746
1 53.507520 53.710638
1 37.981451 38.173562
1 57.774314 57.950700
1 46.183722 46.352650
1 55.091191 55.251782
1 64.847802 65.004504
1 57.962734 58.117437
1 40.933224 41.085338
1 48.430259 48.570567
1 24.475372 24.611945
1 61.501101 61.633968
1 60.229069 60.361761
1 37.361716 37.489403
1 43.348573 43.473307
1 39.669033 39.781567
1 48.429862 48.536353
1 42.965730 43.062246
1 54.036497 54.127605
1 47.238459 47.329027
1 41.369037 41.459114
1 36.382860 36.470464
1 36.855377 36.937705
1 42.891048 42.971701
1 33.765883 33.845306
1 52.819349 52.893510
1 33.806345 33.874721
1 34.250230 34.318048
1 50.087185 50.151878
1 58.382318 58.439480
1 34.751237 34.805303
1 33.365486 33.413474
1 38.564693 38.611079
1 37.443203 37.488013
1 24.411174 24.455835
1 52.276088 52.315488
1 51.930052 51.963295
1 46.305714 46.337588
1 42.058299 42.089964
1 58.920981 58.951297
1 42.185351 42.214168
1 49.776866 49.804238
1 49.596651 49.623678
1 68.268382 68.295008
1 39.145402 39.171349
1 51.251149 51.273768
1 41.831082 41.848643
1 59.253546 59.269868
1 44.342383 44.356721
1 41.554823 41.568010
1 47.129238 47.141104
1 52.853402 52.864700
1 22.811713 22.822801
1 32.887546 32.898230
1 40.243161 40.252566
1 33.455761 33.464426
1 50.509915 50.517278
1 46.040879 46.044263
1 71.164311 71.167213
1 32.824816 32.827608
1 43.940042 43.942779
1 36.273073 36.274669
1 53.292563 53.293756
1 44.562878 44.563995
1 46.387552 46.388639
1 42.907916 42.908475
1 44.994108 44.994411
1 70.530588 70.530666
1 36.436121 36.436153
0 0.000000 inf
0 0.000000 41.874988
0 0.000000 38.986008
0 0.000000 38.708771
0 0.000000 38.201897
0 0.000000 37.446504
0 0.000000 37.411898
0 0.000000 37.210907
0 0.000000 36.904663
0 0.000000 36.072583
0 0.000000 36.031123
0 0.000000 36.000887
0 0.000000 35.896370
0 0.000000 35.693932
0 0.000000 35.530295
0 0.000000 35.400361
0 0.000000 34.981269
0 0.000000 34.781585
0 0.000000 34.777955
0 0.000000 34.777512
0 0.000000 34.700854
0 0.000000 34.674014
0 0.000000 34.671944
0 0.000000 34.646980
0 0.000000 34.634863
0 0.000000 34.487911
0 0.000000 34.351032
0 0.000000 34.333037
0 0.000000 34.151798
0 0.000000 34.042123
0 0.000000 33.693639
0 0.000000 33.651271
0 0.000000 33.579405
0 0.000000 33.168384
0 0.000000 32.986917
0 0.000000 32.917330
0 0.000000 32.907314
0 0.000000 32.902386
0 0.000000 32.838108
0 0.000000 32.824856
0 0.000000 32.749076
0 0.000000 32.730625
0 0.000000 32.696604
0 0.000000 32.687884
0 0.000000 32.536345
0 0.000000 32.509690
0 0.000000 32.241687
0 0.000000 32.166140
0 0.000000 32.134737
0 0.000000 32.044267
0 0.000000 31.988712
0 0.000000 31.940271
0 0.000000 31.938717
0 0.000000 31.892190
0 0.000000 31.879856
0 0.000000 31.875960
0 0.000000 31.841818
0 0.000000 31.802662
0 0.000000 31.622299
0 0.000000 31.571382
0 0.000000 31.557192
0 0.000000 31.526095
0 0.000000 31.384871
0 0.000000 31.380871
0 0.000000 31.131869
0 0.000000 31.112279
0 0.000000 30.958307
0 0.000000 30.819013
0 0.000000 30.735357
0 0.000000 30.720826
0 0.000000 30.686915
0 0.000000 30.404950
0 0.000000 29.941348
0 0.000000 29.929766
0 0.000000 29.859053
0 0.000000 29.628639
0 0.000000 29.588663
0 0.000000 29.400724
0 0.000000 29.061022
0 0.000000 29.025380
0 0.000000 28.887169
0 0.000000 28.772741
0 0.000000 28.610366
0 0.000000 28.506309
0 0.000000 28.494340
0 0.000000 28.489883
0 0.000000 28.458613
0 0.000000 28.452898
0 0.000000 28.366077
0 0.000000 28.300478
0 0.000000 28.275616
0 0.000000 28.159991
0 0.000000 28.090192
0 0.000000 27.943456
0 0.000000 27.813365
0 0.000000 27.807963
0 0.000000 27.792006
0 0.000000 27.773096
0 0.000000 27.654892
0 0.000000 27.589019
0 0.000000 27.557747
0 0.000000 27.542638
0 0.000000 27.251387
0 0.000000 27.195966
0 0.000000 27.002655
0 0.000000 26.966282
0 0.000000 26.965679
0 0.000000 26.894790
0 0.000000 26.852276
0 0.000000 26.541006
0 0.000000 26.327784
0 0.000000 26.215449
0 0.000000 26.146456
0 0.000000 26.071544
0 0.000000 25.914101
0 0.000000 25.773548
0 0.000000 25.747740
0 0.000000 25.740380
0 0.000000 25.589711
0 0.000000 25.476287
0 0.000000 25.460669
0 0.000000 25.425656
0 0.000000 25.367791
0 0.000000 25.345826
0 0.000000 25.312908
0 0.000000 25.280990
0 0.000000 25.118568
0 0.000000 24.619464
0 0.000000 24.380750
0 0.000000 24.329443
0 0.000000 24.237466
0 0.000000 24.148028
0 0.000000 24.088863
0 0.000000 24.081473
0 0.000000 24.008002
0 0.000000 23.882538
0 0.000000 23.572045
0 0.000000 23.561986
0 0.000000 23.543701
0 0.000000 23.342840
0 0.000000 23.306927
0 0.000000 23.169623
0 0.000000 23.095132
0 0.000000 23.016151
0 0.000000 22.987389
0 0.000000 22.788883
0 0.000000 22.761422
0 0.000000 22.366633
0 0.000000 22.344997
0 0.000000 22.182147
0 0.000000 22.149330
0 0.000000 21.988018
0 0.000000 21.960882
0 0.000000 21.918530
0 0.000000 21.425976
0 0.000000 21.289068
0 0.000000 21.243334
0 0.000000 21.191997
0 0.000000 21.063671
0 0.000000 20.791809
0 0.000000 20.772314
0 0.000000 20.678678
0 0.000000 20.626227
0 0.000000 20.576422
0 0.000000 20.483207
0 0.000000 20.249161
0 0.000000 19.422448
0 0.000000 19.135422
0 0.000000 18.541953
0 0.000000 18.527013
0 0.000000 18.483023
0 0.000000 18.263294
0 0.000000 18.091119
0 0.000000 17.961551
0 0.000000 17.863009
0 0.000000 17.543571
0 0.000000 17.244245
0 0.000000 17.084357
0 0.000000 16.891806
0 0.000000 16.848230
0 0.000000 16.711820
0 0.000000 16.563007
0 0.000000 15.593762
0 0.000000 15.346843
0 0.000000 12.124956
0 0.000000 10.016763
0 0.000000 6.798494
