1 27.703011 47.411913
1 23.215835 38.819611
1 24.915179 39.186872
1 32.674445 46.482387
1 25.282331 38.553012
1 23.990422 37.237565
1 28.671873 41.147268
1 31.241902 42.861528
1 23.724954 35.331975
1 33.406578 44.463098
1 29.140445 39.812224
1 25.564476 36.003766
1 22.049616 32.347354
1 29.183051 39.238934
1 25.722390 35.420305
1 36.560428 46.014910
1 24.836402 34.132788
1 35.088924 44.177271
1 25.825423 34.755982
1 23.742154 32.609134
1 30.648752 39.445220
1 27.443877 36.204246
1 33.688334 42.440636
1 22.832408 31.414551
1 21.119521 29.617341
1 26.042112 34.537389
1 32.074774 40.378417
1 24.537684 32.702094
1 34.387709 42.198852
1 27.184538 34.936614
1 25.375409 32.838912
1 27.450237 34.869164
1 24.381274 31.743569
1 30.849048 38.210431
1 28.447380 35.790807
1 26.227259 33.437482
1 20.455343 27.601305
1 20.409820 27.522861
1 25.720283 32.811947
1 21.334491 28.248527
1 26.280593 33.163283
1 26.165321 33.047441
1 28.359070 35.142246
1 24.142999 30.769646
1 30.872572 37.486298
1 25.081420 31.366782
1 33.756072 40.032538
1 24.579502 30.793993
1 26.548806 32.110920
1 29.054873 33.987387
1 28.289685 33.083942
1 18.931915 23.714145
1 37.555979 42.220817
1 24.670513 29.289306
1 28.282377 32.881830
1 25.683027 30.268172
1 37.539772 42.111726
1 16.842622 21.303268
1 24.856153 29.285231
1 29.020792 33.448532
1 26.169043 30.434888
1 31.641988 35.853288
1 25.313125 29.494542
1 39.376478 43.376489
1 24.394780 28.314992
1 28.965982 32.865922
1 30.674926 34.544259
1 18.835204 22.679894
1 34.944946 38.762438
1 33.554538 37.307725
1 29.953324 33.640473
1 22.106992 25.781263
1 27.828741 31.337611
1 26.221186 29.661511
1 35.454475 38.741049
1 25.018363 28.250128
1 24.415162 27.613897
1 22.638839 25.726572
1 31.509896 34.520448
1 33.166055 36.162742
1 26.953671 29.929344
1 23.414186 26.386402
1 18.059373 20.991879
1 34.279335 37.185041
1 24.521906 27.406048
1 20.923930 23.758917
1 27.733826 30.540834
1 20.035433 22.837639
1 29.266065 32.002077
1 25.254422 27.956925
1 27.428048 30.119448
1 24.167949 26.859122
1 25.169753 27.854468
1 37.493288 40.172845
1 40.538539 43.129026
1 27.366156 29.922363
1 27.349659 29.876226
1 18.310269 20.826715
1 27.276319 29.789151
1 18.726488 21.233904
1 32.137592 34.638257
1 31.026438 33.526395
1 25.478175 27.953390
1 30.646810 33.087183
1 34.377472 36.814250
1 37.376017 39.803214
1 18.267857 20.693414
1 42.870755 45.295646
1 38.918955 41.321296
1 30.096137 32.449316
1 25.750006 28.060741
1 19.250893 21.538593
1 39.335162 41.608819
1 21.994402 24.261869
1 23.318055 25.579331
1 22.069024 24.326507
1 25.996458 28.236190
1 27.332210 29.564618
1 34.672132 36.904397
1 30.129017 32.291260
1 33.450979 35.531362
1 41.677913 43.682699
1 29.925902 31.891727
1 23.956908 25.843577
1 22.177348 24.032981
1 37.994426 39.796286
1 32.041229 33.841751
1 21.518466 23.300301
1 22.707186 24.460292
1 23.588422 25.337960
1 27.108810 28.836984
1 21.586019 23.253779
1 26.119737 27.772762
1 30.334746 31.975759
1 36.260051 37.848288
1 23.761122 25.346838
1 31.163769 32.747082
1 28.702646 30.237562
1 22.183276 23.716692
1 29.289550 30.815321
1 19.591370 21.107685
1 30.599814 32.078217
1 34.190410 35.651284
1 29.342834 30.748646
1 27.426852 28.827899
1 17.218031 18.586943
1 27.896445 29.252227
1 32.562330 33.915924
1 21.359743 22.699515
1 26.706391 28.045636
1 44.021028 45.301800
1 33.938438 35.214999
1 23.904682 25.167966
1 24.210321 25.467894
1 25.337850 26.570640
1 29.913641 31.121289
1 33.668961 34.875551
1 26.190627 27.379347
1 30.815435 31.991337
1 34.717595 35.884876
1 17.883890 19.028598
1 26.642854 27.773033
1 21.499956 22.627541
1 26.979163 28.104301
1 25.706678 26.823838
1 20.987547 22.095854
1 26.939521 28.040361
1 40.936625 42.034109
1 31.126337 32.203430
1 34.927821 35.991937
1 28.608263 29.658153
1 29.190869 30.238050
1 38.243446 39.264982
1 38.004109 38.997737
1 29.189721 30.167441
1 27.627036 28.603138
1 20.573093 21.521478
1 37.435343 38.378357
1 26.404121 27.328007
1 16.972329 17.893844
1 33.733044 34.623988
1 22.298396 23.135579
1 27.567903 28.402775
1 30.088565 30.909903
1 28.411207 29.230022
1 31.609442 32.426520
1 26.569706 27.379419
1 28.316101 29.111984
1 30.475676 31.257899
1 36.302450 37.078631
1 34.141837 34.881988
1 21.327571 22.034160
1 18.556316 19.253694
1 27.709534 28.403156
1 35.860678 36.544512
1 33.744658 34.426383
1 19.782400 20.456794
1 40.594518 41.266260
1 39.120468 39.790003
1 45.461711 46.126987
1 26.952936 27.596828
1 22.909088 23.546549
1 17.909435 18.545939
1 43.385695 44.021372
1 36.164932 36.791030
1 38.056826 38.680687
1 24.976437 25.592849
1 27.799244 28.411537
1 36.331575 36.921178
1 32.457711 33.006530
1 37.413305 37.955335
1 31.147294 31.675378
1 25.654108 26.168544
1 28.320825 28.833325
1 31.464205 31.961933
1 30.152327 30.649452
1 29.986159 30.478439
1 19.674460 20.160711
1 18.645821 19.126121
1 20.091626 20.555073
1 29.765831 30.199123
1 27.123292 27.543721
1 11.968165 12.388148
1 24.727935 25.133220
1 27.317675 27.708719
1 14.261442 14.646442
1 23.634364 24.011332
1 26.790889 27.155252
1 20.286779 20.639379
1 26.300906 26.639872
1 21.585901 21.919753
1 24.985458 25.314548
1 19.282901 19.608249
1 18.029026 18.350978
1 30.208618 30.523677
1 38.684806 38.995423
1 26.826766 27.132282
1 30.172918 30.471547
1 31.347587 31.630117
1 37.382103 37.664344
1 31.289445 31.566354
1 38.450752 38.726220
1 26.835016 27.109035
1 39.667192 39.935296
1 23.007535 23.271313
1 29.123116 29.370421
1 38.821653 39.068249
1 10.768179 10.998697
1 31.777586 32.006016
1 31.001614 31.220822
1 36.607484 36.824798
1 35.052799 35.268782
1 21.444142 21.653217
1 33.809841 34.016221
1 34.010193 34.216430
1 37.490253 37.692096
1 31.657264 31.833653
1 31.137857 31.314200
1 32.762865 32.905963
1 27.889350 28.025421
1 32.457499 32.585727
1 20.379683 20.499972
1 26.624003 26.744291
1 22.598625 22.714510
1 12.652218 12.767585
1 30.723655 30.838899
1 37.309768 37.410611
1 30.381563 30.477923
1 30.237715 30.325332
1 31.176952 31.247886
1 36.070383 36.140000
1 22.022626 22.089163
1 33.789890 33.855904
1 28.955701 29.021506
1 39.017885 39.080949
1 26.338298 26.391850
1 20.934290 20.986636
1 41.501173 41.549584
1 27.338784 27.383779
1 25.042446 25.085149
1 33.678818 33.714844
1 23.394519 23.427258
1 34.796351 34.826592
1 27.875598 27.905576
1 27.018199 27.046906
1 41.633205 41.661657
1 41.638317 41.665192
1 32.063489 32.089540
1 28.492076 28.517655
1 29.127728 29.152559
1 35.992069 36.013369
1 33.381109 33.402150
1 40.153985 40.173553
1 27.931805 27.944444
1 23.703714 23.716281
1 25.719044 25.731172
1 20.324102 20.334995
1 21.315505 21.325951
1 30.123296 30.133736
1 42.008427 42.017881
1 26.709236 26.718138
1 32.650585 32.658586
1 31.559583 31.566120
1 35.976946 35.983347
1 22.610085 22.616244
1 30.053516 30.059625
1 21.913708 21.919691
1 24.656892 24.662575
1 30.278582 30.282996
1 28.656601 28.659934
1 31.046356 31.049664
1 29.383762 29.385993
1 33.444992 33.447050
1 36.854458 36.856352
1 19.291385 19.293165
1 35.378202 35.379770
1 34.845044 34.846612
1 31.272614 31.273113
1 34.754601 34.754932
1 24.139675 24.139732
1 22.817592 22.817633
0 0.000000 inf
0 0.000000 32.679035
0 0.000000 31.639713
0 0.000000 29.844711
0 0.000000 29.533108
0 0.000000 29.177997
0 0.000000 29.061211
0 0.000000 28.720443
0 0.000000 27.666076
0 0.000000 27.540597
0 0.000000 27.433843
0 0.000000 27.425121
0 0.000000 27.342209
0 0.000000 27.231124
0 0.000000 27.036859
0 0.000000 26.967680
0 0.000000 26.700491
0 0.000000 26.526687
0 0.000000 26.468731
0 0.000000 26.142969
0 0.000000 26.112028
0 0.000000 25.910145
0 0.000000 25.892786
0 0.000000 25.883661
0 0.000000 25.676506
0 0.000000 25.204894
0 0.000000 25.150496
0 0.000000 24.978269
0 0.000000 24.740407
0 0.000000 24.729414
0 0.000000 24.655087
0 0.000000 24.586789
0 0.000000 24.117641
0 0.000000 24.004025
0 0.000000 23.964005
0 0.000000 23.939371
0 0.000000 23.868663
0 0.000000 23.811078
0 0.000000 23.703590
0 0.000000 23.692297
0 0.000000 23.679731
0 0.000000 23.506822
0 0.000000 23.484247
0 0.000000 23.374855
0 0.000000 23.353163
0 0.000000 23.338248
0 0.000000 23.309507
0 0.000000 23.281346
0 0.000000 23.260066
0 0.000000 23.230309
0 0.000000 23.106249
0 0.000000 23.010142
0 0.000000 22.965612
0 0.000000 22.928959
0 0.000000 22.919748
0 0.000000 22.810135
0 0.000000 22.753492
0 0.000000 22.752504
0 0.000000 22.630620
0 0.000000 22.627541
0 0.000000 22.455664
0 0.000000 22.210642
0 0.000000 22.044741
0 0.000000 22.010420
0 0.000000 21.916064
0 0.000000 21.820502
0 0.000000 21.782683
0 0.000000 21.604511
0 0.000000 21.430252
0 0.000000 21.426447
0 0.000000 21.379904
0 0.000000 21.348205
0 0.000000 21.302482
0 0.000000 21.266322
0 0.000000 21.116969
0 0.000000 20.968782
0 0.000000 20.931441
0 0.000000 20.509151
0 0.000000 20.489642
0 0.000000 20.412513
0 0.000000 20.378820
0 0.000000 20.292715
0 0.000000 20.292389
0 0.000000 20.206094
0 0.000000 20.204613
0 0.000000 20.197566
0 0.000000 20.101349
0 0.000000 20.049002
0 0.000000 19.998833
0 0.000000 19.828399
0 0.000000 19.776710
0 0.000000 19.742813
0 0.000000 19.740531
0 0.000000 19.625120
0 0.000000 19.566201
0 0.000000 19.478788
0 0.000000 19.405999
0 0.000000 19.405374
0 0.000000 19.366019
0 0.000000 19.232764
0 0.000000 19.168098
0 0.000000 19.067295
0 0.000000 19.056234
0 0.000000 19.009146
0 0.000000 18.959868
0 0.000000 18.860245
0 0.000000 18.824221
0 0.000000 18.811776
0 0.000000 18.601757
0 0.000000 18.584033
0 0.000000 18.521638
0 0.000000 18.467356
0 0.000000 18.398718
0 0.000000 18.365392
0 0.000000 18.360444
0 0.000000 18.334779
0 0.000000 18.230453
0 0.000000 18.192652
0 0.000000 18.027987
0 0.000000 17.758441
0 0.000000 17.749477
0 0.000000 17.546219
0 0.000000 17.467329
0 0.000000 17.462195
0 0.000000 17.453845
0 0.000000 17.343596
0 0.000000 17.303774
0 0.000000 17.236606
0 0.000000 17.191996
0 0.000000 17.139225
0 0.000000 17.103814
0 0.000000 17.042239
0 0.000000 17.004357
0 0.000000 16.971906
0 0.000000 16.897249
0 0.000000 16.868213
0 0.000000 16.643865
0 0.000000 16.402129
0 0.000000 16.380337
0 0.000000 16.350636
0 0.000000 16.347030
0 0.000000 16.237051
0 0.000000 16.233554
0 0.000000 16.111008
0 0.000000 16.010336
0 0.000000 15.986016
0 0.000000 15.975804
0 0.000000 15.916348
0 0.000000 15.852862
0 0.000000 15.830472
0 0.000000 15.765973
0 0.000000 15.496999
0 0.000000 15.411818
0 0.000000 15.366200
0 0.000000 15.192103
0 0.000000 15.147483
0 0.000000 15.078784
0 0.000000 15.046938
0 0.000000 15.036229
0 0.000000 14.811504
0 0.000000 14.653914
0 0.000000 14.510401
0 0.000000 14.457265
0 0.000000 14.351662
0 0.000000 14.197235
0 0.000000 13.905278
0 0.000000 13.867786
0 0.000000 13.304914
0 0.000000 12.926899
0 0.000000 12.791717
0 0.000000 12.244035
0 0.000000 12.074489
0 0.000000 11.901914
0 0.000000 11.878913
0 0.000000 11.742193
0 0.000000 11.684306
0 0.000000 11.182733
0 0.000000 10.787635
0 0.000000 10.778503
0 0.000000 10.455623
0 0.000000 10.406405
0 0.000000 10.176300
0 0.000000 9.700914
0 0.000000 9.005900
0 0.000000 8.682283
0 0.000000 8.015707
0 0.000000 7.939008
