1 23.747731 40.519181
1 22.579021 34.961200
1 20.394168 31.028930
1 22.815356 32.887206
1 19.010916 28.876745
1 22.644815 32.407323
1 20.207453 29.723528
1 21.849342 31.152692
1 17.806586 26.927429
1 21.236638 29.968349
1 20.995532 29.614894
1 22.626842 31.220378
1 23.425543 31.877919
1 17.801594 26.147216
1 22.973382 31.244456
1 26.104747 34.227657
1 17.143919 25.002578
1 19.818993 27.626534
1 25.477334 33.255890
1 21.078014 28.501668
1 18.378082 25.635499
1 20.641015 27.710661
1 22.815316 29.814880
1 19.811299 26.802369
1 23.651976 30.541365
1 18.019652 24.862813
1 23.190359 29.752847
1 23.478821 29.771347
1 31.719666 37.898672
1 18.765020 24.789053
1 21.167550 27.177567
1 21.959694 27.948435
1 19.630124 25.543022
1 21.408985 27.041858
1 20.560854 26.047501
1 23.721309 29.183525
1 22.593043 28.036628
1 19.544314 24.930727
1 16.452475 21.632087
1 18.913069 24.068098
1 16.497144 21.640405
1 18.795272 23.916030
1 23.921192 28.957149
1 19.084344 24.071665
1 21.148926 26.117968
1 16.340493 21.267713
1 20.702366 25.528735
1 19.606399 24.421889
1 27.648195 32.090982
1 19.120416 23.562379
1 21.374194 25.763649
1 24.738126 29.110239
1 21.728906 25.690243
1 26.623490 30.515274
1 19.428925 23.295653
1 32.601293 36.368340
1 21.624350 25.194132
1 26.639407 30.162704
1 18.564722 22.073202
1 24.395609 27.818662
1 23.588991 27.009914
1 24.380307 27.654771
1 26.433901 29.700581
1 28.852630 32.073724
1 23.680065 26.737727
1 22.386383 25.439183
1 24.574376 27.615027
1 26.616384 29.621487
1 23.974975 26.759141
1 23.207423 25.954842
1 23.928666 26.606218
1 21.856261 24.469492
1 25.073616 27.611635
1 20.673456 23.210830
1 28.965997 31.492006
1 19.427234 21.932968
1 19.267816 21.701519
1 17.135609 19.488269
1 24.203839 26.477074
1 26.391548 28.598013
1 19.931930 22.124602
1 20.939359 23.014952
1 26.745053 28.753531
1 23.075133 25.075409
1 23.546303 25.525397
1 21.283446 23.167670
1 31.587900 33.450785
1 23.453601 25.299646
1 21.390712 23.234290
1 25.885108 27.699329
1 15.876104 17.681354
1 24.549545 26.284924
1 22.337226 23.996475
1 25.467129 27.097466
1 22.622480 24.232284
1 21.893082 23.495301
1 17.868212 19.452500
1 23.743420 25.316775
1 18.967900 20.539271
1 27.839635 29.406292
1 15.111909 16.621323
1 19.242307 20.746250
1 27.814210 29.311923
1 19.913317 21.401021
1 14.794406 16.280690
1 22.335330 23.815796
1 20.606646 22.081252
1 21.219499 22.688150
1 18.964421 20.427325
1 29.524900 30.957561
1 23.601641 25.013456
1 22.786467 24.180216
1 19.604256 20.994166
1 33.574902 34.954603
1 17.371840 18.738701
1 20.796029 22.144122
1 17.301699 18.645988
1 20.656357 21.979642
1 28.878092 30.184343
1 19.060682 20.366494
1 19.720063 21.025577
1 18.664120 19.966557
1 18.252834 19.554020
1 17.785562 19.079680
1 21.874547 23.158055
1 25.078038 26.322778
1 22.814233 24.053141
1 25.716660 26.942437
1 18.327195 19.541112
1 28.956345 30.125696
1 28.055970 29.190654
1 24.581722 25.714402
1 22.704375 23.831666
1 19.609996 20.734414
1 24.169293 25.287320
1 18.653086 19.766831
1 24.568194 25.681357
1 17.139535 18.246599
1 21.366397 22.462555
1 16.591779 17.670672
1 27.410689 28.489353
1 25.333415 26.381005
1 20.009605 21.055046
1 26.631746 27.629879
1 23.175591 24.173219
1 15.660584 16.622218
1 23.491091 24.432027
1 27.044315 27.983219
1 27.143973 28.044800
1 23.785174 24.678487
1 20.420924 21.301553
1 26.122296 26.972925
1 28.896653 29.741896
1 14.396373 15.241286
1 21.740080 22.572862
1 24.571902 25.401230
1 21.477318 22.296670
1 34.120945 34.938309
1 27.517160 28.323785
1 15.374993 16.169054
1 19.904024 20.689161
1 27.918091 28.698913
1 28.341217 29.103036
1 25.029488 25.775160
1 26.899449 27.640819
1 28.144506 28.882068
1 19.153443 19.886965
1 18.571064 19.281252
1 22.220664 22.925578
1 26.454409 27.142537
1 29.928742 30.613667
1 28.729400 29.409522
1 16.751615 17.426963
1 22.430307 23.102527
1 26.865393 27.536941
1 19.915898 20.585782
1 20.187480 20.856256
1 20.851265 21.501694
1 21.308214 21.942503
1 22.944066 23.574676
1 16.373172 17.002105
1 23.428988 24.050743
1 23.305324 23.920537
1 31.457599 32.068968
1 31.433632 32.031918
1 18.628868 19.224330
1 18.470823 19.065683
1 16.685137 17.276541
1 20.684029 21.262098
1 24.387688 24.956098
1 28.384642 28.934672
1 21.874147 22.422413
1 27.477075 27.997810
1 31.212074 31.707662
1 29.470468 29.955094
1 27.096579 27.565965
1 21.232486 21.700131
1 26.882101 27.341943
1 27.477529 27.925957
1 23.233944 23.670814
1 22.687271 23.123501
1 23.916109 24.347079
1 24.077105 24.496256
1 26.595019 27.002195
1 23.029744 23.435407
1 13.949091 14.351555
1 26.872638 27.259912
1 20.212487 20.598714
1 25.717454 26.102882
1 23.209227 23.593108
1 18.613124 18.995398
1 28.559464 28.936484
1 33.196677 33.555104
1 23.901484 24.255260
1 19.315584 19.665118
1 20.343433 20.689931
1 17.593503 17.937726
1 18.345868 18.681028
1 18.901221 19.235797
1 27.615274 27.940974
1 17.602186 17.919986
1 27.166354 27.478870
1 24.485193 24.795992
1 25.309580 25.609108
1 25.837586 26.133172
1 26.525398 26.819471
1 22.593018 22.883235
1 22.980807 23.264707
1 26.112896 26.390934
1 24.516577 24.780357
1 31.707011 31.966277
1 20.431469 20.690528
1 14.394985 14.641616
1 16.389539 16.630981
1 20.560585 20.801241
1 21.117715 21.331634
1 25.789635 26.002837
1 24.476869 24.684654
1 25.907440 26.113633
1 19.990902 20.196291
1 26.599053 26.794970
1 23.335382 23.529875
1 24.325992 24.515048
1 27.625494 27.808701
1 26.697157 26.866232
1 20.664309 20.831710
1 30.767023 30.931552
1 27.802340 27.964455
1 23.795720 23.951582
1 29.744964 29.899779
1 21.417648 21.567458
1 32.494811 32.636301
1 20.482743 20.623934
1 20.774904 20.913320
1 23.168366 23.304091
1 26.397517 26.529959
1 30.825810 30.957544
1 24.411507 24.538438
1 27.642011 27.762227
1 17.284797 17.402970
1 20.478398 20.596331
1 21.783312 21.898324
1 24.795778 24.901845
1 22.685540 22.783714
1 33.579759 33.677768
1 24.512722 24.606122
1 30.526162 30.619236
1 24.790631 24.880004
1 22.369949 22.455953
1 20.657138 20.738010
1 33.600989 33.681325
1 21.852835 21.928285
1 20.212934 20.286476
1 25.790732 25.864144
1 28.731751 28.804751
1 22.745795 22.809368
1 24.810482 24.873529
1 21.435497 21.496855
1 22.146311 22.205803
1 29.283344 29.342270
1 21.565441 21.617352
1 15.052448 15.101370
1 27.897356 27.942321
1 24.724079 24.766968
1 18.858061 18.898640
1 26.805466 26.845918
1 27.608146 27.646997
1 33.505347 33.537379
1 20.779345 20.808834
1 23.087666 23.113314
1 14.378343 14.403060
1 23.970261 23.993901
1 23.658583 23.681849
1 29.450255 29.471988
1 28.119331 28.139637
1 25.629600 25.647914
1 24.687228 24.705174
1 24.385943 24.402580
1 27.094498 27.110497
1 29.136645 29.152320
1 28.353865 28.368826
1 20.248698 20.262945
1 23.400759 23.414186
1 38.843838 38.854435
1 26.753557 26.760652
1 17.983641 17.990021
1 26.759062 26.765094
1 22.466709 22.472084
1 31.321775 31.325822
1 23.043648 23.047038
1 24.963839 24.967162
1 27.968081 27.970083
1 23.004976 23.006450
1 24.591796 24.592422
1 27.416535 27.416858
1 26.922797 26.923094
1 29.507992 29.508256
1 31.952112 31.952363
1 24.018059 24.018186
1 28.100202 28.100241
1 20.646479 20.646481
0 0.000000 inf
0 0.000000 23.851518
0 0.000000 23.261863
0 0.000000 22.539090
0 0.000000 22.451946
0 0.000000 22.098111
0 0.000000 22.094360
0 0.000000 22.087566
0 0.000000 22.018316
0 0.000000 21.619850
0 0.000000 21.498147
0 0.000000 21.433064
0 0.000000 21.287610
0 0.000000 21.280272
0 0.000000 21.097167
0 0.000000 21.018402
0 0.000000 20.604745
0 0.000000 20.512938
0 0.000000 20.443679
0 0.000000 19.991364
0 0.000000 19.952154
0 0.000000 19.919571
0 0.000000 19.693326
0 0.000000 19.623754
0 0.000000 19.541369
0 0.000000 19.450056
0 0.000000 19.440116
0 0.000000 19.431744
0 0.000000 19.421804
0 0.000000 19.366851
0 0.000000 19.349752
0 0.000000 19.335118
0 0.000000 19.286347
0 0.000000 19.268776
0 0.000000 19.222979
0 0.000000 19.156574
0 0.000000 19.130931
0 0.000000 18.888099
0 0.000000 18.879560
0 0.000000 18.802647
0 0.000000 18.616135
0 0.000000 18.600448
0 0.000000 18.502483
0 0.000000 18.491495
0 0.000000 18.478572
0 0.000000 18.397168
0 0.000000 18.383774
0 0.000000 18.265470
0 0.000000 18.254500
0 0.000000 18.227455
0 0.000000 18.126046
0 0.000000 18.025976
0 0.000000 17.998551
0 0.000000 17.989049
0 0.000000 17.986147
0 0.000000 17.981760
0 0.000000 17.959796
0 0.000000 17.919604
0 0.000000 17.854611
0 0.000000 17.794967
0 0.000000 17.792189
0 0.000000 17.773091
0 0.000000 17.724558
0 0.000000 17.717844
0 0.000000 17.598952
0 0.000000 17.594652
0 0.000000 17.590794
0 0.000000 17.572107
0 0.000000 17.563899
0 0.000000 17.526689
0 0.000000 17.513165
0 0.000000 17.496461
0 0.000000 17.234465
0 0.000000 17.224880
0 0.000000 17.164127
0 0.000000 17.156351
0 0.000000 17.123050
0 0.000000 17.074042
0 0.000000 17.050422
0 0.000000 16.822153
0 0.000000 16.780466
0 0.000000 16.757916
0 0.000000 16.735342
0 0.000000 16.690420
0 0.000000 16.690044
0 0.000000 16.669597
0 0.000000 16.575410
0 0.000000 16.481278
0 0.000000 16.426905
0 0.000000 16.411645
0 0.000000 16.406207
0 0.000000 16.394246
0 0.000000 16.379177
0 0.000000 16.340998
0 0.000000 16.320511
0 0.000000 16.247884
0 0.000000 16.244567
0 0.000000 16.226143
0 0.000000 16.190683
0 0.000000 16.134061
0 0.000000 16.064277
0 0.000000 15.989159
0 0.000000 15.980363
0 0.000000 15.976189
0 0.000000 15.916053
0 0.000000 15.834638
0 0.000000 15.799283
0 0.000000 15.796583
0 0.000000 15.761731
0 0.000000 15.761198
0 0.000000 15.754472
0 0.000000 15.737547
0 0.000000 15.681141
0 0.000000 15.670287
0 0.000000 15.615578
0 0.000000 15.602775
0 0.000000 15.488729
0 0.000000 15.458857
0 0.000000 15.390728
0 0.000000 15.328847
0 0.000000 15.150118
0 0.000000 15.123527
0 0.000000 15.122763
0 0.000000 15.106729
0 0.000000 15.093174
0 0.000000 15.087204
0 0.000000 15.070660
0 0.000000 14.962478
0 0.000000 14.915694
0 0.000000 14.831799
0 0.000000 14.808684
0 0.000000 14.786538
0 0.000000 14.744263
0 0.000000 14.678777
0 0.000000 14.531977
0 0.000000 14.382451
0 0.000000 14.357987
0 0.000000 14.292938
0 0.000000 14.216189
0 0.000000 14.212606
0 0.000000 14.210998
0 0.000000 14.196043
0 0.000000 14.187778
0 0.000000 14.164503
0 0.000000 14.077686
0 0.000000 13.996921
0 0.000000 13.871985
0 0.000000 13.665842
0 0.000000 13.665492
0 0.000000 13.663703
0 0.000000 13.637965
0 0.000000 13.630657
0 0.000000 13.489199
0 0.000000 13.392997
0 0.000000 13.333910
0 0.000000 13.294923
0 0.000000 13.290791
0 0.000000 13.283839
0 0.000000 13.201479
0 0.000000 13.168976
0 0.000000 13.142200
0 0.000000 13.024492
0 0.000000 12.684224
0 0.000000 12.676568
0 0.000000 12.657751
0 0.000000 12.459429
0 0.000000 12.248676
0 0.000000 12.232858
0 0.000000 11.674667
0 0.000000 11.559283
0 0.000000 11.471948
0 0.000000 11.306565
0 0.000000 11.105455
0 0.000000 10.982597
0 0.000000 10.926563
0 0.000000 10.861206
0 0.000000 10.637312
0 0.000000 10.575892
0 0.000000 10.560435
0 0.000000 10.231715
0 0.000000 10.206538
0 0.000000 9.837913
0 0.000000 9.828830
0 0.000000 8.063849
0 0.000000 7.568201
0 0.000000 6.862403
0 0.000000 4.965741
