1 20.573714 35.395251
1 21.396715 35.660569
1 19.789380 33.794856
1 20.042066 33.960220
1 22.358132 35.065605
1 22.277084 34.490631
1 18.227092 29.748878
1 22.301012 32.886001
1 22.348604 32.176422
1 19.037170 28.791816
1 18.566375 28.317775
1 20.177485 29.624180
1 18.694658 27.999129
1 22.019632 31.192038
1 19.177900 28.247581
1 22.732440 31.663078
1 17.516678 26.396563
1 22.481970 31.269689
1 18.003040 26.656435
1 21.412952 30.038645
1 17.014561 25.430385
1 22.830789 31.069104
1 25.990511 34.102428
1 17.221067 25.092637
1 23.354921 31.070510
1 17.986815 25.440383
1 24.012481 31.453590
1 17.303709 24.689061
1 19.363489 26.615923
1 19.621238 26.761583
1 17.553728 24.423548
1 16.872122 23.291971
1 21.067838 27.372363
1 24.335316 30.597052
1 14.630203 20.787823
1 33.835439 39.627519
1 20.607351 26.352122
1 22.953895 28.614596
1 23.497705 29.142078
1 24.058925 29.453830
1 23.202616 28.556791
1 24.226177 29.395729
1 22.145439 27.060835
1 19.258149 24.005847
1 25.054735 29.329875
1 17.578311 21.517445
1 23.619106 27.546099
1 21.015056 24.792877
1 23.345021 27.029810
1 24.595975 28.272990
1 22.187245 25.839527
1 18.939474 22.505016
1 17.120134 20.681646
1 19.460571 22.881600
1 22.163732 25.554458
1 29.800292 33.038215
1 26.588635 29.808300
1 27.674250 30.847698
1 22.480236 25.628556
1 29.522013 32.613388
1 25.846889 28.832593
1 21.879337 24.799671
1 25.192310 28.054507
1 18.002327 20.840802
1 19.697008 22.504915
1 21.265201 24.063040
1 19.159712 21.882848
1 21.452035 24.155325
1 16.365951 19.036876
1 15.334006 17.979835
1 26.472315 28.983386
1 30.896227 33.403448
1 27.110672 29.558623
1 27.231742 29.577589
1 23.610432 25.911057
1 17.079690 19.375936
1 23.358481 25.595446
1 19.789805 22.016344
1 18.050931 20.248613
1 20.293956 22.491388
1 26.780663 28.964638
1 19.367501 21.500026
1 25.777676 27.881812
1 23.230559 25.246376
1 28.180532 30.186142
1 23.867547 25.813414
1 20.156621 22.088488
1 20.496506 22.424489
1 24.780928 26.702244
1 20.207493 22.125194
1 18.507120 20.412084
1 17.729230 19.614339
1 24.011786 25.794017
1 19.860353 21.636963
1 21.075928 22.834725
1 21.045068 22.802956
1 22.672644 24.423270
1 27.694863 29.372283
1 30.195833 31.859413
1 22.463982 24.106610
1 23.159015 24.789728
1 21.372036 22.998994
1 25.332216 26.956384
1 26.403919 28.025056
1 19.244777 20.863058
1 16.536757 18.136097
1 22.865284 24.456744
1 24.825832 26.410130
1 25.676797 27.254963
1 17.914870 19.490462
1 23.978724 25.533587
1 24.432437 25.948726
1 20.037125 21.548962
1 24.518915 26.012735
1 24.776588 26.252844
1 19.417528 20.889659
1 23.588167 25.050410
1 20.441291 21.899334
1 20.883351 22.336005
1 21.423974 22.860845
1 21.490774 22.913131
1 25.007876 26.415634
1 19.885661 21.277665
1 23.665472 25.028934
1 17.369055 18.717680
1 27.731934 29.072487
1 17.071272 18.396965
1 23.487515 24.773592
1 17.673295 18.949261
1 15.934442 17.209864
1 29.658513 30.926494
1 20.103542 21.342215
1 25.594707 26.833240
1 25.928085 27.156634
1 19.230945 20.456992
1 23.118940 24.340683
1 27.454502 28.659649
1 19.057677 20.251361
1 19.060061 20.225897
1 31.537937 32.691331
1 29.242683 30.376795
1 16.667002 17.794463
1 17.594109 18.716938
1 17.875542 18.984368
1 16.724857 17.803981
1 23.474924 24.547928
1 21.352296 22.417387
1 22.288163 23.338352
1 20.793300 21.812964
1 27.187412 28.174515
1 26.342171 27.293240
1 24.398453 25.345845
1 18.841488 19.765221
1 16.189956 17.112563
1 22.634910 23.556240
1 20.773035 21.672989
1 20.174592 21.034786
1 19.582384 20.406964
1 29.581324 30.398455
1 17.335787 18.146413
1 24.352543 25.154716
1 27.710867 28.498866
1 22.920108 23.686711
1 14.101580 14.865451
1 27.428059 28.185268
1 27.753540 28.476146
1 25.899491 26.613475
1 22.732091 23.437972
1 18.996264 19.699348
1 28.310806 29.011404
1 20.970913 21.662334
1 21.035144 21.719726
1 24.637174 25.289586
1 21.982498 22.633203
1 21.094441 21.736944
1 29.267379 29.903714
1 21.396142 22.024336
1 18.445117 19.063299
1 33.038893 33.636934
1 23.868513 24.462881
1 15.119900 15.702115
1 18.717955 19.291911
1 25.352773 25.912538
1 26.898017 27.455890
1 23.755357 24.306755
1 27.665016 28.201883
1 16.744248 17.279464
1 26.068876 26.598776
1 26.442986 26.966332
1 30.897781 31.391217
1 25.300574 25.792180
1 24.093760 24.583035
1 28.512461 28.989166
1 20.985281 21.461593
1 21.956379 22.421259
1 25.794519 26.235001
1 24.338092 24.778422
1 24.110037 24.535206
1 28.393521 28.817197
1 20.424197 20.842656
1 29.582904 29.998984
1 17.707574 18.114767
1 32.918720 33.324616
1 26.477490 26.881314
1 27.002176 27.404646
1 26.744644 27.139870
1 24.409763 24.799685
1 18.665055 19.039212
1 21.006365 21.376253
1 22.995036 23.362564
1 26.065525 26.430852
1 24.587100 24.945674
1 22.668645 23.026193
1 19.283549 19.639453
1 27.978301 28.333212
1 16.038864 16.379110
1 22.656287 22.992363
1 18.251318 18.546405
1 27.413945 27.702118
1 24.107796 24.391907
1 31.184543 31.466343
1 23.983134 24.253257
1 28.209116 28.472896
1 26.272338 26.534159
1 21.328757 21.581155
1 26.259348 26.504206
1 25.820019 26.046812
1 24.552381 24.776176
1 24.756844 24.975755
1 22.928103 23.125121
1 19.938102 20.134546
1 20.262478 20.451989
1 20.471907 20.657131
1 17.988859 18.173685
1 18.470294 18.641864
1 31.027717 31.199114
1 27.961498 28.127816
1 24.321197 24.483894
1 19.141607 19.300967
1 25.080837 25.239200
1 31.665543 31.815515
1 28.864790 29.013532
1 28.456145 28.600707
1 26.349939 26.484945
1 25.861978 25.996507
1 34.523280 34.657745
1 19.486707 19.617197
1 24.093257 24.219745
1 18.177038 18.303361
1 25.550282 25.676150
1 24.678114 24.800002
1 22.772609 22.893212
1 19.992247 20.108341
1 27.928074 28.039068
1 25.882197 25.989809
1 26.807242 26.908149
1 21.648116 21.745013
1 27.887101 27.980193
1 19.750216 19.843229
1 25.250284 25.342382
1 25.927996 26.018788
1 33.095536 33.181870
1 32.700694 32.786681
1 19.728462 19.813507
1 27.882079 27.966989
1 21.083274 21.161945
1 17.851057 17.926265
1 28.343706 28.416916
1 31.088341 31.159507
1 27.120911 27.188646
1 28.864030 28.931088
1 34.225573 34.292065
1 19.260133 19.324196
1 26.817221 26.877853
1 19.749299 19.805653
1 18.870745 18.925977
1 30.916578 30.969561
1 25.286775 25.339362
1 23.004480 23.051247
1 23.748620 23.795196
1 22.290158 22.335282
1 18.482528 18.527616
1 23.977921 24.022286
1 21.722953 21.766303
1 24.815562 24.857461
1 27.159720 27.198864
1 23.120319 23.158974
1 27.475513 27.511754
1 33.428540 33.463931
1 30.493864 30.528736
1 17.469027 17.501028
1 21.444194 21.475925
1 22.110156 22.141055
1 24.295856 24.323930
1 23.747260 23.774307
1 24.169147 24.190045
1 17.583672 17.602143
1 25.398467 25.415645
1 24.913059 24.930163
1 22.452710 22.469055
1 19.442839 19.458529
1 27.668885 27.682326
1 31.283963 31.296886
1 26.219504 26.231086
1 30.144355 30.154821
1 23.742368 23.751538
1 30.309254 30.318045
1 21.038072 21.045681
1 35.486897 35.494114
1 22.046860 22.051924
1 28.592857 28.597237
1 23.112854 23.115443
1 25.328698 25.330977
1 19.036616 19.038741
1 18.199515 18.201056
1 28.717116 28.718557
1 29.100280 29.101208
1 23.985433 23.985745
1 24.730226 24.730509
1 23.039401 23.039624
1 39.449626 39.449831
1 17.757112 17.757298
1 26.297662 26.297700
0 0.000000 inf
0 0.000000 25.822013
0 0.000000 24.768255
0 0.000000 23.959271
0 0.000000 23.737559
0 0.000000 22.983343
0 0.000000 22.560228
0 0.000000 22.510974
0 0.000000 22.172410
0 0.000000 21.852902
0 0.000000 21.737484
0 0.000000 21.624243
0 0.000000 21.448696
0 0.000000 21.435174
0 0.000000 21.354270
0 0.000000 21.267768
0 0.000000 20.992594
0 0.000000 20.984968
0 0.000000 20.785422
0 0.000000 20.711875
0 0.000000 20.443851
0 0.000000 20.413715
0 0.000000 20.406534
0 0.000000 20.392161
0 0.000000 20.342541
0 0.000000 20.140367
0 0.000000 19.993546
0 0.000000 19.984236
0 0.000000 19.938120
0 0.000000 19.845958
0 0.000000 19.796150
0 0.000000 19.677587
0 0.000000 19.609684
0 0.000000 19.478140
0 0.000000 19.415873
0 0.000000 19.303566
0 0.000000 19.238908
0 0.000000 19.034005
0 0.000000 18.981654
0 0.000000 18.970251
0 0.000000 18.908631
0 0.000000 18.902659
0 0.000000 18.739847
0 0.000000 18.653164
0 0.000000 18.637349
0 0.000000 18.626223
0 0.000000 18.471835
0 0.000000 18.442145
0 0.000000 18.238340
0 0.000000 18.168752
0 0.000000 18.161986
0 0.000000 18.116655
0 0.000000 18.105340
0 0.000000 18.046660
0 0.000000 17.884876
0 0.000000 17.751017
0 0.000000 17.745475
0 0.000000 17.719378
0 0.000000 17.608565
0 0.000000 17.524772
0 0.000000 17.491269
0 0.000000 17.343787
0 0.000000 17.299930
0 0.000000 17.286919
0 0.000000 17.281764
0 0.000000 17.279526
0 0.000000 17.237019
0 0.000000 17.181400
0 0.000000 17.141621
0 0.000000 17.138831
0 0.000000 17.104757
0 0.000000 17.069374
0 0.000000 17.004149
0 0.000000 16.906324
0 0.000000 16.898072
0 0.000000 16.849212
0 0.000000 16.833673
0 0.000000 16.819314
0 0.000000 16.780849
0 0.000000 16.766952
0 0.000000 16.737991
0 0.000000 16.729004
0 0.000000 16.671527
0 0.000000 16.601152
0 0.000000 16.566797
0 0.000000 16.546071
0 0.000000 16.488483
0 0.000000 16.369902
0 0.000000 16.364772
0 0.000000 16.310142
0 0.000000 16.248599
0 0.000000 16.201779
0 0.000000 16.152698
0 0.000000 16.140894
0 0.000000 16.114289
0 0.000000 16.075435
0 0.000000 15.984905
0 0.000000 15.949761
0 0.000000 15.948500
0 0.000000 15.856018
0 0.000000 15.809102
0 0.000000 15.806816
0 0.000000 15.666545
0 0.000000 15.665323
0 0.000000 15.628079
0 0.000000 15.583104
0 0.000000 15.513721
0 0.000000 15.382532
0 0.000000 15.256203
0 0.000000 15.131389
0 0.000000 15.113803
0 0.000000 15.065346
0 0.000000 15.064426
0 0.000000 15.060076
0 0.000000 15.034541
0 0.000000 15.019507
0 0.000000 14.984772
0 0.000000 14.875284
0 0.000000 14.858451
0 0.000000 14.845083
0 0.000000 14.824581
0 0.000000 14.775221
0 0.000000 14.671027
0 0.000000 14.615869
0 0.000000 14.563176
0 0.000000 14.483081
0 0.000000 14.456631
0 0.000000 14.453940
0 0.000000 14.375433
0 0.000000 14.371719
0 0.000000 14.362177
0 0.000000 14.341923
0 0.000000 14.308349
0 0.000000 14.282713
0 0.000000 14.240447
0 0.000000 14.234593
0 0.000000 14.136805
0 0.000000 14.058708
0 0.000000 14.054377
0 0.000000 13.894546
0 0.000000 13.868529
0 0.000000 13.827726
0 0.000000 13.762897
0 0.000000 13.721134
0 0.000000 13.477230
0 0.000000 13.456632
0 0.000000 13.361655
0 0.000000 13.359535
0 0.000000 13.314711
0 0.000000 13.293528
0 0.000000 13.234191
0 0.000000 13.123011
0 0.000000 12.931718
0 0.000000 12.910992
0 0.000000 12.854560
0 0.000000 12.842757
0 0.000000 12.816549
0 0.000000 12.770256
0 0.000000 12.639785
0 0.000000 12.326548
0 0.000000 12.238823
0 0.000000 12.157337
0 0.000000 12.132441
0 0.000000 12.089817
0 0.000000 12.084976
0 0.000000 12.078869
0 0.000000 11.925843
0 0.000000 11.895400
0 0.000000 11.836678
0 0.000000 11.770359
0 0.000000 11.120801
0 0.000000 10.847137
0 0.000000 10.507815
0 0.000000 10.497281
0 0.000000 10.447157
0 0.000000 10.414311
0 0.000000 10.411951
0 0.000000 10.382965
0 0.000000 10.293172
0 0.000000 10.016526
0 0.000000 9.437618
0 0.000000 9.284216
0 0.000000 9.216478
0 0.000000 8.528893
0 0.000000 8.265060
0 0.000000 8.176252
0 0.000000 7.147764
