1 22.833526 38.553783
1 21.034106 35.378969
1 22.539091 35.776240
1 22.320862 34.128930
1 25.023314 36.760748
1 21.813930 32.118496
1 22.409482 32.555825
1 22.303809 32.354414
1 20.457718 30.166030
1 24.156675 33.194300
1 24.267679 33.206206
1 22.943468 31.834169
1 19.434014 28.285346
1 17.843896 26.608118
1 20.860399 29.556394
1 22.846792 31.054756
1 21.371154 29.369148
1 25.593010 33.318601
1 22.686169 30.382372
1 15.821729 23.457391
1 23.289216 30.703731
1 16.666219 23.473864
1 22.369023 29.122377
1 19.267325 25.990090
1 25.516848 32.208711
1 25.001893 31.662057
1 19.046272 25.640372
1 23.034281 29.574881
1 24.553621 30.979494
1 20.364216 26.483325
1 22.656801 28.734286
1 29.577182 35.537915
1 15.793668 21.431473
1 20.872979 26.471793
1 25.450719 31.009913
1 23.127684 28.421751
1 21.791742 27.050807
1 18.086641 23.236395
1 23.722965 28.810338
1 19.521857 24.544404
1 23.056404 27.969984
1 20.637070 25.531668
1 19.620234 24.475596
1 22.256065 26.901828
1 23.178785 27.789120
1 22.628624 27.232616
1 21.418925 25.994360
1 28.522418 32.749572
1 28.412935 32.599164
1 19.866435 23.974518
1 19.612946 23.481830
1 26.561575 30.423274
1 18.908790 22.744710
1 20.569297 24.400724
1 17.388171 21.025319
1 20.257357 23.888246
1 13.526418 17.104312
1 23.353824 26.924150
1 19.031626 22.579095
1 23.238340 26.771086
1 29.157528 32.410296
1 21.373583 24.620360
1 24.128348 27.334223
1 21.686500 24.877542
1 18.425674 21.575090
1 21.379331 24.525217
1 18.385406 21.486275
1 18.420086 21.415336
1 13.249554 16.160556
1 22.531852 25.261161
1 27.803802 30.460599
1 21.775860 24.322982
1 17.871094 20.406279
1 17.829693 20.264074
1 19.891792 22.294374
1 16.987429 19.344705
1 15.972512 18.317972
1 18.279853 20.596978
1 23.574820 25.884172
1 30.122854 32.425695
1 25.270585 27.531057
1 22.177706 24.436881
1 19.805625 22.015396
1 22.818867 25.024777
1 17.769663 19.960291
1 19.257636 21.424240
1 21.564468 23.722879
1 16.571417 18.678333
1 25.431258 27.488125
1 18.629279 20.664284
1 19.928196 21.944675
1 18.452683 20.464059
1 15.992419 17.928690
1 20.508406 22.435264
1 20.336913 22.237157
1 19.838464 21.722243
1 22.967817 24.849436
1 26.345809 28.160851
1 23.704342 25.486994
1 23.516197 25.290863
1 22.006441 23.765634
1 20.381028 22.106915
1 31.303728 33.023963
1 20.106315 21.731067
1 20.003341 21.613563
1 25.295405 26.901763
1 24.576933 26.158194
1 25.028358 26.572224
1 24.490021 26.025731
1 16.940858 18.471161
1 20.415077 21.928269
1 29.204017 30.714534
1 20.076190 21.502977
1 30.373838 31.782257
1 26.428376 27.827894
1 19.944933 21.340209
1 32.598223 33.959137
1 23.226710 24.579567
1 23.386041 24.736346
1 17.688494 19.018249
1 19.935724 21.242343
1 21.264348 22.564619
1 19.715621 20.994356
1 22.171521 23.445368
1 21.798155 23.038270
1 24.318578 25.553535
1 16.134094 17.369045
1 19.608429 20.838704
1 20.631372 21.858095
1 17.756558 18.973703
1 26.419759 27.620356
1 28.520540 29.721098
1 15.808373 16.987195
1 33.516840 34.671142
1 20.156231 21.286132
1 20.336901 21.465216
1 22.151745 23.239832
1 22.161920 23.235999
1 20.901957 21.954073
1 16.603513 17.652756
1 24.355002 25.400546
1 22.596268 23.641364
1 30.749095 31.774546
1 14.731495 15.756048
1 24.580496 25.604811
1 13.585780 14.609214
1 27.366615 28.377144
1 31.904569 32.906526
1 21.108486 22.102434
1 28.936879 29.925843
1 16.269906 17.250202
1 18.997711 19.977854
1 21.279653 22.251928
1 23.007031 23.968940
1 30.041806 31.003608
1 29.501777 30.461420
1 20.368069 21.289896
1 24.682754 25.597270
1 19.402406 20.316797
1 24.152320 25.031975
1 19.028177 19.906789
1 22.401746 23.275178
1 17.754968 18.624070
1 19.526764 20.391593
1 27.522870 28.383947
1 30.086103 30.939120
1 23.231335 24.080218
1 22.504478 23.347031
1 29.173617 30.004200
1 18.342276 19.162371
1 24.694752 25.510465
1 13.867760 14.661301
1 28.803324 29.594394
1 16.848671 17.635001
1 17.259447 18.040082
1 25.250258 26.018600
1 17.560826 18.322778
1 29.303189 30.056257
1 27.345252 28.095201
1 24.064275 24.811349
1 22.094963 22.827289
1 22.260862 22.986018
1 18.590970 19.315384
1 20.168071 20.891666
1 28.856116 29.534082
1 22.527765 23.198504
1 25.434032 26.104726
1 19.904177 20.567555
1 18.265661 18.927493
1 26.179679 26.826977
1 28.991087 29.636441
1 22.275285 22.916912
1 25.327411 25.953463
1 20.198762 20.819184
1 16.865590 17.485370
1 27.241793 27.831257
1 34.665549 35.246476
1 29.753132 30.332860
1 26.579807 27.158493
1 15.534183 16.061879
1 26.600737 27.116960
1 23.501221 24.013366
1 19.636764 20.138457
1 26.249145 26.746663
1 22.862956 23.349916
1 19.117800 19.599723
1 22.813991 23.286031
1 19.739671 20.200461
1 19.708130 20.158331
1 22.779159 23.195782
1 22.885637 23.298672
1 25.276814 25.688551
1 29.893188 30.299122
1 18.655816 19.060884
1 27.884440 28.285746
1 29.298598 29.689449
1 24.560015 24.950817
1 26.679182 27.066394
1 15.242163 15.610172
1 21.225400 21.583076
1 29.027928 29.381732
1 19.639291 19.986546
1 20.387993 20.733694
1 27.347456 27.690030
1 30.744885 31.071975
1 24.065740 24.373855
1 31.840409 32.128846
1 25.550178 25.825504
1 27.612480 27.886427
1 31.337435 31.605260
1 20.809326 21.073703
1 20.777191 21.028875
1 30.562117 30.807119
1 24.194682 24.439682
1 31.798866 32.041827
1 19.454766 19.691604
1 14.295466 14.525185
1 21.796324 22.024016
1 23.350023 23.570557
1 23.813964 24.030656
1 23.839548 24.054829
1 25.440263 25.649213
1 25.420659 25.625975
1 19.943299 20.145830
1 27.877933 28.074411
1 25.695069 25.888246
1 22.887451 23.078179
1 13.545880 13.730626
1 29.129487 29.308970
1 34.995681 35.167745
1 14.077579 14.248296
1 27.998828 28.163199
1 23.309106 23.465792
1 25.439265 25.589984
1 24.542095 24.690470
1 25.951660 26.094392
1 23.912015 24.047981
1 19.488391 19.620569
1 24.925585 25.056940
1 22.590359 22.720981
1 31.607489 31.734375
1 17.127616 17.252581
1 29.122978 29.241137
1 35.238257 35.356354
1 20.906815 21.020919
1 29.869113 29.979512
1 27.018107 27.123602
1 35.440443 35.539042
1 16.549671 16.643617
1 25.275317 25.367842
1 33.227358 33.317981
1 21.930397 22.011818
1 23.660602 23.741549
1 25.576819 25.652896
1 31.296758 31.364154
1 26.408053 26.469547
1 29.884554 29.940797
1 20.612706 20.660815
1 27.450853 27.495248
1 25.281032 25.323228
1 24.038600 24.080557
1 26.360448 26.401368
1 21.327725 21.368223
1 28.204295 28.238842
1 23.308816 23.341532
1 21.676746 21.706270
1 21.970423 21.996751
1 31.753784 31.777158
1 20.539076 20.562071
1 26.486428 26.509403
1 24.378341 24.398851
1 13.069053 13.087615
1 32.071204 32.089019
1 18.291974 18.308890
1 33.636110 33.651711
1 21.255450 21.270848
1 25.134127 25.149507
1 23.641012 23.654326
1 22.664869 22.677606
1 22.690501 22.703215
1 23.381114 23.393692
1 21.128881 21.141397
1 16.070762 16.081542
1 30.148611 30.156696
1 20.299743 20.307165
1 30.520419 30.527769
1 29.939681 29.946781
1 23.098321 23.105291
1 36.050648 36.057399
1 27.280727 27.287234
1 30.267275 30.272942
1 28.871657 28.874984
1 24.673287 24.676257
1 21.090086 21.092178
1 32.326839 32.328612
1 20.638104 20.639461
1 25.019375 25.020390
1 19.873578 19.873583
0 0.000000 inf
0 0.000000 23.850444
0 0.000000 23.345537
0 0.000000 22.251379
0 0.000000 22.224161
0 0.000000 21.941078
0 0.000000 21.917481
0 0.000000 21.852711
0 0.000000 21.804067
0 0.000000 21.744453
0 0.000000 21.423810
0 0.000000 21.233305
0 0.000000 21.220269
0 0.000000 21.207062
0 0.000000 21.112219
0 0.000000 21.007371
0 0.000000 21.002394
0 0.000000 20.907593
0 0.000000 20.717132
0 0.000000 20.597838
0 0.000000 20.551679
0 0.000000 20.516342
0 0.000000 20.512749
0 0.000000 20.461525
0 0.000000 20.403720
0 0.000000 20.346998
0 0.000000 20.269311
0 0.000000 20.116319
0 0.000000 20.013520
0 0.000000 20.010828
0 0.000000 19.783998
0 0.000000 19.734579
0 0.000000 19.665134
0 0.000000 19.611396
0 0.000000 19.574788
0 0.000000 19.502782
0 0.000000 19.494631
0 0.000000 19.380289
0 0.000000 19.315783
0 0.000000 19.258756
0 0.000000 19.171622
0 0.000000 19.092643
0 0.000000 19.091169
0 0.000000 19.009009
0 0.000000 18.911473
0 0.000000 18.901995
0 0.000000 18.891875
0 0.000000 18.885110
0 0.000000 18.839682
0 0.000000 18.828176
0 0.000000 18.799570
0 0.000000 18.718174
0 0.000000 18.693576
0 0.000000 18.503944
0 0.000000 18.348214
0 0.000000 18.288181
0 0.000000 18.243405
0 0.000000 18.218009
0 0.000000 18.159499
0 0.000000 18.066561
0 0.000000 18.064308
0 0.000000 18.054602
0 0.000000 18.005568
0 0.000000 17.985054
0 0.000000 17.963510
0 0.000000 17.828600
0 0.000000 17.695790
0 0.000000 17.638080
0 0.000000 17.542994
0 0.000000 17.541980
0 0.000000 17.537229
0 0.000000 17.511133
0 0.000000 17.503653
0 0.000000 17.437518
0 0.000000 17.431771
0 0.000000 17.405228
0 0.000000 17.380056
0 0.000000 17.369579
0 0.000000 17.331925
0 0.000000 17.325057
0 0.000000 17.212709
0 0.000000 17.172637
0 0.000000 17.158011
0 0.000000 16.985227
0 0.000000 16.961535
0 0.000000 16.958608
0 0.000000 16.932918
0 0.000000 16.910174
0 0.000000 16.899377
0 0.000000 16.896563
0 0.000000 16.827623
0 0.000000 16.809385
0 0.000000 16.660967
0 0.000000 16.654494
0 0.000000 16.509554
0 0.000000 16.371697
0 0.000000 16.351990
0 0.000000 16.351703
0 0.000000 16.328300
0 0.000000 16.325890
0 0.000000 16.237332
0 0.000000 16.211249
0 0.000000 16.172492
0 0.000000 16.144349
0 0.000000 16.132144
0 0.000000 16.099417
0 0.000000 16.086011
0 0.000000 16.074390
0 0.000000 15.978381
0 0.000000 15.791931
0 0.000000 15.770544
0 0.000000 15.705052
0 0.000000 15.692989
0 0.000000 15.645886
0 0.000000 15.606332
0 0.000000 15.590694
0 0.000000 15.585798
0 0.000000 15.549615
0 0.000000 15.522037
0 0.000000 15.498147
0 0.000000 15.463337
0 0.000000 15.462892
0 0.000000 15.423809
0 0.000000 15.414099
0 0.000000 15.345565
0 0.000000 15.302786
0 0.000000 15.151475
0 0.000000 14.946057
0 0.000000 14.936404
0 0.000000 14.880923
0 0.000000 14.867133
0 0.000000 14.791147
0 0.000000 14.769382
0 0.000000 14.736595
0 0.000000 14.709513
0 0.000000 14.699648
0 0.000000 14.584229
0 0.000000 14.484117
0 0.000000 14.357366
0 0.000000 14.342259
0 0.000000 14.084412
0 0.000000 14.019622
0 0.000000 14.010618
0 0.000000 13.992215
0 0.000000 13.848154
0 0.000000 13.789964
0 0.000000 13.642764
0 0.000000 13.627311
0 0.000000 13.626092
0 0.000000 13.543151
0 0.000000 13.443806
0 0.000000 13.432061
0 0.000000 13.304052
0 0.000000 13.191851
0 0.000000 13.105026
0 0.000000 13.074216
0 0.000000 13.054162
0 0.000000 13.042644
0 0.000000 12.862568
0 0.000000 12.736771
0 0.000000 12.486583
0 0.000000 12.468325
0 0.000000 12.424967
0 0.000000 12.208957
0 0.000000 12.208902
0 0.000000 12.149309
0 0.000000 11.844698
0 0.000000 11.809482
0 0.000000 11.361587
0 0.000000 11.320087
0 0.000000 11.286206
0 0.000000 10.998132
0 0.000000 10.862156
0 0.000000 10.723136
0 0.000000 10.682807
0 0.000000 10.679683
0 0.000000 10.409949
0 0.000000 10.334534
0 0.000000 9.721428
0 0.000000 9.592971
0 0.000000 9.268348
0 0.000000 8.807937
0 0.000000 8.702182
0 0.000000 8.423123
0 0.000000 8.118670
0 0.000000 7.796555
0 0.000000 5.879645
