1 20.740347 41.327957
1 21.156395 36.173646
1 22.920842 36.729843
1 21.331110 32.664050
1 20.562624 31.718729
1 9.602627 20.678550
1 22.085682 31.931027
1 20.624275 29.738966
1 22.516885 31.330087
1 20.762290 29.517866
1 19.177592 27.899330
1 18.048348 26.526046
1 16.970532 25.156617
1 22.905641 31.078118
1 20.067576 28.170313
1 19.186057 27.215433
1 21.885077 29.706245
1 16.057334 23.539236
1 21.244409 28.709599
1 19.815316 27.144797
1 17.078346 24.355052
1 25.948058 33.069683
1 16.312409 23.197574
1 18.698714 25.515071
1 19.453254 26.052710
1 15.038495 21.631460
1 17.246254 23.706687
1 22.398779 28.622704
1 23.354669 29.378408
1 21.105629 27.021080
1 16.845832 22.211515
1 19.034547 24.240477
1 21.989825 27.174802
1 21.400307 26.450381
1 17.931803 22.902524
1 22.619272 27.454388
1 17.823076 22.533235
1 20.043021 24.720455
1 21.417842 26.087662
1 21.329832 25.836630
1 21.028276 25.534484
1 20.023305 24.516273
1 18.894354 23.371380
1 22.011903 26.486510
1 19.290037 23.718354
1 20.364750 24.731073
1 19.559820 23.637535
1 23.371297 27.266420
1 27.226753 31.047272
1 19.799808 23.614995
1 18.528796 22.320615
1 22.769772 26.503791
1 26.092114 29.708564
1 32.013872 35.629032
1 21.803866 25.133017
1 15.089320 18.266120
1 17.404507 20.572311
1 23.729898 26.887173
1 23.336363 26.450858
1 18.226488 21.309405
1 15.479420 18.549576
1 27.105631 30.144348
1 19.964199 22.991094
1 24.326860 27.292631
1 34.735315 37.639456
1 22.944960 25.838338
1 23.120906 25.996803
1 19.308453 22.180934
1 21.916075 24.777973
1 21.208192 24.044747
1 21.140461 23.938297
1 29.484081 32.236341
1 29.082551 31.711114
1 20.044271 22.660514
1 14.729255 17.293186
1 21.157734 23.687223
1 15.820291 18.299260
1 33.481150 35.927414
1 18.466227 20.781534
1 20.199554 22.510429
1 24.478331 26.771448
1 18.243042 20.530264
1 23.783834 26.061381
1 33.657942 35.918299
1 17.920973 20.176174
1 18.077169 20.308404
1 16.146234 18.353951
1 18.931303 21.042446
1 24.034634 26.138663
1 26.956945 29.055870
1 17.004428 19.089707
1 21.742298 23.819208
1 23.091264 25.143693
1 30.391006 32.385576
1 22.117293 24.101837
1 15.440722 17.408054
1 21.342344 23.299214
1 18.806335 20.760864
1 15.727122 17.672761
1 19.367373 21.308953
1 22.737678 24.662550
1 25.856406 27.769649
1 15.527038 17.424863
1 18.754572 20.607579
1 34.249868 36.090552
1 23.067435 24.857926
1 39.313613 41.100176
1 16.261359 18.018051
1 22.893765 24.622675
1 18.747823 20.472909
1 16.384544 18.078645
1 17.632380 19.257285
1 14.389882 15.984112
1 21.737624 23.293836
1 23.221434 24.669756
1 24.905191 26.300221
1 25.340454 26.732098
1 18.560106 19.948647
1 25.152504 26.533365
1 22.414983 23.786264
1 17.145925 18.483809
1 22.065820 23.389033
1 22.607271 23.882095
1 21.780580 23.053957
1 26.059303 27.319785
1 25.141295 26.396601
1 22.687249 23.941329
1 21.232483 22.481569
1 23.939960 25.169003
1 31.646243 32.870883
1 16.898522 18.103788
1 20.322183 21.526992
1 20.163396 21.363120
1 19.545261 20.727724
1 21.925789 23.096612
1 22.890546 24.060063
1 20.206456 21.288818
1 18.711003 19.787267
1 18.377944 19.446561
1 34.509759 35.565386
1 21.595709 22.631234
1 21.459921 22.441916
1 16.934529 17.898131
1 24.788946 25.743780
1 19.277710 20.224814
1 24.821414 25.768066
1 22.331603 23.262468
1 19.824790 20.753424
1 21.885344 22.799746
1 29.969452 30.881297
1 17.711743 18.598766
1 24.422949 25.305998
1 20.741514 21.621113
1 25.817990 26.694714
1 23.720218 24.559077
1 18.662382 19.481564
1 23.037756 23.846938
1 20.080320 20.885721
1 24.606919 25.411438
1 18.747197 19.541410
1 21.444187 22.234125
1 28.601730 29.373377
1 16.730886 17.466638
1 22.262501 22.993052
1 23.428388 24.141402
1 23.090210 23.797114
1 33.845980 34.547795
1 23.454682 24.145117
1 21.738488 22.426725
1 25.173303 25.860633
1 19.981781 20.640393
1 25.412225 26.062441
1 20.000638 20.642410
1 18.339540 18.968725
1 16.496287 17.123913
1 18.945666 19.538812
1 26.283962 26.854799
1 17.297586 17.865534
1 30.914013 31.473044
1 17.922850 18.463816
1 22.312662 22.852321
1 16.590558 17.125731
1 14.632631 15.148710
1 19.991926 20.500680
1 21.231352 21.681584
1 13.132303 13.549954
1 25.859986 26.276131
1 24.126495 24.535572
1 27.643192 28.041794
1 25.970848 26.351312
1 21.205385 21.580289
1 19.561341 19.934694
1 21.452459 21.819259
1 30.130932 30.495948
1 19.031290 19.386835
1 26.489716 26.843463
1 21.356205 21.704366
1 23.435979 23.779469
1 25.817146 26.159327
1 20.249286 20.590263
1 20.572169 20.906391
1 20.524422 20.848519
1 20.238986 20.562493
1 26.128429 26.448524
1 25.463028 25.781835
1 15.777076 16.084394
1 19.654961 19.947342
1 17.991372 18.275715
1 20.841834 21.123023
1 23.145986 23.426765
1 21.540134 21.817738
1 20.009686 20.285872
1 23.918355 24.192068
1 18.175704 18.449265
1 14.294423 14.567767
1 17.302825 17.567032
1 20.962160 21.221361
1 25.953576 26.206651
1 22.675088 22.924242
1 28.880507 29.128600
1 23.370238 23.613625
1 20.705969 20.938636
1 19.656221 19.884170
1 23.218025 23.444490
1 14.750673 14.964675
1 18.274793 18.473821
1 20.731287 20.917159
1 22.567072 22.752269
1 19.462675 19.642970
1 20.473643 20.649766
1 16.929351 17.105148
1 19.139442 19.305821
1 25.069811 25.234759
1 16.882716 17.041017
1 29.812007 29.968972
1 25.288874 25.444652
1 27.313098 27.463761
1 17.937109 18.060579
1 16.033741 16.148207
1 18.611749 18.726139
1 20.502074 20.609061
1 27.100786 27.207224
1 20.742307 20.845344
1 22.011351 22.114310
1 29.948161 30.048075
1 18.954914 19.053321
1 22.920088 23.017957
1 24.154351 24.251541
1 23.627230 23.723150
1 27.950085 28.041568
1 24.813032 24.893608
1 27.417801 27.497635
1 26.215161 26.287177
1 22.326861 22.395299
1 26.592633 26.659401
1 31.361259 31.427220
1 27.484196 27.548531
1 13.952685 14.015236
1 27.072290 27.131081
1 23.584809 23.642913
1 31.801777 31.857891
1 22.824727 22.878441
1 23.398632 23.448853
1 24.676291 24.720168
1 25.637648 25.679891
1 18.086236 18.125022
1 31.209020 31.246793
1 18.239242 18.275614
1 29.511902 29.548254
1 29.643108 29.678873
1 24.654193 24.689483
1 36.695497 36.729053
1 29.664628 29.695587
1 26.966280 26.996736
1 21.231857 21.261261
1 26.592237 26.619698
1 27.034281 27.059270
1 23.598438 23.622578
1 23.024590 23.048218
1 20.022588 20.045592
1 8.157649 8.173556
1 25.053779 25.068711
1 17.991375 18.004440
1 30.917273 30.929920
1 24.138166 24.149486
1 25.538063 25.548417
1 29.278225 29.287627
1 21.796956 21.806337
1 21.110019 21.118926
1 32.426497 32.434580
1 20.218572 20.226065
1 26.837426 26.844791
1 24.805638 24.812894
1 32.020162 32.027090
1 22.893070 22.897710
1 25.703652 25.707823
1 21.180793 21.184963
1 19.022928 19.026318
1 17.308238 17.310527
1 22.781945 22.784198
1 23.256649 23.258895
1 26.434234 26.436219
1 22.312518 22.314441
1 25.047329 25.049058
1 22.334815 22.336350
1 27.103440 27.104819
1 21.713912 21.715209
1 17.168896 17.170079
1 16.518426 16.519098
1 19.878439 19.878792
1 27.595216 27.595429
1 29.566931 29.567117
1 19.918586 19.918608
1 31.922304 31.922308
0 0.000000 inf
0 0.000000 33.177918
0 0.000000 25.367401
0 0.000000 21.771240
0 0.000000 21.430865
0 0.000000 21.354438
0 0.000000 21.133151
0 0.000000 20.822264
0 0.000000 20.796923
0 0.000000 20.653278
0 0.000000 20.580044
0 0.000000 20.572757
0 0.000000 20.426104
0 0.000000 20.372226
0 0.000000 20.301278
0 0.000000 20.265479
0 0.000000 20.225322
0 0.000000 20.024992
0 0.000000 19.850164
0 0.000000 19.830900
0 0.000000 19.400911
0 0.000000 19.299953
0 0.000000 19.233953
0 0.000000 19.038916
0 0.000000 18.874514
0 0.000000 18.761861
0 0.000000 18.524437
0 0.000000 18.298491
0 0.000000 18.260613
0 0.000000 18.240778
0 0.000000 18.168252
0 0.000000 18.006518
0 0.000000 17.892378
0 0.000000 17.838120
0 0.000000 17.723130
0 0.000000 17.680298
0 0.000000 17.622107
0 0.000000 17.608186
0 0.000000 17.568312
0 0.000000 17.558669
0 0.000000 17.523001
0 0.000000 17.460485
0 0.000000 17.430891
0 0.000000 17.409920
0 0.000000 17.382717
0 0.000000 17.373455
0 0.000000 17.278070
0 0.000000 17.275971
0 0.000000 17.272912
0 0.000000 17.257443
0 0.000000 17.202996
0 0.000000 17.109606
0 0.000000 16.908524
0 0.000000 16.905677
0 0.000000 16.810174
0 0.000000 16.726865
0 0.000000 16.633089
0 0.000000 16.592816
0 0.000000 16.592265
0 0.000000 16.495339
0 0.000000 16.393179
0 0.000000 16.354893
0 0.000000 16.350157
0 0.000000 16.331447
0 0.000000 16.260613
0 0.000000 16.249562
0 0.000000 16.177662
0 0.000000 16.167581
0 0.000000 16.032512
0 0.000000 15.929385
0 0.000000 15.909161
0 0.000000 15.867618
0 0.000000 15.737266
0 0.000000 15.735060
0 0.000000 15.700052
0 0.000000 15.630230
0 0.000000 15.615584
0 0.000000 15.585494
0 0.000000 15.524576
0 0.000000 15.513551
0 0.000000 15.493754
0 0.000000 15.483346
0 0.000000 15.476633
0 0.000000 15.405757
0 0.000000 15.346907
0 0.000000 15.326864
0 0.000000 15.287513
0 0.000000 15.255261
0 0.000000 15.252824
0 0.000000 15.236950
0 0.000000 15.219456
0 0.000000 15.128026
0 0.000000 15.116711
0 0.000000 15.017028
0 0.000000 14.860019
0 0.000000 14.743516
0 0.000000 14.689910
0 0.000000 14.655444
0 0.000000 14.611472
0 0.000000 14.599238
0 0.000000 14.596454
0 0.000000 14.576277
0 0.000000 14.533185
0 0.000000 14.460312
0 0.000000 14.429494
0 0.000000 14.362872
0 0.000000 14.341988
0 0.000000 14.324264
0 0.000000 14.290101
0 0.000000 14.267851
0 0.000000 14.194583
0 0.000000 14.024897
0 0.000000 14.017014
0 0.000000 14.002768
0 0.000000 14.000066
0 0.000000 13.959343
0 0.000000 13.877910
0 0.000000 13.855771
0 0.000000 13.804962
0 0.000000 13.753535
0 0.000000 13.698259
0 0.000000 13.683730
0 0.000000 13.677109
0 0.000000 13.673841
0 0.000000 13.608280
0 0.000000 13.596693
0 0.000000 13.572259
0 0.000000 13.439104
0 0.000000 13.417732
0 0.000000 13.410188
0 0.000000 13.393392
0 0.000000 13.205014
0 0.000000 13.186518
0 0.000000 13.174509
0 0.000000 13.152237
0 0.000000 13.014494
0 0.000000 12.880036
0 0.000000 12.829964
0 0.000000 12.742704
0 0.000000 12.677955
0 0.000000 12.641311
0 0.000000 12.609926
0 0.000000 12.586607
0 0.000000 12.544216
0 0.000000 12.510652
0 0.000000 12.337593
0 0.000000 12.335892
0 0.000000 12.320819
0 0.000000 12.121701
0 0.000000 12.097840
0 0.000000 12.002415
0 0.000000 11.936081
0 0.000000 11.930763
0 0.000000 11.723274
0 0.000000 11.708763
0 0.000000 11.701386
0 0.000000 11.608440
0 0.000000 11.562484
0 0.000000 11.469344
0 0.000000 11.429283
0 0.000000 11.335255
0 0.000000 11.297037
0 0.000000 11.015342
0 0.000000 10.986749
0 0.000000 10.588157
0 0.000000 10.456758
0 0.000000 10.448553
0 0.000000 10.158861
0 0.000000 10.048467
0 0.000000 9.718769
0 0.000000 9.718219
0 0.000000 9.295231
0 0.000000 9.227733
0 0.000000 9.033982
0 0.000000 8.573061
0 0.000000 7.826040
0 0.000000 7.732446
0 0.000000 7.567146
0 0.000000 7.415747
0 0.000000 7.373337
0 0.000000 7.226614
0 0.000000 6.449313
0 0.000000 6.401274
0 0.000000 6.121646
0 0.000000 5.787143
0 0.000000 4.989925
0 0.000000 4.899586
