1 22.219700 inf
1 22.030602 34.666879
1 17.553925 30.034465
1 19.228429 31.662288
1 27.076646 37.911523
1 22.554266 33.306157
1 25.607673 36.222562
1 23.668210 33.886184
1 21.949066 32.044122
1 23.015741 32.833325
1 23.801474 32.995092
1 28.483649 37.591447
1 20.876514 29.900701
1 25.232633 34.243265
1 28.557174 37.387912
1 21.674613 30.398727
1 26.767601 35.387816
1 22.619195 31.138821
1 21.884032 30.057091
1 23.940658 31.967436
1 19.464736 27.382221
1 22.776078 30.629268
1 25.374835 32.925450
1 24.457660 31.984832
1 23.066926 30.416350
1 22.622544 29.824681
1 22.960205 30.086403
1 25.997385 32.876718
1 24.736618 31.528812
1 20.856004 27.391621
1 24.115393 30.593754
1 22.820799 29.203738
1 21.641762 27.818231
1 24.620932 30.713617
1 20.373534 26.419136
1 22.001194 27.971537
1 23.732979 29.689508
1 21.388420 27.204793
1 25.990038 31.801099
1 21.573360 27.349549
1 21.393665 27.082163
1 23.274848 28.916138
1 22.861717 28.375730
1 24.536709 29.669836
1 29.917480 35.047888
1 21.167705 26.280472
1 23.517010 28.610085
1 26.388087 31.397215
1 18.262042 23.230255
1 20.472375 25.295154
1 30.095847 34.763517
1 22.444417 27.104922
1 22.820760 27.169811
1 19.784119 24.105256
1 22.072837 26.355666
1 25.613702 29.817618
1 20.813069 24.990771
1 17.694444 21.866585
1 22.494162 26.568945
1 27.260408 30.932293
1 24.651269 28.292005
1 21.688781 25.260531
1 21.757161 25.306611
1 25.042105 28.580897
1 21.218172 24.719416
1 23.018633 26.388688
1 26.482740 29.753969
1 23.882172 27.140903
1 30.099002 33.332162
1 35.999126 39.221511
1 34.648004 37.818869
1 22.340852 25.451972
1 20.266986 23.271260
1 25.614085 28.600939
1 27.007176 29.955179
1 22.601404 25.521151
1 23.781161 26.664679
1 18.410649 21.235640
1 24.062235 26.845037
1 25.816523 28.596705
1 24.075213 26.802350
1 24.670310 27.347478
1 24.535104 27.202520
1 20.954073 23.611353
1 20.295734 22.947765
1 20.313610 22.944647
1 23.340605 25.866747
1 19.882677 22.387684
1 19.443676 21.930082
1 22.742324 25.181108
1 22.946712 25.304442
1 26.846139 29.194834
1 20.709650 23.031737
1 24.481791 26.778682
1 20.589499 22.876231
1 26.130772 28.396736
1 24.955359 27.184742
1 20.715490 22.928228
1 23.875489 26.059234
1 28.172578 30.317852
1 21.856944 23.975320
1 22.160364 24.170829
1 18.662198 20.668586
1 20.838807 22.826149
1 14.088668 16.059523
1 25.726999 27.673461
1 25.255528 27.128494
1 27.698360 29.543527
1 23.473248 25.296506
1 24.283710 26.104528
1 21.154145 22.955979
1 27.494231 29.269966
1 35.010413 36.781627
1 21.524097 23.277097
1 22.972188 24.717388
1 25.853121 27.591764
1 24.574361 26.279685
1 17.055078 18.758206
1 26.643667 28.340346
1 24.327535 26.015970
1 25.304072 26.988666
1 22.296259 23.961187
1 22.814810 24.473610
1 23.851266 25.486353
1 23.543490 25.140572
1 21.516338 23.101685
1 26.109413 27.675251
1 21.093591 22.655935
1 25.478392 27.025222
1 25.411327 26.946792
1 21.427062 22.955748
1 26.780354 28.308848
1 22.360379 23.869906
1 19.003539 20.511718
1 28.854002 30.357537
1 18.840359 20.307975
1 20.570018 22.031811
1 23.213672 24.643085
1 31.509907 32.905105
1 32.112907 33.502262
1 25.833386 27.210619
1 20.678542 22.049223
1 27.194802 28.548139
1 25.471084 26.822859
1 20.398408 21.735649
1 21.662500 22.997280
1 28.308925 29.623388
1 19.667594 20.944727
1 31.765001 33.029506
1 18.821725 20.074490
1 20.201565 21.453613
1 35.554367 36.791987
1 27.636817 28.863647
1 21.558662 22.780512
1 21.139109 22.358694
1 27.855702 29.072463
1 23.919618 25.122261
1 21.741666 22.935985
1 28.883250 30.020091
1 27.852093 28.967421
1 18.356131 19.470634
1 28.754969 29.841791
1 26.436783 27.487609
1 27.274339 28.323101
1 28.091260 29.116275
1 24.776564 25.801511
1 25.545277 26.565927
1 15.949912 16.956456
1 22.874458 23.880909
1 29.824081 30.826030
1 15.960162 16.958112
1 26.544109 27.539829
1 20.275738 21.265575
1 23.325335 24.309901
1 19.592309 20.573157
1 25.100291 26.071050
1 17.749249 18.702226
1 23.781785 24.711464
1 26.298476 27.225776
1 24.214372 25.138365
1 14.013440 14.930725
1 26.981924 27.879707
1 23.469160 24.339686
1 21.020498 21.863705
1 24.510615 25.353593
1 21.536682 22.356664
1 26.209849 27.028868
1 28.923736 29.730052
1 24.543898 25.333653
1 28.401456 29.138429
1 36.792423 37.523076
1 31.317234 32.041369
1 21.638849 22.354137
1 25.927724 26.629928
1 32.368687 33.069208
1 21.992453 22.690934
1 20.014026 20.700001
1 23.604870 24.278905
1 26.653595 27.322893
1 34.427089 35.079949
1 26.166701 26.815991
1 24.380271 25.021946
1 24.524769 25.162942
1 16.742652 17.373308
1 25.412677 26.031118
1 32.406757 33.024754
1 24.157601 24.742550
1 22.361972 22.940573
1 23.189067 23.759196
1 28.899519 29.468220
1 24.711511 25.254078
1 18.570209 19.109048
1 26.400495 26.936097
1 22.642049 23.174518
1 24.140017 24.665815
1 27.234027 27.759405
1 25.263453 25.783345
1 30.613967 31.125078
1 22.808661 23.309123
1 32.533420 33.022524
1 27.714026 28.199535
1 22.388186 22.853044
1 22.813970 23.278528
1 28.408595 28.854773
1 26.064835 26.502509
1 29.100830 29.537091
1 15.828599 16.259058
1 22.693914 23.118059
1 22.059636 22.476309
1 19.172167 19.585249
1 18.279192 18.678178
1 15.271824 15.670114
1 28.778931 29.176942
1 29.742427 30.138147
1 25.693387 26.085988
1 31.377931 31.766058
1 25.562493 25.928976
1 26.332800 26.696300
1 25.685875 26.044940
1 22.240554 22.586154
1 40.851408 41.195420
1 20.180164 20.510801
1 30.361824 30.684811
1 32.165864 32.483924
1 28.523970 28.835873
1 25.090495 25.382746
1 27.557664 27.842579
1 27.470303 27.727996
1 26.812075 27.065200
1 25.536641 25.789195
1 19.393550 19.626615
1 29.141764 29.356683
1 23.835852 24.043793
1 28.554953 28.761770
1 26.552344 26.740542
1 32.869040 33.052650
1 34.825275 35.006742
1 24.518923 24.693854
1 30.413829 30.587590
1 23.189009 23.361724
1 30.691099 30.847726
1 28.868885 29.017600
1 20.983019 21.125300
1 21.378601 21.496299
1 23.439396 23.556495
1 25.583291 25.693228
1 27.295234 27.395006
1 23.853964 23.951918
1 27.706148 27.803246
1 23.354232 23.446355
1 35.450196 35.540415
1 31.017686 31.106259
1 27.069733 27.150408
1 23.990207 24.068323
1 22.029146 22.102699
1 25.163609 25.235821
1 19.025462 19.095575
1 24.571930 24.640108
1 21.970192 22.035621
1 29.681027 29.745998
1 37.206276 37.270341
1 30.798358 30.859984
1 26.861574 26.917753
1 28.589033 28.640177
1 28.471558 28.522521
1 24.616302 24.659651
1 22.854505 22.893830
1 26.542364 26.581153
1 24.100585 24.133983
1 27.692435 27.722835
1 29.182343 29.210175
1 29.452539 29.476993
1 31.910028 31.927374
1 32.564646 32.576356
1 34.641461 34.652250
1 24.678631 24.689155
1 17.974268 17.984376
1 29.529548 29.538572
1 33.576796 33.585171
1 20.762852 20.769707
1 26.204001 26.210451
1 32.804204 32.810587
1 20.762986 20.768569
1 18.944057 18.948717
1 23.786771 23.790678
1 27.329924 27.333305
1 32.444363 32.447136
1 37.364087 37.366303
1 26.607499 26.609694
1 26.519160 26.520954
1 29.405846 29.407382
1 29.524057 29.525351
1 23.374754 23.375151
1 27.703489 27.703551
0 0.000000 inf
0 0.000000 26.044008
0 0.000000 25.727501
0 0.000000 25.262463
0 0.000000 24.198062
0 0.000000 23.459811
0 0.000000 23.200463
0 0.000000 23.050951
0 0.000000 22.307537
0 0.000000 22.263029
0 0.000000 22.234391
0 0.000000 21.978201
0 0.000000 21.947980
0 0.000000 21.935968
0 0.000000 21.778399
0 0.000000 21.763897
0 0.000000 21.696978
0 0.000000 21.669985
0 0.000000 21.660850
0 0.000000 21.609875
0 0.000000 21.532325
0 0.000000 21.524827
0 0.000000 21.507130
0 0.000000 21.432331
0 0.000000 21.419573
0 0.000000 21.376170
0 0.000000 21.143828
0 0.000000 21.120917
0 0.000000 21.102304
0 0.000000 20.948008
0 0.000000 20.859289
0 0.000000 20.837602
0 0.000000 20.754764
0 0.000000 20.746969
0 0.000000 20.712825
0 0.000000 20.669815
0 0.000000 20.608727
0 0.000000 20.595347
0 0.000000 20.520145
0 0.000000 20.477026
0 0.000000 20.303344
0 0.000000 20.295400
0 0.000000 20.241145
0 0.000000 20.231383
0 0.000000 20.174806
0 0.000000 20.134615
0 0.000000 19.902052
0 0.000000 19.884948
0 0.000000 19.861303
0 0.000000 19.823949
0 0.000000 19.700221
0 0.000000 19.634438
0 0.000000 19.490673
0 0.000000 19.431863
0 0.000000 19.426854
0 0.000000 19.380571
0 0.000000 19.344167
0 0.000000 19.290395
0 0.000000 19.258671
0 0.000000 19.211414
0 0.000000 19.004323
0 0.000000 18.963232
0 0.000000 18.948377
0 0.000000 18.857499
0 0.000000 18.847222
0 0.000000 18.805083
0 0.000000 18.743110
0 0.000000 18.729818
0 0.000000 18.682268
0 0.000000 18.666284
0 0.000000 18.634893
0 0.000000 18.596592
0 0.000000 18.566126
0 0.000000 18.529615
0 0.000000 18.503411
0 0.000000 18.373391
0 0.000000 18.349942
0 0.000000 18.345949
0 0.000000 18.232007
0 0.000000 18.198201
0 0.000000 18.194079
0 0.000000 18.188996
0 0.000000 18.055004
0 0.000000 18.028799
0 0.000000 17.966394
0 0.000000 17.957097
0 0.000000 17.942433
0 0.000000 17.927718
0 0.000000 17.913407
0 0.000000 17.657772
0 0.000000 17.644352
0 0.000000 17.643058
0 0.000000 17.557683
0 0.000000 17.556650
0 0.000000 17.528604
0 0.000000 17.420913
0 0.000000 17.367015
0 0.000000 17.360117
0 0.000000 17.281867
0 0.000000 17.263883
0 0.000000 17.247463
0 0.000000 17.202664
0 0.000000 17.172955
0 0.000000 17.165050
0 0.000000 17.097488
0 0.000000 17.091812
0 0.000000 17.082692
0 0.000000 17.074152
0 0.000000 17.065619
0 0.000000 16.977656
0 0.000000 16.953863
0 0.000000 16.952411
0 0.000000 16.938733
0 0.000000 16.928162
0 0.000000 16.779794
0 0.000000 16.740312
0 0.000000 16.674851
0 0.000000 16.674358
0 0.000000 16.567600
0 0.000000 16.565745
0 0.000000 16.405456
0 0.000000 16.394498
0 0.000000 16.313363
0 0.000000 16.299060
0 0.000000 16.226005
0 0.000000 16.193828
0 0.000000 16.183029
0 0.000000 16.175817
0 0.000000 16.165330
0 0.000000 16.099813
0 0.000000 16.023948
0 0.000000 15.993823
0 0.000000 15.952882
0 0.000000 15.942475
0 0.000000 15.930341
0 0.000000 15.925200
0 0.000000 15.850122
0 0.000000 15.802092
0 0.000000 15.772664
0 0.000000 15.763297
0 0.000000 15.756000
0 0.000000 15.720127
0 0.000000 15.568230
0 0.000000 15.186562
0 0.000000 15.024432
0 0.000000 14.994214
0 0.000000 14.880794
0 0.000000 14.774810
0 0.000000 14.748365
0 0.000000 14.671263
0 0.000000 14.659122
0 0.000000 14.527160
0 0.000000 14.487035
0 0.000000 14.449200
0 0.000000 14.345078
0 0.000000 14.279555
0 0.000000 14.240451
0 0.000000 14.232902
0 0.000000 14.091583
0 0.000000 13.879351
0 0.000000 13.873425
0 0.000000 13.820464
0 0.000000 13.809214
0 0.000000 13.777462
0 0.000000 13.485380
0 0.000000 13.417410
0 0.000000 13.401117
0 0.000000 13.245684
0 0.000000 13.113970
0 0.000000 12.863941
0 0.000000 12.620833
0 0.000000 12.479318
0 0.000000 12.398420
0 0.000000 12.364543
0 0.000000 12.146677
0 0.000000 12.032114
0 0.000000 11.763336
0 0.000000 11.745308
0 0.000000 11.702706
0 0.000000 11.553061
0 0.000000 11.478889
0 0.000000 11.440098
0 0.000000 11.161183
0 0.000000 10.724684
0 0.000000 10.324513
0 0.000000 10.203482
0 0.000000 9.999342
