1 27.080630 49.830843
1 24.207641 41.067856
1 30.067876 45.541474
1 27.220296 42.664693
1 23.835114 38.545826
1 24.099578 38.300797
1 25.865206 39.925693
1 25.604726 39.544152
1 24.761270 38.463430
1 23.810870 37.146683
1 26.547893 39.443079
1 20.645749 32.688534
1 25.661724 36.033347
1 27.463351 37.340285
1 22.843951 32.535937
1 27.044254 36.693870
1 29.160241 38.736621
1 20.055700 29.617928
1 25.173176 34.013987
1 27.457242 36.254594
1 29.964769 38.487199
1 25.937416 34.379506
1 24.189006 32.437045
1 24.941780 33.152213
1 21.269059 29.387750
1 19.816472 27.876843
1 28.421169 36.392352
1 25.949068 33.807562
1 20.273916 28.105725
1 19.281025 26.924263
1 30.951124 38.410160
1 25.713387 33.135009
1 35.189444 42.440659
1 23.324630 30.247640
1 23.803390 30.685491
1 17.939736 24.737781
1 33.545446 40.177406
1 26.555180 33.127579
1 21.958329 28.528916
1 31.746110 38.210453
1 27.280475 33.743408
1 31.499055 37.759362
1 25.768636 31.978119
1 23.077073 29.222137
1 37.000938 43.060361
1 27.385753 33.390982
1 28.269982 34.264627
1 26.049531 31.927399
1 24.764622 30.510292
1 23.860533 29.440508
1 26.042107 31.530358
1 28.440839 33.858712
1 22.472160 27.819212
1 22.342040 27.659322
1 28.502956 33.786999
1 26.003589 31.058604
1 23.363531 28.326924
1 25.155161 30.085646
1 27.083565 31.957463
1 32.248199 36.998785
1 23.135130 27.452656
1 35.201147 39.509099
1 22.146369 26.440741
1 28.885231 33.148721
1 28.084829 32.092038
1 16.525048 20.369772
1 22.279548 26.030428
1 36.976789 40.629374
1 26.159934 29.795413
1 22.006832 25.234563
1 30.023773 33.213265
1 35.976715 39.061825
1 21.577167 24.552270
1 31.901533 34.869037
1 30.591731 33.518053
1 25.639782 28.535687
1 27.493846 30.313497
1 26.741010 29.517836
1 31.954643 34.730428
1 33.461015 36.230724
1 26.003223 28.760119
1 24.230958 26.978686
1 24.148381 26.896010
1 39.038078 41.747503
1 18.026550 20.734406
1 34.646130 37.298705
1 29.994653 32.640862
1 30.478055 33.062335
1 24.382577 26.937659
1 28.197435 30.749921
1 22.746599 25.291257
1 37.368668 39.904796
1 27.551938 30.067989
1 29.878639 32.370914
1 33.463884 35.901191
1 26.364767 28.786561
1 22.053557 24.463401
1 27.510590 29.883976
1 24.019469 26.379272
1 28.034944 30.374359
1 30.175515 32.510706
1 30.048230 32.369967
1 16.976349 19.202969
1 20.993195 23.196795
1 19.831642 21.998471
1 31.228000 33.381255
1 25.595308 27.739048
1 27.626708 29.763130
1 45.444081 47.552585
1 26.580936 28.679597
1 30.865370 32.931574
1 32.163800 34.057100
1 23.011629 24.901824
1 22.891663 24.779027
1 23.686897 25.570606
1 26.505425 28.369057
1 31.451451 33.278853
1 21.359972 23.175957
1 26.414499 28.217119
1 34.533698 36.329712
1 30.374342 32.168631
1 29.078246 30.870036
1 26.228271 27.996464
1 28.366924 30.115255
1 18.765080 20.501649
1 30.679909 32.334667
1 43.880894 45.508520
1 30.765920 32.391409
1 31.995001 33.604762
1 33.293856 34.901884
1 26.375422 27.971816
1 33.487694 35.050771
1 26.832549 28.393669
1 30.567274 32.111317
1 25.087474 26.610714
1 24.338430 25.822966
1 32.207575 33.690345
1 30.312731 31.789749
1 22.064144 23.494098
1 34.098621 35.524253
1 25.970717 27.374683
1 30.718659 32.093996
1 29.611648 30.981073
1 23.074104 24.419023
1 35.888822 37.219237
1 36.375092 37.698421
1 27.360197 28.658118
1 18.547876 19.804497
1 30.267196 31.514806
1 30.001887 31.236687
1 26.331065 27.486418
1 18.862466 20.009919
1 30.305824 31.411230
1 31.110450 32.215120
1 23.692567 24.792815
1 37.175477 38.264474
1 16.685041 17.773439
1 27.006278 28.087038
1 32.993900 34.055449
1 27.959027 28.994417
1 33.983414 35.006906
1 28.569318 29.566270
1 20.769559 21.754076
1 33.376352 34.354513
1 31.589568 32.506660
1 28.685693 29.577480
1 32.598619 33.488901
1 21.444761 22.296239
1 31.900461 32.736993
1 31.965988 32.800357
1 39.533898 40.366971
1 27.112816 27.933260
1 27.361650 28.178068
1 18.782635 19.588761
1 29.956987 30.762588
1 34.348913 35.138681
1 37.512667 38.301068
1 29.314294 30.100982
1 32.478925 33.246781
1 26.114845 26.865864
1 37.533526 38.267615
1 21.040954 21.763430
1 25.308059 26.005053
1 25.817066 26.507994
1 46.937538 47.593151
1 24.407944 25.053205
1 26.666784 27.295679
1 30.221780 30.848752
1 40.136516 40.752621
1 19.303471 19.909385
1 31.748005 32.346872
1 21.750260 22.345217
1 28.608527 29.201806
1 30.047266 30.639441
1 25.106493 25.677644
1 22.732008 23.283844
1 25.421263 25.957953
1 31.524687 32.046885
1 31.920621 32.437770
1 24.868135 25.377688
1 31.270472 31.775590
1 26.274463 26.772804
1 24.866818 25.365114
1 40.804235 41.298662
1 31.082280 31.566218
1 22.767464 23.219257
1 32.380062 32.828819
1 12.423088 12.867320
1 44.618575 45.039180
1 27.504833 27.916883
1 33.060822 33.470304
1 32.125495 32.527209
1 29.848760 30.241744
1 21.183750 21.563847
1 30.113327 30.490420
1 26.909398 27.259508
1 40.989738 41.326524
1 21.705563 22.037390
1 27.083901 27.407807
1 36.366002 36.689564
1 17.192969 17.513878
1 26.333425 26.650009
1 27.396381 27.710903
1 23.154001 23.457866
1 28.601131 28.902061
1 27.561450 27.861905
1 28.280693 28.568910
1 25.339923 25.620199
1 25.508952 25.786828
1 33.347440 33.622897
1 28.356343 28.617161
1 32.740902 33.001371
1 34.784360 35.035751
1 23.440028 23.689133
1 17.667498 17.913977
1 29.395352 29.632302
1 29.906242 30.140266
1 30.207335 30.436767
1 32.545942 32.764853
1 31.436885 31.655033
1 35.727017 35.935862
1 42.363791 42.568035
1 35.802321 35.996135
1 30.885148 31.069735
1 27.381616 27.561845
1 31.498036 31.666079
1 33.931882 34.099661
1 28.562822 28.729160
1 26.378461 26.543194
1 25.454377 25.603789
1 25.386331 25.535058
1 31.241334 31.388565
1 35.275986 35.416707
1 28.784930 28.923100
1 36.327352 36.464958
1 28.193405 28.324540
1 31.020555 31.149580
1 28.460510 28.585750
1 36.113385 36.233006
1 29.027360 29.141888
1 35.110836 35.220718
1 25.913251 26.022224
1 38.237826 38.345199
1 40.042998 40.149332
1 36.084876 36.179820
1 29.053492 29.143343
1 39.360626 39.444043
1 30.712602 30.793015
1 24.151843 24.230212
1 22.375756 22.450558
1 23.774962 23.846344
1 33.129155 33.195838
1 17.749499 17.809311
1 28.058335 28.117732
1 16.573180 16.625196
1 38.461849 38.512487
1 27.370265 27.414836
1 33.617454 33.660838
1 19.338166 19.380800
1 24.702497 24.743638
1 25.079539 25.117895
1 26.804623 26.840220
1 22.746104 22.780828
1 28.261946 28.296210
1 29.821616 29.854688
1 32.377920 32.408946
1 29.409037 29.437068
1 30.893630 30.918145
1 40.238287 40.259441
1 31.410629 31.431159
1 36.240970 36.261482
1 25.154021 25.173273
1 28.917041 28.934485
1 25.366710 25.383483
1 21.801670 21.816167
1 36.538415 36.551828
1 28.581505 28.594774
1 35.834142 35.846899
1 26.684223 26.695411
1 37.447141 37.458099
1 38.120104 38.130267
1 35.371802 35.381147
1 29.665729 29.672776
1 31.750109 31.756631
1 27.662943 27.668918
1 27.030524 27.036479
1 23.588256 23.593938
1 29.190900 29.196579
1 29.517871 29.523159
1 26.519596 26.523751
1 23.557610 23.561355
1 31.930703 31.933074
1 16.723353 16.725289
1 25.498414 25.500249
1 28.168840 28.170393
1 33.138942 33.139801
1 22.760364 22.760847
1 25.816612 25.817040
1 23.792474 23.792591
1 30.442400 30.442481
0 0.000000 inf
0 0.000000 32.955514
0 0.000000 32.319476
0 0.000000 28.688989
0 0.000000 26.805609
0 0.000000 26.786756
0 0.000000 26.785726
0 0.000000 26.455631
0 0.000000 26.313776
0 0.000000 26.224388
0 0.000000 25.947935
0 0.000000 25.863807
0 0.000000 25.814125
0 0.000000 25.610086
0 0.000000 25.351486
0 0.000000 25.266370
0 0.000000 24.779339
0 0.000000 24.712083
0 0.000000 24.642778
0 0.000000 24.621782
0 0.000000 24.474002
0 0.000000 24.328985
0 0.000000 24.316838
0 0.000000 24.191638
0 0.000000 24.054720
0 0.000000 23.920179
0 0.000000 23.880637
0 0.000000 23.793145
0 0.000000 23.662462
0 0.000000 23.621093
0 0.000000 23.575574
0 0.000000 23.555732
0 0.000000 23.401747
0 0.000000 23.383488
0 0.000000 23.357328
0 0.000000 23.351532
0 0.000000 23.222281
0 0.000000 23.215577
0 0.000000 23.050605
0 0.000000 23.000614
0 0.000000 22.957720
0 0.000000 22.938237
0 0.000000 22.920677
0 0.000000 22.896936
0 0.000000 22.761892
0 0.000000 22.755970
0 0.000000 22.746874
0 0.000000 22.642790
0 0.000000 22.617965
0 0.000000 22.601507
0 0.000000 22.390804
0 0.000000 21.980312
0 0.000000 21.921496
0 0.000000 21.850571
0 0.000000 21.848731
0 0.000000 21.846356
0 0.000000 21.840691
0 0.000000 21.720317
0 0.000000 21.697930
0 0.000000 21.658334
0 0.000000 21.635223
0 0.000000 21.523353
0 0.000000 21.462333
0 0.000000 21.390712
0 0.000000 21.295078
0 0.000000 21.240409
0 0.000000 21.227281
0 0.000000 21.185762
0 0.000000 21.157271
0 0.000000 21.142532
0 0.000000 21.077916
0 0.000000 21.007833
0 0.000000 20.955271
0 0.000000 20.916807
0 0.000000 20.837539
0 0.000000 20.688206
0 0.000000 20.547908
0 0.000000 20.539217
0 0.000000 20.474919
0 0.000000 20.467594
0 0.000000 20.441365
0 0.000000 20.419641
0 0.000000 20.343719
0 0.000000 20.324031
0 0.000000 20.283729
0 0.000000 20.281386
0 0.000000 20.230666
0 0.000000 20.222715
0 0.000000 20.117835
0 0.000000 20.110721
0 0.000000 20.096135
0 0.000000 19.856331
0 0.000000 19.821379
0 0.000000 19.781275
0 0.000000 19.779126
0 0.000000 19.661896
0 0.000000 19.365387
0 0.000000 19.348145
0 0.000000 19.259746
0 0.000000 19.249002
0 0.000000 19.245008
0 0.000000 19.178237
0 0.000000 19.159737
0 0.000000 19.104015
0 0.000000 19.083046
0 0.000000 19.078991
0 0.000000 19.078074
0 0.000000 19.001677
0 0.000000 18.990186
0 0.000000 18.951841
0 0.000000 18.861863
0 0.000000 18.699356
0 0.000000 18.691079
0 0.000000 18.572328
0 0.000000 18.495774
0 0.000000 18.490743
0 0.000000 18.425165
0 0.000000 18.354760
0 0.000000 18.333592
0 0.000000 18.332400
0 0.000000 18.258934
0 0.000000 18.228968
0 0.000000 18.223987
0 0.000000 18.184715
0 0.000000 18.009078
0 0.000000 17.946641
0 0.000000 17.793263
0 0.000000 17.786346
0 0.000000 17.740952
0 0.000000 17.692116
0 0.000000 17.605027
0 0.000000 17.540984
0 0.000000 17.488011
0 0.000000 17.402847
0 0.000000 17.341088
0 0.000000 17.280298
0 0.000000 17.276490
0 0.000000 17.248756
0 0.000000 17.237514
0 0.000000 17.179702
0 0.000000 16.904582
0 0.000000 16.876273
0 0.000000 16.837600
0 0.000000 16.762901
0 0.000000 16.690849
0 0.000000 16.679256
0 0.000000 16.587324
0 0.000000 16.452200
0 0.000000 16.431562
0 0.000000 16.400809
0 0.000000 16.371014
0 0.000000 16.356967
0 0.000000 16.322086
0 0.000000 16.054866
0 0.000000 16.046874
0 0.000000 15.840154
0 0.000000 15.678314
0 0.000000 15.451428
0 0.000000 15.290993
0 0.000000 15.130569
0 0.000000 15.100855
0 0.000000 15.049724
0 0.000000 14.927093
0 0.000000 14.878662
0 0.000000 14.806838
0 0.000000 14.786725
0 0.000000 14.261703
0 0.000000 14.204228
0 0.000000 14.183904
0 0.000000 14.115721
0 0.000000 13.630648
0 0.000000 13.393191
0 0.000000 12.986733
0 0.000000 12.969870
0 0.000000 12.895519
0 0.000000 12.635829
0 0.000000 12.189857
0 0.000000 11.992004
0 0.000000 11.959776
0 0.000000 11.836776
0 0.000000 11.466399
0 0.000000 11.103461
0 0.000000 11.002190
0 0.000000 10.530818
0 0.000000 9.881830
0 0.000000 9.812905
0 0.000000 7.015066
