1 22.124425 40.323769
1 23.050749 38.535208
1 19.069470 33.866910
1 22.770569 35.858988
1 25.511073 37.738950
1 22.003804 33.386071
1 19.931273 31.022999
1 23.794392 34.585229
1 19.526273 29.097558
1 16.304293 25.697221
1 26.918584 36.286193
1 31.425056 40.526670
1 28.721308 37.613572
1 19.788730 28.254626
1 25.424263 33.477326
1 21.659904 29.530210
1 19.259551 27.082234
1 22.250705 29.857165
1 20.066878 27.294638
1 25.301409 32.247940
1 22.850337 29.659412
1 21.715687 28.500681
1 24.492371 31.172001
1 24.595321 31.124797
1 20.440514 26.907625
1 20.583864 26.773424
1 26.127605 32.258650
1 18.911633 24.911832
1 27.070594 33.008668
1 24.116852 30.047314
1 25.091380 30.728098
1 28.908487 34.526179
1 18.922313 24.536412
1 20.032707 25.604523
1 26.757481 31.846303
1 21.841613 26.919653
1 29.645941 34.708497
1 35.172569 40.107759
1 17.880270 22.718037
1 19.763804 24.453331
1 21.124384 25.806670
1 13.350409 17.987713
1 23.191492 27.758445
1 27.785376 32.224573
1 23.847090 28.245833
1 24.817391 29.054313
1 17.239136 21.459615
1 17.129405 21.158487
1 22.075362 26.092123
1 26.390257 30.310981
1 30.173721 34.089840
1 21.033036 24.860507
1 20.764937 24.554282
1 22.112922 25.885068
1 17.804114 21.437579
1 25.093119 28.567401
1 21.858850 25.319152
1 19.625150 23.083400
1 22.637018 26.018422
1 20.765174 24.100394
1 17.973587 21.298859
1 21.216278 24.390068
1 25.095923 28.141354
1 28.255821 31.262376
1 31.143466 34.073214
1 23.076023 25.984382
1 21.504899 24.380927
1 22.862402 25.663120
1 20.786276 23.545816
1 21.169154 23.695264
1 18.334421 20.839349
1 24.490112 26.977250
1 32.555761 35.004732
1 31.127008 33.512783
1 28.231793 30.613697
1 25.460446 27.842216
1 25.341249 27.721777
1 23.387479 25.765860
1 20.466745 22.817793
1 20.535919 22.877314
1 34.446232 36.713637
1 18.624918 20.889727
1 19.775551 22.024967
1 22.246324 24.473374
1 18.328742 20.547058
1 24.112469 26.268760
1 23.459986 25.564894
1 26.035147 28.113266
1 33.787823 35.806813
1 24.989524 27.000422
1 21.668334 23.650109
1 23.309445 25.265261
1 30.916512 32.861742
1 33.271024 35.153526
1 27.547321 29.422774
1 25.135317 26.934140
1 27.148256 28.929330
1 22.255396 24.008147
1 24.261383 25.999032
1 31.042777 32.772812
1 21.611368 23.312567
1 17.864202 19.559933
1 22.696596 24.357277
1 22.890049 24.531371
1 30.587430 32.224141
1 13.252463 14.883388
1 21.439333 23.055955
1 18.525952 20.137596
1 18.547518 20.158961
1 21.328157 22.935173
1 30.645443 32.241809
1 21.626374 23.195974
1 22.770577 24.334513
1 26.741977 28.303137
1 16.516177 18.044814
1 20.064400 21.525453
1 28.706241 30.160308
1 31.252176 32.694342
1 25.230378 26.670138
1 16.669069 18.105179
1 20.900092 22.322206
1 20.477347 21.885994
1 28.203131 29.566983
1 19.199405 20.561537
1 14.128749 15.463325
1 12.359782 13.691689
1 23.164242 24.480251
1 30.950007 32.234551
1 22.226248 23.505285
1 19.634870 20.910137
1 23.479191 24.751818
1 15.448238 16.702482
1 19.089842 20.340100
1 19.518430 20.718651
1 34.804811 35.967803
1 39.804892 40.951935
1 30.535296 31.668073
1 17.212537 18.341487
1 16.891327 18.007490
1 26.941155 28.022900
1 17.294532 18.354711
1 24.325438 25.373112
1 24.056125 25.082054
1 20.852328 21.868402
1 23.875450 24.889134
1 26.932423 27.926511
1 30.015498 31.002597
1 23.560340 24.536698
1 19.074872 20.024295
1 23.024588 23.969621
1 19.409211 20.344056
1 16.699591 17.633155
1 30.257392 31.185156
1 18.557091 19.472689
1 22.872306 23.774942
1 22.161461 23.063599
1 22.981123 23.858760
1 25.336539 26.206528
1 27.235556 28.090811
1 29.195270 29.998111
1 24.969524 25.763177
1 20.448460 21.236683
1 21.711262 22.498113
1 27.908780 28.672974
1 34.898446 35.655561
1 36.405711 37.155190
1 30.432349 31.163082
1 31.141240 31.830329
1 27.960439 28.642486
1 18.499990 19.181447
1 20.571744 21.244853
1 27.385710 28.056061
1 22.589912 23.247528
1 21.786260 22.433987
1 25.228943 25.868303
1 22.211041 22.824988
1 25.014374 25.626686
1 16.427337 17.022489
1 31.942251 32.513036
1 23.849174 24.414987
1 26.980774 27.539444
1 27.192011 27.746420
1 18.122495 18.671928
1 23.112671 23.652980
1 23.661053 24.200397
1 31.942445 32.472269
1 23.531796 24.052455
1 24.388329 24.900645
1 15.201080 15.707006
1 22.812225 23.313329
1 18.797409 19.298078
1 31.259498 31.758603
1 25.643796 26.136964
1 34.769417 35.260891
1 23.526178 24.007012
1 35.008253 35.488244
1 24.575499 25.054177
1 24.437914 24.915906
1 25.528345 25.978903
1 9.756901 10.202602
1 15.489352 15.932569
1 23.218326 23.650268
1 24.013894 24.444496
1 31.566094 31.995898
1 25.583236 26.010813
1 30.533898 30.960426
1 26.808820 27.228331
1 27.812776 28.231586
1 20.189505 20.601088
1 16.845841 17.255672
1 22.848679 23.248418
1 23.905845 24.304564
1 38.734158 39.104543
1 22.337523 22.705830
1 25.809896 26.162895
1 16.455247 16.801508
1 35.849519 36.184585
1 21.975991 22.302438
1 28.623292 28.937997
1 26.725435 27.035611
1 24.723716 25.031918
1 29.668617 29.974284
1 36.144562 36.445404
1 22.958866 23.258558
1 25.447580 25.742446
1 15.552621 15.840436
1 27.739643 28.020774
1 19.488133 19.769160
1 17.818800 18.093614
1 25.691012 25.926922
1 23.514465 23.747630
1 31.458570 31.686505
1 32.481456 32.701891
1 17.555447 17.768708
1 27.201349 27.412779
1 31.946300 32.147392
1 29.022922 29.220775
1 20.884065 21.079517
1 22.338372 22.516791
1 28.846832 29.022226
1 23.402212 23.570994
1 31.037897 31.206344
1 15.880718 16.045194
1 20.932107 21.096414
1 37.407767 37.570281
1 27.935874 28.095543
1 23.707556 23.861007
1 27.386599 27.537337
1 20.588170 20.726219
1 32.575207 32.704458
1 17.361362 17.487971
1 31.494873 31.616244
1 32.430195 32.550881
1 39.774045 39.889729
1 33.590262 33.701896
1 16.081869 16.190662
1 29.790558 29.891548
1 29.141568 29.237296
1 20.980480 21.075687
1 25.944267 26.039304
1 15.376934 15.471528
1 31.600688 31.692949
1 25.740444 25.831694
1 30.712578 30.799319
1 25.174963 25.260488
1 30.005647 30.091106
1 33.649812 33.733092
1 19.208204 19.287659
1 37.775719 37.850910
1 27.417564 27.489270
1 26.778094 26.849291
1 28.123798 28.189781
1 21.497329 21.559671
1 18.074909 18.136279
1 21.826257 21.886710
1 17.248802 17.304234
1 19.475278 19.528446
1 22.785001 22.835424
1 30.417646 30.462852
1 24.485017 24.528780
1 23.814437 23.856338
1 33.221697 33.262984
1 17.806027 17.846595
1 32.097872 32.137879
1 26.977983 27.017105
1 29.973476 30.012200
1 24.566068 24.604529
1 23.953649 23.990628
1 17.485270 17.521827
1 25.259434 25.294534
1 24.153029 24.187242
1 32.615215 32.646755
1 26.352844 26.383564
1 19.338391 19.366518
1 19.897067 19.921596
1 29.162347 29.186679
1 16.009775 16.033348
1 21.483552 21.506087
1 18.108890 18.130238
1 19.594054 19.614802
1 18.499294 18.519579
1 31.489210 31.502704
1 26.297715 26.310825
1 26.863506 26.876025
1 26.819333 26.825647
1 31.351785 31.356723
1 20.797688 20.801913
1 23.755478 23.756906
1 26.119693 26.120731
1 24.702912 24.703822
1 18.321847 18.322448
1 20.596453 20.597027
1 26.839387 26.839919
1 22.666131 22.666622
1 28.428264 28.428442
1 20.569293 20.569424
1 31.080496 31.080570
1 22.557867 22.557890
1 37.294089 37.294102
0 0.000000 inf
0 0.000000 28.437611
0 0.000000 28.035492
0 0.000000 26.702698
0 0.000000 26.287032
0 0.000000 25.523667
0 0.000000 25.402481
0 0.000000 24.728637
0 0.000000 24.370551
0 0.000000 24.149340
0 0.000000 23.225986
0 0.000000 22.810398
0 0.000000 22.784856
0 0.000000 22.742646
0 0.000000 22.328891
0 0.000000 22.228810
0 0.000000 22.129346
0 0.000000 22.112733
0 0.000000 22.077966
0 0.000000 21.946000
0 0.000000 21.696431
0 0.000000 21.655311
0 0.000000 21.631315
0 0.000000 21.567655
0 0.000000 21.484830
0 0.000000 21.369082
0 0.000000 21.329645
0 0.000000 21.272882
0 0.000000 21.116543
0 0.000000 20.855192
0 0.000000 20.787301
0 0.000000 20.753568
0 0.000000 20.588655
0 0.000000 20.384510
0 0.000000 20.330681
0 0.000000 20.309295
0 0.000000 20.302669
0 0.000000 20.004556
0 0.000000 19.850329
0 0.000000 19.833448
0 0.000000 19.824323
0 0.000000 19.628706
0 0.000000 19.568278
0 0.000000 19.560714
0 0.000000 19.241770
0 0.000000 19.196637
0 0.000000 19.187803
0 0.000000 19.061343
0 0.000000 19.058703
0 0.000000 18.959164
0 0.000000 18.949010
0 0.000000 18.938496
0 0.000000 18.926835
0 0.000000 18.840742
0 0.000000 18.674167
0 0.000000 18.625274
0 0.000000 18.623355
0 0.000000 18.578139
0 0.000000 18.507632
0 0.000000 18.422570
0 0.000000 18.373730
0 0.000000 18.338552
0 0.000000 18.320761
0 0.000000 18.235022
0 0.000000 18.184934
0 0.000000 18.093822
0 0.000000 18.026663
0 0.000000 17.928426
0 0.000000 17.859877
0 0.000000 17.816441
0 0.000000 17.723999
0 0.000000 17.723768
0 0.000000 17.715551
0 0.000000 17.691266
0 0.000000 17.647159
0 0.000000 17.598734
0 0.000000 17.592114
0 0.000000 17.522405
0 0.000000 17.503807
0 0.000000 17.489997
0 0.000000 17.476165
0 0.000000 17.472675
0 0.000000 17.403004
0 0.000000 17.344318
0 0.000000 17.234822
0 0.000000 17.231864
0 0.000000 17.058944
0 0.000000 17.037983
0 0.000000 16.976674
0 0.000000 16.946108
0 0.000000 16.922275
0 0.000000 16.910073
0 0.000000 16.835209
0 0.000000 16.798865
0 0.000000 16.607792
0 0.000000 16.594697
0 0.000000 16.494113
0 0.000000 16.490781
0 0.000000 16.445404
0 0.000000 16.394049
0 0.000000 16.346184
0 0.000000 16.310312
0 0.000000 16.286174
0 0.000000 16.076750
0 0.000000 16.058120
0 0.000000 16.056038
0 0.000000 15.999497
0 0.000000 15.959129
0 0.000000 15.944326
0 0.000000 15.891366
0 0.000000 15.856125
0 0.000000 15.745470
0 0.000000 15.623516
0 0.000000 15.526716
0 0.000000 15.495595
0 0.000000 15.486481
0 0.000000 15.404958
0 0.000000 15.359136
0 0.000000 15.274588
0 0.000000 15.120090
0 0.000000 15.077125
0 0.000000 14.977593
0 0.000000 14.948721
0 0.000000 14.896918
0 0.000000 14.716367
0 0.000000 14.547151
0 0.000000 14.517036
0 0.000000 14.458960
0 0.000000 14.366018
0 0.000000 14.355859
0 0.000000 14.239378
0 0.000000 14.156052
0 0.000000 14.130760
0 0.000000 13.979826
0 0.000000 13.976058
0 0.000000 13.973108
0 0.000000 13.941380
0 0.000000 13.836608
0 0.000000 13.812937
0 0.000000 13.697135
0 0.000000 13.587437
0 0.000000 13.216924
0 0.000000 13.199786
0 0.000000 13.117097
0 0.000000 12.976856
0 0.000000 12.933187
0 0.000000 12.907495
0 0.000000 12.791566
0 0.000000 12.542378
0 0.000000 12.436385
0 0.000000 12.345420
0 0.000000 12.323913
0 0.000000 12.250899
0 0.000000 12.213252
0 0.000000 12.181593
0 0.000000 12.108793
0 0.000000 12.107758
0 0.000000 12.055911
0 0.000000 11.890159
0 0.000000 11.641283
0 0.000000 11.616298
0 0.000000 11.608232
0 0.000000 11.580734
0 0.000000 11.535339
0 0.000000 11.528512
0 0.000000 11.323932
0 0.000000 10.803343
0 0.000000 10.778772
0 0.000000 10.686967
0 0.000000 10.666835
0 0.000000 10.617341
0 0.000000 10.607367
0 0.000000 10.452467
0 0.000000 10.319208
0 0.000000 10.277754
0 0.000000 9.602385
0 0.000000 9.533373
0 0.000000 9.456188
0 0.000000 9.183726
0 0.000000 9.097569
0 0.000000 8.915530
0 0.000000 8.057499
0 0.000000 7.859556
0 0.000000 7.577152
0 0.000000 7.087793
0 0.000000 7.075974
0 0.000000 6.328750
