1 20.883036 34.168729
1 18.571358 30.952410
1 16.736999 29.031944
1 18.892997 30.671288
1 24.423964 35.623849
1 17.560767 28.417373
1 21.820243 31.353730
1 17.318005 26.812094
1 19.738502 28.915544
1 20.102010 28.942319
1 19.821028 28.404058
1 17.007043 25.529272
1 19.295622 27.771086
1 20.548205 28.378550
1 23.490894 31.262046
1 23.815537 31.402235
1 18.467293 25.654034
1 17.592736 24.734648
1 20.407362 27.182183
1 17.153611 23.427496
1 18.058232 24.276126
1 21.387812 27.504553
1 21.515290 27.575412
1 18.288149 24.309184
1 16.721931 22.658349
1 23.457099 29.250213
1 18.889080 24.559946
1 18.324339 23.969927
1 22.423154 27.873124
1 23.092927 28.460382
1 21.325145 26.607212
1 19.728500 24.768185
1 31.805628 36.752626
1 23.015031 27.935985
1 21.085919 25.961411
1 23.184675 28.006895
1 18.773567 23.498374
1 23.138322 27.770794
1 17.940360 22.262761
1 20.054905 24.335724
1 25.883231 30.127800
1 23.377498 27.492201
1 25.033291 29.104436
1 26.440605 30.417570
1 24.532552 28.497747
1 23.986557 27.834734
1 22.540559 26.374071
1 22.417146 26.181050
1 22.644405 26.299149
1 23.884445 27.513656
1 23.324946 26.805158
1 21.491783 24.910563
1 27.832748 31.229334
1 23.996735 27.081894
1 19.707200 22.761197
1 24.846453 27.894249
1 22.243335 25.290698
1 26.844689 29.864323
1 22.923961 25.907553
1 22.328965 25.299214
1 19.133012 22.102752
1 18.378252 21.335983
1 19.083631 21.873805
1 19.008337 21.771461
1 17.087176 19.841761
1 23.622035 26.331960
1 15.027415 17.707706
1 19.455023 22.086137
1 16.952157 19.578477
1 26.511260 29.029554
1 21.771954 24.214578
1 20.241359 22.613139
1 22.023180 24.389850
1 21.660941 24.025702
1 24.188503 26.550993
1 19.142420 21.487424
1 21.520165 23.839492
1 18.140923 20.407968
1 18.701829 20.907480
1 13.570682 15.765804
1 16.164181 18.331038
1 27.451927 29.608340
1 23.367310 25.401874
1 20.251128 22.270807
1 27.372963 29.387367
1 23.520123 25.486177
1 29.151821 31.067812
1 17.016295 18.924349
1 19.953153 21.827729
1 26.405930 28.274116
1 18.488885 20.350520
1 17.109819 18.926580
1 23.966618 25.753913
1 19.146213 20.921821
1 25.023595 26.741966
1 25.745551 27.453074
1 21.350654 23.038776
1 16.377688 18.002324
1 19.812754 21.435388
1 25.459712 27.075582
1 20.444001 22.044275
1 17.617330 19.217154
1 21.024951 22.570819
1 17.608281 19.150924
1 16.391773 17.911155
1 15.947018 17.460347
1 23.930899 25.385972
1 22.309178 23.762715
1 22.609457 24.046083
1 25.812907 27.243514
1 17.382783 18.768208
1 18.229855 19.575121
1 22.447863 23.792781
1 24.099918 25.438029
1 15.857704 17.189337
1 20.681584 21.982444
1 24.832259 26.117010
1 28.071107 29.330146
1 18.929976 20.187718
1 23.612812 24.866018
1 23.833385 25.059790
1 20.228436 21.448443
1 17.696901 18.909234
1 23.557809 24.755243
1 32.675045 33.855318
1 15.993954 17.164113
1 24.753573 25.910803
1 27.308400 28.444409
1 21.013636 22.147623
1 26.453477 27.584159
1 20.565331 21.694826
1 20.697186 21.820523
1 22.539547 23.627054
1 16.544860 17.619621
1 20.865760 21.918630
1 15.446916 16.476045
1 22.398263 23.368153
1 17.035854 17.990547
1 17.835146 18.786075
1 21.173613 22.108240
1 20.785644 21.718500
1 20.348909 21.277679
1 25.205275 26.123282
1 23.135143 24.029594
1 15.636640 16.521952
1 21.256348 22.128903
1 28.803952 29.657734
1 23.895918 24.747658
1 27.926810 28.776524
1 23.211714 24.060944
1 20.626629 21.471602
1 18.357576 19.199064
1 19.697771 20.520027
1 27.985588 28.793834
1 27.290074 28.093308
1 23.699294 24.493356
1 25.246030 26.033997
1 23.431742 24.211530
1 19.260389 20.035675
1 14.292586 15.067640
1 23.000223 23.775270
1 19.842717 20.600941
1 18.183351 18.933430
1 30.231969 30.981374
1 25.435240 26.158271
1 27.982625 28.697130
1 27.431952 28.142848
1 17.174040 17.833030
1 20.209087 20.861876
1 19.670326 20.312691
1 23.831759 24.459247
1 33.766086 34.389513
1 21.648536 22.261522
1 25.231756 25.838890
1 23.722753 24.328452
1 23.608923 24.210764
1 23.208297 23.797868
1 32.909295 33.497104
1 24.851825 25.436113
1 17.479053 18.059075
1 18.173090 18.743588
1 14.933525 15.502539
1 27.929092 28.493953
1 27.304095 27.868136
1 21.490813 22.034317
1 25.997335 26.540192
1 19.406223 19.946494
1 14.707598 15.245190
1 22.700369 23.213959
1 26.396766 26.899156
1 20.097542 20.599931
1 27.662755 28.161859
1 25.513794 25.996966
1 26.327838 26.807547
1 10.557348 11.035125
1 17.488988 17.966159
1 23.010563 23.451773
1 20.981106 21.416200
1 18.723027 19.149598
1 15.990160 16.416605
1 19.634030 20.055683
1 26.339118 26.749786
1 26.663232 27.072385
1 23.301231 23.686770
1 25.990294 26.371545
1 16.707037 17.080130
1 25.547221 25.919612
1 15.198248 15.568733
1 25.424772 25.793833
1 26.163126 26.525482
1 18.321210 18.673687
1 17.937973 18.285411
1 21.247252 21.586041
1 21.446689 21.784413
1 28.693426 29.028809
1 26.169416 26.501570
1 18.528618 18.860759
1 17.419131 17.737292
1 22.303394 22.615043
1 25.554837 25.866209
1 15.490275 15.793114
1 25.217254 25.519550
1 21.042378 21.337099
1 19.451448 19.741158
1 21.385396 21.662160
1 20.583704 20.852585
1 25.282478 25.550672
1 23.027312 23.293820
1 29.312892 29.578795
1 21.443125 21.691377
1 15.709477 15.951534
1 23.082742 23.324270
1 29.864945 30.105349
1 23.928275 24.167312
1 24.448226 24.685966
1 24.328282 24.553023
1 24.869769 25.093918
1 21.282903 21.502131
1 23.873461 24.088775
1 26.489211 26.704217
1 16.902255 17.106832
1 27.991440 28.190148
1 30.102989 30.294961
1 24.541710 24.720592
1 27.780952 27.952761
1 26.452739 26.623819
1 28.226787 28.396749
1 22.922734 23.087949
1 13.397178 13.558796
1 23.460676 23.616739
1 27.099066 27.250213
1 26.638541 26.787131
1 22.860928 23.001651
1 20.875758 21.003016
1 23.313302 23.432643
1 20.159922 20.279204
1 27.221926 27.338783
1 20.329823 20.444035
1 30.201600 30.312389
1 35.269855 35.375649
1 23.799460 23.904240
1 21.463936 21.568320
1 23.779902 23.883721
1 21.711255 21.814776
1 25.375900 25.479304
1 24.416158 24.505389
1 20.105726 20.193435
1 19.429450 19.516834
1 21.664783 21.750749
1 25.322983 25.393902
1 19.886318 19.955718
1 21.167332 21.234632
1 19.525269 19.585902
1 19.042075 19.102595
1 28.353378 28.413895
1 16.787837 16.847038
1 18.115760 18.159727
1 18.977995 19.020673
1 23.555195 23.595962
1 23.796932 23.835102
1 28.645915 28.683236
1 28.719407 28.753525
1 25.595964 25.628482
1 22.439540 22.471286
1 23.359545 23.387820
1 35.088585 35.116574
1 24.798191 24.824406
1 25.972942 25.997731
1 26.653662 26.676427
1 25.490467 25.513091
1 26.104049 26.125388
1 24.846813 24.866321
1 22.247094 22.264772
1 20.740512 20.757734
1 17.840777 17.854265
1 20.310188 20.323131
1 26.591000 26.601188
1 26.750444 26.760554
1 28.472294 28.481750
1 21.795947 21.805278
1 21.060214 21.067860
1 14.692084 14.699700
1 32.365042 32.371239
1 24.760646 24.766463
1 24.208920 24.213281
1 21.490967 21.495220
1 22.137819 22.141491
1 21.278633 21.281965
1 28.835233 28.837589
1 21.699933 21.702108
1 24.546195 24.548335
1 29.084009 29.085009
1 14.107083 14.107919
1 23.225373 23.225459
1 24.784040 24.784066
1 25.597868 25.597868
0 0.000000 inf
0 0.000000 27.161289
0 0.000000 25.310776
0 0.000000 23.618727
0 0.000000 22.024371
0 0.000000 21.758012
0 0.000000 21.637122
0 0.000000 21.149975
0 0.000000 21.120551
0 0.000000 20.797410
0 0.000000 20.731692
0 0.000000 20.559022
0 0.000000 20.358792
0 0.000000 20.207649
0 0.000000 19.872138
0 0.000000 19.845000
0 0.000000 19.781345
0 0.000000 19.562030
0 0.000000 19.544254
0 0.000000 19.300371
0 0.000000 19.297637
0 0.000000 19.234278
0 0.000000 19.227766
0 0.000000 19.223651
0 0.000000 18.827406
0 0.000000 18.708000
0 0.000000 18.673349
0 0.000000 18.664489
0 0.000000 18.567539
0 0.000000 18.565881
0 0.000000 18.551578
0 0.000000 18.413390
0 0.000000 18.255511
0 0.000000 18.092190
0 0.000000 17.983379
0 0.000000 17.975408
0 0.000000 17.898347
0 0.000000 17.893338
0 0.000000 17.832405
0 0.000000 17.781726
0 0.000000 17.744342
0 0.000000 17.735283
0 0.000000 17.591655
0 0.000000 17.529361
0 0.000000 17.487757
0 0.000000 17.454968
0 0.000000 17.408191
0 0.000000 17.364892
0 0.000000 17.204011
0 0.000000 17.062141
0 0.000000 17.029470
0 0.000000 17.005249
0 0.000000 16.979519
0 0.000000 16.978131
0 0.000000 16.975885
0 0.000000 16.939711
0 0.000000 16.883410
0 0.000000 16.873883
0 0.000000 16.853626
0 0.000000 16.750357
0 0.000000 16.747698
0 0.000000 16.655124
0 0.000000 16.425309
0 0.000000 16.260093
0 0.000000 16.237359
0 0.000000 16.189504
0 0.000000 16.078269
0 0.000000 16.032368
0 0.000000 16.014921
0 0.000000 15.809648
0 0.000000 15.771086
0 0.000000 15.751650
0 0.000000 15.657232
0 0.000000 15.648000
0 0.000000 15.634100
0 0.000000 15.632424
0 0.000000 15.610494
0 0.000000 15.564724
0 0.000000 15.473925
0 0.000000 15.438598
0 0.000000 15.381217
0 0.000000 15.363445
0 0.000000 15.277380
0 0.000000 15.251857
0 0.000000 15.203959
0 0.000000 15.130000
0 0.000000 15.040006
0 0.000000 14.984700
0 0.000000 14.936419
0 0.000000 14.912398
0 0.000000 14.896213
0 0.000000 14.887195
0 0.000000 14.830347
0 0.000000 14.820730
0 0.000000 14.788752
0 0.000000 14.759719
0 0.000000 14.729846
0 0.000000 14.655362
0 0.000000 14.541005
0 0.000000 14.529854
0 0.000000 14.464659
0 0.000000 14.456480
0 0.000000 14.393701
0 0.000000 14.381356
0 0.000000 14.335399
0 0.000000 14.318216
0 0.000000 14.315972
0 0.000000 14.310093
0 0.000000 14.242316
0 0.000000 14.230997
0 0.000000 14.230364
0 0.000000 14.228510
0 0.000000 14.162248
0 0.000000 14.146916
0 0.000000 14.002759
0 0.000000 13.994281
0 0.000000 13.874875
0 0.000000 13.872228
0 0.000000 13.858476
0 0.000000 13.790271
0 0.000000 13.759348
0 0.000000 13.739805
0 0.000000 13.691843
0 0.000000 13.660782
0 0.000000 13.639634
0 0.000000 13.580419
0 0.000000 13.575080
0 0.000000 13.566231
0 0.000000 13.537662
0 0.000000 13.495203
0 0.000000 13.412112
0 0.000000 13.399284
0 0.000000 13.388892
0 0.000000 13.266694
0 0.000000 13.213887
0 0.000000 13.193326
0 0.000000 13.123399
0 0.000000 13.002901
0 0.000000 12.965871
0 0.000000 12.893067
0 0.000000 12.839358
0 0.000000 12.741212
0 0.000000 12.682126
0 0.000000 12.592667
0 0.000000 12.573004
0 0.000000 12.538270
0 0.000000 12.439250
0 0.000000 12.433161
0 0.000000 12.321565
0 0.000000 12.320909
0 0.000000 12.192372
0 0.000000 12.143429
0 0.000000 12.059831
0 0.000000 12.054541
0 0.000000 12.046343
0 0.000000 11.861904
0 0.000000 11.833904
0 0.000000 11.812491
0 0.000000 11.767395
0 0.000000 11.746957
0 0.000000 11.703189
0 0.000000 11.697195
0 0.000000 11.478353
0 0.000000 11.456995
0 0.000000 11.397252
0 0.000000 11.348427
0 0.000000 11.223639
0 0.000000 11.089604
0 0.000000 10.883537
0 0.000000 10.772503
0 0.000000 10.619157
0 0.000000 10.605482
0 0.000000 10.604724
0 0.000000 10.376845
0 0.000000 10.039491
0 0.000000 9.907899
0 0.000000 9.751176
0 0.000000 9.708265
0 0.000000 9.274511
0 0.000000 9.255385
0 0.000000 9.093312
0 0.000000 9.011575
0 0.000000 8.378856
0 0.000000 8.235666
0 0.000000 7.374720
0 0.000000 7.304475
0 0.000000 5.918621
