1 27.187987 48.826479
1 27.360690 47.157407
1 26.131464 43.952052
1 25.441205 42.721359
1 24.729912 41.552599
1 30.840995 47.377988
1 25.593568 42.063979
1 23.408671 39.391729
1 30.350077 44.574389
1 26.279163 39.951658
1 34.378324 47.173405
1 23.664942 35.646827
1 20.535768 31.749283
1 27.531275 38.182735
1 20.747417 31.288123
1 27.233980 37.686496
1 27.688797 37.920756
1 23.896258 34.020663
1 31.267599 41.379940
1 18.191743 27.808372
1 27.865579 37.080579
1 23.248517 32.429791
1 30.590373 39.694762
1 27.786543 36.560835
1 27.176034 35.565583
1 30.021020 38.005204
1 24.862645 32.713718
1 21.428526 28.890185
1 23.494821 30.927893
1 27.541328 34.786849
1 31.690465 38.894534
1 26.965773 33.875933
1 29.392107 36.128874
1 30.220237 36.917980
1 35.991234 42.671562
1 39.407918 45.969678
1 28.092972 34.594094
1 33.453039 39.889978
1 31.493953 37.925249
1 29.220740 35.597463
1 35.376695 41.577034
1 26.457021 32.559807
1 28.803397 34.803290
1 29.829708 35.820648
1 24.255610 30.179095
1 18.345052 24.181123
1 24.852749 30.505691
1 31.508405 37.111198
1 28.023275 33.507836
1 29.146015 34.585985
1 25.553828 30.670804
1 28.042923 33.005489
1 27.762785 32.590313
1 28.237725 32.992963
1 28.416717 32.990477
1 27.899522 32.393815
1 29.993447 34.287045
1 29.527658 33.610881
1 21.742380 25.495391
1 33.459495 37.175610
1 37.791932 41.478237
1 22.375240 26.028775
1 29.386177 32.931239
1 30.322652 33.850722
1 32.455362 35.981784
1 28.299918 31.771214
1 19.525683 22.954883
1 23.799333 27.218030
1 32.835617 36.242848
1 19.481951 22.834250
1 30.462535 33.786255
1 23.195388 26.349836
1 32.956004 36.055325
1 40.504616 43.580493
1 39.564649 42.590511
1 28.466163 31.477794
1 20.544130 23.500319
1 38.267614 41.199700
1 29.852134 32.779646
1 23.753500 26.651748
1 30.033408 32.845068
1 16.097027 18.908474
1 21.102238 23.908678
1 24.759419 27.405434
1 27.629805 30.271212
1 30.984694 33.567307
1 19.930668 22.469063
1 20.673956 23.187703
1 23.920066 26.387226
1 20.948583 23.389828
1 31.157975 33.597220
1 28.807338 31.236061
1 18.356000 20.698855
1 29.865149 32.112162
1 27.490813 29.663699
1 17.398101 19.534801
1 24.115641 26.241835
1 26.269286 28.381015
1 30.729778 32.824638
1 37.282532 39.349905
1 29.184210 31.216254
1 28.683490 30.699706
1 23.103312 25.110452
1 28.238466 30.177354
1 24.419155 26.348752
1 30.045314 31.951738
1 23.901517 25.758143
1 32.560643 34.410281
1 42.655634 44.499011
1 27.926220 29.768942
1 21.959811 23.792116
1 27.362763 29.168292
1 21.431216 23.232646
1 28.208224 30.002257
1 30.842014 32.632506
1 28.455924 30.232553
1 28.740937 30.515163
1 26.170403 27.938974
1 24.889935 26.600867
1 33.833559 35.542745
1 28.574538 30.268971
1 16.164863 17.783934
1 43.810524 45.420767
1 37.738604 39.339025
1 21.896340 23.491157
1 22.703733 24.291750
1 22.913274 24.472256
1 26.428772 27.972609
1 28.645104 30.163171
1 35.286364 36.770825
1 38.376103 39.841125
1 32.786895 34.241313
1 25.402606 26.854551
1 24.450460 25.890967
1 24.783267 26.200078
1 25.858980 27.237246
1 24.975920 26.297349
1 37.944558 39.263513
1 22.768929 24.079582
1 30.098990 31.401950
1 21.662969 22.950849
1 31.602723 32.876173
1 17.248295 18.504550
1 17.913141 19.162406
1 30.125284 31.360519
1 24.262580 25.492627
1 28.155856 29.338349
1 21.106449 22.276383
1 32.838169 33.997827
1 26.006600 27.165032
1 34.291911 35.448066
1 30.937961 32.085253
1 29.570293 30.701958
1 21.996030 23.106000
1 31.393903 32.495698
1 19.234146 20.333555
1 31.803474 32.895598
1 34.098029 35.186976
1 23.666304 24.729682
1 30.366123 31.426191
1 27.172096 28.210988
1 23.694261 24.729766
1 18.833489 19.852520
1 26.614342 27.606566
1 31.257386 32.240037
1 24.502336 25.484606
1 29.471693 30.439697
1 22.251711 23.206318
1 23.364471 24.308574
1 35.937046 36.867603
1 23.023657 23.920001
1 26.641744 27.531976
1 28.253522 29.135873
1 26.937497 27.816568
1 36.223041 37.101193
1 40.187779 41.058384
1 18.594462 19.429937
1 31.580040 32.411487
1 34.578240 35.403820
1 35.893087 36.702461
1 29.393660 30.194951
1 28.163597 28.963061
1 25.538245 26.319062
1 40.829531 41.568321
1 43.927305 44.639796
1 40.034479 40.721671
1 25.381763 26.061224
1 28.354132 29.031944
1 25.963887 26.628504
1 23.867049 24.521682
1 26.644715 27.294825
1 32.390264 33.038537
1 34.356029 34.971495
1 19.182695 19.798141
1 29.855249 30.469549
1 25.445024 26.051378
1 31.705113 32.303221
1 46.778829 47.364533
1 33.535221 34.102408
1 22.147506 22.702859
1 18.410618 18.962163
1 21.599205 22.146042
1 24.356045 24.898060
1 37.511043 38.010539
1 31.854524 32.329326
1 23.561677 24.011508
1 42.409203 42.851139
1 36.122119 36.550457
1 35.005349 35.425308
1 19.005275 19.421072
1 36.958239 37.369219
1 30.124393 30.529987
1 22.742731 23.147160
1 41.190929 41.579222
1 37.691709 38.074986
1 41.012938 41.384511
1 23.436111 23.806742
1 27.785931 28.155503
1 30.657677 31.015825
1 32.726928 33.073980
1 20.806331 21.153151
1 41.917046 42.257576
1 31.250081 31.588050
1 33.317858 33.649401
1 22.372868 22.701890
1 30.603581 30.924673
1 33.241904 33.538737
1 30.458023 30.747440
1 30.003943 30.289671
1 28.796077 29.064462
1 36.156580 36.418928
1 25.192901 25.452146
1 34.019278 34.277164
1 16.579735 16.829787
1 25.678890 25.928867
1 37.759042 38.004407
1 27.467202 27.708322
1 18.877424 19.112081
1 31.649387 31.883812
1 30.173047 30.383283
1 21.974492 22.171429
1 37.530601 37.723798
1 42.056163 42.245329
1 23.669907 23.855957
1 35.608603 35.792007
1 38.344963 38.522094
1 25.132124 25.308074
1 37.624921 37.799129
1 35.469338 35.642028
1 42.637235 42.805577
1 33.417106 33.580013
1 30.530251 30.688215
1 27.473731 27.626955
1 24.191399 24.342101
1 26.978453 27.125948
1 28.514106 28.658690
1 40.315606 40.455555
1 44.944681 45.082897
1 22.084376 22.215802
1 31.703996 31.833920
1 29.442063 29.571734
1 30.610399 30.737274
1 35.822224 35.941535
1 43.367630 43.481901
1 26.180319 26.277117
1 33.297191 33.391458
1 30.304321 30.386101
1 38.776268 38.857453
1 33.015318 33.094751
1 31.123713 31.198205
1 22.317194 22.391053
1 30.279135 30.344551
1 34.551475 34.613209
1 31.892573 31.954249
1 31.555907 31.616712
1 22.462882 22.523559
1 36.873900 36.933135
1 23.624138 23.682638
1 37.771386 37.828661
1 24.048469 24.097283
1 33.785447 33.826662
1 40.780934 40.820395
1 31.244019 31.281103
1 25.849496 25.880801
1 29.005663 29.036414
1 17.663447 17.693564
1 20.143173 20.171186
1 40.574104 40.602047
1 37.163252 37.190985
1 30.197060 30.218533
1 32.807829 32.828828
1 29.153012 29.172945
1 24.704177 24.723521
1 30.285502 30.304319
1 28.620928 28.636948
1 30.675574 30.690190
1 26.769834 26.784382
1 34.296303 34.307686
1 31.212512 31.223746
1 28.781991 28.792333
1 23.275066 23.282204
1 32.597411 32.604037
1 28.804502 28.810471
1 32.652254 32.657630
1 24.928340 24.933490
1 31.381032 31.385416
1 29.106641 29.110277
1 32.870149 32.872524
1 31.367059 31.369271
1 20.170459 20.172416
1 32.313104 32.314645
1 21.898170 21.899250
1 34.382749 34.383406
1 29.294856 29.295427
1 21.538005 21.538017
0 0.000000 inf
0 0.000000 30.512147
0 0.000000 29.841372
0 0.000000 29.298562
0 0.000000 28.168975
0 0.000000 27.156286
0 0.000000 26.988918
0 0.000000 26.530729
0 0.000000 26.385041
0 0.000000 26.203726
0 0.000000 26.023934
0 0.000000 25.695285
0 0.000000 25.596971
0 0.000000 25.219590
0 0.000000 25.101645
0 0.000000 25.040237
0 0.000000 25.011017
0 0.000000 24.877159
0 0.000000 24.774842
0 0.000000 24.724723
0 0.000000 24.684554
0 0.000000 24.566208
0 0.000000 24.412440
0 0.000000 24.328412
0 0.000000 24.278660
0 0.000000 24.257023
0 0.000000 24.239183
0 0.000000 24.212143
0 0.000000 24.175390
0 0.000000 24.076160
0 0.000000 23.989918
0 0.000000 23.917484
0 0.000000 23.873628
0 0.000000 23.732368
0 0.000000 23.726993
0 0.000000 23.580573
0 0.000000 23.436241
0 0.000000 23.304249
0 0.000000 23.093678
0 0.000000 22.975894
0 0.000000 22.957513
0 0.000000 22.765873
0 0.000000 22.761079
0 0.000000 22.564930
0 0.000000 22.559432
0 0.000000 22.545105
0 0.000000 22.480395
0 0.000000 22.414867
0 0.000000 22.381005
0 0.000000 22.366150
0 0.000000 22.221801
0 0.000000 22.166728
0 0.000000 22.147551
0 0.000000 22.093940
0 0.000000 21.903095
0 0.000000 21.668096
0 0.000000 21.529688
0 0.000000 21.519821
0 0.000000 21.513894
0 0.000000 21.459194
0 0.000000 21.312704
0 0.000000 21.180181
0 0.000000 21.147068
0 0.000000 21.131923
0 0.000000 21.050674
0 0.000000 20.986274
0 0.000000 20.938578
0 0.000000 20.863678
0 0.000000 20.841261
0 0.000000 20.793322
0 0.000000 20.755100
0 0.000000 20.705021
0 0.000000 20.704271
0 0.000000 20.611817
0 0.000000 20.560391
0 0.000000 20.553952
0 0.000000 20.509425
0 0.000000 20.485714
0 0.000000 20.413248
0 0.000000 20.409758
0 0.000000 20.396248
0 0.000000 20.014449
0 0.000000 19.919634
0 0.000000 19.868382
0 0.000000 19.747614
0 0.000000 19.740127
0 0.000000 19.698252
0 0.000000 19.668537
0 0.000000 19.656174
0 0.000000 19.462862
0 0.000000 19.446661
0 0.000000 19.438263
0 0.000000 19.375689
0 0.000000 19.323999
0 0.000000 19.091823
0 0.000000 19.055875
0 0.000000 18.985517
0 0.000000 18.944946
0 0.000000 18.936420
0 0.000000 18.812534
0 0.000000 18.763215
0 0.000000 18.649438
0 0.000000 18.602810
0 0.000000 18.602123
0 0.000000 18.560640
0 0.000000 18.475213
0 0.000000 18.310352
0 0.000000 18.181102
0 0.000000 18.105421
0 0.000000 17.915366
0 0.000000 17.862910
0 0.000000 17.832522
0 0.000000 17.759367
0 0.000000 17.733223
0 0.000000 17.711846
0 0.000000 17.679468
0 0.000000 17.662267
0 0.000000 17.578756
0 0.000000 17.565575
0 0.000000 17.411100
0 0.000000 17.384124
0 0.000000 17.340758
0 0.000000 17.330332
0 0.000000 17.314306
0 0.000000 17.306364
0 0.000000 17.263346
0 0.000000 17.160122
0 0.000000 17.090848
0 0.000000 17.048733
0 0.000000 16.975883
0 0.000000 16.940613
0 0.000000 16.930964
0 0.000000 16.877945
0 0.000000 16.855007
0 0.000000 16.625496
0 0.000000 16.565075
0 0.000000 16.306707
0 0.000000 16.242930
0 0.000000 16.214059
0 0.000000 16.138606
0 0.000000 16.109783
0 0.000000 15.992952
0 0.000000 15.920665
0 0.000000 15.652298
0 0.000000 15.645172
0 0.000000 15.421572
0 0.000000 15.084972
0 0.000000 14.986439
0 0.000000 14.789649
0 0.000000 14.731358
0 0.000000 14.573507
0 0.000000 14.397880
0 0.000000 14.378347
0 0.000000 14.301661
0 0.000000 14.194415
0 0.000000 14.153287
0 0.000000 14.003411
0 0.000000 13.984794
0 0.000000 13.856207
0 0.000000 13.736915
0 0.000000 13.521879
0 0.000000 13.488109
0 0.000000 13.319482
0 0.000000 13.318846
0 0.000000 13.242568
0 0.000000 13.225838
0 0.000000 13.043412
0 0.000000 13.000100
0 0.000000 12.963546
0 0.000000 12.654730
0 0.000000 12.642811
0 0.000000 12.401430
0 0.000000 12.380291
0 0.000000 11.678986
0 0.000000 11.536052
0 0.000000 11.259146
0 0.000000 10.675191
0 0.000000 10.095909
0 0.000000 10.006516
0 0.000000 9.843756
0 0.000000 9.840935
0 0.000000 9.725302
0 0.000000 9.571480
0 0.000000 9.507137
0 0.000000 9.149139
0 0.000000 8.693510
0 0.000000 7.981601
