1 23.890810 37.928159
1 24.053528 35.557577
1 23.692821 35.129365
1 25.536523 36.955802
1 22.086616 33.164012
1 28.261045 39.144699
1 24.070465 34.727777
1 26.340609 36.995801
1 22.802884 33.218064
1 24.383831 34.767700
1 26.503028 36.850878
1 20.290382 30.551051
1 25.669950 35.908981
1 25.692560 35.631061
1 22.019049 31.779517
1 22.414503 32.070414
1 21.139267 30.783939
1 23.302145 32.689005
1 22.197945 31.570234
1 22.183712 31.550299
1 22.917159 32.138759
1 20.305778 29.380176
1 26.455016 35.287904
1 22.235203 30.950189
1 24.374527 32.887609
1 29.515743 37.818841
1 26.122211 34.322412
1 27.222717 35.238088
1 25.964360 33.952828
1 29.325190 36.995309
1 24.867436 32.510801
1 28.699093 36.301897
1 24.966835 32.554093
1 24.070861 31.391817
1 28.540013 35.697534
1 26.023792 33.176625
1 21.866238 29.004732
1 22.639775 29.440861
1 23.421790 30.147924
1 26.679463 33.261454
1 25.298063 31.718934
1 29.713749 36.064610
1 24.282882 30.627550
1 25.571306 31.850310
1 24.970735 31.133094
1 25.800223 31.855480
1 24.833876 30.860709
1 25.682677 31.694015
1 25.869671 31.843379
1 29.399819 35.369576
1 24.592978 30.533116
1 28.258027 33.975993
1 27.715982 33.341519
1 27.509021 33.074604
1 24.142199 29.706941
1 23.734788 29.132237
1 23.610828 28.949984
1 25.587214 30.925062
1 24.416342 29.568750
1 25.131557 30.011507
1 22.876466 27.692390
1 20.263330 24.964523
1 24.905851 29.538688
1 27.246784 31.863290
1 29.608965 34.067275
1 23.565807 27.949324
1 23.532608 27.908079
1 21.188686 25.534320
1 20.983141 25.248582
1 29.937555 34.191623
1 24.224449 28.349580
1 25.805097 29.902770
1 29.076683 33.033986
1 25.315594 29.228892
1 28.771939 32.551650
1 29.729261 33.462275
1 25.825799 29.488197
1 25.505946 29.134461
1 24.464904 27.990222
1 27.395105 30.812943
1 22.967237 26.352447
1 24.570525 27.865243
1 27.323642 30.580530
1 29.030569 32.261151
1 27.953211 31.179860
1 22.574341 25.788710
1 26.007478 29.220541
1 27.481281 30.676873
1 25.702995 28.857832
1 25.086279 28.173147
1 29.533754 32.613389
1 32.892971 35.962037
1 26.184812 29.201537
1 26.974270 29.977083
1 23.876860 26.871382
1 25.825567 28.707773
1 26.118640 28.967054
1 31.557341 34.401328
1 30.363115 33.196433
1 25.277840 28.103866
1 28.291803 31.109837
1 23.556546 26.350183
1 25.774668 28.559604
1 30.623726 33.392621
1 29.094900 31.846182
1 30.122163 32.795241
1 25.466024 28.138955
1 26.642262 29.197091
1 25.497951 27.978019
1 26.940563 29.406375
1 27.894129 30.357129
1 19.694730 22.141782
1 27.869937 30.308697
1 29.183807 31.599539
1 27.456812 29.871644
1 26.382861 28.779928
1 35.540636 37.925949
1 23.704489 26.089739
1 27.853798 30.209078
1 33.736722 36.082986
1 23.558574 25.827335
1 21.515715 23.713009
1 24.759717 26.956344
1 32.702305 34.897221
1 28.315242 30.444155
1 22.853666 24.958724
1 29.899283 31.961790
1 25.543444 27.603650
1 26.969340 29.023370
1 26.653258 28.661966
1 26.606550 28.602127
1 22.431166 24.413251
1 20.466839 22.425286
1 31.043492 32.980657
1 24.283041 26.220067
1 23.496883 25.425998
1 32.589036 34.479859
1 29.597365 31.455015
1 28.053986 29.894129
1 20.483874 22.321698
1 30.054377 31.886955
1 24.140523 25.972339
1 24.610458 26.408995
1 23.343764 25.096873
1 20.782740 22.522631
1 27.781598 29.509020
1 25.851998 27.550799
1 25.492231 27.174494
1 28.615411 30.252225
1 27.625216 29.243224
1 25.992618 27.609823
1 26.867386 28.482803
1 27.063261 28.675311
1 32.685853 34.289050
1 25.365269 26.965463
1 29.734912 31.331681
1 26.996083 28.547225
1 29.112230 30.656843
1 20.507751 22.050206
1 22.418089 23.952315
1 22.799288 24.315720
1 31.924723 33.403793
1 28.999989 30.431895
1 23.777163 25.206027
1 23.647769 25.060285
1 31.246148 32.600108
1 29.296255 30.625817
1 24.481718 25.809760
1 31.193000 32.517216
1 29.798462 31.107288
1 26.975302 28.266471
1 28.363120 29.620494
1 29.233830 30.482428
1 28.354691 29.597526
1 25.689460 26.916662
1 28.371047 29.581736
1 28.955017 30.142952
1 22.367378 23.550525
1 26.457211 27.631365
1 27.047436 28.208266
1 25.151664 26.310655
1 24.893150 26.047617
1 23.952610 25.102290
1 20.366342 21.510162
1 31.805455 32.888267
1 28.237777 29.314512
1 22.507453 23.573336
1 21.850256 22.891065
1 19.258240 20.297553
1 31.248031 32.268986
1 33.057009 34.073429
1 29.417407 30.432842
1 26.646227 27.636702
1 28.679560 29.640583
1 35.017711 35.975734
1 32.920788 33.873548
1 34.280174 35.179577
1 21.476485 22.374749
1 28.027540 28.909666
1 26.310712 27.191432
1 24.239132 25.110066
1 29.596186 30.457093
1 31.048481 31.895600
1 30.337435 31.177506
1 30.373180 31.209610
1 29.557996 30.351655
1 21.247114 22.039483
1 31.750531 32.539695
1 30.026386 30.789488
1 27.810595 28.499065
1 30.983773 31.667321
1 28.362042 29.043336
1 34.335422 35.015517
1 24.854678 25.525139
1 26.571216 27.236092
1 26.258017 26.905221
1 29.230188 29.872598
1 25.965502 26.594923
1 31.076210 31.682080
1 25.828842 26.430402
1 27.630695 28.210649
1 23.330449 23.880461
1 19.858142 20.408105
1 32.560086 33.100064
1 33.077976 33.596561
1 27.571823 28.079310
1 26.055815 26.535836
1 23.384766 23.851272
1 36.141137 36.603052
1 28.822694 29.266793
1 23.132150 23.576065
1 27.241104 27.629307
1 20.968894 21.346479
1 28.818430 29.185950
1 26.725367 27.069984
1 26.849340 27.188039
1 29.848754 30.185327
1 26.641206 26.960268
1 30.948379 31.253773
1 26.068883 26.373953
1 35.019057 35.314767
1 22.125635 22.420599
1 28.658780 28.949535
1 31.008465 31.278435
1 33.834995 34.101739
1 29.227127 29.489442
1 26.859911 27.121656
1 29.938876 30.199250
1 28.326811 28.580509
1 33.889307 34.133538
1 29.806853 30.048512
1 27.587973 27.828968
1 31.069927 31.285877
1 27.471725 27.684712
1 26.633688 26.846101
1 31.160288 31.367189
1 29.035303 29.234592
1 28.090551 28.282666
1 35.598393 35.778545
1 28.053680 28.213739
1 28.330537 28.486166
1 30.904119 31.041632
1 36.829435 36.965808
1 33.453602 33.584012
1 31.680513 31.799281
1 34.264581 34.379798
1 27.542202 27.652313
1 31.260844 31.368785
1 29.986843 30.090484
1 29.083776 29.183411
1 26.250763 26.350021
1 31.779499 31.871204
1 27.897929 27.984086
1 28.674463 28.756071
1 31.496645 31.578179
1 29.017036 29.088988
1 30.764925 30.832086
1 28.842465 28.907780
1 24.778336 24.842338
1 29.129132 29.192905
1 32.841105 32.899893
1 28.075790 28.129364
1 35.501533 35.554501
1 25.994899 26.045159
1 31.040097 31.083538
1 29.788811 29.831901
1 28.021100 28.056752
1 34.071849 34.104457
1 31.685943 31.715907
1 28.422120 28.451866
1 31.856746 31.886100
1 30.186140 30.215241
1 27.505514 27.533098
1 39.110546 39.137570
1 29.444677 29.471313
1 27.311105 27.332659
1 36.084841 36.103179
1 29.626837 29.640286
1 35.055431 35.066036
1 37.693743 37.704310
1 25.273372 25.281416
1 30.702759 30.708367
1 30.211923 30.217524
1 31.141089 31.145746
1 32.033677 32.037726
1 25.599603 25.603380
1 36.406948 36.410679
1 29.805545 29.808345
1 31.623165 31.625531
1 30.877946 30.879509
1 28.620352 28.621728
1 24.275914 24.277268
1 30.187518 30.188674
1 32.219547 32.220193
1 28.078044 28.078597
1 36.823488 36.823670
1 34.101581 34.101670
0 0.000000 inf
0 0.000000 26.961799
0 0.000000 26.952981
0 0.000000 26.770887
0 0.000000 26.682638
0 0.000000 25.469194
0 0.000000 25.254980
0 0.000000 25.120263
0 0.000000 24.905665
0 0.000000 24.596789
0 0.000000 24.542169
0 0.000000 24.526289
0 0.000000 24.364823
0 0.000000 24.256876
0 0.000000 24.184626
0 0.000000 24.181965
0 0.000000 24.136370
0 0.000000 24.133864
0 0.000000 24.107509
0 0.000000 24.064426
0 0.000000 24.058730
0 0.000000 24.017251
0 0.000000 24.007930
0 0.000000 23.779469
0 0.000000 23.766864
0 0.000000 23.743666
0 0.000000 23.702005
0 0.000000 23.604737
0 0.000000 23.592001
0 0.000000 23.581037
0 0.000000 23.546077
0 0.000000 23.543197
0 0.000000 23.471151
0 0.000000 23.459426
0 0.000000 23.437933
0 0.000000 23.419137
0 0.000000 23.384719
0 0.000000 23.366425
0 0.000000 23.355099
0 0.000000 23.032716
0 0.000000 22.989802
0 0.000000 22.944542
0 0.000000 22.861337
0 0.000000 22.738750
0 0.000000 22.690505
0 0.000000 22.677690
0 0.000000 22.662324
0 0.000000 22.653515
0 0.000000 22.616776
0 0.000000 22.585529
0 0.000000 22.544977
0 0.000000 22.511761
0 0.000000 22.492253
0 0.000000 22.461361
0 0.000000 22.360155
0 0.000000 22.286810
0 0.000000 22.231599
0 0.000000 22.103893
0 0.000000 22.090807
0 0.000000 22.082370
0 0.000000 22.032582
0 0.000000 21.934300
0 0.000000 21.925541
0 0.000000 21.848021
0 0.000000 21.845586
0 0.000000 21.776801
0 0.000000 21.770342
0 0.000000 21.659066
0 0.000000 21.649572
0 0.000000 21.611405
0 0.000000 21.608259
0 0.000000 21.562401
0 0.000000 21.520993
0 0.000000 21.493739
0 0.000000 21.490123
0 0.000000 21.481292
0 0.000000 21.472955
0 0.000000 21.447823
0 0.000000 21.443782
0 0.000000 21.443669
0 0.000000 21.325254
0 0.000000 21.275638
0 0.000000 21.263769
0 0.000000 21.176546
0 0.000000 21.152085
0 0.000000 21.144899
0 0.000000 21.064933
0 0.000000 21.032516
0 0.000000 20.938753
0 0.000000 20.933193
0 0.000000 20.835955
0 0.000000 20.812788
0 0.000000 20.793993
0 0.000000 20.740264
0 0.000000 20.718504
0 0.000000 20.693256
0 0.000000 20.617348
0 0.000000 20.599979
0 0.000000 20.594529
0 0.000000 20.580175
0 0.000000 20.569866
0 0.000000 20.534330
0 0.000000 20.533988
0 0.000000 20.525728
0 0.000000 20.459200
0 0.000000 20.345213
0 0.000000 20.326885
0 0.000000 20.314458
0 0.000000 20.260148
0 0.000000 20.139257
0 0.000000 20.135561
0 0.000000 20.024701
0 0.000000 20.017573
0 0.000000 20.002207
0 0.000000 19.979856
0 0.000000 19.958147
0 0.000000 19.954567
0 0.000000 19.899907
0 0.000000 19.882560
0 0.000000 19.882227
0 0.000000 19.868147
0 0.000000 19.771221
0 0.000000 19.753581
0 0.000000 19.720201
0 0.000000 19.705047
0 0.000000 19.649771
0 0.000000 19.592730
0 0.000000 19.538100
0 0.000000 19.519930
0 0.000000 19.476191
0 0.000000 19.298493
0 0.000000 19.202762
0 0.000000 19.163139
0 0.000000 19.147738
0 0.000000 19.119524
0 0.000000 19.086088
0 0.000000 18.982087
0 0.000000 18.966074
0 0.000000 18.903282
0 0.000000 18.813505
0 0.000000 18.802045
0 0.000000 18.763914
0 0.000000 18.696093
0 0.000000 18.654610
0 0.000000 18.569283
0 0.000000 18.523777
0 0.000000 18.489310
0 0.000000 18.462442
0 0.000000 18.351011
0 0.000000 18.340618
0 0.000000 18.300093
0 0.000000 18.244865
0 0.000000 18.199984
0 0.000000 18.157142
0 0.000000 18.129697
0 0.000000 17.989220
0 0.000000 17.908211
0 0.000000 17.839250
0 0.000000 17.822054
0 0.000000 17.548951
0 0.000000 17.487027
0 0.000000 17.424373
0 0.000000 17.379608
0 0.000000 17.297364
0 0.000000 17.186279
0 0.000000 17.157076
0 0.000000 17.146857
0 0.000000 16.820257
0 0.000000 16.793584
0 0.000000 16.660820
0 0.000000 16.643279
0 0.000000 16.508578
0 0.000000 16.296043
0 0.000000 16.286518
0 0.000000 16.228758
0 0.000000 16.088542
0 0.000000 16.046710
0 0.000000 15.863873
0 0.000000 15.858873
0 0.000000 15.722018
0 0.000000 15.399853
0 0.000000 15.101200
0 0.000000 15.065343
0 0.000000 15.038018
0 0.000000 14.784794
0 0.000000 14.537453
0 0.000000 14.078901
