1 26.622831 50.372915
1 26.742889 48.901676
1 31.189079 52.365230
1 25.075234 42.186119
1 27.774717 43.806832
1 26.581831 42.047085
1 17.048366 32.268203
1 28.529833 43.740541
1 25.976702 40.649012
1 27.665110 41.542641
1 29.321669 42.482190
1 21.616779 34.633940
1 33.166573 45.218398
1 37.070487 48.400712
1 27.585063 38.807519
1 24.721851 35.841471
1 27.936747 38.997046
1 35.295913 46.311715
1 31.163272 41.447068
1 32.440418 42.517817
1 27.921411 37.896958
1 22.634777 32.176497
1 13.174804 22.596992
1 26.556139 35.445752
1 32.017296 40.747846
1 24.168722 32.686025
1 29.640158 37.985350
1 22.272243 30.466832
1 23.286469 31.423826
1 29.253127 37.245163
1 25.502043 33.189855
1 26.550989 33.847396
1 29.459502 36.676723
1 21.693315 28.812096
1 24.040466 30.944822
1 25.034639 31.794148
1 22.229349 28.711393
1 30.319269 36.446707
1 30.776544 36.848722
1 22.955350 28.813132
1 30.358858 36.181155
1 38.143095 43.964853
1 22.633273 28.127988
1 23.989395 29.277860
1 30.283504 35.524643
1 22.450405 27.655221
1 31.574612 36.554566
1 24.561544 29.409010
1 28.001156 32.725339
1 26.754567 31.468450
1 39.036283 43.725537
1 32.292144 36.696698
1 28.671180 33.042181
1 31.017634 35.218624
1 33.264958 37.373110
1 26.049170 30.109409
1 30.681944 34.681127
1 19.261049 23.141637
1 24.426219 28.293111
1 28.622597 32.483636
1 34.273284 38.002438
1 43.828125 47.533442
1 30.492215 34.175343
1 19.811178 23.457040
1 30.698075 34.152745
1 36.433134 39.810619
1 24.351418 27.669029
1 29.479070 32.762969
1 27.588596 30.841990
1 17.903063 21.117366
1 26.220469 29.345099
1 30.633803 33.744173
1 27.835598 30.748308
1 35.254662 38.121019
1 25.089407 27.945346
1 15.006855 17.837876
1 19.377699 22.174586
1 31.320459 34.109414
1 33.449661 36.224654
1 32.881935 35.622332
1 24.890349 27.462731
1 25.167226 27.715643
1 34.929208 37.430294
1 27.581972 30.010349
1 17.488758 19.906864
1 14.514835 16.928502
1 29.536824 31.918872
1 30.106036 32.404846
1 22.561894 24.850835
1 27.389994 29.651922
1 34.938546 37.183829
1 25.431426 27.675147
1 31.311749 33.528802
1 19.106343 21.322215
1 30.561227 32.768302
1 39.612357 41.812608
1 39.220762 41.378775
1 37.382104 39.535465
1 16.419326 18.562536
1 21.222584 23.351768
1 28.601993 30.711214
1 26.881831 28.956549
1 31.454772 33.521888
1 37.047496 39.068932
1 33.285324 35.286403
1 24.679378 26.666640
1 30.988207 32.944215
1 23.866574 25.810319
1 45.990230 47.926371
1 21.966703 23.890444
1 36.959949 38.840849
1 35.246514 37.122767
1 22.810123 24.678314
1 29.490613 31.333490
1 26.289286 28.127645
1 29.742866 31.546280
1 21.521069 23.323154
1 38.626232 40.379781
1 15.318700 17.068452
1 28.481205 30.219793
1 24.330256 26.049809
1 29.331658 31.015746
1 25.786733 27.411278
1 26.445367 28.043033
1 38.176670 39.757954
1 24.568725 26.138478
1 23.433978 24.990101
1 26.813599 28.343880
1 15.344099 16.872967
1 26.319597 27.807947
1 26.728729 28.215087
1 28.498709 29.976746
1 25.695424 27.147902
1 45.660720 47.102379
1 30.794098 32.218795
1 27.606771 29.023099
1 30.791301 32.202085
1 27.612919 29.000087
1 30.315058 31.699032
1 22.277748 23.650682
1 35.067241 36.425949
1 36.576621 37.915633
1 25.010347 26.342173
1 24.226978 25.554950
1 21.901380 23.212595
1 34.780353 36.091407
1 25.522662 26.821377
1 35.029201 36.275640
1 30.155603 31.380154
1 33.607917 34.748722
1 27.607562 28.745544
1 31.019929 32.095771
1 28.161512 29.232185
1 32.468920 33.530916
1 32.387675 33.440314
1 26.291577 27.340946
1 32.275344 33.256291
1 34.948736 35.925704
1 28.190672 29.147418
1 31.638481 32.563149
1 27.984746 28.883603
1 21.541515 22.437412
1 29.761263 30.656494
1 37.386746 38.279388
1 17.727814 18.613286
1 23.789738 24.670738
1 28.640255 29.514342
1 39.014798 39.874596
1 27.590752 28.445118
1 30.626989 31.465588
1 34.779621 35.616930
1 31.997462 32.830400
1 29.548512 30.366721
1 17.939296 18.755150
1 41.311087 42.109694
1 22.627870 23.423861
1 22.161805 22.926459
1 40.471516 41.213196
1 34.484344 35.214538
1 30.361782 31.091404
1 22.532078 23.253587
1 21.369384 22.084441
1 23.838498 24.545413
1 47.814320 48.496071
1 18.669330 19.340825
1 29.338905 30.004303
1 32.911380 33.571284
1 21.222816 21.875336
1 32.023206 32.666643
1 38.187157 38.828441
1 32.579631 33.217380
1 28.814291 29.448568
1 31.556901 32.188355
1 38.078673 38.687832
1 51.040532 51.637872
1 45.190041 45.782873
1 29.887302 30.467674
1 27.412777 27.992823
1 34.847430 35.414288
1 20.522661 21.089484
1 24.111736 24.672117
1 24.732153 25.276505
1 24.667172 25.205591
1 38.518456 39.056223
1 35.033513 35.568357
1 24.947627 25.482054
1 35.912395 36.446256
1 34.200262 34.716695
1 25.096387 25.600103
1 29.263694 29.754589
1 31.822446 32.295806
1 29.196470 29.666304
1 34.700999 35.160928
1 28.786625 29.241853
1 25.842344 26.285072
1 27.709316 28.149722
1 25.852760 26.287865
1 29.890934 30.325560
1 23.006378 23.432038
1 33.680152 34.105529
1 27.961772 28.378162
1 34.962996 35.375377
1 27.544657 27.953805
1 29.730017 30.128692
1 26.794915 27.182644
1 23.154644 23.537793
1 36.454906 36.827810
1 31.833361 32.197629
1 41.075414 41.433738
1 23.346461 23.687765
1 21.375337 21.712313
1 35.023642 35.355913
1 21.313426 21.643306
1 24.985439 25.309800
1 20.235059 20.547951
1 30.366355 30.671906
1 29.251515 29.548574
1 28.566801 28.843726
1 40.362823 40.638708
1 28.994023 29.267914
1 35.234704 35.487609
1 25.464124 25.705277
1 32.202478 32.425620
1 41.025849 41.240532
1 16.699883 16.889078
1 31.560485 31.749086
1 26.319661 26.507408
1 19.605451 19.791782
1 41.285389 41.470948
1 33.589915 33.773706
1 34.290667 34.468815
1 39.171846 39.348718
1 34.491713 34.666635
1 29.394075 29.568050
1 29.381733 29.552199
1 34.768821 34.935883
1 33.819321 33.982973
1 35.878561 36.039509
1 28.210541 28.364460
1 21.748961 21.893926
1 26.805815 26.940696
1 25.892922 26.018055
1 30.435283 30.544869
1 28.588592 28.696940
1 37.590901 37.694337
1 16.585654 16.684286
1 31.249201 31.347678
1 32.300017 32.396027
1 26.764554 26.857839
1 29.395129 29.487503
1 16.182593 16.274775
1 32.004246 32.087976
1 31.709238 31.790830
1 27.298957 27.379871
1 18.901080 18.981942
1 28.770559 28.848750
1 29.912528 29.986481
1 18.676447 18.748503
1 33.071195 33.136685
1 24.919474 24.982618
1 28.895221 28.954988
1 41.653381 41.707544
1 33.038042 33.083043
1 32.338209 32.380860
1 25.768658 25.810718
1 28.162685 28.204728
1 43.739630 43.781069
1 42.674616 42.714393
1 27.694358 27.731976
1 24.259855 24.296169
1 29.708242 29.739278
1 33.978239 34.005035
1 43.710062 43.734578
1 19.309157 19.331374
1 33.104735 33.126018
1 44.479615 44.498766
1 18.194401 18.211488
1 33.205953 33.221523
1 36.509634 36.518627
1 35.583517 35.590254
1 23.655705 23.661856
1 27.209884 27.215647
1 43.375202 43.380538
1 41.583992 41.589198
1 16.379555 16.384027
1 17.318392 17.322070
1 27.683136 27.686341
1 29.802029 29.804459
1 52.294435 52.296576
1 19.539304 19.541244
1 32.078986 32.080730
1 45.250170 45.251410
1 24.406221 24.407264
1 22.210190 22.210412
1 34.118781 34.118801
1 28.788362 28.788380
1 24.291216 24.291226
1 26.990803 26.990811
0 0.000000 inf
0 0.000000 29.012845
0 0.000000 28.473125
0 0.000000 27.115158
0 0.000000 26.612987
0 0.000000 26.234598
0 0.000000 26.224996
0 0.000000 26.191164
0 0.000000 26.151276
0 0.000000 25.806858
0 0.000000 25.803309
0 0.000000 25.692359
0 0.000000 25.619187
0 0.000000 25.520403
0 0.000000 25.314216
0 0.000000 25.082831
0 0.000000 24.959379
0 0.000000 24.915608
0 0.000000 24.848230
0 0.000000 24.835245
0 0.000000 24.820065
0 0.000000 24.271946
0 0.000000 24.270173
0 0.000000 24.268336
0 0.000000 24.177155
0 0.000000 24.108392
0 0.000000 24.070681
0 0.000000 23.982317
0 0.000000 23.701733
0 0.000000 23.516169
0 0.000000 23.469719
0 0.000000 23.268259
0 0.000000 23.239378
0 0.000000 23.203516
0 0.000000 23.169144
0 0.000000 23.086227
0 0.000000 22.831908
0 0.000000 22.755871
0 0.000000 22.658999
0 0.000000 22.657576
0 0.000000 22.646221
0 0.000000 22.566321
0 0.000000 22.488146
0 0.000000 22.417662
0 0.000000 22.343985
0 0.000000 22.158172
0 0.000000 21.987656
0 0.000000 21.957860
0 0.000000 21.889858
0 0.000000 21.852498
0 0.000000 21.813853
0 0.000000 21.791828
0 0.000000 21.698784
0 0.000000 21.638996
0 0.000000 21.460324
0 0.000000 21.431888
0 0.000000 21.421186
0 0.000000 21.269757
0 0.000000 21.254550
0 0.000000 21.126421
0 0.000000 21.066107
0 0.000000 21.040701
0 0.000000 20.862804
0 0.000000 20.851872
0 0.000000 20.833604
0 0.000000 20.812564
0 0.000000 20.787915
0 0.000000 20.715403
0 0.000000 20.710953
0 0.000000 20.707994
0 0.000000 20.681247
0 0.000000 20.587443
0 0.000000 20.521442
0 0.000000 20.435383
0 0.000000 20.404932
0 0.000000 20.368881
0 0.000000 20.280610
0 0.000000 20.278497
0 0.000000 20.185381
0 0.000000 20.087824
0 0.000000 20.038717
0 0.000000 20.010715
0 0.000000 19.989246
0 0.000000 19.901683
0 0.000000 19.835972
0 0.000000 19.822537
0 0.000000 19.761265
0 0.000000 19.496954
0 0.000000 19.495685
0 0.000000 19.420019
0 0.000000 19.404362
0 0.000000 19.316633
0 0.000000 19.314627
0 0.000000 19.292470
0 0.000000 19.256433
0 0.000000 19.070762
0 0.000000 18.859979
0 0.000000 18.815273
0 0.000000 18.691566
0 0.000000 18.639257
0 0.000000 18.624559
0 0.000000 18.508335
0 0.000000 18.487577
0 0.000000 18.413023
0 0.000000 18.407762
0 0.000000 18.368539
0 0.000000 18.290148
0 0.000000 18.277729
0 0.000000 18.258682
0 0.000000 18.247920
0 0.000000 18.094403
0 0.000000 17.999728
0 0.000000 17.980179
0 0.000000 17.957462
0 0.000000 17.807804
0 0.000000 17.720857
0 0.000000 17.677379
0 0.000000 17.497168
0 0.000000 17.430517
0 0.000000 17.057823
0 0.000000 16.891601
0 0.000000 16.866618
0 0.000000 16.821436
0 0.000000 16.575220
0 0.000000 16.435983
0 0.000000 16.417930
0 0.000000 16.412273
0 0.000000 16.177486
0 0.000000 16.074178
0 0.000000 15.932025
0 0.000000 15.878478
0 0.000000 15.819287
0 0.000000 15.787637
0 0.000000 15.715763
0 0.000000 15.677037
0 0.000000 15.600311
0 0.000000 15.513717
0 0.000000 15.404331
0 0.000000 15.221074
0 0.000000 14.959816
0 0.000000 14.797365
0 0.000000 14.780712
0 0.000000 14.719476
0 0.000000 14.698329
0 0.000000 14.660056
0 0.000000 14.566572
0 0.000000 14.502337
0 0.000000 14.489583
0 0.000000 14.473666
0 0.000000 14.393386
0 0.000000 14.351889
0 0.000000 14.341230
0 0.000000 14.297944
0 0.000000 14.140161
0 0.000000 14.102675
0 0.000000 13.988345
0 0.000000 13.733668
0 0.000000 13.203091
0 0.000000 13.011112
0 0.000000 12.982837
0 0.000000 12.840840
0 0.000000 12.680534
0 0.000000 12.668724
0 0.000000 12.536819
0 0.000000 12.392363
0 0.000000 12.307284
0 0.000000 12.241621
0 0.000000 12.049324
0 0.000000 12.037407
0 0.000000 11.811623
0 0.000000 11.787413
0 0.000000 11.732425
0 0.000000 11.579452
0 0.000000 11.075323
0 0.000000 10.993283
0 0.000000 10.883142
0 0.000000 10.784460
0 0.000000 10.464349
0 0.000000 10.286037
0 0.000000 9.839804
0 0.000000 9.598829
0 0.000000 9.510057
0 0.000000 9.082722
0 0.000000 8.331831
0 0.000000 8.177193
0 0.000000 7.425779
0 0.000000 5.638379
