1 28.287820 49.063863
1 29.253218 49.281903
1 24.425689 43.560580
1 28.502966 46.680562
1 26.174697 42.677111
1 25.994990 40.367593
1 28.333570 42.523384
1 35.303272 49.356484
1 27.688255 41.740370
1 24.901103 38.604246
1 34.012788 46.348918
1 23.319426 35.634737
1 30.174887 41.799542
1 31.586283 43.209460
1 28.680941 39.764619
1 21.538261 32.355240
1 28.910053 39.572938
1 25.978103 36.277550
1 25.198123 35.392620
1 24.487095 34.102853
1 39.764248 49.077928
1 28.289461 37.508162
1 32.974461 42.035137
1 25.749919 34.588312
1 33.286714 41.986303
1 28.562341 36.957580
1 34.937235 43.179272
1 31.790210 39.875074
1 25.627618 33.269054
1 25.148486 32.789257
1 27.098637 34.641372
1 28.279211 35.506604
1 22.404851 29.630841
1 41.320369 48.072063
1 22.937790 29.685143
1 35.940804 42.627947
1 23.200283 29.775547
1 29.825364 36.127020
1 26.622479 32.899648
1 21.969408 28.183701
1 22.853064 28.867296
1 31.027199 36.901413
1 30.814308 36.631406
1 31.951043 37.689880
1 36.203326 41.854140
1 22.825462 28.396373
1 28.307058 33.661188
1 26.415748 31.724926
1 25.531388 30.642513
1 26.241254 31.328541
1 48.249987 53.104058
1 39.008607 43.772010
1 25.011430 29.760418
1 30.330836 34.981008
1 31.022515 35.514940
1 35.790794 40.106170
1 34.659235 38.915475
1 35.695110 39.924219
1 32.308376 36.341131
1 35.531646 39.558649
1 36.686997 40.703397
1 53.953240 57.960515
1 36.813034 40.807502
1 39.822854 43.695695
1 25.145750 29.010483
1 33.731553 37.489787
1 33.101101 36.858823
1 38.414719 42.161144
1 27.067580 30.724775
1 29.482447 33.099507
1 28.647953 32.204182
1 27.621494 31.154243
1 18.185331 21.695540
1 30.224826 33.664874
1 28.535926 31.929951
1 29.753282 33.095855
1 27.624800 30.812818
1 24.557860 27.709846
1 27.662012 30.665491
1 39.584694 42.533844
1 30.972062 33.850713
1 19.528853 22.201723
1 35.087448 37.677594
1 22.188567 24.758284
1 25.308730 27.833077
1 29.337378 31.844536
1 41.746926 44.202888
1 21.660626 24.087166
1 28.237632 30.645262
1 28.155062 30.483792
1 19.726051 22.053948
1 40.524004 42.830882
1 23.364779 25.601325
1 29.504685 31.739231
1 39.444911 41.648578
1 31.144871 33.325550
1 27.104601 29.263061
1 23.615137 25.767567
1 23.568179 25.702915
1 32.238916 34.369310
1 34.658174 36.784649
1 28.434860 30.553211
1 37.976551 40.076643
1 33.115117 35.203538
1 36.553290 38.593418
1 32.145230 34.112924
1 33.302849 35.265021
1 51.986040 53.921995
1 28.931014 30.835504
1 33.211906 35.111574
1 22.972339 24.841665
1 42.456077 44.316942
1 22.159086 24.015969
1 28.581905 30.339808
1 23.051616 24.800846
1 21.711454 23.459492
1 23.909894 25.651729
1 19.930717 21.633245
1 35.411308 37.095580
1 30.101873 31.772185
1 23.122915 24.760236
1 26.822336 28.434471
1 28.144667 29.736570
1 26.522653 28.114267
1 26.857680 28.436242
1 32.025861 33.546495
1 27.786473 29.285033
1 33.861210 35.348756
1 20.221115 21.698704
1 30.861769 32.312720
1 38.282177 39.731762
1 40.917589 42.352072
1 41.072338 42.458867
1 21.386413 22.771769
1 27.211353 28.591264
1 27.667447 29.034079
1 29.579814 30.923334
1 34.333007 35.643567
1 41.248496 42.554444
1 25.336297 26.636405
1 42.461377 43.739565
1 25.437085 26.706225
1 37.945453 39.162122
1 24.318647 25.508469
1 26.693636 27.873007
1 33.652705 34.802617
1 21.160489 22.267283
1 22.664912 23.770500
1 30.644176 31.748318
1 20.930743 22.028059
1 47.013781 48.090332
1 30.171176 31.243125
1 27.598851 28.669132
1 28.779579 29.847064
1 40.401671 41.465891
1 29.664755 30.717819
1 27.181798 28.207106
1 39.868148 40.858366
1 34.783091 35.733914
1 33.190062 34.127096
1 12.782375 13.717546
1 41.896676 42.814009
1 33.015786 33.932282
1 38.953899 39.822111
1 33.571171 34.426511
1 31.951802 32.806668
1 24.162983 25.004170
1 39.480275 40.243269
1 33.097226 33.856982
1 34.029120 34.772562
1 30.105987 30.844464
1 36.697118 37.432412
1 39.626965 40.349228
1 29.072042 29.791881
1 20.042156 20.755639
1 36.666479 37.355536
1 31.927986 32.612740
1 36.913080 37.589686
1 41.408793 42.084644
1 17.780086 18.440639
1 31.446185 32.101670
1 37.054953 37.695278
1 30.860247 31.499460
1 36.789613 37.428128
1 27.640267 28.262967
1 23.236233 23.858655
1 29.214608 29.830831
1 32.823416 33.424993
1 19.221296 19.798923
1 24.801581 25.378046
1 27.351842 27.907356
1 39.272007 39.818567
1 19.470635 19.993394
1 25.317118 25.820153
1 39.046609 39.531458
1 45.616247 46.098108
1 26.548360 27.021646
1 28.429865 28.876642
1 33.108639 33.503251
1 41.976060 42.363664
1 37.300394 37.672124
1 43.113020 43.483183
1 23.987107 24.345612
1 53.752134 54.102674
1 31.116116 31.464113
1 35.176584 35.518984
1 35.388463 35.722944
1 25.213012 25.531000
1 31.719335 32.025814
1 33.863031 34.167565
1 41.454297 41.757224
1 24.044310 24.346264
1 19.453201 19.738739
1 33.187546 33.470245
1 17.108915 17.390992
1 42.219619 42.495274
1 21.576640 21.847157
1 32.850669 33.119817
1 35.755325 36.023780
1 35.014201 35.282446
1 31.297004 31.552997
1 38.822836 39.071848
1 30.308598 30.551686
1 43.750132 43.991192
1 20.808749 21.034957
1 20.056471 20.282416
1 47.687105 47.903441
1 35.811278 36.024886
1 26.162817 26.373145
1 37.580498 37.785039
1 27.774551 27.977495
1 26.514369 26.716353
1 41.130786 41.328300
1 33.214025 33.407149
1 48.210473 48.402469
1 29.393007 29.580972
1 28.116679 28.303300
1 39.120345 39.306519
1 39.139655 39.323691
1 38.454481 38.637404
1 17.261588 17.437023
1 43.696929 43.869662
1 41.437144 41.607273
1 29.454267 29.621282
1 29.252601 29.410383
1 39.566583 39.720853
1 33.478956 33.630606
1 41.561130 41.712156
1 36.430949 36.581658
1 32.146265 32.281855
1 32.033806 32.169278
1 37.126235 37.259141
1 34.283008 34.415475
1 30.691231 30.822233
1 31.564114 31.679489
1 42.846838 42.959756
1 27.416068 27.527532
1 46.994156 47.099381
1 28.312145 28.417222
1 25.973318 26.077577
1 27.636842 27.739495
1 28.306154 28.398258
1 35.392197 35.483836
1 38.225247 38.316150
1 38.835459 38.925712
1 28.159096 28.247407
1 29.661923 29.748279
1 36.235738 36.321552
1 27.775131 27.855639
1 34.262261 34.331910
1 34.169702 34.235730
1 24.639826 24.696854
1 37.154254 37.200537
1 34.266134 34.311527
1 23.945183 23.987302
1 22.808134 22.850025
1 30.765769 30.807275
1 29.536706 29.577881
1 42.264464 42.302423
1 40.865377 40.901106
1 35.399406 35.434863
1 24.053818 24.088084
1 40.354765 40.383591
1 24.235747 24.259134
1 17.084675 17.105782
1 17.777284 17.795943
1 40.948286 40.965618
1 29.250190 29.266656
1 34.949937 34.965979
1 35.523143 35.538264
1 30.024675 30.039356
1 26.726195 26.739763
1 24.245599 24.258972
1 33.717236 33.728587
1 29.202055 29.211422
1 28.443037 28.451511
1 32.148807 32.156657
1 35.604429 35.611327
1 30.608987 30.615771
1 45.270581 45.275486
1 26.807060 26.811601
1 19.289470 19.293416
1 15.898887 15.901693
1 48.257968 48.259757
1 36.082027 36.083471
1 26.044619 26.045570
1 29.533432 29.534208
1 35.553270 35.553997
1 36.480136 36.480764
1 29.447560 29.448132
1 22.491297 22.491770
1 37.184977 37.185284
1 36.814433 36.814700
1 35.124371 35.124407
1 39.395026 39.395038
1 28.556845 28.556848
0 0.000000 inf
0 0.000000 36.111999
0 0.000000 36.021710
0 0.000000 31.589012
0 0.000000 30.638449
0 0.000000 30.006084
0 0.000000 29.828976
0 0.000000 29.505575
0 0.000000 29.434497
0 0.000000 29.044281
0 0.000000 28.472614
0 0.000000 28.147118
0 0.000000 28.076169
0 0.000000 28.024033
0 0.000000 27.063031
0 0.000000 26.838629
0 0.000000 26.308038
0 0.000000 26.303639
0 0.000000 26.181205
0 0.000000 26.163805
0 0.000000 25.992200
0 0.000000 25.070225
0 0.000000 25.000096
0 0.000000 24.882139
0 0.000000 24.560338
0 0.000000 24.454221
0 0.000000 24.422697
0 0.000000 24.391685
0 0.000000 24.312608
0 0.000000 24.267208
0 0.000000 24.144682
0 0.000000 24.104436
0 0.000000 24.068218
0 0.000000 23.937302
0 0.000000 23.867349
0 0.000000 23.779800
0 0.000000 23.712002
0 0.000000 23.655245
0 0.000000 23.575762
0 0.000000 23.474864
0 0.000000 23.153321
0 0.000000 23.036060
0 0.000000 23.010838
0 0.000000 22.949005
0 0.000000 22.932354
0 0.000000 22.862633
0 0.000000 22.714493
0 0.000000 22.676541
0 0.000000 22.544328
0 0.000000 22.518012
0 0.000000 22.440429
0 0.000000 22.431059
0 0.000000 22.029739
0 0.000000 21.982010
0 0.000000 21.937424
0 0.000000 21.871770
0 0.000000 21.863123
0 0.000000 21.729212
0 0.000000 21.557632
0 0.000000 21.502803
0 0.000000 21.482128
0 0.000000 21.468802
0 0.000000 21.451504
0 0.000000 21.430463
0 0.000000 21.407083
0 0.000000 21.350342
0 0.000000 20.746228
0 0.000000 20.729447
0 0.000000 20.687516
0 0.000000 20.660212
0 0.000000 20.609876
0 0.000000 20.591543
0 0.000000 20.585919
0 0.000000 20.362452
0 0.000000 20.293074
0 0.000000 20.242752
0 0.000000 20.219182
0 0.000000 20.063478
0 0.000000 19.995150
0 0.000000 19.926138
0 0.000000 19.911612
0 0.000000 19.886003
0 0.000000 19.787489
0 0.000000 19.663149
0 0.000000 19.608134
0 0.000000 19.605328
0 0.000000 19.591648
0 0.000000 19.542479
0 0.000000 19.515443
0 0.000000 19.497260
0 0.000000 19.415995
0 0.000000 19.400945
0 0.000000 19.381149
0 0.000000 19.380817
0 0.000000 19.375919
0 0.000000 19.329066
0 0.000000 19.286399
0 0.000000 19.151969
0 0.000000 19.137896
0 0.000000 19.080080
0 0.000000 18.976184
0 0.000000 18.751791
0 0.000000 18.667133
0 0.000000 18.596034
0 0.000000 18.513348
0 0.000000 18.463364
0 0.000000 18.345243
0 0.000000 18.339956
0 0.000000 18.159340
0 0.000000 18.040308
0 0.000000 18.008259
0 0.000000 17.965353
0 0.000000 17.956057
0 0.000000 17.920607
0 0.000000 17.895907
0 0.000000 17.835804
0 0.000000 17.800094
0 0.000000 17.774294
0 0.000000 17.730684
0 0.000000 17.698057
0 0.000000 17.668674
0 0.000000 17.577220
0 0.000000 17.517679
0 0.000000 17.326138
0 0.000000 17.287014
0 0.000000 17.111645
0 0.000000 16.991225
0 0.000000 16.951792
0 0.000000 16.725403
0 0.000000 16.710426
0 0.000000 16.700241
0 0.000000 16.689377
0 0.000000 16.660735
0 0.000000 16.646153
0 0.000000 16.589678
0 0.000000 16.589479
0 0.000000 16.445502
0 0.000000 16.409114
0 0.000000 16.256557
0 0.000000 16.215660
0 0.000000 16.168823
0 0.000000 16.126831
0 0.000000 16.087213
0 0.000000 16.075690
0 0.000000 15.977247
0 0.000000 15.950735
0 0.000000 15.771598
0 0.000000 15.740175
0 0.000000 15.716912
0 0.000000 15.610792
0 0.000000 15.508391
0 0.000000 15.366055
0 0.000000 15.330976
0 0.000000 15.086665
0 0.000000 15.082874
0 0.000000 14.789386
0 0.000000 14.710789
0 0.000000 14.322980
0 0.000000 14.187889
0 0.000000 14.047541
0 0.000000 13.995484
0 0.000000 13.872255
0 0.000000 13.652252
0 0.000000 13.541400
0 0.000000 13.501731
0 0.000000 13.498169
0 0.000000 13.343024
0 0.000000 13.205343
0 0.000000 12.953912
0 0.000000 12.621578
0 0.000000 12.606383
0 0.000000 12.545953
0 0.000000 12.164640
0 0.000000 11.688387
0 0.000000 11.382165
0 0.000000 11.216856
0 0.000000 11.164235
0 0.000000 11.017178
0 0.000000 10.999390
0 0.000000 10.606078
0 0.000000 10.548360
0 0.000000 10.392962
0 0.000000 10.190678
0 0.000000 10.170189
0 0.000000 9.449089
0 0.000000 7.556809
0 0.000000 4.571063
