1 27.730278 51.041284
1 31.524537 53.930870
1 24.111306 44.208635
1 30.735528 47.924709
1 25.519395 42.474142
1 26.188893 42.908526
1 21.582409 38.185598
1 33.449310 49.107511
1 28.046094 42.487077
1 21.173332 35.387118
1 24.309501 36.987453
1 32.871718 45.253396
1 30.213474 42.223564
1 21.909875 33.612758
1 24.499388 35.305187
1 22.109092 32.787546
1 26.075149 36.578422
1 38.788896 49.286004
1 24.399204 34.633039
1 28.274882 38.490581
1 32.184654 41.661429
1 23.822654 32.818975
1 36.435118 45.408744
1 26.786775 35.366942
1 28.834527 37.372342
1 31.335444 39.859922
1 29.662097 37.815032
1 23.391005 31.387258
1 24.656228 32.449807
1 28.787013 36.414320
1 21.391759 28.883274
1 31.655675 39.144294
1 25.693834 33.111169
1 37.570994 44.726857
1 26.558543 33.698144
1 35.010222 41.895865
1 24.760725 31.643986
1 22.242427 29.095755
1 21.881061 28.489418
1 20.617253 27.204494
1 23.030029 29.552470
1 28.538715 34.995946
1 29.931250 36.319565
1 22.762386 28.856683
1 19.228036 25.281555
1 29.773648 35.638649
1 34.872948 40.730933
1 22.421702 28.022541
1 24.256770 29.807665
1 30.101483 35.540265
1 19.088580 24.520229
1 28.063214 33.254853
1 23.851580 28.994142
1 25.267390 30.152461
1 27.549258 32.242706
1 27.899822 32.525126
1 25.754475 30.351856
1 20.410129 24.999823
1 28.373738 32.870996
1 32.243833 36.735235
1 15.480069 19.719700
1 28.316012 32.543434
1 35.934735 40.084528
1 22.681752 26.829962
1 29.347110 33.284463
1 25.097410 28.874533
1 34.679002 38.448291
1 25.874541 29.605708
1 31.931077 35.547040
1 28.991209 32.526728
1 33.827078 37.355860
1 22.738775 26.187345
1 37.213101 40.652130
1 25.905748 29.326153
1 24.176117 27.577208
1 36.445445 39.837803
1 26.111233 29.463701
1 32.755200 36.099694
1 18.148903 21.483027
1 22.822820 26.082809
1 29.054619 32.291891
1 29.277760 32.461847
1 33.630441 36.809134
1 24.836991 27.895803
1 24.463073 27.423539
1 42.119447 45.022888
1 33.054241 35.911257
1 29.212516 32.024529
1 27.112276 29.920872
1 18.016848 20.740946
1 26.109744 28.822698
1 23.341131 25.884753
1 25.629488 28.132407
1 32.317265 34.814494
1 22.964887 25.431763
1 25.828536 28.232665
1 46.229856 48.537131
1 22.786511 25.031836
1 26.881506 29.121726
1 34.822519 36.897023
1 25.797945 27.853013
1 26.861081 28.865022
1 38.587575 40.578582
1 24.953139 26.934056
1 33.803785 35.772978
1 27.870627 29.811859
1 29.847222 31.777332
1 30.616166 32.530654
1 25.559631 27.449767
1 33.854962 35.688001
1 29.260812 31.089783
1 13.097194 14.905597
1 13.278731 14.951542
1 28.344200 30.010762
1 29.269313 30.931254
1 26.748869 28.406357
1 24.653903 26.299267
1 45.574512 47.205163
1 39.465499 41.083715
1 24.033156 25.650195
1 40.322180 41.898860
1 23.900286 25.463464
1 14.481378 16.037140
1 37.495723 39.006627
1 34.460917 35.952988
1 33.800979 35.262506
1 17.155954 18.607174
1 30.663205 32.109576
1 30.959113 32.399137
1 33.217051 34.640298
1 24.047031 25.468102
1 31.246900 32.664387
1 42.970173 44.363707
1 25.334274 26.704244
1 19.147743 20.489849
1 32.342072 33.661912
1 32.305422 33.588794
1 33.713324 34.974334
1 25.408930 26.642753
1 27.867110 29.093566
1 25.186021 26.404326
1 27.686932 28.888013
1 36.199949 37.389097
1 22.499506 23.682716
1 38.772375 39.952228
1 30.183193 31.343185
1 24.346654 25.499431
1 22.246454 23.385767
1 28.360314 29.498696
1 29.868044 30.938760
1 22.689295 23.742435
1 38.745660 39.756613
1 35.327883 36.336177
1 36.684761 37.684627
1 24.109545 25.107771
1 36.752231 37.745459
1 33.729396 34.715467
1 37.026085 37.999684
1 31.082340 32.041001
1 30.515579 31.469486
1 25.920661 26.874549
1 27.353183 28.286882
1 28.856893 29.773479
1 23.761368 24.671674
1 30.474269 31.360115
1 32.193213 33.069881
1 16.268356 17.137402
1 22.386245 23.235434
1 36.146462 36.974326
1 45.849001 46.650078
1 31.352831 32.148635
1 32.138121 32.926091
1 36.594958 37.354640
1 37.153973 37.907484
1 35.393424 36.144815
1 31.689071 32.416099
1 31.905940 32.628385
1 48.778368 49.477926
1 49.330277 50.027580
1 52.520598 53.217777
1 38.157323 38.835060
1 29.340763 30.002851
1 20.978997 21.613006
1 28.304537 28.927193
1 18.887030 19.492471
1 25.035148 25.635637
1 20.175658 20.776088
1 34.629916 35.222972
1 36.873227 37.423044
1 24.889589 25.438018
1 35.202381 35.750099
1 16.802312 17.346918
1 25.862777 26.382936
1 21.349849 21.869418
1 23.979040 24.477641
1 31.103257 31.601502
1 45.410988 45.902383
1 40.671748 41.145226
1 26.052993 26.518800
1 29.863651 30.327030
1 24.404317 24.866814
1 31.497690 31.951013
1 28.895663 29.339200
1 20.411238 20.854669
1 28.812422 29.253583
1 27.831226 28.245729
1 31.445433 31.847684
1 27.055104 27.454265
1 32.207676 32.600220
1 41.636739 42.024975
1 35.566543 35.952845
1 31.641950 32.027749
1 34.532003 34.909667
1 36.968389 37.333873
1 28.526280 28.889291
1 47.437034 47.791666
1 23.528985 23.879314
1 31.149237 31.499115
1 28.532958 28.882426
1 31.816497 32.157493
1 20.580554 20.921445
1 26.228747 26.568244
1 31.994041 32.322676
1 20.993415 21.291536
1 32.520421 32.815560
1 26.670456 26.960883
1 31.377868 31.661880
1 44.739416 45.017564
1 31.352686 31.629084
1 26.177460 26.453221
1 31.300467 31.576226
1 17.896879 18.166936
1 42.883666 43.145881
1 19.544487 19.805616
1 22.233192 22.490891
1 24.573008 24.825223
1 27.001044 27.243275
1 33.421888 33.638011
1 38.091565 38.301020
1 34.502518 34.689444
1 38.201807 38.380569
1 35.796645 35.970184
1 43.598804 43.767204
1 27.433882 27.596604
1 36.860397 37.021751
1 25.804017 25.962427
1 28.836200 28.994055
1 32.219586 32.376144
1 22.550891 22.704782
1 31.627357 31.776357
1 33.906648 34.052224
1 31.371463 31.515680
1 20.199109 20.338003
1 28.327178 28.464935
1 35.885597 36.017690
1 26.519082 26.645169
1 22.855488 22.977360
1 27.908293 28.027797
1 22.294991 22.404582
1 24.852201 24.957163
1 33.484968 33.588083
1 37.986700 38.087269
1 32.090870 32.191404
1 24.761686 24.860671
1 33.705938 33.804647
1 32.415313 32.511555
1 36.371744 36.464677
1 36.823373 36.913778
1 31.801037 31.879739
1 17.517743 17.594134
1 37.943892 38.018481
1 31.132748 31.205766
1 40.396693 40.468864
1 23.237964 23.308991
1 19.188180 19.254790
1 19.726731 19.787784
1 28.709741 28.769158
1 35.193375 35.250607
1 27.974424 28.030562
1 22.848262 22.900637
1 27.980590 28.029393
1 27.621029 27.668685
1 34.993267 35.038005
1 40.946649 40.984975
1 28.783073 28.817676
1 25.670150 25.704487
1 32.395062 32.429005
1 34.814079 34.845478
1 44.295195 44.323578
1 25.453676 25.478246
1 42.224579 42.244820
1 33.249632 33.269439
1 40.493948 40.510463
1 36.317761 36.333907
1 29.378989 29.394906
1 32.667619 32.682567
1 25.324409 25.338613
1 30.127857 30.141576
1 45.129250 45.139794
1 42.345900 42.356413
1 25.529404 25.539526
1 27.241023 27.248844
1 24.328968 24.336597
1 23.470310 23.475178
1 28.921286 28.925214
1 24.473922 24.477151
1 42.306480 42.309587
1 43.465509 43.468150
1 22.988953 22.991484
1 31.456792 31.458944
1 25.279991 25.282104
1 35.349584 35.351451
1 36.059176 36.060133
1 29.136505 29.137432
1 35.409550 35.409824
1 21.728354 21.728507
1 28.488531 28.488648
0 0.000000 inf
0 0.000000 31.577896
0 0.000000 31.527381
0 0.000000 31.413064
0 0.000000 30.635054
0 0.000000 29.240514
0 0.000000 28.945732
0 0.000000 27.404130
0 0.000000 27.135693
0 0.000000 26.993555
0 0.000000 26.111134
0 0.000000 26.023484
0 0.000000 25.899256
0 0.000000 25.850730
0 0.000000 25.810629
0 0.000000 25.792617
0 0.000000 25.754965
0 0.000000 25.465315
0 0.000000 25.330562
0 0.000000 25.122086
0 0.000000 25.090199
0 0.000000 25.045010
0 0.000000 24.873264
0 0.000000 24.831632
0 0.000000 24.771793
0 0.000000 24.549945
0 0.000000 24.306753
0 0.000000 24.003916
0 0.000000 24.003015
0 0.000000 23.816392
0 0.000000 23.805644
0 0.000000 23.768507
0 0.000000 23.687815
0 0.000000 23.465236
0 0.000000 23.454002
0 0.000000 23.347816
0 0.000000 23.343376
0 0.000000 23.275423
0 0.000000 23.243302
0 0.000000 22.988873
0 0.000000 22.965878
0 0.000000 22.909725
0 0.000000 22.747880
0 0.000000 22.520284
0 0.000000 22.406469
0 0.000000 22.399474
0 0.000000 22.374598
0 0.000000 22.314289
0 0.000000 22.305894
0 0.000000 22.305630
0 0.000000 22.121050
0 0.000000 22.014139
0 0.000000 21.956266
0 0.000000 21.687225
0 0.000000 21.647677
0 0.000000 21.617143
0 0.000000 21.603384
0 0.000000 21.575819
0 0.000000 21.551171
0 0.000000 21.483243
0 0.000000 21.257893
0 0.000000 21.232161
0 0.000000 21.186974
0 0.000000 21.073314
0 0.000000 21.009458
0 0.000000 20.943299
0 0.000000 20.877796
0 0.000000 20.877402
0 0.000000 20.852253
0 0.000000 20.826214
0 0.000000 20.772073
0 0.000000 20.715746
0 0.000000 20.652885
0 0.000000 20.631734
0 0.000000 20.629525
0 0.000000 20.603979
0 0.000000 20.523938
0 0.000000 20.501491
0 0.000000 20.483246
0 0.000000 20.398804
0 0.000000 20.356434
0 0.000000 20.295043
0 0.000000 20.260581
0 0.000000 20.226881
0 0.000000 20.137274
0 0.000000 20.134957
0 0.000000 20.128834
0 0.000000 20.089433
0 0.000000 20.058449
0 0.000000 20.027158
0 0.000000 19.937530
0 0.000000 19.848673
0 0.000000 19.826177
0 0.000000 19.723732
0 0.000000 19.693791
0 0.000000 19.647854
0 0.000000 19.612391
0 0.000000 19.610335
0 0.000000 19.512709
0 0.000000 19.507957
0 0.000000 19.505523
0 0.000000 19.436574
0 0.000000 19.355435
0 0.000000 19.280322
0 0.000000 19.156040
0 0.000000 19.044787
0 0.000000 18.645172
0 0.000000 18.633806
0 0.000000 18.583239
0 0.000000 18.502999
0 0.000000 18.491337
0 0.000000 18.424359
0 0.000000 18.321227
0 0.000000 18.320340
0 0.000000 18.305874
0 0.000000 18.286221
0 0.000000 18.280039
0 0.000000 18.011071
0 0.000000 17.959524
0 0.000000 17.958883
0 0.000000 17.661830
0 0.000000 17.632388
0 0.000000 17.365577
0 0.000000 17.210907
0 0.000000 17.157280
0 0.000000 17.030145
0 0.000000 17.012003
0 0.000000 16.769907
0 0.000000 16.709579
0 0.000000 16.643209
0 0.000000 16.427178
0 0.000000 16.422579
0 0.000000 16.068143
0 0.000000 15.948915
0 0.000000 15.764141
0 0.000000 15.762717
0 0.000000 15.683078
0 0.000000 15.474329
0 0.000000 15.466037
0 0.000000 15.456725
0 0.000000 15.320220
0 0.000000 15.217738
0 0.000000 15.152410
0 0.000000 15.135577
0 0.000000 15.095042
0 0.000000 15.091253
0 0.000000 15.032295
0 0.000000 15.007882
0 0.000000 15.006646
0 0.000000 14.906736
0 0.000000 14.904883
0 0.000000 14.819164
0 0.000000 14.772283
0 0.000000 14.741687
0 0.000000 14.696909
0 0.000000 14.690272
0 0.000000 14.558654
0 0.000000 14.002519
0 0.000000 13.997816
0 0.000000 13.962052
0 0.000000 13.868941
0 0.000000 13.805367
0 0.000000 13.797246
0 0.000000 13.786534
0 0.000000 13.673807
0 0.000000 13.392498
0 0.000000 13.386345
0 0.000000 13.331432
0 0.000000 13.309827
0 0.000000 13.260166
0 0.000000 13.064449
0 0.000000 12.998556
0 0.000000 12.991535
0 0.000000 12.797388
0 0.000000 12.740966
0 0.000000 12.689032
0 0.000000 12.615530
0 0.000000 12.543703
0 0.000000 12.517077
0 0.000000 12.418114
0 0.000000 12.166783
0 0.000000 11.587346
0 0.000000 11.434736
0 0.000000 10.763849
0 0.000000 9.948789
0 0.000000 9.500651
0 0.000000 9.190280
