1 31.759062 56.782145
1 22.531542 42.934013
1 29.116476 47.832272
1 25.794553 43.791928
1 26.885302 44.467015
1 31.698195 49.054621
1 28.720432 45.849618
1 27.033624 43.191928
1 25.096144 40.327645
1 29.666486 44.767710
1 26.436205 39.923057
1 27.228274 40.054151
1 30.104423 42.413849
1 26.780887 39.079442
1 27.437281 39.665981
1 24.116976 35.887588
1 27.199418 38.600960
1 26.193352 37.589246
1 23.805670 34.940298
1 31.943082 42.466298
1 36.747872 46.979887
1 17.102681 26.578087
1 25.781519 35.174172
1 32.144034 41.511678
1 23.353498 32.483918
1 34.653858 42.743779
1 33.953578 41.406310
1 31.864153 39.168791
1 27.473828 34.724494
1 29.688081 36.879620
1 27.971597 35.147461
1 33.058519 40.152150
1 30.066836 37.122763
1 24.449035 31.449034
1 26.017192 32.923912
1 31.727459 38.441709
1 24.282724 30.990372
1 24.759843 31.268863
1 22.741765 29.022506
1 21.363740 27.339834
1 40.760168 46.708526
1 19.982904 25.824598
1 28.272783 33.970539
1 31.232679 36.542398
1 26.072679 31.337775
1 32.869104 38.042162
1 22.461744 27.464463
1 27.100773 31.979098
1 26.669925 31.404415
1 23.076486 27.808712
1 35.257313 39.989346
1 22.346651 27.026996
1 21.023385 25.645323
1 37.728480 42.339506
1 27.652996 32.157066
1 22.820891 27.060087
1 32.588948 36.794041
1 22.908839 27.095959
1 31.803461 35.987722
1 42.631304 46.693654
1 29.527403 33.496003
1 48.234268 52.167155
1 27.413574 31.282949
1 30.597080 34.443897
1 27.155608 30.991403
1 36.940456 40.733293
1 35.533329 39.167783
1 20.081225 23.614491
1 27.771724 31.144570
1 32.636440 35.972232
1 37.330227 40.661028
1 41.118288 44.335792
1 30.446944 33.550303
1 23.506547 26.522936
1 28.204110 31.219104
1 20.943470 23.954656
1 19.631917 22.521166
1 29.671230 32.551104
1 47.676661 50.541203
1 39.020308 41.856768
1 34.166665 36.974180
1 23.658253 26.373639
1 27.845031 30.557571
1 31.793385 34.495959
1 23.970000 26.641807
1 39.518228 42.160791
1 25.079153 27.603313
1 26.044544 28.554063
1 40.786205 43.206809
1 26.157624 28.553654
1 28.683000 31.073582
1 27.546423 29.895893
1 17.895368 20.227219
1 25.622774 27.941633
1 23.206491 25.517115
1 33.769993 36.074203
1 26.637146 28.898883
1 30.297034 32.538206
1 27.700108 29.842003
1 27.818310 29.959292
1 29.023431 31.150752
1 28.111963 30.189326
1 31.849607 33.925231
1 36.075325 38.139955
1 28.565450 30.628039
1 29.171307 31.201847
1 30.533331 32.556191
1 33.777110 35.797646
1 36.343125 38.358351
1 18.637458 20.651912
1 27.813292 29.825102
1 27.188533 29.194445
1 25.875716 27.867892
1 22.951425 24.878154
1 18.426536 20.331649
1 32.170775 34.067233
1 36.839107 38.713321
1 17.519463 19.340622
1 25.909516 27.716668
1 41.791874 43.570617
1 28.757605 30.485551
1 39.724474 41.450816
1 35.868748 37.592641
1 34.625828 36.344692
1 18.595379 20.305214
1 31.672000 33.358099
1 25.727634 27.344766
1 32.737925 34.341091
1 34.553352 36.097545
1 18.722164 20.229902
1 28.093711 29.590880
1 25.283825 26.750955
1 39.385134 40.844249
1 27.912638 29.362650
1 20.228104 21.672322
1 29.798238 31.215671
1 23.101703 24.499991
1 21.576448 22.944631
1 25.237348 26.604467
1 30.331064 31.664519
1 18.416658 19.726707
1 28.043420 29.303582
1 19.757186 20.991782
1 23.184840 24.397795
1 20.088458 21.297681
1 17.408467 18.617604
1 27.371045 28.575835
1 25.200912 26.389841
1 32.625302 33.810821
1 20.082756 21.264934
1 25.554621 26.725124
1 21.124956 22.294249
1 25.456653 26.625428
1 23.925708 25.055215
1 22.815149 23.907988
1 23.429271 24.520560
1 47.794164 48.878993
1 25.813827 26.896774
1 28.710711 29.779735
1 24.428920 25.480238
1 26.365747 27.409166
1 17.580063 18.608723
1 26.233296 27.229115
1 25.461070 26.451684
1 22.815937 23.773600
1 34.425037 35.356163
1 34.096149 35.002221
1 24.905035 25.807015
1 36.273038 37.175004
1 32.731276 33.621764
1 31.094235 31.977048
1 39.380987 40.258918
1 34.883743 35.753896
1 33.083247 33.943144
1 28.300647 29.159952
1 28.202679 29.058824
1 35.746940 36.589566
1 31.935953 32.778420
1 21.957411 22.794574
1 28.596975 29.431977
1 37.476902 38.307868
1 21.719330 22.550241
1 35.115647 35.940391
1 26.528780 27.334205
1 22.952790 23.749903
1 22.652529 23.415486
1 32.431530 33.193855
1 20.594551 21.355159
1 33.091151 33.823374
1 25.369713 26.056738
1 24.861308 25.546038
1 19.423308 20.089331
1 30.492627 31.140356
1 42.341978 42.988117
1 34.348393 34.988209
1 33.528846 34.152180
1 40.848982 41.470393
1 32.638347 33.259040
1 22.805152 23.403642
1 29.740181 30.328256
1 30.525391 31.103566
1 37.024122 37.567586
1 25.200634 25.733741
1 34.531193 35.053482
1 24.065808 24.577038
1 18.750105 19.231798
1 29.211895 29.666703
1 39.854349 40.304162
1 28.056832 28.500513
1 31.148725 31.579430
1 27.209381 27.639390
1 31.027353 31.450956
1 26.666598 27.084645
1 23.901211 24.296392
1 16.337498 16.727363
1 35.609729 35.987720
1 30.000472 30.370813
1 25.334250 25.695159
1 20.419503 20.775658
1 17.626733 17.982687
1 25.448110 25.803227
1 28.041579 28.396271
1 32.520184 32.867653
1 38.169710 38.499415
1 23.651212 23.943575
1 35.535716 35.822938
1 25.464951 25.749565
1 36.263557 36.544068
1 36.049098 36.323166
1 31.325006 31.591414
1 38.973171 39.236127
1 33.286922 33.545463
1 30.609276 30.862467
1 23.358771 23.611378
1 25.470235 25.713643
1 40.595820 40.831475
1 32.428090 32.661506
1 20.041701 20.273853
1 25.580452 25.800955
1 28.663949 28.879750
1 37.809674 38.021242
1 28.760375 28.969815
1 22.667163 22.874943
1 35.806012 36.013134
1 28.592715 28.796951
1 24.746210 24.931022
1 23.823334 24.002355
1 31.228676 31.396926
1 29.474994 29.642485
1 29.723469 29.888286
1 35.608705 35.766088
1 44.059401 44.216678
1 34.162226 34.318614
1 25.640611 25.793610
1 30.540719 30.693436
1 33.027774 33.180434
1 41.062638 41.211377
1 38.185493 38.332101
1 28.194914 28.338155
1 26.224566 26.366274
1 35.667180 35.807438
1 32.326733 32.462607
1 35.113713 35.244333
1 32.135060 32.263523
1 31.162617 31.284979
1 18.560277 18.678551
1 30.135872 30.247421
1 28.359889 28.470136
1 34.928148 35.035395
1 38.985464 39.087944
1 27.732626 27.832778
1 40.916708 41.009129
1 23.481229 23.573289
1 41.458347 41.549430
1 13.980833 14.067475
1 26.690323 26.776316
1 42.841539 42.927472
1 34.349942 34.428352
1 37.681143 37.756140
1 16.982072 17.050946
1 40.059262 40.126889
1 18.997804 19.064838
1 39.974961 40.038519
1 34.028249 34.085874
1 18.538364 18.592666
1 51.354578 51.406548
1 28.875171 28.924183
1 24.949475 24.997801
1 43.136730 43.183826
1 34.475376 34.519161
1 19.651106 19.694868
1 14.517202 14.558692
1 13.461299 13.496423
1 26.608721 26.639662
1 48.004376 48.033583
1 38.344870 38.373025
1 21.753700 21.779437
1 16.587149 16.611589
1 43.022666 43.045253
1 35.387558 35.409800
1 37.426922 37.448434
1 34.035682 34.052808
1 44.215274 44.229647
1 25.454154 25.468176
1 37.667106 37.680636
1 27.085497 27.096604
1 36.606770 36.616575
1 30.385065 30.393263
1 29.270495 29.278487
1 46.810674 46.817190
1 38.394163 38.400569
1 23.647154 23.653281
1 38.449108 38.453288
1 32.347545 32.351692
1 41.411447 41.415193
1 27.999268 28.000883
1 38.558225 38.559800
1 26.228977 26.230248
1 31.529400 31.530603
1 35.757406 35.757686
1 32.348741 32.348956
1 26.248506 26.248604
0 0.000000 inf
0 0.000000 35.551594
0 0.000000 32.222580
0 0.000000 28.981819
0 0.000000 28.626240
0 0.000000 28.482148
0 0.000000 28.390532
0 0.000000 27.803847
0 0.000000 27.691102
0 0.000000 27.509172
0 0.000000 26.779449
0 0.000000 26.547895
0 0.000000 26.514515
0 0.000000 26.121458
0 0.000000 25.813366
0 0.000000 25.669797
0 0.000000 25.575224
0 0.000000 25.532875
0 0.000000 25.456442
0 0.000000 25.397817
0 0.000000 25.383603
0 0.000000 25.334987
0 0.000000 25.266424
0 0.000000 25.154760
0 0.000000 25.129524
0 0.000000 25.043630
0 0.000000 24.732679
0 0.000000 24.709825
0 0.000000 24.670110
0 0.000000 24.564678
0 0.000000 24.387165
0 0.000000 24.240110
0 0.000000 24.166419
0 0.000000 24.071817
0 0.000000 23.998457
0 0.000000 23.836490
0 0.000000 23.803441
0 0.000000 23.739039
0 0.000000 23.715274
0 0.000000 23.612584
0 0.000000 23.602955
0 0.000000 23.439863
0 0.000000 23.320835
0 0.000000 23.261837
0 0.000000 23.151157
0 0.000000 23.061846
0 0.000000 22.864174
0 0.000000 22.834319
0 0.000000 22.707002
0 0.000000 22.581287
0 0.000000 22.573833
0 0.000000 22.490094
0 0.000000 22.414299
0 0.000000 22.182731
0 0.000000 22.173636
0 0.000000 22.095711
0 0.000000 21.856249
0 0.000000 21.848446
0 0.000000 21.751024
0 0.000000 21.750447
0 0.000000 21.727589
0 0.000000 21.707789
0 0.000000 21.272618
0 0.000000 21.241145
0 0.000000 21.208307
0 0.000000 21.068343
0 0.000000 20.948869
0 0.000000 20.795122
0 0.000000 20.755496
0 0.000000 20.747109
0 0.000000 20.688570
0 0.000000 20.685346
0 0.000000 20.649046
0 0.000000 20.625542
0 0.000000 20.562808
0 0.000000 20.558002
0 0.000000 20.441051
0 0.000000 20.177646
0 0.000000 20.149585
0 0.000000 20.144579
0 0.000000 20.113335
0 0.000000 19.842450
0 0.000000 19.806737
0 0.000000 19.549339
0 0.000000 19.546618
0 0.000000 19.523875
0 0.000000 19.494895
0 0.000000 19.428658
0 0.000000 19.404929
0 0.000000 19.396316
0 0.000000 19.382853
0 0.000000 19.357092
0 0.000000 19.350036
0 0.000000 19.276785
0 0.000000 19.253351
0 0.000000 19.182357
0 0.000000 19.132828
0 0.000000 19.087606
0 0.000000 19.069736
0 0.000000 19.001610
0 0.000000 18.999947
0 0.000000 18.912541
0 0.000000 18.906088
0 0.000000 18.835902
0 0.000000 18.772957
0 0.000000 18.769849
0 0.000000 18.750355
0 0.000000 18.723110
0 0.000000 18.695503
0 0.000000 18.678013
0 0.000000 18.643847
0 0.000000 18.579060
0 0.000000 18.557946
0 0.000000 18.527421
0 0.000000 18.447692
0 0.000000 18.382527
0 0.000000 18.370821
0 0.000000 18.341154
0 0.000000 18.304635
0 0.000000 18.287116
0 0.000000 18.035790
0 0.000000 17.974702
0 0.000000 17.785102
0 0.000000 17.746122
0 0.000000 17.534165
0 0.000000 17.412364
0 0.000000 17.233271
0 0.000000 17.094938
0 0.000000 17.005385
0 0.000000 16.989966
0 0.000000 16.938935
0 0.000000 16.797948
0 0.000000 16.754854
0 0.000000 16.638987
0 0.000000 16.493355
0 0.000000 16.268181
0 0.000000 16.038029
0 0.000000 16.016032
0 0.000000 15.945110
0 0.000000 15.936765
0 0.000000 15.931649
0 0.000000 15.792561
0 0.000000 15.786613
0 0.000000 15.509528
0 0.000000 15.386699
0 0.000000 15.338342
0 0.000000 15.315552
0 0.000000 15.283335
0 0.000000 15.205817
0 0.000000 15.128547
0 0.000000 15.055265
0 0.000000 15.025343
0 0.000000 14.983185
0 0.000000 14.899525
0 0.000000 14.750512
0 0.000000 14.747025
0 0.000000 14.746668
0 0.000000 14.505992
0 0.000000 14.481458
0 0.000000 14.469650
0 0.000000 14.396388
0 0.000000 14.279016
0 0.000000 14.132654
0 0.000000 13.935047
0 0.000000 13.913569
0 0.000000 13.697486
0 0.000000 13.672913
0 0.000000 13.459371
0 0.000000 13.253809
0 0.000000 13.246248
0 0.000000 13.165972
0 0.000000 12.597011
0 0.000000 12.034618
0 0.000000 11.774159
0 0.000000 11.760427
0 0.000000 11.536040
0 0.000000 11.322808
0 0.000000 10.947660
0 0.000000 10.869887
0 0.000000 10.561787
0 0.000000 10.003575
0 0.000000 9.595234
0 0.000000 8.967166
0 0.000000 8.827218
0 0.000000 8.142131
0 0.000000 7.712942
0 0.000000 7.670137
