1 24.750111 51.437345
1 20.969918 42.751710
1 27.992240 49.407640
1 29.316538 48.107885
1 21.972175 40.191809
1 32.593140 50.700064
1 26.635594 44.365284
1 22.852244 39.124652
1 23.172328 38.992542
1 30.069570 45.195513
1 27.340735 41.238168
1 24.579025 38.467729
1 27.204837 40.294374
1 26.711626 39.097940
1 36.925237 49.119174
1 22.109147 34.209537
1 24.292214 36.245135
1 22.869875 34.775350
1 24.654319 36.301599
1 30.028256 40.185605
1 26.906588 37.027096
1 29.171001 39.164616
1 23.662098 33.472226
1 39.241718 48.968278
1 22.694822 32.234368
1 30.263163 39.119836
1 35.767367 44.540853
1 20.885856 29.400065
1 20.429141 28.675344
1 29.981062 38.020632
1 22.879328 30.656222
1 24.798374 32.362127
1 23.536163 31.090962
1 30.114541 37.499126
1 20.929977 28.124298
1 29.159088 36.224844
1 26.304837 33.360695
1 28.642588 35.622182
1 17.720961 24.360659
1 26.088373 32.575713
1 33.395506 39.878119
1 26.141712 32.261598
1 20.362139 26.329182
1 34.160957 39.909903
1 34.914150 40.644308
1 22.473028 28.190608
1 26.490780 32.192149
1 24.587050 30.213118
1 26.778025 32.038515
1 24.995790 30.070329
1 29.160104 34.103017
1 33.407406 38.318277
1 20.208751 25.104769
1 33.392511 38.201015
1 25.778097 30.399851
1 21.726702 26.278523
1 34.016970 38.538638
1 31.554886 36.071101
1 24.825711 29.302185
1 22.805816 27.042364
1 39.236837 43.295640
1 46.695172 50.716697
1 32.114405 36.021791
1 41.841401 45.682727
1 29.589656 33.299314
1 23.658589 27.242505
1 29.420469 32.966162
1 33.667760 37.131598
1 28.113589 31.562847
1 32.757736 36.077149
1 27.541322 30.853780
1 23.052829 26.364041
1 27.993634 31.277919
1 26.144333 29.371952
1 23.097613 26.298085
1 23.275474 26.441394
1 30.703224 33.848490
1 31.734549 34.866419
1 20.643675 23.748596
1 21.546706 24.557260
1 28.639416 31.566144
1 21.011844 23.906520
1 34.499558 37.385877
1 34.477924 37.308559
1 22.563321 25.370549
1 30.661915 33.405215
1 26.342147 29.042887
1 31.962058 34.651767
1 31.117466 33.803764
1 25.935316 28.602738
1 26.516149 29.144864
1 25.603510 28.156225
1 26.280524 28.626968
1 17.265060 19.566663
1 33.714923 36.008470
1 32.556914 34.849011
1 46.419035 48.613458
1 19.179075 21.365232
1 27.149469 29.329652
1 18.574603 20.724453
1 23.011117 25.063775
1 27.803114 29.839404
1 26.756945 28.718962
1 35.316288 37.270328
1 38.818993 40.762419
1 24.234621 26.156047
1 20.449068 22.298018
1 21.588825 23.428728
1 32.469892 34.286050
1 34.226644 36.036545
1 26.358831 28.113403
1 33.745884 35.456948
1 31.289043 32.997165
1 23.637764 25.319319
1 40.131169 41.790695
1 40.657429 42.310317
1 26.247688 27.862304
1 38.207381 39.789028
1 32.681419 34.243125
1 31.615162 33.158477
1 30.746260 32.254645
1 23.981800 25.478887
1 28.456988 29.937458
1 26.667571 28.121120
1 32.035536 33.473392
1 20.399742 21.819319
1 24.325563 25.709369
1 27.355113 28.723055
1 26.751556 28.088976
1 33.907212 35.220646
1 23.350404 24.661175
1 29.756227 31.044165
1 35.308695 36.589700
1 32.664525 33.920253
1 38.819926 40.073474
1 29.018351 30.251870
1 26.871586 28.099986
1 32.039639 33.254747
1 19.458649 20.668977
1 27.121913 28.326446
1 37.432383 38.624709
1 20.869738 22.043131
1 27.758090 28.917686
1 31.935113 33.073554
1 21.837207 22.935721
1 24.514513 25.598494
1 35.958471 37.009272
1 37.472249 38.504475
1 37.386926 38.407273
1 20.998695 21.981071
1 33.618504 34.589852
1 40.962111 41.925913
1 19.575148 20.530091
1 28.827645 29.781322
1 23.146454 24.095955
1 23.906697 24.841112
1 15.636882 16.550997
1 18.081551 18.987442
1 25.322810 26.201089
1 26.481211 27.330072
1 24.603859 25.446916
1 25.324688 26.159362
1 39.874686 40.707939
1 29.132085 29.962988
1 28.276465 29.104209
1 28.992092 29.813970
1 29.175977 29.993326
1 25.376173 26.173178
1 32.565474 33.333590
1 25.834063 26.601462
1 31.485689 32.248274
1 29.232739 29.942642
1 35.350722 36.047769
1 38.715855 39.363466
1 26.821754 27.450450
1 34.596626 35.223862
1 41.055144 41.678004
1 24.574512 25.197364
1 26.792362 27.379911
1 32.818203 33.395309
1 26.530046 27.101437
1 27.748995 28.303992
1 24.799597 25.352553
1 22.677950 23.220857
1 20.694820 21.237125
1 23.999749 24.537139
1 28.978873 29.511636
1 45.339120 45.861460
1 30.130276 30.626760
1 30.841677 31.336069
1 23.535615 24.026297
1 33.674850 34.165457
1 46.473078 46.961581
1 26.520138 27.008432
1 30.918209 31.399188
1 44.634093 45.109657
1 43.137587 43.603912
1 32.205233 32.653822
1 22.854704 23.285891
1 31.292855 31.723825
1 28.440346 28.865089
1 33.962492 34.381450
1 22.782071 23.197561
1 23.318307 23.725810
1 38.092464 38.499847
1 25.197266 25.594114
1 26.091824 26.480241
1 31.383151 31.766793
1 42.868142 43.228875
1 33.160343 33.516626
1 30.275134 30.630411
1 37.212373 37.566457
1 21.921996 22.275057
1 28.575389 28.924296
1 24.567293 24.910903
1 30.839201 31.180592
1 24.466201 24.805627
1 25.409489 25.744320
1 26.854362 27.185416
1 24.768048 25.093660
1 33.233650 33.554975
1 28.431562 28.748700
1 38.895633 39.211374
1 25.658613 25.971538
1 39.354676 39.666106
1 12.389417 12.699099
1 37.567626 37.863202
1 20.854578 21.139629
1 17.248635 17.531967
1 23.424730 23.707127
1 35.920209 36.200026
1 39.224281 39.501299
1 26.299635 26.566378
1 25.929264 26.191124
1 31.921766 32.170191
1 25.576434 25.823985
1 27.840585 28.082590
1 49.166056 49.402510
1 22.308922 22.527869
1 46.657905 46.874570
1 29.658182 29.874833
1 33.876450 34.083456
1 37.617664 37.824525
1 30.777694 30.982821
1 19.655529 19.828896
1 19.722836 19.895963
1 21.010137 21.177044
1 23.925619 24.089501
1 48.359673 48.510264
1 27.423914 27.573922
1 34.147234 34.285058
1 32.104722 32.240332
1 27.014495 27.149400
1 50.053915 50.186993
1 13.056296 13.188086
1 37.056452 37.181944
1 39.627625 39.746679
1 26.281789 26.399388
1 35.539141 35.647453
1 25.988157 26.087956
1 42.593759 42.691228
1 28.785045 28.878732
1 22.243330 22.328862
1 23.406783 23.488364
1 38.455833 38.532399
1 35.987566 36.063056
1 29.913054 29.985649
1 18.658743 18.728355
1 24.130271 24.195597
1 25.006250 25.069525
1 31.950028 32.010436
1 44.114757 44.174885
1 34.303943 34.356957
1 19.921933 19.967678
1 37.472398 37.516737
1 23.468848 23.506383
1 16.315847 16.352410
1 30.327427 30.361346
1 33.175458 33.208550
1 30.629436 30.658599
1 24.501821 24.530356
1 29.413911 29.438372
1 38.125491 38.148752
1 28.399286 28.419786
1 31.227628 31.246390
1 48.433176 48.451690
1 35.114034 35.130247
1 39.114677 39.126189
1 19.675177 19.686251
1 27.517964 27.528041
1 24.222852 24.232834
1 32.625701 32.635045
1 29.848066 29.856520
1 22.949900 22.958020
1 23.568933 23.576160
1 30.713384 30.719769
1 37.990883 37.996546
1 23.730419 23.735778
1 29.958123 29.962998
1 28.601879 28.606528
1 35.714047 35.718598
1 40.072243 40.075834
1 14.137295 14.140209
1 38.196142 38.198887
1 43.540578 43.542379
1 27.112750 27.114341
1 17.864590 17.866080
1 29.724301 29.725630
1 35.373768 35.375096
1 41.928993 41.930215
1 44.763131 44.764179
1 15.720944 15.721975
1 30.539028 30.539826
1 30.213973 30.214569
1 34.867555 34.868079
1 26.027326 26.027574
1 22.467870 22.467965
1 33.075128 33.075150
1 43.980875 43.980877
0 0.000000 inf
0 0.000000 31.689809
0 0.000000 31.085459
0 0.000000 30.684917
0 0.000000 29.859211
0 0.000000 28.812756
0 0.000000 28.351771
0 0.000000 27.599758
0 0.000000 26.987790
0 0.000000 26.746037
0 0.000000 26.295504
0 0.000000 26.058132
0 0.000000 25.905484
0 0.000000 25.452037
0 0.000000 25.195112
0 0.000000 24.429646
0 0.000000 23.959010
0 0.000000 23.901371
0 0.000000 23.881048
0 0.000000 23.683069
0 0.000000 23.165570
0 0.000000 22.848578
0 0.000000 22.826615
0 0.000000 22.682473
0 0.000000 22.585510
0 0.000000 22.567485
0 0.000000 22.555337
0 0.000000 22.542475
0 0.000000 22.538320
0 0.000000 22.358398
0 0.000000 22.348543
0 0.000000 22.264578
0 0.000000 22.154819
0 0.000000 22.140034
0 0.000000 22.131078
0 0.000000 22.091354
0 0.000000 22.048294
0 0.000000 21.680140
0 0.000000 21.572931
0 0.000000 21.399209
0 0.000000 21.323633
0 0.000000 21.300546
0 0.000000 21.084945
0 0.000000 20.912960
0 0.000000 20.909813
0 0.000000 20.885507
0 0.000000 20.870811
0 0.000000 20.852538
0 0.000000 20.776965
0 0.000000 20.637596
0 0.000000 20.615443
0 0.000000 20.601022
0 0.000000 20.550924
0 0.000000 20.467333
0 0.000000 20.448167
0 0.000000 20.443220
0 0.000000 20.380154
0 0.000000 20.335834
0 0.000000 20.159762
0 0.000000 20.145952
0 0.000000 20.001684
0 0.000000 19.919199
0 0.000000 19.906579
0 0.000000 19.894173
0 0.000000 19.709256
0 0.000000 19.673331
0 0.000000 19.534115
0 0.000000 19.474704
0 0.000000 19.454790
0 0.000000 19.424803
0 0.000000 19.387373
0 0.000000 19.379785
0 0.000000 19.283637
0 0.000000 19.224873
0 0.000000 19.205093
0 0.000000 19.155047
0 0.000000 19.010383
0 0.000000 18.913556
0 0.000000 18.893318
0 0.000000 18.790379
0 0.000000 18.741620
0 0.000000 18.740816
0 0.000000 18.660204
0 0.000000 18.659555
0 0.000000 18.648788
0 0.000000 18.610069
0 0.000000 18.591334
0 0.000000 18.521778
0 0.000000 18.485475
0 0.000000 18.470132
0 0.000000 18.391807
0 0.000000 18.372529
0 0.000000 18.364045
0 0.000000 18.288211
0 0.000000 18.126812
0 0.000000 18.040339
0 0.000000 17.995033
0 0.000000 17.932058
0 0.000000 17.926870
0 0.000000 17.893972
0 0.000000 17.870610
0 0.000000 17.834960
0 0.000000 17.773664
0 0.000000 17.726544
0 0.000000 17.546419
0 0.000000 17.496054
0 0.000000 17.489964
0 0.000000 17.486891
0 0.000000 17.403450
0 0.000000 17.312502
0 0.000000 17.295017
0 0.000000 17.280424
0 0.000000 17.277278
0 0.000000 17.251367
0 0.000000 17.214645
0 0.000000 17.207789
0 0.000000 17.150934
0 0.000000 17.130277
0 0.000000 17.126549
0 0.000000 17.081757
0 0.000000 17.005323
0 0.000000 16.867028
0 0.000000 16.845353
0 0.000000 16.750288
0 0.000000 16.668055
0 0.000000 16.633050
0 0.000000 16.525617
0 0.000000 15.890931
0 0.000000 15.874651
0 0.000000 15.770480
0 0.000000 15.767317
0 0.000000 15.712319
0 0.000000 15.452076
0 0.000000 15.447705
0 0.000000 15.439471
0 0.000000 15.331863
0 0.000000 15.164501
0 0.000000 15.105082
0 0.000000 15.090595
0 0.000000 15.079784
0 0.000000 14.830856
0 0.000000 14.827833
0 0.000000 14.785690
0 0.000000 14.630603
0 0.000000 14.541327
0 0.000000 14.520551
0 0.000000 14.517080
0 0.000000 14.475251
0 0.000000 14.426121
0 0.000000 14.389992
0 0.000000 14.355158
0 0.000000 14.321479
0 0.000000 14.227814
0 0.000000 14.111379
0 0.000000 13.961102
0 0.000000 13.871371
0 0.000000 13.728228
0 0.000000 13.721687
0 0.000000 13.689806
0 0.000000 13.394952
0 0.000000 13.301465
0 0.000000 13.134177
0 0.000000 12.954350
0 0.000000 12.938892
0 0.000000 12.764473
0 0.000000 12.664232
0 0.000000 12.264600
0 0.000000 11.983411
0 0.000000 11.848319
0 0.000000 11.823723
0 0.000000 11.766504
0 0.000000 11.509297
0 0.000000 11.433643
0 0.000000 11.299241
0 0.000000 11.185872
0 0.000000 11.093541
0 0.000000 10.889747
0 0.000000 10.847105
0 0.000000 10.841720
0 0.000000 10.482783
0 0.000000 10.449766
0 0.000000 10.399717
0 0.000000 10.096387
0 0.000000 9.730863
0 0.000000 9.432610
0 0.000000 8.935618
0 0.000000 6.562360
