1 25.159431 40.071347
1 26.880480 40.835204
1 21.177224 34.297041
1 25.376974 38.373698
1 21.023258 32.751998
1 27.108759 38.091088
1 26.527069 37.019549
1 26.209210 36.487483
1 20.939320 31.164491
1 21.432597 31.101256
1 24.652096 33.689248
1 26.845484 35.476841
1 27.676438 36.260514
1 22.546928 31.121741
1 28.883677 37.384560
1 28.121447 36.520297
1 24.834133 33.134789
1 22.721800 30.957804
1 21.709464 29.843559
1 22.311639 30.368677
1 27.831665 35.883180
1 28.184447 36.218115
1 23.834340 31.745808
1 21.877948 29.700941
1 21.988118 29.798860
1 28.806332 36.485775
1 21.501784 29.088852
1 26.786560 34.325996
1 22.404604 29.920537
1 24.424989 31.916507
1 24.304788 31.788486
1 26.147290 33.445478
1 26.123949 33.233883
1 24.645550 31.743002
1 28.925303 35.962105
1 19.867180 26.873380
1 28.534768 35.522550
1 30.206233 37.172793
1 28.003354 34.880472
1 21.928943 28.659715
1 29.814640 36.540848
1 26.580990 33.146787
1 24.620749 31.009901
1 25.659442 31.520810
1 25.912585 31.589340
1 31.299962 36.932686
1 23.879719 29.499961
1 23.133442 28.592066
1 21.240903 26.604438
1 22.459565 27.766936
1 27.487723 32.776034
1 22.894370 28.177629
1 22.878524 28.130037
1 19.258749 24.484430
1 26.301393 31.478824
1 21.260168 26.427614
1 29.181292 34.318287
1 23.954466 28.981605
1 19.893927 24.754505
1 24.313996 29.155748
1 30.436833 35.078129
1 27.441859 31.917808
1 27.015327 31.475833
1 21.475935 25.927153
1 22.301345 26.708053
1 29.911465 34.235744
1 31.086587 35.396420
1 31.585034 35.886657
1 29.258856 33.555745
1 23.123987 27.356802
1 25.450956 29.674762
1 19.573632 23.788721
1 27.817387 31.884818
1 20.681916 24.723301
1 24.739107 28.745038
1 31.274869 35.277514
1 21.866246 25.812821
1 26.640047 30.457189
1 23.223471 27.016554
1 31.870247 35.643979
1 21.401111 25.120517
1 30.456721 34.136039
1 29.323986 32.958529
1 28.647123 32.235046
1 26.882353 30.454444
1 27.385780 30.938340
1 19.445246 22.992580
1 22.378875 25.880833
1 30.650804 34.090829
1 31.074052 34.382252
1 20.375664 23.681173
1 20.310390 23.581487
1 24.268289 27.514880
1 23.709668 26.945455
1 30.997103 34.212359
1 30.311383 33.523321
1 21.255882 24.453198
1 23.144488 26.202926
1 27.187848 30.202621
1 22.372464 25.384634
1 19.831718 22.792392
1 25.363719 28.309235
1 27.907146 30.820361
1 27.875774 30.756264
1 30.838374 33.705553
1 19.321652 22.180813
1 24.767285 27.624979
1 28.429536 31.269116
1 19.891107 22.711955
1 21.575721 24.356997
1 28.973110 31.750372
1 20.059587 22.836351
1 27.316171 30.050913
1 27.714509 30.426340
1 27.724284 30.432774
1 28.450256 31.156349
1 24.183626 26.874530
1 28.699663 31.378941
1 28.096618 30.751358
1 26.777516 29.345689
1 22.889869 25.360869
1 22.436744 24.907490
1 28.549916 30.872997
1 29.835525 32.152529
1 31.779389 34.059909
1 28.096913 30.367593
1 30.128391 32.394553
1 26.028322 28.287147
1 30.968637 33.178559
1 25.745388 27.940903
1 29.483270 31.656023
1 29.175308 31.309010
1 30.816903 32.946381
1 29.648669 31.761181
1 22.603429 24.713337
1 25.131128 27.217863
1 21.342212 23.423924
1 28.174017 30.209213
1 22.760421 24.769754
1 29.628915 31.630915
1 22.662545 24.658950
1 20.785351 22.765581
1 20.189237 22.168059
1 23.439930 25.374095
1 19.546811 21.468422
1 22.499385 24.409318
1 26.892215 28.785425
1 20.819038 22.667038
1 23.578250 25.420543
1 23.026248 24.855922
1 29.524651 31.346304
1 24.248675 26.065153
1 30.461742 32.231978
1 19.536752 21.306819
1 23.266717 25.003066
1 31.218534 32.951430
1 31.323160 33.049753
1 27.445370 29.165105
1 28.538119 30.236195
1 30.532379 32.212357
1 20.527143 22.184800
1 27.096887 28.712011
1 27.499929 29.098261
1 27.505142 29.090981
1 20.706803 22.282519
1 21.332757 22.871321
1 30.473393 31.999924
1 24.823834 26.348950
1 23.995475 25.518916
1 24.140700 25.620670
1 23.734409 25.212950
1 24.412851 25.889115
1 32.967137 34.409325
1 26.946960 28.378007
1 22.288092 23.716228
1 24.162508 25.564307
1 33.202059 34.591570
1 32.162183 33.539419
1 21.149510 22.503991
1 27.920913 29.268973
1 26.910205 28.219539
1 25.759264 27.031883
1 23.443349 24.688704
1 32.314047 33.545592
1 26.640728 27.860636
1 27.387837 28.594481
1 23.949032 25.153949
1 21.698070 22.897464
1 22.452577 23.634007
1 22.600407 23.776006
1 24.528456 25.618280
1 26.845963 27.928875
1 22.767155 23.842489
1 22.181346 23.251428
1 35.578906 36.645759
1 30.266381 31.328034
1 28.144577 29.138291
1 29.933834 30.902009
1 28.792201 29.734381
1 29.366214 30.250883
1 24.811102 25.693803
1 28.743853 29.597510
1 31.726968 32.574882
1 27.127150 27.972125
1 34.128489 34.972737
1 24.441598 25.257746
1 27.340190 28.142092
1 28.238481 29.037382
1 25.912781 26.693235
1 26.711664 27.479161
1 26.333767 27.100781
1 31.049696 31.816142
1 22.125825 22.886745
1 26.456904 27.203416
1 29.964286 30.704953
1 23.007198 23.704611
1 32.982899 33.669945
1 25.014567 25.699881
1 20.979619 21.613027
1 25.897480 26.516217
1 24.327903 24.915847
1 30.775303 31.350270
1 23.083895 23.646316
1 24.214141 24.771341
1 27.084704 27.631518
1 29.539282 30.077929
1 37.660500 38.196629
1 24.249181 24.773303
1 28.243997 28.761265
1 29.064789 29.572359
1 34.067001 34.557437
1 25.878971 26.360311
1 30.644606 31.111707
1 28.709920 29.160152
1 32.859131 33.306685
1 28.704928 29.148296
1 31.529914 31.973195
1 32.237349 32.678636
1 31.848700 32.273238
1 30.519365 30.929287
1 24.270656 24.665332
1 32.430610 32.823995
1 25.074335 25.459837
1 22.705420 23.084078
1 27.693551 28.066390
1 34.994708 35.350548
1 32.521774 32.858272
1 23.126040 23.448230
1 40.190274 40.510506
1 24.852811 25.165309
1 27.643376 27.948543
1 26.868243 27.153069
1 27.595697 27.869180
1 23.369281 23.630892
1 29.139313 29.399215
1 26.907765 27.166072
1 29.932001 30.178557
1 29.252053 29.485219
1 35.536822 35.767926
1 26.758535 26.985789
1 35.954578 36.175338
1 33.599782 33.816199
1 24.007101 24.215479
1 29.837935 30.045324
1 33.883493 34.084586
1 36.254400 36.447706
1 35.561833 35.740423
1 31.073224 31.247133
1 28.744452 28.913095
1 30.715271 30.881722
1 23.943655 24.107182
1 32.032271 32.189516
1 30.152070 30.303882
1 34.237601 34.389061
1 27.865857 28.002297
1 26.671584 26.804431
1 27.958908 28.078301
1 31.134636 31.253811
1 33.804775 33.922176
1 23.578952 23.683426
1 27.564189 27.664595
1 28.568862 28.666404
1 34.733465 34.823424
1 36.179928 36.260201
1 29.255510 29.333002
1 28.576740 28.651768
1 37.755386 37.829109
1 28.301883 28.369332
1 35.662526 35.729032
1 34.233908 34.298098
1 29.337652 29.400428
1 28.926484 28.988868
1 34.714865 34.773296
1 26.837641 26.894439
1 33.621841 33.676883
1 26.588032 26.641397
1 26.093206 26.142816
1 32.914036 32.952507
1 35.344392 35.382705
1 34.689499 34.727615
1 33.851071 33.887877
1 31.219594 31.255262
1 27.512329 27.542567
1 35.449697 35.479416
1 31.514499 31.542980
1 27.520900 27.548326
1 30.004031 30.026121
1 33.099298 33.118246
1 36.223969 36.242331
1 28.994816 29.011285
1 32.847890 32.862512
1 26.582354 26.595119
1 24.415651 24.427845
1 36.307316 36.314008
1 23.322208 23.327889
1 26.572017 26.576640
1 34.880125 34.882790
1 32.772108 32.773578
1 32.600286 32.600898
1 33.798527 33.798905
1 31.890822 31.891097
1 31.554729 31.554814
1 28.608760 28.608786
0 0.000000 inf
0 0.000000 28.859875
0 0.000000 27.570056
0 0.000000 27.551065
0 0.000000 27.415504
0 0.000000 27.221141
0 0.000000 27.073378
0 0.000000 26.817279
0 0.000000 26.815575
0 0.000000 26.702987
0 0.000000 26.595103
0 0.000000 26.120889
0 0.000000 25.985525
0 0.000000 25.835739
0 0.000000 25.828843
0 0.000000 25.788984
0 0.000000 25.735198
0 0.000000 25.661710
0 0.000000 25.568529
0 0.000000 25.565259
0 0.000000 25.235113
0 0.000000 24.898096
0 0.000000 24.627897
0 0.000000 24.485441
0 0.000000 24.474441
0 0.000000 24.445778
0 0.000000 24.442499
0 0.000000 24.379567
0 0.000000 24.276417
0 0.000000 24.271614
0 0.000000 24.266766
0 0.000000 24.235910
0 0.000000 24.200474
0 0.000000 24.176335
0 0.000000 24.132607
0 0.000000 24.129183
0 0.000000 23.968172
0 0.000000 23.922796
0 0.000000 23.889781
0 0.000000 23.864309
0 0.000000 23.858055
0 0.000000 23.849898
0 0.000000 23.795113
0 0.000000 23.792202
0 0.000000 23.772592
0 0.000000 23.682562
0 0.000000 23.669293
0 0.000000 23.623847
0 0.000000 23.580216
0 0.000000 23.428547
0 0.000000 23.428059
0 0.000000 23.417207
0 0.000000 23.398302
0 0.000000 23.351593
0 0.000000 23.312641
0 0.000000 23.298347
0 0.000000 23.237444
0 0.000000 23.202338
0 0.000000 23.032707
0 0.000000 22.901902
0 0.000000 22.639444
0 0.000000 22.575624
0 0.000000 22.560791
0 0.000000 22.505983
0 0.000000 22.448069
0 0.000000 22.155392
0 0.000000 22.059673
0 0.000000 22.046306
0 0.000000 21.973783
0 0.000000 21.966795
0 0.000000 21.945493
0 0.000000 21.931190
0 0.000000 21.896847
0 0.000000 21.836508
0 0.000000 21.814576
0 0.000000 21.726935
0 0.000000 21.694421
0 0.000000 21.650947
0 0.000000 21.541027
0 0.000000 21.493040
0 0.000000 21.491209
0 0.000000 21.325417
0 0.000000 21.310890
0 0.000000 21.277026
0 0.000000 21.233017
0 0.000000 21.214711
0 0.000000 21.154854
0 0.000000 21.152251
0 0.000000 21.126165
0 0.000000 21.041398
0 0.000000 20.969948
0 0.000000 20.936010
0 0.000000 20.865572
0 0.000000 20.689129
0 0.000000 20.651064
0 0.000000 20.585417
0 0.000000 20.517654
0 0.000000 20.451108
0 0.000000 20.450570
0 0.000000 20.435678
0 0.000000 20.423475
0 0.000000 20.407867
0 0.000000 20.357165
0 0.000000 20.289186
0 0.000000 20.263994
0 0.000000 20.258340
0 0.000000 20.161724
0 0.000000 20.110590
0 0.000000 19.972223
0 0.000000 19.969833
0 0.000000 19.849525
0 0.000000 19.773292
0 0.000000 19.756821
0 0.000000 19.755219
0 0.000000 19.714816
0 0.000000 19.670110
0 0.000000 19.648291
0 0.000000 19.587289
0 0.000000 19.527803
0 0.000000 19.511126
0 0.000000 19.459279
0 0.000000 19.429938
0 0.000000 19.415579
0 0.000000 19.358124
0 0.000000 19.310694
0 0.000000 19.272566
0 0.000000 19.193821
0 0.000000 19.192660
0 0.000000 19.182947
0 0.000000 19.148164
0 0.000000 19.121758
0 0.000000 19.084119
0 0.000000 19.082195
0 0.000000 19.052067
0 0.000000 19.043762
0 0.000000 19.011642
0 0.000000 18.955397
0 0.000000 18.955373
0 0.000000 18.925128
0 0.000000 18.906853
0 0.000000 18.900090
0 0.000000 18.875464
0 0.000000 18.870685
0 0.000000 18.806746
0 0.000000 18.764465
0 0.000000 18.733083
0 0.000000 18.408830
0 0.000000 18.404672
0 0.000000 18.383456
0 0.000000 18.296438
0 0.000000 18.275327
0 0.000000 18.257810
0 0.000000 18.242267
0 0.000000 18.224038
0 0.000000 18.222303
0 0.000000 18.189485
0 0.000000 18.115950
0 0.000000 17.976400
0 0.000000 17.966391
0 0.000000 17.882462
0 0.000000 17.756858
0 0.000000 17.674393
0 0.000000 17.671768
0 0.000000 17.635750
0 0.000000 17.626832
0 0.000000 17.513343
0 0.000000 17.392693
0 0.000000 17.346808
0 0.000000 17.308603
0 0.000000 17.211911
0 0.000000 17.207935
0 0.000000 17.124003
0 0.000000 17.052146
0 0.000000 16.871351
0 0.000000 16.366226
0 0.000000 16.291441
0 0.000000 15.961445
0 0.000000 15.909337
0 0.000000 15.670584
0 0.000000 15.555062
0 0.000000 15.473055
0 0.000000 15.392346
0 0.000000 15.323623
0 0.000000 15.252436
0 0.000000 14.797164
0 0.000000 13.756969
0 0.000000 13.511785
