1 27.674525 43.064237
1 26.176311 41.170863
1 23.469634 37.594660
1 30.300805 44.344856
1 28.113881 41.702301
1 22.864343 35.603841
1 24.161798 36.694354
1 22.979866 35.476965
1 25.956535 37.919736
1 26.565918 37.896397
1 21.362681 32.469757
1 24.004568 34.778822
1 25.426972 36.036970
1 24.596433 34.966459
1 30.632902 40.955524
1 25.666735 35.715771
1 26.210632 35.631344
1 25.156945 34.453858
1 26.729179 35.894193
1 25.515545 34.535274
1 21.750407 30.694662
1 26.163040 34.985715
1 33.792311 42.580833
1 23.467659 31.938503
1 23.616938 32.076052
1 27.774427 36.207874
1 26.675392 35.074676
1 24.462859 32.768402
1 26.238354 34.527865
1 25.830010 34.091304
1 31.433927 39.621296
1 28.990845 37.174050
1 28.163693 36.158723
1 24.927733 32.855604
1 27.957306 35.854401
1 27.070877 34.936864
1 19.545614 27.280973
1 23.787050 31.439858
1 30.986336 38.495259
1 21.889399 29.272414
1 24.905984 32.242411
1 25.746572 33.032771
1 24.357481 31.396752
1 27.184816 34.216812
1 23.651894 30.662625
1 24.525893 31.494351
1 23.004000 29.893088
1 27.097254 33.873836
1 27.962505 34.730968
1 24.191762 30.932574
1 21.186695 27.790722
1 20.231232 26.653467
1 23.417884 29.829858
1 24.374619 30.683594
1 21.804318 28.046334
1 26.101627 32.216717
1 20.969699 27.038719
1 25.081869 31.134742
1 23.817012 29.814646
1 24.238239 30.190805
1 27.117457 32.998482
1 23.025725 28.818747
1 30.852752 36.640556
1 25.727544 31.375664
1 25.283821 30.898219
1 28.113548 33.204379
1 22.540963 27.577851
1 19.924004 24.644093
1 27.639713 32.269359
1 23.192692 27.729902
1 30.184923 34.665620
1 25.115338 29.576134
1 29.232805 33.528362
1 23.917496 28.154018
1 21.726079 25.905923
1 32.942372 37.053292
1 27.022873 31.048123
1 22.574258 26.558596
1 25.314144 29.173908
1 25.842664 29.685138
1 26.193059 29.995602
1 27.365693 31.165107
1 21.029752 24.797366
1 27.735620 31.488230
1 20.317088 24.035870
1 29.802404 33.453986
1 26.073684 29.545606
1 25.258043 28.635675
1 31.275672 34.531693
1 29.618937 32.801689
1 27.251631 30.414304
1 29.869237 32.984124
1 23.519195 26.627944
1 24.767624 27.860150
1 29.762167 32.836363
1 29.815910 32.883088
1 26.484101 29.543922
1 23.095524 25.955244
1 33.076559 35.834338
1 22.644845 25.389625
1 26.963981 29.699957
1 23.090191 25.808791
1 28.075250 30.767700
1 28.344400 30.989285
1 28.427040 31.059991
1 26.977948 29.602660
1 25.693170 28.308806
1 23.154642 25.625726
1 26.347554 28.811913
1 29.992591 32.385055
1 25.886179 28.268048
1 25.179168 27.550553
1 29.767607 32.113093
1 27.009604 29.325726
1 24.553702 26.843304
1 27.429169 29.715135
1 30.717780 32.984263
1 25.273698 27.537958
1 23.252321 25.498158
1 20.314113 22.556218
1 19.064847 21.287567
1 25.876529 28.092977
1 24.837411 26.997837
1 22.048299 24.188740
1 20.309288 22.435701
1 20.879375 22.999429
1 26.104959 28.191922
1 22.319688 24.354223
1 31.232301 33.265167
1 25.866255 27.889680
1 25.898933 27.868036
1 27.589256 29.511029
1 30.077948 31.990031
1 26.426962 28.337606
1 26.627749 28.534189
1 29.067101 30.971960
1 26.628366 28.525256
1 23.000270 24.807909
1 29.419476 31.188399
1 26.871478 28.638418
1 36.231852 37.947273
1 29.648143 31.354337
1 31.133225 32.806499
1 34.331328 35.999204
1 24.590094 26.243529
1 22.122821 23.752519
1 24.909481 26.539023
1 24.056012 25.670237
1 21.716156 23.307807
1 24.813517 26.384927
1 20.580400 22.119529
1 31.106371 32.638172
1 28.316305 29.847243
1 30.288841 31.811097
1 21.685220 23.203747
1 29.854315 31.258977
1 18.905994 20.296026
1 23.012533 24.398043
1 32.905964 34.275309
1 27.210379 28.572638
1 26.030323 27.383419
1 30.625152 31.975588
1 27.146500 28.447160
1 25.687138 26.981419
1 32.967704 34.251500
1 31.657383 32.932907
1 35.172929 36.444233
1 34.564953 35.832550
1 26.727135 27.980507
1 22.376269 23.624451
1 36.035312 37.281122
1 29.320455 30.555930
1 31.145954 32.314156
1 32.957118 34.121145
1 23.164653 24.323393
1 26.634974 27.786715
1 22.784455 23.929172
1 25.959223 27.080990
1 25.042277 26.149440
1 31.882611 32.970259
1 23.709910 24.793608
1 25.967742 27.044412
1 30.339635 31.411375
1 26.968033 28.022073
1 36.910922 37.952776
1 34.980583 35.993254
1 30.270799 31.279254
1 34.574629 35.572719
1 28.567436 29.556170
1 20.270962 21.250283
1 25.011922 25.987593
1 28.769400 29.683926
1 33.787711 34.685946
1 21.574625 22.464237
1 31.007424 31.867765
1 26.548442 27.385523
1 34.929880 35.763031
1 40.798687 41.630810
1 25.565740 26.388385
1 35.716725 36.531146
1 26.738264 27.544496
1 31.864496 32.644173
1 31.569463 32.334863
1 35.756108 36.515910
1 23.789404 24.525243
1 27.467204 28.177698
1 32.134807 32.844813
1 23.235676 23.926555
1 24.003054 24.691703
1 27.744910 28.425514
1 30.800582 31.454314
1 29.929436 30.573374
1 27.896803 28.506854
1 31.740058 32.349673
1 30.374293 30.969345
1 36.931797 37.522429
1 34.006048 34.595598
1 25.117517 25.704637
1 32.661975 33.239567
1 27.987509 28.550045
1 26.675988 27.227171
1 24.459352 24.998861
1 32.265478 32.800112
1 27.451356 27.961152
1 32.147640 32.654015
1 40.085579 40.590495
1 30.516207 31.020648
1 23.516767 24.012485
1 37.886260 38.373090
1 22.749638 23.229841
1 23.184327 23.658496
1 23.940426 24.393493
1 34.998786 35.444100
1 36.457086 36.869812
1 27.902297 28.301367
1 32.921671 33.318610
1 24.494512 24.883782
1 27.226340 27.615166
1 32.151281 32.539154
1 33.589034 33.933449
1 34.651158 34.990952
1 37.148072 37.485966
1 41.618813 41.950923
1 32.025532 32.346894
1 37.743875 38.063080
1 31.413913 31.726289
1 30.102790 30.412464
1 26.453406 26.758380
1 30.685959 30.973671
1 36.199977 36.477123
1 23.862266 24.126057
1 27.770960 28.034034
1 34.291188 34.551719
1 33.702318 33.953234
1 30.063893 30.299661
1 32.631739 32.863115
1 27.991043 28.216484
1 34.262892 34.486336
1 27.273103 27.488541
1 32.208739 32.421381
1 29.548938 29.759154
1 30.825465 31.034589
1 30.166858 30.358003
1 36.440223 36.629225
1 23.468986 23.656295
1 43.449631 43.625767
1 24.275704 24.445331
1 32.392093 32.545056
1 29.490729 29.624070
1 29.666194 29.795582
1 35.628669 35.758035
1 31.827992 31.956682
1 30.964584 31.082184
1 25.859843 25.970975
1 27.018961 27.127032
1 28.434779 28.540412
1 32.019853 32.122461
1 36.740988 36.838858
1 34.536881 34.631270
1 32.061171 32.129790
1 31.161690 31.228919
1 34.709759 34.772217
1 35.029682 35.090307
1 29.638411 29.698955
1 35.316351 35.375777
1 28.764353 28.820910
1 28.716137 28.768407
1 24.238098 24.289366
1 35.577853 35.625595
1 31.569090 31.615319
1 24.705092 24.751155
1 31.666645 31.711258
1 23.699766 23.742071
1 33.267359 33.307315
1 26.605546 26.643900
1 42.514616 42.552770
1 28.938430 28.974387
1 36.104403 36.133356
1 27.091239 27.115206
1 30.167591 30.186759
1 39.205041 39.222909
1 30.413311 30.430339
1 34.269423 34.286416
1 35.808829 35.825216
1 34.639496 34.652424
1 29.774350 29.787101
1 35.292135 35.304294
1 28.618142 28.627780
1 32.745159 32.752484
1 36.016556 36.022916
1 26.301150 26.305327
1 28.617948 28.621122
1 40.414863 40.417947
1 30.319738 30.321982
1 29.757153 29.759249
1 28.449066 28.449589
1 29.780034 29.780438
1 27.591206 27.591305
0 0.000000 inf
0 0.000000 30.299652
0 0.000000 29.315889
0 0.000000 28.831499
0 0.000000 28.681837
0 0.000000 28.257530
0 0.000000 28.232682
0 0.000000 27.751217
0 0.000000 27.652861
0 0.000000 26.986284
0 0.000000 26.597863
0 0.000000 26.528103
0 0.000000 26.519140
0 0.000000 25.943148
0 0.000000 25.852799
0 0.000000 25.848961
0 0.000000 25.794770
0 0.000000 25.718765
0 0.000000 25.697358
0 0.000000 25.636603
0 0.000000 25.618775
0 0.000000 25.528146
0 0.000000 25.346482
0 0.000000 25.267941
0 0.000000 25.239910
0 0.000000 25.065065
0 0.000000 24.933667
0 0.000000 24.864101
0 0.000000 24.221430
0 0.000000 24.156217
0 0.000000 24.077168
0 0.000000 24.066864
0 0.000000 23.969862
0 0.000000 23.960395
0 0.000000 23.828919
0 0.000000 23.827197
0 0.000000 23.802787
0 0.000000 23.577074
0 0.000000 23.560489
0 0.000000 23.398078
0 0.000000 23.387490
0 0.000000 23.255147
0 0.000000 23.247943
0 0.000000 23.245841
0 0.000000 23.160907
0 0.000000 23.128854
0 0.000000 23.096549
0 0.000000 23.070434
0 0.000000 23.066931
0 0.000000 22.960276
0 0.000000 22.955781
0 0.000000 22.938339
0 0.000000 22.928965
0 0.000000 22.915425
0 0.000000 22.838862
0 0.000000 22.833085
0 0.000000 22.829392
0 0.000000 22.800355
0 0.000000 22.788359
0 0.000000 22.752330
0 0.000000 22.730416
0 0.000000 22.707990
0 0.000000 22.699434
0 0.000000 22.613865
0 0.000000 22.548305
0 0.000000 22.545733
0 0.000000 22.512949
0 0.000000 22.492159
0 0.000000 22.415398
0 0.000000 22.343562
0 0.000000 22.118227
0 0.000000 22.079766
0 0.000000 21.967146
0 0.000000 21.943375
0 0.000000 21.777004
0 0.000000 21.761659
0 0.000000 21.752530
0 0.000000 21.711043
0 0.000000 21.693655
0 0.000000 21.675901
0 0.000000 21.655733
0 0.000000 21.566547
0 0.000000 21.509926
0 0.000000 21.388728
0 0.000000 21.356623
0 0.000000 21.319830
0 0.000000 21.319571
0 0.000000 21.302820
0 0.000000 21.284878
0 0.000000 21.241347
0 0.000000 21.218480
0 0.000000 21.132773
0 0.000000 21.108775
0 0.000000 21.078480
0 0.000000 21.043935
0 0.000000 20.991281
0 0.000000 20.976905
0 0.000000 20.887898
0 0.000000 20.776336
0 0.000000 20.758083
0 0.000000 20.757783
0 0.000000 20.721830
0 0.000000 20.716531
0 0.000000 20.689675
0 0.000000 20.581724
0 0.000000 20.561733
0 0.000000 20.522871
0 0.000000 20.510375
0 0.000000 20.504334
0 0.000000 20.465782
0 0.000000 20.465724
0 0.000000 20.460344
0 0.000000 20.426623
0 0.000000 20.421133
0 0.000000 20.406629
0 0.000000 20.404844
0 0.000000 20.384085
0 0.000000 20.311850
0 0.000000 20.295610
0 0.000000 20.239483
0 0.000000 20.217877
0 0.000000 19.966005
0 0.000000 19.933619
0 0.000000 19.888163
0 0.000000 19.852846
0 0.000000 19.820454
0 0.000000 19.804434
0 0.000000 19.651209
0 0.000000 19.599994
0 0.000000 19.536064
0 0.000000 19.535033
0 0.000000 19.377487
0 0.000000 19.356179
0 0.000000 19.341053
0 0.000000 19.321296
0 0.000000 19.309868
0 0.000000 19.244175
0 0.000000 19.233303
0 0.000000 19.230838
0 0.000000 19.199522
0 0.000000 19.154684
0 0.000000 18.991384
0 0.000000 18.955894
0 0.000000 18.903569
0 0.000000 18.878260
0 0.000000 18.875277
0 0.000000 18.855270
0 0.000000 18.823727
0 0.000000 18.807770
0 0.000000 18.785990
0 0.000000 18.743549
0 0.000000 18.725065
0 0.000000 18.695255
0 0.000000 18.625191
0 0.000000 18.612778
0 0.000000 18.527183
0 0.000000 18.426188
0 0.000000 18.290339
0 0.000000 18.276693
0 0.000000 18.253059
0 0.000000 18.137513
0 0.000000 18.136751
0 0.000000 17.940971
0 0.000000 17.779942
0 0.000000 17.665976
0 0.000000 17.651271
0 0.000000 17.612146
0 0.000000 17.602813
0 0.000000 17.528010
0 0.000000 17.522717
0 0.000000 17.518175
0 0.000000 17.335090
0 0.000000 17.284753
0 0.000000 17.242195
0 0.000000 17.190168
0 0.000000 16.926455
0 0.000000 16.873607
0 0.000000 16.871197
0 0.000000 16.384428
0 0.000000 16.343983
0 0.000000 16.082474
0 0.000000 15.888728
0 0.000000 15.701324
0 0.000000 15.602856
0 0.000000 14.842343
0 0.000000 14.158962
0 0.000000 13.424227
