1 24.144743 44.194050
1 22.467642 39.245731
1 24.384771 37.385527
1 26.398042 38.443799
1 27.960147 39.537358
1 26.485920 37.951143
1 24.435547 35.557926
1 24.754973 35.341661
1 26.578540 36.938761
1 27.434664 37.674501
1 26.247480 36.222885
1 26.594846 36.468350
1 26.834605 36.468214
1 24.088382 33.596925
1 26.840889 35.977253
1 26.564736 35.645725
1 24.980725 34.025849
1 29.391766 38.435048
1 23.323347 32.269407
1 19.471392 28.307925
1 26.684844 35.182062
1 28.139406 36.545618
1 26.093822 34.490880
1 25.989728 34.201217
1 24.930183 33.034573
1 26.089264 34.091185
1 26.824080 34.614564
1 27.390300 35.101445
1 25.385116 32.984795
1 27.487518 35.062034
1 20.594988 28.150838
1 26.508188 34.048810
1 25.162701 32.701820
1 24.947365 32.246374
1 25.641106 32.202615
1 23.040932 29.386091
1 21.282154 27.599289
1 26.575462 32.830496
1 25.503444 31.675221
1 28.225202 34.339676
1 28.866142 34.947799
1 29.883731 35.957826
1 26.354407 32.427783
1 27.914132 33.976577
1 30.279424 36.236012
1 25.845250 31.771775
1 22.468581 28.344559
1 17.227221 22.833479
1 30.406162 35.971437
1 26.337092 31.877214
1 24.873530 30.343958
1 19.874350 25.336106
1 26.993254 32.449484
1 27.002428 32.424498
1 27.085383 32.436228
1 28.570607 33.911475
1 25.900300 31.235349
1 25.349686 30.500758
1 25.297228 30.416230
1 27.101336 32.123420
1 21.307301 26.225169
1 19.208898 23.982464
1 32.376611 37.070807
1 27.451124 32.089585
1 21.535121 26.073831
1 17.202834 21.735947
1 26.581914 30.981042
1 29.495106 33.819193
1 28.697142 32.828799
1 24.236291 28.231782
1 27.442009 31.392182
1 27.673362 31.608609
1 25.786124 29.665520
1 18.838386 22.695788
1 29.841633 33.674810
1 27.102013 30.874037
1 25.358426 29.124380
1 28.688187 32.429089
1 28.309778 32.015951
1 27.136172 30.835658
1 29.433791 33.093833
1 30.246628 33.880307
1 30.535795 34.163746
1 29.525792 33.130219
1 33.248943 36.741353
1 28.179814 31.636692
1 25.382292 28.699231
1 27.764183 31.009219
1 23.503317 26.733490
1 23.538016 26.723005
1 28.756449 31.898213
1 27.044516 30.172673
1 28.300803 31.374354
1 28.439291 31.482245
1 23.535608 26.571318
1 26.222572 29.177536
1 20.983084 23.927452
1 26.736173 29.678957
1 29.179007 32.086284
1 24.510802 27.365722
1 24.215279 27.061122
1 26.233809 29.074920
1 28.269750 31.042901
1 31.885606 34.652151
1 24.266925 26.945525
1 24.900758 27.551272
1 25.779185 28.401860
1 27.506814 30.102411
1 31.323401 33.909320
1 20.483210 23.062725
1 22.396167 24.934672
1 25.854454 28.378429
1 26.603014 29.111208
1 27.653656 30.112291
1 21.690053 24.118799
1 23.159336 25.575182
1 31.655220 34.034760
1 25.057715 27.403714
1 29.523391 31.844215
1 30.371039 32.620275
1 31.221225 33.463822
1 30.708655 32.943057
1 22.024814 24.212383
1 24.179629 26.314930
1 32.596523 34.715426
1 27.262617 29.341932
1 27.567240 29.643095
1 26.686002 28.755245
1 21.538650 23.605077
1 23.171632 25.184668
1 29.893419 31.882629
1 25.277209 27.244664
1 31.929646 33.894110
1 22.307318 24.269551
1 26.474145 28.436252
1 23.233449 25.171152
1 24.584545 26.517705
1 23.279433 25.113635
1 23.996357 25.820649
1 30.756972 32.577771
1 28.580107 30.400297
1 28.022996 29.837734
1 26.893808 28.707656
1 17.771279 19.571332
1 27.047640 28.836083
1 30.932781 32.718896
1 28.014625 29.788183
1 27.577265 29.347064
1 29.915666 31.676725
1 19.487623 21.240780
1 26.017531 27.763369
1 28.201846 29.921542
1 30.276022 31.985604
1 22.888241 24.588002
1 25.676435 27.357764
1 29.736689 31.417268
1 31.260360 32.928205
1 22.025958 23.687417
1 24.171603 25.809436
1 31.208702 32.845128
1 31.852294 33.450586
1 35.252775 36.834158
1 26.823234 28.391073
1 28.127434 29.682249
1 19.524988 21.076748
1 29.984997 31.503355
1 32.967723 34.482637
1 27.747155 29.259403
1 31.819797 33.325251
1 32.043213 33.531348
1 30.246469 31.728689
1 25.094625 26.574830
1 28.742835 30.193598
1 28.870586 30.310532
1 31.261193 32.699825
1 18.268051 19.702793
1 24.234759 25.656820
1 28.360059 29.776114
1 23.468491 24.883034
1 20.231716 21.601858
1 31.559982 32.919129
1 29.941830 31.294281
1 19.336794 20.682178
1 29.540369 30.872105
1 32.323467 33.652809
1 28.169100 29.490165
1 29.881223 31.201165
1 25.628069 26.941588
1 30.281601 31.529811
1 30.152691 31.366252
1 29.127253 30.322606
1 22.265739 23.458975
1 29.193246 30.364515
1 31.294993 32.455680
1 28.693486 29.820280
1 30.170314 31.294664
1 29.225545 30.347828
1 32.532151 33.651430
1 27.671502 28.756801
1 37.228819 38.267456
1 30.476481 31.507982
1 32.806398 33.816440
1 20.148505 21.100001
1 29.592882 30.542133
1 22.334743 23.270443
1 28.329781 29.250810
1 32.410816 33.330368
1 26.375722 27.293414
1 30.923633 31.840764
1 32.989176 33.880137
1 28.918581 29.805706
1 18.447909 19.319418
1 22.475696 23.298869
1 24.229970 25.051551
1 26.983618 27.793963
1 31.067864 31.865412
1 19.573205 20.368184
1 31.829205 32.571409
1 38.440013 39.170078
1 33.573387 34.284203
1 31.491576 32.157771
1 31.602235 32.265321
1 29.895269 30.547395
1 30.920303 31.550550
1 28.761426 29.382343
1 33.673254 34.269755
1 31.708303 32.300581
1 30.858877 31.414152
1 30.563943 31.118611
1 30.293890 30.848051
1 31.148127 31.688473
1 26.096909 26.627299
1 26.985035 27.504860
1 35.589645 36.096901
1 32.446406 32.951918
1 27.700338 28.204943
1 26.046263 26.544378
1 28.911205 29.404909
1 36.496642 36.971905
1 29.979472 30.437564
1 22.827117 23.244556
1 33.642501 34.042743
1 34.983646 35.375329
1 32.510371 32.901523
1 22.657378 23.037308
1 35.672281 36.049638
1 27.199401 27.573666
1 26.821745 27.183282
1 21.965126 22.313541
1 29.920988 30.269051
1 29.997100 30.337829
1 32.661377 32.986726
1 34.761236 35.083141
1 31.710124 32.027696
1 27.935588 28.248765
1 21.327271 21.630228
1 29.276831 29.564388
1 32.114688 32.380381
1 34.203999 34.445411
1 30.813493 31.052583
1 27.581635 27.815123
1 31.158446 31.381621
1 24.449906 24.670611
1 28.758577 28.968520
1 24.438329 24.644668
1 30.931069 31.123819
1 27.808791 27.992751
1 27.412713 27.592549
1 32.700534 32.875453
1 37.708493 37.877187
1 35.450049 35.615014
1 30.845676 30.991893
1 30.198729 30.338064
1 21.466517 21.601463
1 31.361965 31.481178
1 29.221743 29.339837
1 31.268029 31.383652
1 36.930966 37.046288
1 31.577973 31.692587
1 25.648780 25.762083
1 25.309220 25.422503
1 34.884426 34.993251
1 27.781289 27.887094
1 34.470356 34.574414
1 29.018667 29.099221
1 26.589954 26.664315
1 37.620846 37.694568
1 34.569836 34.637457
1 35.140175 35.206731
1 35.131230 35.189869
1 29.023690 29.080792
1 33.542727 33.597683
1 22.346282 22.397910
1 32.730378 32.776174
1 34.100667 34.145877
1 36.002171 36.042489
1 32.511375 32.543607
1 24.990016 25.021828
1 29.545951 29.577100
1 30.900519 30.931329
1 23.737772 23.766274
1 33.992654 34.020162
1 34.518280 34.544015
1 27.396009 27.421627
1 29.089438 29.110793
1 38.490777 38.509583
1 28.575921 28.593252
1 32.204571 32.215455
1 27.776982 27.786338
1 25.818082 25.827034
1 31.773039 31.780759
1 31.749258 31.754960
1 44.152023 44.156384
1 22.647347 22.650561
1 29.964825 29.966712
1 36.934281 36.935448
1 38.142609 38.143640
1 28.909192 28.909940
1 34.603523 34.603682
1 29.415561 29.415606
0 0.000000 inf
0 0.000000 28.797802
0 0.000000 28.057179
0 0.000000 27.806528
0 0.000000 27.106984
0 0.000000 26.853920
0 0.000000 26.597838
0 0.000000 26.394517
0 0.000000 26.267035
0 0.000000 25.941572
0 0.000000 25.904789
0 0.000000 25.892309
0 0.000000 25.833707
0 0.000000 25.761305
0 0.000000 25.666359
0 0.000000 25.636914
0 0.000000 25.633506
0 0.000000 25.593882
0 0.000000 25.392120
0 0.000000 25.187838
0 0.000000 25.161168
0 0.000000 25.144543
0 0.000000 25.023654
0 0.000000 24.903573
0 0.000000 24.808452
0 0.000000 24.797792
0 0.000000 24.780300
0 0.000000 24.754054
0 0.000000 24.634301
0 0.000000 24.304596
0 0.000000 24.244825
0 0.000000 24.165266
0 0.000000 24.160351
0 0.000000 24.159616
0 0.000000 24.157979
0 0.000000 24.124645
0 0.000000 24.110307
0 0.000000 24.099649
0 0.000000 24.093351
0 0.000000 24.033427
0 0.000000 24.023713
0 0.000000 23.989876
0 0.000000 23.977828
0 0.000000 23.956796
0 0.000000 23.933651
0 0.000000 23.875384
0 0.000000 23.767655
0 0.000000 23.738365
0 0.000000 23.631197
0 0.000000 23.491402
0 0.000000 23.481208
0 0.000000 23.316948
0 0.000000 23.305064
0 0.000000 23.284471
0 0.000000 23.260985
0 0.000000 23.159221
0 0.000000 23.155901
0 0.000000 23.133112
0 0.000000 23.131534
0 0.000000 23.084958
0 0.000000 22.958270
0 0.000000 22.900971
0 0.000000 22.813990
0 0.000000 22.803258
0 0.000000 22.799900
0 0.000000 22.798136
0 0.000000 22.781807
0 0.000000 22.690127
0 0.000000 22.675663
0 0.000000 22.659363
0 0.000000 22.599772
0 0.000000 22.589797
0 0.000000 22.567391
0 0.000000 22.531862
0 0.000000 22.500692
0 0.000000 22.460485
0 0.000000 22.459807
0 0.000000 22.331045
0 0.000000 22.229948
0 0.000000 22.219302
0 0.000000 22.178355
0 0.000000 22.129625
0 0.000000 22.111308
0 0.000000 22.097326
0 0.000000 22.072957
0 0.000000 22.070997
0 0.000000 22.065779
0 0.000000 22.008388
0 0.000000 21.952232
0 0.000000 21.853808
0 0.000000 21.705761
0 0.000000 21.658413
0 0.000000 21.652986
0 0.000000 21.621392
0 0.000000 21.562242
0 0.000000 21.506029
0 0.000000 21.492450
0 0.000000 21.411365
0 0.000000 21.310766
0 0.000000 21.279171
0 0.000000 21.255605
0 0.000000 21.240747
0 0.000000 21.237009
0 0.000000 21.131806
0 0.000000 21.126092
0 0.000000 21.028582
0 0.000000 20.799440
0 0.000000 20.775802
0 0.000000 20.770351
0 0.000000 20.743229
0 0.000000 20.727216
0 0.000000 20.668181
0 0.000000 20.662789
0 0.000000 20.659756
0 0.000000 20.626294
0 0.000000 20.595458
0 0.000000 20.517180
0 0.000000 20.513099
0 0.000000 20.459081
0 0.000000 20.409347
0 0.000000 20.272150
0 0.000000 20.208024
0 0.000000 20.135158
0 0.000000 19.942713
0 0.000000 19.942518
0 0.000000 19.928034
0 0.000000 19.916280
0 0.000000 19.892306
0 0.000000 19.878756
0 0.000000 19.794279
0 0.000000 19.776930
0 0.000000 19.734940
0 0.000000 19.726272
0 0.000000 19.711516
0 0.000000 19.635779
0 0.000000 19.520974
0 0.000000 19.517606
0 0.000000 19.512974
0 0.000000 19.467375
0 0.000000 19.368779
0 0.000000 19.234704
0 0.000000 19.159108
0 0.000000 18.970005
0 0.000000 18.914872
0 0.000000 18.635293
0 0.000000 18.578329
0 0.000000 18.549321
0 0.000000 18.518399
0 0.000000 18.473400
0 0.000000 18.274145
0 0.000000 18.264329
0 0.000000 18.158277
0 0.000000 18.148902
0 0.000000 17.999262
0 0.000000 17.906031
0 0.000000 17.892335
0 0.000000 17.641575
0 0.000000 17.607840
0 0.000000 17.565531
0 0.000000 17.462000
0 0.000000 17.394349
0 0.000000 17.366378
0 0.000000 17.362428
0 0.000000 17.113291
0 0.000000 17.005552
0 0.000000 16.991624
0 0.000000 16.965850
0 0.000000 16.892698
0 0.000000 16.842490
0 0.000000 16.837455
0 0.000000 16.554726
0 0.000000 16.430065
0 0.000000 16.373062
0 0.000000 16.368650
0 0.000000 16.248273
0 0.000000 16.237489
0 0.000000 16.095944
0 0.000000 16.061381
0 0.000000 15.969800
0 0.000000 15.935292
0 0.000000 15.791526
0 0.000000 15.770107
0 0.000000 15.693420
0 0.000000 15.509423
0 0.000000 15.477552
0 0.000000 14.864081
0 0.000000 13.804361
