1 24.608357 41.549944
1 25.785820 40.869837
1 25.131937 40.203342
1 25.972032 40.574410
1 23.728881 37.729058
1 25.705204 39.252790
1 24.493908 37.378516
1 25.976132 38.415032
1 27.794364 40.046769
1 24.622622 36.229507
1 23.731080 35.068856
1 23.938158 35.016121
1 24.098396 35.001560
1 26.110441 36.718842
1 24.647161 35.235165
1 23.763508 33.630102
1 28.312242 38.175503
1 26.086633 35.767876
1 28.007897 37.301958
1 26.210687 35.370115
1 24.775030 33.881530
1 26.470912 35.519798
1 24.374877 33.022179
1 24.892223 33.432911
1 30.826374 39.358537
1 25.331077 33.836949
1 29.555938 37.763311
1 25.241186 33.364958
1 25.167881 33.185610
1 23.086026 31.064087
1 24.033647 32.006102
1 28.240808 36.145998
1 25.323413 33.211914
1 26.899699 34.778929
1 23.692482 31.450488
1 26.589626 34.327803
1 27.326009 35.033654
1 23.226061 30.856796
1 27.972273 35.429378
1 30.285535 37.733826
1 27.380346 34.572815
1 26.169566 33.150329
1 27.212273 34.189578
1 28.660076 35.542437
1 27.764524 34.584592
1 22.364562 29.062216
1 29.184992 35.759356
1 22.955182 29.323305
1 24.222669 30.560853
1 24.192544 30.316619
1 28.953594 35.018593
1 23.964033 29.930773
1 29.488638 35.378210
1 25.433649 31.315457
1 29.609639 35.479755
1 31.765956 37.578854
1 32.139400 37.869504
1 25.460681 31.104307
1 25.800644 31.423875
1 26.681602 32.196768
1 24.133899 29.514516
1 24.350180 29.706911
1 25.435864 30.739902
1 29.374520 34.655213
1 27.744421 32.962185
1 27.001203 32.198615
1 28.196141 33.308411
1 25.438341 30.490500
1 29.341039 34.272736
1 26.296813 31.184842
1 27.644206 32.426405
1 27.308205 31.834760
1 30.135283 34.581948
1 24.838751 29.282674
1 31.158451 35.472715
1 27.453048 31.709632
1 21.333548 25.515937
1 29.825437 33.874421
1 29.741462 33.769880
1 26.459810 30.434984
1 32.307024 36.230652
1 30.296024 34.178219
1 30.533063 34.405627
1 27.176842 31.015553
1 28.491307 32.223137
1 25.887960 29.574548
1 29.355268 32.949103
1 40.040381 43.632576
1 23.847566 27.344701
1 30.600894 34.059200
1 22.374859 25.767891
1 26.215680 29.555573
1 28.960083 32.285052
1 30.495186 33.661085
1 24.742458 27.876176
1 38.675012 41.717128
1 37.374378 40.378741
1 24.857615 27.836634
1 28.446768 31.372440
1 28.753352 31.647485
1 34.717318 37.517256
1 29.274038 32.066391
1 30.885291 33.589118
1 30.702743 33.377963
1 29.728127 32.386917
1 25.104877 27.751641
1 28.940370 31.517895
1 23.606093 26.158590
1 33.298670 35.805840
1 32.655530 35.109552
1 26.959302 29.384726
1 30.097649 32.407597
1 28.672386 30.886710
1 26.603098 28.814275
1 28.108018 30.316607
1 27.356751 29.564315
1 27.520016 29.720043
1 28.178828 30.336775
1 33.740461 35.890544
1 24.030511 26.166828
1 33.384799 35.516017
1 26.944253 29.058670
1 24.089803 26.176231
1 24.766227 26.851472
1 23.874942 25.936156
1 32.915068 34.973253
1 27.521100 29.488672
1 27.162061 29.015977
1 26.816365 28.647171
1 39.455390 41.279004
1 26.308522 28.127888
1 25.689707 27.489137
1 24.192415 25.980019
1 29.259543 30.969957
1 28.716796 30.426804
1 21.022757 22.719984
1 25.151882 26.817671
1 25.740861 27.403340
1 23.111758 24.749146
1 29.050131 30.663666
1 24.301881 25.899560
1 26.526135 28.091565
1 20.008932 21.562102
1 17.489164 19.020413
1 29.690927 31.193378
1 28.286485 29.726521
1 24.018239 25.454202
1 28.426781 29.856021
1 23.081650 24.506893
1 21.018475 22.431811
1 30.339227 31.713672
1 32.361962 33.707164
1 33.008696 34.340961
1 24.385316 25.693469
1 30.897473 32.182509
1 25.275609 26.550545
1 35.319462 36.592442
1 28.006872 29.268329
1 34.312935 35.567243
1 32.261121 33.502733
1 24.055978 25.289321
1 30.937729 32.138239
1 28.611408 29.797335
1 30.187636 31.356376
1 21.255497 22.411688
1 30.164924 31.320914
1 26.294087 27.447455
1 29.060736 30.202155
1 27.069894 28.210841
1 29.995901 31.129490
1 32.435489 33.548066
1 37.009789 38.122024
1 31.374143 32.486350
1 32.469239 33.578883
1 28.098945 29.152669
1 27.267263 28.313450
1 29.039554 30.081254
1 29.065501 30.087121
1 25.012380 26.032395
1 32.428450 33.428830
1 27.457152 28.447278
1 26.855133 27.825301
1 37.850497 38.817937
1 30.092394 31.055878
1 33.589791 34.546183
1 31.327815 32.281338
1 30.949838 31.851690
1 33.453127 34.345378
1 30.357172 31.230151
1 32.800054 33.658869
1 27.472152 28.330625
1 23.674775 24.526380
1 24.381347 25.215861
1 30.106061 30.933590
1 29.543214 30.351899
1 31.661684 32.466170
1 31.228361 32.013627
1 24.022569 24.799832
1 31.950758 32.719537
1 29.608658 30.374956
1 33.585509 34.351230
1 33.404489 34.165789
1 27.052896 27.772608
1 35.972511 36.689081
1 29.226859 29.912334
1 25.321485 25.998193
1 30.424132 31.099888
1 31.363155 32.032204
1 31.433659 32.084961
1 21.113315 21.747075
1 33.817581 34.450062
1 31.657444 32.277532
1 28.470084 29.068867
1 29.658979 30.254745
1 27.656626 28.249376
1 31.482670 32.052659
1 29.626290 30.186520
1 33.502076 34.054372
1 32.593049 33.132603
1 28.786551 29.298388
1 28.753109 29.236672
1 26.550471 27.025480
1 31.135906 31.600508
1 34.896777 35.341616
1 37.829238 38.263536
1 29.855511 30.284630
1 31.501963 31.922283
1 36.879958 37.293511
1 33.979730 34.385769
1 36.795669 37.201016
1 26.320296 26.724762
1 35.297417 35.699128
1 33.546557 33.945632
1 30.527296 30.926126
1 32.469481 32.836425
1 38.192299 38.556130
1 29.904610 30.268024
1 29.148299 29.508003
1 32.949923 33.304020
1 33.324404 33.674086
1 29.993752 30.332330
1 30.268541 30.587059
1 29.901169 30.211621
1 27.708203 28.007058
1 33.919182 34.170040
1 39.829516 40.075441
1 30.353004 30.591605
1 22.538567 22.771009
1 34.813185 35.017034
1 31.528025 31.730827
1 30.812245 31.008077
1 30.198347 30.392914
1 30.604879 30.789509
1 28.988958 29.173288
1 35.330466 35.510769
1 28.053750 28.228424
1 29.139442 29.306062
1 21.748356 21.913452
1 27.443963 27.605466
1 29.325945 29.484295
1 33.369670 33.521943
1 30.263464 30.401856
1 38.173861 38.310285
1 28.635210 28.764495
1 34.104004 34.222609
1 34.403970 34.518519
1 30.674582 30.777506
1 37.518079 37.620864
1 34.536873 34.636140
1 32.332307 32.422498
1 33.153053 33.241955
1 30.332679 30.421261
1 34.107020 34.195448
1 30.858639 30.942874
1 34.257954 34.339597
1 33.786185 33.864394
1 29.487062 29.560872
1 30.324589 30.397982
1 38.451546 38.522619
1 31.097738 31.159971
1 26.664602 26.712026
1 34.819768 34.866320
1 27.786879 27.832916
1 31.378229 31.423420
1 20.645806 20.688727
1 35.023905 35.066678
1 32.904751 32.942179
1 30.676055 30.712754
1 28.469354 28.502519
1 38.900899 38.933517
1 37.195287 37.225292
1 32.718560 32.746703
1 33.066552 33.094259
1 38.057921 38.085137
1 28.172799 28.199090
1 39.617634 39.640256
1 33.980200 34.002608
1 32.942620 32.957470
1 37.495796 37.510124
1 32.401033 32.412890
1 34.012412 34.023957
1 39.310869 39.319062
1 31.267198 31.275344
1 28.825696 28.831822
1 33.623685 33.629002
1 32.838125 32.842434
1 27.401986 27.406173
1 35.181788 35.185043
1 37.104023 37.107227
1 35.281767 35.284642
1 33.138971 33.141040
1 35.344687 35.345396
1 35.505167 35.505527
1 28.620865 28.620946
1 36.145839 36.145896
1 37.924497 37.924497
0 0.000000 inf
0 0.000000 28.551791
0 0.000000 27.556260
0 0.000000 27.343836
0 0.000000 27.245262
0 0.000000 26.850891
0 0.000000 26.612407
0 0.000000 25.987299
0 0.000000 25.910131
0 0.000000 25.622360
0 0.000000 25.617327
0 0.000000 25.544822
0 0.000000 25.457362
0 0.000000 25.267277
0 0.000000 25.185372
0 0.000000 25.170899
0 0.000000 25.138580
0 0.000000 25.128681
0 0.000000 25.072168
0 0.000000 25.055576
0 0.000000 24.981659
0 0.000000 24.949782
0 0.000000 24.845311
0 0.000000 24.567702
0 0.000000 24.444244
0 0.000000 24.362313
0 0.000000 24.340627
0 0.000000 24.310556
0 0.000000 24.295782
0 0.000000 24.253016
0 0.000000 24.251410
0 0.000000 24.242607
0 0.000000 24.212333
0 0.000000 24.211391
0 0.000000 24.196666
0 0.000000 24.129641
0 0.000000 24.049396
0 0.000000 23.906194
0 0.000000 23.809427
0 0.000000 23.695180
0 0.000000 23.681341
0 0.000000 23.623892
0 0.000000 23.582822
0 0.000000 23.537716
0 0.000000 23.494571
0 0.000000 23.460011
0 0.000000 23.419056
0 0.000000 23.376560
0 0.000000 23.347177
0 0.000000 23.315651
0 0.000000 23.285630
0 0.000000 23.195685
0 0.000000 23.123660
0 0.000000 23.114542
0 0.000000 23.066641
0 0.000000 23.031262
0 0.000000 22.870868
0 0.000000 22.857285
0 0.000000 22.851748
0 0.000000 22.846054
0 0.000000 22.830163
0 0.000000 22.815352
0 0.000000 22.769295
0 0.000000 22.753964
0 0.000000 22.695334
0 0.000000 22.624691
0 0.000000 22.610954
0 0.000000 22.588701
0 0.000000 22.587874
0 0.000000 22.545139
0 0.000000 22.515767
0 0.000000 22.491083
0 0.000000 22.423821
0 0.000000 22.415610
0 0.000000 22.414930
0 0.000000 22.402363
0 0.000000 22.392206
0 0.000000 22.346599
0 0.000000 22.335175
0 0.000000 22.329220
0 0.000000 22.264609
0 0.000000 22.230058
0 0.000000 22.206334
0 0.000000 22.124407
0 0.000000 22.049163
0 0.000000 22.041140
0 0.000000 22.033070
0 0.000000 22.028826
0 0.000000 22.011689
0 0.000000 21.972530
0 0.000000 21.963358
0 0.000000 21.873014
0 0.000000 21.775363
0 0.000000 21.721874
0 0.000000 21.708715
0 0.000000 21.637985
0 0.000000 21.590827
0 0.000000 21.580097
0 0.000000 21.542870
0 0.000000 21.482197
0 0.000000 21.376167
0 0.000000 21.359758
0 0.000000 21.311595
0 0.000000 21.279046
0 0.000000 21.254125
0 0.000000 21.236889
0 0.000000 21.196134
0 0.000000 21.144668
0 0.000000 21.122733
0 0.000000 21.082029
0 0.000000 20.872875
0 0.000000 20.853613
0 0.000000 20.820709
0 0.000000 20.598904
0 0.000000 20.589172
0 0.000000 20.540086
0 0.000000 20.508467
0 0.000000 20.500752
0 0.000000 20.469886
0 0.000000 20.449842
0 0.000000 20.393701
0 0.000000 20.369981
0 0.000000 20.269916
0 0.000000 20.224449
0 0.000000 20.111508
0 0.000000 20.083061
0 0.000000 20.053065
0 0.000000 20.052613
0 0.000000 20.045623
0 0.000000 20.041058
0 0.000000 20.018707
0 0.000000 19.999772
0 0.000000 19.981426
0 0.000000 19.890024
0 0.000000 19.871126
0 0.000000 19.830331
0 0.000000 19.816636
0 0.000000 19.784544
0 0.000000 19.729443
0 0.000000 19.546558
0 0.000000 19.511424
0 0.000000 19.408456
0 0.000000 19.390663
0 0.000000 19.383897
0 0.000000 19.383311
0 0.000000 19.320119
0 0.000000 19.311231
0 0.000000 19.308303
0 0.000000 19.302492
0 0.000000 19.288250
0 0.000000 19.229272
0 0.000000 19.082532
0 0.000000 19.074950
0 0.000000 19.029826
0 0.000000 18.960016
0 0.000000 18.784598
0 0.000000 18.682457
0 0.000000 18.678459
0 0.000000 18.624664
0 0.000000 18.615918
0 0.000000 18.558210
0 0.000000 18.497719
0 0.000000 18.323947
0 0.000000 18.293432
0 0.000000 18.196980
0 0.000000 18.024195
0 0.000000 18.022303
0 0.000000 17.909032
0 0.000000 17.768271
0 0.000000 17.608296
0 0.000000 17.358414
0 0.000000 17.350637
0 0.000000 17.349777
0 0.000000 17.217049
0 0.000000 17.203223
0 0.000000 17.175455
0 0.000000 16.887728
0 0.000000 16.815322
0 0.000000 16.623800
0 0.000000 16.543930
0 0.000000 16.211769
0 0.000000 16.142664
0 0.000000 15.246660
0 0.000000 15.203871
0 0.000000 14.783888
0 0.000000 14.330012
0 0.000000 13.952213
