1 29.586593 46.172526
1 22.951601 38.942554
1 27.874672 43.533474
1 27.809797 42.838231
1 22.875734 37.839693
1 28.436545 42.989068
1 27.062168 39.940660
1 23.050267 35.829992
1 24.512299 36.879420
1 23.278133 35.402230
1 26.573282 38.681788
1 23.940254 35.806689
1 21.814271 33.152290
1 24.075759 35.374543
1 26.003048 36.640017
1 31.594606 42.174392
1 21.386209 31.930523
1 25.383950 35.583613
1 24.391523 34.510647
1 27.244493 37.102719
1 27.540737 36.933154
1 34.418184 43.639815
1 26.040300 35.055223
1 27.666826 36.602137
1 24.631907 33.440010
1 31.733999 40.347347
1 24.809137 33.233332
1 18.206157 26.581748
1 25.370944 33.734764
1 23.745988 31.788186
1 26.503398 34.544040
1 22.059204 30.062304
1 26.047486 34.032106
1 23.631220 31.522807
1 20.255053 28.074533
1 22.596865 30.405001
1 27.798296 35.496447
1 28.863444 36.350980
1 26.922817 34.404062
1 24.792830 32.121263
1 27.207305 34.528593
1 20.845800 27.954560
1 22.320472 29.386189
1 23.795211 30.726780
1 24.630292 31.546688
1 27.570980 34.381524
1 27.988005 34.771782
1 30.009737 36.732400
1 23.729660 30.394473
1 19.823772 26.309606
1 28.244480 34.674562
1 25.229394 31.654290
1 22.432642 28.774246
1 28.193185 34.517108
1 32.011197 38.333100
1 24.162781 30.370337
1 22.123055 28.271887
1 31.026192 37.163031
1 25.136502 31.191818
1 32.587574 38.332861
1 25.179936 30.839390
1 27.986358 33.642746
1 22.427051 27.747724
1 24.659994 29.820646
1 18.975788 23.951020
1 24.797095 29.708251
1 25.034357 29.925208
1 27.752546 32.379033
1 29.958644 34.558674
1 23.989434 28.570210
1 25.592925 30.136065
1 20.054379 24.563503
1 25.201616 29.704265
1 27.635351 32.126612
1 25.778494 30.142735
1 34.408257 38.693327
1 22.157600 26.002703
1 19.481625 23.224742
1 21.950051 25.683564
1 25.597191 29.285777
1 30.404174 34.079498
1 27.261596 30.933584
1 25.826988 29.449250
1 28.516277 32.098987
1 24.153049 27.533986
1 27.688047 31.030334
1 29.722133 33.005634
1 26.282262 29.520653
1 24.325122 27.530611
1 27.038636 30.168152
1 31.367796 34.437236
1 23.163879 26.179421
1 21.918224 24.919727
1 27.321558 30.290722
1 24.834381 27.777663
1 30.294173 33.191805
1 30.807112 33.630249
1 29.767096 32.550521
1 25.968938 28.712864
1 26.890614 29.607659
1 28.820272 31.465730
1 22.252603 24.766541
1 22.903092 25.378199
1 23.268946 25.631778
1 32.643995 34.965721
1 26.839902 29.150674
1 26.060849 28.368774
1 31.786877 34.078572
1 23.022783 25.312003
1 33.164120 35.418103
1 23.488474 25.638844
1 25.166288 27.305564
1 19.669293 21.793568
1 24.622093 26.742233
1 25.536191 27.653371
1 34.009137 36.096679
1 21.111947 23.161398
1 26.013132 28.047857
1 35.092149 37.113453
1 30.245063 32.262202
1 20.958844 22.967816
1 28.787967 30.780010
1 24.332177 26.315743
1 33.314735 35.274350
1 25.744937 27.657542
1 19.881148 21.778843
1 26.938072 28.832226
1 20.203892 22.046940
1 31.177839 33.014849
1 18.990673 20.822877
1 31.395593 33.219257
1 27.303047 29.107159
1 28.825581 30.615435
1 35.818964 37.604824
1 29.039526 30.802142
1 26.617743 28.376315
1 22.514466 24.267822
1 21.284947 23.037163
1 21.786654 23.476025
1 37.915086 39.600954
1 29.964378 31.618695
1 28.754366 30.402063
1 33.552098 35.191806
1 30.143518 31.738779
1 23.485472 25.032720
1 32.631921 34.168613
1 20.931291 22.459802
1 32.464960 33.983315
1 25.958977 27.474733
1 31.801613 33.290818
1 29.632602 31.117594
1 24.400722 25.880113
1 23.306738 24.763305
1 24.156129 25.607759
1 32.387925 33.827364
1 26.388902 27.823570
1 26.836848 28.250131
1 26.850105 28.260162
1 26.555424 27.964369
1 26.268111 27.671940
1 22.566496 23.905810
1 23.829302 25.160834
1 22.126551 23.447115
1 24.784038 26.043576
1 18.349075 19.606309
1 27.657837 28.912630
1 36.717149 37.920250
1 21.955137 23.151632
1 29.695359 30.841729
1 35.557315 36.679792
1 32.353219 33.468605
1 32.340617 33.444417
1 31.353203 32.454782
1 20.557823 21.653324
1 26.820893 27.915179
1 28.639907 29.732573
1 31.579929 32.660193
1 30.971334 32.029451
1 29.813991 30.841247
1 35.825520 36.843938
1 29.858440 30.869011
1 26.447622 27.425865
1 38.603704 39.551695
1 38.364705 39.312309
1 36.873679 37.795344
1 28.177370 29.089511
1 32.695765 33.599538
1 21.325446 22.183936
1 27.927273 28.782832
1 29.093543 29.939556
1 23.138892 23.982493
1 22.739169 23.578264
1 34.414054 35.250888
1 23.243014 24.060545
1 26.559420 27.367726
1 23.568454 24.348427
1 19.942443 20.695270
1 31.632304 32.383533
1 22.518646 23.227300
1 33.819690 34.521033
1 32.039843 32.739251
1 23.986279 24.678356
1 31.455522 32.137232
1 35.375478 35.998989
1 33.257197 33.879800
1 30.370031 30.989297
1 32.750925 33.367248
1 28.574266 29.166803
1 27.318147 27.903176
1 34.029598 34.605909
1 41.554535 42.098250
1 31.799368 32.335579
1 38.070763 38.599839
1 27.163747 27.692580
1 22.045764 22.551255
1 34.748521 35.252806
1 22.844270 23.341484
1 42.425424 42.909968
1 27.853779 28.324277
1 26.978447 27.443635
1 30.906179 31.367466
1 30.102192 30.563115
1 27.702718 28.156021
1 25.909641 26.361060
1 23.821686 24.267865
1 30.722030 31.166681
1 31.992237 32.428005
1 28.134352 28.552738
1 32.246821 32.644474
1 28.174056 28.569019
1 32.501825 32.873261
1 33.062711 33.431229
1 42.375720 42.733326
1 26.317511 26.666584
1 22.915563 23.254334
1 30.115920 30.425400
1 22.667734 22.975581
1 33.363044 33.670674
1 45.171698 45.478539
1 30.046872 30.352553
1 28.042035 28.335581
1 22.738315 23.031671
1 26.970851 27.261697
1 30.054319 30.340591
1 34.651654 34.931234
1 36.341226 36.604325
1 37.749515 38.008255
1 28.327621 28.569135
1 25.264653 25.503458
1 27.701667 27.925085
1 39.513532 39.736297
1 25.097314 25.305010
1 30.112185 30.319810
1 38.230948 38.423128
1 33.938964 34.121752
1 29.065486 29.233878
1 37.619397 37.787673
1 34.350266 34.516754
1 34.083523 34.242209
1 30.802669 30.959103
1 25.580118 25.734848
1 28.138298 28.289480
1 29.823376 29.968840
1 32.726543 32.868582
1 29.266895 29.405673
1 30.094035 30.231497
1 34.182085 34.319276
1 40.525463 40.661854
1 39.336166 39.467321
1 36.127197 36.254792
1 25.363673 25.483179
1 24.419880 24.538363
1 32.832407 32.949863
1 32.552649 32.662148
1 30.728490 30.830842
1 37.054808 37.152230
1 29.093257 29.188687
1 37.532605 37.624154
1 36.654685 36.743303
1 33.984264 34.072793
1 27.536984 27.624240
1 29.381634 29.468868
1 31.555684 31.630222
1 30.536737 30.609367
1 29.256902 29.328732
1 29.599966 29.670092
1 25.162633 25.228421
1 30.162531 30.220221
1 34.242842 34.298893
1 25.659564 25.715478
1 28.739214 28.792444
1 43.254585 43.296685
1 28.713991 28.754651
1 30.124937 30.165372
1 36.119555 36.155285
1 33.179474 33.214882
1 36.671095 36.705820
1 26.769779 26.801430
1 22.838951 22.867733
1 29.225352 29.248872
1 35.261268 35.284538
1 29.230642 29.252769
1 31.318096 31.339029
1 28.998522 29.014365
1 36.558718 36.571510
1 39.383335 39.393321
1 28.752125 28.760460
1 27.239426 27.246120
1 24.510362 24.515865
1 33.410653 33.415911
1 31.740022 31.744385
1 29.563860 29.566960
1 31.883048 31.885648
1 26.489317 26.491215
1 25.894159 25.895973
1 28.729093 28.730192
1 33.965386 33.965622
1 34.508078 34.508143
0 0.000000 inf
0 0.000000 31.613635
0 0.000000 30.493812
0 0.000000 29.695122
0 0.000000 29.287624
0 0.000000 29.265894
0 0.000000 28.258218
0 0.000000 27.998316
0 0.000000 27.039457
0 0.000000 27.008225
0 0.000000 26.997897
0 0.000000 26.524791
0 0.000000 26.400001
0 0.000000 26.394221
0 0.000000 26.225417
0 0.000000 26.025382
0 0.000000 25.654626
0 0.000000 25.611537
0 0.000000 25.547480
0 0.000000 25.546446
0 0.000000 25.444129
0 0.000000 25.317501
0 0.000000 25.282566
0 0.000000 25.203861
0 0.000000 25.159155
0 0.000000 25.119157
0 0.000000 24.941982
0 0.000000 24.938547
0 0.000000 24.724712
0 0.000000 24.362763
0 0.000000 24.056195
0 0.000000 23.881634
0 0.000000 23.866167
0 0.000000 23.835702
0 0.000000 23.607249
0 0.000000 23.463040
0 0.000000 23.408615
0 0.000000 23.377641
0 0.000000 23.368293
0 0.000000 23.342196
0 0.000000 23.223983
0 0.000000 23.146634
0 0.000000 23.052032
0 0.000000 23.041817
0 0.000000 22.951264
0 0.000000 22.924776
0 0.000000 22.843956
0 0.000000 22.825188
0 0.000000 22.809944
0 0.000000 22.781749
0 0.000000 22.685204
0 0.000000 22.676738
0 0.000000 22.583641
0 0.000000 22.547632
0 0.000000 22.506301
0 0.000000 22.498095
0 0.000000 22.497580
0 0.000000 22.485568
0 0.000000 22.404773
0 0.000000 22.393748
0 0.000000 22.364853
0 0.000000 22.337419
0 0.000000 22.302330
0 0.000000 22.297015
0 0.000000 22.245850
0 0.000000 22.172876
0 0.000000 22.057207
0 0.000000 22.039548
0 0.000000 22.032111
0 0.000000 21.908000
0 0.000000 21.898479
0 0.000000 21.822087
0 0.000000 21.731842
0 0.000000 21.683635
0 0.000000 21.661965
0 0.000000 21.659602
0 0.000000 21.644061
0 0.000000 21.634372
0 0.000000 21.592680
0 0.000000 21.458178
0 0.000000 21.295231
0 0.000000 21.192669
0 0.000000 21.157432
0 0.000000 21.140887
0 0.000000 21.112958
0 0.000000 21.081146
0 0.000000 21.044595
0 0.000000 21.043136
0 0.000000 21.005953
0 0.000000 20.904370
0 0.000000 20.875193
0 0.000000 20.863768
0 0.000000 20.830896
0 0.000000 20.810013
0 0.000000 20.770055
0 0.000000 20.735330
0 0.000000 20.685034
0 0.000000 20.539419
0 0.000000 20.459470
0 0.000000 20.456174
0 0.000000 20.444934
0 0.000000 20.426837
0 0.000000 20.415000
0 0.000000 20.408684
0 0.000000 20.375961
0 0.000000 20.308352
0 0.000000 20.307747
0 0.000000 20.288691
0 0.000000 20.270750
0 0.000000 20.249530
0 0.000000 20.217628
0 0.000000 20.175435
0 0.000000 20.162640
0 0.000000 20.099484
0 0.000000 20.038825
0 0.000000 19.933991
0 0.000000 19.893901
0 0.000000 19.817844
0 0.000000 19.704284
0 0.000000 19.687707
0 0.000000 19.615529
0 0.000000 19.613654
0 0.000000 19.516432
0 0.000000 19.411922
0 0.000000 19.347127
0 0.000000 19.306973
0 0.000000 19.274776
0 0.000000 19.268033
0 0.000000 19.246162
0 0.000000 19.162586
0 0.000000 19.154244
0 0.000000 19.061782
0 0.000000 19.061234
0 0.000000 19.000057
0 0.000000 18.993192
0 0.000000 18.888739
0 0.000000 18.884524
0 0.000000 18.880408
0 0.000000 18.870438
0 0.000000 18.866732
0 0.000000 18.852393
0 0.000000 18.832843
0 0.000000 18.801464
0 0.000000 18.749875
0 0.000000 18.712148
0 0.000000 18.692938
0 0.000000 18.584550
0 0.000000 18.343567
0 0.000000 18.327390
0 0.000000 18.308928
0 0.000000 18.282157
0 0.000000 18.252844
0 0.000000 18.229097
0 0.000000 18.111597
0 0.000000 18.084023
0 0.000000 17.854895
0 0.000000 17.831315
0 0.000000 17.655346
0 0.000000 17.638761
0 0.000000 17.633572
0 0.000000 17.535693
0 0.000000 17.522190
0 0.000000 17.488274
0 0.000000 17.481363
0 0.000000 17.460834
0 0.000000 17.395773
0 0.000000 17.303423
0 0.000000 17.250958
0 0.000000 16.946987
0 0.000000 16.895366
0 0.000000 16.816661
0 0.000000 16.797322
0 0.000000 16.690226
0 0.000000 16.677689
0 0.000000 16.600688
0 0.000000 16.484380
0 0.000000 16.344886
0 0.000000 16.188043
0 0.000000 16.040556
0 0.000000 16.008998
0 0.000000 15.965155
0 0.000000 15.815199
0 0.000000 15.515460
0 0.000000 15.292084
0 0.000000 14.789517
0 0.000000 13.178310
0 0.000000 12.467843
