1 24.897912 42.049583
1 20.130705 35.830635
1 26.038720 39.937521
1 28.163456 41.852507
1 25.178539 38.756078
1 25.576416 39.034691
1 26.178976 38.423918
1 25.898217 38.124881
1 23.229400 34.676520
1 21.820197 33.060437
1 28.101145 39.231680
1 23.360371 34.125232
1 25.880820 36.469874
1 25.618407 35.875733
1 24.060676 33.569056
1 28.262717 37.583761
1 24.421458 33.498257
1 26.997128 35.998453
1 26.710221 35.578371
1 25.350192 33.850088
1 24.533327 32.984788
1 25.669545 33.898765
1 22.097028 30.239927
1 23.960301 31.923774
1 27.046580 34.902855
1 24.752929 32.471454
1 26.800831 34.434551
1 26.837241 34.363472
1 24.683514 32.196020
1 28.730868 36.204542
1 21.366377 28.775234
1 24.117415 31.489930
1 21.813914 29.113255
1 25.109553 32.306165
1 26.451211 33.597439
1 30.460534 37.539920
1 25.808672 32.777481
1 27.072616 33.748039
1 20.453575 27.054181
1 22.781003 29.376900
1 22.099021 28.689383
1 26.758952 33.343665
1 26.382163 32.839039
1 22.889575 29.273852
1 21.117712 27.449082
1 25.036647 31.365035
1 22.266193 28.432389
1 25.420601 31.485079
1 26.319765 32.360125
1 27.988427 34.021202
1 22.692198 28.641579
1 25.694070 31.573948
1 24.869756 30.749402
1 28.669395 34.433170
1 26.968894 32.696295
1 32.711003 38.431949
1 23.886334 29.506650
1 27.151403 32.754425
1 24.074641 29.669044
1 23.654773 29.231627
1 26.685892 32.236802
1 26.639090 31.806889
1 28.639412 33.718439
1 21.209194 26.242597
1 27.519189 32.520524
1 28.457327 33.448377
1 21.458066 26.448277
1 23.395558 28.340797
1 26.917194 31.817636
1 28.749490 33.609145
1 26.679353 31.417823
1 23.817865 28.538786
1 24.968540 29.652517
1 23.068697 27.600746
1 22.237392 26.675515
1 26.326544 30.761945
1 26.426350 30.825030
1 30.902363 35.277524
1 25.573386 29.945659
1 26.611322 30.917006
1 24.712056 28.980276
1 25.613881 29.747992
1 17.914358 21.953340
1 26.249047 30.159932
1 23.002972 26.819775
1 26.710406 30.471895
1 27.010174 30.760949
1 23.956985 27.691366
1 29.062328 32.779087
1 27.736228 31.396652
1 26.502565 30.070784
1 34.827188 38.377990
1 27.239557 30.708812
1 25.483286 28.941563
1 28.199628 31.537058
1 24.845761 28.156057
1 26.449650 29.758772
1 23.620357 26.839929
1 25.276580 28.437452
1 25.646260 28.763138
1 29.935724 33.021902
1 31.037870 34.108779
1 29.811479 32.881712
1 28.823928 31.884203
1 23.482342 26.509956
1 21.839313 24.843556
1 27.218995 30.216277
1 27.380830 30.290114
1 26.117057 28.978119
1 22.204306 24.935897
1 24.972395 27.689461
1 27.292462 30.009263
1 22.857649 25.544577
1 29.860285 32.530192
1 33.630601 36.256789
1 29.572736 32.138002
1 25.336572 27.878410
1 27.454192 29.952579
1 33.714004 36.128912
1 38.813271 41.173349
1 25.999435 28.336977
1 30.963036 33.237200
1 28.875054 31.133042
1 27.574109 29.754157
1 31.989736 34.159583
1 29.998250 32.040004
1 30.440786 32.461356
1 28.417654 30.437403
1 27.207676 29.194580
1 26.172959 28.158885
1 25.176959 27.152423
1 25.853817 27.827782
1 27.547502 29.514864
1 27.014276 28.968404
1 25.155326 27.096959
1 27.122188 29.028529
1 22.493332 24.384847
1 29.576845 31.464622
1 24.668046 26.553651
1 28.938868 30.792997
1 26.281712 28.123265
1 30.824899 32.638208
1 26.668891 28.444346
1 29.338534 30.975415
1 27.290244 28.881845
1 30.132541 31.722045
1 31.483855 33.047035
1 34.389110 35.942310
1 28.472724 29.999224
1 29.888658 31.410913
1 29.150728 30.669229
1 29.972730 31.487241
1 24.911399 26.412491
1 32.354292 33.851995
1 24.570963 26.052412
1 27.723771 29.181771
1 27.418172 28.828616
1 36.921840 38.308020
1 35.223919 36.582773
1 39.972869 41.318715
1 25.939546 27.274598
1 22.309343 23.619050
1 30.469745 31.762457
1 25.345792 26.632260
1 18.048058 19.315900
1 24.152027 25.382286
1 29.693955 30.917258
1 25.975351 27.192009
1 28.449593 29.648405
1 28.210502 29.408383
1 30.765073 31.961943
1 25.507309 26.701897
1 27.615621 28.803358
1 19.455886 20.629169
1 28.053111 29.220035
1 24.963990 26.121402
1 33.386120 34.541830
1 23.852773 25.007927
1 27.771724 28.919584
1 26.017867 27.162259
1 29.897783 31.039824
1 37.913853 39.041640
1 29.167650 30.292556
1 27.885921 29.005500
1 25.695307 26.812488
1 27.780675 28.811715
1 23.685290 24.707897
1 28.572256 29.578179
1 32.864850 33.866747
1 29.641468 30.641389
1 24.013097 24.990462
1 23.637950 24.612279
1 32.462915 33.434903
1 20.714401 21.661895
1 29.096445 30.037765
1 24.100348 25.040737
1 25.383137 26.301777
1 27.677824 28.593943
1 27.833889 28.723619
1 31.969758 32.846560
1 21.090218 21.962546
1 22.381361 23.211752
1 26.589834 27.404928
1 26.794852 27.597477
1 24.794993 25.588424
1 24.951761 25.743925
1 27.361343 28.140657
1 25.760868 26.521076
1 22.357463 23.111048
1 28.649142 29.397628
1 25.000205 25.733789
1 25.906719 26.640227
1 31.956209 32.687475
1 26.948124 27.654826
1 27.531091 28.233562
1 27.591805 28.271987
1 29.488652 30.165194
1 36.849525 37.517666
1 32.862562 33.527530
1 28.784187 29.420678
1 31.435158 32.033437
1 30.443074 31.040591
1 21.926369 22.505045
1 22.388526 22.959365
1 33.999361 34.559009
1 25.027608 25.575917
1 31.813894 32.345998
1 31.075829 31.603036
1 28.478328 28.999146
1 34.497437 35.005856
1 28.555893 29.046930
1 31.362355 31.842920
1 31.092555 31.569507
1 30.679561 31.155581
1 26.262874 26.734254
1 32.953468 33.420943
1 29.592619 30.058405
1 32.534616 32.992578
1 31.890155 32.344452
1 27.737579 28.190956
1 32.278767 32.722574
1 41.268081 41.699925
1 32.348051 32.769571
1 28.448416 28.853384
1 26.800899 27.190010
1 26.942830 27.308659
1 31.391578 31.743935
1 30.847297 31.197339
1 23.375693 23.724128
1 25.786859 26.117285
1 27.450573 27.778472
1 28.683785 28.993970
1 31.178346 31.487191
1 26.548959 26.846493
1 26.464575 26.752851
1 30.875128 31.153043
1 26.531559 26.807702
1 39.459155 39.733622
1 31.112953 31.361263
1 26.682903 26.920977
1 28.280614 28.512961
1 21.722185 21.951527
1 27.975526 28.176060
1 36.398391 36.589315
1 33.595913 33.786657
1 21.580206 21.769396
1 22.008198 22.193727
1 32.903424 33.085898
1 23.543208 23.718149
1 26.917886 27.092720
1 31.114798 31.276898
1 33.330085 33.477771
1 24.922648 25.060960
1 28.714912 28.843795
1 36.575448 36.699819
1 31.948073 32.064260
1 35.654538 35.770523
1 37.108785 37.223579
1 36.905447 37.017486
1 26.005908 26.107828
1 27.647510 27.742812
1 28.653253 28.737501
1 25.373255 25.455575
1 34.024148 34.104961
1 27.392705 27.463796
1 27.644686 27.712521
1 32.711246 32.772251
1 31.961686 32.018591
1 25.607545 25.661516
1 26.529319 26.579171
1 26.008000 26.051909
1 34.844326 34.887990
1 27.236751 27.277482
1 28.732787 28.772526
1 25.348718 25.380416
1 35.681596 35.710680
1 20.161693 20.190453
1 35.671689 35.697752
1 33.728795 33.751535
1 29.052947 29.074771
1 33.037844 33.057470
1 34.652851 34.670441
1 35.889788 35.903595
1 33.775865 33.789614
1 31.751150 31.762171
1 30.939128 30.949939
1 33.052879 33.061757
1 29.095823 29.100836
1 30.564286 30.568716
1 32.036060 32.040003
1 37.027441 37.030292
1 33.323341 33.326058
1 29.754890 29.756130
1 33.991385 33.991563
1 34.417295 34.417359
1 26.278077 26.278085
1 24.917492 24.917493
0 0.000000 inf
0 0.000000 27.585353
0 0.000000 27.562829
0 0.000000 26.280325
0 0.000000 26.254259
0 0.000000 25.989492
0 0.000000 25.771497
0 0.000000 25.743004
0 0.000000 25.644927
0 0.000000 25.607161
0 0.000000 25.592870
0 0.000000 25.515166
0 0.000000 25.492044
0 0.000000 25.239917
0 0.000000 25.161835
0 0.000000 25.132555
0 0.000000 25.095897
0 0.000000 25.019155
0 0.000000 24.991181
0 0.000000 24.830875
0 0.000000 24.721982
0 0.000000 24.593194
0 0.000000 24.532849
0 0.000000 24.484703
0 0.000000 24.424025
0 0.000000 24.412037
0 0.000000 24.336501
0 0.000000 24.208159
0 0.000000 24.078196
0 0.000000 23.968529
0 0.000000 23.931829
0 0.000000 23.918125
0 0.000000 23.881149
0 0.000000 23.863296
0 0.000000 23.807294
0 0.000000 23.787129
0 0.000000 23.777847
0 0.000000 23.762749
0 0.000000 23.731429
0 0.000000 23.704594
0 0.000000 23.671387
0 0.000000 23.627072
0 0.000000 23.589768
0 0.000000 23.576628
0 0.000000 23.569904
0 0.000000 23.531624
0 0.000000 23.464703
0 0.000000 23.460696
0 0.000000 23.454732
0 0.000000 23.436385
0 0.000000 23.324628
0 0.000000 23.291257
0 0.000000 23.289470
0 0.000000 23.279726
0 0.000000 23.189653
0 0.000000 23.081148
0 0.000000 23.061246
0 0.000000 23.058276
0 0.000000 22.830865
0 0.000000 22.748746
0 0.000000 22.686056
0 0.000000 22.662212
0 0.000000 22.627319
0 0.000000 22.613241
0 0.000000 22.591934
0 0.000000 22.516962
0 0.000000 22.496638
0 0.000000 22.361015
0 0.000000 22.358406
0 0.000000 22.312249
0 0.000000 22.234424
0 0.000000 22.190542
0 0.000000 22.045929
0 0.000000 22.006178
0 0.000000 21.908644
0 0.000000 21.821840
0 0.000000 21.793094
0 0.000000 21.754584
0 0.000000 21.627373
0 0.000000 21.552871
0 0.000000 21.503444
0 0.000000 21.502474
0 0.000000 21.484143
0 0.000000 21.417046
0 0.000000 21.357659
0 0.000000 21.353212
0 0.000000 21.342640
0 0.000000 21.242429
0 0.000000 21.188867
0 0.000000 21.157075
0 0.000000 21.064631
0 0.000000 21.036848
0 0.000000 21.006507
0 0.000000 20.994890
0 0.000000 20.981643
0 0.000000 20.975134
0 0.000000 20.973324
0 0.000000 20.936757
0 0.000000 20.883891
0 0.000000 20.840044
0 0.000000 20.812297
0 0.000000 20.735634
0 0.000000 20.669371
0 0.000000 20.526081
0 0.000000 20.366115
0 0.000000 20.243339
0 0.000000 20.176760
0 0.000000 20.105929
0 0.000000 20.100958
0 0.000000 20.072131
0 0.000000 20.053042
0 0.000000 20.017038
0 0.000000 19.998856
0 0.000000 19.994951
0 0.000000 19.932840
0 0.000000 19.858400
0 0.000000 19.804072
0 0.000000 19.713480
0 0.000000 19.670485
0 0.000000 19.670065
0 0.000000 19.622954
0 0.000000 19.609304
0 0.000000 19.584097
0 0.000000 19.579186
0 0.000000 19.563188
0 0.000000 19.544822
0 0.000000 19.473381
0 0.000000 19.467926
0 0.000000 19.238943
0 0.000000 19.200601
0 0.000000 19.192229
0 0.000000 19.186423
0 0.000000 19.120637
0 0.000000 19.103286
0 0.000000 19.018617
0 0.000000 18.951624
0 0.000000 18.725819
0 0.000000 18.653823
0 0.000000 18.411911
0 0.000000 18.308944
0 0.000000 18.197300
0 0.000000 18.187914
0 0.000000 18.080703
0 0.000000 18.046300
0 0.000000 17.992985
0 0.000000 17.989589
0 0.000000 17.933129
0 0.000000 17.887989
0 0.000000 17.781305
0 0.000000 17.742837
0 0.000000 17.693980
0 0.000000 17.648662
0 0.000000 17.613215
0 0.000000 17.600509
0 0.000000 17.558610
0 0.000000 17.536417
0 0.000000 17.470701
0 0.000000 17.360399
0 0.000000 17.357065
0 0.000000 17.348758
0 0.000000 17.342381
0 0.000000 17.261072
0 0.000000 17.258828
0 0.000000 17.215608
0 0.000000 17.186073
0 0.000000 17.176300
0 0.000000 17.123434
0 0.000000 16.976887
0 0.000000 16.793217
0 0.000000 16.757000
0 0.000000 16.752453
0 0.000000 16.719398
0 0.000000 16.573720
0 0.000000 16.562446
0 0.000000 16.452440
0 0.000000 16.142960
0 0.000000 15.893027
0 0.000000 15.762738
0 0.000000 15.580472
0 0.000000 15.423105
0 0.000000 15.318450
0 0.000000 15.310997
0 0.000000 15.102442
0 0.000000 14.725491
0 0.000000 13.951524
0 0.000000 13.799714
0 0.000000 13.213908
