1 23.985738 36.941944
1 27.657771 39.859719
1 23.662919 35.465872
1 20.713878 31.567118
1 24.155162 34.572091
1 24.703468 34.552552
1 28.780526 38.623628
1 25.376194 35.164537
1 28.050212 37.780187
1 22.696272 32.395993
1 24.790137 34.178418
1 29.441815 38.797648
1 25.275347 34.421446
1 29.308365 38.305411
1 24.688477 33.650090
1 28.903173 37.682667
1 21.965016 30.661378
1 22.931426 31.618728
1 27.213661 35.887176
1 20.792669 29.364536
1 22.539146 30.802651
1 25.542707 33.754666
1 21.728836 29.892245
1 29.928215 38.057796
1 23.195195 31.159343
1 22.642371 30.561809
1 23.663040 31.372319
1 20.103347 27.688261
1 29.081807 36.506527
1 21.809054 29.233551
1 19.885424 27.132009
1 22.063816 29.280568
1 22.573807 29.780890
1 30.996492 38.194175
1 28.849727 35.988691
1 22.820809 29.829747
1 22.496442 29.496917
1 19.610864 26.543560
1 21.177779 27.980542
1 24.606200 31.140346
1 26.130273 32.618190
1 33.211747 39.679425
1 28.263068 34.661384
1 29.409569 35.800092
1 23.978761 30.278324
1 18.877985 24.894558
1 24.972392 30.805069
1 30.041959 35.787648
1 22.135250 27.819716
1 21.212064 26.862612
1 26.237503 31.821454
1 21.516081 26.981181
1 24.855147 30.303477
1 25.054172 30.393550
1 21.737452 27.059425
1 25.218792 30.487075
1 24.018869 29.186387
1 23.393144 28.303588
1 25.666330 30.559027
1 26.681897 31.569433
1 23.178052 28.063131
1 25.012012 29.882886
1 21.149318 25.950039
1 28.039818 32.710259
1 22.955727 27.608820
1 22.881368 27.476432
1 31.559528 36.125279
1 31.444725 35.938883
1 25.197548 29.686215
1 21.757772 26.074269
1 31.913044 35.924034
1 22.345810 26.331794
1 22.225235 26.120492
1 29.587741 33.399853
1 28.205904 31.953179
1 21.691139 25.369312
1 20.970800 24.648845
1 28.808980 32.485065
1 26.301146 29.972251
1 24.505874 28.171661
1 30.081899 33.746456
1 20.381253 23.977051
1 21.750227 25.290828
1 27.227616 30.711472
1 31.278746 34.753182
1 26.876550 30.346063
1 27.250249 30.685979
1 22.621802 26.039972
1 32.327036 35.593762
1 18.788343 22.013934
1 31.545941 34.753982
1 29.937220 33.120123
1 29.822815 32.999235
1 22.570380 25.703560
1 27.855623 30.907043
1 27.899825 30.941790
1 31.292292 34.321442
1 28.021618 31.023561
1 30.320219 33.280005
1 26.885843 29.827358
1 26.894617 29.824070
1 22.869324 25.786602
1 27.087272 29.919206
1 30.061253 32.892446
1 23.993775 26.812161
1 29.867308 32.676859
1 29.719906 32.493151
1 30.125070 32.871859
1 23.765828 26.483707
1 28.051084 30.698050
1 23.127543 25.764144
1 22.346457 24.976142
1 22.265100 24.883955
1 17.398855 20.003305
1 25.305784 27.897647
1 21.643086 24.219082
1 40.299840 42.848116
1 26.014345 28.557906
1 24.677232 27.211149
1 27.536806 30.017434
1 27.504534 29.975124
1 31.980439 34.412030
1 24.419096 26.820171
1 26.948068 29.347103
1 19.433832 21.822462
1 19.548253 21.933011
1 28.438691 30.797391
1 33.375967 35.663596
1 26.277483 28.523846
1 26.448443 28.674388
1 25.716048 27.914828
1 23.789774 25.971881
1 30.018165 32.199798
1 22.800257 24.942513
1 21.804895 23.946876
1 30.237783 32.378019
1 24.530199 26.652515
1 32.065498 34.179599
1 31.364743 33.460467
1 19.796185 21.837934
1 21.144495 23.130708
1 23.086529 25.058684
1 31.620976 33.592361
1 21.759792 23.643978
1 22.469514 24.348084
1 27.895910 29.763433
1 22.333629 24.181274
1 19.162936 20.997629
1 25.943905 27.767860
1 29.779553 31.600817
1 27.286131 29.080910
1 24.047033 25.840245
1 22.477962 24.266449
1 33.593651 35.381239
1 26.850663 28.625492
1 27.166234 28.910987
1 25.388433 27.113790
1 23.300057 25.004486
1 32.880798 34.559213
1 28.504572 30.178026
1 29.671965 31.333287
1 23.937693 25.594760
1 29.068816 30.706798
1 23.349689 24.973116
1 23.958882 25.568476
1 33.660303 35.246401
1 24.485838 26.070322
1 27.227015 28.796773
1 25.152764 26.720173
1 22.858935 24.407818
1 25.596476 27.119884
1 21.237767 22.760948
1 25.862751 27.331755
1 29.529240 30.912905
1 29.209365 30.591400
1 24.511467 25.890030
1 29.726823 31.101561
1 20.537735 21.905153
1 25.490341 26.855274
1 20.454351 21.818796
1 20.767315 22.124356
1 24.288888 25.606856
1 19.106502 20.415740
1 32.928360 34.201892
1 24.610422 25.874117
1 30.484864 31.733820
1 25.441290 26.685523
1 32.212111 33.447634
1 30.208816 31.438227
1 30.511163 31.715893
1 22.361683 23.566102
1 28.140826 29.343214
1 22.837389 23.925099
1 19.423435 20.504522
1 27.362018 28.424008
1 26.235006 27.270619
1 30.808475 31.803249
1 30.438683 31.423283
1 34.446465 35.410880
1 24.142034 25.106053
1 23.259704 24.221514
1 26.821651 27.754707
1 22.557361 23.489859
1 23.349863 24.282089
1 22.405422 23.318168
1 34.135911 35.002846
1 34.985871 35.846914
1 24.230455 25.059079
1 25.108252 25.936692
1 26.279459 27.098345
1 24.698812 25.491246
1 27.884863 28.657438
1 28.317159 29.058348
1 23.879841 24.615262
1 29.654203 30.376181
1 21.605390 22.322831
1 25.234471 25.934513
1 24.550540 25.245156
1 28.435584 29.128504
1 28.908336 29.599007
1 29.349098 30.010871
1 35.285938 35.941835
1 29.272607 29.921310
1 23.688486 24.324797
1 25.339548 25.961588
1 31.405627 32.019298
1 23.941047 24.552858
1 26.064167 26.661866
1 30.257171 30.832454
1 28.441524 29.000388
1 31.392247 31.947445
1 22.650296 23.192355
1 23.655714 24.196604
1 24.236637 24.770666
1 28.374588 28.898261
1 26.209940 26.721992
1 27.485484 27.994733
1 21.726606 22.216117
1 26.104309 26.592212
1 30.290730 30.777671
1 28.857400 29.343451
1 26.329227 26.808154
1 31.290703 31.758462
1 21.000806 21.468248
1 32.588865 33.053223
1 25.184493 25.641080
1 24.422854 24.873493
1 23.107321 23.557393
1 23.449272 23.881346
1 29.036640 29.457699
1 27.627356 28.048386
1 34.890056 35.308274
1 21.928507 22.326803
1 32.836273 33.232825
1 33.932476 34.326891
1 28.652064 29.030292
1 24.372675 24.749292
1 25.220734 25.594663
1 32.511851 32.875175
1 25.175917 25.538058
1 23.614101 23.964278
1 32.002793 32.326693
1 32.591245 32.910585
1 38.298627 38.617215
1 36.352945 36.665771
1 29.004250 29.314880
1 28.706590 29.011044
1 27.186580 27.481939
1 32.138662 32.423004
1 29.332374 29.605646
1 28.327497 28.595169
1 29.477232 29.744702
1 35.715276 35.978269
1 33.152727 33.409130
1 29.667799 29.923311
1 26.782391 27.035221
1 32.095016 32.341717
1 28.875828 29.113968
1 25.246280 25.481761
1 37.432850 37.652972
1 26.689738 26.909090
1 26.976043 27.180863
1 30.289573 30.491080
1 32.834305 33.032478
1 23.060825 23.250838
1 22.449093 22.624602
1 35.443088 35.616406
1 25.829944 25.995592
1 34.658333 34.798983
1 24.443751 24.567920
1 37.962316 38.085569
1 29.560242 29.682560
1 32.117712 32.238340
1 25.375208 25.491743
1 38.499480 38.597179
1 37.582049 37.678720
1 32.175973 32.247167
1 37.618913 37.689032
1 37.592318 37.655683
1 37.841533 37.898711
1 29.700095 29.755839
1 37.686381 37.731031
1 29.371181 29.407295
1 31.839823 31.874841
1 29.240075 29.274421
1 28.786749 28.817719
1 29.144365 29.175094
1 34.539054 34.568561
1 36.958288 36.984509
1 25.290942 25.314608
1 27.426807 27.445101
1 29.212010 29.229890
1 33.940026 33.954958
1 26.133427 26.143482
1 29.921274 29.930237
1 24.443552 24.451755
1 23.992289 23.997497
1 34.323611 34.327974
1 27.886836 27.891193
1 30.502761 30.505179
1 30.914226 30.915387
1 31.549401 31.550131
1 31.613868 31.614519
0 0.000000 inf
0 0.000000 29.259353
0 0.000000 29.116907
0 0.000000 28.747436
0 0.000000 27.980770
0 0.000000 27.490596
0 0.000000 27.446125
0 0.000000 27.321043
0 0.000000 27.287045
0 0.000000 27.210967
0 0.000000 27.125546
0 0.000000 27.101368
0 0.000000 26.970393
0 0.000000 26.697226
0 0.000000 26.689404
0 0.000000 26.630300
0 0.000000 26.315969
0 0.000000 26.197637
0 0.000000 26.072716
0 0.000000 25.960282
0 0.000000 25.809603
0 0.000000 25.704043
0 0.000000 25.667724
0 0.000000 25.438499
0 0.000000 25.399464
0 0.000000 25.336221
0 0.000000 25.059911
0 0.000000 24.988447
0 0.000000 24.888563
0 0.000000 24.773555
0 0.000000 24.549884
0 0.000000 24.537226
0 0.000000 24.502303
0 0.000000 24.418712
0 0.000000 24.226688
0 0.000000 24.068043
0 0.000000 24.041557
0 0.000000 23.889722
0 0.000000 23.841130
0 0.000000 23.799282
0 0.000000 23.735204
0 0.000000 23.584920
0 0.000000 23.571334
0 0.000000 23.567602
0 0.000000 23.564468
0 0.000000 23.529908
0 0.000000 23.511018
0 0.000000 23.495688
0 0.000000 23.371456
0 0.000000 23.218278
0 0.000000 23.150985
0 0.000000 23.150516
0 0.000000 22.859284
0 0.000000 22.821049
0 0.000000 22.695188
0 0.000000 22.627267
0 0.000000 22.555021
0 0.000000 22.397086
0 0.000000 22.294293
0 0.000000 22.264078
0 0.000000 22.236782
0 0.000000 22.207851
0 0.000000 22.146014
0 0.000000 22.120229
0 0.000000 22.071488
0 0.000000 22.070109
0 0.000000 22.016520
0 0.000000 22.013037
0 0.000000 21.963785
0 0.000000 21.877199
0 0.000000 21.852188
0 0.000000 21.843656
0 0.000000 21.632153
0 0.000000 21.597425
0 0.000000 21.570083
0 0.000000 21.535566
0 0.000000 21.349913
0 0.000000 21.259488
0 0.000000 21.047848
0 0.000000 21.033829
0 0.000000 21.030794
0 0.000000 20.908270
0 0.000000 20.896026
0 0.000000 20.856025
0 0.000000 20.813823
0 0.000000 20.733763
0 0.000000 20.706155
0 0.000000 20.614577
0 0.000000 20.601839
0 0.000000 20.593790
0 0.000000 20.563432
0 0.000000 20.523074
0 0.000000 20.451227
0 0.000000 20.428463
0 0.000000 20.366351
0 0.000000 20.336372
0 0.000000 20.289773
0 0.000000 20.269093
0 0.000000 20.230770
0 0.000000 20.101026
0 0.000000 20.064948
0 0.000000 20.050878
0 0.000000 19.998790
0 0.000000 19.991989
0 0.000000 19.957461
0 0.000000 19.908342
0 0.000000 19.840606
0 0.000000 19.830674
0 0.000000 19.802077
0 0.000000 19.774933
0 0.000000 19.773308
0 0.000000 19.728922
0 0.000000 19.678463
0 0.000000 19.655099
0 0.000000 19.596902
0 0.000000 19.592638
0 0.000000 19.580602
0 0.000000 19.476229
0 0.000000 19.413801
0 0.000000 19.402562
0 0.000000 19.363955
0 0.000000 19.298047
0 0.000000 19.270753
0 0.000000 19.145611
0 0.000000 19.121982
0 0.000000 19.033335
0 0.000000 19.025068
0 0.000000 18.976633
0 0.000000 18.943663
0 0.000000 18.881296
0 0.000000 18.715818
0 0.000000 18.692096
0 0.000000 18.679390
0 0.000000 18.622435
0 0.000000 18.586329
0 0.000000 18.583333
0 0.000000 18.533023
0 0.000000 18.502294
0 0.000000 18.493395
0 0.000000 18.489168
0 0.000000 18.339336
0 0.000000 18.337394
0 0.000000 18.293472
0 0.000000 18.228339
0 0.000000 18.196646
0 0.000000 18.154638
0 0.000000 18.125143
0 0.000000 18.027396
0 0.000000 17.985614
0 0.000000 17.963447
0 0.000000 17.954123
0 0.000000 17.894019
0 0.000000 17.804394
0 0.000000 17.799072
0 0.000000 17.789862
0 0.000000 17.749965
0 0.000000 17.728289
0 0.000000 17.702205
0 0.000000 17.578453
0 0.000000 17.467187
0 0.000000 17.437056
0 0.000000 17.365392
0 0.000000 17.290844
0 0.000000 17.279656
0 0.000000 17.234542
0 0.000000 16.989125
0 0.000000 16.907098
0 0.000000 16.876856
0 0.000000 16.823221
0 0.000000 16.820922
0 0.000000 16.758937
0 0.000000 16.698197
0 0.000000 16.697720
0 0.000000 16.557723
0 0.000000 16.536710
0 0.000000 16.482394
0 0.000000 16.416574
0 0.000000 16.219279
0 0.000000 16.151359
0 0.000000 16.147944
0 0.000000 15.892497
0 0.000000 15.735742
0 0.000000 15.112574
0 0.000000 15.107870
0 0.000000 14.860615
0 0.000000 14.719856
0 0.000000 14.383810
