1 24.447180 39.425149
1 29.352678 42.671953
1 26.383242 39.289448
1 24.793991 36.794871
1 24.801316 36.763606
1 24.750973 36.265860
1 27.957276 39.463549
1 23.702508 35.077482
1 21.296273 32.466907
1 30.258971 41.193798
1 29.727807 40.399304
1 23.368039 33.962325
1 20.684969 30.981197
1 22.348403 32.488138
1 21.834184 31.790349
1 26.752230 36.664847
1 22.247202 32.146131
1 28.706737 38.391829
1 26.509145 36.095072
1 22.564219 32.103431
1 23.093686 32.615705
1 25.825740 35.310617
1 25.505083 34.929545
1 28.341806 37.436924
1 25.589955 34.343868
1 28.731458 37.322439
1 26.316996 34.670550
1 23.158827 31.437479
1 22.255096 30.182201
1 23.115993 31.024482
1 25.899689 33.741686
1 28.965185 36.776671
1 27.366126 35.143112
1 23.571660 31.160400
1 25.803711 33.145839
1 26.120810 32.750799
1 28.393590 34.940166
1 24.303991 30.836493
1 33.331042 39.860721
1 27.375638 33.746437
1 25.662467 31.852250
1 29.570468 35.706574
1 32.049248 38.181769
1 22.806531 28.921702
1 29.187077 35.300542
1 23.110470 29.205701
1 21.241032 27.300051
1 27.498780 33.442431
1 26.619849 32.451394
1 28.287448 34.088452
1 23.361132 29.139401
1 24.829882 30.372499
1 27.009691 32.531759
1 25.902108 31.407274
1 26.365325 31.748026
1 26.792028 32.143434
1 26.971437 32.295188
1 23.842936 29.125864
1 29.477380 34.754594
1 23.308208 28.516537
1 25.771740 30.836181
1 22.893611 27.939931
1 26.751165 31.731399
1 30.013591 34.987054
1 28.381390 33.346179
1 24.379082 29.320796
1 25.161192 29.953318
1 23.650241 28.411849
1 25.135795 29.873605
1 21.956680 26.592431
1 26.090176 30.613507
1 24.996034 29.477061
1 30.635646 34.944247
1 30.545312 34.679867
1 29.798168 33.921099
1 27.373911 31.361548
1 29.062262 33.015496
1 21.625316 25.468855
1 27.912099 31.735570
1 27.300811 31.067173
1 36.700340 40.435388
1 20.850084 24.550817
1 27.590980 31.243337
1 32.642005 36.230595
1 24.203312 27.777706
1 22.823174 26.378651
1 22.375262 25.800351
1 21.257411 24.660526
1 26.606932 30.001071
1 31.982783 35.271971
1 27.704526 30.985626
1 26.458381 29.736681
1 26.861834 30.131210
1 20.976825 24.182205
1 24.426480 27.603763
1 27.322965 30.486538
1 31.291273 34.441630
1 26.579202 29.696808
1 25.148664 28.232691
1 28.042152 31.106257
1 24.046979 27.059902
1 26.856281 29.848073
1 23.346821 26.311191
1 23.193393 26.140421
1 21.632993 24.508530
1 24.418704 27.285439
1 27.156259 30.000379
1 26.954211 29.756695
1 27.281051 30.073142
1 30.027481 32.783518
1 24.100593 26.807261
1 27.287332 29.978246
1 25.759315 28.308877
1 24.494202 26.952520
1 25.749824 28.206324
1 22.825566 25.273535
1 27.597304 30.038347
1 33.104380 35.540662
1 19.715588 22.068181
1 23.555588 25.889823
1 24.934924 27.248697
1 25.519228 27.832952
1 28.140695 30.438221
1 30.019612 32.301538
1 29.138773 31.391855
1 21.000416 23.229303
1 30.111808 32.334375
1 22.428611 24.610386
1 32.508157 34.640803
1 26.641228 28.719932
1 26.738178 28.804729
1 25.589020 27.654257
1 29.368564 31.412306
1 28.783020 30.794034
1 28.604711 30.589107
1 29.278380 31.249484
1 29.181105 31.139548
1 23.254775 25.200587
1 25.538993 27.450513
1 28.362660 30.248735
1 28.237814 30.085082
1 27.078516 28.917922
1 25.063141 26.891895
1 33.985645 35.804714
1 27.338211 29.147439
1 23.379290 25.179836
1 26.904485 28.691219
1 29.008937 30.759704
1 24.373727 26.112881
1 27.183271 28.919484
1 31.854400 33.581005
1 20.407265 22.130433
1 25.496472 27.188668
1 31.003037 32.677675
1 28.185944 29.837633
1 26.879375 28.527085
1 23.551511 25.188368
1 25.870957 27.468462
1 24.623607 26.204521
1 31.161682 32.721509
1 24.682502 26.224255
1 28.494767 30.033612
1 30.116461 31.643325
1 27.136306 28.657381
1 27.517529 29.024808
1 20.286375 21.720221
1 25.179338 26.593835
1 27.535001 28.948255
1 22.596278 24.000454
1 26.088096 27.489494
1 29.587649 30.987571
1 23.850234 25.220432
1 29.721826 31.062037
1 27.016968 28.353683
1 26.364092 27.683816
1 32.074809 33.378800
1 29.736193 31.024271
1 28.673679 29.959245
1 23.620608 24.891892
1 26.985129 28.253363
1 27.738877 28.965551
1 24.975739 26.183075
1 29.261226 30.459961
1 28.613302 29.789202
1 27.714780 28.874265
1 32.418972 33.568763
1 22.458816 23.571555
1 29.999564 31.086000
1 28.843883 29.927982
1 24.946802 26.010413
1 25.358595 26.391030
1 25.984003 27.000462
1 33.906299 34.908735
1 28.958106 29.955768
1 31.191522 32.177821
1 30.558574 31.524345
1 27.871257 28.831187
1 25.318873 26.253430
1 35.781686 36.639081
1 26.466029 27.317951
1 31.738083 32.584953
1 32.848125 33.689725
1 25.632929 26.467993
1 22.601211 23.424448
1 27.772595 28.585779
1 24.462408 25.235854
1 23.466438 24.233420
1 29.428329 30.195157
1 29.131200 29.891823
1 24.547447 25.278715
1 30.700534 31.429536
1 28.968510 29.654742
1 27.778073 28.462973
1 35.116077 35.784850
1 31.516299 32.168932
1 23.217031 23.842210
1 31.072281 31.693675
1 28.974725 29.588980
1 27.049495 27.661468
1 36.674204 37.270433
1 25.513579 26.089606
1 30.358022 30.928906
1 29.498764 30.064450
1 24.281895 24.844200
1 30.317404 30.872003
1 31.171302 31.709167
1 26.290649 26.812415
1 31.602867 32.122209
1 27.779054 28.293949
1 28.550145 29.053575
1 33.299699 33.786934
1 31.386101 31.860005
1 27.821802 28.286250
1 28.716459 29.156086
1 28.608297 29.034005
1 23.795946 24.187059
1 28.700364 29.078536
1 24.095559 24.464208
1 23.823087 24.168441
1 27.221268 27.566536
1 34.096723 34.439656
1 27.027052 27.366637
1 31.991683 32.329269
1 33.141407 33.478283
1 28.937076 29.258567
1 31.141383 31.451095
1 38.332084 38.638213
1 29.554542 29.847662
1 29.798798 30.085277
1 34.369602 34.654651
1 31.949061 32.225536
1 30.974663 31.245949
1 28.714585 28.985575
1 28.213833 28.478552
1 33.978378 34.242299
1 31.802438 32.043841
1 35.465360 35.704591
1 30.480211 30.712911
1 29.079344 29.311514
1 29.575043 29.800675
1 38.292298 38.505826
1 40.152208 40.359194
1 34.547481 34.735283
1 32.904529 33.087030
1 35.856960 36.030022
1 30.843254 31.014244
1 33.419137 33.589183
1 34.926004 35.095878
1 33.520739 33.684665
1 27.464158 27.626712
1 28.294361 28.451720
1 28.833259 28.973811
1 32.364800 32.499053
1 31.508245 31.639121
1 26.547938 26.674581
1 33.858409 33.983195
1 31.321946 31.435756
1 38.064924 38.174463
1 32.608034 32.709910
1 30.903716 30.999292
1 28.424300 28.519529
1 29.073477 29.166631
1 23.630722 23.722004
1 30.727366 30.816934
1 31.344779 31.432738
1 40.912325 40.992401
1 37.633408 37.713078
1 36.494782 36.573426
1 32.020496 32.092164
1 37.666190 37.735369
1 32.329481 32.397423
1 37.802087 37.862038
1 30.662546 30.717802
1 32.144919 32.196609
1 28.566423 28.617196
1 39.578829 39.626489
1 31.990485 32.031047
1 37.138908 37.173515
1 25.683394 25.717977
1 25.226028 25.260317
1 36.400708 36.434197
1 30.190223 30.217369
1 30.067736 30.092391
1 38.151033 38.174431
1 26.317359 26.337908
1 28.962474 28.982516
1 28.309000 28.328955
1 30.539470 30.558537
1 38.962194 38.980457
1 36.096116 36.113057
1 27.905304 27.919574
1 41.131739 41.145303
1 26.669904 26.682176
1 29.378069 29.380606
1 32.718780 32.719424
1 27.402904 27.403359
1 33.386131 33.386506
1 33.406540 33.406589
0 0.000000 inf
0 0.000000 29.312885
0 0.000000 29.252069
0 0.000000 29.130001
0 0.000000 28.408348
0 0.000000 28.141654
0 0.000000 27.854012
0 0.000000 27.589363
0 0.000000 27.244681
0 0.000000 27.120487
0 0.000000 26.881458
0 0.000000 26.860309
0 0.000000 26.480822
0 0.000000 26.130552
0 0.000000 25.970415
0 0.000000 25.865747
0 0.000000 25.527786
0 0.000000 25.383751
0 0.000000 25.262017
0 0.000000 25.258982
0 0.000000 24.999182
0 0.000000 24.956474
0 0.000000 24.841545
0 0.000000 24.810197
0 0.000000 24.690082
0 0.000000 24.601703
0 0.000000 24.551193
0 0.000000 24.456059
0 0.000000 24.388822
0 0.000000 24.337539
0 0.000000 24.276341
0 0.000000 24.251130
0 0.000000 24.225836
0 0.000000 24.189890
0 0.000000 24.128110
0 0.000000 24.109074
0 0.000000 24.035555
0 0.000000 23.931920
0 0.000000 23.915199
0 0.000000 23.877909
0 0.000000 23.839998
0 0.000000 23.819457
0 0.000000 23.760399
0 0.000000 23.589599
0 0.000000 23.523583
0 0.000000 23.497827
0 0.000000 23.465607
0 0.000000 23.389914
0 0.000000 23.326794
0 0.000000 23.322640
0 0.000000 23.320201
0 0.000000 23.293416
0 0.000000 23.248458
0 0.000000 23.228221
0 0.000000 23.214089
0 0.000000 23.209082
0 0.000000 23.073123
0 0.000000 23.022437
0 0.000000 23.008706
0 0.000000 22.901613
0 0.000000 22.897029
0 0.000000 22.875029
0 0.000000 22.780960
0 0.000000 22.758521
0 0.000000 22.718940
0 0.000000 22.715620
0 0.000000 22.710006
0 0.000000 22.616045
0 0.000000 22.589260
0 0.000000 22.560001
0 0.000000 22.441305
0 0.000000 22.427982
0 0.000000 22.414325
0 0.000000 22.402333
0 0.000000 22.333702
0 0.000000 22.326143
0 0.000000 22.292056
0 0.000000 22.188778
0 0.000000 22.116325
0 0.000000 22.096552
0 0.000000 22.090332
0 0.000000 22.078341
0 0.000000 22.017759
0 0.000000 22.017626
0 0.000000 22.003233
0 0.000000 21.980696
0 0.000000 21.961963
0 0.000000 21.929662
0 0.000000 21.771159
0 0.000000 21.757305
0 0.000000 21.568489
0 0.000000 21.545368
0 0.000000 21.530519
0 0.000000 21.498770
0 0.000000 21.498361
0 0.000000 21.432306
0 0.000000 21.427131
0 0.000000 21.197860
0 0.000000 21.196239
0 0.000000 21.117275
0 0.000000 21.113530
0 0.000000 21.096332
0 0.000000 21.095956
0 0.000000 21.077459
0 0.000000 21.045539
0 0.000000 21.041063
0 0.000000 20.991102
0 0.000000 20.976459
0 0.000000 20.970374
0 0.000000 20.945190
0 0.000000 20.930175
0 0.000000 20.920977
0 0.000000 20.862177
0 0.000000 20.850863
0 0.000000 20.769744
0 0.000000 20.719693
0 0.000000 20.631950
0 0.000000 20.367316
0 0.000000 20.341237
0 0.000000 20.325402
0 0.000000 20.185248
0 0.000000 20.160695
0 0.000000 20.029696
0 0.000000 19.996094
0 0.000000 19.987316
0 0.000000 19.969032
0 0.000000 19.890314
0 0.000000 19.881308
0 0.000000 19.854826
0 0.000000 19.725004
0 0.000000 19.704459
0 0.000000 19.691736
0 0.000000 19.641350
0 0.000000 19.620741
0 0.000000 19.559863
0 0.000000 19.486993
0 0.000000 19.483197
0 0.000000 19.460190
0 0.000000 19.415977
0 0.000000 19.412898
0 0.000000 19.402851
0 0.000000 19.345660
0 0.000000 19.306690
0 0.000000 19.297337
0 0.000000 19.291205
0 0.000000 19.279978
0 0.000000 19.268205
0 0.000000 19.266449
0 0.000000 19.184471
0 0.000000 19.105506
0 0.000000 19.054743
0 0.000000 19.036720
0 0.000000 19.021295
0 0.000000 18.834017
0 0.000000 18.791861
0 0.000000 18.762804
0 0.000000 18.736842
0 0.000000 18.715707
0 0.000000 18.604378
0 0.000000 18.566052
0 0.000000 18.525464
0 0.000000 18.429891
0 0.000000 18.426818
0 0.000000 18.394827
0 0.000000 18.330938
0 0.000000 18.324361
0 0.000000 18.235384
0 0.000000 18.126175
0 0.000000 18.082168
0 0.000000 17.998037
0 0.000000 17.996792
0 0.000000 17.975192
0 0.000000 17.939747
0 0.000000 17.905777
0 0.000000 17.753408
0 0.000000 17.626588
0 0.000000 17.500873
0 0.000000 17.388297
0 0.000000 17.353606
0 0.000000 17.135896
0 0.000000 17.097173
0 0.000000 16.493378
0 0.000000 16.248108
0 0.000000 16.003626
0 0.000000 15.735437
0 0.000000 15.454309
0 0.000000 14.969741
