1 20.344732 31.424910
1 20.294403 30.567892
1 21.712345 30.890315
1 17.971331 26.897811
1 22.305681 31.206714
1 17.679106 26.468582
1 23.863543 32.479335
1 18.544612 27.058391
1 20.817610 28.745985
1 21.765436 29.653977
1 21.745594 29.624550
1 15.349523 23.112389
1 22.329568 30.013573
1 23.359241 31.030017
1 20.212005 27.561772
1 22.483197 29.807496
1 23.256454 30.534951
1 17.226964 24.455449
1 20.281715 27.309502
1 15.544934 22.558770
1 13.879506 20.751389
1 22.030407 28.541598
1 23.368318 29.822458
1 23.313905 29.659257
1 15.306239 21.643463
1 20.665809 26.981116
1 17.934300 24.232385
1 24.759182 31.012383
1 21.725467 27.772860
1 21.440980 27.462854
1 24.331377 30.347450
1 15.750926 21.500792
1 20.668933 26.267695
1 19.523924 25.037895
1 25.201727 30.684036
1 17.110111 22.408460
1 17.993388 23.291642
1 23.607450 28.769510
1 22.542635 27.492393
1 14.879513 19.823756
1 13.696721 18.518336
1 17.697299 22.334768
1 23.773234 28.328926
1 14.583946 19.126528
1 14.364393 18.816013
1 19.295758 23.519640
1 21.496697 25.692383
1 25.495844 29.518232
1 15.146791 19.125043
1 24.456818 28.388646
1 24.739308 28.664655
1 15.347225 19.268224
1 20.614062 24.309287
1 25.677419 29.280207
1 15.526658 19.123217
1 16.551503 20.128674
1 19.050218 22.614318
1 20.987003 24.545150
1 17.282090 20.828698
1 25.027744 28.569663
1 25.893597 29.376905
1 23.572278 26.953495
1 19.402129 22.670273
1 14.912776 18.170923
1 20.984562 24.239429
1 20.728056 23.877610
1 20.996360 24.032725
1 20.498421 23.466109
1 23.310333 26.218869
1 16.853446 19.711194
1 21.655140 24.463952
1 14.059014 16.852940
1 24.265983 26.999111
1 26.392171 29.047203
1 14.986880 17.639541
1 26.101103 28.617187
1 16.861518 19.319650
1 22.952960 25.386435
1 19.165966 21.578006
1 14.994843 17.397899
1 23.645545 26.022726
1 17.379591 19.732465
1 26.122071 28.437292
1 23.729685 26.023043
1 19.049002 21.304995
1 16.234246 18.467588
1 22.375507 24.516173
1 20.099268 22.213647
1 20.331907 22.428245
1 27.234651 29.309653
1 26.090402 28.142963
1 20.353918 22.362819
1 16.592478 18.589264
1 14.939511 16.927394
1 24.484448 26.442370
1 24.587103 26.512969
1 19.336452 21.211588
1 25.010555 26.853567
1 21.286317 23.119214
1 21.851733 23.649005
1 19.480585 21.262953
1 24.769103 26.540297
1 28.029734 29.794349
1 25.576464 27.334517
1 21.625961 23.378691
1 21.804872 23.556667
1 22.477867 24.210135
1 18.174954 19.881268
1 24.848047 26.552210
1 26.220485 27.867605
1 21.608568 23.246107
1 26.375710 28.007415
1 19.758678 21.375654
1 21.205725 22.795829
1 25.659256 27.243667
1 20.363333 21.903818
1 18.454026 19.979542
1 27.361178 28.866118
1 26.155501 27.660193
1 25.792438 27.276703
1 16.437051 17.867321
1 17.207727 18.604698
1 23.415497 24.808440
1 18.982750 20.337854
1 23.471038 24.737832
1 21.675702 22.913208
1 19.737182 20.912919
1 17.733548 18.898693
1 27.269464 28.388272
1 14.526938 15.633197
1 20.635397 21.736202
1 22.352042 23.434130
1 23.266163 24.334529
1 20.588279 21.652604
1 25.749030 26.790860
1 21.303466 22.334290
1 15.442735 16.465059
1 15.316288 16.330438
1 11.530684 12.529650
1 24.384621 25.357195
1 27.332855 28.304475
1 27.558882 28.522346
1 19.289407 20.216248
1 24.526560 25.452074
1 16.607527 17.507153
1 21.178663 22.073668
1 23.613380 24.494102
1 20.755521 21.634606
1 16.713064 17.583592
1 18.460170 19.324724
1 26.485032 27.339499
1 23.133588 23.987133
1 16.490499 17.343768
1 23.610443 24.455692
1 25.848680 26.684851
1 19.030098 19.860751
1 29.839660 30.665432
1 17.506912 18.327697
1 18.100014 18.916994
1 24.648390 25.426772
1 29.395163 30.161804
1 17.145288 17.867817
1 22.586808 23.301948
1 18.431401 19.129859
1 23.470445 24.157228
1 17.324447 18.004416
1 15.376747 16.036765
1 22.257441 22.915612
1 14.495578 15.151137
1 20.388051 21.028589
1 20.169516 20.809224
1 18.641343 19.274265
1 29.457306 30.065636
1 20.919094 21.485448
1 19.145986 19.696915
1 15.745741 16.264546
1 27.297551 27.804861
1 22.420941 22.911517
1 21.569443 22.057441
1 16.749571 17.227726
1 27.784633 28.259580
1 25.793374 26.263716
1 17.429059 17.898747
1 20.988231 21.452759
1 23.819063 24.282521
1 16.897203 17.345265
1 23.143989 23.588831
1 25.855938 26.291759
1 18.579247 19.012525
1 27.835654 28.263717
1 27.789800 28.213156
1 21.431280 21.843672
1 21.412262 21.822944
1 17.074548 17.470223
1 16.373794 16.765536
1 23.518994 23.910319
1 24.993252 25.382918
1 20.286612 20.675456
1 16.246127 16.627900
1 28.840129 29.215421
1 18.892845 19.264340
1 28.135232 28.506568
1 22.603825 22.969500
1 22.166969 22.522319
1 21.779743 22.130900
1 23.131214 23.481315
1 22.509005 22.853732
1 21.939292 22.283170
1 24.529832 24.864882
1 15.506070 15.840583
1 17.648083 17.968502
1 20.823159 21.142831
1 28.305809 28.623670
1 18.566794 18.868687
1 25.567609 25.862129
1 28.292508 28.585668
1 17.009142 17.286290
1 31.851124 32.118919
1 17.878097 18.143997
1 17.756008 18.016633
1 19.442309 19.698418
1 24.440712 24.693557
1 27.121470 27.371839
1 18.685721 18.935974
1 18.856478 19.102195
1 28.570374 28.812556
1 17.683898 17.905380
1 28.901179 29.122160
1 27.063693 27.280094
1 29.510733 29.724334
1 30.295064 30.496617
1 19.679172 19.879291
1 28.375452 28.573089
1 19.585250 19.773672
1 28.115506 28.303453
1 21.072295 21.259191
1 25.827973 26.007814
1 28.672099 28.851661
1 27.698152 27.876471
1 17.242499 17.409451
1 22.054736 22.219898
1 28.497972 28.659363
1 20.635212 20.793064
1 24.901189 25.056964
1 25.518681 25.673056
1 20.435217 20.588988
1 15.122548 15.266615
1 18.134789 18.278220
1 19.228413 19.364127
1 25.437003 25.570024
1 24.335848 24.468271
1 23.446359 23.576069
1 21.560830 21.689826
1 20.178800 20.305144
1 25.945245 26.066294
1 23.940161 24.060115
1 27.695198 27.813959
1 18.863180 18.979848
1 23.504024 23.614112
1 29.405484 29.510850
1 24.088533 24.193460
1 19.398889 19.502070
1 27.340446 27.442757
1 24.530086 24.632016
1 18.722396 18.822951
1 24.006581 24.105723
1 30.204929 30.299037
1 19.596452 19.670210
1 26.683785 26.756754
1 19.651349 19.723950
1 25.227335 25.299299
1 15.440696 15.511474
1 18.393808 18.450715
1 26.195522 26.250684
1 17.961711 18.016060
1 28.035740 28.086702
1 19.402180 19.444778
1 30.427573 30.467315
1 18.425392 18.458754
1 20.293818 20.324806
1 21.241566 21.271805
1 27.205363 27.230929
1 24.807354 24.831335
1 21.813412 21.836474
1 23.048242 23.070525
1 26.454625 26.474652
1 27.072810 27.091095
1 22.289337 22.307183
1 23.801352 23.818512
1 22.483546 22.499653
1 19.929084 19.943052
1 20.888388 20.901856
1 26.808419 26.821574
1 28.444558 28.455771
1 18.871333 18.881485
1 23.500885 23.510778
1 21.280345 21.289774
1 17.290843 17.298302
1 18.623269 18.629225
1 18.338456 18.344287
1 18.701019 18.706600
1 20.162509 20.167854
1 18.786197 18.791526
1 22.581838 22.585717
1 17.275711 17.279163
1 23.459422 23.461147
1 21.115827 21.117054
1 18.432901 18.433920
1 22.669431 22.670293
1 24.359782 24.360105
1 25.632033 25.632333
1 21.256516 21.256620
1 27.000602 27.000645
1 22.981900 22.981943
0 0.000000 inf
0 0.000000 23.450539
0 0.000000 23.402519
0 0.000000 23.312718
0 0.000000 22.752858
0 0.000000 22.284058
0 0.000000 22.198800
0 0.000000 22.173854
0 0.000000 21.798371
0 0.000000 21.577416
0 0.000000 21.453178
0 0.000000 21.171237
0 0.000000 20.970571
0 0.000000 20.913981
0 0.000000 20.803784
0 0.000000 20.798705
0 0.000000 20.185000
0 0.000000 20.167817
0 0.000000 20.111780
0 0.000000 20.047508
0 0.000000 19.795455
0 0.000000 19.739575
0 0.000000 19.666813
0 0.000000 19.582367
0 0.000000 19.555324
0 0.000000 19.349213
0 0.000000 19.200049
0 0.000000 19.086350
0 0.000000 19.017992
0 0.000000 18.958925
0 0.000000 18.956597
0 0.000000 18.921250
0 0.000000 18.820451
0 0.000000 18.789161
0 0.000000 18.552613
0 0.000000 18.484993
0 0.000000 18.380308
0 0.000000 18.243452
0 0.000000 18.180706
0 0.000000 18.104618
0 0.000000 18.078878
0 0.000000 18.057064
0 0.000000 17.866433
0 0.000000 17.816080
0 0.000000 17.763408
0 0.000000 17.741014
0 0.000000 17.713906
0 0.000000 17.675185
0 0.000000 17.668417
0 0.000000 17.590908
0 0.000000 17.517297
0 0.000000 17.515696
0 0.000000 17.502679
0 0.000000 17.394833
0 0.000000 17.335231
0 0.000000 17.168819
0 0.000000 17.138496
0 0.000000 16.907568
0 0.000000 16.853577
0 0.000000 16.807438
0 0.000000 16.717189
0 0.000000 16.653086
0 0.000000 16.574940
0 0.000000 16.473547
0 0.000000 16.359723
0 0.000000 16.320926
0 0.000000 16.299690
0 0.000000 16.258298
0 0.000000 16.102125
0 0.000000 15.911708
0 0.000000 15.725323
0 0.000000 15.690325
0 0.000000 15.651192
0 0.000000 15.579047
0 0.000000 15.504903
0 0.000000 15.458962
0 0.000000 15.454701
0 0.000000 15.363618
0 0.000000 15.354677
0 0.000000 15.324859
0 0.000000 15.287577
0 0.000000 15.286925
0 0.000000 15.176633
0 0.000000 15.095316
0 0.000000 15.069577
0 0.000000 15.035675
0 0.000000 15.012724
0 0.000000 15.006746
0 0.000000 14.962646
0 0.000000 14.774676
0 0.000000 14.761860
0 0.000000 14.759939
0 0.000000 14.753963
0 0.000000 14.753007
0 0.000000 14.664657
0 0.000000 14.586879
0 0.000000 14.499749
0 0.000000 14.496481
0 0.000000 14.472269
0 0.000000 14.407409
0 0.000000 14.356534
0 0.000000 14.310872
0 0.000000 14.214631
0 0.000000 14.191718
0 0.000000 14.185203
0 0.000000 14.166231
0 0.000000 14.161192
0 0.000000 14.146202
0 0.000000 14.093943
0 0.000000 14.007843
0 0.000000 13.989671
0 0.000000 13.913854
0 0.000000 13.671281
0 0.000000 13.652930
0 0.000000 13.605635
0 0.000000 13.583186
0 0.000000 13.551033
0 0.000000 13.535419
0 0.000000 13.528067
0 0.000000 13.502882
0 0.000000 13.477382
0 0.000000 13.426870
0 0.000000 13.374190
0 0.000000 13.359382
0 0.000000 13.342460
0 0.000000 13.333293
0 0.000000 13.318840
0 0.000000 13.224024
0 0.000000 13.172029
0 0.000000 13.166871
0 0.000000 13.153613
0 0.000000 13.018451
0 0.000000 12.976619
0 0.000000 12.966254
0 0.000000 12.885747
0 0.000000 12.847501
0 0.000000 12.825626
0 0.000000 12.809998
0 0.000000 12.678747
0 0.000000 12.519175
0 0.000000 12.518127
0 0.000000 12.493574
0 0.000000 12.199841
0 0.000000 12.158364
0 0.000000 12.073972
0 0.000000 11.966790
0 0.000000 11.913377
0 0.000000 11.724867
0 0.000000 11.695681
0 0.000000 11.674097
0 0.000000 11.673901
0 0.000000 11.547547
0 0.000000 11.466666
0 0.000000 11.435014
0 0.000000 11.427416
0 0.000000 11.398186
0 0.000000 11.301335
0 0.000000 11.250055
0 0.000000 11.242137
0 0.000000 11.157525
0 0.000000 11.118008
0 0.000000 11.065994
0 0.000000 11.028127
0 0.000000 10.953070
0 0.000000 10.721189
0 0.000000 10.693224
0 0.000000 10.622788
0 0.000000 10.499119
0 0.000000 10.342789
0 0.000000 9.759948
0 0.000000 9.712048
0 0.000000 9.616292
0 0.000000 9.613535
0 0.000000 9.612211
0 0.000000 9.586509
0 0.000000 9.377364
0 0.000000 9.328696
0 0.000000 9.287007
0 0.000000 9.152294
0 0.000000 9.074901
0 0.000000 8.983781
0 0.000000 8.887956
0 0.000000 8.796121
0 0.000000 8.778658
0 0.000000 8.023018
0 0.000000 7.941204
0 0.000000 7.760457
