1 27.338810 44.734456
1 24.947174 42.074943
1 25.180100 38.882208
1 28.604193 42.063971
1 27.541281 40.782919
1 30.568187 42.673055
1 29.458027 41.536372
1 31.930809 43.341030
1 31.604202 42.245548
1 25.921524 36.326966
1 26.378100 36.767511
1 28.837445 39.009271
1 26.746165 36.717003
1 22.917679 32.817571
1 31.010314 40.761400
1 22.622613 32.214378
1 30.089763 39.503813
1 25.473787 34.826796
1 27.573413 36.685907
1 24.450430 33.557704
1 23.985990 33.081933
1 26.121947 34.929458
1 26.450152 35.067325
1 26.551528 35.060442
1 30.769383 39.211630
1 22.686081 31.039768
1 32.998415 41.231606
1 24.548350 32.688219
1 25.205493 33.211797
1 28.686149 36.687095
1 30.864187 38.775251
1 27.789750 35.277253
1 26.221767 33.686596
1 29.327547 36.581188
1 29.122383 35.972476
1 24.176448 31.020043
1 25.640956 32.357280
1 25.826328 32.340463
1 23.771472 30.166001
1 25.324969 31.613520
1 33.171608 39.459994
1 34.939061 41.194956
1 26.865396 33.063383
1 27.777483 33.933070
1 24.395557 30.519118
1 22.388267 28.389084
1 26.809523 32.766060
1 22.226277 28.139710
1 29.360916 35.226486
1 19.889549 25.752050
1 25.515238 31.375016
1 20.656173 26.462502
1 21.954766 27.326968
1 25.645944 30.862354
1 24.035466 29.158925
1 28.244178 33.354432
1 29.526882 34.566851
1 30.744263 35.761182
1 30.893693 35.727731
1 35.365832 39.991037
1 30.856103 35.409609
1 33.904234 38.429902
1 26.866425 31.368910
1 31.322299 35.807197
1 32.237722 36.675147
1 23.495078 27.754892
1 29.097295 33.301717
1 25.950467 30.123960
1 28.973403 33.064443
1 19.166372 23.235381
1 29.143517 33.188160
1 30.018043 34.022773
1 33.223723 37.110478
1 23.894274 27.753936
1 30.566124 34.332589
1 28.919944 32.647422
1 24.580885 28.172002
1 22.423623 25.975152
1 26.080598 29.563660
1 31.035245 34.374872
1 27.843527 31.144429
1 36.828183 40.110436
1 32.035647 35.212956
1 18.464583 21.578029
1 32.253702 35.365093
1 24.639624 27.711381
1 38.056375 41.099874
1 31.349925 34.332190
1 37.357028 40.316012
1 25.398031 28.317590
1 33.235921 36.124363
1 26.690299 29.564550
1 31.915637 34.769718
1 24.255684 26.995947
1 32.609579 35.272905
1 24.237894 26.900070
1 22.525248 25.180234
1 24.820450 27.432819
1 31.623196 34.215815
1 24.726796 27.305450
1 24.690815 27.228822
1 23.931485 26.464967
1 26.264930 28.793888
1 36.740345 39.229114
1 31.799866 34.279751
1 29.771122 32.249212
1 17.875189 20.282697
1 28.900169 31.284708
1 25.776037 28.136566
1 36.739157 38.976663
1 27.958155 30.195562
1 25.292198 27.527266
1 26.278437 28.467063
1 33.049500 35.227731
1 30.344160 32.501514
1 22.862096 25.000956
1 34.177144 36.312785
1 34.828266 36.913682
1 17.753890 19.814309
1 36.358141 38.402734
1 31.156993 33.184492
1 28.865774 30.881327
1 26.217323 28.221812
1 29.803839 31.790730
1 30.937787 32.905349
1 38.797942 40.698704
1 26.924420 28.818808
1 23.704431 25.560686
1 33.755187 35.596135
1 32.568223 34.387741
1 20.201283 21.996883
1 31.831436 33.618172
1 32.610264 34.376024
1 26.235980 27.984106
1 24.705676 26.437442
1 35.927190 37.622357
1 25.985276 27.671382
1 34.338155 35.974232
1 35.657984 37.291361
1 31.853464 33.469560
1 35.664977 37.277252
1 34.954493 36.563076
1 32.348942 33.956761
1 25.246379 26.807816
1 28.351289 29.900123
1 31.408655 32.948003
1 28.352507 29.883162
1 34.851784 36.369590
1 31.789174 33.258328
1 29.878469 31.321434
1 25.095559 26.518490
1 30.666626 32.089458
1 33.100981 34.519530
1 25.548668 26.942473
1 34.918119 36.303443
1 35.075524 36.454471
1 24.743510 26.112619
1 24.056065 25.371399
1 32.117385 33.426493
1 26.867748 28.174668
1 32.547558 33.848126
1 38.380161 39.667097
1 24.983201 26.251208
1 32.941420 34.167661
1 32.173003 33.382109
1 19.262486 20.459230
1 25.444586 26.630306
1 23.460216 24.630886
1 29.608968 30.765772
1 23.021648 24.177825
1 30.159384 31.295103
1 30.227154 31.360683
1 29.554310 30.687531
1 29.851506 30.981215
1 32.082512 33.199958
1 35.353453 36.463708
1 26.372702 27.479839
1 38.652116 39.691782
1 31.941358 32.979500
1 29.092979 30.119231
1 27.311741 28.306983
1 38.606271 39.582383
1 30.157734 31.068476
1 31.551287 32.459274
1 24.319423 25.227124
1 36.696755 37.600949
1 25.292387 26.194388
1 32.625038 33.511203
1 31.565190 32.440113
1 38.485075 39.349760
1 34.014470 34.875709
1 26.833313 27.685287
1 30.852120 31.679929
1 36.681078 37.507957
1 31.308333 32.133786
1 26.655006 27.478996
1 37.241371 38.056941
1 21.783557 22.587875
1 31.778913 32.522782
1 25.566407 26.290339
1 27.766744 28.484149
1 35.577101 36.281621
1 34.144838 34.838370
1 34.361360 35.041487
1 30.523209 31.178462
1 32.793431 33.439530
1 29.592088 30.237813
1 28.883011 29.516225
1 29.119437 29.747049
1 36.221703 36.821934
1 29.095588 29.675356
1 38.327556 38.889461
1 32.462802 33.022015
1 36.140398 36.693674
1 34.438216 34.987157
1 27.252301 27.770003
1 30.324592 30.841534
1 33.487639 33.966232
1 32.092800 32.569480
1 21.867285 22.339909
1 32.071533 32.529301
1 28.880226 29.337333
1 30.878817 31.333064
1 28.846453 29.266226
1 23.500056 23.913969
1 26.648608 27.041952
1 26.367228 26.760251
1 24.396652 24.782163
1 28.817375 29.188600
1 32.418424 32.788050
1 33.600285 33.968159
1 29.640140 29.997062
1 36.355801 36.684913
1 38.608740 38.921748
1 40.301459 40.609636
1 31.936193 32.242026
1 34.915104 35.214116
1 29.726875 30.024669
1 29.831221 30.126890
1 39.174133 39.462742
1 31.775450 32.045203
1 34.755714 35.019130
1 31.300396 31.557943
1 35.196175 35.447004
1 27.806565 28.054609
1 35.342606 35.589454
1 32.529687 32.758319
1 25.199229 25.423815
1 41.314768 41.532575
1 27.024187 27.230239
1 27.909463 28.107330
1 30.939453 31.130264
1 27.841140 28.027145
1 33.718418 33.893088
1 33.554797 33.723691
1 34.195474 34.363956
1 33.572270 33.740190
1 24.448014 24.612361
1 35.227858 35.378222
1 33.803269 33.930485
1 32.231914 32.356468
1 39.800609 39.919306
1 26.407035 26.520063
1 28.202189 28.314337
1 29.836272 29.940253
1 38.238059 38.339191
1 27.293683 27.391827
1 41.924317 42.017585
1 38.303990 38.394050
1 33.876441 33.963776
1 42.511762 42.593838
1 29.942594 30.022762
1 32.194000 32.272585
1 30.362891 30.439200
1 34.323504 34.399785
1 39.038821 39.108715
1 32.118920 32.186112
1 30.737584 30.803554
1 34.264515 34.324953
1 33.001738 33.057779
1 31.044061 31.099958
1 37.268435 37.313937
1 38.423883 38.466882
1 35.186655 35.227324
1 30.685760 30.726025
1 31.757300 31.796778
1 35.815522 35.853586
1 28.960234 28.995682
1 27.761331 27.795283
1 34.684112 34.715132
1 32.962314 32.991743
1 38.712544 38.738957
1 31.980735 32.005245
1 30.927473 30.948599
1 30.014133 30.034498
1 32.312835 32.332753
1 36.751684 36.767361
1 32.880060 32.895152
1 35.713867 35.727685
1 31.528343 31.541547
1 36.593859 36.605222
1 36.443881 36.454173
1 39.632863 39.640411
1 31.017046 31.024472
1 33.906773 33.913496
1 36.725266 36.731648
1 31.926283 31.931177
1 44.410055 44.412596
1 26.305018 26.307051
1 35.049561 35.050476
1 28.755864 28.756396
1 40.625659 40.626055
1 40.246799 40.247103
1 30.651448 30.651582
1 27.700849 27.700948
1 37.545166 37.545210
1 32.499646 32.499655
0 0.000000 inf
0 0.000000 31.702950
0 0.000000 30.839909
0 0.000000 29.878380
0 0.000000 29.268873
0 0.000000 29.011188
0 0.000000 28.871333
0 0.000000 28.519717
0 0.000000 28.484161
0 0.000000 27.602356
0 0.000000 27.309073
0 0.000000 27.076258
0 0.000000 26.843720
0 0.000000 26.686596
0 0.000000 26.540624
0 0.000000 26.424476
0 0.000000 26.271306
0 0.000000 26.039408
0 0.000000 25.802193
0 0.000000 25.761079
0 0.000000 25.694039
0 0.000000 25.556448
0 0.000000 25.534412
0 0.000000 25.507540
0 0.000000 25.476595
0 0.000000 25.410247
0 0.000000 25.398942
0 0.000000 25.345802
0 0.000000 25.163013
0 0.000000 25.012137
0 0.000000 24.944836
0 0.000000 24.903483
0 0.000000 24.855958
0 0.000000 24.716747
0 0.000000 24.548827
0 0.000000 24.449097
0 0.000000 24.417562
0 0.000000 24.386243
0 0.000000 24.384818
0 0.000000 24.376631
0 0.000000 24.330507
0 0.000000 24.230422
0 0.000000 24.216982
0 0.000000 24.212390
0 0.000000 24.183618
0 0.000000 24.162841
0 0.000000 24.053352
0 0.000000 23.919454
0 0.000000 23.894280
0 0.000000 23.892529
0 0.000000 23.851809
0 0.000000 23.839303
0 0.000000 23.835554
0 0.000000 23.769132
0 0.000000 23.698970
0 0.000000 23.694715
0 0.000000 23.665053
0 0.000000 23.644587
0 0.000000 23.644430
0 0.000000 23.528809
0 0.000000 23.525241
0 0.000000 23.466397
0 0.000000 23.442414
0 0.000000 23.425834
0 0.000000 23.353578
0 0.000000 23.243560
0 0.000000 23.159078
0 0.000000 23.120141
0 0.000000 23.089784
0 0.000000 23.059443
0 0.000000 22.978003
0 0.000000 22.972307
0 0.000000 22.940066
0 0.000000 22.881511
0 0.000000 22.818700
0 0.000000 22.781439
0 0.000000 22.704702
0 0.000000 22.688787
0 0.000000 22.591903
0 0.000000 22.509759
0 0.000000 22.480384
0 0.000000 22.478910
0 0.000000 22.473909
0 0.000000 22.452029
0 0.000000 22.342562
0 0.000000 22.308372
0 0.000000 22.274372
0 0.000000 22.273188
0 0.000000 22.259020
0 0.000000 22.224961
0 0.000000 22.054582
0 0.000000 21.827767
0 0.000000 21.827372
0 0.000000 21.815730
0 0.000000 21.782249
0 0.000000 21.761902
0 0.000000 21.578798
0 0.000000 21.564510
0 0.000000 21.560826
0 0.000000 21.510851
0 0.000000 21.469430
0 0.000000 21.426348
0 0.000000 21.386266
0 0.000000 21.372023
0 0.000000 21.239335
0 0.000000 21.179205
0 0.000000 21.171462
0 0.000000 21.167566
0 0.000000 21.120190
0 0.000000 21.106623
0 0.000000 21.012193
0 0.000000 20.997331
0 0.000000 20.965278
0 0.000000 20.874925
0 0.000000 20.756310
0 0.000000 20.742156
0 0.000000 20.731604
0 0.000000 20.682549
0 0.000000 20.668265
0 0.000000 20.521553
0 0.000000 20.374119
0 0.000000 20.333427
0 0.000000 20.313190
0 0.000000 20.282332
0 0.000000 20.261677
0 0.000000 20.260796
0 0.000000 20.232771
0 0.000000 20.158314
0 0.000000 20.059738
0 0.000000 19.945557
0 0.000000 19.930200
0 0.000000 19.828022
0 0.000000 19.816137
0 0.000000 19.804210
0 0.000000 19.790616
0 0.000000 19.767289
0 0.000000 19.762800
0 0.000000 19.716607
0 0.000000 19.601453
0 0.000000 19.441292
0 0.000000 19.340006
0 0.000000 19.302247
0 0.000000 19.298183
0 0.000000 19.158334
0 0.000000 19.067358
0 0.000000 18.957986
0 0.000000 18.934572
0 0.000000 18.921143
0 0.000000 18.897369
0 0.000000 18.858740
0 0.000000 18.841408
0 0.000000 18.790184
0 0.000000 18.711116
0 0.000000 18.626478
0 0.000000 18.578460
0 0.000000 18.355211
0 0.000000 18.288877
0 0.000000 18.266330
0 0.000000 18.188695
0 0.000000 18.158835
0 0.000000 18.045523
0 0.000000 17.980761
0 0.000000 17.949731
0 0.000000 17.918550
0 0.000000 17.899980
0 0.000000 17.839423
0 0.000000 17.660248
0 0.000000 17.577252
0 0.000000 17.430631
0 0.000000 17.326974
0 0.000000 17.295048
0 0.000000 17.242919
0 0.000000 17.227289
0 0.000000 17.192610
0 0.000000 16.935562
0 0.000000 16.905619
0 0.000000 16.759036
0 0.000000 16.735879
0 0.000000 16.546130
0 0.000000 15.772220
0 0.000000 15.491094
0 0.000000 15.403130
0 0.000000 15.003918
0 0.000000 14.785150
0 0.000000 14.406758
0 0.000000 14.185655
0 0.000000 13.963310
