1 19.767819 inf
1 20.118504 33.985158
1 26.635692 39.410596
1 20.570953 33.306999
1 24.326655 36.186622
1 19.082218 30.412911
1 16.964756 27.669139
1 21.809613 32.478775
1 20.718187 31.133981
1 22.934756 33.019480
1 18.964739 28.579203
1 20.534450 29.869946
1 20.649742 29.571433
1 20.867561 29.682753
1 21.194909 29.860066
1 18.970445 27.562346
1 22.902795 31.397898
1 20.127403 28.375313
1 20.851506 29.078886
1 20.896671 29.108955
1 21.670861 29.770293
1 21.008112 29.099956
1 21.554479 29.389609
1 21.316704 28.869181
1 20.671676 28.082746
1 22.553874 29.713614
1 22.678954 29.666143
1 26.921990 33.716503
1 23.464127 30.224497
1 22.310181 28.848526
1 24.334205 30.730392
1 19.251186 25.639427
1 20.527904 26.891488
1 18.203500 24.554258
1 21.972395 28.305037
1 21.675385 27.824705
1 17.906840 23.966088
1 22.347612 27.833903
1 22.682163 28.121085
1 21.543076 26.964465
1 19.620330 25.007831
1 20.744554 26.031389
1 19.925493 25.197410
1 23.109907 28.124047
1 29.779100 34.549382
1 19.322044 23.939258
1 18.828916 23.336646
1 21.555303 26.035754
1 21.050362 25.530221
1 32.352490 36.808185
1 22.694047 27.018624
1 33.124639 37.429701
1 19.272820 23.551453
1 20.536549 24.792861
1 20.287092 24.529854
1 23.512851 27.613615
1 22.116199 26.147615
1 20.276764 24.247607
1 19.658531 23.621270
1 19.483988 23.422092
1 22.162546 26.081414
1 30.946465 34.807912
1 24.605574 28.433287
1 20.529873 24.288538
1 22.355509 26.111292
1 23.582738 27.329036
1 27.784075 31.517596
1 28.489324 32.211068
1 21.245698 24.923657
1 23.450258 26.987761
1 20.990972 24.418391
1 24.986958 28.352313
1 33.671957 36.986663
1 22.447780 25.740167
1 25.147953 28.394973
1 23.589966 26.814396
1 25.990454 29.203659
1 22.855144 26.022030
1 28.433587 31.552675
1 23.182467 26.233900
1 22.311678 25.342082
1 21.502586 24.445204
1 33.911869 36.670170
1 22.126687 24.871783
1 21.105396 23.815150
1 25.544514 28.185195
1 22.074560 24.687081
1 23.843311 26.441327
1 19.082020 21.635879
1 21.749496 24.234668
1 21.140372 23.605859
1 23.190388 25.653926
1 27.822709 30.266365
1 23.013977 25.452117
1 23.974533 26.298685
1 20.513226 22.724353
1 19.832892 22.039601
1 28.610598 30.807279
1 24.840240 26.908813
1 20.042681 22.079294
1 21.735032 23.761938
1 28.459922 30.464911
1 22.582092 24.568608
1 20.690329 22.668448
1 23.629479 25.604122
1 19.139084 21.099492
1 29.742949 31.684827
1 27.162449 29.092954
1 23.895627 25.798000
1 22.991038 24.885344
1 27.849269 29.696709
1 26.962879 28.788018
1 20.666553 22.479733
1 28.488625 30.277561
1 23.925167 25.708198
1 24.192425 25.948753
1 23.794024 25.524992
1 20.684365 22.412387
1 21.085249 22.804483
1 23.396825 25.097249
1 25.821319 27.520876
1 27.730609 29.370697
1 21.175274 22.751774
1 23.527765 25.094359
1 25.128692 26.660275
1 18.676250 20.176221
1 21.512549 22.941089
1 19.890601 21.309328
1 24.978581 26.367012
1 26.392681 27.778659
1 35.842911 37.214646
1 23.543581 24.899055
1 32.142939 33.495799
1 21.593970 22.906874
1 21.254819 22.562144
1 27.334794 28.623868
1 25.354744 26.634027
1 23.245177 24.501558
1 15.265790 16.505765
1 24.789366 26.027225
1 20.870228 22.048680
1 26.833183 28.006973
1 25.917969 27.066240
1 25.742331 26.885438
1 34.583295 35.716700
1 24.729559 25.853295
1 24.422705 25.541935
1 23.097745 24.212012
1 31.637755 32.742383
1 23.492670 24.581258
1 27.860922 28.918309
1 22.698660 23.739672
1 23.698383 24.718078
1 24.367193 25.353773
1 21.779055 22.755420
1 29.736170 30.708920
1 20.033859 21.005480
1 22.386380 23.352982
1 22.210220 23.170416
1 23.892165 24.783457
1 23.745217 24.615577
1 25.314877 26.178193
1 22.285319 23.136834
1 26.057303 26.866906
1 23.803750 24.587381
1 25.267010 26.041074
1 24.452695 25.221816
1 20.664945 21.424027
1 15.615751 16.369773
1 25.521483 26.238903
1 22.556549 23.267445
1 23.046839 23.716959
1 24.766360 25.432757
1 24.879862 25.545879
1 23.489541 24.150152
1 22.149389 22.770583
1 25.916797 26.536877
1 20.930387 21.543163
1 25.630455 26.237767
1 19.074441 19.659761
1 25.751135 26.330783
1 34.209333 34.786220
1 23.383764 23.952930
1 25.327036 25.875396
1 22.363705 22.905494
1 19.514084 20.027210
1 23.017848 23.516674
1 17.919585 18.402544
1 23.525841 24.003470
1 24.888652 25.357347
1 20.153966 20.612618
1 26.939724 27.392892
1 35.744356 36.189134
1 25.829684 26.265170
1 26.959496 27.368267
1 22.746536 23.153689
1 21.022043 21.424062
1 26.383926 26.783620
1 21.253734 21.649588
1 23.301670 23.697058
1 28.355929 28.739075
1 36.620152 36.995156
1 36.680547 37.052005
1 24.993096 25.349993
1 24.954834 25.303735
1 25.799456 26.147268
1 22.540359 22.887015
1 28.899314 29.245772
1 23.395761 23.740431
1 19.368570 19.712231
1 23.451186 23.790718
1 24.300483 24.634799
1 25.983852 26.309402
1 32.388201 32.711092
1 26.886481 27.201437
1 30.984649 31.299549
1 34.137994 34.425773
1 36.044776 36.326696
1 23.966521 24.244789
1 31.343385 31.620575
1 25.066517 25.336600
1 23.254123 23.523469
1 28.544983 28.810764
1 27.476432 27.731071
1 26.864811 27.106076
1 24.688740 24.928237
1 26.212710 26.446700
1 24.922095 25.155373
1 24.348225 24.574153
1 26.744379 26.969108
1 27.381237 27.598646
1 24.428324 24.639103
1 26.513432 26.716483
1 24.670474 24.873378
1 24.465737 24.657772
1 30.960789 31.152138
1 34.109109 34.288318
1 25.049642 25.220460
1 23.646541 23.815385
1 21.912440 22.069917
1 28.534477 28.690412
1 29.189337 29.342850
1 18.513890 18.658856
1 27.454478 27.598863
1 30.873692 31.001238
1 21.415575 21.539053
1 30.000562 30.123787
1 28.888199 29.007590
1 30.045393 30.162836
1 29.260260 29.376424
1 30.257959 30.363496
1 28.972719 29.077660
1 23.426889 23.527478
1 20.990173 21.089224
1 22.538564 22.635773
1 27.304467 27.390423
1 23.622543 23.708288
1 27.875709 27.957650
1 27.455305 27.535697
1 26.751346 26.826532
1 38.309757 38.384680
1 23.505784 23.577642
1 28.549185 28.620936
1 26.469372 26.539617
1 23.625707 23.693934
1 27.579562 27.646514
1 19.506364 19.568251
1 24.217498 24.277121
1 26.731422 26.790821
1 23.156632 23.213861
1 27.059490 27.116513
1 27.218123 27.271124
1 22.964244 23.014995
1 22.737528 22.778811
1 28.714237 28.753989
1 25.398538 25.436919
1 27.615793 27.653128
1 28.980108 29.015420
1 23.325168 23.358972
1 22.921095 22.954778
1 26.420618 26.450724
1 28.009787 28.038120
1 24.423812 24.449088
1 25.296063 25.318108
1 32.917670 32.934575
1 23.093544 23.106102
1 33.022350 33.033699
1 29.809368 29.819431
1 22.691110 22.701027
1 27.298440 27.308291
1 30.052477 30.059892
1 29.320552 29.327700
1 28.106916 28.114012
1 29.703705 29.710546
1 26.360641 26.367472
1 28.535278 28.541881
1 33.539023 33.545159
1 26.062810 26.067820
1 26.232296 26.236227
1 29.249783 29.252228
1 28.310028 28.312044
1 27.931230 27.933180
1 27.133222 27.134948
1 27.655466 27.656681
1 25.516137 25.517307
1 30.709742 30.710497
1 23.480412 23.481032
1 28.733315 28.733785
1 20.174005 20.174412
1 22.497149 22.497549
1 30.059616 30.059833
1 29.073927 29.073941
1 29.713065 29.713071
0 0.000000 inf
0 0.000000 26.416412
0 0.000000 23.673496
0 0.000000 22.729092
0 0.000000 22.661493
0 0.000000 22.560635
0 0.000000 22.468217
0 0.000000 21.972013
0 0.000000 21.773586
0 0.000000 21.755474
0 0.000000 21.610807
0 0.000000 21.562529
0 0.000000 21.411941
0 0.000000 21.304991
0 0.000000 21.027522
0 0.000000 20.840705
0 0.000000 20.790525
0 0.000000 20.712075
0 0.000000 20.626776
0 0.000000 20.565543
0 0.000000 20.539689
0 0.000000 20.409106
0 0.000000 20.356416
0 0.000000 20.294200
0 0.000000 20.232290
0 0.000000 20.198146
0 0.000000 20.185525
0 0.000000 20.062225
0 0.000000 20.041221
0 0.000000 20.031198
0 0.000000 19.966972
0 0.000000 19.951351
0 0.000000 19.948687
0 0.000000 19.918633
0 0.000000 19.875501
0 0.000000 19.841488
0 0.000000 19.800939
0 0.000000 19.796932
0 0.000000 19.773446
0 0.000000 19.686408
0 0.000000 19.685982
0 0.000000 19.647057
0 0.000000 19.639506
0 0.000000 19.633077
0 0.000000 19.546439
0 0.000000 19.543322
0 0.000000 19.481717
0 0.000000 19.437612
0 0.000000 19.437564
0 0.000000 19.403351
0 0.000000 19.329880
0 0.000000 19.299149
0 0.000000 19.279289
0 0.000000 19.271868
0 0.000000 19.165017
0 0.000000 19.112652
0 0.000000 18.939925
0 0.000000 18.916656
0 0.000000 18.876260
0 0.000000 18.866679
0 0.000000 18.843511
0 0.000000 18.748474
0 0.000000 18.632915
0 0.000000 18.625433
0 0.000000 18.625302
0 0.000000 18.517236
0 0.000000 18.515821
0 0.000000 18.498543
0 0.000000 18.478890
0 0.000000 18.473611
0 0.000000 18.441110
0 0.000000 18.412840
0 0.000000 18.384851
0 0.000000 18.350530
0 0.000000 18.335759
0 0.000000 18.259996
0 0.000000 18.245076
0 0.000000 18.137303
0 0.000000 18.010998
0 0.000000 17.990120
0 0.000000 17.978816
0 0.000000 17.951712
0 0.000000 17.917856
0 0.000000 17.901195
0 0.000000 17.881241
0 0.000000 17.771500
0 0.000000 17.770919
0 0.000000 17.661684
0 0.000000 17.661248
0 0.000000 17.648941
0 0.000000 17.643203
0 0.000000 17.586898
0 0.000000 17.495332
0 0.000000 17.363010
0 0.000000 17.358004
0 0.000000 17.355981
0 0.000000 17.329040
0 0.000000 17.302554
0 0.000000 17.246147
0 0.000000 17.245612
0 0.000000 17.217366
0 0.000000 17.196095
0 0.000000 17.189069
0 0.000000 17.079728
0 0.000000 17.071568
0 0.000000 17.041669
0 0.000000 17.035437
0 0.000000 17.025259
0 0.000000 16.988279
0 0.000000 16.987731
0 0.000000 16.958033
0 0.000000 16.902045
0 0.000000 16.657686
0 0.000000 16.636797
0 0.000000 16.545153
0 0.000000 16.514671
0 0.000000 16.496961
0 0.000000 16.459534
0 0.000000 16.448197
0 0.000000 16.447800
0 0.000000 16.391715
0 0.000000 16.383756
0 0.000000 16.265304
0 0.000000 16.063254
0 0.000000 16.022706
0 0.000000 16.014885
0 0.000000 15.970081
0 0.000000 15.930313
0 0.000000 15.908221
0 0.000000 15.788769
0 0.000000 15.607851
0 0.000000 15.579172
0 0.000000 15.479681
0 0.000000 15.451052
0 0.000000 15.444210
0 0.000000 15.422289
0 0.000000 15.388611
0 0.000000 15.319978
0 0.000000 15.306101
0 0.000000 15.210837
0 0.000000 15.164078
0 0.000000 15.140449
0 0.000000 15.117460
0 0.000000 15.093789
0 0.000000 14.969939
0 0.000000 14.926187
0 0.000000 14.855139
0 0.000000 14.741939
0 0.000000 14.715707
0 0.000000 14.561556
0 0.000000 14.510192
0 0.000000 14.455419
0 0.000000 14.418038
0 0.000000 14.366566
0 0.000000 14.316182
0 0.000000 14.239841
0 0.000000 14.193750
0 0.000000 14.115311
0 0.000000 14.055989
0 0.000000 14.026368
0 0.000000 14.004413
0 0.000000 13.870269
0 0.000000 13.839907
0 0.000000 13.783348
0 0.000000 13.530283
0 0.000000 13.520462
0 0.000000 13.512316
0 0.000000 13.378248
0 0.000000 13.347734
0 0.000000 13.334800
0 0.000000 13.302618
0 0.000000 13.180842
0 0.000000 12.913843
0 0.000000 12.908558
0 0.000000 12.756732
0 0.000000 12.718850
0 0.000000 12.605472
0 0.000000 12.592408
0 0.000000 12.585473
0 0.000000 12.394728
0 0.000000 12.086947
0 0.000000 12.045055
0 0.000000 11.921502
0 0.000000 11.918286
0 0.000000 11.664653
0 0.000000 11.591632
0 0.000000 10.497023
