1 33.832658 inf
1 24.601696 40.995679
1 23.281587 39.265681
1 27.952334 43.483963
1 24.553344 38.341403
1 25.570550 38.740479
1 24.373385 37.086131
1 26.865955 39.109220
1 24.360210 36.448768
1 23.209187 35.286397
1 25.112967 37.037961
1 27.314497 38.769103
1 27.383988 38.815416
1 25.623972 36.937825
1 26.834369 37.970570
1 26.479075 37.508878
1 27.678720 38.550441
1 29.941001 40.763520
1 25.692197 36.186158
1 27.563092 37.477805
1 24.819403 34.418377
1 23.225238 32.144593
1 25.721107 34.628991
1 29.345377 38.200078
1 26.140726 34.839299
1 26.681524 34.721762
1 32.165736 40.191550
1 29.333466 36.838118
1 26.992507 34.354751
1 22.412817 29.743758
1 27.554719 34.857298
1 24.773640 32.051898
1 22.203174 29.123845
1 24.974541 31.890205
1 22.641257 29.488468
1 26.080334 32.918668
1 26.472864 33.178323
1 26.790841 33.154130
1 24.268403 30.468756
1 25.006985 31.110463
1 28.368167 34.435045
1 25.925615 31.818291
1 28.591443 34.406586
1 31.221982 36.957087
1 24.539934 30.191962
1 35.051427 40.585463
1 26.425777 31.826096
1 26.484659 31.871316
1 33.704695 39.085070
1 26.727561 32.079955
1 24.674309 29.997341
1 25.346562 30.503964
1 31.673052 36.810560
1 28.341333 33.223938
1 24.147787 28.983208
1 26.740547 31.538894
1 29.421215 34.172400
1 26.478426 31.117590
1 24.511104 29.143453
1 27.791746 32.411791
1 26.574528 31.115081
1 27.092262 31.551928
1 29.142597 33.599500
1 25.046521 29.466403
1 23.477881 27.815415
1 20.896332 25.199317
1 24.993169 29.081483
1 22.650194 26.687232
1 25.234857 29.246698
1 28.733929 32.734868
1 29.769565 33.692825
1 33.389358 37.171447
1 22.626478 26.406572
1 27.264722 31.019936
1 24.815698 28.523742
1 23.422349 27.105440
1 34.258577 37.899918
1 24.737040 28.346093
1 27.415256 31.001184
1 31.601016 35.172711
1 37.150085 40.606006
1 24.677303 28.119641
1 29.327518 32.742879
1 24.804759 28.177205
1 23.434847 26.562150
1 28.104121 31.181903
1 32.986530 35.964157
1 21.569829 24.477304
1 28.517742 31.418486
1 31.092150 33.992648
1 29.963952 32.861673
1 33.641580 36.517276
1 27.967890 30.784193
1 21.930553 24.711278
1 22.025170 24.674184
1 29.647809 32.249237
1 25.601856 28.181561
1 31.457401 34.017052
1 22.576922 25.112931
1 26.994703 29.528921
1 27.346096 29.762659
1 27.883357 30.265830
1 40.705204 43.066826
1 23.623464 25.930144
1 28.065738 30.368245
1 27.556651 29.848432
1 24.533310 26.819171
1 24.913335 27.197302
1 22.419367 24.698025
1 24.424105 26.679597
1 30.697865 32.910570
1 24.669206 26.860725
1 25.275951 27.438140
1 33.314617 35.473554
1 34.705917 36.858072
1 19.620049 21.752626
1 25.588249 27.704966
1 27.656046 29.702817
1 26.446000 28.471230
1 26.553293 28.536973
1 27.995470 29.969769
1 27.318010 29.281456
1 22.327764 24.269409
1 25.283568 27.177415
1 25.619487 27.511131
1 24.968838 26.848689
1 27.717600 29.594513
1 27.256305 29.115713
1 30.216852 32.070085
1 27.628256 29.462940
1 24.345315 26.152844
1 26.004927 27.769364
1 31.034897 32.791174
1 27.122654 28.861538
1 27.262667 28.990526
1 28.702982 30.402647
1 27.268719 28.967392
1 21.181517 22.870167
1 23.460092 25.139845
1 28.240453 29.907285
1 38.511236 40.126679
1 22.298863 23.902063
1 25.589938 27.185321
1 23.648913 25.227314
1 27.983846 29.523872
1 29.140510 30.650393
1 32.294183 33.798145
1 31.289440 32.757257
1 35.329968 36.773326
1 24.349620 25.768599
1 29.074349 30.470736
1 36.243862 37.639585
1 40.267535 41.626091
1 27.149920 28.502212
1 24.541476 25.850996
1 31.825952 33.123253
1 30.010212 31.305118
1 22.774563 24.046647
1 23.510911 24.735999
1 23.010714 24.218256
1 28.541832 29.739948
1 28.808114 29.964075
1 33.735855 34.890325
1 27.993307 29.140824
1 35.762794 36.883220
1 30.348852 31.428561
1 28.518424 29.579114
1 22.158947 23.215348
1 29.756976 30.754845
1 34.404894 35.388362
1 29.081940 30.062578
1 25.687090 26.656728
1 27.277768 28.246891
1 37.502286 38.468361
1 28.148793 29.093827
1 32.673186 33.610916
1 32.481069 33.415765
1 34.913665 35.845026
1 24.169772 25.099146
1 21.159835 22.070616
1 34.615932 35.513999
1 20.621571 21.486360
1 28.460815 29.303920
1 37.015379 37.843369
1 25.066232 25.890506
1 30.001251 30.814389
1 30.327283 31.137996
1 21.853068 22.654743
1 31.439209 32.238483
1 26.652798 27.432366
1 31.011765 31.787559
1 31.662059 32.421295
1 33.141337 33.880482
1 29.546321 30.278281
1 26.625391 27.345058
1 30.636007 31.354260
1 32.987108 33.703924
1 29.442663 30.149970
1 23.746791 24.436703
1 40.926772 41.613478
1 29.637980 30.308894
1 33.232413 33.899556
1 30.647861 31.308664
1 37.697993 38.351677
1 22.240504 22.854407
1 31.102096 31.684959
1 34.072060 34.643088
1 29.471602 30.033843
1 21.763959 22.321356
1 36.682753 37.227884
1 30.781351 31.321077
1 33.846339 34.374980
1 35.893250 36.413784
1 29.479890 29.996072
1 34.711968 35.223450
1 28.476278 28.974925
1 28.111951 28.600174
1 33.197909 33.674057
1 37.513931 37.985734
1 26.846724 27.308042
1 27.802983 28.260875
1 30.248900 30.705496
1 23.532034 23.987150
1 26.199792 26.650457
1 31.461199 31.905750
1 26.976735 27.411207
1 37.943655 38.358138
1 30.351711 30.755427
1 26.473314 26.873193
1 36.368358 36.765242
1 23.463824 23.859777
1 26.513722 26.890872
1 28.963501 29.320677
1 27.299859 27.652492
1 28.268974 28.617510
1 37.085984 37.412724
1 31.446340 31.766423
1 32.701448 33.015774
1 36.701741 37.013876
1 23.689443 23.987640
1 36.180625 36.477421
1 28.085956 28.374879
1 32.566231 32.836832
1 30.669785 30.937419
1 35.791205 36.058468
1 29.500059 29.765848
1 36.648608 36.909159
1 28.620262 28.879894
1 32.084787 32.344226
1 27.480944 27.737125
1 34.008328 34.239361
1 34.682865 34.912412
1 24.987980 25.204961
1 27.807073 28.023038
1 34.485306 34.700381
1 29.467933 29.682626
1 33.096092 33.309226
1 33.575241 33.782193
1 32.014955 32.220921
1 34.705446 34.887405
1 39.011340 39.175977
1 29.961976 30.123452
1 28.222202 28.368993
1 37.549002 37.690447
1 33.529306 33.662460
1 30.909820 31.042020
1 33.568185 33.696909
1 33.596609 33.717448
1 35.743211 35.859765
1 31.663333 31.773324
1 28.295361 28.405153
1 38.788171 38.894528
1 31.014192 31.116306
1 25.252451 25.349484
1 30.699359 30.789908
1 25.720510 25.802182
1 34.083746 34.165132
1 33.859030 33.920395
1 26.206262 26.265015
1 28.250749 28.307736
1 38.214764 38.264748
1 37.426406 37.475442
1 30.787968 30.835794
1 38.538070 38.584128
1 27.984847 28.028949
1 27.413975 27.451206
1 36.940701 36.964387
1 31.815831 31.838055
1 25.206915 25.226412
1 34.323589 34.342510
1 35.765824 35.784336
1 31.765173 31.778981
1 30.172045 30.185820
1 27.193669 27.206817
1 27.087943 27.100730
1 27.010798 27.023388
1 38.860957 38.872233
1 34.161343 34.172021
1 36.768837 36.777893
1 36.813132 36.821257
1 28.488395 28.495259
1 29.104913 29.111563
1 30.091680 30.098171
1 31.015004 31.021016
1 28.138039 28.143777
1 32.541373 32.546995
1 28.647954 28.653504
1 28.538490 28.543538
1 36.358034 36.362921
1 23.694724 23.698836
1 30.977020 30.980802
1 26.438368 26.440643
1 30.940362 30.942258
1 35.221204 35.222928
1 33.152239 33.153831
1 38.742813 38.744368
1 27.344045 27.344333
1 28.752257 28.752395
0 0.000000 inf
0 0.000000 33.201318
0 0.000000 31.276046
0 0.000000 27.533958
0 0.000000 27.396858
0 0.000000 26.838716
0 0.000000 26.362222
0 0.000000 26.209106
0 0.000000 26.162495
0 0.000000 25.582528
0 0.000000 25.377128
0 0.000000 25.292407
0 0.000000 25.271434
0 0.000000 25.261893
0 0.000000 25.132036
0 0.000000 25.052811
0 0.000000 24.987888
0 0.000000 24.835337
0 0.000000 24.826033
0 0.000000 24.717706
0 0.000000 24.717059
0 0.000000 24.678254
0 0.000000 24.532968
0 0.000000 24.492151
0 0.000000 24.387858
0 0.000000 24.324217
0 0.000000 24.288281
0 0.000000 24.193783
0 0.000000 23.938153
0 0.000000 23.876750
0 0.000000 23.861208
0 0.000000 23.816573
0 0.000000 23.811593
0 0.000000 23.808411
0 0.000000 23.651065
0 0.000000 23.646413
0 0.000000 23.636688
0 0.000000 23.623390
0 0.000000 23.609455
0 0.000000 23.556045
0 0.000000 23.201169
0 0.000000 23.158998
0 0.000000 23.114809
0 0.000000 23.092583
0 0.000000 23.088237
0 0.000000 23.002482
0 0.000000 22.996211
0 0.000000 22.994537
0 0.000000 22.942274
0 0.000000 22.941391
0 0.000000 22.893722
0 0.000000 22.846654
0 0.000000 22.808466
0 0.000000 22.761033
0 0.000000 22.698053
0 0.000000 22.587555
0 0.000000 22.583122
0 0.000000 22.566416
0 0.000000 22.545222
0 0.000000 22.526305
0 0.000000 22.511509
0 0.000000 22.424043
0 0.000000 22.420245
0 0.000000 22.396453
0 0.000000 22.382282
0 0.000000 22.379039
0 0.000000 22.318279
0 0.000000 22.286776
0 0.000000 22.210964
0 0.000000 22.195626
0 0.000000 22.158880
0 0.000000 21.960167
0 0.000000 21.956371
0 0.000000 21.926266
0 0.000000 21.882290
0 0.000000 21.881551
0 0.000000 21.835163
0 0.000000 21.800042
0 0.000000 21.725163
0 0.000000 21.719520
0 0.000000 21.717435
0 0.000000 21.707144
0 0.000000 21.687480
0 0.000000 21.668321
0 0.000000 21.638810
0 0.000000 21.571866
0 0.000000 21.565382
0 0.000000 21.542301
0 0.000000 21.485921
0 0.000000 21.409881
0 0.000000 21.182112
0 0.000000 21.174818
0 0.000000 21.120950
0 0.000000 21.033128
0 0.000000 20.933454
0 0.000000 20.920977
0 0.000000 20.820081
0 0.000000 20.779740
0 0.000000 20.752740
0 0.000000 20.638226
0 0.000000 20.607287
0 0.000000 20.605711
0 0.000000 20.553575
0 0.000000 20.475787
0 0.000000 20.417170
0 0.000000 20.393975
0 0.000000 20.371132
0 0.000000 20.340883
0 0.000000 20.263852
0 0.000000 20.169540
0 0.000000 20.160270
0 0.000000 20.093771
0 0.000000 20.040785
0 0.000000 19.929325
0 0.000000 19.878326
0 0.000000 19.860215
0 0.000000 19.858808
0 0.000000 19.822522
0 0.000000 19.813834
0 0.000000 19.641195
0 0.000000 19.635413
0 0.000000 19.631288
0 0.000000 19.587958
0 0.000000 19.562125
0 0.000000 19.437882
0 0.000000 19.380657
0 0.000000 19.347344
0 0.000000 19.339874
0 0.000000 19.336720
0 0.000000 19.275473
0 0.000000 19.204566
0 0.000000 19.200659
0 0.000000 19.188271
0 0.000000 19.161308
0 0.000000 19.150577
0 0.000000 19.134189
0 0.000000 19.111619
0 0.000000 19.110727
0 0.000000 18.728135
0 0.000000 18.614897
0 0.000000 18.444132
0 0.000000 18.436454
0 0.000000 18.283839
0 0.000000 18.259207
0 0.000000 18.193896
0 0.000000 18.191420
0 0.000000 18.171348
0 0.000000 18.035892
0 0.000000 18.015791
0 0.000000 17.982579
0 0.000000 17.952097
0 0.000000 17.853926
0 0.000000 17.811937
0 0.000000 17.684007
0 0.000000 17.623889
0 0.000000 17.560881
0 0.000000 17.314397
0 0.000000 17.242698
0 0.000000 17.234106
0 0.000000 17.121768
0 0.000000 17.094799
0 0.000000 17.060742
0 0.000000 17.048852
0 0.000000 17.026687
0 0.000000 16.764647
0 0.000000 16.745722
0 0.000000 16.714529
0 0.000000 16.193638
0 0.000000 15.797178
0 0.000000 15.655169
0 0.000000 15.609981
0 0.000000 15.208188
0 0.000000 15.021478
0 0.000000 14.955812
0 0.000000 14.917447
0 0.000000 14.666638
0 0.000000 14.526797
0 0.000000 14.397239
0 0.000000 14.314598
0 0.000000 14.290100
0 0.000000 14.186643
0 0.000000 13.887831
0 0.000000 13.564725
0 0.000000 12.831244
0 0.000000 12.638659
0 0.000000 11.938003
0 0.000000 11.891445
