1 20.064191 32.797494
1 21.528455 32.139766
1 17.764467 28.132294
1 19.879928 29.994160
1 19.108574 29.186163
1 20.882665 30.454436
1 21.166755 30.252930
1 19.535698 28.506705
1 19.014451 27.728360
1 18.660259 27.221048
1 20.991660 29.551363
1 17.785819 26.146225
1 23.301057 31.560429
1 20.385126 28.554444
1 20.393232 28.043299
1 18.935534 26.573700
1 16.659215 24.217773
1 19.499152 26.865842
1 20.176994 27.501422
1 18.968915 26.276824
1 19.970681 27.217212
1 19.864964 27.064559
1 21.066698 27.881940
1 21.290942 27.928429
1 20.191788 26.810756
1 21.348194 27.734969
1 22.708098 28.888136
1 19.675805 25.825540
1 20.388328 26.285621
1 20.233111 26.115220
1 21.743520 27.419791
1 20.351388 25.890263
1 16.860569 22.163636
1 25.453714 30.600384
1 22.039237 27.117405
1 20.758303 25.739549
1 18.600366 23.410944
1 20.602603 25.409602
1 21.269288 26.058138
1 17.234709 21.882912
1 20.960232 25.604652
1 20.042562 24.593784
1 22.575414 27.124080
1 18.857108 23.351227
1 21.628080 26.115189
1 20.626924 25.002684
1 19.551663 23.911140
1 19.605099 23.906088
1 16.075932 20.367139
1 14.819227 19.107038
1 16.711220 20.856440
1 19.709977 23.795560
1 21.433974 25.494671
1 20.478319 24.501477
1 17.502324 21.523335
1 25.059847 28.817078
1 20.490347 24.172680
1 20.481217 24.156078
1 24.869796 28.464533
1 21.088612 24.663437
1 24.864084 28.378320
1 19.513472 23.017190
1 19.909628 23.160964
1 25.476519 28.710456
1 16.973509 20.162767
1 17.780604 20.898426
1 22.127861 25.189724
1 21.557361 24.577355
1 20.278098 23.260718
1 23.603329 26.489499
1 20.604524 23.483528
1 20.351143 23.024275
1 21.336637 23.925659
1 23.587549 26.168712
1 17.939053 20.518173
1 20.678783 23.179125
1 21.850800 24.337626
1 20.952584 23.421150
1 22.241638 24.708926
1 17.398626 19.837258
1 19.377037 21.771072
1 26.027969 28.421108
1 20.582595 22.920695
1 18.762311 21.035918
1 19.661822 21.934244
1 18.325025 20.572395
1 25.863917 28.095316
1 19.466401 21.672498
1 21.469956 23.653031
1 16.504979 18.652384
1 19.135367 21.268235
1 16.281086 18.398619
1 21.877189 23.982571
1 22.996355 25.097789
1 22.808668 24.884522
1 28.837419 30.911856
1 19.335458 21.404315
1 22.856494 24.920425
1 26.266378 28.302482
1 24.799329 26.798661
1 21.702199 23.642808
1 19.070411 20.999685
1 19.699890 21.623893
1 22.750578 24.627467
1 20.927270 22.793405
1 20.620655 22.465694
1 17.063896 18.905650
1 20.937224 22.760821
1 19.984179 21.801311
1 22.222810 24.030194
1 29.947224 31.753130
1 22.990179 24.771609
1 21.151422 22.926488
1 22.720697 24.420910
1 16.806445 18.501770
1 25.627731 27.234470
1 15.239673 16.803243
1 20.213570 21.747818
1 17.891433 19.413528
1 17.667137 19.182716
1 22.463940 23.973194
1 21.892034 23.376732
1 24.336284 25.818030
1 24.575537 26.056375
1 22.915014 24.391501
1 22.122117 23.590321
1 27.064336 28.508475
1 16.683811 18.108322
1 20.933085 22.339146
1 21.461132 22.859562
1 20.088389 21.482170
1 22.798734 24.191685
1 22.009047 23.399296
1 21.285552 22.675134
1 27.002801 28.387778
1 19.385832 20.759062
1 17.402370 18.767776
1 29.223315 30.580298
1 16.972122 18.321196
1 16.056853 17.403943
1 25.221970 26.537322
1 19.933330 21.244134
1 18.356153 19.664423
1 20.967853 22.254361
1 22.638335 23.917493
1 22.057031 23.329847
1 22.921867 24.186205
1 22.888657 24.151869
1 20.770056 22.025751
1 22.846789 24.100685
1 19.281119 20.527279
1 19.545854 20.782274
1 22.558767 23.791771
1 23.172812 24.379350
1 19.137237 20.335335
1 22.334688 23.523166
1 21.823534 23.008649
1 24.301009 25.455547
1 26.064488 27.214901
1 24.432439 25.562950
1 20.295220 21.422064
1 21.354699 22.477485
1 19.153588 20.268795
1 24.832482 25.946589
1 23.722036 24.780832
1 17.957889 19.015465
1 19.242199 20.285737
1 23.251931 24.289259
1 23.515269 24.534030
1 22.683802 23.702430
1 23.799525 24.812485
1 19.115855 20.126767
1 22.585252 23.575670
1 26.884250 27.874616
1 22.002403 22.987276
1 23.027630 23.969097
1 28.578141 29.512241
1 24.971156 25.872067
1 24.012061 24.910848
1 19.998690 20.854447
1 23.844073 24.695059
1 22.755140 23.602602
1 24.604377 25.447943
1 28.833416 29.670807
1 22.120538 22.955905
1 15.452203 16.285641
1 19.134921 19.965046
1 21.759290 22.584192
1 22.031960 22.849534
1 18.782632 19.577747
1 27.392796 28.141544
1 21.453140 22.199957
1 20.537767 21.279029
1 27.507074 28.244637
1 23.493290 24.166672
1 19.257132 19.917843
1 23.353274 24.010959
1 23.110021 23.759865
1 20.158516 20.793238
1 19.097103 19.711472
1 19.824439 20.436498
1 27.537287 28.115271
1 20.183228 20.758003
1 22.470837 23.039142
1 17.575349 18.139822
1 19.428612 19.991254
1 26.924551 27.482253
1 21.484726 22.034627
1 22.055260 22.604726
1 20.707014 21.250920
1 24.932435 25.464592
1 24.284817 24.789838
1 26.385768 26.866809
1 18.939973 19.409359
1 30.051293 30.518757
1 25.705469 26.171849
1 21.592479 22.054967
1 25.890627 26.352532
1 20.232151 20.677647
1 24.198520 24.643298
1 27.013235 27.456312
1 22.052397 22.478177
1 18.755374 19.174496
1 21.735037 22.139066
1 28.282327 28.684066
1 20.353095 20.722925
1 22.406470 22.771319
1 23.177643 23.541983
1 27.666216 28.022553
1 26.236069 26.590622
1 21.137621 21.491598
1 27.361515 27.707021
1 21.012131 21.343827
1 19.433512 19.765063
1 22.153009 22.481323
1 22.735374 23.051277
1 26.118467 26.430533
1 23.169679 23.458013
1 23.647723 23.926708
1 23.508672 23.778340
1 24.982900 25.248112
1 26.246787 26.510698
1 27.233677 27.496747
1 20.679336 20.940005
1 29.018607 29.278494
1 26.237735 26.495981
1 24.612583 24.865712
1 26.199265 26.442034
1 22.657501 22.899899
1 24.565674 24.799361
1 20.283343 20.507774
1 19.292416 19.513739
1 22.630536 22.851512
1 26.898177 27.113209
1 27.172842 27.382029
1 24.305257 24.513378
1 26.768407 26.970627
1 24.347756 24.548724
1 20.399736 20.599335
1 26.249821 26.435600
1 24.334034 24.511499
1 25.463417 25.629134
1 25.904556 26.070251
1 27.670911 27.828036
1 20.071712 20.223435
1 22.476984 22.624632
1 22.894961 23.042519
1 27.140232 27.268434
1 27.768836 27.896890
1 26.885481 27.005834
1 18.563897 18.683602
1 28.156605 28.270699
1 25.920323 26.029893
1 19.880739 19.980055
1 27.056031 27.150771
1 25.729405 25.821554
1 20.193976 20.269572
1 21.489294 21.563554
1 23.467142 23.538142
1 23.037271 23.107561
1 22.850232 22.906551
1 22.305411 22.360544
1 25.425095 25.468486
1 26.748403 26.791267
1 19.902422 19.944240
1 25.038092 25.079127
1 25.759623 25.796486
1 25.077920 25.114718
1 28.703583 28.735949
1 27.653707 27.684708
1 25.854438 25.881868
1 28.781739 28.807375
1 31.050746 31.073869
1 24.309664 24.329825
1 21.421851 21.440325
1 27.341206 27.358925
1 28.357981 28.371443
1 28.209827 28.223214
1 23.345210 23.358545
1 22.375660 22.388963
1 24.124145 24.136476
1 21.644022 21.655448
1 32.750097 32.759588
1 23.694999 23.703245
1 25.826093 25.832748
1 19.348355 19.354342
1 30.259808 30.265561
1 19.513898 19.519203
1 24.404507 24.408087
1 25.996562 25.999198
1 28.405365 28.407980
1 18.558710 18.560750
1 24.396372 24.398247
1 18.795204 18.796975
1 20.348007 20.348083
1 21.946613 21.946674
1 26.658705 26.658760
0 0.000000 inf
0 0.000000 24.816397
0 0.000000 21.599060
0 0.000000 20.998084
0 0.000000 20.992999
0 0.000000 20.290806
0 0.000000 20.246030
0 0.000000 20.165957
0 0.000000 20.123155
0 0.000000 19.902056
0 0.000000 19.538854
0 0.000000 19.416090
0 0.000000 19.407176
0 0.000000 19.383646
0 0.000000 19.305327
0 0.000000 19.272169
0 0.000000 19.234225
0 0.000000 19.189101
0 0.000000 19.094113
0 0.000000 19.092271
0 0.000000 19.088875
0 0.000000 19.065079
0 0.000000 19.063230
0 0.000000 19.003906
0 0.000000 18.990679
0 0.000000 18.954774
0 0.000000 18.929659
0 0.000000 18.896276
0 0.000000 18.894236
0 0.000000 18.859950
0 0.000000 18.854044
0 0.000000 18.814258
0 0.000000 18.780980
0 0.000000 18.750242
0 0.000000 18.675275
0 0.000000 18.650594
0 0.000000 18.637672
0 0.000000 18.580570
0 0.000000 18.573995
0 0.000000 18.540696
0 0.000000 18.451761
0 0.000000 18.402048
0 0.000000 18.360600
0 0.000000 18.338957
0 0.000000 18.259955
0 0.000000 18.243018
0 0.000000 18.242188
0 0.000000 18.218594
0 0.000000 18.195405
0 0.000000 18.147497
0 0.000000 18.117838
0 0.000000 18.116447
0 0.000000 18.103794
0 0.000000 18.048680
0 0.000000 18.004296
0 0.000000 17.987222
0 0.000000 17.739082
0 0.000000 17.729061
0 0.000000 17.725434
0 0.000000 17.610055
0 0.000000 17.595523
0 0.000000 17.538456
0 0.000000 17.519921
0 0.000000 17.518696
0 0.000000 17.508374
0 0.000000 17.451213
0 0.000000 17.450109
0 0.000000 17.374033
0 0.000000 17.240049
0 0.000000 17.230466
0 0.000000 17.173880
0 0.000000 17.164557
0 0.000000 17.123233
0 0.000000 17.113623
0 0.000000 17.045634
0 0.000000 16.995034
0 0.000000 16.969997
0 0.000000 16.968801
0 0.000000 16.942997
0 0.000000 16.937088
0 0.000000 16.893849
0 0.000000 16.888844
0 0.000000 16.866528
0 0.000000 16.687632
0 0.000000 16.678339
0 0.000000 16.673813
0 0.000000 16.617441
0 0.000000 16.608036
0 0.000000 16.582904
0 0.000000 16.521425
0 0.000000 16.486806
0 0.000000 16.425767
0 0.000000 16.417073
0 0.000000 16.355585
0 0.000000 16.338621
0 0.000000 16.309733
0 0.000000 16.120101
0 0.000000 16.072014
0 0.000000 16.054229
0 0.000000 16.052011
0 0.000000 16.024078
0 0.000000 16.007363
0 0.000000 15.980059
0 0.000000 15.966563
0 0.000000 15.916252
0 0.000000 15.906157
0 0.000000 15.889124
0 0.000000 15.888418
0 0.000000 15.861228
0 0.000000 15.846226
0 0.000000 15.806785
0 0.000000 15.792580
0 0.000000 15.724947
0 0.000000 15.706905
0 0.000000 15.703236
0 0.000000 15.665991
0 0.000000 15.663778
0 0.000000 15.627162
0 0.000000 15.594012
0 0.000000 15.577641
0 0.000000 15.542811
0 0.000000 15.526600
0 0.000000 15.387802
0 0.000000 15.378312
0 0.000000 15.261334
0 0.000000 15.259331
0 0.000000 15.165446
0 0.000000 15.132775
0 0.000000 15.099905
0 0.000000 15.090327
0 0.000000 15.066735
0 0.000000 15.043068
0 0.000000 15.041835
0 0.000000 15.036786
0 0.000000 14.980266
0 0.000000 14.958000
0 0.000000 14.822375
0 0.000000 14.786771
0 0.000000 14.784551
0 0.000000 14.773823
0 0.000000 14.691652
0 0.000000 14.667489
0 0.000000 14.637687
0 0.000000 14.614484
0 0.000000 14.599055
0 0.000000 14.464244
0 0.000000 14.351625
0 0.000000 14.349358
0 0.000000 14.302495
0 0.000000 14.279245
0 0.000000 14.272641
0 0.000000 14.247773
0 0.000000 14.234429
0 0.000000 14.226195
0 0.000000 14.173267
0 0.000000 14.172426
0 0.000000 14.074644
0 0.000000 14.072287
0 0.000000 14.018741
0 0.000000 14.017709
0 0.000000 13.923731
0 0.000000 13.921154
0 0.000000 13.918786
0 0.000000 13.880199
0 0.000000 13.864153
0 0.000000 13.859430
0 0.000000 13.528310
0 0.000000 13.485273
0 0.000000 13.471068
0 0.000000 13.354241
0 0.000000 13.280274
0 0.000000 13.265737
0 0.000000 13.251276
0 0.000000 13.217291
0 0.000000 13.204107
0 0.000000 13.090076
0 0.000000 13.087109
0 0.000000 13.059969
0 0.000000 12.941080
0 0.000000 12.496238
0 0.000000 12.438152
0 0.000000 12.039762
0 0.000000 11.984004
0 0.000000 11.433259
0 0.000000 11.174610
0 0.000000 10.451475
0 0.000000 9.952533
