1 21.185976 32.930141
1 19.719260 31.040102
1 20.609333 30.702335
1 19.778501 29.241952
1 22.174309 31.344168
1 19.762391 28.705725
1 19.409409 28.322296
1 21.748455 30.333079
1 20.760851 29.216359
1 20.501394 28.641487
1 20.584299 28.704821
1 17.299122 24.879260
1 19.124884 26.672264
1 20.517498 28.017725
1 21.692059 28.914867
1 21.549306 28.537952
1 21.284003 28.144696
1 21.154990 27.878008
1 19.869206 26.535290
1 21.395461 27.931338
1 21.299647 27.693754
1 18.661034 25.008807
1 19.543131 25.882397
1 21.701627 27.934037
1 21.543785 27.674143
1 20.517125 26.584438
1 22.460508 28.507726
1 20.437768 26.475672
1 21.000921 26.714430
1 15.346369 21.035546
1 20.054120 25.664938
1 21.433842 26.940697
1 19.737134 25.186436
1 18.941848 24.245444
1 21.231549 26.522432
1 20.196470 25.470240
1 20.483976 25.739097
1 22.026467 27.260610
1 21.875575 27.051932
1 20.037513 25.188608
1 19.945927 25.089468
1 21.751578 26.819161
1 19.625036 24.672059
1 24.165078 29.183079
1 22.565011 27.453203
1 22.680012 27.490047
1 25.698966 30.225280
1 20.371436 24.881196
1 23.889144 28.375501
1 23.824930 28.208472
1 16.477443 20.753168
1 21.948538 26.142661
1 24.052349 28.221897
1 23.126925 27.274702
1 22.006832 26.106441
1 21.592848 25.655673
1 20.841116 24.898257
1 21.649430 25.670824
1 22.445864 26.433869
1 20.022489 23.977771
1 21.805370 25.755815
1 18.272098 22.197839
1 22.883061 26.757691
1 21.144447 24.976631
1 19.760753 23.537004
1 24.734735 28.492385
1 19.257767 22.867912
1 17.916272 21.389182
1 18.807407 22.268913
1 22.523378 25.865423
1 19.267717 22.378784
1 22.338294 25.420624
1 21.527404 24.579109
1 21.814731 24.850561
1 20.908375 23.927252
1 22.198367 25.208918
1 25.958382 28.833013
1 24.847642 27.702518
1 22.100565 24.949571
1 22.939210 25.771165
1 20.773166 23.537796
1 23.533638 26.290328
1 24.059322 26.788777
1 19.011931 21.703621
1 22.278722 24.958219
1 22.007239 24.675692
1 21.922295 24.569312
1 20.536747 23.175785
1 23.296933 25.931875
1 19.034626 21.650303
1 22.193725 24.761487
1 23.726173 26.206509
1 20.742960 23.198777
1 19.192947 21.635840
1 21.323096 23.742821
1 20.395573 22.796486
1 18.100799 20.446520
1 23.394075 25.718030
1 22.738368 25.056136
1 21.059766 23.351046
1 24.634579 26.921127
1 26.221247 28.480396
1 21.108366 23.365426
1 21.431829 23.681081
1 19.340663 21.581496
1 22.049347 24.219244
1 24.447130 26.600921
1 23.209361 25.349173
1 21.209482 23.336706
1 21.597036 23.723307
1 21.906624 23.974247
1 23.269903 25.312191
1 18.663223 20.672302
1 21.625938 23.602243
1 16.643409 18.613775
1 25.729776 27.695935
1 19.835341 21.800018
1 21.851450 23.805487
1 15.291144 17.215770
1 23.603785 25.521188
1 24.172998 26.073912
1 19.697364 21.587672
1 19.996988 21.886159
1 22.855209 24.732649
1 25.260701 27.131970
1 20.662763 22.476012
1 22.833891 24.638297
1 22.264286 24.066810
1 23.277776 25.071353
1 21.565820 23.317154
1 19.006038 20.750798
1 19.731463 21.424868
1 24.890427 26.548843
1 21.919950 23.560407
1 24.249025 25.858177
1 21.031969 22.640074
1 23.846061 25.452416
1 19.536942 21.128800
1 18.591390 20.154156
1 21.062810 22.605168
1 15.810512 17.329931
1 21.775365 23.240798
1 23.457457 24.914906
1 21.262788 22.714590
1 26.556789 28.008498
1 22.132300 23.534326
1 23.994777 25.393490
1 21.128265 22.509945
1 22.706053 24.087396
1 24.786398 26.153630
1 21.542589 22.903644
1 20.900102 22.239317
1 26.944421 28.272022
1 21.826770 23.147316
1 23.948589 25.263916
1 22.091356 23.377828
1 22.798890 24.085052
1 23.441892 24.702974
1 21.756804 22.979467
1 28.982631 30.202609
1 22.659337 23.868027
1 22.478027 23.678799
1 22.610429 23.795417
1 27.538471 28.723378
1 20.463389 21.625133
1 22.726409 23.884450
1 22.716131 23.861962
1 20.554221 21.695114
1 23.847972 24.968709
1 20.260008 21.362969
1 19.128681 20.230900
1 18.160979 19.253202
1 21.197002 22.269373
1 23.630504 24.700762
1 28.224046 29.286815
1 18.737036 19.798835
1 21.592198 22.652357
1 24.678657 25.731598
1 19.135435 20.182285
1 25.751382 26.795778
1 25.248827 26.293033
1 21.726837 22.766340
1 23.935160 24.961237
1 24.604408 25.600626
1 26.073192 27.025637
1 25.366650 26.310658
1 24.237696 25.173686
1 24.354770 25.279539
1 21.445194 22.348391
1 24.067930 24.962769
1 22.979274 23.872627
1 20.089426 20.971479
1 20.586138 21.467257
1 20.619822 21.495582
1 25.908494 26.756376
1 31.437734 32.282587
1 24.946176 25.772618
1 23.723201 24.524035
1 24.529539 25.310411
1 20.567257 21.347979
1 22.775608 23.544217
1 26.090869 26.849272
1 27.163381 27.918573
1 24.989755 25.743030
1 17.907053 18.642551
1 27.209194 27.943464
1 21.672138 22.399287
1 18.835928 19.559140
1 20.244714 20.967719
1 24.599130 25.320136
1 20.767352 21.486931
1 20.282874 20.990559
1 21.431866 22.127351
1 25.305531 25.997084
1 27.818582 28.505361
1 25.557197 26.186339
1 24.027517 24.655078
1 21.609613 22.220277
1 23.489696 24.090941
1 19.433649 20.024491
1 24.007846 24.595737
1 24.956392 25.530661
1 26.572762 27.146503
1 25.719904 26.281642
1 19.093958 19.638266
1 23.198668 23.734662
1 27.429536 27.940812
1 22.384479 22.892714
1 30.508838 31.007333
1 16.662089 17.157568
1 26.980527 27.462478
1 23.242080 23.712711
1 19.723555 20.186038
1 23.229238 23.680006
1 21.876103 22.324743
1 23.509019 23.957590
1 20.966153 21.388779
1 22.188557 22.603653
1 19.714168 20.084759
1 23.279006 23.643580
1 31.294474 31.658043
1 25.642790 25.999650
1 19.838137 20.192564
1 29.626965 29.976434
1 19.382877 19.731603
1 21.174938 21.517356
1 25.874485 26.206568
1 26.923285 27.233980
1 19.466000 19.764490
1 19.544913 19.835420
1 20.409142 20.699040
1 20.998253 21.270785
1 26.672255 26.939774
1 27.119746 27.376113
1 26.847442 27.102267
1 24.443074 24.693273
1 21.492970 21.727824
1 24.951985 25.182810
1 24.172429 24.393029
1 20.830456 21.046342
1 28.935232 29.149961
1 25.161604 25.376089
1 26.399419 26.605513
1 18.116598 18.321948
1 26.756501 26.956884
1 25.393206 25.579604
1 20.925997 21.110337
1 19.449174 19.627097
1 26.336466 26.512004
1 24.456697 24.627640
1 23.977040 24.141654
1 26.376171 26.534059
1 22.805963 22.960455
1 26.715641 26.869041
1 24.232169 24.383177
1 26.492901 26.641332
1 24.847650 24.995287
1 21.045140 21.192633
1 25.871556 26.013234
1 23.001092 23.135517
1 20.621978 20.751449
1 25.965993 26.091287
1 21.618547 21.732080
1 23.557610 23.670868
1 23.753869 23.865743
1 26.397474 26.504517
1 29.640860 29.736133
1 31.216895 31.305568
1 28.276169 28.336952
1 22.196969 22.257212
1 27.083752 27.142387
1 28.471852 28.529289
1 28.155439 28.211901
1 24.498490 24.547968
1 26.466373 26.513521
1 21.373623 21.413622
1 19.041497 19.078315
1 23.151084 23.186032
1 27.282240 27.316194
1 22.105184 22.138628
1 25.795795 25.827075
1 25.916735 25.941927
1 27.226436 27.250364
1 21.604642 21.626619
1 30.278035 30.298790
1 18.052815 18.067477
1 26.618657 26.633125
1 26.570119 26.582516
1 28.598881 28.610990
1 22.961927 22.972120
1 27.745262 27.754691
1 27.406026 27.411317
1 23.871154 23.875620
1 25.960736 25.963214
1 27.824984 27.827030
1 21.059118 21.061106
1 25.864000 25.865858
1 26.176940 26.178711
1 24.584452 24.586207
1 25.645763 25.647203
1 23.855578 23.855646
0 0.000000 inf
0 0.000000 25.228311
0 0.000000 24.050295
0 0.000000 22.475300
0 0.000000 21.953854
0 0.000000 21.663102
0 0.000000 21.626337
0 0.000000 21.425926
0 0.000000 21.229487
0 0.000000 20.984909
0 0.000000 20.980273
0 0.000000 20.937751
0 0.000000 20.931717
0 0.000000 20.489109
0 0.000000 20.469690
0 0.000000 20.336781
0 0.000000 20.264751
0 0.000000 20.109771
0 0.000000 19.973035
0 0.000000 19.952543
0 0.000000 19.920812
0 0.000000 19.837896
0 0.000000 19.750326
0 0.000000 19.733025
0 0.000000 19.730557
0 0.000000 19.686685
0 0.000000 19.582352
0 0.000000 19.513078
0 0.000000 19.460641
0 0.000000 19.450969
0 0.000000 19.371085
0 0.000000 19.370510
0 0.000000 19.313065
0 0.000000 19.260333
0 0.000000 19.201937
0 0.000000 19.187037
0 0.000000 19.173951
0 0.000000 19.167730
0 0.000000 19.156511
0 0.000000 19.104625
0 0.000000 19.077714
0 0.000000 19.017332
0 0.000000 18.998827
0 0.000000 18.969038
0 0.000000 18.946112
0 0.000000 18.894770
0 0.000000 18.846843
0 0.000000 18.833453
0 0.000000 18.824146
0 0.000000 18.753841
0 0.000000 18.704276
0 0.000000 18.699187
0 0.000000 18.631331
0 0.000000 18.607273
0 0.000000 18.575906
0 0.000000 18.555552
0 0.000000 18.542707
0 0.000000 18.542332
0 0.000000 18.447597
0 0.000000 18.383072
0 0.000000 18.377313
0 0.000000 18.376728
0 0.000000 18.328775
0 0.000000 18.311438
0 0.000000 18.308698
0 0.000000 18.225399
0 0.000000 18.187269
0 0.000000 18.136487
0 0.000000 18.130933
0 0.000000 18.106814
0 0.000000 18.057664
0 0.000000 18.053440
0 0.000000 17.942986
0 0.000000 17.910018
0 0.000000 17.861399
0 0.000000 17.830094
0 0.000000 17.803815
0 0.000000 17.803454
0 0.000000 17.795008
0 0.000000 17.786216
0 0.000000 17.775835
0 0.000000 17.658156
0 0.000000 17.640276
0 0.000000 17.625675
0 0.000000 17.619715
0 0.000000 17.618706
0 0.000000 17.531840
0 0.000000 17.514739
0 0.000000 17.514222
0 0.000000 17.494279
0 0.000000 17.485356
0 0.000000 17.473220
0 0.000000 17.467723
0 0.000000 17.433408
0 0.000000 17.409054
0 0.000000 17.392833
0 0.000000 17.372336
0 0.000000 17.272964
0 0.000000 17.259512
0 0.000000 17.245126
0 0.000000 17.170375
0 0.000000 17.155411
0 0.000000 17.144044
0 0.000000 17.135485
0 0.000000 17.117299
0 0.000000 17.089715
0 0.000000 16.960097
0 0.000000 16.858847
0 0.000000 16.835157
0 0.000000 16.817669
0 0.000000 16.805871
0 0.000000 16.794063
0 0.000000 16.781753
0 0.000000 16.779828
0 0.000000 16.697481
0 0.000000 16.688587
0 0.000000 16.623638
0 0.000000 16.608605
0 0.000000 16.595740
0 0.000000 16.563573
0 0.000000 16.557030
0 0.000000 16.525207
0 0.000000 16.514203
0 0.000000 16.481598
0 0.000000 16.441894
0 0.000000 16.383616
0 0.000000 16.354573
0 0.000000 16.320981
0 0.000000 16.292098
0 0.000000 16.269308
0 0.000000 16.205338
0 0.000000 16.130640
0 0.000000 16.099728
0 0.000000 16.044860
0 0.000000 15.940199
0 0.000000 15.826296
0 0.000000 15.799107
0 0.000000 15.797430
0 0.000000 15.711600
0 0.000000 15.699030
0 0.000000 15.669143
0 0.000000 15.626742
0 0.000000 15.541320
0 0.000000 15.528154
0 0.000000 15.513996
0 0.000000 15.490126
0 0.000000 15.477939
0 0.000000 15.454729
0 0.000000 15.452757
0 0.000000 15.329149
0 0.000000 15.314467
0 0.000000 15.310525
0 0.000000 15.249338
0 0.000000 15.110479
0 0.000000 15.106070
0 0.000000 15.099242
0 0.000000 15.008862
0 0.000000 14.975794
0 0.000000 14.958345
0 0.000000 14.831172
0 0.000000 14.781658
0 0.000000 14.763595
0 0.000000 14.746567
0 0.000000 14.735720
0 0.000000 14.726712
0 0.000000 14.685951
0 0.000000 14.644863
0 0.000000 14.435086
0 0.000000 14.392968
0 0.000000 14.177921
0 0.000000 13.981426
0 0.000000 13.755403
0 0.000000 13.642544
0 0.000000 13.390403
0 0.000000 13.310179
0 0.000000 13.226929
0 0.000000 13.194304
0 0.000000 13.171562
0 0.000000 12.976962
0 0.000000 12.793423
0 0.000000 12.736451
0 0.000000 12.172468
0 0.000000 11.294453
0 0.000000 11.051652
0 0.000000 10.991184
0 0.000000 10.243765
0 0.000000 9.508381
