1 18.498910 29.708589
1 19.533045 30.204130
1 18.553739 28.884702
1 17.266257 26.896419
1 18.156519 27.178145
1 17.566952 26.177868
1 21.148832 29.661487
1 19.371570 27.749459
1 17.539186 25.425119
1 20.895962 28.478182
1 17.337666 24.495734
1 19.290725 26.365499
1 22.291456 29.108977
1 17.834143 24.639814
1 17.606942 24.062826
1 17.456004 23.900025
1 20.306517 26.442163
1 17.406306 23.525964
1 20.446528 26.559752
1 17.930444 23.985314
1 16.274744 22.246299
1 20.280908 26.073869
1 17.891090 23.605987
1 19.889284 25.520210
1 23.826733 29.342636
1 17.604751 23.069339
1 17.543739 23.006423
1 17.437248 22.850019
1 17.360475 22.768986
1 16.768583 22.168048
1 16.969849 22.270907
1 16.983913 22.263683
1 18.056555 23.300650
1 20.380291 25.613205
1 14.428105 19.524020
1 19.338128 24.399497
1 18.904692 23.857675
1 22.175318 26.990962
1 17.624639 22.427332
1 22.235685 26.977453
1 18.834708 23.553709
1 17.218280 21.873122
1 19.163308 23.803539
1 19.782559 24.248197
1 20.988884 25.452074
1 22.370647 26.645092
1 17.675161 21.932245
1 18.246397 22.496470
1 17.562772 21.684897
1 18.203611 22.279548
1 18.079402 22.034611
1 18.788502 22.678052
1 18.698322 22.573062
1 20.615338 24.482705
1 21.082236 24.901937
1 22.916885 26.698793
1 18.919572 22.672466
1 17.901374 21.638770
1 18.143169 21.806988
1 19.206972 22.827401
1 18.355279 21.894943
1 20.597336 24.053923
1 20.485692 23.901577
1 20.557406 23.918616
1 19.395461 22.722222
1 19.978346 23.297531
1 21.495612 24.780460
1 22.326011 25.578444
1 20.196665 23.342471
1 21.244771 24.290641
1 20.270753 23.294172
1 19.154284 22.168376
1 16.759061 19.609148
1 20.653082 23.448581
1 24.428758 27.175129
1 21.589086 24.301591
1 21.201205 23.816167
1 20.057674 22.663888
1 18.376538 20.950642
1 24.867066 27.376436
1 18.451328 20.953801
1 18.300349 20.655371
1 19.067697 21.395109
1 21.268535 23.530069
1 20.817004 23.059551
1 22.891524 24.983986
1 27.261165 29.329229
1 17.277145 19.342825
1 16.796774 18.836025
1 22.316769 24.343980
1 16.922787 18.921315
1 24.266831 26.256527
1 19.617440 21.602305
1 18.153242 20.091589
1 14.496644 16.425799
1 17.145503 19.060804
1 25.547716 27.461851
1 20.765518 22.622410
1 20.009134 21.831657
1 24.103300 25.909381
1 20.963249 22.718809
1 22.167540 23.903203
1 23.235022 24.944304
1 17.408863 19.099597
1 16.422613 18.085092
1 20.787612 22.441608
1 18.977717 20.628373
1 12.021226 13.650882
1 21.365416 22.992605
1 17.980970 19.578536
1 22.121016 23.683093
1 17.105353 18.650295
1 20.443862 21.982651
1 19.258570 20.747282
1 21.931957 23.383146
1 17.781364 19.118134
1 17.055563 18.385511
1 17.668829 18.995110
1 26.302823 27.605758
1 19.660513 20.915782
1 27.452361 28.679680
1 19.670634 20.896505
1 16.680082 17.888119
1 19.294288 20.485018
1 17.887542 19.025679
1 20.721630 21.842823
1 19.735168 20.830229
1 18.300969 19.390471
1 21.461023 22.541543
1 19.145460 20.219925
1 21.623388 22.685957
1 17.854249 18.910415
1 15.838614 16.891334
1 16.800410 17.851600
1 21.451998 22.484660
1 17.413098 18.433733
1 27.995663 29.003555
1 20.531855 21.527365
1 19.773390 20.768572
1 18.300806 19.287502
1 28.186445 29.160959
1 23.135780 24.104070
1 23.524148 24.475357
1 21.199339 22.144371
1 18.275794 19.213139
1 20.374897 21.311311
1 23.790862 24.725518
1 21.297324 22.206948
1 19.016781 19.926197
1 14.890463 15.799767
1 24.550022 25.456936
1 19.739822 20.611951
1 22.215063 23.084177
1 19.467907 20.328057
1 22.500509 23.356015
1 24.156223 24.996756
1 16.925845 17.746773
1 18.705429 19.519567
1 21.222808 22.034440
1 19.132268 19.936161
1 16.620141 17.410670
1 19.837307 20.614609
1 18.971645 19.747360
1 24.121571 24.882637
1 16.040631 16.798843
1 19.277178 20.032555
1 18.590395 19.342573
1 24.644156 25.388279
1 22.070830 22.814079
1 21.806507 22.548208
1 23.615065 24.350445
1 21.389541 22.122425
1 17.326822 18.043886
1 21.440221 22.150678
1 20.661236 21.366967
1 21.711068 22.408783
1 16.714279 17.411987
1 17.236960 17.931240
1 19.332600 20.023082
1 20.820313 21.505231
1 21.532539 22.217032
1 25.684246 26.357189
1 22.892845 23.560759
1 22.499582 23.163007
1 21.722189 22.368908
1 21.896537 22.522694
1 23.423980 24.044227
1 19.140911 19.758047
1 25.413683 26.026411
1 22.390631 22.964082
1 22.458914 23.032268
1 23.137066 23.708185
1 21.281122 21.849686
1 21.172225 21.735823
1 19.824980 20.378725
1 23.325128 23.870946
1 17.724962 18.268389
1 18.970109 19.511681
1 17.622520 18.162656
1 16.847451 17.381007
1 21.194552 21.724661
1 26.126554 26.631809
1 25.087291 25.582078
1 20.034513 20.524489
1 21.874818 22.363765
1 18.075550 18.559991
1 18.260950 18.724844
1 23.007682 23.456991
1 23.248255 23.689394
1 20.910663 21.338889
1 19.915775 20.336276
1 20.688366 21.092043
1 19.992231 20.385950
1 22.483158 22.863552
1 22.260944 22.635359
1 18.867184 19.235706
1 18.090865 18.457391
1 18.264236 18.629698
1 20.781172 21.136802
1 26.289510 26.625655
1 26.342327 26.670093
1 24.705737 25.029526
1 19.569876 19.879031
1 29.051706 29.356456
1 19.483007 19.781557
1 23.721885 24.020108
1 20.184827 20.479835
1 19.472152 19.761264
1 22.415197 22.702803
1 24.752074 25.037276
1 22.342359 22.616298
1 21.402014 21.670301
1 19.736694 20.003008
1 22.993053 23.245900
1 21.679317 21.924231
1 25.694354 25.939262
1 15.237423 15.479454
1 16.425134 16.662415
1 18.527429 18.751834
1 20.704283 20.906619
1 21.631414 21.831139
1 29.460374 29.657035
1 26.210157 26.406615
1 25.018314 25.210013
1 22.564230 22.752507
1 22.432400 22.620546
1 24.448856 24.634384
1 20.307668 20.488553
1 19.898558 20.077189
1 23.959148 24.134667
1 21.009589 21.169914
1 19.979958 20.139366
1 24.041597 24.195419
1 22.969115 23.112995
1 20.025087 20.166107
1 23.521030 23.659035
1 21.357042 21.492679
1 19.052378 19.186879
1 22.002170 22.136574
1 26.211605 26.342070
1 20.324224 20.453530
1 26.070982 26.196125
1 27.690429 27.812731
1 23.789887 23.908929
1 22.875333 22.994046
1 20.065957 20.182629
1 22.540806 22.655753
1 22.264718 22.373347
1 17.826089 17.934497
1 18.185463 18.291711
1 28.011809 28.117741
1 22.478142 22.582323
1 21.089905 21.192777
1 22.472361 22.568660
1 16.495935 16.590907
1 17.479989 17.568169
1 20.543596 20.622669
1 29.164104 29.242043
1 22.009980 22.085314
1 22.002850 22.074956
1 21.319617 21.390985
1 22.697820 22.764691
1 21.026197 21.092211
1 25.638896 25.703577
1 21.554434 21.617025
1 25.708363 25.770765
1 23.553616 23.615206
1 26.292853 26.350888
1 27.333585 27.389551
1 22.458958 22.507374
1 22.866409 22.912843
1 26.524651 26.567494
1 27.090673 27.130311
1 19.359429 19.396048
1 22.332097 22.367295
1 23.706810 23.732928
1 17.278226 17.303684
1 24.487568 24.509057
1 24.889556 24.910827
1 19.752745 19.772476
1 24.215550 24.235086
1 20.981442 21.000452
1 20.969915 20.986787
1 21.309528 21.325282
1 17.853625 17.865929
1 27.094539 27.106731
1 24.885267 24.897256
1 21.565897 21.576235
1 29.537106 29.546656
1 21.088734 21.093809
1 28.791788 28.796809
1 23.587201 23.592047
1 18.476065 18.479956
1 18.375524 18.377018
1 26.417883 26.419241
1 23.561201 23.561885
1 22.262249 22.262280
1 19.558987 19.559014
1 21.657254 21.657276
1 22.773653 22.773663
0 0.000000 inf
0 0.000000 21.901359
0 0.000000 21.622315
0 0.000000 20.637420
0 0.000000 20.594797
0 0.000000 20.188282
0 0.000000 20.088929
0 0.000000 19.966858
0 0.000000 19.417758
0 0.000000 19.020362
0 0.000000 18.859514
0 0.000000 18.315974
0 0.000000 18.171983
0 0.000000 18.129122
0 0.000000 18.081557
0 0.000000 18.057801
0 0.000000 18.003872
0 0.000000 17.963658
0 0.000000 17.757503
0 0.000000 17.578638
0 0.000000 17.497559
0 0.000000 17.374041
0 0.000000 17.281390
0 0.000000 17.213554
0 0.000000 17.184976
0 0.000000 17.169363
0 0.000000 17.155341
0 0.000000 17.114624
0 0.000000 17.055189
0 0.000000 17.047685
0 0.000000 17.002302
0 0.000000 16.955845
0 0.000000 16.954557
0 0.000000 16.940574
0 0.000000 16.937728
0 0.000000 16.888697
0 0.000000 16.849970
0 0.000000 16.765592
0 0.000000 16.739779
0 0.000000 16.716273
0 0.000000 16.605250
0 0.000000 16.585779
0 0.000000 16.581737
0 0.000000 16.544109
0 0.000000 16.458877
0 0.000000 16.453544
0 0.000000 16.422584
0 0.000000 16.421814
0 0.000000 16.404810
0 0.000000 16.397283
0 0.000000 16.380266
0 0.000000 16.359379
0 0.000000 16.315675
0 0.000000 16.209921
0 0.000000 16.175671
0 0.000000 16.130670
0 0.000000 16.090130
0 0.000000 16.035049
0 0.000000 16.004884
0 0.000000 15.946155
0 0.000000 15.927239
0 0.000000 15.900738
0 0.000000 15.881998
0 0.000000 15.874248
0 0.000000 15.865853
0 0.000000 15.864985
0 0.000000 15.825865
0 0.000000 15.823005
0 0.000000 15.757167
0 0.000000 15.756680
0 0.000000 15.694345
0 0.000000 15.683265
0 0.000000 15.672622
0 0.000000 15.624017
0 0.000000 15.623576
0 0.000000 15.614302
0 0.000000 15.522831
0 0.000000 15.519311
0 0.000000 15.516994
0 0.000000 15.500156
0 0.000000 15.496830
0 0.000000 15.485207
0 0.000000 15.463352
0 0.000000 15.455238
0 0.000000 15.443797
0 0.000000 15.420827
0 0.000000 15.413139
0 0.000000 15.360355
0 0.000000 15.332840
0 0.000000 15.310157
0 0.000000 15.302886
0 0.000000 15.299981
0 0.000000 15.246555
0 0.000000 15.235611
0 0.000000 15.199127
0 0.000000 15.193412
0 0.000000 15.173804
0 0.000000 15.163153
0 0.000000 15.161599
0 0.000000 15.063744
0 0.000000 15.023126
0 0.000000 14.997543
0 0.000000 14.994441
0 0.000000 14.964343
0 0.000000 14.925112
0 0.000000 14.869012
0 0.000000 14.819306
0 0.000000 14.723359
0 0.000000 14.702755
0 0.000000 14.642701
0 0.000000 14.586876
0 0.000000 14.536693
0 0.000000 14.457040
0 0.000000 14.367711
0 0.000000 14.336246
0 0.000000 14.332888
0 0.000000 14.324749
0 0.000000 14.320315
0 0.000000 14.295147
0 0.000000 14.236307
0 0.000000 14.203946
0 0.000000 14.195598
0 0.000000 14.189143
0 0.000000 14.182937
0 0.000000 14.137385
0 0.000000 14.123168
0 0.000000 14.121893
0 0.000000 14.119154
0 0.000000 14.070921
0 0.000000 14.031924
0 0.000000 14.024109
0 0.000000 13.984129
0 0.000000 13.898297
0 0.000000 13.892138
0 0.000000 13.791951
0 0.000000 13.759526
0 0.000000 13.759195
0 0.000000 13.737553
0 0.000000 13.737458
0 0.000000 13.713113
0 0.000000 13.628204
0 0.000000 13.507662
0 0.000000 13.500649
0 0.000000 13.478952
0 0.000000 13.396311
0 0.000000 13.313543
0 0.000000 13.312851
0 0.000000 13.270093
0 0.000000 13.247370
0 0.000000 13.207085
0 0.000000 13.087001
0 0.000000 13.053921
0 0.000000 13.048797
0 0.000000 12.999138
0 0.000000 12.952941
0 0.000000 12.949290
0 0.000000 12.895516
0 0.000000 12.783061
0 0.000000 12.708756
0 0.000000 12.619550
0 0.000000 12.591685
0 0.000000 12.566721
0 0.000000 12.323081
0 0.000000 12.277345
0 0.000000 12.159214
0 0.000000 12.102702
0 0.000000 12.084999
0 0.000000 11.815876
0 0.000000 11.789134
0 0.000000 11.736001
0 0.000000 11.694985
0 0.000000 11.646470
0 0.000000 11.636249
0 0.000000 11.616230
0 0.000000 11.609764
0 0.000000 11.452659
0 0.000000 11.021425
0 0.000000 10.927271
0 0.000000 10.763985
0 0.000000 10.713045
0 0.000000 10.666235
0 0.000000 10.446904
0 0.000000 10.121990
0 0.000000 10.118659
0 0.000000 10.105144
0 0.000000 9.912110
0 0.000000 8.960703
