1 23.663212 41.406450
1 23.981531 38.139601
1 22.673142 34.650354
1 23.916740 34.881830
1 22.371213 33.028296
1 26.512863 37.039226
1 24.685451 35.136446
1 23.010357 33.439683
1 21.227543 31.261709
1 26.576580 36.281737
1 20.428700 29.996135
1 20.983925 30.444767
1 20.877454 30.121631
1 22.121332 31.285391
1 25.927052 34.633625
1 26.834374 35.522537
1 22.368102 30.942718
1 22.536423 30.781320
1 23.467259 31.542372
1 23.290042 31.301027
1 24.758547 32.651952
1 25.964655 33.646880
1 25.008013 32.650103
1 28.308803 35.877821
1 22.587977 30.149203
1 25.875970 33.437140
1 24.963136 32.284063
1 25.450862 32.587382
1 27.520342 34.535432
1 21.780160 28.766275
1 25.467129 32.268722
1 25.973330 32.563705
1 25.408061 31.990735
1 25.534798 31.986148
1 22.864405 29.287224
1 26.260388 32.628219
1 22.775759 28.895363
1 28.986782 35.018676
1 24.580496 30.479397
1 26.182903 31.997440
1 25.424790 31.162606
1 24.424717 30.148030
1 22.710294 28.263817
1 26.128114 31.647388
1 25.498407 30.987289
1 19.420609 24.764328
1 22.743827 28.002335
1 21.183560 26.389813
1 22.346577 27.543903
1 22.029890 27.208346
1 19.831258 24.906595
1 24.785445 29.838422
1 21.496565 26.541690
1 22.900837 27.919053
1 21.219395 26.227993
1 26.093762 31.089230
1 26.893263 31.836553
1 22.503234 27.412915
1 29.866555 34.769150
1 23.039925 27.939344
1 26.519390 31.371298
1 21.573752 26.291195
1 22.579171 27.287857
1 23.000503 27.657623
1 23.350637 28.006782
1 25.615684 30.256046
1 21.352253 25.948833
1 25.646492 30.166712
1 21.119153 25.624889
1 23.875345 28.049954
1 25.749031 29.866379
1 23.497112 27.610362
1 29.133200 33.154533
1 23.132268 27.149313
1 26.484628 30.453127
1 27.155731 31.092077
1 28.370274 32.199232
1 23.403135 27.212359
1 24.997575 28.802818
1 24.419947 28.224898
1 31.474940 35.168751
1 22.330755 25.948393
1 24.742418 28.358837
1 24.963903 28.402468
1 24.228234 27.642225
1 21.409731 24.796993
1 26.510542 29.792752
1 24.425926 27.687368
1 25.360907 28.569037
1 26.335308 29.540696
1 24.813830 28.005140
1 24.992277 28.181167
1 22.127912 25.287784
1 23.262196 26.251648
1 20.162744 23.149347
1 26.808156 29.730460
1 24.559575 27.359696
1 28.563901 31.358375
1 25.577893 28.365422
1 32.153536 34.938731
1 31.719860 34.479952
1 24.033710 26.777647
1 27.059942 29.751579
1 21.596812 24.233100
1 22.554140 25.136771
1 29.584146 32.107330
1 27.192815 29.672303
1 26.121447 28.558157
1 28.316341 30.748221
1 26.152593 28.540702
1 28.817522 31.193671
1 30.464735 32.780833
1 32.000272 34.293102
1 19.893266 22.155879
1 23.903098 26.157626
1 23.149041 25.354032
1 24.318838 26.515505
1 25.543520 27.737324
1 25.488498 27.664556
1 22.684946 24.765426
1 28.212804 30.250226
1 21.463812 23.424272
1 25.392224 27.350335
1 24.091518 26.025938
1 28.028635 29.928825
1 24.843143 26.696657
1 25.193743 27.026590
1 20.870106 22.671933
1 22.936609 24.717293
1 25.019233 26.739454
1 19.692075 21.402727
1 25.816592 27.507259
1 25.681790 27.357076
1 27.215825 28.887471
1 25.616712 27.272607
1 22.237981 23.841441
1 28.138543 29.700211
1 28.547294 30.099377
1 31.026276 32.570868
1 23.258040 24.787093
1 24.934363 26.458472
1 27.223052 28.741475
1 25.047410 26.553234
1 29.299424 30.771796
1 26.494449 27.954017
1 24.741969 26.186491
1 25.949135 27.389556
1 26.855265 28.291953
1 21.254173 22.688314
1 29.085816 30.515339
1 26.128855 27.544105
1 20.793740 22.190985
1 33.591571 34.918994
1 21.295158 22.613405
1 30.148626 31.463077
1 24.472362 25.693453
1 27.041065 28.244164
1 29.365070 30.549515
1 28.621779 29.795883
1 26.834435 27.982325
1 20.061638 21.203277
1 29.025455 30.093573
1 33.357860 34.422120
1 23.728405 24.772427
1 24.321238 25.346185
1 29.702234 30.715186
1 23.665203 24.660235
1 29.013367 29.973969
1 18.250103 19.205082
1 34.817515 35.750400
1 24.800834 25.729880
1 29.446050 30.365979
1 32.419954 33.320562
1 27.928319 28.825891
1 28.759845 29.645242
1 24.456394 25.336273
1 26.154719 27.028881
1 26.619281 27.491412
1 24.221154 25.090728
1 24.418320 25.279174
1 28.023895 28.875786
1 32.806187 33.651213
1 26.438475 27.282781
1 28.677093 29.520160
1 32.630651 33.455776
1 25.671477 26.470036
1 20.351173 21.149651
1 34.714602 35.431743
1 28.169327 28.881022
1 24.751926 25.462892
1 26.705270 27.414545
1 21.299060 21.959607
1 29.200525 29.859730
1 25.770524 26.419447
1 32.102416 32.745264
1 27.544321 28.175034
1 28.761849 29.384766
1 30.252982 30.867903
1 30.423784 31.035231
1 26.524268 27.118453
1 27.462271 28.045918
1 24.084530 24.664773
1 21.858124 22.436245
1 25.503598 26.076401
1 30.335348 30.908069
1 27.160922 27.704962
1 23.420568 23.961939
1 30.391998 30.927959
1 24.862502 25.386327
1 27.144933 27.651163
1 22.780616 23.253383
1 27.365608 27.828508
1 29.685538 30.138614
1 34.205928 34.656224
1 21.927912 22.375409
1 26.012671 26.446387
1 37.517670 37.946610
1 24.834717 25.242637
1 30.008850 30.408069
1 32.972532 33.351032
1 29.757288 30.129928
1 35.092660 35.452312
1 26.713145 27.068479
1 33.138826 33.493243
1 32.174802 32.486718
1 28.852149 29.160087
1 28.244022 28.548651
1 25.936346 26.238883
1 24.154882 24.449279
1 23.728035 24.018905
1 31.917861 32.201825
1 26.694244 26.961606
1 36.453165 36.715564
1 29.598245 29.857600
1 31.040242 31.296194
1 32.619905 32.851024
1 27.247153 27.476757
1 30.711126 30.938434
1 27.581449 27.807581
1 29.265103 29.484863
1 26.166372 26.380558
1 29.722733 29.932438
1 31.953199 32.157244
1 28.742671 28.943741
1 31.144846 31.345682
1 30.536344 30.734287
1 28.001123 28.190132
1 31.786648 31.973731
1 29.434076 29.607635
1 29.471430 29.642598
1 30.581639 30.746020
1 29.141589 29.305510
1 32.815313 32.976228
1 27.719761 27.872957
1 41.163350 41.306590
1 34.738999 34.874728
1 28.526317 28.660390
1 31.993070 32.122057
1 27.283165 27.408666
1 32.410310 32.535760
1 29.067215 29.191588
1 26.501108 26.623710
1 28.361611 28.482816
1 30.288678 30.392394
1 28.702172 28.800070
1 24.893432 24.991117
1 25.962296 26.057891
1 31.274349 31.365023
1 25.593498 25.675478
1 34.228333 34.307455
1 25.825870 25.903660
1 25.000924 25.076085
1 20.881397 20.955041
1 26.042719 26.110007
1 32.309934 32.377020
1 24.920052 24.985615
1 27.196541 27.259268
1 21.609798 21.662607
1 28.671700 28.718461
1 26.989927 27.035144
1 25.525212 25.570258
1 38.482319 38.523262
1 30.068148 30.108180
1 28.817292 28.853038
1 28.567212 28.602255
1 29.698217 29.730962
1 32.289365 32.322089
1 28.575461 28.600796
1 32.924365 32.949554
1 29.541230 29.566003
1 34.216535 34.240401
1 29.010559 29.034073
1 24.692795 24.714570
1 29.655788 29.677002
1 25.677168 25.697706
1 30.936319 30.956449
1 40.017993 40.037405
1 31.972239 31.989982
1 30.746198 30.762332
1 30.470123 30.484302
1 21.293771 21.307745
1 26.152440 26.163222
1 32.777442 32.785544
1 31.797880 31.805590
1 29.776626 29.784213
1 25.801889 25.809204
1 29.825950 29.832434
1 32.418023 32.423329
1 28.033655 28.038621
1 27.873441 27.877219
1 22.296139 22.299468
1 24.057637 24.060808
1 24.630970 24.633604
1 29.727930 29.729420
1 35.280954 35.281231
1 19.625787 19.626043
0 0.000000 inf
0 0.000000 28.074619
0 0.000000 27.170390
0 0.000000 26.543223
0 0.000000 26.508823
0 0.000000 26.297658
0 0.000000 25.893111
0 0.000000 25.813705
0 0.000000 25.531217
0 0.000000 25.491132
0 0.000000 25.410277
0 0.000000 25.097691
0 0.000000 24.844583
0 0.000000 24.632795
0 0.000000 24.560111
0 0.000000 24.520944
0 0.000000 24.484597
0 0.000000 24.339284
0 0.000000 24.016022
0 0.000000 23.522524
0 0.000000 23.509396
0 0.000000 23.350464
0 0.000000 23.317266
0 0.000000 23.300758
0 0.000000 23.288130
0 0.000000 23.234141
0 0.000000 23.205871
0 0.000000 23.155108
0 0.000000 23.012131
0 0.000000 22.863842
0 0.000000 22.858691
0 0.000000 22.837202
0 0.000000 22.657094
0 0.000000 22.429067
0 0.000000 22.349055
0 0.000000 22.319759
0 0.000000 22.295759
0 0.000000 22.188481
0 0.000000 22.168182
0 0.000000 22.153583
0 0.000000 22.146281
0 0.000000 22.119356
0 0.000000 22.100509
0 0.000000 21.968309
0 0.000000 21.954277
0 0.000000 21.897813
0 0.000000 21.879098
0 0.000000 21.773342
0 0.000000 21.733888
0 0.000000 21.514773
0 0.000000 21.420346
0 0.000000 21.330415
0 0.000000 21.311902
0 0.000000 21.223130
0 0.000000 21.180695
0 0.000000 21.162332
0 0.000000 21.147881
0 0.000000 21.141530
0 0.000000 21.048711
0 0.000000 21.016518
0 0.000000 20.936974
0 0.000000 20.842376
0 0.000000 20.834908
0 0.000000 20.820952
0 0.000000 20.796115
0 0.000000 20.762356
0 0.000000 20.736536
0 0.000000 20.723024
0 0.000000 20.661291
0 0.000000 20.652966
0 0.000000 20.646930
0 0.000000 20.580811
0 0.000000 20.556778
0 0.000000 20.516200
0 0.000000 20.507108
0 0.000000 20.499969
0 0.000000 20.472446
0 0.000000 20.374417
0 0.000000 20.353675
0 0.000000 20.282698
0 0.000000 20.179538
0 0.000000 20.159815
0 0.000000 20.145004
0 0.000000 20.135147
0 0.000000 20.120474
0 0.000000 20.081947
0 0.000000 20.042876
0 0.000000 19.977193
0 0.000000 19.942570
0 0.000000 19.941782
0 0.000000 19.917112
0 0.000000 19.904155
0 0.000000 19.901219
0 0.000000 19.881583
0 0.000000 19.795672
0 0.000000 19.774101
0 0.000000 19.710729
0 0.000000 19.539450
0 0.000000 19.514728
0 0.000000 19.481547
0 0.000000 19.460446
0 0.000000 19.437665
0 0.000000 19.415167
0 0.000000 19.290664
0 0.000000 19.276190
0 0.000000 19.241461
0 0.000000 19.194061
0 0.000000 19.141626
0 0.000000 19.091773
0 0.000000 19.076666
0 0.000000 19.069147
0 0.000000 19.050785
0 0.000000 18.940949
0 0.000000 18.932270
0 0.000000 18.890292
0 0.000000 18.806032
0 0.000000 18.797959
0 0.000000 18.608921
0 0.000000 18.504670
0 0.000000 18.502435
0 0.000000 18.447587
0 0.000000 18.422484
0 0.000000 18.385139
0 0.000000 18.240399
0 0.000000 18.127291
0 0.000000 18.119300
0 0.000000 18.067535
0 0.000000 18.001189
0 0.000000 17.992967
0 0.000000 17.980262
0 0.000000 17.957484
0 0.000000 17.952692
0 0.000000 17.818311
0 0.000000 17.790438
0 0.000000 17.778302
0 0.000000 17.775723
0 0.000000 17.690802
0 0.000000 17.672515
0 0.000000 17.641675
0 0.000000 17.532003
0 0.000000 17.529784
0 0.000000 17.459010
0 0.000000 17.457021
0 0.000000 17.410080
0 0.000000 17.360291
0 0.000000 17.335802
0 0.000000 17.331749
0 0.000000 17.269251
0 0.000000 17.165636
0 0.000000 17.115274
0 0.000000 17.083039
0 0.000000 17.061996
0 0.000000 17.019123
0 0.000000 17.017762
0 0.000000 16.964298
0 0.000000 16.922883
0 0.000000 16.695005
0 0.000000 16.626193
0 0.000000 16.547071
0 0.000000 16.451545
0 0.000000 16.425326
0 0.000000 16.408847
0 0.000000 16.380706
0 0.000000 16.376188
0 0.000000 16.093048
0 0.000000 16.018554
0 0.000000 16.008393
0 0.000000 15.813090
0 0.000000 15.798746
0 0.000000 15.723736
0 0.000000 15.410310
0 0.000000 15.325719
0 0.000000 15.280951
0 0.000000 15.148127
0 0.000000 15.035364
0 0.000000 14.900139
0 0.000000 14.814420
0 0.000000 14.804282
0 0.000000 14.785325
0 0.000000 14.625181
0 0.000000 14.621654
0 0.000000 14.539187
0 0.000000 14.005352
0 0.000000 13.289433
0 0.000000 11.747575
0 0.000000 10.850727
0 0.000000 10.241798
