1 20.305692 30.857352
1 16.569612 26.841604
1 20.485341 29.366730
1 20.135219 28.530647
1 16.211302 24.482461
1 17.526974 25.542613
1 17.859898 25.798526
1 21.204105 28.707519
1 17.776292 24.914321
1 18.435803 25.491423
1 21.470365 28.206607
1 17.912670 24.569453
1 18.630120 25.191715
1 16.370702 22.911031
1 18.611606 25.125216
1 16.641130 23.084582
1 18.527250 24.577798
1 16.296110 22.190082
1 20.841419 26.646122
1 18.708145 24.495238
1 19.800648 25.302013
1 18.959215 24.445140
1 18.909591 24.286632
1 17.644010 22.925563
1 20.804212 26.011271
1 19.380720 24.363806
1 15.883225 20.781427
1 20.061572 24.956474
1 21.554153 26.383377
1 16.229641 20.987960
1 20.683435 25.406282
1 16.946398 21.513975
1 16.417221 20.945234
1 19.792008 24.276558
1 19.612396 24.013207
1 22.144645 26.488117
1 19.850740 24.191386
1 17.556229 21.888740
1 18.673098 22.997552
1 17.908640 22.142328
1 17.664863 21.787703
1 20.727785 24.798792
1 15.930934 19.968031
1 17.969231 21.975537
1 19.384138 23.334574
1 17.655216 21.519767
1 17.229057 20.992254
1 18.950082 22.607531
1 17.044738 20.619750
1 18.588135 22.099772
1 19.730956 23.178741
1 23.643607 27.088408
1 19.651608 23.064487
1 18.426288 21.770509
1 21.539043 24.881954
1 20.316509 23.547406
1 19.944117 23.165618
1 15.938445 19.119079
1 17.651970 20.819274
1 19.006793 22.128312
1 17.933561 21.023279
1 17.355336 20.441191
1 18.491403 21.556964
1 16.128799 19.173081
1 20.074786 23.106499
1 13.858103 16.851962
1 19.061108 22.050723
1 21.441095 24.398491
1 18.882201 21.813398
1 23.757723 26.682887
1 20.340231 23.259519
1 17.812911 20.675516
1 19.384315 22.234234
1 14.783474 17.617587
1 22.180200 24.989073
1 19.222324 22.013480
1 18.062732 20.853578
1 22.227421 24.941026
1 18.144500 20.853140
1 18.430048 21.117304
1 19.185630 21.820639
1 27.830742 30.445622
1 17.935485 20.540446
1 18.275455 20.863977
1 20.191050 22.772446
1 19.777240 22.281018
1 20.555882 22.925342
1 18.253781 20.623154
1 19.391624 21.710387
1 22.829184 25.146000
1 19.003995 21.313468
1 19.355760 21.658071
1 17.055519 19.340683
1 19.070512 21.347543
1 18.562823 20.828887
1 21.459065 23.706717
1 19.226133 21.473064
1 17.346183 19.569518
1 22.631841 24.836123
1 22.688473 24.851625
1 20.811436 22.970348
1 18.199285 20.270324
1 18.073418 20.122211
1 23.396785 25.436920
1 27.088792 29.120077
1 19.458630 21.483313
1 26.223528 28.242884
1 20.410339 22.314978
1 20.973605 22.871142
1 21.144961 23.031266
1 19.534264 21.404678
1 23.015359 24.870925
1 24.625023 26.475267
1 17.447650 19.275480
1 21.032691 22.859641
1 19.166804 20.978564
1 22.540149 24.348870
1 26.670609 28.452367
1 16.388863 18.156760
1 15.250964 16.995072
1 16.580382 18.305406
1 19.788564 21.492331
1 15.809428 17.505581
1 19.251253 20.943782
1 24.211555 25.844715
1 26.388584 28.020993
1 16.988816 18.611705
1 18.530656 20.135642
1 17.899969 19.503272
1 17.084691 18.676140
1 19.478687 21.049316
1 18.223394 19.791497
1 20.971731 22.529007
1 20.595316 22.148502
1 21.079617 22.629413
1 17.419075 18.895638
1 17.096403 18.552391
1 18.264963 19.716769
1 18.390204 19.833099
1 23.567074 24.992555
1 22.358595 23.779401
1 19.707362 21.106753
1 17.849813 19.247933
1 20.458514 21.839611
1 21.110343 22.480251
1 15.496665 16.852355
1 19.173617 20.513864
1 22.230935 23.551481
1 17.306905 18.606708
1 21.803232 23.099196
1 18.016454 19.309050
1 25.913856 27.204227
1 20.088399 21.342022
1 21.323998 22.575390
1 18.969411 20.205595
1 22.163093 23.392578
1 22.193526 23.420155
1 26.825259 28.049865
1 24.124594 25.311722
1 21.566246 22.737535
1 22.648715 23.818027
1 23.393894 24.562293
1 24.522472 25.676149
1 22.517862 23.671406
1 17.838412 18.987197
1 17.810667 18.956329
1 19.027611 20.172954
1 19.305248 20.446254
1 22.635925 23.771586
1 21.631901 22.749720
1 18.266649 19.368212
1 21.307041 22.402893
1 19.992749 21.077136
1 18.327079 19.394446
1 22.670974 23.707179
1 24.802159 25.820881
1 24.185051 25.200376
1 17.902654 18.914664
1 17.963558 18.965164
1 19.217960 20.208428
1 18.944693 19.872529
1 23.680516 24.603420
1 20.966178 21.877650
1 23.514796 24.413080
1 28.485602 29.362670
1 16.511956 17.384673
1 19.555266 20.425581
1 17.470816 18.336395
1 21.855197 22.700164
1 14.260802 15.098675
1 20.832851 21.664551
1 21.428800 22.218019
1 21.872513 22.633935
1 19.294201 20.039562
1 20.137410 20.867527
1 20.516143 21.245312
1 28.521939 29.250551
1 20.882012 21.603754
1 21.768953 22.489728
1 22.032383 22.750258
1 16.172814 16.882383
1 18.838821 19.541407
1 18.884918 19.554133
1 25.803164 26.472291
1 24.454495 25.118895
1 18.071065 18.711728
1 20.347439 20.954293
1 21.653627 22.245846
1 18.818772 19.408406
1 21.301563 21.877609
1 23.343861 23.918889
1 25.959711 26.529910
1 22.341636 22.891682
1 20.797789 21.323902
1 22.334140 22.848105
1 20.167502 20.667982
1 21.597067 22.078991
1 20.768396 21.234008
1 22.217376 22.681952
1 20.263938 20.719082
1 18.910770 19.364566
1 16.219895 16.650477
1 19.699631 20.128190
1 17.446921 17.874863
1 19.140204 19.541919
1 19.757107 20.156389
1 20.890988 21.289386
1 19.240266 19.634338
1 20.893203 21.286843
1 20.927026 21.317942
1 14.867957 15.256877
1 26.945779 27.332423
1 21.889535 22.266710
1 19.706711 20.060342
1 19.532548 19.877910
1 25.181918 25.482865
1 22.378329 22.673771
1 21.336505 21.620237
1 22.194759 22.474839
1 25.861376 26.141446
1 17.056906 17.333883
1 25.521052 25.793590
1 25.706654 25.969715
1 23.279000 23.538514
1 27.740643 27.972240
1 16.718699 16.939819
1 21.159893 21.375556
1 25.553867 25.769141
1 23.173079 23.385679
1 23.330850 23.543367
1 21.394971 21.601409
1 23.575594 23.777100
1 18.053907 18.255204
1 20.350681 20.550536
1 24.878146 25.073532
1 20.390060 20.582622
1 17.994310 18.186761
1 24.827305 25.017475
1 17.874457 18.044105
1 20.487586 20.645828
1 21.559206 21.713959
1 23.112355 23.265154
1 27.484700 27.636879
1 19.418817 19.570463
1 20.608684 20.756622
1 19.809036 19.954026
1 19.575044 19.715300
1 23.958445 24.096284
1 22.054325 22.191810
1 18.406017 18.526677
1 21.193629 21.313774
1 25.582703 25.692281
1 21.932431 22.019923
1 25.784231 25.869947
1 21.057735 21.137815
1 25.398535 25.478457
1 22.801373 22.873114
1 21.370185 21.436080
1 24.139455 24.202042
1 24.173971 24.235549
1 18.326092 18.385772
1 23.076545 23.135581
1 19.596607 19.655058
1 28.245803 28.301379
1 25.406785 25.458628
1 26.462314 26.510087
1 18.056064 18.103652
1 24.440788 24.487168
1 21.514110 21.560161
1 15.974566 16.019479
1 20.180256 20.223129
1 25.766664 25.803185
1 22.856487 22.891536
1 22.113693 22.147782
1 21.621848 21.650217
1 21.519455 21.547341
1 23.147136 23.172953
1 18.091418 18.114401
1 18.649155 18.667301
1 24.376044 24.392035
1 19.989538 20.005044
1 19.997853 20.011750
1 24.865226 24.878221
1 25.073641 25.085078
1 20.066428 20.077565
1 22.917688 22.928438
1 17.405257 17.415823
1 23.576899 23.583820
1 20.978284 20.985059
1 23.121075 23.126168
1 20.907890 20.912049
1 24.662640 24.665865
1 21.661941 21.663287
1 21.848985 21.850123
1 20.546527 20.547493
1 20.723645 20.724341
1 18.699457 18.699833
1 24.227468 24.227780
1 20.823836 20.824000
0 0.000000 inf
0 0.000000 23.207157
0 0.000000 21.250005
0 0.000000 20.395497
0 0.000000 19.764048
0 0.000000 19.667418
0 0.000000 19.597357
0 0.000000 19.578522
0 0.000000 19.481939
0 0.000000 19.422807
0 0.000000 19.392498
0 0.000000 19.246463
0 0.000000 19.238568
0 0.000000 19.139357
0 0.000000 18.929786
0 0.000000 18.910388
0 0.000000 18.909514
0 0.000000 18.737169
0 0.000000 18.601870
0 0.000000 18.582094
0 0.000000 18.580963
0 0.000000 18.492239
0 0.000000 18.395497
0 0.000000 18.205163
0 0.000000 18.187557
0 0.000000 18.178953
0 0.000000 17.921018
0 0.000000 17.914861
0 0.000000 17.776027
0 0.000000 17.758889
0 0.000000 17.722086
0 0.000000 17.714917
0 0.000000 17.712436
0 0.000000 17.683904
0 0.000000 17.678668
0 0.000000 17.634391
0 0.000000 17.592690
0 0.000000 17.545067
0 0.000000 17.516237
0 0.000000 17.464741
0 0.000000 17.398731
0 0.000000 17.365719
0 0.000000 17.364802
0 0.000000 17.325890
0 0.000000 17.291815
0 0.000000 17.284242
0 0.000000 17.266760
0 0.000000 17.234991
0 0.000000 17.216164
0 0.000000 17.084198
0 0.000000 17.023980
0 0.000000 16.963155
0 0.000000 16.900723
0 0.000000 16.837044
0 0.000000 16.767157
0 0.000000 16.764741
0 0.000000 16.761863
0 0.000000 16.757832
0 0.000000 16.712135
0 0.000000 16.701674
0 0.000000 16.660081
0 0.000000 16.623708
0 0.000000 16.603998
0 0.000000 16.462716
0 0.000000 16.406962
0 0.000000 16.356605
0 0.000000 16.302600
0 0.000000 16.273946
0 0.000000 16.196894
0 0.000000 16.187240
0 0.000000 16.123802
0 0.000000 16.098192
0 0.000000 16.082583
0 0.000000 16.049095
0 0.000000 16.011301
0 0.000000 15.937938
0 0.000000 15.926401
0 0.000000 15.891396
0 0.000000 15.871156
0 0.000000 15.854293
0 0.000000 15.843853
0 0.000000 15.831799
0 0.000000 15.750394
0 0.000000 15.722450
0 0.000000 15.659765
0 0.000000 15.527288
0 0.000000 15.519791
0 0.000000 15.517454
0 0.000000 15.494889
0 0.000000 15.488436
0 0.000000 15.476160
0 0.000000 15.463583
0 0.000000 15.411376
0 0.000000 15.378434
0 0.000000 15.354740
0 0.000000 15.351169
0 0.000000 15.351103
0 0.000000 15.310372
0 0.000000 15.263252
0 0.000000 15.103368
0 0.000000 15.096703
0 0.000000 15.049712
0 0.000000 15.039600
0 0.000000 15.002736
0 0.000000 14.970017
0 0.000000 14.934114
0 0.000000 14.930455
0 0.000000 14.909014
0 0.000000 14.873064
0 0.000000 14.855049
0 0.000000 14.788812
0 0.000000 14.733345
0 0.000000 14.700353
0 0.000000 14.633734
0 0.000000 14.593245
0 0.000000 14.468445
0 0.000000 14.454380
0 0.000000 14.445104
0 0.000000 14.431402
0 0.000000 14.377824
0 0.000000 14.374251
0 0.000000 14.295656
0 0.000000 14.285513
0 0.000000 14.283188
0 0.000000 14.257725
0 0.000000 14.195558
0 0.000000 14.160486
0 0.000000 14.158654
0 0.000000 14.093478
0 0.000000 14.072963
0 0.000000 14.071812
0 0.000000 14.057361
0 0.000000 14.029493
0 0.000000 13.997654
0 0.000000 13.948313
0 0.000000 13.945062
0 0.000000 13.909321
0 0.000000 13.886365
0 0.000000 13.881040
0 0.000000 13.873887
0 0.000000 13.782676
0 0.000000 13.769774
0 0.000000 13.749365
0 0.000000 13.711150
0 0.000000 13.704111
0 0.000000 13.692580
0 0.000000 13.690188
0 0.000000 13.682140
0 0.000000 13.675078
0 0.000000 13.637605
0 0.000000 13.627857
0 0.000000 13.617922
0 0.000000 13.562086
0 0.000000 13.502690
0 0.000000 13.472039
0 0.000000 13.399108
0 0.000000 13.372823
0 0.000000 13.302759
0 0.000000 13.155549
0 0.000000 13.028936
0 0.000000 12.996038
0 0.000000 12.887316
0 0.000000 12.884111
0 0.000000 12.861939
0 0.000000 12.861293
0 0.000000 12.840253
0 0.000000 12.672329
0 0.000000 12.591796
0 0.000000 12.565781
0 0.000000 12.546984
0 0.000000 12.536507
0 0.000000 12.417325
0 0.000000 12.389280
0 0.000000 12.387023
0 0.000000 12.349430
0 0.000000 12.234082
0 0.000000 12.079646
0 0.000000 11.873920
0 0.000000 11.721405
0 0.000000 11.539296
0 0.000000 11.506948
0 0.000000 11.270150
0 0.000000 11.134026
0 0.000000 10.673483
0 0.000000 10.634260
0 0.000000 10.487755
0 0.000000 9.298061
