1 26.950760 42.488563
1 28.615553 40.295427
1 30.403337 41.470916
1 24.011347 34.964577
1 27.527621 38.092666
1 31.331742 41.473867
1 28.298206 38.073636
1 22.758636 32.218716
1 22.824018 32.243928
1 26.983201 36.202787
1 22.182702 31.348696
1 24.735774 33.868740
1 23.446781 32.543956
1 22.018563 31.060793
1 26.537124 35.351719
1 29.103580 37.538926
1 24.010293 32.445217
1 28.624511 37.046915
1 26.666845 34.875841
1 24.507080 32.472527
1 21.891073 29.729179
1 28.800622 36.635099
1 23.579742 31.167900
1 24.257049 31.708344
1 24.211499 31.522583
1 26.412899 33.679444
1 28.815929 36.062019
1 25.141786 32.319898
1 21.718928 28.808319
1 33.765595 40.853983
1 21.418320 28.380175
1 29.442749 36.382841
1 24.187885 30.705725
1 23.246398 29.642540
1 30.378449 36.658430
1 23.778748 30.057203
1 27.129927 33.345518
1 32.791054 38.927730
1 25.629780 31.722660
1 26.922566 33.000621
1 25.305671 31.371188
1 21.585143 27.622615
1 28.406063 34.437301
1 21.381842 27.351497
1 24.336010 30.242504
1 20.170206 26.073373
1 25.276067 31.175011
1 31.555440 37.445655
1 27.852309 33.669756
1 31.678388 37.258100
1 23.845282 29.359821
1 22.122053 27.543649
1 19.800106 25.170101
1 27.622148 32.908678
1 23.836161 28.892169
1 35.434937 40.473774
1 30.479635 35.503961
1 21.466243 26.462953
1 34.074383 38.969659
1 24.566445 29.427018
1 29.492041 34.323389
1 36.812422 41.636955
1 29.233434 34.026989
1 29.060578 33.849279
1 26.691363 31.466607
1 28.655578 33.355763
1 23.930694 28.612096
1 28.283781 32.915541
1 29.842788 34.333673
1 35.451635 39.889859
1 26.307396 30.675931
1 24.414974 28.504546
1 20.701683 24.767921
1 34.843923 38.902522
1 25.180018 29.189296
1 29.133788 33.029156
1 21.574371 25.466575
1 23.180939 27.055878
1 25.204808 29.018354
1 25.996479 29.795956
1 32.740160 36.514176
1 24.437897 28.194896
1 26.211578 29.968503
1 25.064488 28.800173
1 23.009557 26.742083
1 25.694165 29.332048
1 23.039864 26.611313
1 29.000245 32.541637
1 28.359473 31.864286
1 33.050757 36.552172
1 33.880207 37.289635
1 21.432129 24.754211
1 20.196959 23.500315
1 31.957825 35.226453
1 33.207674 36.389495
1 22.124038 25.241359
1 36.560400 39.661396
1 26.755400 29.853696
1 28.274849 31.328379
1 29.233379 32.245210
1 22.234930 25.176123
1 24.888364 27.825253
1 23.501865 26.420243
1 30.023243 32.927741
1 29.999784 32.864307
1 20.458433 23.261526
1 30.333055 33.114989
1 22.436552 25.163670
1 17.056194 19.771801
1 20.058374 22.629765
1 36.188918 38.678567
1 30.599580 33.033928
1 23.149751 25.583352
1 22.446433 24.874077
1 21.175617 23.543294
1 29.046316 31.411722
1 24.434856 26.764997
1 27.424998 29.728697
1 22.609139 24.902206
1 22.112164 24.347356
1 23.852293 26.082148
1 22.435521 24.663068
1 27.134674 29.306179
1 36.311947 38.425585
1 35.727439 37.826255
1 24.327345 26.395092
1 33.330957 35.397684
1 23.059719 25.115999
1 30.011967 32.047741
1 30.001407 32.017803
1 34.842615 36.848193
1 34.435558 36.423094
1 25.028038 26.970932
1 38.867536 40.776225
1 24.926254 26.830191
1 27.636990 29.500891
1 26.596296 28.460188
1 23.665665 25.514698
1 22.005256 23.801761
1 22.147096 23.914097
1 22.985965 24.749665
1 30.300353 32.058688
1 22.835636 24.500822
1 22.366062 24.020740
1 23.781706 25.423106
1 23.012283 24.629394
1 30.752518 32.360037
1 32.422733 34.025924
1 24.337230 25.911378
1 22.618756 24.181251
1 20.907803 22.459350
1 20.213491 21.750539
1 34.603210 36.135209
1 22.752088 24.282570
1 25.262565 26.790272
1 29.274364 30.794913
1 29.317979 30.838130
1 34.347803 35.867723
1 27.801784 29.319116
1 26.072886 27.583490
1 27.586651 29.090689
1 25.423049 26.886990
1 23.348167 24.801871
1 35.759992 37.187873
1 29.231149 30.657954
1 28.097480 29.523139
1 26.835194 28.257856
1 24.442364 25.851472
1 30.901256 32.299781
1 28.569510 29.964176
1 32.436009 33.822035
1 22.894759 24.270575
1 28.658159 30.024714
1 22.341998 23.680024
1 31.520737 32.858357
1 28.179349 29.498847
1 29.920366 31.237596
1 37.479034 38.789763
1 21.767398 23.038703
1 37.309007 38.556666
1 25.143192 26.373393
1 30.597205 31.800716
1 39.596067 40.798981
1 34.837463 36.037529
1 35.157160 36.350569
1 22.997610 24.176168
1 33.419348 34.587756
1 22.811799 23.961191
1 23.998341 25.124671
1 28.860012 29.979563
1 21.381900 22.495977
1 27.300513 28.367787
1 23.450230 24.508929
1 27.986639 28.974411
1 32.347458 33.330053
1 40.184713 41.166944
1 29.388552 30.369661
1 27.139539 28.116898
1 26.730499 27.676177
1 23.567321 24.488839
1 27.365634 28.270327
1 33.824637 34.723080
1 24.971585 25.784640
1 22.289193 23.094583
1 22.873444 23.678656
1 20.682789 21.486782
1 30.858279 31.640970
1 27.992604 28.754269
1 18.484971 19.240287
1 27.978210 28.717868
1 40.026694 40.749711
1 32.568976 33.282520
1 28.021086 28.725257
1 31.307583 32.009414
1 24.283080 24.982480
1 36.537254 37.224082
1 27.351785 28.035707
1 34.657819 35.333355
1 22.553316 23.218503
1 26.045870 26.705979
1 30.462309 31.102222
1 30.201306 30.838333
1 36.629967 37.266007
1 26.250769 26.866447
1 25.353350 25.955774
1 24.037603 24.599320
1 28.677374 29.237879
1 31.678445 32.233997
1 32.198929 32.735308
1 27.793971 28.324619
1 32.310191 32.829949
1 30.720312 31.238412
1 34.919691 35.418456
1 27.506729 28.002013
1 26.103363 26.562741
1 30.424069 30.882773
1 32.015157 32.473853
1 23.992495 24.450032
1 35.682522 36.112236
1 27.156858 27.568125
1 27.851735 28.223807
1 28.131841 28.472319
1 30.225463 30.565449
1 32.649602 32.985534
1 26.502161 26.822095
1 31.385884 31.702235
1 39.973594 40.285115
1 29.497961 29.805036
1 30.895492 31.199569
1 22.445701 22.741698
1 24.726127 25.005289
1 25.892642 26.168872
1 28.675888 28.947243
1 29.306686 29.577868
1 22.783770 23.049101
1 28.818075 29.076079
1 20.309808 20.563969
1 31.035706 31.283700
1 36.118530 36.343742
1 23.131251 23.350337
1 34.903524 35.122087
1 29.878051 30.095401
1 25.209465 25.386100
1 24.188202 24.346383
1 28.351574 28.503413
1 30.753256 30.886871
1 23.113673 23.243601
1 28.879840 29.006209
1 32.759108 32.884721
1 36.345374 36.469038
1 30.341964 30.459298
1 35.065095 35.172201
1 24.895571 24.996704
1 29.438368 29.539311
1 31.199043 31.295859
1 20.763933 20.858273
1 26.777036 26.863766
1 30.093826 30.180059
1 31.009111 31.093999
1 29.887754 29.969467
1 28.013578 28.087497
1 30.857119 30.930130
1 27.703281 27.765458
1 31.139580 31.201720
1 29.159397 29.221038
1 31.955077 32.014602
1 29.600897 29.656487
1 37.258892 37.308776
1 27.728816 27.776457
1 28.132922 28.174548
1 24.483411 24.522031
1 34.396528 34.434326
1 20.695643 20.731096
1 37.606418 37.641428
1 28.334725 28.368765
1 40.427152 40.459564
1 29.372313 29.403202
1 37.846535 37.876675
1 24.979639 25.008775
1 42.390280 42.416481
1 36.003949 36.029363
1 32.011297 32.030074
1 29.424414 29.442560
1 32.497624 32.514721
1 27.454369 27.466409
1 37.305029 37.313458
1 32.436264 32.442803
1 26.166985 26.171041
1 30.888010 30.891946
1 24.062982 24.066815
1 31.199125 31.200714
1 25.907039 25.908304
1 35.197626 35.198286
1 32.131750 32.131867
1 28.700820 28.700899
1 32.292761 32.292784
1 33.399031 33.399054
0 0.000000 inf
0 0.000000 31.448995
0 0.000000 31.106742
0 0.000000 30.134169
0 0.000000 29.884922
0 0.000000 29.883593
0 0.000000 29.858452
0 0.000000 29.649679
0 0.000000 29.647738
0 0.000000 28.904624
0 0.000000 28.740401
0 0.000000 28.662324
0 0.000000 28.451802
0 0.000000 27.926682
0 0.000000 27.634017
0 0.000000 27.581811
0 0.000000 27.432540
0 0.000000 26.934695
0 0.000000 26.857190
0 0.000000 26.705531
0 0.000000 26.509044
0 0.000000 26.463889
0 0.000000 26.330168
0 0.000000 26.264429
0 0.000000 26.208862
0 0.000000 26.103288
0 0.000000 25.955007
0 0.000000 25.729701
0 0.000000 25.512597
0 0.000000 25.437247
0 0.000000 25.434173
0 0.000000 25.405323
0 0.000000 25.398996
0 0.000000 25.361740
0 0.000000 25.146347
0 0.000000 24.760036
0 0.000000 24.666107
0 0.000000 24.661045
0 0.000000 24.608648
0 0.000000 24.408715
0 0.000000 24.259397
0 0.000000 24.209226
0 0.000000 24.009756
0 0.000000 23.658263
0 0.000000 23.546748
0 0.000000 23.529704
0 0.000000 23.481673
0 0.000000 23.434660
0 0.000000 23.428591
0 0.000000 23.191275
0 0.000000 22.909427
0 0.000000 22.901472
0 0.000000 22.866162
0 0.000000 22.804541
0 0.000000 22.780112
0 0.000000 22.646795
0 0.000000 22.572053
0 0.000000 22.509456
0 0.000000 22.498043
0 0.000000 22.450369
0 0.000000 22.447303
0 0.000000 22.410968
0 0.000000 22.212707
0 0.000000 22.053886
0 0.000000 22.017218
0 0.000000 22.009812
0 0.000000 21.957232
0 0.000000 21.904980
0 0.000000 21.664346
0 0.000000 21.662664
0 0.000000 21.401098
0 0.000000 21.400491
0 0.000000 21.386299
0 0.000000 21.346548
0 0.000000 21.331043
0 0.000000 21.301557
0 0.000000 21.283847
0 0.000000 21.272010
0 0.000000 21.138019
0 0.000000 21.109610
0 0.000000 21.086807
0 0.000000 21.086718
0 0.000000 21.055979
0 0.000000 20.976189
0 0.000000 20.962127
0 0.000000 20.930406
0 0.000000 20.873475
0 0.000000 20.795436
0 0.000000 20.775581
0 0.000000 20.680151
0 0.000000 20.636957
0 0.000000 20.513810
0 0.000000 20.392148
0 0.000000 20.367977
0 0.000000 20.347054
0 0.000000 20.310262
0 0.000000 20.134586
0 0.000000 20.131838
0 0.000000 20.106293
0 0.000000 20.105081
0 0.000000 20.102503
0 0.000000 20.039247
0 0.000000 20.021291
0 0.000000 20.020480
0 0.000000 19.961610
0 0.000000 19.892463
0 0.000000 19.857907
0 0.000000 19.812314
0 0.000000 19.812175
0 0.000000 19.789939
0 0.000000 19.785871
0 0.000000 19.779361
0 0.000000 19.754262
0 0.000000 19.652098
0 0.000000 19.597239
0 0.000000 19.441356
0 0.000000 19.372531
0 0.000000 19.358449
0 0.000000 19.263588
0 0.000000 19.238972
0 0.000000 19.131137
0 0.000000 19.067093
0 0.000000 19.012276
0 0.000000 18.972029
0 0.000000 18.969704
0 0.000000 18.933998
0 0.000000 18.905482
0 0.000000 18.865408
0 0.000000 18.712715
0 0.000000 18.648884
0 0.000000 18.622856
0 0.000000 18.588969
0 0.000000 18.581745
0 0.000000 18.565381
0 0.000000 18.522725
0 0.000000 18.484870
0 0.000000 18.443003
0 0.000000 18.375470
0 0.000000 18.371791
0 0.000000 18.332482
0 0.000000 18.302342
0 0.000000 18.290360
0 0.000000 18.288390
0 0.000000 18.253451
0 0.000000 18.177208
0 0.000000 18.169131
0 0.000000 18.161699
0 0.000000 18.135906
0 0.000000 18.121498
0 0.000000 17.890832
0 0.000000 17.672593
0 0.000000 17.642089
0 0.000000 17.512319
0 0.000000 17.385139
0 0.000000 17.368642
0 0.000000 17.265880
0 0.000000 17.115688
0 0.000000 17.071543
0 0.000000 17.057747
0 0.000000 16.752093
0 0.000000 16.591183
0 0.000000 16.216455
0 0.000000 15.917278
0 0.000000 15.829143
0 0.000000 15.812975
0 0.000000 15.684239
0 0.000000 15.677201
0 0.000000 15.667577
0 0.000000 15.632599
0 0.000000 15.622481
0 0.000000 15.439510
0 0.000000 15.413095
0 0.000000 15.402365
0 0.000000 15.391154
0 0.000000 15.179812
0 0.000000 15.097237
0 0.000000 15.065705
0 0.000000 15.004856
0 0.000000 14.820329
0 0.000000 14.143393
0 0.000000 14.044872
0 0.000000 13.768464
0 0.000000 13.572479
0 0.000000 13.419098
0 0.000000 13.321008
0 0.000000 12.637624
0 0.000000 11.118928
