1 20.765295 34.139231
1 23.812978 37.183981
1 23.160809 35.967331
1 25.562146 38.121187
1 22.732040 35.253542
1 20.588391 32.851250
1 27.689574 39.860331
1 22.759451 34.164525
1 24.937342 34.992604
1 25.933500 35.484065
1 24.087442 33.587258
1 25.775853 34.838524
1 28.107740 37.125772
1 23.727352 32.579686
1 25.354724 33.701978
1 25.116981 33.244664
1 25.951275 33.977859
1 26.285275 34.271900
1 26.390689 33.945892
1 25.035949 32.505069
1 26.210135 33.553964
1 26.166639 33.356440
1 22.813274 29.886513
1 32.022816 39.095269
1 27.821005 34.848529
1 24.628223 31.653978
1 27.310941 34.250599
1 26.087960 32.749529
1 25.306155 31.940204
1 27.866454 34.253205
1 22.591529 28.942793
1 25.684489 31.943244
1 25.972929 32.205472
1 28.960313 35.122377
1 32.231706 38.253952
1 26.523277 32.438050
1 28.146394 34.008068
1 25.979251 31.781525
1 23.418227 29.184244
1 22.584528 28.187769
1 23.714031 29.315689
1 22.192195 27.784894
1 24.569383 30.025709
1 20.665681 26.116725
1 28.542429 33.981603
1 32.248359 37.617002
1 27.526569 32.888905
1 26.595661 31.640271
1 29.877675 34.755548
1 25.313219 30.159648
1 32.470386 37.274990
1 26.702470 31.501970
1 25.900309 30.485260
1 24.248186 28.824917
1 23.646594 28.147108
1 24.481079 28.858694
1 22.016026 26.389665
1 24.676366 28.955425
1 24.501969 28.737743
1 18.384491 22.405975
1 27.543751 31.418157
1 26.938446 30.787566
1 27.626363 31.471999
1 20.177793 24.007688
1 26.134961 29.940869
1 18.826040 22.625817
1 23.439371 27.047414
1 29.701949 33.258719
1 27.966345 31.371948
1 28.898165 32.274942
1 30.309047 33.618145
1 29.175867 32.479184
1 26.820803 30.120879
1 24.656287 27.948328
1 31.140267 34.419680
1 24.560829 27.820904
1 24.239144 27.458320
1 28.671441 31.869787
1 25.835563 29.018049
1 26.709496 29.869578
1 25.009044 28.066759
1 28.350816 31.305661
1 25.444469 28.338953
1 30.177216 32.994160
1 28.158310 30.967804
1 29.753986 32.560183
1 24.379847 27.173501
1 28.545141 31.296722
1 25.977952 28.717399
1 29.979721 32.694847
1 25.360098 28.061923
1 25.467858 28.145257
1 22.293702 24.955596
1 25.041080 27.661254
1 20.088827 22.678955
1 25.799990 28.378288
1 22.719140 25.287124
1 26.193888 28.718391
1 26.739622 29.255699
1 28.567641 31.068968
1 31.382538 33.883716
1 27.776337 30.213309
1 28.106297 30.538625
1 23.161952 25.574669
1 26.222904 28.621386
1 30.497757 32.894107
1 25.970290 28.346243
1 29.988468 32.322321
1 29.470359 31.789937
1 32.535581 34.849873
1 29.453602 31.763382
1 21.421629 23.664250
1 31.887656 34.095518
1 20.799770 22.994139
1 26.936074 29.106613
1 25.706772 27.848567
1 20.376357 22.509560
1 29.849059 31.980988
1 20.900155 23.001882
1 31.630087 33.725728
1 29.828172 31.912443
1 29.836752 31.878821
1 31.886882 33.912867
1 30.491135 32.501231
1 23.511962 25.519258
1 23.202472 25.199073
1 25.594334 27.548944
1 31.979764 33.923878
1 22.423492 24.363438
1 28.969851 30.881335
1 29.040018 30.944566
1 30.266895 32.112143
1 26.970975 28.814651
1 26.905372 28.740149
1 24.093036 25.896986
1 29.711393 31.488271
1 23.894889 25.644539
1 25.358327 27.102479
1 25.767553 27.503650
1 29.130740 30.865643
1 32.707714 34.435373
1 24.017805 25.738629
1 29.074698 30.787687
1 26.824079 28.517360
1 33.803283 35.476245
1 28.570376 30.210333
1 24.174593 25.804127
1 18.084956 19.711415
1 25.854337 27.450203
1 29.732044 31.323785
1 30.789411 32.375570
1 26.670910 28.253954
1 31.021669 32.602721
1 20.709174 22.278078
1 26.962461 28.496897
1 32.148037 33.675381
1 28.803983 30.303272
1 25.383064 26.875291
1 24.496815 25.968040
1 25.090157 26.551662
1 26.834243 28.232822
1 25.022465 26.380853
1 20.205490 21.513106
1 24.748361 26.013697
1 27.864408 29.127482
1 27.313854 28.562999
1 23.970226 25.190428
1 26.657717 27.870688
1 27.295184 28.500079
1 32.631227 33.834052
1 35.376339 36.574415
1 28.354852 29.522436
1 28.677895 29.835993
1 29.765197 30.921917
1 28.946436 30.078413
1 24.585424 25.710511
1 28.252939 29.374091
1 30.075179 31.152620
1 18.285527 19.356512
1 26.312620 27.378683
1 25.027013 26.080747
1 32.192651 33.225959
1 34.007115 35.022505
1 31.963770 32.938849
1 30.493300 31.419781
1 21.424030 22.349245
1 22.465521 23.370570
1 27.947053 28.830395
1 30.511766 31.394549
1 38.167256 39.045624
1 30.111913 30.979069
1 24.307136 25.171777
1 25.330107 26.185017
1 33.969516 34.812126
1 29.592869 30.432837
1 21.559127 22.388730
1 30.424354 31.241289
1 25.289706 26.097322
1 31.085816 31.882734
1 26.894205 27.682579
1 35.282888 36.067702
1 30.774292 31.543123
1 21.476375 22.243352
1 30.930427 31.625616
1 26.982396 27.672251
1 32.000943 32.689086
1 29.921344 30.564661
1 30.169444 30.810420
1 29.462242 30.101106
1 33.337899 33.976132
1 32.525886 33.154986
1 31.216771 31.843500
1 32.598474 33.223320
1 25.987422 26.602208
1 30.540468 31.150180
1 28.994388 29.527990
1 24.858594 25.386847
1 26.805835 27.320761
1 34.404835 34.881263
1 28.656124 29.127676
1 28.856134 29.321096
1 30.813535 31.276597
1 26.540823 26.986889
1 28.124930 28.562802
1 27.425339 27.855348
1 26.313391 26.739447
1 26.687515 27.106474
1 29.184514 29.598191
1 32.808696 33.204405
1 31.965726 32.359334
1 32.854721 33.245463
1 28.252161 28.638477
1 33.162771 33.548515
1 36.466241 36.848026
1 31.523974 31.892634
1 31.260127 31.619508
1 26.423007 26.778197
1 22.694595 23.042889
1 33.144645 33.490715
1 35.267472 35.612953
1 30.551564 30.894547
1 26.820233 27.156090
1 34.108055 34.432508
1 23.209978 23.530819
1 26.977877 27.287052
1 28.050152 28.355862
1 24.856527 25.161209
1 23.171174 23.469863
1 31.043653 31.327043
1 29.300235 29.578654
1 27.022531 27.291390
1 26.251891 26.513284
1 31.362716 31.613788
1 27.229348 27.480221
1 24.652570 24.898612
1 24.380105 24.614604
1 28.944180 29.177141
1 37.185022 37.410636
1 34.462887 34.672338
1 34.544813 34.748083
1 26.668946 26.867477
1 32.802955 32.990431
1 35.355792 35.540830
1 31.695513 31.880027
1 32.852990 33.018095
1 31.662893 31.827395
1 29.313434 29.465246
1 21.863785 22.013715
1 28.748013 28.888386
1 32.746487 32.886681
1 30.798048 30.935030
1 24.977850 25.113135
1 33.386089 33.513792
1 32.838416 32.953718
1 36.998516 37.108008
1 25.736275 25.845149
1 32.879360 32.977712
1 24.768092 24.862382
1 24.784243 24.867622
1 34.372334 34.440089
1 31.007953 31.075112
1 23.278673 23.344798
1 27.803709 27.868772
1 33.729358 33.794174
1 25.398704 25.460571
1 33.842086 33.900780
1 30.581740 30.635617
1 33.991179 34.037723
1 28.086516 28.132316
1 32.922111 32.961073
1 29.713938 29.751521
1 37.964546 38.001805
1 31.508432 31.545437
1 30.108758 30.144197
1 20.490017 20.523799
1 29.416929 29.450507
1 26.196983 26.230219
1 27.885466 27.918431
1 26.633887 26.659759
1 27.650619 27.673061
1 29.377413 29.393847
1 35.881333 35.897296
1 31.893204 31.907671
1 39.402485 39.416820
1 26.186659 26.199209
1 32.816614 32.824568
1 39.038079 39.044875
1 36.163222 36.168508
1 33.730880 33.735673
1 28.973405 28.976208
1 31.150120 31.151621
1 33.485603 33.486928
1 24.117182 24.118322
1 27.796967 27.797905
1 27.004992 27.005215
1 27.724944 27.725039
1 30.528528 30.528530
0 0.000000 inf
0 0.000000 28.649998
0 0.000000 27.800312
0 0.000000 25.900009
0 0.000000 25.308331
0 0.000000 25.200833
0 0.000000 25.003452
0 0.000000 24.984196
0 0.000000 24.785156
0 0.000000 24.667154
0 0.000000 24.532094
0 0.000000 24.325463
0 0.000000 24.324063
0 0.000000 24.181145
0 0.000000 24.176282
0 0.000000 24.103840
0 0.000000 24.023953
0 0.000000 23.815847
0 0.000000 23.791339
0 0.000000 23.659527
0 0.000000 23.627089
0 0.000000 23.550210
0 0.000000 23.471758
0 0.000000 23.393467
0 0.000000 23.248153
0 0.000000 23.165437
0 0.000000 22.898928
0 0.000000 22.878518
0 0.000000 22.819661
0 0.000000 22.810970
0 0.000000 22.752499
0 0.000000 22.639846
0 0.000000 22.620377
0 0.000000 22.567687
0 0.000000 22.510039
0 0.000000 22.495167
0 0.000000 22.475925
0 0.000000 22.380840
0 0.000000 22.354802
0 0.000000 22.285547
0 0.000000 22.232937
0 0.000000 22.220254
0 0.000000 22.174146
0 0.000000 22.105311
0 0.000000 22.104701
0 0.000000 22.099718
0 0.000000 22.062304
0 0.000000 22.052982
0 0.000000 22.037355
0 0.000000 22.030384
0 0.000000 22.009490
0 0.000000 21.884342
0 0.000000 21.883954
0 0.000000 21.856206
0 0.000000 21.837950
0 0.000000 21.820304
0 0.000000 21.799099
0 0.000000 21.795129
0 0.000000 21.777107
0 0.000000 21.686811
0 0.000000 21.599976
0 0.000000 21.595831
0 0.000000 21.585948
0 0.000000 21.577803
0 0.000000 21.572246
0 0.000000 21.551195
0 0.000000 21.538132
0 0.000000 21.506829
0 0.000000 21.496012
0 0.000000 21.484879
0 0.000000 21.481136
0 0.000000 21.311796
0 0.000000 21.303275
0 0.000000 21.266077
0 0.000000 21.246716
0 0.000000 21.119581
0 0.000000 21.100657
0 0.000000 21.097344
0 0.000000 21.076940
0 0.000000 20.925612
0 0.000000 20.751204
0 0.000000 20.720727
0 0.000000 20.645841
0 0.000000 20.574392
0 0.000000 20.521476
0 0.000000 20.502454
0 0.000000 20.500031
0 0.000000 20.455172
0 0.000000 20.428895
0 0.000000 20.415612
0 0.000000 20.360216
0 0.000000 20.347327
0 0.000000 20.332875
0 0.000000 20.236309
0 0.000000 20.117092
0 0.000000 20.098723
0 0.000000 20.097962
0 0.000000 20.096446
0 0.000000 20.068169
0 0.000000 20.048786
0 0.000000 20.027786
0 0.000000 20.019984
0 0.000000 19.989576
0 0.000000 19.856984
0 0.000000 19.792925
0 0.000000 19.701772
0 0.000000 19.484884
0 0.000000 19.405399
0 0.000000 19.337223
0 0.000000 19.291822
0 0.000000 19.281748
0 0.000000 19.280321
0 0.000000 19.182607
0 0.000000 19.151547
0 0.000000 19.135001
0 0.000000 18.964706
0 0.000000 18.797033
0 0.000000 18.780773
0 0.000000 18.685421
0 0.000000 18.637775
0 0.000000 18.633094
0 0.000000 18.616180
0 0.000000 18.546014
0 0.000000 18.514752
0 0.000000 18.499959
0 0.000000 18.342320
0 0.000000 18.244913
0 0.000000 18.142142
0 0.000000 18.095058
0 0.000000 17.947696
0 0.000000 17.837737
0 0.000000 17.835410
0 0.000000 17.762604
0 0.000000 17.727480
0 0.000000 17.718017
0 0.000000 17.562556
0 0.000000 17.543142
0 0.000000 17.470604
0 0.000000 17.415830
0 0.000000 17.396666
0 0.000000 17.392560
0 0.000000 17.379899
0 0.000000 17.371785
0 0.000000 17.340815
0 0.000000 17.330281
0 0.000000 17.322559
0 0.000000 17.163843
0 0.000000 17.050188
0 0.000000 16.972264
0 0.000000 16.970014
0 0.000000 16.777037
0 0.000000 16.770191
0 0.000000 16.687843
0 0.000000 16.636665
0 0.000000 16.602699
0 0.000000 16.531779
0 0.000000 16.399663
0 0.000000 16.286500
0 0.000000 16.205483
0 0.000000 16.153599
0 0.000000 16.133993
0 0.000000 16.129480
0 0.000000 15.808953
0 0.000000 15.752656
0 0.000000 15.651004
0 0.000000 15.561851
0 0.000000 15.446360
0 0.000000 15.428258
0 0.000000 15.353175
0 0.000000 15.303300
0 0.000000 15.286210
0 0.000000 15.251605
0 0.000000 15.224142
0 0.000000 15.175944
0 0.000000 15.134952
0 0.000000 14.978030
0 0.000000 14.856743
0 0.000000 14.626676
0 0.000000 14.571272
0 0.000000 14.455767
0 0.000000 14.315350
0 0.000000 13.552781
0 0.000000 12.967170
0 0.000000 12.929952
0 0.000000 12.896220
0 0.000000 12.761410
0 0.000000 11.982418
