1 19.410663 31.721642
1 18.465207 30.225531
1 19.698717 29.856049
1 18.188988 27.497170
1 20.921558 29.993625
1 19.043726 27.932680
1 22.861189 31.372859
1 20.999047 29.439986
1 19.606116 27.792620
1 18.851173 26.671617
1 19.297953 26.924896
1 19.848273 26.970843
1 19.047705 26.123262
1 19.640626 26.680717
1 18.738991 25.559564
1 19.926189 26.709098
1 18.264753 25.030287
1 21.555310 28.317849
1 18.262482 24.942934
1 17.900935 24.481578
1 19.226956 25.784642
1 21.456440 27.948053
1 17.829304 24.273641
1 19.663825 26.079851
1 19.749487 26.165460
1 20.500314 26.825036
1 22.129405 28.357984
1 17.584308 23.566654
1 21.624295 27.537949
1 19.494334 25.283664
1 22.671599 28.427437
1 20.197097 25.907241
1 18.416439 24.102512
1 23.471822 28.993971
1 21.772797 27.214234
1 20.395156 25.815074
1 20.352705 25.768857
1 16.776820 22.159280
1 19.262891 24.451296
1 20.462158 25.611797
1 19.723837 24.722512
1 20.967740 25.902778
1 20.189843 25.094477
1 21.218282 26.110856
1 21.793270 26.422071
1 20.169257 24.775515
1 19.565410 24.135209
1 21.690240 26.153566
1 21.905372 26.208642
1 19.735749 23.948857
1 21.927125 26.086330
1 20.612361 24.708055
1 22.189868 26.272764
1 18.787555 22.849070
1 18.010800 22.035214
1 22.913415 26.861570
1 18.883395 22.804831
1 18.998260 22.879674
1 19.392033 23.249675
1 18.497254 22.347136
1 20.341259 24.179934
1 22.990802 26.798990
1 19.103872 22.862496
1 19.806505 23.551729
1 20.078932 23.660831
1 19.477704 22.978338
1 17.599106 21.083686
1 17.964129 21.435772
1 20.683363 24.138805
1 18.319029 21.771708
1 22.639215 25.773510
1 23.205557 26.324609
1 22.243040 25.337476
1 18.487959 21.574149
1 23.404241 26.480247
1 19.761139 22.754607
1 21.431821 24.388875
1 20.356994 23.232329
1 18.518766 21.377640
1 22.670597 25.489632
1 19.916518 22.722375
1 21.483804 24.285022
1 20.339643 23.112886
1 18.514492 21.244963
1 28.229830 30.934743
1 19.398252 22.028096
1 21.967596 24.595461
1 19.797460 22.364464
1 18.942027 21.451253
1 22.996239 25.480617
1 17.916551 20.325301
1 23.035425 25.437914
1 21.671752 24.025321
1 21.369641 23.705602
1 19.908067 22.222882
1 23.392303 25.702564
1 21.471803 23.708707
1 25.619847 27.852309
1 21.114809 23.341592
1 22.323527 24.544648
1 22.190420 24.393707
1 19.608682 21.796430
1 19.200002 21.360225
1 21.672829 23.747248
1 20.364639 22.405838
1 19.050619 21.077247
1 17.576331 19.596050
1 21.459272 23.466215
1 17.075045 19.077766
1 22.595584 24.534492
1 20.681323 22.615044
1 20.980832 22.900688
1 21.184897 23.087261
1 16.856003 18.746210
1 19.159292 21.044689
1 16.485144 18.364637
1 19.413762 21.281939
1 22.428390 24.259283
1 23.918747 25.737028
1 19.532787 21.312696
1 21.035455 22.808873
1 20.363255 22.123388
1 22.463682 24.209786
1 18.720128 20.459176
1 26.792416 28.529562
1 21.581335 23.317363
1 22.614313 24.344381
1 21.246170 22.951441
1 19.872995 21.573971
1 21.561869 23.246977
1 22.038868 23.715605
1 20.488728 22.137510
1 21.263054 22.907107
1 21.953299 23.587033
1 20.493013 22.094280
1 18.499827 20.099722
1 21.207169 22.785479
1 21.290047 22.860244
1 19.917713 21.482141
1 21.976731 23.539558
1 21.933255 23.457032
1 22.345655 23.856614
1 19.847203 21.353806
1 19.878073 21.382193
1 21.332463 22.792826
1 15.671623 17.095991
1 21.292008 22.683699
1 21.188448 22.578624
1 18.457905 19.831023
1 24.499285 25.869764
1 19.709284 21.060738
1 19.285044 20.610141
1 21.736188 23.041237
1 22.655894 23.952740
1 19.970527 21.213822
1 22.423842 23.652776
1 17.359391 18.567867
1 20.682867 21.885898
1 18.201632 19.388089
1 18.426808 19.598538
1 19.086817 20.239538
1 23.066532 24.171259
1 19.825325 20.924496
1 21.056169 22.142775
1 22.430820 23.517106
1 21.340180 22.421848
1 22.130105 23.200007
1 20.169790 21.232943
1 22.811763 23.865197
1 21.516863 22.567539
1 20.471366 21.512041
1 24.334369 25.374110
1 23.281615 24.315086
1 23.700562 24.730896
1 19.651416 20.678215
1 21.972367 22.946430
1 18.361729 19.333469
1 19.833615 20.776284
1 23.610883 24.525676
1 25.748302 26.656627
1 24.367339 25.273916
1 17.661607 18.560964
1 24.954322 25.829157
1 19.672356 20.507366
1 20.879012 21.708930
1 19.991527 20.819883
1 21.973138 22.794780
1 20.075732 20.870230
1 24.071274 24.861922
1 23.531327 24.314205
1 20.330643 21.111674
1 19.445782 20.221175
1 23.795109 24.558960
1 23.658273 24.409234
1 24.019384 24.768219
1 22.361592 23.108958
1 21.761529 22.498862
1 21.799768 22.532810
1 24.063854 24.775609
1 19.758585 20.469850
1 26.922989 27.598519
1 22.359226 23.034052
1 22.578490 23.247914
1 21.057314 21.717597
1 23.889231 24.544166
1 19.887558 20.530516
1 24.342921 24.978475
1 19.542831 20.173048
1 19.859952 20.488436
1 23.549047 24.166709
1 25.978748 26.596174
1 22.213682 22.829734
1 22.145117 22.761017
1 25.790871 26.405645
1 20.238672 20.821284
1 27.116040 27.686850
1 25.342310 25.898105
1 26.053337 26.597376
1 18.454743 18.995802
1 19.622606 20.142404
1 25.180763 25.693009
1 21.863269 22.367014
1 22.585828 23.087575
1 22.306424 22.803086
1 23.293268 23.789876
1 21.724481 22.217186
1 20.031453 20.522996
1 23.817226 24.283579
1 20.258014 20.718530
1 18.554079 19.011703
1 27.582078 27.992240
1 22.418233 22.823896
1 29.901216 30.290391
1 21.844114 22.211268
1 24.335688 24.694513
1 27.814760 28.168252
1 24.155755 24.499919
1 20.909989 21.239385
1 21.215466 21.542817
1 24.403703 24.715090
1 24.512920 24.812121
1 16.840092 17.135897
1 23.913611 24.206418
1 21.678883 21.971067
1 24.679914 24.940654
1 19.838122 20.098431
1 25.826860 26.081522
1 26.085355 26.315667
1 24.725701 24.952567
1 23.554482 23.774012
1 26.125366 26.336555
1 20.350476 20.561375
1 21.678164 21.888713
1 27.136085 27.339713
1 23.015069 23.215684
1 22.095026 22.290444
1 24.657604 24.846436
1 22.104285 22.290629
1 30.893158 31.071079
1 23.883296 24.060975
1 22.734609 22.909929
1 29.128818 29.295371
1 23.927344 24.093154
1 26.607350 26.766435
1 25.015325 25.170716
1 28.396611 28.540924
1 26.602803 26.742584
1 22.879441 23.016577
1 25.297284 25.427707
1 24.444427 24.572067
1 24.958911 25.072099
1 28.930562 29.032937
1 25.695632 25.784238
1 24.338186 24.424314
1 21.585758 21.667858
1 25.361399 25.440113
1 21.565668 21.630837
1 20.701208 20.758113
1 27.200688 27.257080
1 22.177034 22.233068
1 29.721697 29.775523
1 24.940954 24.994284
1 27.648403 27.701599
1 21.252266 21.304853
1 25.378921 25.430645
1 21.862862 21.913627
1 22.535244 22.583826
1 25.461105 25.502743
1 27.682079 27.722793
1 23.842125 23.882275
1 30.735555 30.775612
1 26.843179 26.879770
1 23.060418 23.094262
1 25.706670 25.737045
1 22.614202 22.643584
1 25.591302 25.619663
1 20.115565 20.143874
1 22.727633 22.754043
1 24.886024 24.911483
1 28.228896 28.253704
1 22.051028 22.075504
1 24.212043 24.235420
1 22.872047 22.894262
1 21.668640 21.689568
1 25.526495 25.541714
1 24.207830 24.222833
1 26.243153 26.257835
1 21.389975 21.400504
1 23.592374 23.601573
1 23.220956 23.228894
1 27.785715 27.791181
1 29.042849 29.048257
1 25.921684 25.925825
1 20.829923 20.834058
1 20.513032 20.516034
1 29.713239 29.716197
1 25.899259 25.901362
1 28.065940 28.067445
1 21.939298 21.940739
1 24.892348 24.892949
1 21.982775 21.983123
0 0.000000 inf
0 0.000000 22.574772
0 0.000000 21.410582
0 0.000000 21.164175
0 0.000000 20.766183
0 0.000000 20.505191
0 0.000000 20.244533
0 0.000000 20.157533
0 0.000000 19.989502
0 0.000000 19.794931
0 0.000000 19.756672
0 0.000000 19.712688
0 0.000000 19.680426
0 0.000000 19.661953
0 0.000000 19.506227
0 0.000000 19.257652
0 0.000000 19.197428
0 0.000000 19.176920
0 0.000000 19.140906
0 0.000000 19.038187
0 0.000000 19.024464
0 0.000000 19.000304
0 0.000000 18.990872
0 0.000000 18.987857
0 0.000000 18.946806
0 0.000000 18.869898
0 0.000000 18.862215
0 0.000000 18.810726
0 0.000000 18.805563
0 0.000000 18.734184
0 0.000000 18.722695
0 0.000000 18.667688
0 0.000000 18.662131
0 0.000000 18.572452
0 0.000000 18.526185
0 0.000000 18.472665
0 0.000000 18.469379
0 0.000000 18.426050
0 0.000000 18.413599
0 0.000000 18.404607
0 0.000000 18.378793
0 0.000000 18.259603
0 0.000000 18.258667
0 0.000000 18.240087
0 0.000000 18.176642
0 0.000000 18.175119
0 0.000000 18.000967
0 0.000000 17.900679
0 0.000000 17.837983
0 0.000000 17.748366
0 0.000000 17.740301
0 0.000000 17.739314
0 0.000000 17.737333
0 0.000000 17.734284
0 0.000000 17.648153
0 0.000000 17.639596
0 0.000000 17.624820
0 0.000000 17.496683
0 0.000000 17.489641
0 0.000000 17.400664
0 0.000000 17.363908
0 0.000000 17.357055
0 0.000000 17.270145
0 0.000000 17.259749
0 0.000000 17.254060
0 0.000000 17.230655
0 0.000000 17.107766
0 0.000000 17.086759
0 0.000000 17.034606
0 0.000000 17.021309
0 0.000000 16.993381
0 0.000000 16.963572
0 0.000000 16.963202
0 0.000000 16.949635
0 0.000000 16.928773
0 0.000000 16.920013
0 0.000000 16.914343
0 0.000000 16.890471
0 0.000000 16.880675
0 0.000000 16.865231
0 0.000000 16.854384
0 0.000000 16.842364
0 0.000000 16.834809
0 0.000000 16.813153
0 0.000000 16.811524
0 0.000000 16.807837
0 0.000000 16.784504
0 0.000000 16.778734
0 0.000000 16.775875
0 0.000000 16.758299
0 0.000000 16.747812
0 0.000000 16.726489
0 0.000000 16.706945
0 0.000000 16.673900
0 0.000000 16.663562
0 0.000000 16.480250
0 0.000000 16.476601
0 0.000000 16.465298
0 0.000000 16.443438
0 0.000000 16.440920
0 0.000000 16.395147
0 0.000000 16.373952
0 0.000000 16.349761
0 0.000000 16.336107
0 0.000000 16.321538
0 0.000000 16.257312
0 0.000000 16.245089
0 0.000000 16.200086
0 0.000000 16.174029
0 0.000000 16.157334
0 0.000000 16.146854
0 0.000000 16.127810
0 0.000000 16.040101
0 0.000000 16.001171
0 0.000000 15.924558
0 0.000000 15.915862
0 0.000000 15.860753
0 0.000000 15.851335
0 0.000000 15.837856
0 0.000000 15.813579
0 0.000000 15.761834
0 0.000000 15.700403
0 0.000000 15.644703
0 0.000000 15.609899
0 0.000000 15.600461
0 0.000000 15.600260
0 0.000000 15.572849
0 0.000000 15.572748
0 0.000000 15.554195
0 0.000000 15.539113
0 0.000000 15.517323
0 0.000000 15.418320
0 0.000000 15.401585
0 0.000000 15.318817
0 0.000000 15.305673
0 0.000000 15.299376
0 0.000000 15.276699
0 0.000000 15.273410
0 0.000000 15.272221
0 0.000000 15.152583
0 0.000000 15.082086
0 0.000000 15.004616
0 0.000000 14.965431
0 0.000000 14.814611
0 0.000000 14.717843
0 0.000000 14.705445
0 0.000000 14.618363
0 0.000000 14.601079
0 0.000000 14.586687
0 0.000000 14.494118
0 0.000000 14.333310
0 0.000000 14.243548
0 0.000000 14.224923
0 0.000000 14.184060
0 0.000000 14.160472
0 0.000000 14.082425
0 0.000000 14.080182
0 0.000000 14.055937
0 0.000000 14.006966
0 0.000000 13.964749
0 0.000000 13.914339
0 0.000000 13.906560
0 0.000000 13.892500
0 0.000000 13.870667
0 0.000000 13.795786
0 0.000000 13.727258
0 0.000000 13.703716
0 0.000000 13.699617
0 0.000000 13.675069
0 0.000000 13.466111
0 0.000000 13.455494
0 0.000000 13.392390
0 0.000000 13.252843
0 0.000000 13.079145
0 0.000000 12.926474
0 0.000000 12.904625
0 0.000000 12.884596
0 0.000000 12.696068
0 0.000000 12.646862
0 0.000000 12.011497
0 0.000000 11.995018
0 0.000000 11.936720
0 0.000000 11.748084
0 0.000000 11.347702
0 0.000000 11.275537
0 0.000000 10.010955
0 0.000000 9.304167
