1 24.780233 39.416279
1 24.347056 38.849461
1 27.349109 40.628464
1 26.054687 37.930115
1 25.538380 36.939866
1 23.400323 34.458801
1 26.478478 36.972966
1 24.815499 34.835036
1 25.617995 35.199857
1 26.482060 36.045912
1 24.833301 34.118648
1 24.318777 33.582895
1 24.752875 33.769320
1 24.957446 33.715819
1 24.156109 32.720090
1 26.544053 35.082342
1 31.391465 39.839828
1 27.529998 35.818057
1 26.890477 35.163324
1 29.544093 37.808345
1 26.738261 34.975237
1 24.373829 32.376344
1 27.198543 35.035339
1 26.495012 34.294354
1 22.110860 29.711372
1 29.527785 36.951233
1 26.635644 33.909063
1 26.663307 33.742169
1 24.861461 31.783060
1 29.517314 36.318181
1 21.864259 28.596245
1 25.644258 32.370596
1 28.669747 35.292601
1 29.407589 35.998467
1 22.364357 28.887446
1 31.083755 37.603207
1 24.886147 31.162768
1 25.377756 31.397123
1 25.947840 31.881690
1 27.763840 33.669323
1 31.987744 37.732462
1 20.733009 26.350308
1 24.151149 29.764944
1 26.429638 31.846163
1 29.442688 34.730615
1 27.590847 32.748669
1 24.548781 29.660695
1 25.040605 30.099882
1 32.413252 37.462401
1 30.688780 35.716813
1 27.305887 32.313920
1 25.842830 30.847862
1 23.264504 28.213912
1 25.990269 30.800539
1 26.755461 31.492284
1 28.288108 33.003970
1 28.105391 32.776150
1 29.165892 33.770416
1 24.050101 28.619606
1 26.821623 31.212763
1 26.924565 31.254626
1 25.075324 29.269801
1 26.580519 30.768444
1 26.934923 31.026958
1 27.825158 31.905611
1 25.747876 29.766947
1 24.453913 28.438939
1 24.837463 28.700929
1 28.974419 32.784626
1 25.629406 29.405450
1 28.934293 32.643362
1 23.741088 27.358390
1 27.179596 30.739850
1 27.411805 30.810154
1 28.027073 31.413383
1 24.826804 28.210640
1 29.525808 32.878227
1 27.006421 30.318193
1 27.810703 31.089603
1 30.404155 33.626944
1 27.390351 30.580756
1 19.984187 23.098898
1 31.634711 34.739365
1 20.053336 23.125459
1 23.864089 26.919734
1 28.715600 31.754791
1 22.099492 25.039898
1 27.713438 30.585866
1 25.064311 27.833433
1 33.359156 36.123004
1 30.165200 32.905118
1 31.412930 34.128064
1 28.204608 30.919365
1 30.496853 33.174969
1 27.264714 29.878976
1 29.137522 31.700733
1 21.969399 24.503876
1 24.993091 27.499700
1 26.969402 29.454102
1 30.284852 32.767577
1 31.165221 33.587391
1 26.382100 28.795497
1 25.100639 27.502364
1 29.907902 32.273379
1 27.310704 29.661464
1 27.499343 29.824181
1 28.841642 31.159190
1 25.308326 27.601128
1 19.446899 21.714681
1 30.900482 33.116684
1 26.947292 29.142695
1 29.566771 31.729459
1 22.338283 24.498749
1 35.965957 38.125607
1 24.278773 26.438036
1 29.556421 31.712974
1 27.286167 29.433156
1 25.516608 27.644863
1 22.718464 24.844154
1 28.525345 30.647481
1 23.017982 25.134163
1 27.683126 29.765129
1 25.292890 27.354776
1 33.681890 35.743030
1 24.495592 26.512491
1 27.957660 29.968144
1 27.548965 29.519430
1 29.696226 31.653637
1 29.491814 31.430594
1 29.387093 31.318465
1 28.144109 30.066590
1 22.447147 24.355246
1 27.192925 29.054906
1 28.822027 30.679614
1 31.999649 33.855559
1 28.583965 30.427813
1 30.201130 32.040850
1 32.603301 34.429328
1 28.696668 30.505060
1 30.919540 32.672158
1 25.024556 26.770612
1 25.075259 26.811888
1 25.365541 27.079614
1 22.219275 23.922507
1 31.428202 33.110366
1 27.406347 29.087328
1 29.365355 31.027749
1 35.698750 37.359710
1 28.949551 30.593639
1 36.522906 38.147871
1 32.730510 34.340191
1 25.100006 26.688938
1 26.887216 28.474479
1 30.648328 32.223846
1 30.313958 31.866895
1 24.251569 25.765610
1 30.590959 32.048111
1 31.606210 33.046390
1 27.565022 29.002823
1 27.751872 29.170851
1 24.573074 25.986253
1 24.974349 26.328590
1 28.393470 29.725923
1 27.093792 28.406418
1 30.854107 32.145924
1 29.009732 30.300023
1 31.948110 33.217417
1 28.763511 30.031342
1 29.685678 30.950945
1 22.362917 23.627263
1 30.615205 31.861075
1 27.922861 29.164948
1 26.584757 27.825784
1 21.570919 22.778510
1 25.923961 27.129085
1 31.708163 32.889648
1 31.462335 32.626345
1 27.871927 28.973793
1 27.089875 28.184934
1 24.944359 26.038113
1 25.377069 26.459725
1 25.827710 26.904774
1 26.091097 27.158969
1 26.851010 27.905776
1 26.252690 27.303007
1 36.813024 37.862480
1 25.341456 26.383424
1 33.669746 34.695784
1 25.994991 26.995654
1 26.672788 27.651236
1 29.751143 30.719441
1 37.285895 38.251663
1 35.065207 36.025488
1 32.797923 33.756751
1 24.670716 25.628619
1 30.505446 31.459486
1 27.501243 28.440578
1 32.721150 33.616098
1 29.113802 30.002169
1 26.439238 27.316769
1 31.012209 31.875272
1 24.792489 25.650749
1 27.832424 28.688922
1 33.921248 34.773258
1 35.125457 35.960129
1 28.344872 29.175076
1 28.253063 29.082501
1 29.896511 30.721424
1 36.353696 37.169638
1 33.006504 33.814445
1 31.807037 32.590376
1 21.071296 21.836264
1 33.355900 34.107131
1 23.543352 24.291365
1 28.288368 29.029760
1 25.789068 26.527276
1 25.075299 25.806959
1 22.219867 22.927282
1 24.305286 24.997116
1 24.948546 25.629685
1 36.154533 36.832155
1 38.765093 39.441427
1 29.473658 30.147394
1 35.298714 35.929229
1 27.330810 27.957332
1 29.274303 29.895233
1 28.591364 29.202454
1 34.663418 35.263409
1 31.706142 32.294645
1 27.404185 27.954451
1 30.945161 31.484784
1 28.158129 28.695477
1 32.902334 33.433153
1 25.937740 26.459549
1 28.338306 28.847500
1 26.174480 26.674716
1 28.679743 29.179971
1 30.438279 30.933086
1 33.627762 34.120876
1 28.384554 28.875070
1 30.265248 30.755216
1 30.755409 31.225518
1 32.182051 32.639742
1 31.095560 31.538273
1 34.701093 35.141017
1 34.592181 35.011270
1 32.379153 32.796050
1 36.325693 36.739980
1 30.401018 30.797748
1 26.957630 27.301606
1 28.953666 29.293435
1 34.497635 34.834173
1 31.036193 31.371222
1 31.222293 31.555537
1 28.377556 28.707134
1 30.944986 31.273214
1 34.818754 35.133283
1 30.799666 31.102381
1 27.917305 28.213799
1 31.939917 32.223467
1 23.268247 23.551003
1 26.957945 27.237553
1 34.459300 34.733188
1 30.834352 31.107981
1 27.071256 27.341674
1 31.605152 31.866032
1 26.605837 26.852448
1 29.095923 29.340623
1 28.116941 28.355438
1 22.699694 22.925810
1 37.323435 37.540740
1 33.655765 33.867650
1 27.848659 28.053164
1 27.522138 27.725318
1 31.592394 31.785220
1 21.902943 22.087153
1 30.734762 30.915953
1 31.712414 31.891281
1 28.693662 28.864131
1 33.147008 33.317049
1 29.859254 30.025404
1 29.611704 29.776882
1 24.633501 24.774083
1 36.739443 36.865621
1 30.679090 30.804937
1 35.363471 35.486159
1 30.888783 31.002702
1 31.592327 31.705999
1 31.125861 31.238483
1 28.326107 28.438061
1 31.493758 31.604498
1 31.247972 31.341232
1 33.474276 33.563521
1 34.426875 34.515235
1 32.492397 32.568733
1 32.388578 32.457019
1 23.615703 23.683037
1 30.725579 30.788411
1 36.679346 36.740554
1 30.773415 30.833686
1 30.143068 30.199522
1 32.498517 32.550042
1 26.309243 26.343958
1 26.165297 26.199222
1 36.020618 36.053739
1 36.891649 36.921443
1 20.702486 20.727453
1 33.948179 33.971358
1 28.838394 28.861441
1 31.545946 31.567356
1 27.066957 27.083717
1 33.182140 33.196324
1 37.320913 37.334281
1 40.190163 40.196849
1 36.307208 36.311154
1 34.174511 34.178225
1 39.249801 39.252645
1 28.458229 28.460392
1 31.878556 31.880216
1 32.037133 32.038698
1 27.700660 27.701839
1 28.343688 28.343925
1 29.778988 29.779057
1 31.496215 31.496263
0 0.000000 inf
0 0.000000 28.475776
0 0.000000 28.395950
0 0.000000 28.240593
0 0.000000 27.838046
0 0.000000 27.174700
0 0.000000 27.089082
0 0.000000 27.002924
0 0.000000 26.521376
0 0.000000 26.380964
0 0.000000 26.157700
0 0.000000 26.008241
0 0.000000 25.966487
0 0.000000 25.893794
0 0.000000 25.717023
0 0.000000 25.644239
0 0.000000 25.598568
0 0.000000 25.391752
0 0.000000 25.388709
0 0.000000 25.262713
0 0.000000 25.154462
0 0.000000 25.140408
0 0.000000 25.113907
0 0.000000 25.016966
0 0.000000 24.949206
0 0.000000 24.903327
0 0.000000 24.812443
0 0.000000 24.799198
0 0.000000 24.755739
0 0.000000 24.726493
0 0.000000 24.686561
0 0.000000 24.601905
0 0.000000 24.597464
0 0.000000 24.423757
0 0.000000 24.408989
0 0.000000 24.341603
0 0.000000 24.090848
0 0.000000 24.081787
0 0.000000 23.962395
0 0.000000 23.951836
0 0.000000 23.902146
0 0.000000 23.874102
0 0.000000 23.867004
0 0.000000 23.821845
0 0.000000 23.708444
0 0.000000 23.589405
0 0.000000 23.495406
0 0.000000 23.373385
0 0.000000 23.307133
0 0.000000 23.306024
0 0.000000 23.299639
0 0.000000 23.209496
0 0.000000 23.208998
0 0.000000 23.205505
0 0.000000 23.192437
0 0.000000 23.163584
0 0.000000 23.143932
0 0.000000 23.118333
0 0.000000 23.097171
0 0.000000 23.065562
0 0.000000 23.043175
0 0.000000 22.931805
0 0.000000 22.815039
0 0.000000 22.760438
0 0.000000 22.730803
0 0.000000 22.692499
0 0.000000 22.657345
0 0.000000 22.571166
0 0.000000 22.425069
0 0.000000 22.423146
0 0.000000 22.413399
0 0.000000 22.294958
0 0.000000 22.224838
0 0.000000 22.214191
0 0.000000 22.138193
0 0.000000 22.086759
0 0.000000 22.062307
0 0.000000 22.027675
0 0.000000 21.952066
0 0.000000 21.951254
0 0.000000 21.747554
0 0.000000 21.694245
0 0.000000 21.649271
0 0.000000 21.619793
0 0.000000 21.455505
0 0.000000 21.445384
0 0.000000 21.369792
0 0.000000 21.369621
0 0.000000 21.307869
0 0.000000 21.272683
0 0.000000 21.206780
0 0.000000 21.157194
0 0.000000 21.066612
0 0.000000 21.015997
0 0.000000 21.005879
0 0.000000 20.953769
0 0.000000 20.925042
0 0.000000 20.864497
0 0.000000 20.849854
0 0.000000 20.829715
0 0.000000 20.823397
0 0.000000 20.748904
0 0.000000 20.661906
0 0.000000 20.661512
0 0.000000 20.531960
0 0.000000 20.523500
0 0.000000 20.509814
0 0.000000 20.488048
0 0.000000 20.440951
0 0.000000 20.417878
0 0.000000 20.379205
0 0.000000 20.332268
0 0.000000 20.235669
0 0.000000 20.196437
0 0.000000 20.160668
0 0.000000 20.155201
0 0.000000 20.058159
0 0.000000 19.915766
0 0.000000 19.884515
0 0.000000 19.866687
0 0.000000 19.845192
0 0.000000 19.752117
0 0.000000 19.732971
0 0.000000 19.684248
0 0.000000 19.677142
0 0.000000 19.675174
0 0.000000 19.632769
0 0.000000 19.622279
0 0.000000 19.488366
0 0.000000 19.464404
0 0.000000 19.461722
0 0.000000 19.453795
0 0.000000 19.327704
0 0.000000 19.305813
0 0.000000 19.288296
0 0.000000 19.249945
0 0.000000 19.234494
0 0.000000 19.216389
0 0.000000 19.186285
0 0.000000 19.158784
0 0.000000 19.075169
0 0.000000 19.063229
0 0.000000 18.969729
0 0.000000 18.850019
0 0.000000 18.754756
0 0.000000 18.647623
0 0.000000 18.430956
0 0.000000 18.345748
0 0.000000 18.335893
0 0.000000 18.331358
0 0.000000 18.291719
0 0.000000 18.289716
0 0.000000 18.280856
0 0.000000 18.195199
0 0.000000 18.155307
0 0.000000 18.065876
0 0.000000 17.973217
0 0.000000 17.904309
0 0.000000 17.823595
0 0.000000 17.666219
0 0.000000 17.500848
0 0.000000 17.498340
0 0.000000 17.351978
0 0.000000 17.342328
0 0.000000 17.295193
0 0.000000 16.981929
0 0.000000 16.964699
0 0.000000 16.941278
0 0.000000 16.475522
0 0.000000 16.320815
0 0.000000 15.545233
0 0.000000 15.510802
0 0.000000 15.286067
0 0.000000 15.251243
0 0.000000 15.071866
0 0.000000 14.996161
0 0.000000 14.813826
0 0.000000 14.774129
0 0.000000 14.729207
0 0.000000 14.635635
0 0.000000 14.631954
0 0.000000 14.474412
0 0.000000 14.295269
0 0.000000 13.815163
0 0.000000 13.144870
0 0.000000 11.062314
0 0.000000 9.818549
