19.7369414726243 21.2397734424166 1
3.94444444444444 52.8611111111111 2
9.10200668896321 93.4682274247492 3
1.81081081081081 117.27027027027 4
9.39011703511053 150.221066319896 5
26.7123935666982 121.176915799432 6
26.8279198341396 66.6102280580511 7
24.051724137931 169.913793103448 8
42.1460396039604 88.7029702970297 9
44.1042553191489 147.657446808511 10
51.0926174496644 104.724832214765 11
59.815992730577 40.0640617900954 12
59.6492027334852 5.55580865603645 13
90.2399825783972 157.878048780488 14
88.7855887521968 52.6608084358524 15
80.7272727272727 91.9346271705822 16
83.5906374501992 122.618525896414 17
86.5333333333333 66.768253968254 18
91.3516483516484 5.15934065934066 19
104.64581763376 32.3865862848531 20
128.96735395189 80.9106529209622 21
111.548859934853 119.539087947883 22
119.701923076923 4.65384615384615 23
144.567542213884 31.922138836773 24
137.823116219668 129.889527458493 25
157.912397921307 147.014105419451 26
133.5 172.666666666667 27
161.640449438202 11.3820224719101 28
161.641304347826 169.461956521739 29
162.664197530864 99.5654320987654 30
167.603174603175 2.88888888888889 31
168.326666666667 62.0533333333333 32
172.384615384615 86.9615384615385 33
