65.3074295473954 9.52519214346712 1
31.3449735449735 45.9202821869489 2
65.1545138888889 84.44375 3
31.4689385871494 122.411785587504 4
65.0686308492201 160.520623916811 5
31.3713274336283 199.051327433628 6
65.1663772143105 237.464744703022 7
31.3727080394922 275.735543018336 8
64.9753810082063 309.916764361079 9
131.676384094106 46.0003835826621 10
131.720545788507 122.506166360535 11
131.644509778857 198.957049725169 12
131.713646246323 276.107558511319 13
131.5 1 14
208.171243135297 309.937094358462 15
208.15328732292 9.53650563022158 16
208.188590008868 84.4629027490393 17
208.260124150163 160.517292344073 18
208.188590008868 237.462902749039 19
284.882147315855 45.9340823970037 20
284.904605678233 122.4738170347 21
284.816089077943 199.043788314775 22
284.810773653293 275.823022122235 23
285 1 24
361.118975903614 309.935240963855 25
361.375091307524 9.53396639883126 26
361.301011302796 84.4589530041642 27
361.214200831848 160.527926322044 28
361.281593815046 237.469223907226 29
438.022094508301 276.124776500639 30
438.054617549245 46.0043489383474 31
438.102086340375 122.484319643091 32
438.015475124696 198.952551477171 33
438.5 1 34
506.753509264458 309.946097697923 35
506.774601878318 9.53368721927317 36
506.78073089701 84.4607973421927 37
506.889883913764 160.534328358209 38
506.776411960133 237.476744186047 39
541.335044929397 45.9415917843389 40
541.351333976213 199.084217293475 41
541.251458198315 122.51976668827 42
541.406430868167 275.784887459807 43
