561.091513021711 25.9408607326818 1
3.62189054726368 45.4129353233831 2
14.2252443688908 111.452188695283 3
57.5426838997926 186.389819690442 4
14.8758208955224 224.076417910448 5
67.2568085106383 247.880425531915 6
25.2238354506957 286.532970356927 7
54.8098907005913 322.116108224333 8
13.1955990220049 375.727383863081 9
13.3277936962751 440.970200573066 10
12.1266666666667 516.846666666667 11
36.8842193934856 603.096218644702 12
10.8880395683453 771.057104316547 13
53.0121605188488 829.30644507499 14
4 858.717647058824 15
12.8715277777778 887.944444444444 16
34.2640634061473 934.401507829113 17
7.98653846153846 1000.71538461538 18
64.3951159522136 491.007378777231 19
36.361057382334 50.4687298517086 20
50.3699444885012 753.683187946075 21
22.3551020408163 1012.60816326531 22
28.5328031809145 461.129224652087 23
38.3898061737258 781.155061019383 24
26.5033259423503 720.390243902439 25
45.4855614973262 700.689839572193 26
58.6769953051643 995.269483568075 27
53.2875297855441 871.7402700556 28
42.6761811023622 404.850393700787 29
70.4545794392523 119.086168224299 30
99.1809962189709 649.869143514713 31
105.327168831169 419.652883116883 32
72.3036437246964 363.772773279352 33
117.37168440615 714.940699442473 34
84.115990057995 948.236122618061 35
65.95 70.8 36
140.224110630212 528.567824342869 37
90.3583245336149 47.8764519535375 38
113.153350940905 895.696599537801 39
84.7793851717902 685.68896925859 40
85.3081395348837 731.622093023256 41
91.8225806451613 607.951612903226 42
122.487469114013 776.901164842923 43
87.575 457.6125 44
111.762278167561 977.861328931077 45
123.834993503681 160.102641836293 46
120.487126245847 829.43853820598 47
113.936170212766 749.821083172147 48
128.485188380788 263.696865113604 49
101.305019305019 851.27027027027 50
117.81976744186 89.6213662790698 51
122.635028248588 334.662711864407 52
128.467054263566 1011.69282945736 53
128.219512195122 303.175166297118 54
131.341436464088 486.4 55
184.498808814771 562.49106611078 56
176.699265381084 628.068870523416 57
163.621307072516 121.966651745748 58
163.161719833564 199.459361997226 59
166.993522951281 944.668825682906 60
143.177172061329 559.899488926746 61
151.30376940133 365.135254988914 62
148.556756756757 605.994594594595 63
174.78998655914 994.796034946237 64
166.638319672131 592.343237704918 65
204.867999144934 782.933732364258 66
171.233991333654 407.786711603274 67
189.745191040843 318.244664031621 68
165.818897637795 907.070866141732 69
174.111747851003 246.929321872015 70
164.371886120996 223.567615658363 71
175.789938817131 663.339225016995 72
196.357041826632 53.1074964639321 73
209.639983235541 889.834450963956 74
161.04347826087 1009.39130434783 75
201.500418235048 694.323086574655 76
214.212513781698 446.751378169791 77
218.414648729447 147.535426008969 78
182.265625 545.78125 79
221.269422120168 595.085725220054 80
206.812164579606 809.32915921288 81
235.882708370357 389.818020259463 82
239.196027352654 89.2699446434386 83
233.096947194719 824.65099009901 84
261.584840425532 253.636170212766 85
200.72972972973 840.513513513514 86
251.813643926789 978.286328341653 87
234.803636363636 195.413090909091 88
218.813675213675 277.02905982906 89
241.877922077922 174.023376623377 90
286.615933609959 470.016763485477 91
222.142857142857 855.166666666667 92
277.073876063183 629.568165249089 93
237.697994987469 544.548872180451 94
238.308823529412 215.411764705882 95
247.658659924147 453.739570164349 96
299.984986595174 192.174798927614 97
263.715688462397 689.663244811426 98
248.200764818356 852.043977055449 99
270.693449149475 313.121245023525 100
282.271620411817 540.327484333035 101
235.91095890411 659.171232876712 102
243.768240343348 319.862660944206 103
280.124250214225 155.859468723222 104
304.307460570618 99.9937976253766 105
282.828352490421 880.475478927203 106
269.153696498055 135.608949416342 107
268.064239828694 828.96573875803 108
283.056239015817 906.021089630931 109
305.344119251045 728.430285402654 110
309.284075753534 598.104294478528 111
280.258010118044 355.736930860034 112
324.431199235547 816.868848542762 113
292.512666666667 935.750666666667 114
323.691360691145 403.604535637149 115
281.776859504132 341.264462809917 116
302.388574660633 486.671945701357 117
291.791666666667 1013.1891025641 118
344.380572188955 317.957917498337 119
313.921027592769 783.001902949572 120
308.956810631229 362.796013289037 121
289.747826086957 913.513043478261 122
307.100591715976 224.992603550296 123
341.73042688465 880.924432334242 124
324.329676357652 961.753154141525 125
329.168172341904 1003.69562195969 126
299 769 127
305.066666666667 764.466666666667 128
338.738201246661 48.5445235975067 129
364.591568762958 654.20594333103 130
318.273255813953 838.767441860465 131
350.901173901174 141.097461097461 132
321.017857142857 987.285714285714 133
343.80625 225.90078125 134
354.016352443247 536.355136590996 135
343.510166358595 798.613678373383 136
337.882556131261 253.984455958549 137
346.604037267081 681.673913043478 138
338.438596491228 735.929824561404 139
370.445333787466 741.032697547684 140
384.666246454459 270.408131106209 141
402.713739690203 195.181653590827 142
386.35632183908 948.670591533502 143
358.403908794788 75.1237785016287 144
355.718918918919 1014.92432432432 145
430.060452238117 425.003384094755 146
366.484725050916 914.081466395112 147
378.075192096597 999.260702524698 148
414.774494853221 615.105413648494 149
396.746803069054 976.3273657289 150
400.257900552486 483.626077348066 151
393.380351906158 383.754252199413 152
408.474608319827 63.7914640734738 153
378.778597785978 818.372693726937 154
402.113776808433 889.64667393675 155
386.414903403864 344.412143514259 156
400.276397515528 237.680745341615 157
386.658895705521 143.865030674847 158
414.921072796935 115.455938697318 159
432.735149620366 834.67619472979 160
387.105802047782 852.034129692833 161
427.981802426343 686.561525129983 162
443.784247006931 553.133459357278 163
395.492857142857 530.607142857143 164
405.552407932011 767.912181303116 165
405.28618968386 728.893510815308 166
430.346820809249 305.335260115607 167
413.249275362319 792.208695652174 168
429.742738589212 1009.32946058091 169
444.82282859339 911.992697924673 170
432.229166666667 32.4244791666667 171
448.074676302319 341.622704004818 172
436.726037735849 164.307924528302 173
429.221238938053 943.985250737463 174
452.276854479124 263.065261451155 175
454.679818715009 767.498000533191 176
448.874542124542 225.93956043956 177
460.670194003527 983.613462669018 178
443.716022099448 722.85635359116 179
461.128037383178 85.6822429906542 180
497.927884615385 876.761639676113 181
460.678260869565 648.773913043478 182
496.289749285941 478.312281815297 183
482.42969538027 131.526528142021 184
473.598319327731 929.17731092437 185
463.127777777778 951.116666666667 186
465.128205128205 298.405594405594 187
474.652103559871 376.228694714132 188
480.962829117192 712.90758905524 189
515.082871597205 795.233678631655 190
506.920564872021 52.2116063548102 191
537.072915191845 182.71145405635 192
520.959987782529 670.363164324985 193
486.529933481153 593.441241685144 194
521.198903508772 235.912061403509 195
519.932054616385 620.592652795839 196
492.139329805996 440.340388007055 197
509.205979155239 295.753702687877 198
535.715016441359 947.558640847643 199
482.934472934473 614.250712250712 200
490.940559440559 649.604895104895 201
493.869658119658 745.010683760684 202
547.143740629685 835.608883058471 203
525.50263065591 989.050157839355 204
503.576512455516 263.939501779359 205
533.72976054732 556.441049030787 206
529.730715287518 916.855890603086 207
528.695297318306 371.991255343956 208
518.638339920949 519.307641633729 209
521.69024171889 423.846016114593 210
530.604329524955 755.067348165965 211
503.640625 692.921875 212
549.483744805671 705.124663896358 213
557.564562825709 1007.01505500869 214
528.536931818182 130.276988636364 215
551.001873160289 103.660690393364 216
528.647058823529 646.226890756303 217
584.989613848202 636.716111850866 218
581.753527751646 298.883886574385 219
568.509417304297 428.15715126545 220
543.029411764706 333.073529411765 221
542.96 343.48 222
556.149758454106 731.014492753623 223
598.348980252509 585.886370993849 224
556.476070528967 345.659949622166 225
558.24427480916 954.347328244275 226
603.909393038307 476.66433444114 227
609.235677083333 741.765462239583 228
615.990795438934 879.809863992307 229
574.413333333333 570.558518518519 230
615.119877273723 119.812513697129 231
589.372661870504 539.257553956834 232
609.824749907373 792.610967024824 233
589.267985611511 967.585431654676 234
619.875064800415 932.24053913945 235
592.517747858017 228.007343941248 236
594.105263157895 673.79649122807 237
602.393287435456 368.59982788296 238
598.056478405316 697.943521594684 239
601.440745672437 999.280958721704 240
613.439393939394 1015.56313131313 241
612.933375634518 200.858502538071 242
595.372727272727 403.481818181818 243
629.516699900299 400.377367896311 244
642.010638297872 662.512025901943 245
652.995060373216 966.759879253568 246
626.72972972973 609.469854469854 247
643.316169154229 527.959452736318 248
626.905660377358 339.505079825835 249
680.760612618612 249.357915764941 250
669.60238047206 810.465805931007 251
653.841201716738 309.705531711969 252
631.295620437956 809.244525547445 253
659.374881516588 1003.09952606635 254
639.13982300885 91.7504424778761 255
691.824421052632 689.970315789474 256
661.889748549323 721.830754352031 257
659.028451001054 623.443097997893 258
686.659902029391 588.439468159552 259
674.924242424242 277.623543123543 260
663.982264665757 50.7721691678035 261
687.827274553123 194.491865836513 262
690.404240447344 94.7169151910531 263
672.313414634146 361.764024390244 264
696.945625172509 422.493375655534 265
667.074971164937 557.019607843137 266
692.315661347038 920.361103597511 267
654.012345679012 368.876543209877 268
671.344594594595 421.263513513513 269
679.059602649007 135.12582781457 270
691.376420454545 499.434659090909 271
717.107717416647 850.923991606435 272
694.443091334895 750.691803278689 273
712.558948261238 633.225190839695 274
695.483296213808 984.846325167038 275
688.208860759494 611.335443037975 276
705.867865519937 308.258014073495 277
751.874140427072 505.481360839667 278
725.499298081423 343.664482919981 279
703.435406698565 1011.82535885167 280
751.346480582524 187.067961165049 281
774.322779605263 897.638569078947 282
703.513043478261 998.44347826087 283
747.951415231981 756.093376130727 284
715.351648351648 826.027472527473 285
749.668833087149 947.455834564254 286
785.053464977645 972.189456035768 287
778.924839275278 144.815195791935 288
735.525298988041 294.619135234591 289
777.414533820841 1008.32678244973 290
736.628008752735 662.326039387309 291
790.599414634146 237.198048780488 292
736.784702549575 121 293
771.535841917175 407.870086188774 294
791.994865651207 596.735067602259 295
741.89453125 589.13671875 296
750.189903846154 73.6129807692308 297
756.637630662021 863.8606271777 298
783.707545208896 660.777177302016 299
781.248822605965 328.616954474097 300
769.584631360332 553.457943925234 301
760.530434782609 278.530434782609 302
771.639484978541 443.024320457797 303
796.485288498281 280.257164692396 304
847.704772475028 86.6410161548896 305
801.321736135033 812.173785738891 306
809.663628831814 360.103562551781 307
791.815249266862 872.228739002933 308
807.873990306947 731.968659127625 309
817.568507157464 550.754601226994 310
849.048987707881 507.509580621837 311
811.029411764706 690.522058823529 312
852.301573091188 417.924542780407 313
849.981703659268 857.639172165567 314
839.667322834646 928.054133858268 315
808.52380952381 1018.90476190476 316
821.808139534884 1014.45348837209 317
864.29352572622 203.687488133662 318
831.381081081081 301.513513513513 319
833.308712121212 811.049242424242 320
880.516283985013 306.141800365069 321
871.674925129322 640.792267900898 322
847.567701304543 680.749887539361 323
852.659509202454 1016.70552147239 324
847.962311557789 886.809045226131 325
858.134615384615 732.080528846154 326
852.743267504488 1003.70556552962 327
858.718996748723 967.202043660009 328
896.149640007784 145.018486086787 329
883.960347370146 780.77830575127 330
877.835741037988 902.936864633494 331
888.239087479792 579.476019400036 332
859.415343915344 542.921957671958 333
889.355688622755 992.911377245509 334
911.132672840836 945.926125349989 335
905.812990272984 698.015688735488 336
891.512987012987 1009.43939393939 337
897.122594440485 449.926585887384 338
890.162241887906 407.187315634218 339
896.626576955425 34.6476030277544 340
932.250104909778 866.199538396979 341
943.849713122339 372.250786600037 342
944.043162393162 1003.04358974359 343
893.929824561404 174.30701754386 344
936.518638573744 790.475688816856 345
910.466981132075 360.318396226415 346
943.747979077508 215.979711523221 347
926.564243448859 525.218512256974 348
918.06993006993 491.571678321678 349
965.015386368817 475.568611807613 350
942.613642491238 619.6969533567 351
969.045850823377 117.930470347648 352
911.722222222222 267.388888888889 353
940.052631578947 42.4772611139499 354
926.52422907489 651.504405286344 355
940.183238636364 268.825284090909 356
948.408596582082 686.58259968928 357
937.629179331307 831.9726443769 358
934.681274900398 301.083665338645 359
949.368902439024 727.990853658537 360
984.835044490075 310.560061601643 361
990.232023891569 877.491614978176 362
956.291404612159 926.427672955975 363
946.234848484848 550.810606060606 364
986.941559650102 593.889261120417 365
988.371515975527 808.574779061863 366
963.228758169935 969.393790849673 367
957.245059288538 943.760869565217 368
979.425087108014 434.980836236934 369
994.831610044313 700.887740029542 370
996.069214876033 226.311466942149 371
995.056109725686 1011.55860349127 372
982.192393736018 672.326621923937 373
977.979853479853 611.899267399267 374
996.731494920174 927.565312046444 375
986.801020408163 659.974489795918 376
999.910351659237 397.150569588905 377
997.608490566038 773.14858490566 378
1001.14319695528 971.389628924833 379
1003.03886925795 744.255300353357 380
1010.74931381519 447.948764867338 381
1011.15772179628 553.030668127054 382
1012.25925925926 275.616161616162 383
1012.66666666667 240.761581920904 384
1014.29428571429 90.6 385
1015.76666666667 70.925 386
1015.93965517241 911.137931034483 387
1016.17870722433 152.214828897338 388
1017.62745098039 1016.52941176471 389
