50.6631997552768 16.3297644539615 1
13.1328320802005 47.3571428571429 2
19.2697947214076 83.4692082111437 3
7.18181818181818 134.043388429752 4
22.5273916598528 190.186017988553 5
10.2857142857143 237.711822660099 6
25.7544432354008 282.081610446137 7
22.2620643431635 347.802949061662 8
49.6108468125595 394.261021249604 9
18.2569255839218 433.71917436176 10
17.7153623188406 490.727536231884 11
32.5011641443539 527.93888242142 12
34.5107800862407 560.261858094865 13
9.39445628997868 593.381663113006 14
24.698295033358 637.467506795157 15
47.7874571917808 727.605094178082 16
9.09741248097412 744.645357686454 17
30.6010998307953 782.986040609137 18
8.87068965517241 802.241379310345 19
15.8145304193739 837.412876550502 20
27.1309364548495 923.140468227425 21
5.7047619047619 1011.49047619048 22
61.8746223564955 156.167673716012 23
55.0137182052015 106.177193483853 24
32.0490539593553 953.93903293623 25
78.9217276187324 452.35727287771 26
53.5279040926002 227.073170731707 27
67.6481707317073 913.390650406504 28
78.1953037644428 49.0402534476332 29
80.3318203535595 593.924510272336 30
68.4814992791927 671.512253724171 31
63.0005254860746 342.846558066211 32
75.6873438800999 509.123646960866 33
83.2911611785095 301.811091854419 34
71.0566437268396 999.21545791424 35
109.741896758703 800.758836868081 36
98.6835561810931 260.656814449918 37
88.0943830570902 859.005064456722 38
92.0342391304348 955.463043478261 39
98.0476718403548 333.872505543237 40
120.491279069767 199.353085867621 41
94.7571157495256 67.9032258064516 42
119.679176755448 396.662832929782 43
127.908111988514 94.7619047619048 44
126.840513290559 503.578673999389 45
119.238 742.7012 46
154.987256371814 861.199150424788 47
117.159180457053 559.066981875493 48
123.291059472233 690.243009058684 49
140.950886262925 623.987629246677 50
137.72311827957 992.775641025641 51
164.765953344901 29.8461538461538 52
131.371220020855 896.027111574557 53
139.697881828317 147.130434782609 54
150.901707912165 358.779365632625 55
120.566666666667 2.23333333333333 56
138.022275737508 300.097531607465 57
167.267407407407 238.316296296296 58
172.499734372233 950.251815123074 59
146.192994505495 536.342032967033 60
191.262780011488 330.690695002872 61
175.226086956522 3.17101449275362 62
176.153806047967 443.059263121307 63
175.666196520921 719.080865068171 64
169.794032324907 567.442602569416 65
178.253559944878 773.133670188333 66
194.369520312141 176.486802845995 67
199.565573770492 286.42650273224 68
180.368965517241 111.826108374384 69
202.262061197672 656.024591702647 70
190.976149914821 383.178875638842 71
194.601435587458 515.150358896864 72
220.625068719076 86.4722374931281 73
218.739917157183 841.796381076957 74
215.078843226788 903.013698630137 75
299.025551102204 511.547720440882 76
238.610361340879 214.012189812799 77
234.022900763359 131.767599660729 78
243.970620842572 254.394124168514 79
218.076862123613 463.599841521395 80
231.020241171404 595.994832041344 81
223.520933424846 548.70006863418 82
261.804649883065 724.094098225341 83
233.515264135917 978.594372179453 84
238.384770549672 787.579929399899 85
256.974165341812 14.2106518282989 86
219.98916967509 415.194945848375 87
258.446088794926 398.989957716702 88
267.508077008188 60.537065722505 89
232.961968680089 494.687919463087 90
248.658291457286 1015.31658291457 91
250.882763975155 521.761645962733 92
277.134376552409 316.681073025335 93
270.002233389168 828.222780569514 94
261.861169102296 666.71329157968 95
262.496601941748 176.276699029126 96
263.514432989691 463.756013745704 97
275.299160518952 927.717120325617 98
291.089443577743 350.71242849714 99
273.47965738758 605.69164882227 100
305.543073910915 144.730053842389 101
283.674406332454 991.525593667546 102
316.684501845018 264.571955719557 103
308.045454545455 775.231327358088 104
287.651031894934 886.961538461538 105
307.553721582062 208.61413889754 106
282.171052631579 1018.98684210526 107
336.248307801924 851.638047737798 108
339.609116579266 108.827753126261 109
335.391274238227 20.5692520775623 110
313.232789494628 601.982491046558 111
336.407726597325 557.413372956909 112
343.135046022805 400.959060310482 113
325.775323275862 1003.34590517241 114
364.45046875 61.7615625 115
324.165758754864 939.329961089494 116
342.267127230858 648.743523316062 117
318.852459016393 683.385792349727 118
361.289526350901 707.816544362909 119
355.007188498403 301.897364217252 120
332.939655172414 330.827586206897 121
347.291474654378 898.805299539171 122
361.885964912281 175.098440545809 123
375.805834763422 220.728119637166 124
354.506718924972 976.43673012318 125
370.464795008913 353.098930481283 126
364.046700942588 781.38646101114 127
393.296924355777 461.197672485453 128
416.035102040816 333.237551020408 129
376.335758457621 598.633321207712 130
379.599868593955 935.30814717477 131
402.591427268582 136.636342909257 132
410.719992129083 527.514364423455 133
396.557471264368 998.870498084291 134
416.595900142074 274.059468236249 135
407.998617256637 888.761338495575 136
419.102949794882 733.660089861301 137
394.442068622576 832.591745400298 138
404.951339915374 12.7743300423131 139
414.459159397304 632.327914353688 140
448.902422723475 82.0167084377611 141
438.227819118489 674.969376073268 142
426.782704402516 393.321383647799 143
413.335905583296 790.969586926918 144
469.116991643454 160.834921565753 145
431.185043478261 954.305391304348 146
439.406946826758 596.684819897084 147
444.699923838538 221.089489718203 148
447.56052141527 843.532898820608 149
461.251653439153 484.801256613757 150
466.688479457857 550.062049978823 151
478.300412415889 995.21554156718 152
460.386783284742 18.0461613216715 153
479.2931283037 300.902931283037 154
464.826901031716 782.889950324799 155
486.37191011236 411.603370786517 156
475.306630412048 911.828069441539 157
511.317716278056 338.118544345173 158
492.569529085873 444.676731301939 159
507.074091931855 642.879942140791 160
510.001968503937 376.511811023622 161
506.172872996301 259.150678175092 162
486.236175882745 722.358094603598 163
496.205465587045 822.142206477733 164
514.738416422287 36.3354838709677 165
521.098577970595 204.437936852254 166
511.777599486521 587.470154043646 167
516.306312292359 767.053488372093 168
533.549252820982 840.057639524245 169
527.530726256983 86.2293443104969 170
549.353660982949 532.1518555667 171
535.916790933492 939.901282433642 172
549.585847504114 707.882611080636 173
508.355263157895 3.14473684210526 174
524.167745415318 895.617583603021 175
548.544672009498 473.899673493618 176
555.871814671815 298.710424710425 177
561.755020080321 124.181958603645 178
553.875115633673 11.4144310823312 179
596.624689686301 152.018957345972 180
555.893887271765 981.975919555438 181
569.095479816292 413.655547498187 182
572.214796648273 775.702227672185 183
566.292631578947 670.94947368421 184
582.824036281179 220.409523809524 185
564.252732240437 249.900273224044 186
561.335218508997 875.760925449871 187
578.934843313683 589.079118833385 188
615.994976615278 48.949939372943 189
598.366037735849 892.355660377359 190
606.741677419355 320.783225806452 191
601.03922249219 632.519611246095 192
616.39149618933 179.809065383073 193
590.887660069849 840.297438882421 194
608.623365548607 976.200966458215 195
623.199966865474 499.328363154407 196
621.783746932097 258.388055631306 197
605.141694590713 16.995213020584 198
631.175004943642 370.086217124778 199
659.305227383072 910.309111506716 200
631.076379066478 438.6585572843 201
634.774890419537 721.53475266124 202
625.425055106539 674.992285084497 203
625.470155355683 1007.11120196239 204
637.89316918189 554.847498014297 205
647.521129541864 84.3347156398104 206
631.10162601626 770.02201897019 207
646.333652190549 843.217333078248 208
639.397163120567 208.156619385343 209
642.578281497101 592.347917764892 210
672.730296673659 628.486664668864 211
697.154719659333 113.149041873669 212
668.426596758818 962.609151572927 213
670.440702781845 309.278550512445 214
668.04628422425 1003.25488917862 215
689.342209072978 684.520052596976 216
672.590759075908 800.80396039604 217
678.451871657754 4.59625668449198 218
709.479218540509 760.307795441486 219
706.603658536585 395.260074231177 220
710.062233285918 245.829302987198 221
683.374492282697 197.762794476036 222
687.606162464986 526.231932773109 223
714.436872528141 492.005476118041 224
688.053173241853 460.31217838765 225
735.220793950851 439.921928166352 226
725.193135826453 561.191678808483 227
716.284104046243 345.966473988439 228
740.919842635849 175.155642980084 229
697.831325301205 874.836488812392 230
709.282599580713 836.180293501048 231
712.033604887984 932.544297352342 232
717.438356164384 713.040623523854 233
734.133904761905 48.9331428571429 234
734.874442937415 979.821739972874 235
731.944190600522 653.692885117493 236
733.81511914544 133.800739523418 237
729.921425504508 293.520824388149 238
783.811484918794 12.0263921113689 239
728.163223140496 378.71694214876 240
767.39183764496 602.317127564674 241
724.858490566038 203.783018867925 242
754.088607594937 791.740506329114 243
753.66927592955 879.039138943249 244
740.168 1017.224 245
776.331570088964 835.853570569849 246
760.407713498623 258.131542699724 247
769.270151133501 905.411838790932 248
778.944707740916 314.052132701422 249
789.731107205624 941.238137082601 250
766.705002875216 720.420931569868 251
794.884178652536 223.351249053747 252
773.60582737768 1002.4804837823 253
789.521094640821 502.350057012543 254
799.561904761905 352.685416666667 255
831.94729136164 736.386530014641 256
806.926561427591 87.7536032944406 257
793.651465798046 654.879840752805 258
834.317866161616 690.46654040404 259
787.186031746032 128.491428571429 260
803.104330136588 400.732635861668 261
822.458895311496 451.319524727039 262
840.178075995175 277.394752714113 263
823.397389738974 858.804230423042 264
813.413367390379 786.403575989783 265
813.199058507061 154.274377942165 266
824.600412249706 563.055653710247 267
831.475806451613 39.5524193548387 268
811.930769230769 199.867692307692 269
816.40987654321 1002.85432098765 270
839.315111695138 628.459395532194 271
848.789049235993 915.980899830221 272
849.961520412952 955.222900046926 273
859.824574574575 155.089339339339 274
915.736703347088 352.54080696928 275
857.237991942981 514.259993802293 276
886.755071599045 229.117243436754 277
867.938391699092 981.812581063554 278
896.968961201502 177.975969962453 279
870.483756645009 1008.90431187242 280
870.386330409357 842.638888888889 281
864.858003442341 98.0671256454389 282
867.408983451537 348.678486997636 283
866.080568720379 320.053712480253 284
874.900516795866 422.469638242894 285
877.672440142639 565.334691798268 286
916.32895401718 461.892033013306 287
875.475247524752 794.563737623762 288
890.015448851775 884.62254697286 289
915.26288570936 29.434235476642 290
878.028786840302 649.856751199452 291
905.670064874884 323.938368860056 292
919.828607435413 627.009031716026 293
915.154065620542 578.803851640514 294
916.410884078495 775.830467327534 295
922.940625 704.749107142857 296
913.645733284078 511.522718876986 297
911.202688362221 82.8167668906969 298
907.915492957746 918.924882629108 299
931.167659574468 943.222695035461 300
922.17160534028 279.890263757734 301
915.948979591837 679.611644657863 302
920.462546816479 987.450062421973 303
926.339095068632 416.250127097102 304
928.895403377111 836.209662288931 305
929.33704735376 548.029712163417 306
969.488041211824 81.8492579418619 307
965.504213483146 1009.60065543071 308
961.459346597887 214.61581920904 309
947.256491450285 737.010132995567 310
977.666210670315 368.882900136799 311
958.700581395349 865.836046511628 312
972.11359963057 151.538674670977 313
969.523605150215 577.613403763618 314
942.842857142857 562.828571428571 315
981.710486703462 492.398394380331 316
968.689969604863 534.053698074975 317
962.904502046385 513.362892223738 318
984.182591623037 432.13612565445 319
994.594514892362 254.184901209083 320
977.433461703038 655.91270860077 321
986.745262503883 769.836595215906 322
987.720091585575 401.18488838008 323
991.134481154025 983.32526756631 324
987.541820094687 707.677538137822 325
980.629051620648 947.309723889556 326
987.404970760234 905.629142300195 327
990.264677574591 816.3291626564 328
999.91446842526 607.673461231015 329
1004.60516605166 673.10516605166 330
982.644444444444 676.666666666667 331
1005.36337209302 12.8953488372093 332
1007.9404536862 462.17202268431 333
1008.62425277541 180.083689154569 334
1008.38318356868 532.012195121951 335
1008.09603658537 316.521341463415 336
1008.92119866815 732.163152053274 337
1008.20807665982 861.364818617385 338
1014.08662420382 935.591082802548 339
1016.29577464789 110.443661971831 340
1016.2693877551 417.502040816327 341
1019.12903225806 777.075268817204 342
1019 24 343
1019.52173913043 30.7391304347826 344
