41.8496240601504 14.0877192982456 1
6.375 29.41 2
19.1118279569892 69.1109677419355 3
17.5777951524629 141.23885848319 4
49.4826732673267 208.190594059406 5
1.92105263157895 243.894736842105 6
16.8925528991481 295.033250893102 7
29.1686960933536 398.139015728057 8
65.4161048689139 474.419600499376 9
14.090365448505 495.196677740864 10
19.8797619047619 539.409523809524 11
4.40104166666667 551.880208333333 12
32.1476866274374 618.960078458521 13
8.33870967741935 717.661290322581 14
2.89583333333333 724.875 15
14.5640831758034 768.67561436673 16
98.4494522691706 982.10172143975 17
44.9740359502228 875.407435858043 18
28.8270893371758 715.170028818444 19
61.8259759211966 784.485954031375 20
43.4720720720721 334.750900900901 21
46.8646706586826 526.74371257485 22
68.9138163816382 660.471422142214 23
64.0918209876543 76.6347222222222 24
114.593284545846 678.501334481274 25
100.147062621046 951.963589412524 26
55.7955706984668 286.654173764906 27
62.9113924050633 150.324894514768 28
98.3207284860281 351.673710551925 29
125.011923901393 225.337218649518 30
99.2034428794992 88.5 31
106.691799339141 422.542505256834 32
101.999108734403 571.178847296494 33
110.08759645613 853.98313803944 34
129.975221001875 114.153763728904 35
148.078754578755 298.198848770277 36
139.521262604121 26.8540113985094 37
123.966101694915 542.132768361582 38
137.793871866295 498.880729298557 39
132.418294849023 161.757548845471 40
151.057780320366 790.379576659039 41
152.337110481586 425.78895184136 42
174.602358739659 720.286745291322 43
163.451901565996 842.820283370619 44
161.731298846297 905.689244510607 45
207.502321382512 510.217307196286 46
152.318584070796 150.451327433628 47
198.184232365145 360.846887966805 48
157.926229508197 568.762295081967 49
159.176470588235 600.033613445378 50
200.034474144392 433.590057456907 51
210.878913738019 584.638658146965 52
165.552727272727 142.207272727273 53
201.492802392971 162.274630772107 54
196.049392935982 641.98178807947 55
182.117516629712 405.594235033259 56
198.330578512397 18.1194590533434 57
191.230309072782 59.9351944167498 58
218.404838462716 272.057112233961 59
216.1421167485 875.511729405346 60
201.232722976964 98.1358535144713 61
258.441852487136 659.012006861063 62
271.865614275909 226.93081674674 63
252.129381675944 115.693395516774 64
272.594084329767 731.567382900297 65
254.931375097479 30.6563556017676 66
266.116405928366 386.990016467682 67
234.77950310559 209.742236024845 68
271.072058507206 977.925790492579 69
333.915032679739 28.6708061002179 70
256.836666666667 816.396666666667 71
257.925835370823 546.144254278729 72
311.091810306332 923.915155845316 73
263.786764705882 500.433823529412 74
307.36779550635 581.910126994464 75
324.712774165105 101.798853741871 76
266.594594594595 1018.62162162162 77
320.868520263902 458.349513038014 78
278.669456066946 517.708507670851 79
337.469092963202 785.822224015494 80
305.744680851064 1016.86595744681 81
286.116504854369 171.184466019417 82
288.252173913043 335.095652173913 83
331.432227910082 524.894279991097 84
311.784067085954 171.158280922432 85
324.306601863102 273.280275415148 86
352.857028674193 354.990008991907 87
299 330 88
322.148387096774 138.822580645161 89
375.385130201996 614.252007787783 90
365.35955927995 224.039261328367 91
343.545164718385 669.104144527099 92
369.94199057715 928.829210836278 93
370.028341631559 869.892761394102 94
354.857868020305 687.629441624365 95
353.466981132075 494.533018867925 96
396.223604281169 994.649407000289 97
401.673527923064 469.174118441033 98
415.31527926005 741.651369619353 99
436.051532271871 173.833504536894 100
411.336481947943 395.744122586062 101
398.973203883495 23.9394174757282 102
427.763804116395 81.3622427253371 103
430.205607476636 527.091178481878 104
398.71686746988 281.793172690763 105
435.559993570682 882.219320099654 106
450.635712635713 325.772233772234 107
410.286206896552 565.165517241379 108
449.895189287486 265.492974045297 109
459.300171526587 648.007796663028 110
437.053152039555 353.995055624227 111
480.78017727639 586.788235294118 112
448.176845943482 11.7402005469462 113
438.569892473118 124.566308243728 114
480.390505548705 957.728729963009 115
463.235443037975 486.028691983122 116
478.915258782515 434.917404129794 117
472.016365688488 390.503386004515 118
473.82412626832 699.309470124014 119
507.167142706019 60.0587115201523 120
507.928007889546 743.405748098056 121
476.591289782245 804.393634840871 122
503.908754974417 529.281978396816 123
528.77172001407 278.000820729277 124
522.970381917381 488.680436477007 125
537.358560284659 849.568085397564 126
503.491638795987 378.739130434783 127
525.31604747162 134.586429308566 128
536.347148957548 359.304194925898 129
524.155367231638 447.08686440678 130
553.87232194557 1003.88419224088 131
566.97523769721 932.95016194755 132
564.877295818679 670.241500586166 133
542.298170991068 412.505316886431 134
527.44 887.44 135
553.01386001386 212.194271194271 136
578.030178728391 743.579255786698 137
568.98273381295 568.33860911271 138
531.984375 521.640625 139
536.246913580247 623.395061728395 140
541.848837209302 591.948837209302 141
610.650659483559 115.94566227011 142
550.893842887474 457.15923566879 143
544.021897810219 608.985401459854 144
603.064846416382 35.1592718998862 145
611.002933841866 801.540413671703 146
548.770833333333 3.39583333333333 147
556.967963386728 611.871853546911 148
586.298722839609 467.675733952563 149
559.341176470588 3.95294117647059 150
560.983739837398 626.878048780488 151
567.434343434343 66.7272727272727 152
618.149591149591 639.095879429213 153
605.878111273792 553.428623718887 154
628.658810325477 4.5364758698092 155
600.876436303081 232.55570358035 156
581.697270471464 354.58064516129 157
601.82027818448 350.507320644217 158
629.109552691433 872.909021986353 159
597.138528138528 850.393939393939 160
606.64052741152 424.897293546148 161
607.320537428023 515.178502879079 162
658.790690923166 950.291852138572 163
612.213622291022 295.572755417957 164
667.741334205363 328.961821451929 165
636.552245862884 253.616548463357 166
619.873563218391 351.206896551724 167
660.70253884047 525.878741947707 168
626.083333333333 59.9916666666667 169
697.236400268637 440.695768972465 170
656.107919060704 453.696477641769 171
668.037104901512 743.805542830967 172
643.425692695214 1015.00755667506 173
660.372554135142 166.329767805896 174
727.665853388045 567.032272374404 175
638.825136612022 574.229508196721 176
704.36910062333 827.3642920748 177
644.405511811024 700.744094488189 178
678.218001168907 616.563997662186 179
707.80270436386 696.539028887523 180
656.978947368421 262.315789473684 181
660.292134831461 222.573033707865 182
681.21686746988 39.6457831325301 183
684.978988326848 237.410116731518 184
716.672372697725 989.916793066089 185
677.704697986577 195.559284116331 186
690.12204007286 73.5664845173042 187
710.781966159777 137.137288498608 188
702.814002828854 213.140735502122 189
804.321922263783 33.9659294194178 190
707.188524590164 193.734972677596 191
703.318421052632 638.315789473684 192
731.388888888889 500.782560706402 193
707.288321167883 249.478102189781 194
740.751639482092 415.81839582983 195
761.274042553192 92.5805673758865 196
711.050420168067 613.27731092437 197
715.081481481481 626.888888888889 198
720.689655172414 270.866379310345 199
729.458804523425 357.906300484653 200
765.277941610144 644.981126511354 201
763.16612833764 919.856696813092 202
760.222743759334 288.312566673779 203
783.425610575846 391.086825005602 204
729.541666666667 941.166666666667 205
729.15625 200.375 206
755.616674218396 200.568645219755 207
754.582243633861 158.505849965588 208
749.323232323232 761.015151515152 209
768.825529185375 242.364977549711 210
800.60568591179 739.410378736248 211
769.100628930818 833.389937106918 212
801.224602203182 505.868421052632 213
782.005649717514 215.751412429379 214
782.33734939759 273.734939759036 215
805.724240915879 998.479342956695 216
821.625434224437 196.67044253134 217
811.865793780687 134.805237315876 218
852.095170722505 770.562441048859 219
787.877777777778 244.277777777778 220
821.976251060221 600.714164546226 221
807.832116788321 273.259124087591 222
800.158415841584 290.00495049505 223
834.35670387558 908.846105606422 224
800.431654676259 252.599520383693 225
812.478145695364 350.305960264901 226
839.330641821946 327.667908902692 227
827.527740189445 387.73748308525 228
872.896886559803 985.019112207152 229
866.574391853668 570.845370544975 230
831.465 956.125 231
864.564359745904 480.905215646941 232
859.120037807183 114.059782608696 233
838.212389380531 420.964601769911 234
851.502415458937 659.872785829308 235
843.048387096774 395.150537634409 236
845.021390374332 592.695187165775 237
865.61472868217 284.215503875969 238
877.635921256359 835.244636142446 239
856.247368421053 416.905263157895 240
918.964410459738 285.059284433116 241
868.805936073059 358.747716894977 242
878.477436823105 195.047833935018 243
875.973760932945 675.172011661808 244
875.815668202765 330.350230414747 245
924.572016460905 414.220050297211 246
893.112749349523 659.324804856895 247
915.894682365118 170.005434079441 248
891.345794392523 451.626168224299 249
921.548501402628 931.418426103647 250
932.87432536623 40.8162426111539 251
932.152211913406 538.290708619067 252
907.129545454545 814.165909090909 253
906.540540540541 791.788851351351 254
912.485401459854 582.857664233577 255
906.885350318471 74.6305732484076 256
927.714186127571 765.296270477518 257
932.54222972973 12.4543918918919 258
937.787916666667 665.009166666667 259
981.041484458102 87.9816806524052 260
915.055900621118 712.248447204969 261
927.032992036405 687.372013651877 262
974.590929983147 169.684234717328 263
962.967986977754 911.559142702116 264
944.984149855908 353.5 265
924.79274611399 829.077720207254 266
994.449715021144 951.137892995036 267
940.243421052632 602.967105263158 268
969.681606519208 792.630384167637 269
972.177257525084 401.417224080268 270
987.778942115768 491.47122421823 271
964.944525547445 752.449635036496 272
992.995013200352 835.944851862716 273
985.949003984064 253.816733067729 274
995.786473840919 348.90557209698 275
991.394577006508 581.843383947939 276
982.280445969125 12.4948542024014 277
994.486291486292 692.927561327561 278
974.706586826347 731.634730538922 279
994.569343065693 432.737226277372 280
995.107843137255 860.745098039216 281
1010.71092669433 786.694329183956 282
1010.29896907216 546.896907216495 283
1012.49196141479 425.649517684887 284
1014.69672131148 402.045081967213 285
1014.88554216867 442.451807228916 286
1016.10191082803 274.630573248408 287
1015.87931034483 3.41379310344828 288
1016.42857142857 148.949579831933 289
1016.63414634146 808.390243902439 290
1019.52941176471 243.764705882353 291
