599.2207160485 19.0193139954934 1
5.39473684210526 8.31578947368421 2
10.1072186836518 39.2569002123142 3
20.0427236315087 81.8651535380507 4
20.4706493506493 127.829090909091 5
7.44422310756972 163.812749003984 6
18.5633898305085 223.134237288136 7
4.78217821782178 241.341584158416 8
30.0130792227205 282.171898355755 9
4.93865030674847 305.831288343558 10
8.48840803709428 347.146831530139 11
30.7879310344828 384.306034482759 12
25.1212016574586 433.877417127072 13
20.6853007945516 502.61293984109 14
14.060706401766 572.994481236203 15
9.42980828695114 651.485466914038 16
20.8453732370141 791.522531819745 17
3.55474452554745 856.664233576642 18
17.3859463276836 910.130296610169 19
8.66923076923077 963.469230769231 20
399.243695917609 991.735334713596 21
33.8770559210526 616.520559210526 22
23.5136778115502 202.790273556231 23
39.2822438162544 330.200971731449 24
23.5417721518987 172.526582278481 25
24.9928571428571 18.8428571428571 26
41.1379897785349 683.627597955707 27
35.5557103064067 196.735376044568 28
43.386827458256 556.312615955473 29
32.745704467354 967.591065292096 30
45.5944726452341 743.131415679639 31
35.6904761904762 51.0457875457875 32
60.1045197740113 921.188418079096 33
44.8417085427136 29.5402010050251 34
59.6955997588909 263.150693188668 35
51.7158034528552 582.867197875166 36
69.0593085106383 853.340159574468 37
62.1731764705882 527.032470588235 38
58.9563636363636 143.014545454545 39
56.7050043898156 63.5092186128183 40
69.6568352059925 100.625468164794 41
78.8949615713066 486.017933390265 42
48.548717948718 194.074358974359 43
84.9995176073324 967.280270139894 44
85.334142394822 188.685005393743 45
87 244.095922330097 46
75.3153650254669 369.884125636672 47
78.066835603421 793.908774152677 48
80.0568389057751 432.981155015198 49
62.7666666666667 604.266666666667 50
77.6933497536946 726.299876847291 51
75.7556512378902 629.181916038751 52
89.8358932902183 48.0812449474535 53
78.6862289366647 671.334689134224 54
87.7191404297851 313.419290354823 55
95.5925762262483 571.594343791427 56
96.8427339084273 612.905109489051 57
107.591743119266 878.653669724771 58
108.515166104959 750.515647568609 59
114.041907514451 112.859826589595 60
127.724468528554 152.220508545227 61
111.400963275135 529.80373269115 62
113.00996126176 365.895960154953 63
102.574879227053 654.159420289855 64
105.047210300429 688.464592274678 65
124.482704402516 18.2012578616352 66
124.549356223176 306.558369098712 67
116.817777777778 415.257777777778 68
121.984782608696 222.404347826087 69
131.367824773414 806.827416918429 70
118.276243093923 79.0276243093923 71
121.284987277354 450.365139949109 72
133.098263027295 489.883870967742 73
122.497282608696 643.396739130435 74
141.174772036474 685.45896656535 75
131.871123363198 897.072363886974 76
139.426040379069 65.1969509682736 77
154.899391789154 748.806132792701 78
144.308635394456 270.172707889126 79
144.344748106684 616.05301284162 80
131.003891050584 191.770428015564 81
167.991799831791 920.953532380151 82
152.090274314214 356.459351620948 83
149.543562066307 399.198920585968 84
147.812543554007 531.063414634146 85
149.297487437186 859.777889447236 86
150.593198992443 228.28274559194 87
156.093903638151 443.254670599803 88
170.763206960845 578.431945307644 89
160.091243561442 183.595290654893 90
155.619533527697 113.336734693878 91
189.158147925436 841.512728001603 92
177.29876837505 35.5113230035757 93
155.082304526749 310 94
173.52816020025 140.141426783479 95
181.808413001912 321.511281070746 96
181.591795561533 486.983187626093 97
176.4126659857 663.065372829418 98
188.448075909331 216.884027411703 99
184.094542659493 79.0292083013067 100
176.699159663866 112.687394957983 101
200.500498504487 268.90628115653 102
188.534290271132 400.138224348751 103
188.578727841502 708.85818561001 104
198.353483606557 163.388831967213 105
185.008756567426 631.119089316988 106
205.923169267707 953.495798319328 107
206.921920821114 780.382331378299 108
208.673478075777 534.137079608344 109
207.694134078212 116.555167597765 110
203.902350813743 350.764918625678 111
196.356097560976 431.536585365854 112
212.271599264706 594.018382352941 113
209.529936305732 673.96178343949 114
211.898839137645 67.4262023217247 115
229.111760883691 384.455815464587 116
224.5841995842 191.97227997228 117
217.403211805556 455.191840277778 118
230.637421231217 313.91565681047 119
229.465517241379 720.581135902637 120
226.060556464812 96.9918166939444 121
235.880332610268 640.853217642805 122
229.567733990148 56.3497536945813 123
248.81870669746 245.7707852194 124
240.410507025046 834.692730604765 125
232.648575305292 145.440976933514 126
236.441441441441 483.933333333333 127
250.379203539823 905.005309734513 128
254.506567534077 780.777695167286 129
253.194077207827 949.88313061872 130
243.403024326101 538.282051282051 131
247.728241563055 123.648312611012 132
257.98315467075 89.545686574783 133
248.760928961749 21.8907103825137 134
265.91985940246 575.232337434095 135
256.592530657748 449.770345596433 136
259.34617414248 333.043799472296 137
262.205394190871 152.654910096819 138
265.089256198347 201.558126721763 139
250.991323210412 49.5813449023861 140
286.779153094463 887.086862106406 141
279.868550631556 659.661100406765 142
270.269580022701 501.605561861521 143
258.274074074074 291.518518518519 144
282.538204747775 748.858308605341 145
270.325925925926 375.954074074074 146
276.948299319728 46.8108843537415 147
261.183246073298 404.801047120419 148
284.865938430983 408.158887785501 149
294.351748251748 283.346853146853 150
309.265088757396 128.330966469428 151
282.254464285714 532.205357142857 152
287.134054054054 165.682162162162 153
294.78922532442 331.383798662996 154
284.529182879377 603.459143968872 155
296.915851272016 94.4060665362035 156
311.503600960256 452.672179247799 157
307.205649328281 827.460558043403 158
301.061770761839 248.604667124228 159
317.680487097709 719.019715859669 160
296.932565789474 949.416118421053 161
310.200948429164 197.572614107884 162
312.054615384615 517.627692307692 163
312.142528735632 578.042298850575 164
315.848389982111 61.4235241502683 165
298.531468531469 604.342657342657 166
313.795774647887 366.161971830986 167
328.952797749297 638.193497968115 168
329.44701754386 166.234385964912 169
324.52731092437 940.577731092437 170
327.424131627057 225.457952468007 171
322.181 397.783 172
329.420081967213 775.978995901639 173
338.067949242734 893.510437986083 174
331.840869565217 306.406956521739 175
332.700394218134 262.81208935611 176
344.404787234043 350.13085106383 177
354.28925879397 554.658291457286 178
348.500576701269 114.558823529412 179
355.015942028986 822.103864734299 180
351.09900373599 493.303860523039 181
366.295860099929 47.5035688793719 182
355.925223214286 397.033482142857 183
350.653638814016 294.993261455526 184
351.143920595533 851.625310173697 185
365.545152722444 727.634130146082 186
366.130511463845 207.380070546737 187
356.316821465428 247.022703818369 188
363.057724957555 448.439162422184 189
370.798884628791 945.656326246079 190
375.231063504208 85.6572302983933 191
369.190504451039 655.243916913947 192
374.124747474747 880.790404040404 193
378.311079545455 793.381628787879 194
378.454900260191 299.902862098873 195
383.2336 174.229333333333 196
366.875 129.066666666667 197
371.982683982684 335.207792207792 198
386.573671497585 608.644323671498 199
393.486464315012 127.763330598852 200
399.436760452275 476.453326321325 201
386.827962085308 396.948341232228 202
390.648596321394 263.319457889642 203
397.452963116453 547.879817654372 204
411.531707317073 870.277673545966 205
403.476727785614 240.944992947814 206
404.87969201155 30.0490856592878 207
411.718143459916 368.028270042194 208
394.895348837209 643.244186046512 209
404.845779938135 691.170128148475 210
417.039253789351 929.276331130976 211
419.864347468094 796.565664882668 212
426.688518231187 603.483708301009 213
413.905494505495 217.157142857143 214
414.353448275862 88.9618226600985 215
418.109711286089 308.365879265092 216
430.588554216867 66.966265060241 217
424.380288957688 170.783797729618 218
428.940717628705 257.88143525741 219
437.014220416455 429.9187404774 220
435.628515733779 704.023670286828 221
434.949553001277 555.778416347382 222
447.743511450382 123.896564885496 223
438.048594847775 508.494730679157 224
438.098283931357 38.5522620904836 225
446.828621908127 471.309187279152 226
458.822580645161 644.023041474654 227
445.563554555681 218.344206974128 228
444.228070175439 379.149122807018 229
445.551344743276 296.856968215159 230
454.654974123059 342.098332374928 231
460.844859813084 917.61277258567 232
462.410310362967 790.876380852183 233
469.34026148173 853.787462286289 234
447.386956521739 166.860869565217 235
462.380055788006 181.445606694561 236
454.842046718576 259.29254727475 237
476.905963302752 421.911467889908 238
457.732352941176 558.397058823529 239
473.643524157531 66.2781161185546 240
483.181426814268 750.635301353014 241
488.48752909877 692.556701030928 242
467.840653728294 538.624106230848 243
481.198825124266 310.469046543154 244
486.681132769401 610.853254873115 245
477.178970917226 485.208612975391 246
491.561072492552 213.327706057597 247
479.061159650516 256.498808578237 248
489.172214182344 387.359382537385 249
495.451292246521 453.369781312127 250
491.8984375 131.974431818182 251
492.570522979398 170.802694136292 252
492.981966259453 554.196625945317 253
506.301013941698 99.8574144486692 254
499.413549752999 820.099505998589 255
512.324198988196 882.028246205734 256
516.460079400088 356.654168504632 257
519.436579468015 509.331061771818 258
510.867763558806 267.09689213894 259
516.004926108374 58.1083743842365 260
519.695220919747 310.117222723174 261
522.553859964093 652.178635547576 262
527.611600587372 231.163729809104 263
526.655356277266 604.593795443529 264
525.687406296852 799.035232383808 265
533.23648960739 177.090993071594 266
539.706707472584 749.346850293293 267
525.720447284345 137.137380191693 268
538.303963501568 423.739378386085 269
539.554520547945 688.598356164384 270
521.768456375839 834.295302013423 271
533.624187256177 80.0689206762029 272
551.159641553269 929.441088615997 273
551.997905320486 825.255131964809 274
542.060063224447 120.809272918862 275
556.251908396947 300.102346621431 276
558.654898849663 577.150337167791 277
559.085391672548 649.02752293578 278
547.582278481013 471.224683544304 279
577.303497718879 882.273951770584 280
561.761509433962 352.475471698113 281
557.287640449438 70.3067415730337 282
563.204948646125 236.679271708683 283
557.211687537269 515.983899821109 284
558.872958257713 101.557168784029 285
579.50292226768 396.259789596727 286
565.442036836403 152.277356446371 287
574.101568334578 187.188946975355 288
571.780582524272 125.446601941748 289
578.560127846584 703.718337994407 290
585.218613993974 483.897556076331 291
592.026252158895 620.315716753022 292
583.004892367906 94.2455968688845 293
585.699882766706 43.4958968347011 294
598.329958582605 773.730786930511 295
591.636825396825 816.253968253968 296
603.027702335687 534.521455730581 297
589.631970260223 340.840148698885 298
600.256884504727 241.760378133991 299
594.927091963546 144.023198011599 300
603.36875 69.8885416666667 301
618.335307179867 574.120281273131 302
600.814252336449 307.879672897196 303
624.315227272727 935.955 304
611.727960819234 452.128673196794 305
603.800703399766 194.230949589683 306
614.837301587302 729.973985890653 307
614.873931623932 672.756944444444 308
606.670190274841 850.53065539112 309
604.830935251799 21.9784172661871 310
618.100678733032 121.581447963801 311
617.715757575758 360.98303030303 312
605.398230088496 94.2212389380531 313
618.294557097119 44.9839914621131 314
621.145363408521 158.865497076023 315
626.076045627376 288.05855513308 316
621.994594594595 864.484684684685 317
642.03954496208 424.695016251354 318
637.458135860979 817.609399684044 319
630.589698046181 93.208703374778 320
630.806490384615 201.225961538462 321
636.265687583445 334.121495327103 322
647.5197621546 247.595662819168 323
640.157790927022 615.438527284681 324
647.791267942584 771.137559808612 325
643.447287615148 512.240020470829 326
636.066326530612 647.270408163265 327
648.310208685843 710.913141567964 328
659.004882514495 868.880073237717 329
646.966555183947 53.0150501672241 330
654.515783540023 176.058060879369 331
638.421052631579 668.2 332
658.858916478555 129.966139954853 333
645.917098445596 371.502590673575 334
654.241448692153 310.285714285714 335
656.807174887892 660.95067264574 336
670.598381757999 79.1158514159618 337
651.978494623656 560.304659498208 338
666.984555984556 345.623552123552 339
673.861556064073 601.563691838291 340
673.506679861455 935.359228104899 341
668.08377760853 456.484386900228 342
690.687828831989 976.191511750263 343
668.489278752437 378.639376218324 344
677.284719535783 528.128820116054 345
676.307853403141 771.761256544503 346
678.854166666667 723.151041666667 347
690.465763456609 293.060051263274 348
687.386118598383 196.410377358491 349
699.953731690305 669.371541501976 350
693.015377657169 241.696517412935 351
693.266575342466 850.222465753425 352
704.371001494768 420.35067264574 353
699.663555555556 481.941333333333 354
688.075829383886 154.971563981043 355
688.279151943463 171.116607773852 356
696.708045977011 362.033908045977 357
697.009708737864 124.066990291262 358
706.689093868692 56.7693977211069 359
707.09765625 559.662760416667 360
711.704437110378 751.942060872754 361
722.792869269949 607.462224108659 362
716.048590864917 102.312925170068 363
712.781704781705 332.702702702703 364
711.272912423625 147.531568228106 365
728.546968190855 866.107107355865 366
720.079340141398 200.787902592302 367
721.743006993007 166.125874125874 368
722.968579234973 309.575136612022 369
749.54556331007 550.428913260219 370
732.040224508887 957.292173370751 371
740.639175257732 793.370778528262 372
720.91452991453 350.564102564103 373
744.943845295649 275.870583860171 374
751.367209631728 704.415722379603 375
727.679399727149 376.972714870396 376
742.444444444444 481.727536231884 377
733.809980806142 142.234165067179 378
741.31045751634 229.208333333333 379
740.134831460674 64.72504957039 380
762.96395321079 346.106230603963 381
750.542148760331 654.86391184573 382
742.087573964497 113.080473372781 383
755.743970315399 428.447866419295 384
750.988756613757 183.633597883598 385
760.697823303457 389.201024327785 386
776.718674859738 942.639326743254 387
754.785953177258 35.6755852842809 388
770.57071547421 868.717470881864 389
781.491262135922 759.74476806904 390
765.581308411215 153.410280373832 391
769.968481375358 83.5226361031519 392
788.311627906977 639.041279069767 393
760.622950819672 122.573770491803 394
761.408333333333 979.958333333333 395
782.336589698046 220.643872113677 396
779.863636363636 486.511216056671 397
789.218934911243 123.039447731755 398
789.223645894001 308.919627256843 399
799.160756501182 268.09598108747 400
794.055819477435 586.257125890736 401
813.121947401378 428.438478396994 402
801.8857958601 188.301927194861 403
794.545353982301 538.934734513274 404
816.774653979239 156.444636678201 405
816.325589706934 792.722301644031 406
818.133105802048 697.820043437791 407
827.047241318526 863.753393266349 408
816.059786476868 99.7153024911032 409
820.743624161074 511.265324384787 410
816.879921900423 953.26586397657 411
831.850935093509 582.656215621562 412
824.772216547497 50.3432073544433 413
828.409485637943 363.474281897128 414
826.911111111111 1005.51851851852 415
835.081355932203 244.113370998117 416
824.781163434903 71.4903047091413 417
831.585070285991 318.767329132332 418
827.920704845815 86.0969162995595 419
851.138974358974 751.377435897436 420
859.839990921471 654.625056740808 421
839.694293478261 989.342391304348 422
848.823834196891 137.980310880829 423
852.249134948097 192.497281265447 424
850.768352365416 921.070146818923 425
848.316315205327 81.4195338512764 426
862.749394673123 505.995762711864 427
860.867857142857 301.116071428571 428
867.990872581234 803.247170500183 429
858.44901065449 408.131659056317 430
865.29343220339 979.234110169491 431
850.619565217391 38.2554347826087 432
865.815682281059 114.56517311609 433
877.601429848079 730.148793565684 434
869.343895619758 60.3578751164958 435
864.068887206662 363.761544284633 436
939.738335199701 1001.76483762598 437
867.51711026616 449.907794676806 438
871.313094367227 563.986832479883 439
873.746166950596 27.4684838160136 440
865.443452380952 886.514880952381 441
879.757338551859 276.016960208741 442
873.993839835729 91.7597535934292 443
867.541666666667 599.729166666667 444
890.658070253446 241.159626500667 445
898.979728597755 915.722901658569 446
888.151344175241 165.175572519084 447
886.691988950276 848.540745856354 448
888.157550535077 348.47146254459 449
891.933187294633 416.23165388828 450
899.524093392946 587.595131644312 451
894.88768115942 471.749094202899 452
893.130859375 695.79296875 453
900.923001949318 75.3528265107212 454
902.195364238411 530.349337748344 455
896.774957698816 110.46192893401 456
911.30306786489 640.456770994732 457
912.597039473684 46.6299342105263 458
912.442419825073 217.769679300292 459
912.453157243087 813.446141147338 460
914.56738391846 338.233861834655 461
919.63311049941 756.290208415258 462
915.65925058548 133.180327868852 463
919.072098053353 391.400144196107 464
932.43723468769 293.167070952092 465
919.609240407204 453.584964761159 466
924.790178571429 100.023214285714 467
934.371813371813 688.180375180375 468
919.766447368421 489.450657894737 469
930.644114921223 168.340129749768 470
945.39525967236 522.288950853956 471
945.11153262519 582.358877086495 472
940.885157096425 717.101841820152 473
942.712235950578 961.269031486648 474
934.848484848485 203.592074592075 475
947.610864745011 874.458425720621 476
951.108298622236 420.620954822172 477
945.272251308901 75.5549738219895 478
952.13969571231 477.020746887967 479
950.746948738812 235.061025223759 480
958.297805642633 142.720555306762 481
941.901538461539 353.581538461538 482
953.14 748.837777777778 483
962.91711517761 648.582346609257 484
950.756476683938 182.362694300518 485
970.229186155285 785.879794200187 486
969.444816053512 99.3531772575251 487
982.473980582524 376.11359223301 488
978.300639658849 283.436300639659 489
966.440080563948 201.827794561934 490
986.914219798658 843.073825503356 491
981.593450479233 63.9233226837061 492
978.954637779282 711.480704129993 493
997.687669254378 932.275139916953 494
982.249713631157 594.153493699885 495
1000.9503732982 149.748572683355 496
993.472443799855 533.74981870921 497
993.447350771294 457.906103286385 498
999.548633879781 494.603278688525 499
1002.07152376721 748.193691692581 500
994.545963229416 223.7034372502 501
1004.92684766214 686.533936651584 502
1005.78331090175 641.56864064603 503
1007.67730900798 40.9885974914481 504
1009.28694158076 587.61941580756 505
1010.76108726752 300.404148783977 506
1011.88912579957 71.6737739872068 507
1013.35194585448 241.551607445008 508
1015.32604373757 447.585487077535 509
1013.88505747126 356.95894909688 510
1016.27753303965 786.581497797357 511
1014.97972972973 13.5202702702703 512
