5.06756756756757 4.32432432432432 1
13.6392572944297 31.1167108753316 2
3.86315789473684 60.6 3
23.8481012658228 80.75 4
2.68518518518519 97.2222222222222 5
30.4508393285372 113.804956035172 6
9.55804195804196 135.613986013986 7
27.6301925025329 160.509625126646 8
20.2147679324895 220.264978902954 9
2.63440860215054 264.150537634409 10
17.1963519313305 295.021459227468 11
4.11 312.685 12
24.0008517887564 327.052810902896 13
8.39810426540284 366.944707740916 14
14.9558441558442 405.612987012987 15
11.7493857493858 446.95085995086 16
4.52662721893491 474.698224852071 17
15.3078787878788 491.438787878788 18
17.8008800880088 520.806380638064 19
22.1193144363876 553.025708635465 20
2.43859649122807 556.140350877193 21
7.944669365722 601.238866396761 22
17.9661538461538 641.814615384615 23
5.84567901234568 667.783950617284 24
9.99045346062053 698.776849642005 25
8.12596006144393 742.6866359447 26
4.46212121212121 777.159090909091 27
14.3346855983773 784.922920892495 28
13.5275590551181 826.548931383577 29
13.8156028368794 853.966312056738 30
12.3421052631579 879.547697368421 31
11.4291262135922 906.246601941748 32
9.76096822995461 939.46293494705 33
18.5905612244898 973.417091836735 34
5.13669064748201 986.68345323741 35
23.0039588281869 1002.80680918448 36
31.359126984127 268.385582010582 37
35.5579598145286 802.347758887172 38
19.2142857142857 4.50793650793651 39
36.7216142270862 747.265389876881 40
34.5263157894737 675.059422750424 41
47.8845070422535 910.495774647887 42
26.4520547945205 50.9041095890411 43
37.5504504504504 710.166666666667 44
47.5833333333333 351.821479885057 45
48.3738920225625 459.94762288477 46
44.9093737845196 590.927654609102 47
44.8488664987406 946.75717884131 48
29.8075313807531 194.460251046025 49
50.6414985590778 429.221902017291 50
45.5058430717863 889.43489148581 51
53.8189300411523 863.932510288066 52
44.9222323879231 15.0914913083257 53
53.0186625194401 1011.41524105754 54
43.0767004341534 771.507959479016 55
43.8927203065134 487.250319284802 56
34.75 623.948529411765 57
46.8 837.766019417476 58
47.2367387033399 395.718074656189 59
49.6091743119266 55.1155963302752 60
42.0143369175627 517.953405017921 61
47.7865168539326 232.977528089888 62
41.50622406639 639.265560165975 63
50.8527443105756 181.069611780455 64
58.2596991290578 295.487727632621 65
61.5505154639175 979.982474226804 66
51.3532110091743 550.412844036697 67
63.4547461368653 249.438189845475 68
74.0510529674537 716.492661135929 69
66.2351326623971 506.964318389753 70
62.1506129597198 534.837127845884 71
65.3730947647449 103.952286282306 72
69.5491329479769 625.167630057803 73
69.5266903914591 194.513641755635 74
75.7003405221339 686.309875141884 75
78.2203264094956 809.838278931751 76
77.3466593647317 152.873493975904 77
57.7903225806452 780.252688172043 78
79.8200354609929 569.102836879433 79
92.7455315145814 657.701317027281 80
70.5288461538462 916.004807692308 81
67.0672413793103 28.0275862068966 82
70.8338658146965 218.645367412141 83
71.8356807511737 751.652582159624 84
71.9068493150685 382.328767123288 85
79.3830935251799 783.467625899281 86
84.4277414669572 475.403776325345 87
70.9955357142857 769.566964285714 88
88.6076833527357 66.8271245634459 89
89.9285714285714 834.003616636528 90
77.7008547008547 3.64102564102564 91
85.9981617647059 956.361213235294 92
80.3857142857143 1009.48979591837 93
90.1296296296296 242.28587962963 94
91.8458233890215 286.05584725537 95
94.2831760133259 341.044419766796 96
77.4722222222222 401.550925925926 97
92.6938483547926 926.856938483548 98
87.7641791044776 415.040298507463 99
90.5692599620493 383.72485768501 100
81.6655172413793 542.503448275862 101
93.9782359679267 870.586483390607 102
96.4341036851967 25.3185509056839 103
95.5428276573787 209.252837977296 104
100.728465955701 123.223954060705 105
102.211557296768 429.380999020568 106
112.551139684395 504.621858562244 107
91.0481586402266 901.620396600567 108
97.8604206500956 979.439770554493 109
103.357461024499 751.565144766147 110
102.029449423816 1002.78489116517 111
99.9829302987198 543.914651493599 112
109.688707599828 614.161872048089 113
98.4576802507837 95.5705329153605 114
115.68864265928 173.554570637119 115
100.020689655172 888.172413793103 116
161.300083822297 7.28499580888516 117
118.25045045045 844.452252252252 118
104.014598540146 784.656934306569 119
102.223529411765 562.905882352941 120
126.771743119266 451.165137614679 121
118.370583401808 706.971240755957 122
107.869565217391 1019.69565217391 123
116.368775235532 679.370121130552 124
131.339665309815 221.87697874265 125
116.409984871407 357.367624810893 126
133.341925302472 393.683850604945 127
117.999024390244 898.254634146341 128
134.60564751704 570.349074975657 129
140.001308900524 368.954188481675 130
108.989010989011 953.027472527473 131
123.396292004635 90.2920046349942 132
132.193006993007 529.875524475524 133
122.240811153359 808.397972116603 134
123.100508905852 927.270992366412 135
135.939960238569 279.706560636183 136
114 791.978723404255 137
126.785024154589 957.730676328502 138
135.690928270042 978.575949367089 139
150.255186721992 34.6770401106501 140
127.677067082683 65.8221528861154 141
137.897404948702 132.657211828606 142
123.298245614035 254.46783625731 143
121.348837209302 872.738372093023 144
148.767141887305 768.450101832994 145
145.496274217586 1014.03874813711 146
138.614990390775 334.066623959001 147
123.806201550388 1002.72093023256 148
129.696923076923 750.3 149
144.069295101553 667.573476702509 150
138.371323529412 881.305147058824 151
135.13698630137 725.22602739726 152
144.847980997625 869.273159144893 153
148.620426829268 995.015243902439 154
141.012931034483 711.870689655172 155
158.772700983227 170.802197802198 156
138.940298507463 682.425373134328 157
157.385119047619 604.636904761905 158
147.652949245542 802.689986282579 159
146.060471976401 839.787610619469 160
144.341708542714 894.592964824121 161
167.822215604526 91.0812983918999 162
167.294908350305 916.271283095723 163
144.269736842105 638.236842105263 164
143.907284768212 746.980132450331 165
143.481481481481 648.12962962963 166
159.275568181818 724.987689393939 167
158.570980392157 486.098039215686 168
160.076326002587 239.609314359638 169
169.847497089639 300.195576251455 170
150.690265486726 694.16814159292 171
183.624782860452 851.324261725536 172
158.917910447761 320.30223880597 173
165.537803138374 950.724679029957 174
158.96017699115 294.951327433628 175
175.567049808429 415.224411603722 176
166.844419391206 453.974069898534 177
164.488413547237 634.643493761141 178
169.430241051863 519.738495252009 179
158.139344262295 653.295081967213 180
173.879458794588 882.254612546125 181
172.207142857143 801.685714285714 182
176.811111111111 190.507777777778 183
174.639200998752 337.655430711611 184
167.645161290323 698.111662531017 185
163.2265625 779.078125 186
169.555172413793 828.915517241379 187
185.191961924907 667.287149656266 188
198.118653421634 962.586092715232 189
180.189051094891 562.248175182482 190
191.862396204033 214.445432977461 191
176.997894736842 383.966315789474 192
187.712093862816 990.194945848375 193
174.695266272189 265.174556213018 194
193.287755102041 135.999319727891 195
175.786585365854 784.207317073171 196
178.080555555556 361.213888888889 197
190.939357907253 769.164090368609 198
180.9 1009.145 199
181.74011299435 239.853107344633 200
199.211074918567 740.390228013029 201
186.204207920792 620.368811881188 202
191.040983606557 1015.99180327869 203
205.04624929498 701.490129723632 204
200.168963016679 280.866569978245 205
202.824335213537 470.163577759871 206
196.873267326733 813.531683168317 207
203.716292134831 432.115168539326 208
202.877835951134 363.811518324607 209
199.881502890173 517.924855491329 210
205.432632880099 310.156983930779 211
193.315 490.375 212
216.692663200462 247.491045638359 213
194.258333333333 339.275 214
202.506922257721 598.584664536741 215
209.306066802999 927.627811860941 216
211.031797798614 43.1834488381574 217
211.689959294437 545.303256445048 218
217.912412412412 93.8243243243243 219
200.384615384615 501.351648351648 220
211.027334851936 162.643507972665 221
218.275675675676 641.99527027027 222
203.931596091205 393.879478827362 223
213.113753877973 874.722854188211 224
228.401995012469 775.490773067332 225
217.095577746077 1005.86733238231 226
219.025889967638 333.76860841424 227
220.851851851852 491.658436213992 228
232.025276461295 895.485781990521 229
223.004555808656 7.20728929384966 230
211.489010989011 196.582417582418 231
213 1020 232
222.504409171076 395.79012345679 233
224.113788487282 445.610441767068 234
223.527210884354 575.719387755102 235
209 383 236
218.240963855422 848.298192771084 237
217.03125 377.421875 238
245.567144136079 720.118621307073 239
241.394235717962 812.104992279979 240
241.728687415426 669.986468200271 241
236.530042918455 187.680793991416 242
238.219104876419 598.794255177021 243
228.304093567251 981.19298245614 244
233.360576923077 132.560096153846 245
234.20073664825 313.620626151013 246
244.412912912913 286.750750750751 247
248.347558293005 507.810822701276 248
230.618497109827 359.766859344894 249
266.532233883058 1015.73613193403 250
238.702602230483 624.985130111524 251
264.342857142857 205.411428571429 252
245.578909090909 418.456727272727 253
246.00546875 850.4109375 254
247.033426183844 59.6699164345404 255
242.293724966622 464.863818424566 256
261.41836141778 924.392213829169 257
263.249727371865 149.506543075245 258
245.685763888889 953.991319444444 259
255.718206157965 558.126506024096 260
261.167871485944 989.2 261
244.47138047138 111.447811447811 262
263.327992879395 20.3097463284379 263
240.088607594937 340.924050632911 264
238.657657657658 381.900900900901 265
262.014479638009 316.899547511312 266
247.194130925508 256.627539503386 267
254.581412103746 370.388328530259 268
254.514143094842 84.0415973377704 269
259.010989010989 1008.71703296703 270
267.193014705882 626.108455882353 271
258.967213114754 968.298360655738 272
265.173981191223 896.575235109718 273
271.256371814093 243.759370314843 274
251.275862068966 756.120689655172 275
269.432741116751 871.638324873096 276
257.152542372881 103.432203389831 277
276.825507614213 756.100253807107 278
264.529255319149 779.981382978723 279
272.496974281392 453.74810892587 280
280.39430449069 671.176341730559 281
283.670366259711 110.000554938957 282
266.255172413793 476.379310344828 283
275.093716719915 525.418530351438 284
271.43795620438 337.447080291971 285
269.222797927461 829.689119170984 286
268.62331838565 671.085201793722 287
289.584795321637 939.635233918129 288
274.853233830846 409.185323383085 289
279.41348973607 50.2424242424242 290
273.199367088608 590.651898734177 291
280.292079207921 278.347772277228 292
295.565896314803 688.274203622736 293
286.382207578254 371.820428336079 294
286.557491289199 813.587108013937 295
275.670212765957 849.968085106383 296
292.58428030303 72.71875 297
290.619349722443 560.852498017446 298
289.112068965517 793.377586206897 299
281.230088495575 824.964601769911 300
294.428378378378 960.085135135135 301
297.782797567333 724.218940052129 302
282.94 390.84 303
296.281938325991 431.569162995595 304
283.366666666667 477.275 305
303.97350069735 900.058577405858 306
284.375 317.7 307
296.929146537842 505.110305958132 308
297.772340425532 834.525531914894 309
282.396825396825 881.746031746032 310
301.565150346955 338.648419429453 311
308.343370311675 609.854199683043 312
297.689606741573 643.661516853933 313
298.396588486141 1003.74200426439 314
296.901430842607 878.553259141494 315
310.501884760366 169.554658050619 316
305.8125 850.627777777778 317
302.108982035928 224.308982035928 318
304.692823608317 264.67270288397 319
307.630630630631 307.372372372372 320
298.501253132832 986.295739348371 321
308.918340026774 137.447121820616 322
316.915966386555 470.407886231416 323
316.73470464135 24.1387130801688 324
304.084112149533 786.803738317757 325
321.746564885496 376.527480916031 326
317.267875125881 573.058408862034 327
318.572905894519 773.602895553258 328
316.50744047619 962.866071428571 329
306.023255813953 206.046511627907 330
306.083916083916 747.797202797203 331
321.387686062246 416.661028416779 332
320.150462962963 807.407407407407 333
331.004663557628 196.504996668887 334
325.225844004657 99.2828870779977 335
317.940063091483 522.296529968454 336
329.683554817276 544.466777408638 337
333.84008683068 696.363241678726 338
345.982994331444 275.5891963988 339
328.825150732127 739.871662360034 340
325.677248677249 1012.41005291005 341
330.525961538462 57.3365384615385 342
331.495388669302 882.743083003953 343
327.50184501845 987.594095940959 344
327.809012875536 829.697424892704 345
323.439446366782 913 346
318.419847328244 999.786259541985 347
338.569205113952 333.238465814341 348
341.136876763876 650.76293508937 349
333.495989304813 933.983957219251 350
341.454124903624 505.06399383192 351
343.719720496894 233.350155279503 352
354.021505376344 959.421505376344 353
333.240506329114 759.088607594937 354
340.823691460055 135.8608815427 355
336.355769230769 608.753205128205 356
349.627381792519 442.203952011291 357
365.752252252252 827.036036036036 358
348.555555555556 580.299470899471 359
338.29347826087 715.282608695652 360
362.064155385521 861.95585638611 361
349.766381766382 778.126305792973 362
367.71447902571 1012.8349120433 363
350.234458259325 480.268206039076 364
345.204255319149 810.91914893617 365
359.466435185185 988.059027777778 366
352.188916876574 387.428211586902 367
349.279329608939 1005.53631284916 368
358.603073661897 34.6608373078961 369
362.835044490075 720.158795345654 370
348.280898876404 3.55056179775281 371
372.732365145228 149.316908713693 372
344.871428571429 613.957142857143 373
351.123348017621 928.436123348018 374
355.468899521531 98.5712918660287 375
365.742038216561 904.680467091295 376
350.578616352201 533.830188679245 377
349.903846153846 622.365384615385 378
364.648097826087 209.130434782609 379
372.669610007358 611.513612950699 380
378.290139064475 182.651706700379 381
356.973509933775 308.350993377483 382
365.087674714104 536.905972045743 383
375.482664233577 789.13503649635 384
391.000496770989 682.854942871336 385
377.838636363636 747.55 386
365.116788321168 363.273722627737 387
378.135338345865 319.375939849624 388
365.440170940171 666.076923076923 389
387.102337334176 928.61781427669 390
388.911002102313 389.004204625088 391
363.460122699386 582.926380368098 392
384.889733840304 349.897972116603 393
379.305189094107 72.9454705364996 394
377.607605877269 474.14433880726 395
387.357676348548 293.623236514523 396
382.871586287042 427.083672283556 397
388.364068441065 559.766159695817 398
382.820211515864 105.884841363102 399
380.007863695937 648.706422018349 400
380.491289198606 580.94425087108 401
373.626923076923 515.415384615385 402
390.007450771687 240.802022352315 403
391.755991285403 883.604575163399 404
394.822348094748 23.1941297631308 405
399.03185840708 960.69203539823 406
384.03007518797 979.139097744361 407
390.88115942029 505.111111111111 408
388.164983164983 995.309764309764 409
405.882099827883 123.44148020654 410
410.86586695747 537.758996728462 411
410.470627503338 834.285046728972 412
412.063944530046 791.134822804314 413
393.016 641.76 414
406.869851729819 862.724876441516 415
393.489361702128 1018.29787234043 416
406.054956896552 633.101293103448 417
411.412110257569 743.546317216448 418
428.197826086957 891.047826086957 419
405.962406015038 200.13984962406 420
396.33152173913 454.423913043478 421
400.381818181818 987.818181818182 422
412.819433817904 591.970160673298 423
420.14913957935 1010.07648183556 424
418.341647770219 53.2894935752079 425
405.022222222222 980.822222222222 426
424.439520958084 87.5712574850299 427
448.51978149313 266.362522761132 428
420.885090218424 327.744539411206 429
420.885728061716 459.972034715526 430
413.661955241461 510.534746760895 431
423.503546099291 704.238770685579 432
418.602150537634 424.260215053763 433
430.370242214533 134.846885813149 434
422.412776412776 168.326781326781 435
411.597285067873 404.276018099548 436
426.019950124688 986.470074812968 437
436.04912836767 202.605916534601 438
412.290909090909 228.854545454545 439
426.853146853147 655.044289044289 440
427.36165577342 374.760348583878 441
436.672754946728 559.804414003044 442
435.158536585366 817.310975609756 443
444.224915824916 916.652525252525 444
436.843137254902 945.318394024276 445
433.434832756632 617.728950403691 446
443.343188405797 19.8255072463768 447
437.932346723044 402.287526427061 448
442.799628942486 491.471243042672 449
437.854280510018 855.976320582878 450
447.297491039427 666.433691756272 451
435.895833333333 964.875 452
455.569762419006 730.184881209503 453
439.61038961039 590.714285714286 454
455.572972972973 780.454054054054 455
463.76918829376 532.289895085588 456
456.175969725639 363.651844843898 457
457.921305182342 686.763915547025 458
459.542276422764 148.217073170732 459
458.644111570248 435.099173553719 460
459.168391994479 974.632160110421 461
458.130242825607 633.353200883002 462
461.36025998143 52.5803156917363 463
461.105531914894 90.2970212765957 464
469.819909502262 329.206787330317 465
475.272532953331 827.879586747417 466
461.801687763713 866.761603375527 467
474.777931991672 1004.23178348369 468
465.711111111111 505.524786324786 469
464.212972972973 575 470
459.873271889401 121.458525345622 471
463.737442922374 171.333333333333 472
466.465994962217 607.444584382872 473
457.662576687117 388.282208588957 474
495.743786830643 454.016910069178 475
491.127344521224 942.492596248766 476
491.666535433071 225.468897637795 477
468.617647058824 192.658823529412 478
474.398561151079 890.402877697842 479
475.333980582524 398.308737864078 480
481.86777668952 16.9598432908913 481
491.615553121577 643.052573932092 482
473.119266055046 116.917431192661 483
495.335319609967 737.598049837486 484
505.770440251572 381.96750524109 485
478.722222222222 1019.72222222222 486
488.771276595745 117.698581560284 487
498.754046585077 163.175681010659 488
500.184058730991 691.141059255375 489
501.009404388715 71.3605015673981 490
497.757232704402 589.333962264151 491
499.156217882837 913.886947584789 492
487.066059225513 563.719817767654 493
506.527047146402 792.89776674938 494
515.465509568313 848.534935469515 495
500.847470238095 505.661458333333 496
495.609090909091 984.366666666667 497
508.007590132827 300.324478178368 498
507.759568204122 887.525024533857 499
513.916083916084 972.822177822178 500
513.380847953216 336.52485380117 501
498.093023255814 549.406976744186 502
504.990171990172 276.498771498771 503
540.032315622522 521.627676447264 504
531.351824817518 1014.55474452555 505
526.910230489284 22.0796603315811 506
524.57611668186 105.310847766636 507
523.358722358722 1000.16707616708 508
527.476454293629 662.362880886427 509
528.539122137405 767.797709923664 510
522.389010989011 194.956043956044 511
526.147651006711 228.593959731544 512
520.590504451039 616.014836795252 513
537.91452991453 267.871794871795 514
532.66568914956 581.112170087977 515
539.370121130552 133.337819650067 516
535.92349726776 736.51756440281 517
532.377459749553 924.561717352415 518
542.393979057592 641.032722513089 519
541.609550561798 887.170646067416 520
536.895361380798 169.289104638619 521
549.184499314129 698.685871056241 522
548.754385964912 964.900053163211 523
546.342378292099 304.667996807662 524
547.620327102804 74.428738317757 525
538.065502183406 436.400655021834 526
557.865631330182 600.40175557056 527
542.116666666667 789.679166666667 528
562.372511239563 402.648362235067 529
548.155591572123 54.2220421393841 530
539.349775784753 357.614349775785 531
549.226463104326 336.603053435115 532
558.938117182357 815.855826201448 533
558.235352532274 853.443892750745 534
552.778125 199.65625 535
561.471333333333 229.402666666667 536
569.047120418848 492.433603046169 537
565.370745170193 628.086476540938 538
555.14691943128 716.151658767772 539
566.80351758794 917.760301507538 540
564.463215258856 93.2397820163488 541
551.456310679612 677.912621359223 542
554.189189189189 179.90990990991 543
574.440032414911 349.649918962723 544
561.496732026144 739.604575163399 545
574.972946859903 751.221256038647 546
571.332861189802 991.728045325779 547
599.637580150544 442.020630052969 548
560.456221198157 664.304147465438 549
561.91452991453 4.23931623931624 550
577.455874673629 160.688250652742 551
565.051587301587 772.138888888889 552
579.520720720721 31.4648648648649 553
563.465 783.67 554
562.917355371901 676.297520661157 555
572.76976744186 374.23488372093 556
566.312195121951 187.385365853659 557
586.455892986262 271.176428054953 558
574.79821958457 316.882789317507 559
573.817923186344 568.97439544808 560
571.890476190476 1011.40714285714 561
575.645283018868 120.311949685535 562
583.454971857411 877.098499061914 563
570.497890295359 718.025316455696 564
580.007575757576 946.488636363636 565
595.0548744892 663.608289550496 566
589.386530014641 202.453879941435 567
594.848655409631 807.975609756098 568
583 958.855421686747 569
596.47695035461 699.226063829787 570
610.898635477583 967.617446393762 571
582.2 723.218181818182 572
610.213080168776 774.95288326301 573
615.627799736495 626.237154150198 574
604.046719681909 842.676938369781 575
588.440217391304 932.842391304348 576
614.357697283312 536.857697283312 577
596.215843857635 611.714121699196 578
603.077470355731 75.4743083003953 579
593.650684931507 860.236301369863 580
608.456066945607 1008.53723849372 581
598.78564500485 506.055286129971 582
596.713815789474 108.197368421053 583
606.244004171012 228.640250260688 584
614.302088639837 363.535404992359 585
615.394275161588 575.31163434903 586
595.512096774194 314 587
637.840023729484 728.604904093336 588
594.87037037037 126.166666666667 589
604.836641221374 904.833587786259 590
598.415841584158 944.267326732673 591
624.376141552511 327.389269406393 592
617.422576832151 148.61938534279 593
611.262711864407 12.2782485875706 594
601.985981308411 140.598130841122 595
620.710355987055 927.105987055016 596
622.15390070922 37.3808510638298 597
617.5891959799 399.873115577889 598
619.005519779209 194.197792088316 599
620.009589041096 292.395890410959 600
617.751584283904 875.614702154626 601
626.93588417787 488.852119958635 602
628.437047756874 677.341534008683 603
625.188212927757 100.190114068441 604
632.818523153942 252.140175219024 605
627.054545454545 383.872727272727 606
637.429587482219 989.366998577525 607
639.296157950907 803.735859124867 608
643.32982171799 646.325769854133 609
635.397177419355 214.826612903226 610
634.65335235378 839.964336661912 611
629.476635514019 899.14953271028 612
641.246855345912 165.369496855346 613
641.660508083141 296.468822170901 614
652.508403361345 58.281045751634 615
660.441627751835 682.092728485657 616
639.800898203593 877.306886227545 617
656.365758754864 545.237354085603 618
639.535564853556 457.682008368201 619
655.676720075401 585.392082940622 620
652.073997944502 115.335046248715 621
654.159763313609 13.1550295857988 622
642.553299492386 183 623
659.916279069767 378.701162790698 624
657.378669275929 965.52446183953 625
642.715517241379 278.620689655172 626
667.686967910936 1000.33988212181 627
647.284584980237 918.03557312253 628
650.174358974359 943.097435897436 629
673.318897637795 149.241633858268 630
661.822706065319 899.9533437014 631
664.709886547812 452.219881145327 632
668.36 192.776533333333 633
662.335907335907 423.669884169884 634
669.446172248804 615.052033492823 635
667.319086219602 838.997052321297 636
672.313416009019 296.244644870349 637
674.245221190606 493.802839978154 638
667.271897810219 758.954379562044 639
663.723628691983 262.882911392405 640
653.844444444444 881.622222222222 641
669.742256637168 230.105088495575 642
670.523652365237 869.506050605061 643
686.864508393285 925.421262989608 644
675.380136986301 1017.03424657534 645
670.138686131387 333.603406326034 646
677.353197674419 86.9832848837209 647
699.689716312057 409.464982269504 648
687.103535353535 774.368686868687 649
681.080756013746 523.092783505155 650
690.495527728086 805.636851520572 651
685.97243660419 648.220507166483 652
679.826498422713 24.3675078864353 653
681.045364891519 557.384615384615 654
683.066162570888 118.10775047259 655
676.905660377358 4.36792452830189 656
682.507692307692 503.707692307692 657
698.428333333333 959.123333333333 658
704.700137551582 572.366574965612 659
704.981631550513 677.002160994057 660
715.797044334975 461.602955665025 661
692.899262899263 248.7542997543 662
697.024067388688 319.330926594465 663
706.170353982301 200.077986725664 664
708.68947858473 870.235102420857 665
697.297157622739 436.144702842377 666
698.879598662207 56.0719063545151 667
706.384615384615 720.522031366692 668
689.067567567568 38.3243243243243 669
702.292428198433 362.864882506527 670
693.438356164384 598.643835616438 671
703.141509433962 5.86163522012579 672
710.93984962406 506.136412459721 673
719.730006397953 830.051183621241 674
713.256028368794 27.2496453900709 675
732.46533973919 528.181880576527 676
710.793619142572 630.164506480558 677
708.182266009852 989.568965517241 678
711.319209039548 86.0178907721281 679
707.845528455285 599.79674796748 680
739.727937591419 1001.20770355924 681
701.777777777778 110.383838383838 682
710.587322121604 288.296248382924 683
711.684258416743 145.165605095541 684
737.568792995622 747.61038148843 685
715.628458498024 235.45652173913 686
724.363026819923 258.022030651341 687
734.296768707483 126.397108843537 688
737.555555555556 888.886408730159 689
718.68045112782 64.7669172932331 690
713.202247191011 108.292134831461 691
725.688861985472 312.888619854722 692
722.754010695187 973.665775401069 693
738.529605263158 790.8875 694
733.38904109589 597.355251141552 695
725.823348694316 353.41935483871 696
728.427083333333 956.413194444444 697
740.39406779661 97.7213983050847 698
734.321499013807 403.074950690335 699
734.902380952381 188.975 700
730.37 4.72 701
743.789234268385 38.6633813495072 702
730.017543859649 934.649122807018 703
744.362980769231 383.530048076923 704
743.029001074114 702.464017185822 705
741.608458390177 286.866302864939 706
733.026515151515 660.018939393939 707
735.294642857143 164.584821428571 708
754.030473135525 210.609462710505 709
762.493736383442 328.681100217865 710
735.023090586146 634.815275310835 711
759 421.880604796663 712
737.099056603774 68.0566037735849 713
752.969502407705 475.922150882825 714
755.245810055866 569.555167597765 715
750.057692307692 667.435576923077 716
758.675438596491 916.285486443381 717
743.495468277946 971.271903323263 718
758.247947454844 237.625615763547 719
749.100161550889 842.830371567044 720
752.449458483754 957.019855595668 721
751.716374269006 6.78947368421053 722
762.505509641873 157.960973370064 723
742.28431372549 444.735294117647 724
745.71 935.985 725
762.230885692657 620.165026495079 726
762.36442516269 268.065075921909 727
749.854430379747 73.8164556962025 728
756.319672131148 1016.74590163934 729
766.592972181552 68.1464128843338 730
770.710655737705 819.075409836066 731
759.661290322581 940.653225806452 732
778.368651488616 104.851138353765 733
780.304211187932 534.558139534884 734
762.529411764706 86.9294117647059 735
789.517625231911 708.110698824985 736
779.359798361689 870.967233774417 737
771.597894736842 370.941052631579 738
777.195104391649 34.4946004319654 739
784.01123046875 768.923828125 740
768.308571428571 846.234285714286 741
781.932823129252 491.176020408163 742
790.215634837356 934.02833158447 743
780.493372606775 579.861561119293 744
784.967606478704 650.974805038992 745
804.328947368421 1011.65643274854 746
779.586867305062 442.484268125855 747
776.838235294118 4.75980392156863 748
788.960900473934 979.985781990521 749
789.458181818182 381.179090909091 750
786.824534161491 184.63198757764 751
803.010619469027 591.132743362832 752
789.643939393939 899.166666666667 753
809.981455563331 132.402729181246 754
795.153110047847 275.197368421053 755
799.067321867322 227.759213759214 756
789.585185185185 85.0222222222222 757
794.609375 461.74375 758
822.167217760983 948.548417572036 759
801.827586206897 68.606490872211 760
808.636 797.067333333333 761
796.039893617021 345.914893617021 762
809.44724025974 417.362824675325 763
809.113430127042 613.939201451906 764
801.725868725869 194.830115830116 765
808.59057437408 563.636229749632 766
799.160063391442 26.8906497622821 767
820.957025297166 306.288631514782 768
796.935294117647 829.564705882353 769
821.218666666667 683.496888888889 770
811.839869281046 998.218954248366 771
799.603174603175 2.93650793650794 772
809.458506224066 512.284232365145 773
813.484578884935 857.683274021352 774
812.370288248337 394.062084257206 775
823.067019400353 251.887125220459 776
817.97670083877 168.261882572227 777
815.355952380952 484.154761904762 778
819.117412935323 448.181094527363 779
814.350877192982 666.782456140351 780
824.291547277937 535.666189111748 781
830.627020038785 888.632837750485 782
821.554462934947 363.014372163389 783
844.844400785855 813.866011787819 784
828.493992932862 90.1625441696113 785
843.504722693146 751.406635989344 786
812.835443037975 6.83544303797468 787
829.323980710215 33.5567733450241 788
829.112595419847 657.253816793893 789
834.54091392136 985.61211477152 790
833.429906542056 635.390965732087 791
825.093663911846 623.685950413223 792
828.1728 197.2288 793
822.716981132075 1011.45283018868 794
844.738709677419 223.376344086022 795
835.779614325069 492.793388429752 796
860.600364132909 903.357760582613 797
848.055983205039 561.548635409377 798
843.698615548456 410.367412140575 799
856.016801493466 369.678904791537 800
864.280071016423 697.802485574789 801
856.341959334566 967.576709796673 802
848.026887280248 453.8841778697 803
856.2 180.109090909091 804
865.251552795031 595.919772256729 805
840.02027027027 605.371621621622 806
857.872277227723 326.476237623762 807
845.973244147157 511.397993311037 808
859.689273356401 849.113494809689 809
859.937459703417 263.263056092843 810
871.3350176857 136.55583628095 811
863.756067961165 55.9356796116505 812
857.38808373591 649.457326892109 813
861.739184177998 96.2163164400494 814
870.843491346877 15.8705793829947 815
879.94383775351 413.655226209048 816
858.775109170306 118.006550218341 817
873.181818181818 474.135286514433 818
881.270718232044 997.219152854512 819
868.184713375796 525.67940552017 820
867.49855907781 297.089337175792 821
886.744303797468 1016.70886075949 822
887.897959183673 214.199144173799 823
877.108665749656 339.121045392022 824
872.893518518518 389.587962962963 825
880.852498017446 935.169706582078 826
894.189865689866 770.45115995116 827
874.306201550388 659.31007751938 828
888.229357798165 568.526605504587 829
891.468063872255 544.709580838323 830
898.192771084337 811.63734939759 831
899.69612590799 852.664648910412 832
892.077205882353 612.888480392157 833
896.094393186657 648.303051809794 834
894.322533136966 76.7636229749632 835
895.329545454545 504.817045454545 836
897.056338028169 959.193869096935 837
889.077868852459 266.401639344262 838
903.443082311734 153.103911266783 839
902.330890642616 294.691657271702 840
894.07929969104 734.540679711637 841
902.058616647128 356.518757327081 842
917.625207296849 898.685572139304 843
911.355072463768 25.4487922705314 844
909.555140186916 440.06261682243 845
891.91935483871 673.887096774194 846
898.469483568075 685.492957746479 847
919.847625329815 690.874670184697 848
910.304655870445 473.723684210526 849
911.581395348837 111.663953488372 850
931.548286604361 574.784008307373 851
904.466216216216 412.662162162162 852
908.731034482759 513.731034482759 853
924.871108949416 239.89640077821 854
926.02612244898 728.338775510204 855
910.730158730159 61.1904761904762 856
922.59739201304 622.654441727791 857
926.278314310799 323.784899034241 858
922.938107869142 526.061892130858 859
932.628390075014 986.063473744951 860
931.755751014885 189.232070365359 861
930.777587681779 783.776732249786 862
915.728723404255 417.484042553192 863
934.292725679229 389.929886064855 864
926.849909584087 367.853526220615 865
936.723370429253 1012.08108108108 866
918.5 82.0641025641026 867
919.673469387755 90.8265306122449 868
923.661087866109 821.481171548117 869
944.41077636153 857.545770567787 870
937.081834010447 948.928612884504 871
922.507042253521 63.0774647887324 872
957.497080041223 648.537272414978 873
935.057142857143 487.055844155844 874
938.957650273224 754.605191256831 875
935.66452991453 142.574786324786 876
934.422514619883 419.845029239766 877
933.521428571429 63.7357142857143 878
934.753753753754 113.393393393393 879
947.13373655914 25.0040322580645 880
956.255170219535 270.148902322622 881
943.860346585117 454.082568807339 882
960.063721325404 87.511186632682 883
950.426428571429 818.714285714286 884
935.333333333333 266.972789115646 885
938.30303030303 533.493939393939 886
952.701454234388 348.24123182207 887
957.804968287526 701.471987315011 888
950.474468085106 919.906382978723 889
957.920094936709 163.526898734177 890
960.256257449345 596.319427890346 891
955.22869022869 219.902286902287 892
957.851600387973 502.484966052376 893
959.446127946128 535.247474747475 894
964.041497975708 400.419028340081 895
969.613355317395 318.74855729596 896
967.409924487594 432.188781014024 897
960.701492537313 44.5621890547264 898
976.565789473684 780.189201451906 899
967.246056782334 1014.71608832808 900
966.697401508801 900.808046940486 901
978.36170212766 463.362435803375 902
976.665137614679 611.130733944954 903
967.629752066116 991.01652892562 904
975.43953294412 741.457881567973 905
988.155274261603 194.338818565401 906
983.860280658938 363.369127516779 907
972.22188449848 970.504559270517 908
993.524390243902 947.537115588547 909
982.847457627119 551.59938366718 910
977.14880952381 4.33928571428571 911
984.750232126277 854.217270194986 912
979.702252693438 37.0538687561215 913
982.226495726496 127.525641025641 914
986.890988372093 503.488372093023 915
998.522083805209 826.848810872027 916
992.054054054054 155.415415415415 917
984.537931034483 288.485057471264 918
999.07430617726 916.187108325873 919
990.825495049505 988.066831683168 920
982.217054263566 882.112403100775 921
994.825711820535 407.286453839517 922
998.166666666667 700.790183387271 923
1002.15645989727 248.327538522323 924
997.401483050847 657.246822033898 925
1003.46104725415 32.7509578544061 926
1004.01649305556 112.369791666667 927
1001.97703703704 582.527407407407 928
1001.12422360248 1016.17701863354 929
999.52 308.428888888889 930
1005.98828451883 881.661924686192 931
1009.08343125734 432.887191539365 932
1007.813459268 79.482880755608 933
1009.24212812161 621.681867535288 934
1008.81843191197 996.891334250344 935
1002.02857142857 796.571428571429 936
1007.94994311718 739.717861205916 937
1009.86455331412 469.149855907781 938
1011.15677966102 336.035310734463 939
1008.16838487973 509.513745704467 940
1003.87058823529 551.488235294118 941
1012.0499194847 375.399355877617 942
1014.03177966102 150.203389830508 943
1013.72764227642 8.76016260162602 944
1015.44680851064 538.287234042553 945
1014.3918128655 667.80701754386 946
1013.50331125828 772.938189845475 947
1014.85531914894 800.43829787234 948
1016.1897810219 970.116788321168 949
1016.2 296.773684210526 950
1017.03571428571 400.035714285714 951
1018.46721311475 190.180327868852 952
