18.6227247655819 23.5620518477661 1
21.3483768804434 77.4766429136975 2
15.8037974683544 124.825497287523 3
47.192789373814 187.293358633776 4
37.0551145384441 246.534588342028 5
16.1293759512938 327.071156773212 6
17.9477040816327 400.481717687075 7
33.6541666666667 452.027083333333 8
13.4983296213808 499.810690423163 9
21.4632696390658 578.568152866242 10
23.4044368600683 628.679607508532 11
18.6742209631728 706.998583569405 12
14.0255639097744 776.813533834586 13
8.18165467625899 817.741007194245 14
12.7259475218659 856.307094266278 15
25.9185686108763 920.610030994646 16
33.0871751886002 975.781642917016 17
41.8288590604027 1007.62080536913 18
45.6378683891805 528.421881308034 19
36.0850891410049 870.919773095624 20
36.3240143369176 816.63082437276 21
51.5497757847534 55.9991031390134 22
59.1577488217355 656.015525367341 23
38.8702359346642 753.624319419238 24
47.3326337880378 317.714235746765 25
49.5379310344828 489.150574712644 26
57.2644569816643 786.067700987306 27
64.6151754819575 121.922392486406 28
64.8523240371846 395.866401062417 29
69.608452454941 579.926351771286 30
65.805427547363 836.747055811572 31
69.8990571270105 726.536328341653 32
82.3030202456024 21.5094590109525 33
82.0224719101124 701.525983146067 34
66.3624497991968 957.765060240964 35
97.0706757594544 884.115933044017 36
73.0625990491284 912.170364500792 37
125.76967285588 287.688770999116 38
81.58521686011 311.984728161271 39
101.960497439649 458.456717873689 40
93.4267033723331 773.293186510668 41
111.632024634334 844.700795483705 42
122.429982046679 264.51750448833 43
103.472068965517 505.588620689655 44
105.370517928287 343.608992601024 45
116.032258064516 921.639264654873 46
94.6893333333333 240.509333333333 47
103.759595959596 91.9018181818182 48
99.0164260826282 967.760079641613 49
102.086446104589 216.335112059765 50
103.783269961977 1007.07604562738 51
104.925606469003 671.51051212938 52
109.977584960231 548.74981923355 53
127.234775123736 388.927910479879 54
99.6767676767677 588.290404040404 55
118.90354419022 184.30776132795 56
116.447232472325 606.727675276753 57
146.892857142857 144.552795031056 58
134.20653654108 67.6945074897867 59
147.490250696379 114.992107706592 60
132.547543581616 635.091125198098 61
146.974645466266 317.678556080791 62
135.113043478261 744.201391304348 63
133.941317365269 241.532934131737 64
138.714503816794 693.337913486005 65
144.495966029724 997.055201698514 66
149.741492146597 43.2951570680628 67
151.450300200133 12.3589059372915 68
163.380111299298 777.266876360997 69
146.339473684211 583.953947368421 70
132.638961038961 560.116883116883 71
136.7969348659 219.689655172414 72
141.155397390273 541.899169632266 73
183.336893635959 644.555852247441 74
169.965495995071 954.518484288355 75
172.824317738791 434.947855750487 76
184.684735202492 607.841433021807 77
161.545362392296 220.634566649772 78
167.041666666667 545.699603174603 79
187.512949039265 853.236925647452 80
180.414108187135 908.179093567251 81
188.843599205223 183.169173999432 82
182.030442804428 496.966789667897 83
192.394833948339 680.819188191882 84
191.60757717493 367.735032740879 85
204.177154308617 545.850100200401 86
181.058981233244 30.1769436997319 87
202.079365079365 74.6972222222222 88
209.285283474065 990.713208685163 89
180.652542372881 53.3220338983051 90
226.542301072422 244.784191711903 91
213.483671668138 484.913503971756 92
204.651162790698 11.0142118863049 93
239.968329000236 338.194516662727 94
247.072891357168 295.829225963207 95
221.90488006617 464.922249793218 96
210.466855295069 786.470088924818 97
224.397161354582 148.017679282869 98
203.53781512605 34.3882352941176 99
211.114780725501 738.562533838657 100
226.738238238238 927.201701701702 101
237.54116145501 415.008934269304 102
243.809334298119 713.021345875543 103
242.219027705175 80.2111866178777 104
263.691204756076 596.555166987236 105
241.206666666667 21.410303030303 106
260.503157063931 814.927387529597 107
237.23562023562 521.952875952876 108
253.663697104677 887.570712694878 109
257.212423312883 1008.76073619632 110
254.514157973174 781.161698956781 111
264.267326732673 132.230388423458 112
287.410798816568 674.589349112426 113
248.922185430464 462.382450331126 114
271.624436429216 849.105500450857 115
284.048287971905 552.677787532924 116
275.470451010886 972.215396578538 117
270.612102404965 51.5143522110163 118
279.224617129892 740.180374361883 119
264.227728285078 932.126391982183 120
261.051423324151 521.129476584022 121
274.749825296995 465.320754716981 122
276.085889570552 5.88957055214724 123
297.50977443609 172.74335839599 124
284.118763176388 90.098383696416 125
317.434050324675 366.229707792208 126
289.417358008934 421.079770261646 127
290.528638497653 24.7239436619718 128
294.739105171412 495.97152818129 129
290.521798365123 528.866485013624 130
299.981099054953 273.267063353168 131
288.961869618696 778.988929889299 132
295.826573426573 868.06013986014 133
304.380208333333 7.78125 134
304.233046800382 913.478987583572 135
322.624499332443 998.415887850467 136
333.783002263012 246.269549911994 137
334.288120567376 318.608156028369 138
313.185993111366 57.0556831228473 139
334.011811023622 106.951241671714 140
314.295259593679 775.047404063205 141
316.944047619048 877.115476190476 142
326.344450234497 832.628973423658 143
344.684427922346 635.985543163982 144
323.810344827586 543.855172413793 145
338.9448 954.372 146
334.787837376153 431.930987359071 147
323.84601339014 585.222154595253 148
338.238288027762 513.271833429728 149
356.329588014981 474.14606741573 150
337.717311233886 175.966390423573 151
358.142239308025 599.702066314272 152
342.244796828543 762.710109018831 153
340.8106365834 17.4665592264303 154
350.358646616541 669.855639097744 155
355.242424242424 54.0004967709886 156
346.855149501661 889.621926910299 157
365.300563236047 731.628264208909 158
361.125377643505 923.622356495468 159
384.117332035054 697.491723466407 160
354.970404984424 839.981308411215 161
374.109955423477 210.461367013373 162
370.549652118912 563.115749525617 163
379.326203208556 668.352941176471 164
368.100222717149 11.6436525612472 165
385.000418060201 827.475334448161 166
370.176956733106 161.078269324259 167
377.984082397004 240.822097378277 168
388.789383561644 433.521404109589 169
371.622988505747 522.25632183908 170
370.86899918633 967.825874694874 171
369.732718894009 773.36712749616 172
381.104333868379 901.62760834671 173
385.65 96.305612244898 174
406.659279038718 390.05473965287 175
397.16170388751 280.773366418528 176
408.463182117028 493.634451019066 177
382.759697256386 875.098391674551 178
410.184344603983 1008.08244557666 179
412.103801169591 336.851608187135 180
401.397708674304 773.55728314239 181
392.791176470588 919.604411764706 182
411.142552055526 36.3892151628404 183
384.712250712251 12.5042735042735 184
410.377131782946 546.762403100775 185
419.437699680511 253.544195953142 186
430.142705757683 969.753090780643 187
405.065161621344 946.982042072858 188
419.29304029304 64.9676434676435 189
407.140287769784 625.72242206235 190
409.712970069071 142.172678434382 191
400.430487804878 174.013414634146 192
406.531100478469 198.370015948963 193
426.96522356281 10.6068133427963 194
417.248424842484 654.5499549955 195
419.311475409836 106.230327868852 196
425.824483775811 727.262536873156 197
437.198265179678 598.776332094176 198
423.98615916955 231.631833910035 199
418.78518150174 892.110392839383 200
424.018656716418 813.560634328358 201
457.742272727273 297.711590909091 202
433.700636942675 846.610668789809 203
447.527974783294 702.530338849488 204
430.084285714286 168.275714285714 205
452.256605463502 675.218092252575 206
440.203875968992 778.103100775194 207
444.085959885387 121.129894937918 208
445.943163538874 208.704557640751 209
447.603818615752 824.622911694511 210
453.392459297344 416.160811196801 211
462.721826339404 894.882026920032 212
459.302510716473 539.225352112676 213
460.706412825651 137.954909819639 214
471.941794494642 62.8289556629544 215
480.742616033755 746.140446051838 216
444 40 217
466.749685534591 177.749685534591 218
493.388620689655 475.514482758621 219
490.616766467066 508.775876817793 220
466.796718322698 794.971741112124 221
474.742042440318 981.330901856764 222
489.274771609276 641.97083626142 223
493.30153223475 370.693553050014 224
483.310070671378 837.779593639576 225
494.182291666667 431.261458333333 226
492.378277153558 237.881086142322 227
491.051198257081 598.213507625272 228
520.772932816537 19.2270671834625 229
498.299257317606 142.495849716033 230
518.619413407821 924.667248603352 231
509.589622641509 199.721698113208 232
502.376899696049 552.418439716312 233
515.850399419027 798.29883805374 234
521.780865847141 175.436664885088 235
521.402112908551 306.290855067679 236
526.315108379165 679.88806211582 237
531.417736757624 718.004012841091 238
526.80426716141 109.599567099567 239
543.461359223301 344.132427184466 240
521.021535580524 857.121254681648 241
507.312564366632 983.855303810505 242
532.932724252492 887.59219269103 243
523.550060313631 570.983112183353 244
544.084027526259 68.495110467222 245
527.943781942078 436.709540034072 246
545.682909850331 599.061260006961 247
557.906717605858 267.592804839223 248
542.990545454545 750.152727272727 249
530.918614718615 235.176623376623 250
535.385572139303 206.082089552239 251
545.37031835206 392.740168539326 252
548.477588871716 543.268933539413 253
560.546329723225 990.500200561572 254
549.317084942085 474.547297297297 255
560.09656777196 657.478184991274 256
565.407002188184 795.459956236324 257
564.002911208151 206.598738476468 258
556.973066898349 851.012163336229 259
580.784188034188 169.166132478632 260
561.965150620201 923.258121677496 261
572.639566395664 768.09756097561 262
597.056 146.712533333333 263
587.755492957746 512.584507042254 264
577.11022480058 36.3284989122553 265
584.99902200489 447.285574572127 266
581.819490131579 398.812088815789 267
575.075885328836 631.185497470489 268
586.473647224174 113.260716795502 269
596.739313666466 310.054786273329 270
584.712166172107 7.74629080118694 271
576.699524940618 733.198337292162 272
593.163522012579 828.539622641509 273
578.572755417957 861.513931888545 274
593.923684210526 74.2861842105263 275
598.48132780083 234.677178423237 276
594.149365440937 933.94467946632 277
633.45620979713 724.434603331684 278
612.62996742671 603.075895765472 279
620.527112996062 373.974856104211 280
605.301756587202 761.809284818068 281
630.620144832126 542.024687294273 282
611.959511568123 659.335796915167 283
614.904146838885 193.861998640381 284
609.698360655738 877.140983606557 285
614.388392857143 886.238839285714 286
617.11 863.645 287
619.050892857143 32.5142857142857 288
623.73268921095 255.762479871176 289
627.074102964119 84.4500780031201 290
624.933947772657 486.586021505376 291
623.270580296896 442.669365721997 292
621.135294117647 220.111764705882 293
634.678571428571 815.749114521842 294
622.738834216503 927.03028009084 295
664.750758955677 987.764268366727 296
624.616 132.336 297
627.678284182306 108.013404825737 298
641.400523560209 285.161256544503 299
640.435897435897 895.522267206478 300
651.495384615385 590.186923076923 301
654.994059405941 933.258415841584 302
653.409759358289 340.431818181818 303
665.099470499244 427.567700453858 304
644.07476635514 214.036604361371 305
650.69459962756 461.670391061453 306
657.184736091298 17.074179743224 307
662.805531547105 559.800345721694 308
652.142617449664 114.608501118568 309
671.042766631468 137.74656810982 310
660.817934782609 638.227355072464 311
674.661377569419 60.1117922827263 312
674.327619980411 189.40597453477 313
669.825695931478 860.727194860814 314
669.412234042553 313.303191489362 315
666.456129032258 379.4 316
655.621726479146 490.519883608147 317
663.871444823663 239.400455062571 318
691.19539945585 809.951768488746 319
691.767220902613 887.815518606492 320
680.283253588517 276.466985645933 321
684.246575342466 905.623287671233 322
680.247539742619 482.021953065859 323
707.526232741617 665.394082840237 324
683.709134615385 650.354166666667 325
700.805806451613 164.941935483871 326
724.864337700146 748.497379912664 327
699.177253478524 347.894131881428 328
690.251879699248 534.138157894737 329
676.489247311828 236.752688172043 330
706.481497235219 578.886005954913 331
734.320420586608 705.830105146652 332
696.641909814324 10.7546419098143 333
695.264397905759 292.15445026178 334
697.757480314961 927.174015748031 335
716.748839907193 108.752320185615 336
689.109785202864 237.6861575179 337
716.508910891089 398.106930693069 338
697.552132701422 499.045023696682 339
705.02518363064 33.4711437565582 340
711.9 616.164071856287 341
707.909706546275 316.633182844244 342
723.484214680347 221.361089187056 343
723.259398496241 452.117794486216 344
720.544715447154 262.944896115628 345
713.944117647059 481.161764705882 346
717.404958677686 288.442148760331 347
719.9309600863 547.598705501618 348
732.755244755245 523.717482517482 349
743.542168674699 684.093373493976 350
738.131844380403 949.863112391931 351
731.687196896217 50.35305528613 352
734.969291728578 913.603268945022 353
746.493818181818 658.090909090909 354
732.847619047619 991.197619047619 355
748.821283325802 819.692498870312 356
751.497459349593 871.875508130081 357
739.016 301.082 358
750.461264822134 177.407509881423 359
755.520050125313 7.1077694235589 360
756.476686780033 134.904004388371 361
750.915867480384 333.480383609416 362
744.092592592593 487.782651072125 363
776.969390002202 602.242017176833 364
762.893027698185 440.487106017192 365
766.601433994095 406.272458878111 366
762.870886075949 272.16 367
755.494236311239 46.1902017291066 368
761.542435424354 535.262607626076 369
772.361814345992 28.7827004219409 370
774.841049382716 76.5324074074074 371
761.912854030501 996.039215686274 372
785.11953010279 220.024669603524 373
778.584250635055 362.027942421677 374
769.502762430939 463.67955801105 375
778.221598002497 893.039325842697 376
780.343413978495 955.245967741935 377
783.155339805825 497.441747572816 378
794.785625 689.914375 379
801.904538341158 559.222743870631 380
788.21855010661 334.470149253731 381
789.324614352783 996.559356136821 382
809.051217271474 148.439825447864 383
798.651685393258 89.4171348314607 384
813.923566878981 393.126478616924 385
791.519781718963 526.457025920873 386
802.509418509419 919.63144963145 387
806.294810058855 454.785981808454 388
809.075931232092 845.396848137536 389
822.594853683148 758.650353178607 390
804.197204968944 261.559782608696 391
814.222576530612 295.403698979592 392
809.674576271186 486.29604519774 393
821.72617946346 800.125809435708 394
816.092465753425 323.180650684931 395
807.3008 15.2072 396
813.618401206636 53.7458521870287 397
821.870307167236 362.546928327645 398
811.293723849372 883.654393305439 399
823.042879019908 1007.04747320061 400
829.544110634239 104.000476871722 401
848.351616628176 828.689376443418 402
838.611198428291 632.232809430255 403
817.580272822665 944.287513116474 404
836.111329082884 543.272192251103 405
840.503621169916 963.194986072423 406
849.106489675516 427.725663716814 407
831.717110920034 232.006878761823 408
833.808019441069 502.89914945322 409
864.609976349172 190.209417329607 410
836.627513227513 24.5460317460317 411
838.969199178645 269.432238193018 412
857.859564164649 709.680084745763 413
850.0625 924.283764367816 414
874.127835794022 900.885487936622 415
863.306892778993 864.644967177243 416
865.476227591582 330.919459599896 417
855.347474747475 50.3525252525253 418
871.086979722519 970.453575240128 419
865.320559295702 83.9689280165717 420
863.268094218415 505.500214132762 421
880.078956521739 592.450434782609 422
860.352134146341 19.5579268292683 423
871.99063670412 1005.99531835206 424
861.245143385754 250.63459759482 425
883.067619047619 463.487142857143 426
894.233122362869 372.246835443038 427
895.826643397324 137.034031413613 428
881.499153976311 799.012408347434 429
890.401509433962 401.316981132075 430
881.883333333333 8.90833333333333 431
889.363636363636 281.637458926616 432
895.401864035088 550.085526315789 433
908.431608606557 657.612961065574 434
885.393794749403 762.350039777247 435
905.102452316076 89.6610354223433 436
886.468057366362 40.5384615384615 437
889.468513853904 240.765743073048 438
905.128670120898 738.43091537133 439
909.032218091698 705.973977695167 440
917.77752368507 833.597190460634 441
919.332470892626 516.287623975852 442
917.510102580044 994.333851414361 443
935.740322580645 424.581451612903 444
917.949 14.168 445
905.563081009296 47.1766268260292 446
939.481199428843 955.623750594955 447
926.922367409685 206.068408916218 448
923.431539187913 463.995750708215 449
940.690615058325 871.904294803818 450
934.329434697856 346.860623781676 451
920.513425016372 607.779305828422 452
918.323682256867 291.647364513734 453
928.702492211838 794.52492211838 454
934.312370421562 762.893572909468 455
927.458682634731 247.452694610778 456
949.213503649635 314.051094890511 457
935.300287356322 576.504310344828 458
934.196483180428 36.855504587156 459
952.699955015745 167.820062977958 460
955.114822546973 390.21127348643 461
944.005964214712 551.406560636183 462
937.530441400304 115.933789954338 463
938.997530864198 273.227160493827 464
943.63453815261 707.091030789826 465
962.703164239076 499.723756906077 466
973.20781573499 33.5144927536232 467
969.952298850575 928.020114942529 468
953.877250409165 598.531914893617 469
961.307568438003 232.015297906602 470
951.333333333333 281.833333333333 471
971.318003365115 656.936623667975 472
966.357142857143 263.291316526611 473
980.800385728062 686.000964320154 474
960.663097787295 111.706638115632 475
993.089604175729 459.880165289256 476
975.629585798817 293.239053254438 477
990.859837278107 893.677144970414 478
983.647611589663 721.095536413469 479
978.980911983033 615.209968186638 480
972.193741371376 772.508053382421 481
974.243996901627 540.711851278079 482
967.537037037037 277.185185185185 483
996.756942063764 67.8145354816592 484
996.255520504732 361.533573681839 485
992.721345229925 802.948524365134 486
999.247133757962 824.79872611465 487
992.662790697674 562.260174418605 488
997.581998474447 853.076277650648 489
979.721753794266 185.069139966273 490
999.05086013463 977.173772126652 491
998.428042328042 167.791005291005 492
1004.97933000713 590.224518888097 493
999.539992489673 230.4769057454 494
997.324409448819 113.133070866142 495
1006.26768292683 290.220731707317 496
1010.10513447433 659.230440097799 497
1011.55668604651 137.046511627907 498
1009.15201314708 532.10188989318 499
1010.08495145631 759.021035598705 500
1016.17032967033 840.071428571429 501
