33.4958883628208 30.2175429852978 1
40.1994901210962 94.6293817718292 2
23.3982421875 154.318359375 3
25.3756885787734 268.929489533603 4
19.0791123974916 353.08152436083 5
5.88888888888889 409.055555555556 6
25.1993865030675 452.620858895706 7
34.5754880158142 493.305411415864 8
22.4042303172738 581.333960047004 9
23.4516129032258 699.442429950553 10
17.7309851965288 775.005104645227 11
18.2297843665768 821.733153638814 12
32.447187141217 851.318025258324 13
20.3958333333333 910.244889937107 14
18.4281368821293 967.568821292776 15
24.3085106382979 996.490425531915 16
29.2014652014652 1013.60073260073 17
18.6123417721519 409.294303797468 18
47.922515952598 874.720145852325 19
57.1338477021134 609.970815162697 20
50.7133903133903 968.491168091168 21
59.2147872779843 661.258570838496 22
52.7006933744222 420.508474576271 23
93.3017220172202 210.389298892989 24
64.8460045292785 763.970559689421 25
44.380303030303 339.387878787879 26
70.5588132635253 511.520418848168 27
61.339412360689 927.504559270517 28
50.6018237082067 901.209726443769 29
58.0194690265487 819.778761061947 30
80.5754974639095 402.385875926648 31
59.4878587196468 351.906181015453 32
81.5635643564356 712.463366336634 33
77.9278017241379 286.886853448276 34
82.0761381475667 805.441130298273 35
89.0973096737264 955.12077847739 36
87.52375 60.466875 37
100.290158730159 548.570793650794 38
75.9734151329243 893.040899795501 39
93.3473282442748 998.710347752332 40
101.735063864854 580.896168108776 41
90.8325907065563 120.372374283896 42
94.4967136150235 856.750704225352 43
99.1974266184158 20.7503015681544 44
85.1873840445269 344.591836734694 45
98.6632026452527 656.239017477563 46
102.2797731569 921.470699432892 47
110.454322200393 382.448919449902 48
121.140728476821 732.92880794702 49
129.777589708869 454.004062288422 50
112.889022435897 505.56530448718 51
116.970149253731 330.736770691995 52
122.684918347743 797.157540826129 53
131.514325646401 828.393431167016 54
133.212658227848 633.681012658228 55
136.010040160643 884.268406961178 56
144.671012269939 295.25268404908 57
127.450221940393 58.4996829422955 58
139.358828671329 923.191433566434 59
140.312152501986 992.199761715647 60
150.467777777778 406.643888888889 61
159.85907079646 113.752876106195 62
156.040208136235 674.310312204352 63
150.779357556609 584.39915745129 64
156.835883905013 856.315567282322 65
152.384685505925 328.577939835916 66
156.306974459725 361.101178781925 67
154.632921174652 67.3632148377125 68
173.485172981878 245.956754530478 69
168.32801531589 773.168155711551 70
161.321671018277 17.7425587467363 71
156.659836065574 198.728629976581 72
161.684647302905 481.349585062241 73
167.87274368231 543.489620938628 74
165.019561351512 509.378186129223 75
165.527047146402 723.279900744417 76
186.361054766734 939.816632860041 77
173.4 442.468269230769 78
189.745833333333 275.02962962963 79
185.837133550489 980.954397394137 80
209.347476102633 172.102968304545 81
183.846959122632 601.271684945164 82
194.586624539231 54.8630858346498 83
195.024255319149 839.988510638298 84
188.252692626346 902.876553438277 85
203.879797248371 373.792903692976 86
193.601495112133 646.228292121909 87
192.248251748252 700.486013986014 88
213.327449786975 1006.22276323798 89
185.140376266281 405.965267727931 90
196.549280177187 469.802879291251 91
221.118644067797 815.516129032258 92
201.216572504708 874.679849340866 93
211.004939626784 427.007683863886 94
224.222910216718 321.783539731682 95
213.078014184397 786.785207700101 96
209.542590431739 489.638273045508 97
207.685792349727 894.633879781421 98
217.02489626556 39.8869294605809 99
217.054038680319 547.108077360637 100
210.230514096186 14.1243781094527 101
216.211424332344 752.655044510386 102
227.229895641498 104.114794352363 103
217.167447306792 511.604215456674 104
229.209073900842 663.184284377923 105
233.590637450199 565.395418326693 106
225.849695328368 703.774542992552 107
232.098367887075 608.977944419938 108
252.868458274399 230.663837812353 109
238.819368879217 451.915125136017 110
239.130797773655 729.162337662338 111
235.327759197324 17.1438127090301 112
231.154909090909 873.909818181818 113
243.510298444725 955.365699873897 114
235.920454545455 913.218181818182 115
255.923817161187 287.565757818765 116
260.25644504749 786.83763003166 117
249.995151515152 489.615757575758 118
268.747651299978 386.419488748088 119
247.924861878453 517.164640883978 120
260.389197776013 573.474980142971 121
264.980184940555 931.299867899604 122
270.349361382419 998.435386927122 123
266.235908141962 78.8949199721642 124
272.401567944251 831.448606271777 125
268.500373692078 132.621076233184 126
273.761869158878 24.491214953271 127
268.611283323001 899.790452572846 128
274.382067851373 658.326736672052 129
281.977552696414 744.315357240624 130
283.986013986014 871.877622377622 131
286.606942889138 627.701007838746 132
278.057636887608 449.994236311239 133
275.98328935796 534.504837291117 134
277.60250240616 600.451395572666 135
280.341384863124 58.8582930756844 136
300.712060166532 328.070373354821 137
317.407822561412 712.008347245409 138
298.795081967213 156.331147540984 139
280.300511508951 497.70716112532 140
312.150470219436 197.849007314525 141
313.513241702984 963.829031176668 142
312.248210023866 474.199880668258 143
298.61221449851 241.008937437934 144
311.205882352941 578.065482796892 145
318.894287833828 419.547848664688 146
317.628216123499 921.722984562607 147
309.378865979381 539.119845360825 148
309.754071661238 70.025651465798 149
329.760926410161 280.43481509152 150
312.630011454754 508.41695303551 151
335.860655737705 180.096994535519 152
308.298039215686 615.11568627451 153
325.642214532872 829.415916955017 154
312.092521202776 848.368542791056 155
330.835930339138 120.637946837764 156
342.239614243323 785.388229475767 157
321.226358148893 1007.50201207243 158
327.33355393779 671.191925876903 159
333.576145884672 19.6145884672252 160
334.638620689655 160.638620689655 161
339.693851944793 886.312421580928 162
341.137392241379 359.088362068966 163
340.538952745849 236.618135376756 164
328 616.409237379162 165
361.322207084469 560.288147138965 166
356.795169530887 409.493265211333 167
356.234596074852 510.527612962118 168
363.436876100998 77.8916617733412 169
361.120573020294 671.508953442101 170
359.707042253521 995.305164319249 171
356.53597359736 470.790759075908 172
347.730684326711 620.614790286976 173
361.371182458888 320.482380579483 174
372.061526168598 902.791450259688 175
380.121846943138 26.5361265498076 176
373.141914191419 200.789603960396 177
368.723684210526 607.142857142857 178
377.279132791328 833.965108401084 179
372.9091796875 171.1103515625 180
380.409653465347 151.292079207921 181
380.922120418848 229.076570680628 182
396.131608133087 443.063216266174 183
406.197500557911 943.424905155099 184
384.701410177805 125.161863887186 185
374.133526850508 354.814223512337 186
399.442485306465 734.623425692695 187
392.616051243406 266.196684250188 188
399.538257575758 392.051893939394 189
406.126694717158 768.431510051426 190
387.138983050847 635.109604519774 191
404.68676222597 690.259274873524 192
386.631993006993 318.36013986014 193
402.906265919511 991.787570045848 194
401.883018867925 500.189622641509 195
425.97129506008 807.443257676903 196
409.961598746082 650.349529780564 197
406.913210445469 604.424731182796 198
417.076399170862 556.413088540124 199
417.679611650485 873.641816920943 200
419.830876330876 187.635544635545 201
415.794331395349 313.08648255814 202
421.907503234153 95.5996119016818 203
425.163747143945 70.5247524752475 204
440.541697058108 358.59615852176 205
418.462673611111 32.1467013888889 206
432.235294117647 707.199488491049 207
428.768604019555 143.740901683867 208
450.131861198738 13.4656151419558 209
434.933770014556 997.355895196507 210
448.743362831858 293.55494100295 211
447.330225330225 51.7443667443667 212
444.651789304383 244.544028950543 213
448.461521786256 485.105137654455 214
442.700587084149 631.983039791259 215
449.86859688196 760.880846325167 216
459.544279559598 115.381522259454 217
460.990235964199 598.411310008137 218
490.018840225104 430.209199902129 219
466.778498985801 202.587018255578 220
454.919871794872 900.64155982906 221
465.667729083665 658.626294820717 222
446.788051209104 851.701280227596 223
452.886056971514 684.59820089955 224
445.328313253012 730.719879518072 225
467.262987012987 993.370593692022 226
482.134366925065 553.822853861614 227
474.445581395349 707.97488372093 228
467.15651135006 734.260454002389 229
480.538420773715 851.88924218336 230
456 852 231
496.111607142857 913.232405462185 232
483.98995215311 773.545933014354 233
470.621700879765 872.114369501466 234
494.358394573205 141.81769361221 235
501.563188593649 818.836033700583 236
502.222412611378 981.501370801919 237
487.230084557187 54.4681797952826 238
494.977528089888 324.12504530627 239
491.651162790698 236.830948121646 240
495.881076388889 271.075520833333 241
502.580808080808 678.576675849403 242
502.61693210394 15.1416596814753 243
514.871433482296 629.851839119973 244
522.465172917681 89.3809059912323 245
533.722763182069 520.870108396105 246
516.969079939668 730.627450980392 247
533.400338409475 348.470389170897 248
515.669483568075 191.751643192488 249
532.253875968992 582.239825581395 250
544.177662037037 58.6168981481481 251
522.612175873732 238.563697857948 252
529.320804195804 269.965909090909 253
536.005524861878 951.81546961326 254
537.185226019846 929.563395810364 255
558.714842059714 373.237992211164 256
531.344456404736 304.138858988159 257
550.385051718385 767.44044044044 258
555.854557207498 22.1557853910795 259
573.204779563247 415.891635764318 260
562.403834449178 112.367011564212 261
559.369333858888 160.580212849823 262
554.291527482539 823.129972669298 263
546.402562733582 897.173518419648 264
551.052772808587 999.78175313059 265
552.376643871646 215.874802735402 266
573.808813559322 700.734237288136 267
560.829248026589 648.985043622767 268
570.206008583691 870.458273724368 269
561.074104912573 280.96835970025 270
557.611226611227 969.575883575884 271
583.880055401662 483.320775623269 272
568.854354354354 602.015765765766 273
584.871212121212 306.066161616162 274
581.113278791693 254.366897419761 275
568.158974358974 945.386324786325 276
596.107389686337 584.418926103137 277
596.273275284662 177.805760214334 278
592.575623491553 980.624698310539 279
601.012422360248 925.845755693582 280
589.96178343949 213.86093418259 281
617.269938650307 521.196319018405 282
608.587985436893 559.895024271845 283
608.676003734827 87.5560224089636 284
597.378816793893 628.608778625954 285
610.763398173878 738.737594283446 286
602.622114216282 808.111786148238 287
612.620031298905 352.035993740219 288
612.471428571429 775.724369747899 289
617.390731292517 449.681547619048 290
621.145408962708 53.7746787840802 291
605.265475430759 855.900446713465 292
609.463672391017 247.173051519155 293
606.716216216216 890.8861003861 294
621.134136212625 131.91196013289 295
629.593038471604 648.077204920178 296
662.008255659121 18.1073235685752 297
622.9662004662 227.561771561772 298
619.516512549538 193.002642007926 299
636.335761359695 281.271245230662 300
682.086585681055 999.105712070302 301
629.095838587642 901.823455233291 302
648.13366115333 966.147295485025 303
634.741573033708 867.552604698672 304
636.869324473976 558.544850498339 305
625.094674556213 811.316568047337 306
659.12348401323 702.999448732084 307
643.184038117927 187.15366289458 308
636.908212560386 811.270531400966 309
649.571670620129 372.188071840054 310
649.070247933884 726.973829201102 311
644.002989536622 753.582959641256 312
657.120405209841 465.633285094067 313
673.696467509812 905.762974269516 314
673.351159311892 245.15445026178 315
661.666141111549 818.172250689791 316
683.131458966565 591.48556231003 317
677.977635782748 145.452609158679 318
686.468738961498 621.698339809255 319
664.539732494099 65.1636506687647 320
664.309906858594 547.682049110923 321
680.342425718461 114.847053093035 322
692.764650872818 299.942955112219 323
679.29513721714 365.097255657198 324
692.148539246744 664.05315029919 325
670.33174904943 761.279467680608 326
669.907109004739 198.702369668246 327
699.761667703796 346.64903546982 328
689.265687583445 452.122496662216 329
702.207393483709 175.779448621554 330
696.807285546416 555.030552291422 331
697.76610324349 69.4687071722248 332
694.921612541993 205.394176931691 333
685.685314685315 719.863636363636 334
692.499274310595 747.145137880987 335
702.575153929736 803.619703006157 336
729.814044213264 841.533159947984 337
727.320444547349 892.344524195416 338
701.140655105973 710.845857418112 339
711.765017667845 692.598939929329 340
724.832232496698 534.350946719507 341
711.80559646539 739.322533136966 342
714.757306889353 444.594989561587 343
735.55428273887 233.940640458214 344
745.153708133971 774.174043062201 345
754.812337508863 399.220042543134 346
728.724061810155 42.9707505518764 347
731.648826979472 94.1107038123167 348
740.567432567433 164.876123876124 349
739.859340659341 593.021098901099 350
774.497747747748 943.730694980695 351
752.484188334505 979.249824314828 352
741.334451901566 471.356823266219 353
738.981375358166 721.546561604585 354
752.003367003367 11.7255892255892 355
751.30426801285 340.948141349243 356
769.247982914096 279.157332700522 357
756.200238379023 512.200834326579 358
742.668555240793 680.912181303116 359
764.138030888031 108.297297297297 360
761.282370153621 1011.29480614484 361
762.476816074189 646.604327666151 362
781.259398496241 426.973684210526 363
790.551918735892 915.824492099323 364
770.38127090301 73.5741360089186 365
772.483732057416 561.313875598086 366
765.057096247961 45.6639477977161 367
767.970731707317 447.992682926829 368
791.627290737989 724.91406636949 369
786.712062256809 133.026125625347 370
780.944636678201 492.783160322953 371
797.014475271411 614.48652995577 372
789.286968739024 823.278890059712 373
806.617733411627 894.248385202584 374
797.667279411765 221.437959558824 375
780.655172413793 469.166144200627 376
782.875996457042 175.33215234721 377
807.923736892278 189.71782650143 378
801.009144350098 870.310907903331 379
791.352785145889 20.0176834659593 380
812.751552795031 673.150793650794 381
815.576482148706 769.964624959057 382
795.626548672566 449.226548672566 383
816.582592592593 513.346666666667 384
813.775196446874 69.1848308848651 385
819.73929064947 344.675495163519 386
814.9 149.829285714286 387
798.021406727829 988.989296636086 388
818.598692033294 552.167063020214 389
823.482352941176 583.074789915966 390
818.388059701493 854.205223880597 391
822.671181690799 461.300326950023 392
838.700162074554 268.035008103728 393
837.288433382138 396.541361639824 394
820.546718576196 989.081201334816 395
850.003407984421 306.17964946446 396
819.808536585366 17.0865853658537 397
840.501766784452 436.280329799764 398
846.10152784623 841.512567767373 399
858.559529001308 109.218491059747 400
854.55180853957 210.528419907533 401
842.746464646465 802.274747474748 402
853.793762183236 949.959454191033 403
863.872390789757 655.928986442866 404
862.429421487603 153.066446280992 405
861.232638888889 602.459821428571 406
839.279411764706 12.3294117647059 407
876.005503577325 997.831865712713 408
866.464190981432 39.5610079575597 409
866.389642416769 23.189889025894 410
847.029211295034 67.8675754625122 411
867.728771228771 730.136363636364 412
867.31715210356 923.074433656958 413
862.447138700291 762.222114451988 414
875.352371732817 877.151016456922 415
855.672794117647 557.740808823529 416
872.059850374065 482.425187032419 417
888.087420886076 513.699762658228 418
871.649029982363 805.967666078777 419
873.296352583587 7 420
865.519579751671 430.214899713467 421
872.993603411514 68.8976545842218 422
881.961213326703 344.746394828444 423
891.152014652015 465.734432234432 424
904.958683021304 714.860877985797 425
890.010358221839 558.138972809668 426
893.289625360231 449.546109510086 427
902.337492909813 239.555019852524 428
905.518245004344 398.508253692441 429
904.259900990099 426.772277227723 430
889.393939393939 765.055944055944 431
889.444897959184 931.020408163265 432
906.996607294317 294.0122985581 433
901.974137931035 63.333855799373 434
913.817595752749 782.255593477436 435
894.869047619048 913.071428571429 436
924.001398601399 92.5475524475524 437
901.972350230415 116.296082949309 438
918.742673992674 29.0755494505494 439
926.834530221424 592.061639736685 440
935.298404840484 826.211221122112 441
912.937993235626 154.772829763247 442
914.573598130841 366.582943925234 443
933.966727162734 185.566243194192 444
932.402158063575 642.214348206474 445
910.176165803109 338.991364421416 446
905.032085561497 922.795454545455 447
942.865817409766 972.304033970276 448
922.489924433249 880.978589420655 449
935.633152173913 208.453804347826 450
946.975087719298 702.594035087719 451
928.886771910724 458.170930865542 452
927.403878583474 928.111298482293 453
932.368150684931 119.417808219178 454
937.654545454545 512.876623376623 455
938.975757575758 321.879797979798 456
956.245339299031 535.62043251305 457
940.321045576408 368.349865951743 458
951.672325976231 225.843803056027 459
952.474118529632 66.688672168042 460
962.836049382716 18.9550617283951 461
967.717439293598 547.699779249448 462
950.571772253408 251.045709703288 463
962.306138306138 146.524864024864 464
949.46134347275 295.401774397972 465
956.546656869949 463.623806024982 466
971.23250728863 569.398688046647 467
976.490101658641 759.02354200107 468
960.075712143928 892.099700149925 469
978.757009345794 500.304816678648 470
973.570322580645 404.807741935484 471
967.37456445993 668.787456445993 472
992.055602358888 991.336703173266 473
982.643243243243 351.89111969112 474
972.779953014879 95.4095536413469 475
984.302985074627 645.284328358209 476
976.942336874052 193.01062215478 477
979.006352087114 260.218693284936 478
968.073372781065 299.010650887574 479
983.246501614639 50.5274488697524 480
996.790966386555 461.982843137255 481
984.014874141876 830.641495041953 482
997.056826947801 631.421445101569 483
984.525581395349 225.26976744186 484
1003.03303571429 126.679464285714 485
996 320.366529774127 486
1002.12558139535 933.476411960133 487
1004.75549597855 710.449865951743 488
1001.58899521531 887.013397129187 489
1004.86923076923 297.647863247863 490
1005.59325044405 68.1332149200711 491
1001.65249386754 200.022894521668 492
1009.80036518564 802.685940353013 493
1006.55718623482 543.033400809717 494
1006.24737344795 19.0391595033429 495
1005.63834422658 86.4291938997821 496
1007.07184466019 260.842718446602 497
1008.34051466188 400.965290245362 498
1012.08547008547 47.9344729344729 499
1015.65020576132 206.946502057613 500
