23.3451124368977 22.3152822395594 1
20.3237250554324 81.5077605321508 2
27.8647036898994 135.990682072307 3
24.0083179297597 183.218576709797 4
18.6675375571522 229.610058785108 5
8.92751479289941 269.33875739645 6
10.6299435028249 323.419020715631 7
23.1242152466368 381.308968609865 8
32.7230527143981 424.150275373721 9
25.5817805383023 466.68685300207 10
12.7987533392698 505.320569902048 11
24.4668874172185 554.530747398297 12
18.1485461441214 599.958912768647 13
24.5894736842105 641.283157894737 14
21.172373081464 685.083825265643 15
16.940044411547 725.623982235381 16
32.3449074074074 754.092592592593 17
14.0875781948168 785.51563896336 18
12.7865748709122 826.799483648881 19
16.5051434759069 887.510557661072 20
21.4730403262347 947.993656547349 21
22.5414610069102 997.201875616979 22
27.168776371308 281.133966244726 23
41.0624103299857 343.212338593974 24
38.175582127124 838.581497797357 25
44.5411203814064 515.828963051251 26
42.6704331450094 312.400188323917 27
48.9546290619252 909.706315144083 28
56.784331797235 45.3511520737327 29
56.7739294710327 248.581234256927 30
51.6186851211073 781.056055363322 31
66.0663176265271 207.752617801047 32
57.8509615384615 594.969017094017 33
62.7444444444444 715.143961352657 34
62.1855090568395 870.164896939413 35
62.0347826086957 667.917934782609 36
72.5629116117851 100.257885615251 37
60.4943527367506 282.370112945265 38
73.0959849435383 805.085947302384 39
68.6385663806159 957.828874305906 40
67.466511357018 1002.38846825859 41
77.3204047217538 358.217116357504 42
76.9725274725275 456.62715855573 43
86.3398840206186 155.70199742268 44
83.6954813359528 629.233300589391 45
87.278612716763 563.197302504817 46
91.9386548410939 401.557280118256 47
81.3242857142857 506.307142857143 48
100.130699088146 14.7178318135765 49
92.2180874080485 748.102985720467 50
90.939787485242 836.874262101535 51
87.2995198079232 919.255102040816 52
88.3918629550321 300.561563169165 53
100.982392542724 53.126359399275 54
110.449819494585 678.184837545126 55
105.184151785714 986.166294642857 56
112.369043353637 251.927624507345 57
107.329383886256 874.369075829384 58
117.128251121076 787.761434977578 59
119.325538233111 198.441351150705 60
120.116079105761 526.297076526225 61
125.608602150538 311.489032258065 62
126.439159292035 616.504056047198 63
134.297386701952 116.275223288124 64
127.69877408056 941.673088149445 65
125.594544784372 455.633247327682 66
135.955009451796 719.155765595463 67
127.457787481805 904.970887918486 68
139.579423868313 69.2304526748971 69
135.286971830986 354.688820422535 70
137.056818181818 1006.3 71
142.563782696177 838.814486921529 72
140.676975945017 403.460972017673 73
152.568723702665 573.462482468443 74
156.259210526316 506.243859649123 75
149.01872659176 971.415730337079 76
163.048665089557 156.242311591754 77
166.139001848429 22.4011090573013 78
167.006936416185 263.194990366089 79
173.735721982759 648.231411637931 80
158.485056542811 782.174474959612 81
162.448491747297 891.429709732499 82
170.042529989095 213.540894220284 83
175.257832898172 433.654046997389 84
179.334295612009 471.360277136259 85
180.658866995074 310.15065681445 86
181.767664670659 927.622155688623 87
176.95888088173 711.955065705808 88
182.906779661017 355.472457627119 89
181.518977536793 394.218435321456 90
189.265083135392 860.155344418052 91
180.569120287253 961.909335727109 92
183.664958360026 1003.60281870596 93
195.717824186498 543.101019912579 94
193.260148849797 71.3257780784844 95
201.565271966527 751.512970711297 96
200.142239685658 809.804715127701 97
201.177615571776 593.847526358475 98
212.303895231699 123.534251175285 99
217.75641025641 176.689377289377 100
211.476452599388 509.198165137615 101
220.421052631579 691.94344069128 102
210.387965162312 971.563737133808 103
221.468621163536 905.895556573523 104
220.218480138169 272.584196891192 105
211.949344978166 406.406113537118 106
216.986543909348 447.412181303116 107
226.296675191816 225.789428815004 108
224.869652742828 18.1318570709612 109
227.197789412449 367.112856311809 110
234.269632319564 324.217430776214 111
230.170024174053 481.429492344883 112
243.936048879837 655.817107942974 113
233.899737876802 1005.0996068152 114
244.837466784765 612.747564216121 115
233.666509877705 856.936970837253 116
237.610964332893 954.544914134742 117
242.701015965167 772.436865021771 118
246.493756503642 51.0374609781478 119
242.637037037037 565.407977207977 120
251.536218678815 94.2510250569476 121
244.077319587629 409.789396170839 122
261.272458410351 725.265434380776 123
256.491124260355 814.818843878016 124
259.802796173657 535.581309786608 125
264.449466734383 925.292534281361 126
260.474524714829 442.666920152091 127
267.948964853154 294.967741935484 128
264.839285714286 505.631493506493 129
272.538842345773 151.764280274181 130
270.896122546673 199.145045476304 131
270.417593528817 986.072800808898 132
271.886102403344 250.364158829676 133
266.004566210046 475.831050228311 134
269.395598497048 361.662909286098 135
276.669067987393 872.405673120216 136
284.609431060994 18.7698616094311 137
284.667577911427 405.787315472936 138
288.17864476386 573.63090349076 139
294.476774758983 668.291411042945 140
296.16658378916 110.238687220288 141
298.305626598465 623.676044330776 142
295.100055897149 65.1358300726663 143
293.739743589744 770.669230769231 144
302.255992763455 833.248303934871 145
305.99806856591 349.246257846451 146
300.418640576725 459.83728115345 147
307.557959814529 905.543019062339 148
307.503232222775 949.47140726007 149
311.264875239923 705.13339731286 150
309.539331366765 1000.43756145526 151
302.399664617105 520.055338177753 152
307.451285520974 229.543301759134 153
311.504988913525 306.162416851441 154
321.973325766175 268.351305334847 155
319.30352446081 186.536033666491 156
330.519799219186 738.66034578918 157
328.995757575758 800.295151515151 158
327.888823181549 44.9645180366647 159
332.242236024845 144.232202580029 160
324.824519230769 407.023557692308 161
329.18908819133 552.891629297459 162
330.629102167183 590.931269349845 163
339.867773325701 488.938752146537 164
343.694398682043 879.192751235585 165
343.229309035687 12.4760820045558 166
341.240172579099 95.0340364333653 167
344.416172506739 451.586522911051 168
350.544559868781 372.862766539092 169
348.815819861432 973.748845265589 170
351.957894736842 667.357115009747 171
347.37128399747 219.378241619228 172
348.642696629214 521.869662921348 173
353.923636363636 330.258181818182 174
357.90488984417 774.791509940892 175
357.768436578171 620.326941986234 176
355.629667003027 837.245711402624 177
357.393253012048 933.853493975904 178
368.106199770379 1004.66647531573 179
365.677008310249 289.557894736842 180
367.639947437582 247.385019710907 181
372.098488542175 172.925889809849 182
369.660759493671 717.804556962025 183
368.921925829538 561.668835393624 184
376.234858992141 420.817845584836 185
374.335577421025 36.1030554117038 186
380.429819452533 78.3634245777519 187
381.374806401652 129.998451213216 188
391.424908424908 906.526098901099 189
394.195175438596 819.239035087719 190
395.318742031449 472.525711857204 191
392.455830388693 587.375971731449 192
398.404551788203 205.242916860195 193
388.654252362424 519.376876042246 194
396.0918298447 745.205266711681 195
390.658536585366 368.111741349972 196
399.849293563579 642.065410779697 197
408.284259984338 862.171887235709 198
406.78415061296 686.702714535902 199
405.196132596685 315.419429097606 200
404.408450704225 966.92441314554 201
404.004581151832 783.359293193717 202
405.272066458982 261.54984423676 203
413.571263035921 18.7531865585168 204
413.376782077393 103.71622539036 205
419.982105987612 393.529938059188 206
419.801627033792 554.202753441802 207
421.178571428571 1003.53147699758 208
423.686106346484 59.3996569468268 209
423.37293956044 605.023351648352 210
425.356401384083 427.944059976932 211
429.443406022845 932.845794392523 212
430.054358013121 145.959231490159 213
432.387041284404 347.142775229358 214
431.400223588597 512.445500279486 215
446.594090909091 183.583181818182 216
442.742296918768 229.894024276377 217
431.715836526181 746.091315453384 218
443.499442586399 460.613712374582 219
446.685129440096 711.453341360626 220
443.576071596797 803.79274611399 221
448.580285459411 278.506690454951 222
456.588023952096 893.401596806387 223
447.959206798867 635.640226628895 224
454.490426189006 575.859789993823 225
452.077109896782 98.4918032786885 226
459.277777777778 670.506432748538 227
466.00113679424 845.109132247063 228
460.380313199105 380.535234899329 229
456.002699055331 19.8697705802969 230
467.801990049751 317.070646766169 231
463.601105481345 992.639336711193 232
467.686286050618 766.801059446733 233
470.770236612702 496.224782067248 234
471.983878615458 945.850640113798 235
472.867523756288 536.651760760201 236
467.14762611276 60.0853115727003 237
482.18661455789 416.832437713727 238
480.793972109762 135.121907332434 239
484.717855283706 602.150963040083 240
494.785016286645 349.382193268187 241
495.566510837229 203.332341691458 242
494.579959100205 247.251533742331 243
485.823491655969 459.767008985879 244
485.07174556213 710.69674556213 245
498.466624284806 747.188175460903 246
488.893835616438 34.2922374429224 247
497.008793969849 84.321608040201 248
501.714882943144 802.025501672241 249
503.267158252978 640.502552467385 250
499.737120211361 9.80977542932629 251
502.048210372535 677.474799123448 252
507.684844641725 1004.61065313887 253
513.466538461538 296.76 254
518.006084311169 170.558018252933 255
512.679237463738 560.427268959801 256
511.96144340089 881.411764705882 257
514.700180342651 919.983769161407 258
518.182811723795 966.057625434675 259
519.305044510386 379.00178041543 260
518.345848056537 504.718197879859 261
528.529710512951 849.401218892839 262
516.037151702786 41.8390092879257 263
525.174193548387 113.980107526882 264
524.62313860252 454.733676975945 265
530.5665374677 415.824935400517 266
530.673784104389 713.746737841044 267
536.471689497717 614.285844748858 268
538.857427055703 63.6976127320955 269
539.575664621677 756.894683026585 270
537.982075471698 16.5716981132075 271
549.455167446885 255.359740727404 272
547.780290102389 343.329778156997 273
543.015517241379 672.33908045977 274
546.795983086681 809.078752642706 275
558.208544839256 148.520304568528 276
560.987847222222 525.043836805556 277
571.476231884058 210.731304347826 278
558.177706715395 997.15714938328 279
567.655546623794 570.12459807074 280
563.936170212766 944.40085106383 281
563.853907637655 469.586589698046 282
567.732880292734 96.5426032409827 283
574.260241904019 895.710885680843 284
575.529819161216 301.937283570604 285
565.37376879212 404.134784862623 286
570.015048908954 20.8013544018059 287
578.984487534626 771.493628808864 288
575.589887640449 849.205056179775 289
582.190369036904 722.597659765977 290
583.967681789932 56.8446239900559 291
578.126819126819 616.557172557173 292
576.731604342581 674.600723763571 293
594.665391156463 359.372448979592 294
593.438652256834 808.702479338843 295
604.522367030645 160.985558295174 296
601.86320754717 414.090146750524 297
607.510828025478 655.443312101911 298
603.024316109422 462.659574468085 299
609.021364317841 516.850074962519 300
604 994.915684496827 301
614.737917485265 106.551669941061 302
618.891312384473 280.674306839187 303
612.152963671128 16.9209687699171 304
607.264214046823 946.060200668896 305
627.831447522435 237.666406554819 306
626.452285841101 583.806036395917 307
622.975 750.805660377358 308
617.14267434421 851.015355086372 309
619.839127471029 621.083844580777 310
625.964302271674 695.584144645341 311
625.731673582296 884.140387275242 312
632.374948325754 335.77139313766 313
631.734309623431 917.850767085077 314
627.5250501002 56.3892785571142 315
643.500242836328 549.287032540068 316
649.39275862069 195.892413793103 317
630.551312649165 802.001789976134 318
639.47037037037 400.182407407407 319
642.534626038781 460.974145891043 320
648.362068965517 1002.68041871921 321
646.882876712329 960.017123287671 322
661.232013769363 140.268502581756 323
654.459619172686 834.624425476034 324
658.405125677674 636.296205027107 325
666.787782625942 23.215787385958 326
663.06402266289 770.955240793201 327
668.815907393577 85.5702016430172 328
669.296907216495 508.00412371134 329
668.276377217554 725.007936507937 330
668.989094874591 677.374591057797 331
672.253488372093 362.402790697674 332
676.077623906706 305.676020408163 333
665.220638153428 887.174473862865 334
678.620827105132 417.246138515197 335
675.595144356955 927.959973753281 336
684.110852970461 250.618984400929 337
690.259214256784 599.191170514378 338
681.173652694611 973.846556886228 339
687.295589988081 805.997020262217 340
689.886758538047 850.694427801079 341
686.427768409219 465.226531759415 342
693.292423571112 555.001772264067 343
697.135857461024 1006.17817371938 344
706.040079496522 181.542894998344 345
710.742312183729 61.8949007395874 346
711.687946641258 765.211529299666 347
713.693630869363 641.097629009763 348
704.381805651275 889.037904893177 349
718.65019277953 129.205047318612 350
710.894146948942 682.732254047322 351
714.962962962963 953.492662473795 352
717.524093123985 719.643205197618 353
711.846011987091 359.758414015675 354
724.320891653707 17.6474857439088 355
717.550249861188 425.617990005552 356
723.333333333333 924.272022551092 357
733.061973728528 229.403502862917 358
723.950159066808 479.612407211029 359
732.055629139073 523.300220750552 360
726.074804614812 296.754000744325 361
732.247863247863 988.676353276353 362
730.397533206831 811.935483870968 363
741.593675417661 392.687947494033 364
737.231363887355 859.543898398675 365
747.810160427807 566.470970206264 366
751.969004893964 98.8788743882545 367
758.163986013986 617.505944055944 368
753.53360910031 899.988107549121 369
754.562138728324 342.004816955684 370
753.212543554007 741.696366351419 371
758.223404255319 448.215005599104 372
758.215623754484 677.036269430052 373
763.875647668394 36.1856649395509 374
768.727120348642 172.148843446195 375
769.594177064765 1003.49138443256 376
769.837067209776 284.460285132383 377
774.275167785235 789.743624161074 378
773.373297002725 959.793369663942 379
771.71122761031 496.235910878113 380
776.201442091032 841.591707976566 381
778.694024950755 414.122783978989 382
781.558887440243 223.028248587571 383
786.675143038779 375.082008900191 384
798.370805369128 928.924496644295 385
792.553091080698 76.7772534214252 386
797.334033613445 130.289075630252 387
797.644743158905 689.865098415747 388
798.916088536505 572.734390485629 389
788.920858895706 743.660122699387 390
799.174686192469 335.130230125523 391
806.841242450388 887.925798101812 392
806.143134400776 22.6846191169335 393
811.217332430603 634.426878808395 394
806.922041503085 267.60796410544 395
810.796351294018 450.468392023759 396
812.381601362862 503.617546848382 397
818.51421686747 818.571084337349 398
818.138379204893 992.832186544343 399
823.650916104147 398.421890067502 400
820.190622598001 733.729438893159 401
828.068533221897 176.754283326369 402
830.808653260207 312.047531992687 403
832.782585181179 544.518117901568 404
830.949490043711 777.352112676056 405
823.712370505789 225.572212065814 406
838.282309807516 861.040788267644 407
835.286150712831 68.8742362525458 408
839.369668246445 119.586097946288 409
837.601123595506 698.76404494382 410
847.017471736896 349.851490236382 411
845.445599445599 276.700623700624 412
853.558995327103 663.620911214953 413
858.110160965795 581.799798792757 414
862.538461538462 925.793668425437 415
850.502878074307 24.4280481423339 416
863.228911884603 984.489495139542 417
862.764092846992 480.424443391757 418
864.974226804124 620.238519212746 419
863.661699556988 436.054772452678 420
864.499320652174 517.310461956522 421
857.571714476318 738.990660440293 422
856.952650176678 228.795053003534 423
871.990389016018 388.253089244851 424
874.913368983957 143.373262032086 425
873.279863481229 819.276450511945 426
871.202465931214 89.5762491888384 427
873.733053389322 185.28074385123 428
877.831391784182 298.772532188841 429
884.429828068773 871.730107956817 430
884.695190947666 254.925035360679 431
886.134075508228 779.044530493708 432
879.196793002915 699.010932944606 433
885.796683489546 545.353280461428 434
895.618414050027 56.187333688132 435
892.086724482989 17.6837891927952 436
897.615353371243 344.537367993501 437
894.749793559042 217.819983484723 438
897.538724373576 657.127562642369 439
896.849822064057 735.518149466192 440
906.975014196479 104.801249290176 441
919.869516310461 462.24896887889 442
907.245133819951 583.983576642336 443
913.92343387471 991.006297646669 444
921.432333333333 412.750333333333 445
917.207667731629 502.808306709265 446
927.567889317889 938.145109395109 447
919.825294117647 158.475882352941 448
915.994028230185 287.014657980456 449
921.602321319487 617.68112400733 450
927.895090074179 832.519957612151 451
922.578091872792 193.41554770318 452
917.176764076978 703.464005702067 453
928.399297937692 888.017112768758 454
919.611010830325 540.182310469314 455
927.896350364963 762.712895377129 456
930.451131971287 237.123136388736 457
939.292529817954 129.12366603892 458
945.938473831402 366.015581302437 459
938.87087517934 22.4356767097083 460
948.572645930976 318.232211333617 461
945.869583508624 69.7135044173328 462
939.85989010989 650.881868131868 463
942.443 558.642 464
942.226310947562 691.367065317387 465
962.118300338001 802.87204249155 466
963.086252189142 264.746935201401 467
960.908742331288 578.182515337423 468
962.099247412982 997.941204139229 469
960.69520174482 522.888222464558 470
965.34071093226 717.185781354795 471
964.608229747107 194.928418345478 472
964.214177978884 612.42383107089 473
970.106043329533 118.19441277081 474
965.666888297872 758.892287234043 475
985.693908437382 444.474460839955 476
985.221518987342 481.992827004219 477
969.747663551402 675.456074766355 478
969.822149225716 884.209760675739 479
987.098596890406 404.350777398559 480
987.82427664079 939.532462949894 481
998.180395080134 159.578829668282 482
995.610027855153 837.317150815758 483
990.915516289343 16.4522363335174 484
984.090513489991 647.374238468233 485
995.712015888779 52.5427010923535 486
1000.57536834152 228.816018133736 487
998.868078781122 298.486807878112 488
1001.02828282828 97.1292929292929 489
1001.52075812274 988.294675090253 490
998.454025337148 356.34613812832 491
996.749778956676 738.305923961096 492
1000.44377267231 565.528415961306 493
1002.22993119266 521.68119266055 494
1003.76057142857 781.912 495
1000.38551401869 604.753115264798 496
1004.21972049689 683.690217391304 497
1006.29171894605 891.155583437892 498
1010.22358722359 638.142506142506 499
1010.67717717718 718.066066066066 500
