20.1872303710095 15.1328731665229 1
14.822732404968 94.9777945050809 2
20.5909276665304 173.825909276665 3
35.1871743486974 224.805611222445 4
13.2303543913713 259.194915254237 5
13.7932598833441 318.380427738172 6
19.8943202979516 383.97113594041 7
29.3285612025769 436.149606299213 8
29.2090875507942 484.505356483192 9
19.2382413087935 536.925357873211 10
13.9073107049608 592.302872062663 11
21.6112244897959 651.379591836735 12
11.9783588818756 699.669972948602 13
25.8880097382836 737.054169202678 14
16.8871641791045 779.512835820895 15
27.6582184122251 828.915393216549 16
13.7734021949645 889.967075532602 17
15.677508650519 946.664359861592 18
18.6421348314607 995.641573033708 19
33.1127300613497 82.4041411042945 20
43.7782197911487 281.201889607161 21
43.2221674876847 340.611822660099 22
51.4591743119266 622.503211009174 23
53.9497777777778 864.401333333333 24
42.6069114470842 909.558675305975 25
45.272076372315 694.012529832936 26
37.7413793103448 49.5226293103448 27
55.6725855348636 573.407102641836 28
52.402727925341 961.08040201005 29
65.478387364921 526.091438071488 30
60.1385991058122 784.131644311972 31
57.145942408377 1000.71989528796 32
55.7473498233216 19.9832155477032 33
62.5457456541629 115.319304666057 34
64.4987735077678 165.963614063778 35
68.9610983981693 931.092295957284 36
69.0094268476621 394.290346907994 37
63.2784206943499 741.283866575902 38
77.4681034482759 668.900862068965 39
74.4379776601999 64.2551440329218 40
87.2420275260154 216.199731453508 41
89.6313517103952 448.69246097642 42
82.5151371807001 335.937086092715 43
92.0033296337403 815.288568257492 44
85.1730228823766 278.3235648334 45
98.0004149377593 496.082572614108 46
94.0922509225092 905.472324723247 47
102.022578728461 601.85531788473 48
83.7255676209279 23.4590325765054 49
93.5440251572327 968.330817610063 50
94.0611601513241 742.331021437579 51
96.1327838827839 1006.77106227106 52
107.473228772309 872.782044348296 53
113.573997751967 98.4589733982765 54
112.83619047619 715.976507936508 55
111.556181886509 150.660278090943 56
110.486581096849 12.3010501750292 57
118.333450087566 384.504378283713 58
129.830867420946 550.225703510299 59
119.567418822234 50.4700055035773 60
120.681651855724 321.685833768949 61
118.428629032258 669.182258064516 62
133.539134054954 771.664862614488 63
133.827844311377 942.116392215569 64
131.917220543807 845.89667673716 65
134.23118729097 236.971153846154 66
133.433609958506 994.45643153527 67
136.038480513073 280.561914158855 68
145.771528316524 186.27579519007 69
145.221020615073 429.197363974316 70
147.261048909841 812.512669416618 71
147.400143163923 495.34788833214 72
161.29588128407 611.110841913992 73
150.28328611898 22.614164305949 74
154.775800711744 346.868772241993 75
157.932793522267 889.525506072874 76
153.681093394077 724.141230068337 77
165.159148321905 660.793215445687 78
171.448645242596 81.8897290485192 79
171.667937718462 134.755640292342 80
174.887881286068 993.702390766694 81
188.039458413926 458.314893617021 82
189.656898254857 927.830424761278 83
187.857324840764 213.952016985138 84
179.19596258001 288.176267848351 85
194.412741443578 395.604540833616 86
193.259295820994 566.216847647252 87
187.489822433954 845.754006063231 88
187.857993197279 793.727040816327 89
190.053708439898 31.9569479965899 90
196.615962984384 254.226142278774 91
198.351744186047 514.077034883721 92
196.658166033641 695.593054801953 93
194.801163918526 739.629000969932 94
194.538558786346 341.368731563422 95
212.800301431801 169.964204973625 96
213.389322916667 977.697482638889 97
226.195919803025 868.706999648259 98
225.768425841674 659.494540491356 99
230.726641194859 616.066689822855 100
231.762299940723 109.847954949615 101
228.18358291736 766.358291735996 102
234.509055627426 13.5187580853816 103
234.125725338491 299.196518375242 104
232.790659340659 426.502747252747 105
238.220893141946 55.0968899521531 106
248.641340782123 1006.0094972067 107
239.156477126977 810.478837109876 108
245.617408906883 461.635627530364 109
239.675255623722 245.716155419223 110
247.263024142313 493.842439644219 111
247.425222845824 921.612083195774 112
248 343.36122840691 113
240.089735313105 702.936733376372 114
253.020226537217 574.176779935275 115
254.959056519804 530.162438807299 116
256.086936522539 384.338086476541 117
251.199068191444 182.684879288437 118
254.427254772877 740.499012508229 119
266.167049105094 968.277650298302 120
285.534161490683 222.773053033923 121
272.753839767538 864.980074719801 122
276.720190023753 659.738717339667 123
281.783009708738 415.481067961165 124
280.945403639757 802.099860009333 125
283.715133531157 34.8219584569733 126
280.746790299572 109.571326676177 127
290.416592724046 263.717391304348 128
280.359683794466 697.781818181818 129
293.327797833935 762.031046931408 130
289.752167959836 171.726152441807 131
303.253113700281 301.264363198072 132
301.43949044586 610.656386188401 133
290.204633204633 729.081081081081 134
299.05884365378 490.912418747862 135
310.333726415094 557.263856132075 136
303.680046765394 345.040530007794 137
307.411737089202 903.5779342723 138
311.213065755764 946.756191289496 139
308.223107569721 996.993359893758 140
318.63459759482 72.4653098982424 141
311.269211451532 424.443997990959 142
312.791666666667 859.326492537313 143
324.524045261669 832.462517680339 144
332.533952125061 16.5862237420616 145
329.493182703545 647.391507596416 146
326.432918395574 120.423697556478 147
319.636482084691 708.572638436482 148
327.556985294118 793.067401960784 149
332.918660287081 169.672248803828 150
338.654481722584 459.675012518778 151
339.683135215453 216.961738484398 152
346.763444407786 353.68261299901 153
330.640513552068 752.699001426534 154
354.082017951099 514.399566697617 155
347.906285714286 689.721142857143 156
349.812319538017 408.171318575553 157
354.826410770553 271.736465196219 158
354.995965417867 46.6968299711816 159
351.643553629469 997.913326110509 160
352.289210789211 903.571428571429 161
375.049921589127 575.147935180345 162
359.954603580563 812.985933503836 163
362.79419525066 952.936147757256 164
371.349977507872 856.967161493477 165
367.183722037125 126.507853403141 166
366.881875563571 749.63480613165 167
383.054924823565 628.741638539429 168
384.446020128088 77.2740164684355 169
384.371621621622 171.136036036036 170
402.706017004578 310.839437540876 171
382.264692687304 463.520861372813 172
385.51963160446 685.693650024237 173
390.322860962567 918.80614973262 174
398.916038751346 219.631862217438 175
396.603806228374 802.43901384083 176
393.570340501792 408.44982078853 177
388.347990902199 993.716451857468 178
396.023200757576 31.8030303030303 179
396.951028806584 358.768724279835 180
401.945078459344 718.759629101284 181
408.532040926225 877.508346795907 182
412.594526580686 529.48914753067 183
415.444528587656 115.140855736463 184
406.645211930926 962.722135007849 185
421.064559515804 267.981506388702 186
414.696703296703 1008.25274725275 187
418.670189343901 756.580361074417 188
433.356149137451 15.9276572064552 189
421.887059899406 461.112482853224 190
434.785040195736 647.463823837819 191
435.745679012346 834.288888888889 192
433.331091180867 169.717488789238 193
429.538975501114 913.184855233853 194
447.125934789112 594.214777146276 195
434.397909967846 949.523311897106 196
438.425082198215 704.035697510568 197
447.719319081552 60.2422802850356 198
442.784671532847 405.345093268451 199
451.47512109203 497.612945838838 200
448.70779661017 351.70406779661 201
450.181292695744 788.181818181818 202
446.942586750789 997.729337539432 203
463.152389540126 221.420498948001 204
456.630010834236 876.933911159263 205
466.246192893401 107.933647570703 206
469.864213753833 552.491458607096 207
468.098470363289 441.561185468451 208
467.914768552535 960.952975753123 209
475.664950664951 745.551694551695 210
468.677106636838 920.900074571216 211
485.375935348698 273.889853337324 212
494.895211442786 321.795087064677 213
479.195244627343 688.786465477824 214
483.88351570773 161.665019414049 215
492.702120924343 28.6720481164926 216
487.457635983264 801.048117154812 217
490.947787610619 646.369469026549 218
495.335219236209 845.288543140028 219
484.482636428065 994.785967399008 220
492.886497064579 515.039138943249 221
504.344035147009 377.052720513687 222
502.99560761347 473.321620302587 223
496.180192572215 892.782668500688 224
508.047648136836 608.023824068418 225
510.693540553667 424.748421563866 226
505.317808219178 940.447945205479 227
512.518503620274 90.7244569589702 228
516.188449848024 579.140577507599 229
518.341708542714 1008.80318257956 230
513.111615833874 729.336145360156 231
528.314255617978 192.771769662921 232
522.818367346939 975.474149659864 233
530.384788310229 240.510303484451 234
517.00415282392 545.202657807309 235
529.203081232493 139.535014005602 236
533.412875121007 763.44385285576 237
532.52581369248 701.732323232323 238
530.032524522457 808.460505937016 239
531.509894459103 869.718337730871 240
530.415361670395 914.20581655481 241
541.441386340469 59.8425076452599 242
535.176361386139 506.743193069307 243
534.303640588691 658.143299767622 244
544.341643582641 629.918744228994 245
552.02976744186 18.9744186046512 246
557.399937067338 340.579609817495 247
559.359972202919 292.198749131341 248
551.845898530109 451.307254623044 249
560.205147333085 403.864602760164 250
549.922897196262 557.56230529595 251
557.697626418989 955.504643962848 252
565.49688737974 854.174306734578 253
559.379588839941 600.864904552129 254
562.568037974684 685.107594936709 255
562.79644707624 124.542561065877 256
561.58887283237 905.43063583815 257
574.845290581162 997.632865731463 258
573.618126888217 817.895468277946 259
580.398999374609 97.6785490931832 260
578.282541640962 478.194324491055 261
580.259817351598 733.469863013699 262
571.659660468876 513.181891673403 263
576.404551201011 780.670037926675 264
583.701306413302 157.899643705463 265
574.226342710997 245.401534526854 266
584.901037509976 540.85794094174 267
586.488347457627 190.893008474576 268
582.017871017871 655.258741258741 269
587.853874538745 575.354243542435 270
583.10577592206 58.8427279053584 271
597.025217391304 380.544782608696 272
598.287052810903 224.64139693356 273
593.979057591623 625.473448017951 274
593.889502762431 896.719459791283 275
602.372219700409 942.785292782569 276
599.685162094763 694.188279301746 277
605.401960784314 21.0397603485839 278
608.134935304991 272.462107208872 279
614.19119608715 454.662072032014 280
611.445567651633 131.398911353033 281
611.887491727333 771.931171409663 282
620.225969645868 861.79173693086 283
621.225352112676 597.985373781148 284
630.005759858219 304.595480726628 285
626.877223427332 342.746637744035 286
622.699909747292 502.361462093863 287
621.496159754224 820.864311315924 288
632.521975040695 421.703201302225 289
615.155339805825 64.0423654015887 290
628.747363594681 1001.68684089867 291
628.463390170512 549.027582748245 292
631.59646539028 651.86057928326 293
630.520771513353 98.9436201780415 294
630.224025974026 204.422077922078 295
634.410223642172 746.217891373802 296
643.787954206073 964.279741164759 297
634.861958266453 240.238362760835 298
635.77191943128 700.284952606635 299
642.834634818558 910.804317868627 300
644.943785134291 174.201748906933 301
643.747597693786 387.385009609225 302
645.161601186064 136.33728687917 303
646.201438848921 16.2302158273381 304
652.205145118734 799.519129287599 305
645.394991922456 60.7423263327948 306
661.463741620963 264.088360755637 307
666.955420466059 622.484802431611 308
670.89972899729 580.063233965673 309
667.577407967726 449.828038325769 310
669.588876772083 533.429661941112 311
671.818021201413 728.819199057715 312
675.602272727273 875.357954545455 313
678.752019002375 493.875534441805 314
673.468794326241 774.201418439716 315
670.385053831539 215.446485117163 316
674.918772563177 687.453068592058 317
670.54493170381 96.8835370237239 318
684.984350547731 828.850547730829 319
676.369534555712 28.0966149506347 320
674.442786069652 369.008706467662 321
681.331398416887 941.136675461741 322
687.271853546911 326.869565217391 323
680.117357695011 146.780042164441 324
691.484595868068 997.805364262414 325
691.458100558659 658.169459962756 326
691.435239206534 288.060093348891 327
684.763458401305 65.0807504078303 328
695.94537815126 410.152836134454 329
694.508358662614 180.344984802432 330
704.980266976204 109.218804410911 331
707.061004784689 904.665071770335 332
706.518635502211 250.269740998105 333
707.905947441217 763.87367450438 334
717.487977369165 13.6074964639321 335
711.160616061606 461.013201320132 336
710.524494142705 541.542066027689 337
712.386740331492 213.733425414365 338
717.115942028986 594.692431561997 339
724.810291858679 713.632104454685 340
718.846153846154 48.9559600704639 341
713.984634296251 367.757221880762 342
724.119411431805 633.150537634409 343
721.170401250651 957.214695153726 344
720.420620437956 149.055656934307 345
733.017186793306 856.807327001357 346
740.907241659886 814.456468673719 347
735.674523007856 497.547138047138 348
738.112608695652 311.324782608696 349
738.415320479416 422.264721208963 350
744.954565701559 673.101113585746 351
749.163387510693 76.5427715996578 352
740.388337468983 177.367245657568 353
745.646105919003 127.397507788162 354
750.442489000628 272.81898177247 355
756.520328235733 998.89817232376 356
741.624920127796 904.88945686901 357
753.933152173913 580.195108695652 358
751.078225068619 768.544373284538 359
747.074162679426 237.05023923445 360
747.012352309345 366.643394199785 361
748.444444444444 537.27914951989 362
761.767952522255 458.207715133531 363
764.680747922438 203.313019390582 364
762.077636152955 954.030706836616 365
772.203328509407 25.5264109985528 366
777.585329893107 630.928492443789 367
785.55900621118 741.585093167702 368
777.280386740331 881.769337016575 369
781.021 408.01 370
778.415988156921 917.977054034049 371
785.205633802817 352.695774647887 372
781.970085470085 112.306471306471 373
794.624588364435 699.885107939993 374
776.995215311005 495.566188197767 375
795.430102040816 146.710714285714 376
789.182392996109 310.41439688716 377
791.220216606498 848.784940691078 378
784.264501160093 237.740912606342 379
795.545862209539 796.350998777008 380
795.925904317386 186.803967327888 381
782.941268598277 537.019577133908 382
797.596757322176 583.403242677824 383
807.274647887324 79.2746478873239 384
800.892480211082 263.81926121372 385
805.260690365791 448.38485316847 386
811.795217391304 947.908695652174 387
819.758972267537 661.3544045677 388
815.315731166913 994.692762186115 389
818.991743119266 388.094036697248 390
806.278084714549 496.16758747698 391
812.908829174664 546.931861804223 392
827.895593869732 29.2630906768838 393
823.164913957935 895.156787762906 394
838.355202674467 207.872544922691 395
832.304025913929 837.093475242943 396
829.22450888681 516.264733395697 397
835.943482224248 607.567456700091 398
828.899826288361 302.223508975101 399
841.877354358301 783.199737187911 400
838.549189189189 251.796756756757 401
841.587732528909 162.063851181498 402
851.381028938907 340.309083601286 403
851.168897637795 116.393700787402 404
840.669947506562 475.679133858268 405
847.189030700241 736.019317005864 406
847.300442757748 560.884250474383 407
849.83427922815 436.227014755959 408
862.404369747899 925.246722689076 409
867.583986793231 71.5447791993397 410
860.304282115869 386.704785894207 411
870.498745819398 867.586120401338 412
864.161483701761 991.168977144998 413
858.946963216424 521.718562874251 414
860.103861517976 662.0097647581 415
870.634966378482 288.778097982709 416
884.463015937883 710.26604004904 417
881.945050152638 813.805494984736 418
885.814562002275 24.7717102768297 419
879.832278481013 484.585443037975 420
884.728619813717 235.506350550381 421
877.049286640726 606.556420233463 422
885.139636075949 161.120648734177 423
882.975806451613 429.708870967742 424
891.132412204951 567.804260218768 425
902.653371710526 773.661184210526 426
891.815492957747 528.573943661972 427
903.334289813486 628.517934002869 428
906.213251426064 328.17946467749 429
902.384820951363 376.492784607162 430
917.239677266255 194.090175605126 431
907.547043510599 987.858683525474 432
908.99394184168 93.0516962843296 433
912.737556561086 462.754524886878 434
904.41933418694 665.02880921895 435
916.127653301887 928.662735849057 436
908.406647116325 417.228739002933 437
914.823073945025 859.129694154084 438
914.098442714127 278.977753058954 439
924.367103016505 510.583380762664 440
931.620463489287 145.96676869261 441
933.689423076923 745.270673076923 442
926.93059125964 591.917737789203 443
931.247502774695 701.638179800222 444
929.799026425591 232.013212795549 445
937.469763365469 21.8234005258545 446
943.515570934256 68.1724336793541 447
944.52984729292 549.325312355391 448
942.862879111491 810.380179410508 449
943.46837944664 350.150856389987 450
953.808943089431 890.624390243902 451
936.559928443649 419.61717352415 452
941.875429553265 656.5 453
946.90243902439 386.642556770395 454
951.252866242038 303.087898089172 455
946.300095877277 626.093000958773 456
957.439554317549 113.745961002786 457
949.544809228039 261.57586512866 458
953.21623419827 987.687292082502 459
959.050928381963 494.074270557029 460
959.429052159282 449.41727425687 461
966.340254521098 177.860013395847 462
966.626819923372 214.077394636015 463
971.909718228867 843.545140885566 464
967.299281723863 683.493216280926 465
972.211492890995 769.298578199052 466
966.284033613445 597.113445378151 467
975.073754152824 47.8019933554817 468
978.644057971014 723.755942028985 469
988.766748617087 932.582667486171 470
976.308558558559 407.177177177177 471
979.473166368515 323.033094812165 472
977.785867237687 249.652034261242 473
991.747311827957 571.557184750733 474
982.364224137931 360.550287356322 475
987.058823529412 655.386425339366 476
984.795767195767 279.861375661376 477
981.19156626506 627.428915662651 478
996.765698852127 152.548953409858 479
998.998588899341 530.223894637817 480
998.55788876277 18.9205448354143 481
993.679802955665 93.2865353037767 482
997.664606741573 814.247752808989 483
999.142350557244 480.88399189463 484
1002.34100322135 875.406810860561 485
1000.66183986371 122.477001703578 486
999.534495830174 989.768006065201 487
1003.9926715523 434.902065289807 488
1002.61178671656 223.021515434986 489
1006.42356115108 65.1303956834532 490
1005.96221662469 689.57556675063 491
1004.64964788732 188.779929577465 492
1007.28343949045 386.656847133758 493
1007.74269662921 293.94606741573 494
1007.14901256732 746.36355475763 495
1008.58748221906 619.844950213371 496
1008.76342710997 783.120204603581 497
1009.00096432015 333.349083895853 498
1009.7486631016 254.713903743316 499
