25.7131181038006 23.4086636697998 1
22.449876746097 81.9708299096138 2
19.6927738927739 136.905361305361 3
33.2206427688504 187.436032138443 4
26.9826275787188 249.327361563518 5
17.5819301848049 328.02135523614 6
23.2976461655277 389.973044798785 7
30.5780675359412 444.208291541291 8
16.4321482223335 502.687531296945 9
19.880777537797 572.616846652268 10
19.7150935189213 631.867768595041 11
23.2975299401198 695.977170658683 12
31.4560570071259 742.868171021378 13
17.1079710144928 772.904347826087 14
13.1317898486198 815.258236865539 15
14.2677595628415 863.117486338798 16
22.5076319232447 922.718273004797 17
19.6427406199021 972.698749320283 18
37.7976999477261 1005.23261892316 19
50.2447296058662 532.467002749771 20
45.7477333333333 876.4704 21
50.1151465125877 317.84564589352 22
41.7136431784108 819.016491754123 23
58.4163658243081 650.006819093462 24
61.7362588652482 60.2234042553191 25
60.3465031789282 483.193460490463 26
59.6777137367915 588.756484149856 27
62.7997724687145 787.063139931741 28
63.3274974253347 960.37693099897 29
66.2410133515919 131.201985621363 30
72.9055196419692 736.533565390353 31
76.5515632291181 838.839010732618 32
72.6584062196307 915.111273080661 33
72.4084084084084 393.88048048048 34
82.5350920856147 299.061722249876 35
84.1144893111639 700.810451306413 36
84.7406082289803 204.13595706619 37
86.4269902085994 22.7892720306513 38
80.2356495468278 248.561501942167 39
100.045804620997 100.263883259019 40
105.651998533187 346.049504950495 41
94.4983766233766 1003.59902597403 42
94.9501133786848 545.705215419501 43
108.777288732394 448.045774647887 44
103.511873350923 619.156200527705 45
105.559518502006 879.699509585377 46
108.403836930456 168.798561151079 47
103.096610169492 666.858192090396 48
105.194573643411 780.194573643411 49
106.149779735683 497.641850220264 50
98.417701863354 584.694099378882 51
109.820922795797 962.272270443125 52
125.0359085963 67.1180631120783 53
117.157407407407 265.159544159544 54
126.589898053753 920.071825764597 55
129.936381709742 836.626242544732 56
132.887786732796 390.783632982021 57
137.985802693848 737.468875136513 58
130.832748538012 300.799415204678 59
146.709592641262 150.284275076654 60
134.670239076669 13.482275350371 61
141.769982238011 40.2726465364121 62
138.520846297449 523.280024891101 63
132.734060402685 563.370805369128 64
139.787768142401 207.262893655865 65
145.035229202037 640.946519524618 66
145.033898305085 691.842997323818 67
149.999397590361 255.596987951807 68
150.982115085537 997.361586314152 69
155.079615048119 111.741907261592 70
153.584863661658 592.315525876461 71
158.993445010925 789.10524399126 72
171.542998256827 316.821324811156 73
167.940438871473 487.971786833856 74
170.241415557113 430.224597056762 75
171.704162366701 895.827657378741 76
171.652311339392 951.0568945081 77
175.192387904067 544.080813347237 78
175.046650717703 64.3905502392344 79
182.955957530476 239.920566260322 80
190.822938850015 368.496197140249 81
190.95078369906 847.259561128527 82
177.14442700157 20.1318681318681 83
194.538196834136 183.398485891259 84
198.17760279965 600.926509186352 85
193.016429840142 689.920959147424 86
203.453091684435 645.784648187633 87
199.487715438211 739.740740740741 88
201.665048543689 99.0378640776699 89
209.016756032172 990.647788203753 90
209.569973190349 448.973190348525 91
206.283575883576 793.729313929314 92
221.140176600441 149.311626195732 93
216.471827535522 561.654581087702 94
209.537997587455 12.2376357056695 95
214.722294654498 50.0149934810952 96
219.663965884861 931.324946695096 97
213.934149184149 493.955710955711 98
233.055635216519 294.271580154861 99
231.143861892583 527.503836317136 100
235.75 401.920470756063 101
233.735584843493 234.88522789676 102
237.033502968617 885.813401187447 103
251.71373200443 344.94130675526 104
241.757620271759 700.537275064267 105
241.084426229508 23.1180327868852 106
252.088220295767 815.312595614482 107
248.71963028169 765.09286971831 108
242.372625698324 92.4122905027933 109
256.778099652375 847.096755504056 110
257.575226775102 613.948701908039 111
248.200332042059 462.465965688987 112
257.817687747036 1002.31225296443 113
268.672787979967 135.883138564274 114
263.700268817204 57.2352150537634 115
277.692628650904 189.437830319889 116
280.325530586767 664.112359550562 117
261.964583333333 932.697395833333 118
280.988926336062 971.73326913818 119
264.138945927447 512.555783709788 120
269.651988636364 564.080965909091 121
271.426023084995 14.1783840503673 122
288.895433949111 727.135587312653 123
288.464494569758 275.273739905319 124
285.042958535674 409.531565184908 125
286.266518600777 873.783453636868 126
285.448748510131 456.266388557807 127
287.942020322773 785.206814106396 128
289.223229461756 94.8033994334278 129
302.243417203043 485.706846108836 130
295.103182256509 35.7608486017358 131
296.637972646822 529.183427192277 132
303.894893406049 919.253842340109 133
318.057740585774 363.222036262204 134
323.732227488152 240.612051455653 135
313.443094916779 591.292397660819 136
314.331125827815 823.488028527764 137
317.301234567901 63.508024691358 138
337.25170253337 315.869245437211 139
309.950704225352 11.2577464788732 140
325.77528548124 1001.0689233279 141
327.762033288349 635.116509221772 142
327.46780952381 118.357714285714 143
326.480051480051 550.404118404118 144
329.177751618599 956.672160094173 145
334.432624113475 683.983312473926 146
324.017895490336 782.626342161775 147
326.658496053178 179.581221437474 148
322.130779392338 868.688243064729 149
333.691307323751 750.249828884326 150
338.463154492566 420.270846800259 151
336.063964534515 510.630145661811 152
337.245166959578 22.8040421792619 153
354.28080697928 726.238276990185 154
355.73893981666 470.164607413312 155
346.541791044776 889.155223880597 156
354.148760330579 930.410468319559 157
355.13918128655 835.429824561404 158
361.859620596206 151.479674796748 159
362.583189407024 605.207829591249 160
360.246663371231 62.8719723183391 161
365.80235162374 207.270996640538 162
371.482307319438 565.5792535143 163
365.733098177543 783.640799529688 164
374.105882352941 981.714401622718 165
374.766125493638 250.850372970601 166
366.750679963735 19.1967361740707 167
378.250380131779 99.658895083629 168
376.937062937063 656.89349112426 169
377.509376583882 518.372022301064 170
389.391561514196 294.062302839117 171
391.809340821756 380.854862548034 172
378.237199582027 900.263322884012 173
389.247729566095 700.146821392533 174
387.470807453416 867.575155279503 175
396.767920511001 436.383250532292 176
388.943728813559 821.812881355932 177
412.523794212219 338.748231511254 178
393.807829181495 173.638790035587 179
398.951057401813 765.186102719033 180
394.318218623482 924.162753036437 181
414.610675808031 1004.58276199804 182
401.723204994797 615.611342351717 183
403.547470547471 137.273042273042 184
398.863468634686 15.179889298893 185
407.366776315789 41.0419407894737 186
419.190839694656 729.725699745547 187
421.330491803279 486.682295081967 188
413.689198144467 947.682571239231 189
409.907153729072 202.654490106545 190
415.234052111411 549.091644204852 191
424.587433313574 66.8838174273859 192
418.492548435171 807.190760059613 193
425.926662097327 233.330363262509 194
419.677252584934 105.062038404727 195
423.456200787402 658.752460629921 196
432.497676819824 268.024264326278 197
431.622174381055 856.8654467169 198
428.478087649402 898.501992031873 199
442.343457067866 598.533558305212 200
433.650717703349 166.097060833903 201
442.268498942918 961.857293868922 202
445.754687003495 416.713060057197 203
443.486376811594 769.932173913043 204
450.805060918463 20.732427366448 205
457.923423423423 704.724774774775 206
460.533263671195 306.693834900731 207
450.086891385768 823.409737827715 208
454.514679715302 536.110320284698 209
455.102998696219 209.346153846154 210
462.291938997821 136.78721859114 211
456.144107744108 104.410774410774 212
462.575821845175 663.515906680806 213
481 365.273790103317 214
471.780128447299 989.686815262561 215
470.368902439024 904.842606707317 216
479.31586998088 471.189292543021 217
477.833904761905 66.3108571428571 218
477.321001707456 792.892999430848 219
475.052019164955 173.102669404517 220
484.424321959755 741.895450568679 221
484.546855983773 251.786612576065 222
495.584041548631 510.004249291785 223
481.743180648482 849.335563561503 224
496.131555944056 636.199300699301 225
490.131604226705 595.560999039385 226
493.52380952381 422.450046685341 227
498.689618074233 550.462614308768 228
505.906847133758 939.137738853503 229
499.219381688466 201.964328180737 230
509.679273827534 21.875567322239 231
498.62 131.545454545455 232
512.628196268141 306.629578438148 233
516.063383715261 674.660653339834 234
519.887392055268 992.415544041451 235
527.93497864262 713.198860939725 236
516.770064007878 801.376169374692 237
527.465803108808 107.842487046632 238
527.948915009042 891.261754068716 239
515.332155477032 852.226855123675 240
529.677134986226 159.2 241
533.090951061865 756.258541089566 242
533.457504520796 67.7228752260398 243
531.486243386243 441.142328042328 244
530.104545454545 572.705844155844 245
530.468486352357 245.932506203474 246
538.288354103997 392.835840137516 247
548.458598726115 342.765392781316 248
545.973799126638 484.472409686383 249
537.339873861247 202.35248773651 250
551.348816827344 602.465381244522 251
556.644575936884 540.749506903353 252
550.429176755448 840.721549636804 253
560.581675150393 277.760758907913 254
555.248646397334 932.955435235319 255
560.789682539683 667.042768959436 256
563.811396011396 35.2222222222222 257
561.862231182796 801.904569892473 258
579.584269662921 629.696629213483 259
578.884980988593 10.0237642585551 260
577.183634633682 996.569933396765 261
569.791966426858 166.967026378897 262
571.389012208657 114.180355160932 263
572.979578813019 210.918953414167 264
576.931506849315 765.526826484018 265
574.470889315419 871.206653870761 266
579.722437137331 448.030464216634 267
587.339497557572 715.372295882763 268
592.571371291099 315.220930232558 269
588.456221198157 516.173579109063 270
586.827997829626 73.0070537167661 271
588.590106007067 244.889752650177 272
582.063899253731 394.205223880597 273
594.341182626897 954.641025641026 274
598.535621761658 905.818005181347 275
595.888436482085 143.468241042345 276
598.207616066771 820.03547209181 277
607.068144499179 594.565270935961 278
615.209456473708 370.384445426425 279
615.238445378151 483.321953781513 280
618.255109231853 669.274136715997 281
615.629605688429 183.230769230769 282
621.966905187835 545.595706618962 283
606.025806451613 871.993548387097 284
616.120812740253 29.6117517847337 285
617.515151515152 265.750360750361 286
619.640609137056 426.062944162437 287
617.390739236393 220.713241267262 288
619.133479212254 764.105032822757 289
620.010176390773 108.472862957938 290
630.597591888466 852.455006337136 291
625.484722222222 940.802083333333 292
633.171565686863 69.377924415117 293
635.93288590604 295.26711409396 294
631.641992882562 147.905338078292 295
642.033695652174 339.985869565217 296
647.455155582672 995.61836485662 297
645.742140867489 803.107441305213 298
652.658264663112 632.216674745516 299
656.990178796273 727.80130949383 300
647.509352517986 458.269784172662 301
644.909433962264 894.384905660377 302
652.835956416465 506.779661016949 303
653.896742470805 20.1456668715427 304
647.146718146718 205.585907335907 305
649.472792149866 245.280107047279 306
652.817179338363 594.093441671503 307
665.796268280383 382.06555723651 308
658.074228028504 945.852731591449 309
663.05125076266 104.788285539963 310
666.596741344195 561.149355057705 311
669.093375065206 422.683881064163 312
673.351025331725 185.209288299156 313
670.615168539326 314.478230337079 314
673.540860215054 142.137634408602 315
674.527446300716 666.2276849642 316
673.377986348123 268.883959044369 317
674.6611165524 851.956904995103 318
677.257694314032 65.2373500260824 319
684.103476821192 534.44619205298 320
680.622484385843 908.696738376128 321
678.940845070422 223.891079812207 322
680.958684009181 468.30298393267 323
693.40974671369 802.505610772684 324
699.98753117207 356.366583541147 325
696.145547945206 13.1815068493151 326
693.686746987952 290.389156626506 327
694.685903500473 505.751182592242 328
704.673189823875 684.097847358121 329
706.415376106195 877.403761061947 330
706.711129296236 38.2103109656301 331
704.643891140706 584.904458598726 332
699.039847161572 944.76692139738 333
706.533333333333 997.136585365854 334
700.635353535353 236.184848484848 335
714.992697768763 622.038945233266 336
727.339587819133 758.434020301446 337
713.010849909584 164.4547920434 338
710.877381938691 322.811930405965 339
717.377653183821 108.048057669203 340
716.948877209747 396.384137601529 341
717.782366071429 441.017299107143 342
731.82347749338 720.000441306267 343
712.587817258883 478.398984771574 344
724.707165109034 255.767133956386 345
727.001905972046 558.62706480305 346
725.396538750941 64.7027840481565 347
732.656 213.8635 348
719.882701421801 287.483412322275 349
730.948587979725 520.00434467777 350
735.017121116043 957.50982878884 351
740.452320244773 912.785313615502 352
745.774277082434 858.565817867933 353
750.235504885993 807.357980456026 354
742.746549560853 346.377666248432 355
745.579216354344 13.649063032368 356
744.292343387471 484.959010054138 357
759.530296127563 649.035079726651 358
752.799650553291 688.330809551543 359
749.994248741912 302.466570812365 360
763.221141088014 133.306943830164 361
754.825365853659 47.0575609756098 362
759.562436548223 175.372081218274 363
754.225472273004 998.814747105424 364
764.001082251082 402.587121212121 365
761.895945945946 437.59527027027 366
765.783029612756 82.1190205011389 367
763.576320371445 265.661636680209 368
774.156890967974 608.292911119108 369
763.628944504897 549.842763873776 370
778.557319223986 367.726631393298 371
774.345935727788 467.093572778828 372
777.576126674787 888.381242387333 373
775.281887012231 955.34769947583 374
778.313943541488 501.844311377246 375
782.240285841894 213.494417150514 376
779.654342218401 29.1788478073947 377
784.523602484472 329.576397515528 378
803.595486600846 746.350070521862 379
798.688065099458 837.858047016275 380
799.845013477089 919.551212938005 381
799.123268698061 530.317867036011 382
774 722 383
792.108143322476 998.069055374593 384
801.101866666667 100.6016 385
799.770360480641 688.479305740988 386
811.409951726699 791.528778314148 387
807.918438177874 578.547071583514 388
803.386503067485 292.429447852761 389
802.216286644951 255.02345276873 390
802.441969519344 13.4736225087925 391
815.049982020856 160.959726717008 392
811.626875 57.23625 393
809.143681477207 443.722446624351 394
810.986610878661 481.410878661088 395
816.503519220357 400.703302652951 396
821.488966900702 879.768304914744 397
815.202681388013 949.193217665615 398
834.243324332433 638.169216921692 399
825.444925742574 324.24504950495 400
827.526002971768 217.909361069837 401
836.235350166746 367.871843735112 402
828.983948635634 1005.61235955056 403
837.566168623266 119.518143009605 404
839.854899497487 971.72864321608 405
835.670545009186 499.72933251684 406
830.449579831933 19.7857142857143 407
843.321610365571 550.722350763535 408
844.205700123916 279.294299876084 409
852.237373737374 700.466224747475 410
847.012664640324 829.492907801418 411
849.641878669276 432.170743639922 412
851.432889344262 921.042008196721 413
847.785087719298 58.9605263157895 414
857.4776 243.2064 415
865.663789560214 184.955199342376 416
867.874079814026 598.933359163115 417
868.227148330597 92.5265462506842 418
870.731029002781 760.704012713548 419
870.844143272023 865.37366892546 420
867.104462474645 329.91430020284 421
857.457894736842 19.3136842105263 422
881.349620493359 802.015654648956 423
883.012733060482 460.00136425648 424
870.917333333333 505.341333333333 425
885.899878885749 143.832054905127 426
876.568168168168 1003.84624624625 427
890.276207046542 405.823836450631 428
884.505474452555 960.875 429
893.529588336192 905.250857632933 430
884.093639575972 281.065371024735 431
887.347275031686 230.183143219265 432
890.815602836879 364.698308783415 433
883.554666666667 43.8382222222222 434
897.922057051024 653.498995580554 435
888.421856639248 12.5828437132785 436
891.693346673337 550.554277138569 437
900.951330304997 731.930564568462 438
902.255905511811 694.388076490439 439
914.093917274939 840.41897810219 440
910.887976539589 309 441
910.087346938775 55.6195918367347 442
916.794034890264 616.480585256049 443
910.484829721362 91.4037151702786 444
916.849531327084 508.18105574741 445
919.267200754006 196.666352497644 446
921.463842220599 579.722425127831 447
926.914174252276 123.507152145644 448
923.743808049536 240.02399380805 449
933.345376845377 999.89627039627 450
932.307746979389 949.080668088131 451
938.980014534884 880.773619186047 452
929.762711864407 267.357815442561 453
929.399569197631 355.221863220248 454
931.594070080862 756.300808625337 455
930.212765957447 15.0857927247769 456
938.201593999062 422.155649320206 457
930.634328358209 462.403917910448 458
934.424637681159 802.895169082126 459
948.282677521483 158.967435549525 460
939.209597741708 546.513055751588 461
945.071789686552 704.523255813953 462
948.501272264631 52.9302798982188 463
947.52380952381 290.537142857143 464
964.298869820008 390.713269150272 465
958.065535400819 330.041544763019 466
954.792364990689 654.607076350093 467
957.957524271845 596.554004854369 468
962.567474048443 105.507661888285 469
961.175452399685 223.88512981904 470
968.714037375054 491.720990873533 471
975.447486718431 931.669391091132 472
968.204069419509 767.728306403351 473
974.786821705426 193.366925064599 474
973.116122840691 253.582533589251 475
971.119484046164 537.871690427699 476
974.336940836941 827.641414141414 477
984.349188584219 862.814213766088 478
989.678832116788 20.7579075425791 479
984.922238372093 624.502906976744 480
988.744565217391 724.225845410628 481
993.383971937399 986.920669185105 482
980.743392070485 277.504405286344 483
996.558497536946 444.052955665025 484
991.114503816794 691.182031708749 485
995.701875 798.82125 486
988.866666666667 314.781884057971 487
995.647058823529 565.343238326258 488
1000.99096958175 903.847908745247 489
996.608758421559 64.0755534167469 490
1001.62950322336 368.225635191505 491
999.355252606255 138.024859663192 492
1003.09243134628 173.036168787676 493
1002.29371688115 104.190764572294 494
1005.29571106095 230.996613995485 495
1006.78559176672 599.079759862779 496
1005.39190116678 656.481811942347 497
1006.54061952075 513.758036236119 498
1006.08044382802 756.581137309293 499
1010.37956810631 292.431063122924 500
1011.9456398641 839.669309173273 501
1005 263 502
