24.5536114849708 23.3764019739794 1
25.8592213920566 72.9653952025167 2
15.6065664997218 128.125765164162 3
17.7664302600473 188.845862884161 4
27.6580942960765 247.805802835476 5
40.2855833842395 295.2776420281 6
16.3692695214106 344.086649874055 7
13.2857142857143 403.000776397516 8
28.8226897069872 437.235161532682 9
16.0048859934853 470.149022801303 10
14.2535804549284 511.149115417018 11
19.5693612774451 558.417664670659 12
23.6254612546125 624.516974169742 13
25.0961398397669 683.782957028405 14
28.2459677419355 736.137463343108 15
18.2054364871929 788.677469942499 16
14.7548148148148 843.466666666667 17
29.2175824175824 877.945604395604 18
16.5589182227946 919.827430779137 19
20.7912225705329 967.65078369906 20
19.0657894736842 1004.62828947368 21
50.5150631681244 585.604956268222 22
51.0606626224918 821.248250116659 23
47.5551969012266 361.223369916075 24
50.6576802507837 942.739184952978 25
50.6096324461343 400.882129277567 26
46.5025906735751 512.163860103627 27
53.1070247933884 129.375619834711 28
52.9909977494374 470.616654163541 29
52.9242579324463 191.527635619243 30
58.0665907797382 996.999430848036 31
70.8767545361178 772.101335159192 32
64.1860767729343 904.246584255042 33
71.3191159364095 657.12291585886 34
78.5248796147673 533.729802033173 35
76.5181388012618 24.7630126182965 36
76.924178154825 864.959172852598 37
84.0821548821549 708.439393939394 38
74.3321917808219 75.1190068493151 39
72.7214137214137 437.679140679141 40
82.0460971112477 353.40565457898 41
87.1347951114306 233.070093457944 42
87.4488734835355 317.121894858463 43
98.3687109805362 616.753213367609 44
86.6670293797606 177.66050054407 45
90.3429978118162 489.920131291028 46
91.1021474172954 569.154962275102 47
95.146052631579 972.559868421053 48
92.5701451278507 940.742225293711 49
100.549740484429 394.475346020761 50
108.805018510901 282.629781982723 51
102.595208591491 830.483271375465 52
104.29718875502 127.071558963125 53
100.740936555891 1005.25906344411 54
108.38726635514 905.097546728972 55
126.03848413631 740.85223266745 56
108.319749216301 439.930407523511 57
118.378328741965 76.0973370064279 58
134.032224168126 797.932749562172 59
131.600485731633 669.46933819065 60
130.77521206409 18.3491988689915 61
133.762380357886 514.271743653766 62
126.522920203735 180.452886247878 63
130.808043117745 336.131426202322 64
132.897921760391 468.035452322738 65
138.800803212851 876.40281124498 66
135.274080967892 244.744532340624 67
133.491177677472 567.75379565039 68
142.101788756388 944.69804088586 69
141.722342733189 997.92136659436 70
150.995518565941 51.9891165172855 71
154.033040421793 386.61546572935 72
159.496157540826 433.09269932757 73
165.282300884956 611.288495575221 74
163.339752906977 103.578125 75
167.956505713233 160.70954662735 76
174.849030941857 215.382862971778 77
174.693404043752 839.311899237653 78
172.843832516032 278.711806865334 79
178.845548654244 912.089026915114 80
180.562903721932 767.135342971393 81
180.263028169014 546.608098591549 82
175.977987421384 330.200471698113 83
179.281289775138 485.97666525244 84
181.74106850213 676.877089478859 85
175.571428571429 987.44109277177 86
201.84962134872 719.848539487919 87
182.435649546828 42.1921450151057 88
208.299837925446 16.6066990815775 89
204.992071881607 954.940274841438 90
209.260711692084 131.147421931736 91
211.770636792453 407.978773584906 92
208.032544378698 445.811143984221 93
215.947846700909 878.755432635322 94
215.627681100769 72.2290570619183 95
220.629853756934 377.399899142713 96
215.611675126904 631.683103698332 97
209.686092715232 999.014569536424 98
220.310886075949 344.180253164557 99
222.215225898257 816.278904304518 100
221.399372302864 264.718713220871 101
226.144687264506 497.258854559156 102
227.653307392996 552.459143968872 103
240.008279337653 174.586753059755 104
232.401858736059 217.688475836431 105
241.454500978474 590.850782778865 106
242.525237191651 307.00569259962 107
237.106434446057 928.068698597 108
241.815457950289 761.781409601634 109
249.294903339192 693.166959578207 110
247.122033898305 1007.91610169492 111
256.631461923291 975.581989994441 112
257.157079646018 427.755309734513 113
261.187202538339 850.838709677419 114
260.189777963971 24.2702136573104 115
264.028921023359 75.2157953281424 116
268.105832241153 127.344364351245 117
264.083584661784 642.80741059888 118
278.300236406619 464.735224586288 119
267.289838337182 889.838337182448 120
273.888339920949 503.657608695652 121
281.630037783375 247.352329974811 122
275.623028391167 809.933228180862 123
282.425947635795 386.537319265338 124
286.428235294118 340.889019607843 125
292.756255044391 537.97619047619 126
289.468247248095 722.566892464014 127
285.946316390634 924.580239862936 128
283.848209783157 586.310136157337 129
293.751805985552 773.000515995872 130
294.387055837563 961.310913705584 131
299.967063382231 183.553556601162 132
302.6852 294.3744 133
301.964132762313 1002.51980728051 134
307.260633484163 667.820814479638 135
309.840197693575 621.722679846238 136
307.787290715373 30.2766362252664 137
310.95966709347 845.891805377721 138
320.694101508916 100.025788751715 139
318.265619011115 434.981985435033 140
312.64656212304 881.698431845597 141
324.569397427217 813.851049424509 142
330.003611738149 571.304288939052 143
328.722382880278 748.62984384037 144
335.036440084092 492.174141555711 145
334.315117670523 381.372556840846 146
339.585201793722 696.850224215247 147
333.388098318241 933.818240620957 148
339.579419146648 250.059878092506 149
353.388622344071 151.676490747087 150
343.707170459425 327.690854443967 151
346.052062204192 901.384719405003 152
341.14859197124 968.440383463152 153
351.469874476987 202.900836820084 154
351.594397076736 783.951278928136 155
347.523255813953 36.5378983634798 156
364.143359718558 533.036499560246 157
352.200515796261 1003.32301740812 158
349.495454545455 624.418181818182 159
364.608762098828 866.464085583291 160
369.412099276112 292.199069286453 161
365.487590072058 440.837069655725 162
364.577045022194 823.956246036779 163
374.03316444035 77.1331183786274 164
377.018714011516 663.093090211132 165
371.698845265589 737.078521939954 166
377.24499777679 372.996887505558 167
376.373070782331 576.116019159127 168
382.811440677966 17.4343220338983 169
388.947799827437 122.797670405522 170
382.362154150198 927.762845849802 171
392.309739222991 972.742416178819 172
391.971535230985 492.912272515166 173
396.557813911472 258.624209575429 174
390.861773700306 621.548012232416 175
400.519612590799 697.402905569007 176
404.240837696335 414.161256544503 177
397.520451339915 783.212976022567 178
402.021392808375 324.392353208921 179
396.030555555556 1007.43240740741 180
396.188176519567 200.786427976686 181
405.902393242609 833.471140309714 182
410.786781349027 887.315527387958 183
406.760638297872 55.0729483282675 184
415.548571428571 454.282857142857 185
418.228553921569 562.061274509804 186
430.880860215054 148.038709677419 187
424.777466367713 521.961322869955 188
421.079155672823 602.067941952507 189
428.354177344951 725.064582265505 190
418.488106565176 18.1579448144624 191
425.774315391879 372.372049102927 192
430.239084132055 99.2577209797657 193
427.302429350521 934.941001487357 194
433.558385093168 761.653416149068 195
434.37539184953 653.842476489028 196
433.761271676301 233.919075144509 197
440.407914764079 281.319634703196 198
441.866630375612 189.303756124115 199
433.957372466806 1000.67435359888 200
448.204519119351 857.285052143685 201
446.751651982379 476.161343612335 202
439.92578125 60.783203125 203
451.454976303318 968.437373053487 204
453.576484703059 792.260947810438 205
446.334572490706 325.941582580988 206
445.747630331754 30.0284360189573 207
460.501726121979 824.439585730725 208
453.400091659028 416.809349220898 209
455.12711241734 546.119030124908 210
460.282269503546 9.77872340425532 211
463.238877118644 891.26906779661 212
471.03954132068 704.162910241202 213
460.673333333333 602.947179487179 214
474.695293546822 360.642891800097 215
471.537425149701 73.4505988023952 216
477.847052845528 113.085365853659 217
474.958357102111 221.719338277239 218
477.296103896104 492.191558441558 219
476.23452970297 938.589108910891 220
473.759868421053 1005.17516447368 221
480.5489102889 161.7318803852 222
479.754908169728 265.276757441419 223
480.254325259516 568.161764705882 224
483.105888174171 753.578426521524 225
482.67204757859 651.464316057774 226
481.666385135135 40.4704391891892 227
488.059253246753 525.934253246753 228
492.721841332027 445.114593535749 229
490.876946258162 306.486187845304 230
495.666666666667 399.6918767507 231
496.384868421053 902.140789473684 232
495.178910976664 980.366464995678 233
499.042207792208 12.3149350649351 234
509.027627302275 194.265980498375 235
509.066536203523 842.234050880626 236
508.794722719141 792.810375670841 237
509.786740843765 606.076495132128 238
517.062272963155 82.6341463414634 239
517.787816210635 136.825503355705 240
519.404796867352 341.118942731278 241
520.446843853821 678.029069767442 242
514.887956860395 250.800479328939 243
511.462469733656 562.651331719128 244
516.023443815683 956.452708164915 245
525.011447260834 731.72485690924 246
516.355761143818 505.492010092515 247
519.804232804233 1007.6860670194 248
527.644278606965 470.117537313433 249
520.125832716506 42.3989637305699 250
528.914399469144 910.983410749834 251
543.210810810811 873.312039312039 252
532.650378126818 391.681791739383 253
538.738908720041 292.110147883733 254
537.823695345557 541.985190409027 255
540.792280701754 215.717192982456 256
551.219729206963 627.720309477756 257
545.483648881239 432.913367756741 258
542.815812337098 13.4926151172893 259
546.947791164659 980.726907630522 260
549.245142002989 943.808669656203 261
555.875362318841 173.717391304348 262
556.698153034301 125.242216358839 263
561.219228982815 576.797491871807 264
555.581156316916 794.187580299786 265
558.365976145637 355.87696170747 266
551.562086700955 505.107274063189 267
555.754688672168 252.156039009752 268
565.705964585275 746.262348555452 269
559.010800508259 80.6264294790343 270
566.312195121951 43.4701219512195 271
571.683682771194 838.915223336372 272
568.223051100336 680.104065647147 273
567.522075910147 1003.04182804028 274
574.89124668435 312.902387267904 275
578.120659211301 918.239552678046 276
578.712918660287 459.491626794258 277
576.414025623736 390.339177343223 278
580.362017804154 220.266320474777 279
590.834838709677 260.013548387097 280
583.346443030654 508.79005205321 281
593.435259692758 14.0446232626189 282
590.19012797075 422.551188299817 283
595.167418546366 956.664160401003 284
598.22984244671 554.66218721038 285
597.37474012474 889.955301455301 286
603.568942436412 712.380633645694 287
593.878346915017 90.1682188591385 288
599.375641623892 150.336910872608 289
601.113755078352 345.201392919327 290
602.164326375712 623.158633776091 291
604.314426633786 202.134401972873 292
610.437810945274 759.98407960199 293
609.939237899073 801.09114315139 294
603.743112947658 1000.31060606061 295
612.052702702703 282.344594594595 296
616.333884297521 491.57520661157 297
620.430133079848 37.2884980988593 298
617.473777253978 843.082498526812 299
616.686009538951 399.777424483307 300
629.009444654326 666.169248205516 301
622.519407198306 111.749470712773 302
622.345800988003 439.066337332392 303
633.09000497265 583.384385877673 304
634.940622737147 374.802317161477 305
635.410502540937 184.684359119142 306
633.08986340762 879.481667864845 307
639.380150899594 73.9808473592571 308
639.942105263158 295.914473684211 309
646.43072755418 238.423761609907 310
644.359020852221 533.993200362647 311
638.835325365206 335.569057104914 312
652.706718346253 916.03488372093 313
641.377375985165 958.74501622624 314
645.044409199048 463.771609833466 315
643.524390243902 1000.9756097561 316
651.851720647773 134.194331983806 317
653.229819563153 717.869895536562 318
652.409367396594 813.635644768856 319
661.01272264631 614.031043256997 320
668.694267515924 20.3617834394904 321
657.784516765286 760.839743589744 322
668.859657947686 495.602615694165 323
666.984 400.665230769231 324
666.641216991963 862.994259471871 325
670.937156802929 437.982916412447 326
675.263700838169 281.421018697614 327
681.26259196378 645.447085455574 328
672.061458333333 184.3765625 329
678.71237244898 359.209183673469 330
682.074651810585 690.33147632312 331
680.171335504886 322.590228013029 332
683.832077979619 561.673903411608 333
676.159855147439 74.9182617692706 334
685.150874635568 787.612973760933 335
688.401054144705 998.44226161955 336
697.094288999617 949.346109620544 337
691.270951993491 823.169243287225 338
689.33607907743 129.91817682592 339
700.835258663988 224.20894023104 340
704.849967384214 263.579256360078 341
704.859180035651 899.086452762923 342
710.720057720058 469.483886483886 343
713.919375263824 517.466863655551 344
707.734973970658 734.564600094652 345
710.483007209063 600.747167868177 346
707.16608269096 853.779957953749 347
711.930533955417 42.0108864696734 348
710.450306748466 385.088343558282 349
715.946390658174 426.184713375796 350
710.129742962056 180.018359853121 351
712.860392156863 667.650196078431 352
714.607097591888 85.6191381495564 353
720.421478060046 304.86143187067 354
722.795372750643 781.718766066838 355
730.662205567452 344.541220556745 356
739.790750141004 18.0214326001128 357
724.424127465857 132.209408194234 358
734.99710982659 639.919797687861 359
736.173333333333 704.417333333333 360
736.094824180166 991.859739233505 361
736.53259779338 560.684553660983 362
738.562886597938 829.016494845361 363
745.940392156863 162.134117647059 364
743.598028477547 247.73439211391 365
755.839597315436 936.971476510067 366
747.841293532338 887.062686567164 367
744.828209764919 100.989150090416 368
748.241335853812 200.599873976055 369
755.779069767442 750.838870431894 370
758.435589519651 611.811681222707 371
754.244186046512 674.341362126246 372
754.649545211343 386.623863028357 373
758.228761271951 479.625533934504 374
761.994475138122 66.3278084714549 375
761.382277176713 294.659453889748 376
763.095774647887 432.51455399061 377
768.23348236463 524.767511177347 378
769.454773869347 135.268006700168 379
779.012154696133 784.148066298343 380
780.045121263395 820.4179357022 381
778.968245705362 868.331598125976 382
779.057971014493 574.984949832776 383
775.758561643836 348.541095890411 384
780.085443037975 713.622890295359 385
784.587935429057 998.652081563297 386
779.60545100584 28.1466580142764 387
777.584693877551 105.776530612245 388
786.006940736786 659.109983982915 389
784.625503355705 206.930201342282 390
782.514030612245 252.394132653061 391
790.782495101241 167.49052906597 392
798.768567639257 316.602122015915 393
808.371956009427 958.626472898665 394
803.462391513983 396.629218900675 395
802.182934712346 470.516483516484 396
811.118918918919 13.0648648648649 397
811.941690962099 620.590864917395 398
802.731504571904 62.645885286783 399
822.33345082834 915.352485019387 400
811.561671087533 507.106100795756 401
814.174423859015 754.903298689562 402
805.805860805861 99.2252747252747 403
813.440559440559 280.738080101716 404
813.083058668425 542.341463414634 405
815.621432731508 436.875946418171 406
814.603118355776 226.906449326719 407
817.164490861619 137.505221932115 408
820.329545454545 355.391477272727 409
820.683089214381 584.522636484687 410
816.992521367521 868.678952991453 411
826.029513888889 707.322916666667 412
826.241362530414 822.305596107056 413
830.012631578947 661.178947368421 414
831.969841269841 43.1825396825397 415
832.375890410959 180.715616438356 416
847.094370860927 1002.83774834437 417
849.842542787286 788.462102689487 418
837.180876494024 85.3649402390438 419
841.522760646109 253.279001468429 420
846.703125 310.016163793103 421
846.179518815546 482.449105490438 422
848.497764530551 559.392697466468 423
850.695708712614 122.353706111834 424
856.449458483754 422.596269554753 425
856.737961225766 214.777360850532 426
863.125598722725 388.968068121341 427
859.244673983215 18.0961910910265 428
862.10386320456 518.361621279291 429
862.874785591767 857.232418524871 430
870.336074365391 966.986771540937 431
868.301482701812 746.568780889621 432
863.262981574539 350.089335566723 433
869.764262648009 596.229278794403 434
876.509006690684 455.874935666495 435
874.395907928389 632.49820971867 436
867.799438990182 59.6690042075736 437
870.27712197864 673.703204047218 438
876.956266666667 269.035733333333 439
877.391004862237 903.160858995138 440
878.388811835414 170.746648173833 441
894.53052917232 707.68566259611 442
886.327021121631 88.2257829570284 443
893.360218978102 809.533211678832 444
886.316262975778 132.289273356401 445
885.804778156997 549.623890784983 446
897.091189427313 304.910572687225 447
896.798604651163 226.878604651163 448
910.622688039457 936.071105630908 449
902.513318534961 503.172031076582 450
903.478540772532 20.7778969957082 451
914.834900731452 358.863810518983 452
917.822375215146 409.843029259897 453
914.961606615475 575.533372711164 454
917.52537668517 866.753370340999 455
924.541579731744 991.307004470939 456
915.476098191214 60.8204134366925 457
917.340145023072 113.811470006592 458
922.686146095718 469.56322418136 459
921.253466204506 670.337088388215 460
922.768021865391 747.6040314315 461
923.840281265696 619.565042692115 462
933.091991786448 198.505954825462 463
937.201369863014 158.787671232877 464
932.700228832952 538.951372997712 465
945.595698254364 253.445448877805 466
941.114768297964 816.519705500217 467
945.566514566515 310.746577746578 468
953.537068965517 906.739224137931 469
950.95928439235 90.7347316471314 470
953.885909090909 440.561363636364 471
958.296816479401 772.916666666667 472
953.37933378654 15.4384772263766 473
950.112421383648 48.0998427672956 474
960.722979552093 508.338364167478 475
959.909269249632 596.780284453163 476
978.983438723276 703.274314965372 477
965.552412645591 128.172490293955 478
962.129882352941 655.478588235294 479
968.870253164557 949.746383363472 480
966.889282103135 858.008088978766 481
983.192599852977 359.09384954668 482
985.016826003824 1001.33193116635 483
980.699204244032 555.657294429708 484
994.997555012225 411.451274886483 485
992.977272727273 210.582737487232 486
994.74496373892 467.768734891217 487
983.38021978022 58.8424908424908 488
997.323081185924 288.896370185647 489
998.998586905323 742.238813000471 490
999.132344865459 790.165293794618 491
999.843569553806 832.831496062992 492
1000.84736842105 145.546558704453 493
1000.78962053571 22.1462053571429 494
1001.93606138107 645.714407502131 495
1001.92460496614 892.187358916479 496
1003.76507042254 85.8107042253521 497
1003.87403740374 589.530803080308 498
1004.19450672646 517.860426008969 499
1006.52543320291 954.852990497485 500
