17.7922419460881 20.7942143326759 1
18.8141504733433 76.5630293971101 2
22.1373873873874 143.442942942943 3
12.3820975283901 217.092184368737 4
34.9685369690614 249.482957524908 5
11.9339320076972 309.146247594612 6
15.1456916099773 379.402494331066 7
17.3014586709887 436.366288492707 8
35.5886981402003 480.510014306152 9
20.2720506140677 535.518794194269 10
19.3720211827008 607.801412180053 11
21.1571582346609 659.13670613563 12
14.2100617828773 703.646072374228 13
14.0858585858586 745.996632996633 14
36.0778947368421 780.81947368421 15
15.7490931076179 815.672914147521 16
21.9563522992985 877.675759937646 17
19.6022099447514 941.475138121547 18
19.864067966017 994.841579210395 19
47.6014957264957 281.407051282051 20
41.9884845693229 192.711653615845 21
48.3329145728643 354.425251256281 22
51.0977734753146 108.982575024201 23
41.8674304418985 320.962356792144 24
48.4651589242054 46.8911980440098 25
57.1728304650311 577.857195166606 26
50.3921568627451 835.83137254902 27
43.169741697417 708.323800738007 28
55.6432344575376 926.071515644047 29
56.2518656716418 390.093905472637 30
51.2432432432432 744.608903020668 31
56.71656232214 432.683551508253 32
62.4162591687042 676.05684596577 33
68.1204188481675 632.456806282722 34
65.9513473053892 15.751497005988 35
66.5580536912752 991.909060402685 36
68.7835628227194 524.903614457831 37
77.6889730639731 168.013047138047 38
78.5340501792115 230.499103942652 39
87.5883242589232 876.003327283727 40
82.0520958083832 85.4311377245509 41
73.5414847161572 715.747816593886 42
89.6126287505598 817.381997313032 43
81.5468831849136 320.562598218963 44
84.7681473456121 771.026543878657 45
93.324823943662 485.18573943662 46
94.7558428642466 415.220288413725 47
103.889591439689 130.861381322957 48
99.6838095238095 51.7415873015873 49
101.743436357594 934.328015952144 50
102.71054964539 362.650709219858 51
110.029468044393 286.866437045542 52
106.74231678487 602.53853427896 53
97.6419172932331 721.537593984962 54
113.458377239199 549.874956094134 55
116.104949314252 456.967203339296 56
108.14741318214 17.9666902905741 57
105.478829389788 682.803860523039 58
118.689676237019 644.027489309713 59
116.862573099415 237.878167641326 60
119.066864784547 993.854754829123 61
120.751285347044 744.352185089974 62
124.54469273743 179.70530726257 63
124.99024670109 91.5823293172691 64
129.189688715953 791.739785992218 65
142.880082701585 845.258787043418 66
145.32140077821 330.363035019455 67
145.782773308093 381.442025556081 68
145.003611971104 422.078431372549 69
144.831914893617 501.175531914894 70
146.655041217502 715.85986049461 71
154.067242162653 215.556565197637 72
162.537431318681 885.710508241758 73
148.51133222775 50.0331674958541 74
145.042354630294 672.068916008614 75
149.60023400936 935.57527301092 76
155.255409219191 147.705079962371 77
154.45409252669 14.8669039145907 78
152.105545617174 597.940369707812 79
162.391812865497 270.261208576998 80
163.285908781484 531.181075561607 81
161.575877689694 460.603057757644 82
169.3101991551 571.026554013277 83
170.929334011185 629.860701576004 84
164.795949367089 99.9458227848101 85
163.06795224977 990.143250688705 86
167.94587628866 760.378865979381 87
170.212452211906 803.138175860186 88
177.054744525547 682.096350364964 89
180.74254473161 730.042743538767 90
189.619766940009 327.253776435045 91
196.108773730118 60.2924576706003 92
194.615160349854 202.1345272803 93
195.730559345157 393.585266030014 94
196.395026026605 499.743782533256 95
201.61325648415 19.1959654178674 96
200.769129864451 151.177962396152 97
202.16301369863 449.534703196347 98
199.225053078556 549.771408351026 99
200.581802648441 937.360529688168 100
212.240254574383 1008.56165473349 101
203.467455621302 648.320266272189 102
204.391376451078 710.616915422886 103
204.883507050889 979.878602084611 104
204.503511615343 276.353322528363 105
220.64046692607 846.039688715953 106
210.827352085354 98.9519883608147 107
209.885046273746 802.448611787628 108
225.232408325074 241.94053518335 109
217.674623115578 892.878559463987 110
222.7787028922 589.531551270815 111
215.403458213256 759.276080691643 112
222.725244072524 678.456764295676 113
227.048563968668 353.043342036553 114
242.461194636327 629.916700528241 115
237.522026431718 307.419603524229 116
237.830742659758 540.879101899827 117
235.953259532595 502.646986469865 118
240.452879581152 33.6867364746946 119
242.683009708738 127.761165048544 120
242.525669642857 724.59375 121
239.34725594949 194.99417192812 122
241.619181946403 440.389985895628 123
251.817705299942 407.555037856727 124
257.849436870184 473.583283935981 125
251.732688011914 944.887565152643 126
258.887445887446 375.222222222222 127
261.50337972167 816.111729622266 128
260.362472406181 997.25298013245 129
263.32567264574 273.40134529148 130
272.936664320901 85.3969035890218 131
265.997786631253 762.149181053564 132
270.244152046784 685.08735380117 133
274.486800894855 152.821476510067 134
267.506199854121 883.58242159008 135
276.690914969285 574.413837698028 136
273.094642857143 333.351785714286 137
282.474511930586 240.559110629067 138
278.142086330935 34.1928956834532 139
278.732950924155 198.636073932441 140
292.782268170426 513.71835839599 141
288.40596562184 440.012639029323 142
301.285075019742 636.292182153198 143
304.520325203252 297.03071364047 144
307.308291991495 733.155917788802 145
299.986084994359 935.285069575028 146
303.557638611887 796.735540486637 147
297.840962441315 380.2529342723 148
308.727542687454 863.184112843356 149
306.323153115972 990.483285183657 150
317.218939393939 109.709848484848 151
313.318738229755 30.0442561205273 152
317.845459672871 340.44331641286 153
321.162540868753 209.161139654367 154
319.878371232152 159.552617662612 155
333.244256756757 477.818918918919 156
325.055199605717 425.127156234598 157
332.199585277346 567.358475894246 158
336.837425348374 693.277372262774 159
334.361577508786 257.48262397501 160
346.682167408006 907.402749696725 161
346.343917525773 811.491546391753 162
355.442390369733 71.5619088564059 163
345.278940027894 376.58019525802 164
349.98727735369 1005.01908396947 165
347.901227976508 953.983982915109 166
359.29974916388 769.405518394649 167
360.933183183183 317.719594594595 168
361.980886426593 630.734349030471 169
345.773977695167 28.0557620817844 170
356.307692307692 859.303245887061 171
355.947145877378 173.432875264271 172
376.485504937878 517.751194647977 173
363.599372384937 118.805962343096 174
371.258509263249 412.685911245153 175
369.614690721649 12.0940721649485 176
381.117191533299 738.452245740836 177
381.138522954092 225.817564870259 178
377.694594594595 974.807432432432 179
384.904093097913 273.545345104334 180
384.415862358372 464.154846831725 181
388.422505307856 570.449752300071 182
386.125412541254 695.479490806223 183
397.074159021407 353.426605504587 184
393.560087003806 46.7640021750952 185
392.818607068607 926.807692307692 186
392.254155495979 170.655227882038 187
408.105409153953 816.81067961165 188
406.65910652921 666.333333333333 189
399.303145853194 864.808388941849 190
402.723604572966 1003.85339609953 191
397.018618618619 111.818618618619 192
405.296498905908 12.9781181619256 193
417.682825484765 202.504155124654 194
417.947566955866 411.764994341758 195
417.747426218257 636.511324639671 196
421.560079443893 772.788480635551 197
424.469411764706 907.048235294118 198
430.640928109547 595.182959300114 199
431.728366948601 303.810344827586 200
424.496136012365 964.52447192169 201
432.570549242424 67.8910984848485 202
428.806286836935 473.87858546169 203
432.430976430976 735.193602693603 204
424.517899761337 124.459029435163 205
438.013400941688 534.522636725824 206
438.117596566524 246.877682403433 207
439.411951684679 157.824539097266 208
443.634462151394 699.804780876494 209
443.183086312119 361.445510026155 210
442.377166766288 20.584578601315 211
442.27509495388 866.96256104178 212
449.575387123064 98.5819070904646 213
446.163868368032 1002.31027535259 214
451.085198555957 193.564620938628 215
458.184901531729 939.266411378556 216
462.930603448276 431.724137931034 217
454.845047039292 648.414499169895 218
470.611886860007 788.223773720014 219
475.522700814901 836.177337989911 220
472.987774030354 501.141652613828 221
471.125 131.257947976879 222
477.967634854772 568.573443983403 223
476.720289855072 34.5652173913044 224
477.558650241028 264.161756829138 225
485.240802675585 388.554706163402 226
478.279646993933 892.492002206288 227
482.953070683662 219.366164542294 228
482.449680903289 340.243495336279 229
488.866503866504 622.401709401709 230
484.128578132332 994.815579540122 231
486.614657210402 681.7768321513 232
489.686725018235 739.029905178702 233
489.154962275102 172.932095182821 234
501.610503282276 299.478774617068 235
499.625478403499 469.116457080372 236
488.993454545455 101.787636363636 237
498.651006711409 74.7197986577181 238
489.077699293643 930.977800201816 239
509.062623599209 970.986156888596 240
520.900425015179 14.9441408621736 241
516.456776947705 549.910885805763 242
516.876772082879 145.671755725191 243
510.109634551495 426.221926910299 244
517.479187314172 867.810208126858 245
517.584717607973 51.2524916943522 246
523.622524052066 508.886247877759 247
528.475409836066 816.491074681239 248
521.0488786659 206.797584818861 249
525.446428571429 594.129926108374 250
522.01813633521 693.423389618512 251
513.768467475193 932.104740904079 252
523.035815804434 261.022740193292 253
536.012341197822 764.360798548094 254
526.827154308617 340.050601202405 255
535.39590443686 654.950511945392 256
529.642468239564 907.923774954628 257
543.146574614976 1004.3414763675 258
531.806849315068 97.3219178082192 259
535.523092369478 385.856927710843 260
536.868217054264 446.88285960379 261
549.874209416725 624.790583274772 262
553.225717439294 707.239514348786 263
543.252365930599 958.296529968454 264
557.192246835443 471.227056962025 265
558.501432664756 165.032091690544 266
553.753155680224 247.086956521739 267
561.095709570957 129.630363036304 268
551.220219435737 52.5117554858934 269
557.369834710744 926.150826446281 270
570.788334901223 294.09454374412 271
564.406825938566 418.332423208191 272
564.013785790032 543.23276776246 273
558.985821517932 878.169307756464 274
557.592087312415 206.673260572988 275
564.307365439093 502.058781869688 276
565.625503355705 581.601342281879 277
569.727231536022 335.169913910285 278
577.557781919851 848.683131407269 279
572.034659090909 26.8784090909091 280
565.664649956785 95.228176318064 281
579.304794520548 733.859099804305 282
575.724590163934 900.962841530055 283
581.50060851927 801.703853955375 284
573.40719002201 968.297872340426 285
583.413537549407 664.721343873518 286
585.924365942029 382.169384057971 287
589.445601851852 447.655671296296 288
591.949972206782 609.903835464147 289
595.079420289855 73.3866666666667 290
585.599180327869 255.368032786885 291
593.010450685826 191.271717831483 292
598.507953922106 1000.80197476687 293
600.152702702703 924.346621621622 294
611.383197599657 760.874839262752 295
610.656502800249 14.8917237087741 296
609.222222222222 226.096646942801 297
609.954510703364 508.099770642202 298
605.872898453262 115.205110961668 299
612.174809989142 151.877307274701 300
616.193659281895 563.391902215432 301
618.782644289808 693.230863692182 302
611.033876221498 958.824755700326 303
617.165202108963 889.756883421207 304
624.059483178937 635.498293515358 305
623.816058394161 329.565328467153 306
617.227123107307 268.443712969059 307
624.552763819096 459.985838282321 308
634.529360967185 48.4179620034542 309
630.49877511024 818.855952964233 310
628.128495842782 388.987150415722 311
635.510593220339 857.471398305085 312
636.881213686249 190.712072304713 313
646.85150812065 291.772621809745 314
641.873039959535 97.910976226606 315
652.906275140788 732.591713596138 316
645.211003970505 1002.28133862734 317
658.259259259259 605.258190883191 318
657.36067146283 789.372661870504 319
656.023591087811 440.878549584972 320
658.2098110706 532.147828969175 321
656.706082725061 909.94501216545 322
650.739447628973 956.924439812402 323
651.032006920415 224.2776816609 324
659.801386825161 154.924715205547 325
668.001267828843 671.166402535658 326
664.36051212938 253.135444743935 327
669.892632524708 370.546720575022 328
677.763428120063 20.9514218009479 329
691.582148760331 484.874049586777 330
676.328988206083 110.754189944134 331
688.880733944954 335.165749235474 332
680.867808519982 855.014931927975 333
696.50204384987 65.8468970642884 334
683.774850299401 208.353892215569 335
693.599516518936 418.745366639807 336
691.143723468769 304.220739842329 337
687.278870398386 991.196167423096 338
694.412505623032 752.718848403059 339
691.7475 938.674375 340
696.909795630726 266.591966173362 341
697.540614960991 594.503441945847 342
704.879035250464 806.196660482375 343
705.659563132658 897.963771976558 344
704.157016683023 166.468105986261 345
707.086348684211 541.766858552632 346
718.174892041949 705.943861813695 347
725.39393071858 647.884340108789 348
711.433041301627 112.889236545682 349
718.170919881306 363.823145400593 350
725.705612829324 1011.64833906071 351
722.325012236907 216.359765051395 352
721.202317290553 949.926024955437 353
734.375672766416 448.785791173305 354
727.520329994107 862.606364172068 355
726.890804597701 986.659961685824 356
737.643279172821 24.5841949778434 357
738.651387992253 133.530664945126 358
731.129015271195 270.326487625066 359
740.054719562243 407.703146374829 360
737.886467308667 590.887987835783 361
749.497811816193 516.740153172866 362
748.050943396226 760.554716981132 363
744.107931726908 324.316767068273 364
751.927996611605 826.395595086828 365
750.06171875 376.09375 366
749.572619047619 483.242857142857 367
752.460914881297 924.874927620151 368
756.862170087977 83.3889296187683 369
755.471674876847 166.2210591133 370
749.507625272331 966.73311546841 371
761.583985550873 557.066225165563 372
762.438202247191 883.396468699839 373
764.678736010533 198.033574720211 374
767.180735370274 239.287933713102 375
772.069502074689 286.667012448133 376
781.843818984548 696.352373068433 377
769.542168674699 1004.22891566265 378
773.567892976589 424.240802675585 379
786.390918402185 37.2154318880164 380
784.154217762913 641.425863991081 381
791.640201394268 595.848179705655 382
786.624579932789 125.741718674988 383
776.872340425532 953.579533941236 384
784.462055070517 370.343854936199 385
794.185049019608 808.952205882353 386
783.771103896104 328.681818181818 387
795.754105636929 472.861517976032 388
790.075268817204 983.127688172043 389
798.09794490599 535.604722343682 390
802.035679214403 758.307692307692 391
801.207065217391 903.75 392
806.388422035481 860.93837535014 393
805.78692879915 164.312433581296 394
804.071785268414 217.503121098627 395
812.586666666667 261.086111111111 396
805.607390300231 432.749037721324 397
815.825236167341 393.097165991903 398
818.336188436831 90.7053533190578 399
801.191176470588 957.781045751634 400
820.23064516129 934.416935483871 401
816.140613847252 307.862241256246 402
815.567973311093 347.145954962469 403
816.320552147239 1004.97469325153 404
833.003646308113 19.1599817684594 405
835.783154783894 507.386036202438 406
839.083551769332 712.581585845347 407
825.362938596491 969.987938596491 408
844.248443522087 567.655203083309 409
840.179341657208 647.187287173666 410
833.763649425287 209.093390804598 411
836.610762800418 829.728840125392 412
846.791394335512 60.7968409586057 413
850.987415295256 125.25701839303 414
842.548082966688 421.642991829038 415
844.727881040892 271.63717472119 416
846.450160771704 363.686816720257 417
843.273819055244 166.021617293835 418
854.988372093023 460.681686046512 419
851.713418001104 912.580894533407 420
858.519044062733 766.940627333831 421
863.46227929374 878.4151952916 422
852.840202458424 311.232104121475 423
861.669675090253 1003.9578820698 424
865.936977980258 809.779043280182 425
857.818237831177 961.540357362908 426
878.112723214286 234.611607142857 427
881.120518948447 601.494025264595 428
862.651928504233 198.406396989652 429
882.171184738956 402.403112449799 430
879.114012184508 334.659704090514 431
884.408287292818 87.3850828729282 432
883.196605374823 842.463224893918 433
881.700526711813 42.8683220466516 434
881.45952023988 266.356821589205 435
886.905431067224 699.486517280668 436
883.35 160.407894736842 437
892.721048513302 491.62558685446 438
890.709105560032 13.4383561643836 439
886.223110465116 365.274709302326 440
907.567070929805 525.389930172731 441
899.276252723312 931.052287581699 442
892.750561797753 300.392509363296 443
902.429032258064 440.492626728111 444
906.074112375043 651.522233712513 445
900.131634819533 974.204883227176 446
911.583657587549 747.188715953307 447
899.514392991239 199.546307884856 448
901.791463414634 795.008536585366 449
906.882222222222 131.627777777778 450
923.134988713318 558.842889390519 451
911.146609651802 864.312156383629 452
924.83125599233 1001.63135186961 453
924.299421965318 897.059537572254 454
918.81457891012 53.4083510261854 455
923.59145021645 331.351731601732 456
926.043160690571 102.857901726428 457
926.866840731071 273.412532637076 458
939.592117323556 379.061717079132 459
932.890375707669 814.430777148739 460
936.784673052895 170.997501041233 461
941.798820928519 232.550110537951 462
938.263177998472 606.363636363636 463
930.742723004695 17.5070422535211 464
939.752037752038 694.611754611755 465
946.895473496129 444.704288266825 466
955.195723088075 946.469010511055 467
953.737870619946 75.8187331536388 468
958.912465627864 305.361136571952 469
959.839679358717 774.155310621243 470
959.586956521739 846.300543478261 471
964.38674351585 733.968876080692 472
984.436270125224 494.084302325581 473
962.869166029074 42.6228003060444 474
968.462962962963 118.690917107584 475
973.880212591987 647.107522485691 476
961.681607418856 11.112828438949 477
964.000524934383 892.286614173228 478
975.570637119114 189.4810710988 479
968.379385015158 553.457773928107 480
983.128954607978 998.817400275103 481
994.180369127517 347.984060402685 482
986.967485069675 812.71201061712 483
995.911096029861 276.78656260604 484
996.275311315647 419.416350839199 485
982.585316111489 695.368456832087 486
995.248253185368 607.426222770242 487
1001.81010016694 145.733722871452 488
1000.96823996471 221.251433612704 489
991.091106290672 15.5260303687636 490
1000.55054644809 913.601092896175 491
1000.90171755725 78.2833969465649 492
1003.25316455696 958.198128783709 493
1003.52941176471 877.603174603175 494
1004.53029169783 783.350037397158 495
1003.33021077283 844.149882903981 496
1004.79684418146 739.475345167653 497
1008.06610009443 32.8007554296506 498
1008.86867977528 677.495786516854 499
1006.24621424565 554.8799775659 500
