12.2247474747475 17.229797979798 1
12.4168490153173 55.7943107221007 2
22.450184501845 92.8290282902829 3
22.9037585421412 131.939066059226 4
17.0486153846154 177.953846153846 5
19.6778378378378 229.815675675676 6
14.1372549019608 281.009465855308 7
27.0928980141367 336.278020868394 8
21.566226347733 395.942877543734 9
20.811790552911 477.639692420359 10
28.8588888888889 534.367407407407 11
13.5045296167247 585.83275261324 12
31.3532994923858 626.958375634518 13
21.7783810463968 668.129318854886 14
22.7070207020702 716.06795679568 15
32.5034733708237 765.080714521998 16
31.3582489577129 817.613758189398 17
22.4004674717569 874.427736657577 18
25.6957787481805 930.86499272198 19
26.9316446911867 995.148160999306 20
53.7427867698804 430.359254046446 21
37.15625 45.55625 22
42.0095011876485 12.3527315914489 23
53.9647247461251 214.586317477285 24
46.4599894011659 276.204557498675 25
49.0271411338963 580.50482509047 26
63.2443890274314 956.278054862843 27
54.8051492100644 163.389701579871 28
61.7460964019009 73.9850644942295 29
70.5444660194175 891.254757281553 30
69.1652360515021 114.317596566524 31
69.6211106734935 486.982670342655 32
71.20381613183 659.714657415438 33
82.5483568075117 377.834741784038 34
68.7395577395577 714.022522522523 35
65.5734989648033 34.1469979296066 36
82.8884540117417 843.122113502935 37
79.9785338193601 325.092345078979 38
76.7472808701216 610.222648752399 39
81.4865951742627 540.052278820375 40
92.3613419513697 783.596799015082 41
88.1646390916464 994.740875912409 42
87.5795698924731 11.2118279569892 43
82.9228737453777 277.367670364501 44
91.1584276354973 196.100059559261 45
101.91083370486 238.145341061079 46
96.2358604091456 156.034897713598 47
104.030042918455 582.087676272226 48
105.710460251046 449.429288702929 49
98.9340746624305 43.0127084988086 50
107.012820512821 731.725274725275 51
109.911392405063 927.613502109705 52
103.599331103679 79.7591973244147 53
118.906212900673 675.779184804116 54
113.674802110818 125.588390501319 55
118.866666666667 624.540952380952 56
118.98252512014 499.944517256444 57
128.619131197894 414.451952610794 58
129.667071688943 883.36371000405 59
130.284888521883 831.146573080099 60
130.068585944115 334.087214225233 61
134.044712286159 285.519051321928 62
129.659352142111 552.193312434692 63
127.706338939198 1010.20827943079 64
131.775901765157 979.318495778972 65
132.194180898166 18.112586970272 66
145.017626321974 946.219153936545 67
139.678360268033 190.531730390225 68
141.360320933625 104.172137126185 69
151.538093164998 373.638223770135 70
139.621872766262 62.9985704074339 71
155.050435413643 784.670899854862 72
157.747699757869 144.710411622276 73
149.157249233465 733.706526500219 74
157.939311944337 240.894085813684 75
165.292809839167 588.638599810785 76
168.114680946006 456.360553324409 77
165.212458745875 636.790429042904 78
168.050207277752 690.303546752649 79
160.757900677201 498.400112866817 80
161.668287937743 1004.01848249027 81
167.668785310734 40.0889830508475 82
170.965166130761 541.840836012862 83
175.56149068323 87.0478260869565 84
179.236257309942 886.963742690058 85
180.568849922641 412.182052604435 86
182.324334898279 834.711267605634 87
186.199447077409 332.269352290679 88
185.540429042904 15.766501650165 89
190.11908045977 936.128275862069 90
184.785248041775 974.478459530026 91
190.712239583333 286.9140625 92
196.460890493381 208.434015242679 93
196.924025653675 160.883571780957 94
200.464129483815 734.629046369204 95
206.795351187468 112.395654370894 96
206.835917958979 673.549274637319 97
204.023255813953 1005.7863372093 98
209.333048311244 779.046173578452 99
202.735355648536 499.048640167364 100
211.843247937473 378.960920538428 101
211.057256235828 607.880952380952 102
212.07086197779 61.3220518244315 103
211.312015503876 569.980620155039 104
224.593534482759 253.034482758621 105
217.224043715847 440.265772478887 106
221.616011860638 538.208302446257 107
228.357607282185 640.077373211964 108
231.316033364226 914.738646895273 109
230.622714148219 822.710298363811 110
231.134255129349 870.446030330062 111
219.69454887218 16.781015037594 112
238.611987381703 709.472134595163 113
236.158452570217 978.813990461049 114
239.63268032057 302.580142475512 115
243.495178672717 472.921157118548 116
248.214438274242 354.575822298163 117
238.610855094726 160.671786994368 118
249.438385573207 210.706311721769 119
246.404814004376 511.661560904449 120
247.321088435374 28.5353741496599 121
253.403696498054 412.85359922179 122
258.768292682927 945.080931263858 123
253.564307692308 79.3138461538462 124
252.955988857939 116.944289693593 125
260.910179640719 751.265776140028 126
262.802631578947 1005.41842105263 127
261.758620689655 661.610079575597 128
257.882207067576 566.074395536268 129
261.762904140669 795.862733976177 130
260.620192307692 608.560897435897 131
276.07264573991 854.759641255605 132
279.08254918734 264.939264328486 133
277.046458492003 533.019040365575 134
285.560021152829 54.7546271813855 135
283.155665024631 318.024630541872 136
283.25046728972 453.351401869159 137
279.319606637984 702.961893054702 138
288.855395369157 902.840541721276 139
289.317131001778 16.9395376407825 140
281.746241457859 161.805466970387 141
288.472571050892 492.945803040317 142
295.864185596907 368.658289028516 143
293.787529976019 213.911270983213 144
296.522715671261 956.35528330781 145
291.65096359743 414.456102783726 146
301.759188846641 106.68948035488 147
299.456213017751 581.733727810651 148
306.647880299252 624.192518703242 149
297.375939849624 799.541353383459 150
307.81098546042 666.244480344642 151
310.514906518444 998.688731682668 152
309.268507638073 759.898354876616 153
314.430571108623 717.191489361702 154
314.385278514589 829.920424403183 155
311.982566248257 535.73640167364 156
325.370909090909 150.719545454545 157
323.398915187377 274.567554240631 158
325.253320683112 328.897058823529 159
328.668148971651 872.076709282935 160
324.346872461414 399.531275385865 161
325.745901639344 466.055886736215 162
338.818742768993 75.0960277670652 163
327.26405451448 503.072402044293 164
330.165862484922 226.083835946924 165
333.99297752809 433.716292134831 166
336.501140250855 913.10433295325 167
345.621535520867 25.3249442497611 168
345.442276422764 186.731707317073 169
337.139588100687 572.804919908467 170
336.998025016458 951.980908492429 171
343.981858163826 788.615722924684 172
349.707207207207 674.108608608609 173
352.737045203969 381.446527012128 174
349.750595238095 740.1125 175
351.568166089965 839.092041522491 176
355.335979941496 625.050146259925 177
351.663492063492 1003.85793650794 178
368.41173968524 117.874521480221 179
360.015970515971 534.5042997543 180
361.967463479416 283.268924302789 181
359.013582342954 492.769100169779 182
367.013245033113 964.12582781457 183
369.173745173745 239.703254274683 184
367.45534150613 321.781085814361 185
374.412242348532 703.933791380387 186
380.678175092478 358.109741060419 187
377.937198067633 463.42693236715 188
376.914337788578 426.376063183475 189
387.980449657869 157.444281524927 190
381.439942802669 908.663012392755 191
381.013459621137 572.28963110668 192
385.271648873072 869.854685646501 193
381.926873857404 796.829981718464 194
389.731664726426 197.430151338766 195
390.969634230504 832.944789510007 196
399.595928226363 78.8060731538992 197
388.264245460238 745.293675641828 198
385.758354755784 998.329048843188 199
396.580416032471 508.500253678336 200
398.391184573003 611.351515151515 201
401.825837320574 666.191866028708 202
408.595155709343 31.417741428122 203
406.86576819407 401.090566037736 204
399.701510574018 276.73836858006 205
409.334552102377 951.867001828154 206
417.575342465753 770.022831050228 207
414.478672985782 228.193720379147 208
415.11566951567 321.494017094017 209
428.558957952468 544.668647166362 210
420.791708291708 713.014485514486 211
414.271214642263 1000.46173044925 212
427.372675828618 447.516168148747 213
429.485931558935 131.404182509506 214
424.593658250147 362.320610687023 215
430.364209199748 639.274102079395 216
435.447113358618 913.882848714707 217
437.449873631003 816.09098567818 218
435.048972188634 583.334340991536 219
434.232709873858 866.073075250109 220
441.697544161999 499.60878931495 221
442.368877329866 186.723450368444 222
435.39404934688 276.17198838897 223
455.217650566488 15.2492546213476 224
445.711912943872 994.718213058419 225
450.591655266758 242.201094391245 226
457.888188976378 681.700262467192 227
455.106397774687 310.262865090403 228
457.303017424564 399.318742031449 229
458.413249211356 612.261829652997 230
466.178810408922 85.9579925650558 231
466.233749461903 726.559190701679 232
468.342115027829 776.43599257885 233
473.401652892562 959.27520661157 234
468.394550408719 348.618528610354 235
478.248648648649 45.7081081081081 236
473.836339639243 464.970523537176 237
476.147565543071 641.520599250936 238
475.092964824121 133.255778894472 239
482.981500513875 850.73381294964 240
482.108631826189 574.238990017616 241
480.034712950601 224.744993324433 242
480.753896103896 282.283116883117 243
487.357072205737 540.040553907023 244
485.310701956272 908.965477560414 245
486.442222222222 177.953888888889 246
490.105530474041 1001.76015801354 247
500.039058823529 421.042352941176 248
503.996473551637 506.44080604534 249
497.775798069785 669.074981440238 250
508.354545454545 377.288038277512 251
504.9515625 259.15390625 252
504.945900725042 325.076408254322 253
501.799865681666 607.339825386165 254
519.36576971214 808.381414267835 255
515.982608695652 746.292490118577 256
520.741903827282 699.461236506379 257
524.24211298606 24.1922230374175 258
517.070194986072 120.688579387187 259
514.253333333333 213.2 260
523.971496437055 461.104038004751 261
527.03300076746 931.586722947045 262
525.31670984456 159.647020725389 263
529.646887966805 77.3564315352697 264
528.532492113565 645.958359621451 265
536.774370561653 866.011620400258 266
531.766355140187 295.320872274143 267
533.161493123772 991.629469548134 268
536.007155635063 599.233750745379 269
544.862676056338 549.732834507042 270
536.989456609895 252.814274128143 271
545.176817288802 352.42583497053 272
543.406934306569 191.976277372263 273
551.754325259516 415.552335640138 274
550.348969072165 504.821134020619 275
560.699751861042 771.072787427626 276
553.371373307544 220.02998065764 277
562.942270686337 679.425914047466 278
562.672557172557 118.819646569647 279
572.395659432387 724.55550918197 280
568.065298507463 310.616915422886 281
575.541624365482 899.613705583756 282
570.079061148857 583.686843730698 283
566.711743772242 166.91743772242 284
565.729485396384 640.018776077886 285
573.349585062241 940.504668049792 286
576.884766477521 64.3814927979048 287
576.494628276751 465.263429308122 288
574.107142857143 271.288629737609 289
574.976637654604 985.811268896015 290
581.980322003578 19.765205724508 291
583.390845070423 371.846076458753 292
575.98322851153 240.074423480084 293
587.800310197751 808.002326483133 294
591.528884908195 850.654724585759 295
596.081341719078 520.904821802935 296
595.753338570306 211.703849175177 297
598.539977477477 626.449324324324 298
601.520187244002 329.416617905208 299
595.421985815603 414.983451536643 300
603.647098976109 149.227303754266 301
601.203327171904 183.366913123845 302
601.408063530849 684.340256566891 303
616.222509702458 999.197930142303 304
601.373056994819 113.851221317543 305
605.980853391685 580.943654266958 306
614.154358353511 284.853510895884 307
624.139729555699 763.665808113329 308
619.796788990826 889.07752293578 309
623.1994478951 87.1621808143547 310
613.862629246677 242.871491875923 311
627.659416445623 437.160212201591 312
626.080253826054 948.101530421799 313
627.799714557564 478.748334919125 314
626.113665389527 52.485312899106 315
633.20515633571 547.552934722984 316
634.846824408468 714.730593607306 317
632.078179696616 660.53325554259 318
631.936406995231 388.167461579226 319
637.311695906433 18.8327485380117 320
638.94495412844 347.009829619921 321
642.87486592778 827.785484447622 322
636.142091152815 184.044235924933 323
648.969024264326 623.591120289107 324
646.709701492537 313.185820895522 325
642.524373259053 122.149721448468 326
657.638736263736 213.554945054945 327
657.240159441953 509.114100647733 328
653.023451593506 586.26819001804 329
646.146634615385 247.654647435897 330
658.039805036556 154.376116978067 331
663.264744429882 912.917431192661 332
661.060816012317 284.381062355658 333
673.227859368046 868.720071206052 334
672.075277663513 1000.36692719046 335
666.045945945946 65.8033783783784 336
682.274178403756 786.141158059468 337
671.635483870968 376.639247311828 338
676.362300587741 676.430730478589 339
672.581102362205 438.656299212598 340
676.118611378978 97.2545805207329 341
682.517921146953 959.900089605735 342
689.382146132681 731.145521247325 343
685.282578875171 552.643804298125 344
679.79025293029 21.3411474398519 345
684.520182787509 175.501142421935 346
681.582341269841 128.55753968254 347
684.119313304721 259.305579399142 348
687.650280024891 329.778469197262 349
697.086456558773 492.10860306644 350
694.207495429616 231.257769652651 351
700.410563029397 603.260587942202 352
703.681558441558 644.993766233766 353
708.011155378486 834.68406374502 354
706.533190578158 397.447537473233 355
704.798941798942 199.960317460317 356
702.397435897436 294.755656108597 357
705.824262295082 61.0373770491803 358
721.214028776978 938.369154676259 359
720.219064276345 893.307826847398 360
711.33480565371 139.41519434629 361
719.052095808383 351.905389221557 362
707.941240478781 100.473340587595 363
720.217858812529 444.035998129967 364
719.65027700831 18.0810249307479 365
729.689105858171 527.638232271326 366
734.443033745406 992.305379218176 367
728.535339398181 267.664800559832 368
731.950759559979 574.112100576218 369
739.222571628232 689.041229909154 370
729.114134542706 171.612244897959 371
728.471760797342 226.563122923588 372
749.57771469127 781.943931866572 373
739.519463087248 308.375838926174 374
751.139160839161 738.062587412587 375
745.448863636364 39.4553571428571 376
732.387779083431 101.184488836663 377
750.464700625559 484.01563896336 378
746.762795275591 637.262303149606 379
755.449575871819 825.384542884072 380
749.86 71.2383333333333 381
748.620131815458 386.660874775315 382
745.137897782064 136.043394406943 383
759.227335480902 871.16014726185 384
758.749185667752 195.727035830619 385
763.072447859495 422.57848518112 386
758.646351931331 238.016309012876 387
763.56712672522 341.223964868256 388
770.648635477583 594.768031189084 389
769.848518111965 930.726308086352 390
774.395394736842 15.6967105263158 391
760.064551422319 104.210065645514 392
770.366594360087 541.207700650759 393
772.44014084507 153.942253521127 394
770.425942962282 269.184912603496 395
786.418050941307 449.328349944629 396
783.647217720151 1002.48244192328 397
778.710749646393 304.654172560113 398
788.082381238725 370.408899579074 399
788.166960611405 56.7013521457966 400
788.647058823529 645.629842180775 401
803.746465138957 969.659678205753 402
800.015373614587 700.478727207723 403
800.083370288248 504.883813747228 404
794.90395480226 213.530367231638 405
786.924528301887 106.817610062893 406
795.155555555556 250.618888888889 407
809.091237579043 812.216199939777 408
807.746195982958 177.260499087036 409
802.515850144092 872.290242898312 410
816.829039812646 750.965456674473 411
811.394305019305 555.108590733591 412
811.920838971583 140.14749661705 413
818.20471281296 392.161512027491 414
812.168762409001 287.204500330907 415
823.221318493151 336.377568493151 416
817.725227381522 602.824796553375 417
820.775357385977 96.0524166099387 418
820.758997429306 461.964652956298 419
820.748605947955 928.119423791822 420
826.740223463687 20.2183426443203 421
830.793878527021 663.736967957915 422
822.357751277683 239.713798977853 423
828.988795518207 61.531512605042 424
838.453436807095 424.636917960089 425
840.466321243523 1004.66781807714 426
842.285338938518 884.026799789806 427
847.785562632696 195.005095541401 428
850.380099502488 488.176119402985 429
851.265231333028 127.507558405863 430
851.914432989691 300.25206185567 431
859.648637316562 530.955555555556 432
859.276070763501 632.867783985102 433
863.16275862069 837.737931034483 434
852.523386619301 251.231497927768 435
859.664703217037 576.931128228364 436
869.698788391096 780.954916877994 437
861.659610983982 974.352974828375 438
870.276992651215 708.174674957603 439
865.971063509959 371.897406989853 440
867.898656898657 940.85409035409 441
867.372124492558 68.1249436175011 442
876.318928788801 902.488131466829 443
877.014662756598 437.608504398827 444
885.533359043579 149.300038565368 445
886.150549867273 23.2290481607888 446
888.543468568881 218.35265269728 447
895.354851485149 323.012673267327 448
892.907476635514 270.9 449
899.781532416503 655.38467583497 450
900.00654396728 478.193865030675 451
901.114896988906 594.447702060222 452
901.28936921041 999.351565946184 453
910.586779448622 88.5501253132832 454
911.265478424015 411.02392120075 455
916.111252789289 748.147912017851 456
909.522228474958 889.435565559932 457
913.170605612999 530.680576070901 458
912.801279122887 844.645043398812 459
924.301311891663 178.577232331782 460
918.953645364536 369.895589558956 461
914.862068965517 939.309865900383 462
937.911887580706 813.874667679453 463
939.324324324324 693.455466830467 464
944.376527212144 134.403184005924 465
935.693956279468 224.508786969567 466
938.585180493984 969.37238758708 467
941.906590084643 30.4434703748489 468
938.718567536006 284.857921370183 469
948.882105263158 568.133684210526 470
946.860385144429 628.665749656121 471
949.979266938171 434.275823768974 472
952.234079776067 491.800209937019 473
952.903882397286 341.903882397286 474
958.391711229947 773.204991087344 475
951.605314009662 880.89806763285 476
954.35255570118 1000.66382699869 477
962.567817509248 921.563501849568 478
976.567301782422 85.4769514443762 479
972.370537958773 247.976370035194 480
990.57023255814 398.519689922481 481
991.743342957972 733.43792107796 482
986.780670354702 184.277904328018 483
978.00073046019 956.72534696859 484
995.149584487535 537.409695290859 485
991.176198486123 840.052565180824 486
994.219696969697 675.209595959596 487
994.374025974026 294.624860853432 488
996.639187942172 609.849277145494 489
985.097421203438 1009.63323782235 490
998.58431372549 464.356209150327 491
997.1075 33.370625 492
1000.39600363306 792.686648501362 493
999.785150078989 131.304107424961 494
998.086687306502 879.594427244582 495
999.690346083789 346.304189435337 496
1005.79977116705 232.486270022883 497
1005.4071082391 993.936995153473 498
1003.54129190515 915.71381847915 499
1008.22792607803 954.493839835729 500
