9.23584905660377 47.6650943396226 1
12.521805661821 108.749808722265 2
21.5972073039742 167.343000358038 3
38.0774028919762 237.449390416785 4
5.40201005025126 263.494137353434 5
17.5795006570302 314.80223390276 6
16.0495185694635 379.881705639615 7
31.8537943158512 439.985057134486 8
20.3115727002967 491.063303659743 9
12.9577464788732 546.255399061033 10
6.5521327014218 586.535545023697 11
38.0658049353702 623.861633372503 12
37.0358018636587 659.445316331535 13
12.147406733394 707.8271155596 14
43.4593323930418 765.347907851434 15
20.4421906693712 781.016227180527 16
30.3548387096774 823.530599939705 17
52.3564317005177 867.321585025886 18
8.56835306781485 934.745963401507 19
24.3511343804538 989.107504363002 20
32.741653418124 23.6136724960254 21
28.810773480663 727.211325966851 22
40.0761363636364 681.961363636364 23
21.3329297820823 922.441888619855 24
31.7381404174573 279.719165085389 25
40.6251673360107 575.302989736725 26
26.0949074074074 45.0509259259259 27
40.4668389319552 75.0473729543497 28
57.3361872146119 520.015125570776 29
42.5893393393393 337.978228228228 30
50.5290771175727 111.660556257901 31
38.97341211226 918.02658788774 32
63.4657434402332 380.544096209913 33
56.1870078740157 952.928149606299 34
58.9446922390723 20.0767172167707 35
75.1896625373772 682.715933361811 36
59.1291611185087 159.242343541944 37
65.7056562328391 742.226249313564 38
65.6388405797101 996.39652173913 39
58.5783783783784 930.681081081081 40
70.4990079365079 58.0347222222222 41
84.9685230024213 912.310411622276 42
81.6223977027997 224.94615936827 43
79.1179691388751 334.638128422101 44
92.0722563053851 452.419904567144 45
99.8925138362948 85.8537722108943 46
87.5554387808723 280.417761429322 47
112.565145684442 392.437053326003 48
97.6906371645155 592.515468141774 49
102.796170212766 493.877872340426 50
84.0125 21.3225 51
103.72976949485 155.707209416381 52
90.7207267833109 729.78734858681 53
132.557738961669 780.198689956332 54
126.18366129994 814.098389982111 55
117.123602892834 946.37573964497 56
84.7916666666667 979.729166666667 57
119.481069815908 320.327196943383 58
103.588732394366 7.01971830985916 59
135.231503579952 826.381861575179 60
95.5393103448276 997.384827586207 61
136.399425287356 838.043103448276 62
117.508024893547 870.256796593515 63
136.057553956835 551.317346123102 64
113.412914188615 34.2030586236194 65
102.98814229249 695.221343873518 66
110.74649859944 715.336134453781 67
144.742131616595 506.342632331903 68
127.769911504425 994.101769911504 69
145.756904069767 193.43023255814 70
131.552513464991 239.711849192101 71
146.409962871287 421.817141089109 72
167.028309741882 662.665695253955 73
160.244180287271 611.595096582467 74
135.165575304022 274.833489242282 75
139.949166666667 16.8375 76
144.42137489563 720.561369329251 77
167.963653483992 74.346516007533 78
169.412848370335 141.665328294757 79
181.591595662277 919.812742060418 80
154.930648769575 327.701901565996 81
157.84375 876.9375 82
169.501701507049 997.200291686923 83
175.756756756757 277.451233842538 84
185.245733788396 460.751535836177 85
177.76582278481 847.529535864979 86
183.565955383123 216.609117361785 87
183.544857768053 19.8189277899344 88
193.591376451078 561.524378109453 89
188.802279026794 336.503233754235 90
196.776140350877 800.623859649123 91
200.051789794364 254.182025894897 92
202.773211567732 406.103196347032 93
197.971214738054 513.716753022453 94
223.993862815884 757.448014440433 95
206.591707134852 982.024654463952 96
213.24602626123 729.639253628196 97
208.602417302799 703.528625954198 98
220.727241497767 189.599106836139 99
225.496209510682 858.768090971744 100
236.647421524664 105.150597907324 101
243.021901211556 494.191519105312 102
240.858076563959 346.39651416122 103
243.962423312883 35.0207055214724 104
230.64797008547 295.023504273504 105
237.711845730028 620.314600550964 106
233.569760653824 671.769410391127 107
226.586894586895 12.7464387464387 108
246.477823772915 527.298048492017 109
230.94900605013 251.922212618842 110
241.571428571429 463.293471234648 111
253.165858389913 392.411736178467 112
246.360425531915 804.63829787234 113
254.234422052351 915.868195506138 114
247.64553794829 1009.03169307756 115
245.240647118301 436.193124368049 116
252.012668918919 562.185388513514 117
239.81981981982 700.477477477477 118
262.601686340641 979.596627318718 119
251.178571428571 193.569841269841 120
277.10773480663 230.397790055249 121
282.159432048682 259.985395537525 122
261.108212560386 720.875362318841 123
285.440082039262 185.181365367712 124
291.831467860569 297.468500159898 125
279.497562956946 860.590576766856 126
278.850707850708 421.774131274131 127
278.145184135977 677.929178470255 128
284.555341674687 46.7261790182868 129
275.59437751004 699.305220883534 130
295.22385022385 616.061457061457 131
307.991241241241 342.253503503504 132
316.159615384615 650.447115384615 133
282.368125701459 803.618406285073 134
289.242735042735 105.541025641026 135
302.089303238469 561.027477919529 136
303.689959294437 745.11736770692 137
286.033243486074 723.725067385445 138
301.997390980246 482.096533730898 139
312.993810786914 949.917771883289 140
322.863930885529 124.235061195104 141
305.179833012203 431.076429030186 142
376.621682523786 13.0588382573861 143
313.840883136658 981.963456414161 144
323.205696202532 761.677215189873 145
315.564628214037 913.891591382905 146
324.077543424318 787.791563275434 147
321.011572856391 64.5397159389795 148
310.428015564202 841.105058365759 149
339.29660178159 367.340151765094 150
332.441960038059 162.57564224548 151
320.798571428571 705.995 152
352.316217908579 508.203819661866 153
323.998412698413 832.24126984127 154
356.108303249097 1000.3088648215 155
342.16902800659 212.695222405272 156
349.372206025267 410.081146744412 157
341.020751542344 457.870443073472 158
359.331527936146 259.298745724059 159
371.742287086643 568.191575835951 160
372.47002829946 854.534087985593 161
345.20867768595 824.520661157025 162
346.339097744361 698.340601503759 163
355.523389232127 53.090026478376 164
357.987991266376 914.42903930131 165
365.461635220126 752.930817610063 166
386.014532744665 633.550036791759 167
406.781482187083 306.558392074681 168
377.119565217391 950.08768115942 169
370.492647058824 144.547794117647 170
393.42987904544 793.983000980713 171
371.586845466156 701.787356321839 172
405.969401947149 115.140194714882 173
386.38862353452 454.461571862788 174
389.014098690836 171.575025176234 175
381.855819339896 59.183555298205 176
397.990642142627 367.194578896418 177
401.109195402299 965.890804597701 178
406.164611590629 262.320591861899 179
394.412020275163 410.341781317886 180
394.804207119741 982.755663430421 181
397.256393001346 211.586810228802 182
386.527536231884 915.646376811594 183
407.019859813084 890.936331775701 184
413.05401459854 750.685644768856 185
405.416571428571 47.8051428571429 186
415.264175940647 522.211446740858 187
412.586538461538 717.834615384615 188
415.684931506849 1007.18656229615 189
423.013235294118 176.069117647059 190
434.167597765363 705.147346368715 191
433.833333333333 650.280600461894 192
427.819642857143 920.400892857143 193
428.184761904762 946.489523809524 194
422.989802855201 456.162474507138 195
450.372602739726 880.202739726027 196
443.744542974079 838.896657571623 197
453.007006523315 227.184585648707 198
437.586560364465 412.613895216401 199
441.171548117155 52.1589958158996 200
440.541583499667 982.348636061211 201
467.57551750575 591.641451571684 202
454.524 362.2696 203
463.087081339713 686.677033492823 204
453.335823993358 492.968866749689 205
455.046042003231 787.874394184168 206
465.910796766744 100.271651270208 207
482.670075680098 159.020044998977 208
484.419447092469 554.483317445186 209
492.281212699928 323.682024349487 210
465.586092715232 442.848344370861 211
481.905158603012 743.172701057353 212
468.832923832924 923.168918918919 213
470.034642032333 964.662817551963 214
501.151115618661 1009.94421906694 215
495.122546552592 271.961499748364 216
496.922106590981 387.900977609587 217
493.27746417716 515.420755536257 218
496.022645393721 648.817807514153 219
494.721975582686 30.5760266370699 220
490.783300198807 807.901921802518 221
495.779220779221 985.268398268398 222
500.946002805049 475.631837307153 223
505.1108 847.732 224
499.558531746032 909.72619047619 225
503.126404494382 434.036516853933 226
516.219715956558 90.8329156223893 227
501.567783094099 939.822966507177 228
531.712555322618 197.157465641742 229
513.487562189055 972.064676616915 230
529.48392652124 909.776693455798 231
522.63248564397 734.197703035275 232
534.97596457938 869.969006957622 233
526.971004243282 800.275106082037 234
544.528960223308 962.044312630844 235
545.928279883382 703.078134110787 236
530.246540880503 604.557232704403 237
541.705747126437 55.8063218390805 238
550.140115163148 235.971689059501 239
529.274401473297 580.243093922652 240
524.293759512938 554.727549467275 241
538.586943963027 519.326978625072 242
544.057471264368 770.037617554859 243
560.50745301361 675.126377187298 244
543.740208230045 125.314823996034 245
544.07674796748 451.736260162602 246
542.499482936918 629.729058945191 247
566.220390611002 337.072925998925 248
550.497752808989 647.948314606742 249
567.695060164661 409.693476884104 250
560.984455958549 23.9192573402418 251
568.566069906223 278.638959931799 252
548.725880551302 564.173047473201 253
570.599388379205 816.882262996942 254
557.575433911883 600.895861148198 255
578.515073765234 486.309172546504 256
559.62 898.489411764706 257
572.179104477612 780.999253731343 258
582.653915553952 996.005413208228 259
579.570736955352 737.807423345885 260
564.242178447277 855.803012746234 261
568.517027863777 514.795665634675 262
574.504743833017 549.548387096774 263
577.541329011345 245.820097244733 264
593.954325867369 155.283706631533 265
577.308426073132 654.47853736089 266
567.119760479042 121.022754491018 267
585.316485225505 102.766718506998 268
581.004739336493 573.518957345972 269
589.634735202492 67.7110591900312 270
581.061387900356 898.135231316726 271
605.684512927657 925.228258030817 272
599.791872597474 190.157605711148 273
601.803724207348 595.227981882235 274
602.259596616786 385.576447625244 275
594.5 635.810490693739 276
597.439814814815 699.923611111111 277
602.945004198153 857.786733837112 278
606.505552617663 509.956636700159 279
615.770444763271 455.070659971306 280
608.984375 22.275390625 281
605.05954825462 222.149897330595 282
607.271173271173 262.440559440559 283
611.035386631717 770.775229357798 284
629.549506526584 543.520216491563 285
615.168929110106 127.549019607843 286
648.936170212766 794.610212765957 287
623.57729606389 819.67769537935 288
639.575656677765 302.750277469478 289
632.614367562803 349.01145879242 290
616.285572139303 68.9960199004975 291
630.76937101185 102.323609845032 292
627.961496941346 643.884490824037 293
643.087565674256 748.528896672504 294
626.002828854314 1000.62517680339 295
637.245686113394 420.626951520131 296
634.847011144883 708.201114488348 297
650.699544764795 956.056904400607 298
631.832012678288 243.610142630745 299
643.009334889148 922.544924154026 300
638.506912442396 390.348387096774 301
633.803084223013 212.143534994069 302
639.747867298578 136.836966824645 303
655.240760869565 258.982608695652 304
643.969960474308 65.6466403162055 305
646.192922374429 14.2397260273973 306
674.292621400042 834.628967836872 307
681.359422315397 991.874446773818 308
656.087671232877 772.887671232877 309
655.680486061472 170.739814152966 310
674.669436749769 588.346722068329 311
664.348733233979 626.632389468455 312
663.791787160208 210.928860613071 313
668.868297271872 30.5456255879586 314
689.091523134076 491.547112462006 315
670.795278795279 438.661375661376 316
677.889033095393 689.179104477612 317
663.482910694598 725.662624035281 318
670.312893742125 537.144057118858 319
686.87323943662 882.238156209987 320
671.437725631769 94.5270758122744 321
688.323691460055 661.538567493113 322
675.847122302158 370.018585131894 323
673.229273285568 61.0317297850563 324
679.459297343616 153.299057412168 325
691.535267633817 118.712856428214 326
688.110250569476 326.930751708428 327
684.84438933664 935.088654680719 328
699.926140477915 402.983345401883 329
698.371090448014 12.3508030431107 330
694.910469314079 290.28880866426 331
698.625087842586 746.787772312017 332
709.240150093809 460.507191994997 333
704.875141884222 206.648127128263 334
705.35056542811 248.189553042542 335
707.374697336562 48.8559322033898 336
705.056987788331 171.937584803256 337
717.054390563565 634.840104849279 338
710.316155988858 902.611420612813 339
713.429279279279 539.188288288288 340
708.61355529132 372.291319857313 341
718.69386038688 709.365012615643 342
741.845005149331 75.0208547888774 343
723.595996360328 595.999545040946 344
720.193201133144 937.682719546742 345
722.80103626943 152.611398963731 346
731.174189814815 298.978587962963 347
733.880826271186 429.702330508475 348
749.550622876557 815.799546998868 349
735.544776119403 673.421641791045 350
760.458845208845 768.425675675676 351
740.530728918533 867.504525964745 352
739.403539208883 363.087092297016 353
744.981181390486 133.80658651333 354
731.001862197393 182.240223463687 355
765.194722281336 991.929346669504 356
775.90408570005 20.9083208769307 357
745.614246575342 265.334794520548 358
769.990626541687 736.394671928959 359
749.950047125353 504.223374175306 360
754.902278177458 572.249400479616 361
745.785971223022 901.748201438849 362
757.952054794521 199.370319634703 363
753.525 533.818 364
755.453713123093 941.075788402848 365
761.697549019608 460.407352941176 366
782.644935972061 701.448777648428 367
763.818657367044 245.687009590235 368
776.067466753163 625.846578008433 369
784.575733544806 411.800158604282 370
781.770425388251 348.484132343011 371
765.095367847411 906.430517711172 372
775.839601769911 127.139933628319 373
802.224003664682 312.895098488319 374
797.257628596338 861.493461203139 375
778.312811980033 892.9384359401 376
776.704402515723 503.232704402516 377
793.896470588235 148.644705882353 378
782.655518394649 248.18143812709 379
784.432525951557 533.212802768166 380
790.600119904077 576.229616306954 381
797.290836653386 174.501992031873 382
819.422515308526 658.491992463495 383
808.200820966214 86.3593305967793 384
804.579912663755 933.086462882096 385
803.716460513796 460.388201712655 386
810.017163504968 896.646793134598 387
800.217741935484 253.604838709677 388
805.98 500.599090909091 389
828.262926664414 203.164920581277 390
820.343996291145 391.225776541493 391
815.128823529412 799.382352941176 392
805.627777777778 542.584444444444 393
825.979761286975 836.40321743643 394
840.023463687151 127.313966480447 395
827.596218020022 253.271412680756 396
834.69328358209 49.0018656716418 397
831.134120171674 299.033261802575 398
826.841200146359 987.885839736553 399
841.211413748379 785.248378728924 400
834.658921161826 159.181742738589 401
844.479792746114 594.640069084629 402
856.753357493072 742.72671072266 403
830.268817204301 518.855327468231 404
843.006539833532 550.680142687277 405
853.2976011994 343.734257871064 406
840.182001343183 472.068502350571 407
857.105338078292 447.229893238434 408
859.095509992214 918.305995328316 409
864.028150572831 283.136497545008 410
868.287605737404 856.153365207797 411
885.76616337592 19.5756871854433 412
863.072134387352 389.369565217391 413
890.297346200241 702.284077201448 414
875.481874447392 491.685234305924 415
862.571041948579 519.75101488498 416
883.08407079646 425.875474083439 417
869.8245 655.3895 418
870.126016260163 994.869918699187 419
883.978766204738 165.865668305767 420
869.927125506073 73.9517850570482 421
884.168562564633 807.273526370217 422
892.385785123967 252.505785123967 423
889.917438921651 604.987363100253 424
901.529461279461 631.442760942761 425
891.193628981886 571.520924422236 426
903.067270375162 980.192755498059 427
884.812013348165 524.392658509455 428
908.347866419295 927.55241187384 429
906.076129666012 464.903241650295 430
913.814996926859 340.291333743085 431
900.901495162709 384.080914687775 432
913.095814977974 864.063876651982 433
914.726419878296 83.4031440162272 434
927.576964867802 201.302064469395 435
918.089973439575 782.561088977424 436
920.860748476936 516.660139251523 437
909.189705882353 659.883823529412 438
912.752721617418 411.863141524106 439
935.964434180139 549.859584295612 440
945.912095175149 146.145406477198 441
928.031088082902 608.575129533679 442
934.123456790123 237.765432098765 443
921.141868512111 270.289504036909 444
934.860555555556 686.58 445
956.639694656489 298.481297709924 446
943.87323943662 19.4202635165834 447
931.285714285714 414.024144869215 448
946.068577026696 975.614988978692 449
972.845033969589 724.421546425105 450
949.349272349272 757.83367983368 451
953.874086956522 882.113043478261 452
955.10724985021 438.28340323547 453
951.629370629371 384.508741258741 454
956.461077844311 483.426860564585 455
973.799422799423 576.128787878788 456
949.225333333333 649.916 457
975.049264705882 834.713970588235 458
951.166112956811 362.626799557032 459
952.488562091503 258.228758169935 460
949.066666666667 626.411111111111 461
963.741618969746 110.112019623876 462
955.484810126582 804.056962025316 463
956.735272184937 68.8240119313945 464
966.983570646221 605.921139101862 465
970.274541101357 402.391061452514 466
982.571174377224 326.640569395018 467
985.398326664241 922.835576573299 468
970.765957446809 677.167659574468 469
974.150285351934 188.28027901078 470
977.511801242236 770.971428571429 471
983.337040205304 360.311377245509 472
977.701444622793 217.892455858748 473
972.44203821656 53.3273885350318 474
971.295620437956 648.532846715328 475
985.435114503817 801.75572519084 476
979.801418439716 629.281914893617 477
999.596123292024 532.72322847156 478
980.185935637664 254.992848629321 479
997.078065910319 982.843868179363 480
996.725490196078 473.573271413829 481
998.182459677419 37.9448924731183 482
1001.02181818182 144.408311688312 483
1001.33525179856 227.928057553957 484
1002.73401688782 429.521109770808 485
997.027932960894 110.08938547486 486
1005.59434506636 687.126947489902 487
1004.50512820513 629.352307692308 488
1003.64741035857 96.0697211155378 489
1006.55179934569 874.547982551799 490
1007.73620689655 384.037931034483 491
994.792792792793 271.102102102102 492
1004.20133729569 772.50074294205 493
1008.35022624434 195.028054298643 494
1008.13378684807 246.201814058957 495
1010.40566037736 277.814858490566 496
1014.59509202454 77.2719836400818 497
1012.84175084175 328.175084175084 498
1017.7572815534 779.370873786408 499
