25.1356297093649 14.9095801937567 1
11.3145363408521 34.219298245614 2
13.1645683453237 73.3884892086331 3
34.6146435452794 101.845857418112 4
26.238961038961 130.125974025974 5
13.1889367816092 174.397988505747 6
19.8214285714286 230.882729211087 7
18.1850558659218 273.742318435754 8
13.8168724279835 320.822016460905 9
29.5409470752089 350.355431754875 10
11.9483568075117 395.432707355243 11
28.2793017456359 452.23036159601 12
18.7995652173913 516.277826086957 13
19.4750679963735 575.930643699003 14
15.9186813186813 636.404395604396 15
14.1588845654994 696.707522697795 16
31.3000536768653 736.11486849168 17
21.1166242578456 784.431297709924 18
21.7123585726719 839.382071366406 19
31.0067873303167 888.510935143288 20
24.4255650818394 938.706547155105 21
21.9172707889126 993.496375266525 22
38.2207678883072 306.716404886562 23
50.6408898305085 200.285487288136 24
50.202581369248 663.18911335578 25
44.4312714776632 160.983676975945 26
45.9421885753613 62.0123881624226 27
41.1794019933555 392.132225913621 28
56.3859896567936 618.758345086977 29
61.4914572864322 505.192629815745 30
53.3052475979305 703.552106430155 31
65.0176848874598 759.41050375134 32
56.1111111111111 21.5075075075075 33
62.5067761806982 568.063244353183 34
67.2572240644244 244.204168640455 35
64.7213900539245 286.145596165368 36
69.3758357211079 834.620343839542 37
72.977153736316 411.623988576868 38
66.1332547169811 991.144261006289 39
76.1269841269841 797.84126984127 40
74.1676528599606 933.05641025641 41
80.9546666666667 361.741777777778 42
77.4634146341463 148.675193337299 43
83.5173761946134 876.920503909644 44
88.1198952879581 318.884816753927 45
84.8238199780461 70.2892425905598 46
89.8738508682329 108.098059244127 47
96.4834390415786 448.557787174066 48
86.4968847352025 688.98753894081 49
92.2625336927224 25.8059299191375 50
97.8062137967351 185.074776197999 51
100.787352328006 715.505211952745 52
104.286226318484 656.741935483871 53
107.918558558559 555.85981981982 54
110.169687814703 225.433534743202 55
106.689526184539 611.952202826268 56
114.645161290323 495.772820864791 57
118.14609375 275.111328125 58
114.88986784141 738.959471365639 59
115.424372320882 768.380894060012 60
110.30906274206 988.629357087529 61
118.59911308204 928.530820399113 62
127.444910807975 393.459601259182 63
125.90305635148 132.31041069723 64
125.19469983775 808.037317468902 65
133.935499283325 844.498327759197 66
130.192536047498 332.930449533503 67
131.694968553459 882.317610062893 68
136.17342226783 19.2939969214982 69
137.84529564894 66.4008925251023 70
143.250119789171 174.339722089123 71
148.370825147348 684.89931237721 72
158.040531982267 529.581697276757 73
158.427764040975 587.76192158248 74
154.987212276215 1001.80869565217 75
154.833333333333 641.032509157509 76
157.375771354336 449.940240337772 77
151.6515973478 725.570825798674 78
161.857028434121 953.097717260713 79
156.253836582331 229.254666113646 80
165.822265625 109.38046875 81
164.430555555556 784.177867383513 82
172.8399712953 282.939720129171 83
171.715557439593 905.596439169139 84
170.690454950937 340.813559322034 85
177.069051580699 396.502079866888 86
187.825570189528 31.6874397687119 87
189.435834502104 832.520687237027 88
183.136054421769 741.166975881262 89
184.337939698492 180.113484087102 90
197.11342506508 483.005950167348 91
204.561830574489 878.595910418695 92
203.519122048553 986.107748586631 93
203.706951385734 682.517492049069 94
208.127227517613 88.3099875673436 95
206.232085561497 608.513903743315 96
212.505046257359 139.992430613961 97
207.390060240964 238.880647590361 98
202.0112640801 643.765331664581 99
212.185400516796 722.054909560724 100
213.359662195728 320.009935419771 101
214.03893442623 365.938012295082 102
215.572159298502 529.422725611984 103
223.072091062395 575.612984822934 104
218.620530565167 427.360630526721 105
216.784621420165 779.029815613966 106
228.645063801209 924.602753525856 107
234.233399602386 192.968986083499 108
239.559486952676 287 109
238.084107579462 21.1075794621027 110
246.611586901763 62.3672544080605 111
244.826700898588 863.986735130509 112
250.650752688172 813.498064516129 113
248.334038054968 469.690486257928 114
253.483736447039 1000.63552960801 115
251.619072988812 379.901438465637 116
246.096956521739 648.094782608696 117
246.439073514602 728.130412890232 118
265.748034591195 953.214229559748 119
262.724678456592 249.302250803859 120
257.54250764526 103.784097859327 121
262.133745835317 147.01903855307 122
265.322141560799 332.381578947368 123
271.261130136986 551.966609589041 124
275.808401200171 509.006000857265 125
273.490174672489 703.78056768559 126
273.093691148776 415.393596986817 127
278.483240223464 597.948523543496 128
275.068350668648 776.098068350669 129
284.529032258064 201.006451612903 130
298.338704148097 907.534453205348 131
282.125636672326 651.937747594793 132
285.004813477738 19.4675090252708 133
287.89549071618 865.354907161804 134
295.932392996109 458.802529182879 135
299.304562268804 750.186806411837 136
292.397318278052 57.7466478475653 137
303.395796223726 299.503028143926 138
300.025944726452 829.503666102651 139
303.382411460406 364.851571826502 140
293.210344827586 102.608965517241 141
306.331690140845 985.260563380282 142
309.678602620087 157.763755458515 143
309.60985915493 691.227464788732 144
313.844848986347 244.116673562267 145
324.895724713243 800.498957247132 146
321.671782178218 420.114851485149 147
325.456272084806 610.845406360424 148
324.854961832061 729.46079111728 149
326.078145695364 504.831346578366 150
318.854058078928 654.935219657483 151
327.769202087994 555.564131245339 152
326.688679245283 79.4410377358491 153
330.232643118149 117.828258221681 154
328.903225806452 44.1323407775021 155
341.453689167975 939.230376766091 156
330.982269503546 13.1108156028369 157
345.535467442706 195.33684976355 158
344.512863770561 851.429354702657 159
350.175257731959 998.562528014343 160
351.33048676345 348.810418445773 161
345.606094182825 462.620498614958 162
354.262052505967 394.123627684964 163
354.111504424779 780.059587020649 164
355.22097209721 303.540054005401 165
356.49844789357 254.516629711752 166
361.064063185608 895.720052654673 167
354.283775048481 698.834518422754 168
353.811320754717 659.386118598383 169
362.29263687854 741.752674638137 170
368.4861003861 136.573359073359 171
375.579090909091 586.493181818182 172
366.720384846663 29.9699338544799 173
369.299345182413 80.3868101028999 174
377.099884526559 626.315242494226 175
377.506741050674 542.835890283589 176
376.709296353364 492.389316897792 177
383.237734165923 435.051739518287 178
386.565868263473 965.099800399202 179
388.532672112019 806.662777129522 180
389.22697563874 843.401069518717 181
392.290445374952 196.189189189189 182
393.161244695898 705.342998585573 183
399.604490500864 321.620034542314 184
398.995305164319 17.1987480438185 185
397.520467836257 660.263157894737 186
406.85766758494 928.396694214876 187
405.695925925926 379.604074074074 188
397.118198037467 259.541034790366 189
398.841911764706 769.775735294118 190
404.541010320478 1003.24823465508 191
407.521787093216 881.109211252068 192
410.492553191489 57.7936170212766 193
408.972592012529 734.714956930305 194
413.854647887324 522.296901408451 195
418.984732824427 144.885496183206 196
420.253616200579 101.386210221794 197
420.479921645446 474.804603330069 198
425.514655172414 607.446120689655 199
431.345610278373 423.169164882227 200
426.424157303371 684.219803370787 201
438.427675585284 563.508779264214 202
436.541463414634 236.518048780488 203
436.79889669007 285.825476429288 204
441.122950819672 342.875323554789 205
436.026360067302 843.629837352776 206
436.083858764187 803.779949558638 207
442.80157946693 970.454096742349 208
439.733428030303 190.132575757576 209
435.234166666667 764.5775 210
436.061954624782 15.3673647469459 211
451.096774193548 645.817036290323 212
448.981651376147 899.150866462793 213
447.569129480614 726.599122165326 214
456.003469210755 34.4327840416305 215
454.556200145033 71.2835387962292 216
458.543310657596 513.175056689342 217
460.654394299287 1003.61163895487 218
468.62265917603 937.888108614232 219
467.369198312236 459.86835443038 220
460.79453125 690.0546875 221
480.183454373224 399.573729081149 222
470.520721925134 104.444518716578 223
475.556585365854 863.198048780488 224
478.766600594648 136.484638255699 225
468.900371747212 767.468401486989 226
482.030192131747 183.501829826167 227
477.52783109405 289.656909788868 228
482.978509373571 606.700502972108 229
478.137073452863 812.593406593407 230
483.160294795025 348.327959465684 231
481.929487179487 236.177655677656 232
487.056506849315 16.8296232876712 233
490.125550660793 561.683259911894 234
489.595469255663 52.7233009708738 235
483.9896 728.8976 236
491.611013986014 683.267482517483 237
499.894607843137 645.498774509804 238
510.880415944541 909.032495667244 239
506.304597701149 509.808429118774 240
510.213541666667 999.308159722222 241
507.718134034166 84.6090670170828 242
515.617647058824 954.763327205882 243
502.279967819791 776.443282381336 244
514.084175084175 317.639169472503 245
514.49144421629 450.94045174538 246
511.480263157895 712.160087719298 247
517.817191283293 823.10593220339 248
519.644927536232 152.437198067633 249
524.393129770992 252.581788440567 250
519.399449035813 746.597796143251 251
521.620724346076 864.155432595573 252
530.251240414975 209.626973387461 253
532.391606080634 369.691011235955 254
520.509641873278 17.2056932966024 255
531.15435745938 289.689069423929 256
525.800909090909 676.898181818182 257
537.382854100106 593.880191693291 258
539.540158371041 52.9473981900452 259
542.161924469736 98.296947749612 260
543.389551624846 552.452900041135 261
543.545890410959 625.853424657534 262
539.010101010101 789.143434343434 263
559.729575680811 434.838822039265 264
552.537168141593 655.104424778761 265
541.06739345887 715.383548067393 266
559.244399185336 174.420570264766 267
562.482075471698 499.943710691824 268
556.877092300335 966.645145863223 269
553.112068965517 753.672413793103 270
559.180267965895 899.546894031669 271
565.524153248195 130.506940588562 272
558.203659506762 15.7239459029435 273
564.424913194444 837.177083333333 274
574.164634146341 1003.37804878049 275
560.709071949948 686.867570385819 276
577.747637795276 326.117322834646 277
565.95547309833 283.39084724799 278
578.331177231565 236.489435101337 279
580.587006960557 381.617556071152 280
577.904948939513 715.628436763551 281
585.990518962076 789.61127744511 282
587.333333333333 36.8556851311953 283
594.306649168854 943.798775153106 284
592.72027972028 87.8531468531469 285
593.783053622595 588.256651657798 286
592.195025438101 631.948558507631 287
584.806902985075 750.417910447761 288
601.570193495266 195.519967064636 289
602.650018096272 539.372059355773 290
592.682857142857 674.627142857143 291
598.381120646138 890.28672387683 292
610.048355132778 462.133571145462 293
608.772025431426 138.227974568574 294
608.776297657327 274.183279742765 295
610.288179465056 831.332182916307 296
619.556036177743 414.398348407393 297
624.528280542986 349.355957767722 298
617.894902454374 740.705475141599 299
627.324503311258 19.091059602649 300
629.267980295567 703.533990147783 301
624.375063613232 999.099236641221 302
636.213446168312 493.903620122238 303
632.330606352262 64.4331087584216 304
631.600914808462 658.186963979417 305
632.166144200627 957.754858934169 306
640.086039645719 774.146351750316 307
630.493606138107 879.282608695652 308
646.950359465936 231.034234851078 309
645.706024096386 169.524096385542 310
646.012351124835 292.438906043229 311
641.629812438302 616.194965449161 312
650.645742358079 919.71615720524 313
650.50867823765 569.856697819315 314
654.835987261146 112.068869426752 315
662.798917944094 525.180342651037 316
655.384717314488 824.553003533569 317
663.514594162335 399.692522990804 318
667.370815899582 331.766736401674 319
674.464337700146 455.64192139738 320
665.377008652658 875.593325092707 321
668.831946755408 1006.32029950083 322
676.250414593698 678.405887230514 323
679.875723658819 727.943265148591 324
668.846917080085 965.396172927002 325
673.769587628866 22.1876288659794 326
678.554536187564 68.4357798165138 327
692.422988505747 196.606130268199 328
690.189762796504 265.907615480649 329
690.524831391784 361.496627835684 330
684.563776918829 628.337382661513 331
687.191352345906 778.937902483901 332
697.098798915149 145.782254939946 333
692.918819188192 588.246002460025 334
692.325939617991 926.632778804683 335
696.772577455504 853.560975609756 336
695.374866879659 984.217252396166 337
711.518656716418 497.521641791045 338
711.598417868776 305.964169381107 339
710.534635879219 550.910301953819 340
711.917910447761 818.098507462687 341
712.699881376038 887.475682087782 342
717.03715937242 97.4554087530966 343
724.858158995816 229.852719665272 344
716.383218842002 398.868989205103 345
719.616519174041 46.8259587020649 346
723.668273444347 440.580631025416 347
719.312632696391 654.239384288747 348
718.226067746686 958.800441826215 349
713.867827868852 1005.9262295082 350
723.311851851852 13.6918518518519 351
728.268932038835 726.832524271845 352
730.214579659024 354.043503821282 353
742.045054375971 684.544277576385 354
733.288310412574 604.485265225933 355
735.130535055351 772.273062730627 356
736.860541969597 917.914077990747 357
749.262784090909 162.715909090909 358
750.692721055203 850.064973131412 359
758.506640625 266.21640625 360
746.592814371258 984.433133732535 361
754.184708249497 534.376659959759 362
754.719512195122 316.726935312831 363
745.001647446458 1010.42833607908 364
763.526403326403 114.8 365
765.122959738847 470.85745375408 366
759.471708090957 60.9978847170809 367
757.920446096654 947.913011152416 368
768.862235915493 208.016725352113 369
771.32772073922 809.166735112936 370
768.317601332593 886.961687951138 371
771.839443155452 375.605568445476 372
769.877635197067 637.518790100825 373
772.11198156682 419.436405529954 374
774.345790184602 587.476812246736 375
776.411735454997 19.7637991049229 376
772.483779169038 714.258964143426 377
784.87561964849 762.136097341145 378
776.97721822542 1007.29616306954 379
781.11426040744 973.576616474756 380
792.954070981211 919.783402922756 381
792.122306348282 337.158415841584 382
795.469863616366 512.505059392873 383
802.294808126411 671.574717832957 384
804.876470588235 296.887330316742 385
798.59083728278 70.4965771458662 386
808.283777677361 242.668775417985 387
809.28367528992 564.082069580732 388
806.929832113646 854.540249677142 389
811.729860106126 155.650747708635 390
811.038824181919 195.112590127565 391
810.654576856649 115.248128957974 392
810.468244084682 721.917185554172 393
814.054072553046 966.105407255305 394
811.267750213858 1003.62788708298 395
823.703774304232 625.901639344262 396
815.381818181818 416.494291754757 397
828.43663434903 469.024584487535 398
830.836936090226 814.048872180451 399
828.348927038627 23.3124463519313 400
831.110775047259 355.696786389414 401
832.056531284303 778.849615806806 402
835.599504950495 891.954455445545 403
836.626340882002 935.3063170441 404
842.385398981324 274.352574985852 405
846.351030605871 744.12991880075 406
843.405606407323 696.961670480549 407
844.730620985011 521.012419700214 408
838.07306763285 70.5537439613527 409
852.759267734554 577.50114416476 410
849.911725067385 1003.1064690027 411
848.874647887324 115.068309859155 412
859.67144432194 234.068908489526 413
858.701043841336 407.226722338205 414
856.561920349154 195.52591380251 415
868.131556319862 306.585984522786 416
861.970754716981 850.376886792453 417
870.379482523831 665.351793009532 418
865.702250130822 965.952380952381 419
864.1875 153.475694444444 420
873.104621635348 619.358049771458 421
885.673327895595 447.623164763458 422
873.419760855884 63.0736312146004 423
879.842906875544 910.604003481288 424
881.474441687345 19.3116625310174 425
880.895064288677 358.551223558689 426
891.203831417625 493.045210727969 427
883.471743010113 726.77751338489 428
887.876861966236 544.200595829196 429
885.562586605081 773.454965357968 430
882.687804878049 106.873170731707 431
894.262336354481 817.381168177241 432
896.239 261.774 433
899.156886967264 1004.82211241507 434
899.821674311927 172.407110091743 435
902.281469898358 701.041438623925 436
905.424163179916 864.873430962343 437
910.063862138875 584.096300050684 438
910.688613861386 218.381188118812 439
913.917111202298 401.276569552729 440
915.062106588334 324.625262274444 441
910.645177411294 966.72263868066 442
911.187378009109 122.070266753416 443
912.498854524628 632.179266895762 444
910.834012813046 59.2772277227723 445
922.452356557377 920.743340163934 446
925.312005751258 678.967649173257 447
937.602675585284 747.848160535117 448
938.555697823303 21.7025181391379 449
935.760981912145 536.285529715762 450
930.703823720026 779.879455605962 451
937.337172104926 85.8368522072937 452
936.806524694155 273.751699139103 453
940.390243902439 717.846798780488 454
942.116520351157 442.705506783719 455
940.100070972321 143.182398864443 456
938.221828490432 183.570517363572 457
950.50590086546 372.561369000787 458
942.512627619559 877.927458355723 459
937.768452380952 821.028571428571 460
948.744186046512 491.537375415282 461
947.185344827586 640.759236453202 462
952.138386308068 1000.44205378973 463
955.271975180972 945.186659772492 464
954.063308687616 587.828558225508 465
959.702788006313 219.447659126775 466
962.640195208518 320.656166814552 467
965.225784447476 114.105047748977 468
970.681348559 61.1555193039695 469
964.04347826087 676.833201581028 470
972.027713625866 837.938799076212 471
972.917236662107 167.461012311901 472
977.062104657849 261.192639447959 473
973.625534514356 790.411117898595 474
983.483666061706 892.496370235935 475
993.219678714859 408.109236947791 476
979.153908794788 706.78338762215 477
988.282738095238 968.319642857143 478
988.052164840897 543.64997391758 479
994.485872235872 613.715601965602 480
985.372262773723 748.679440389294 481
990.432328767123 449.969315068493 482
995.77063055438 23.1735082522218 483
992.474713418746 644.8024275118 484
997.748701298701 511.062987012987 485
999.977719528178 356.317605941459 486
1002.38 297.265365853659 487
1000.97838899804 578.11132940406 488
1003.00886426593 927.606648199446 489
1002.20303867403 193.281767955801 490
1003.66034482759 478.435344827586 491
1002.91945876289 1000.19072164948 492
999.566365007541 117.382352941176 493
1005.14266396214 77.5280594996619 494
1004.98272884283 151.718480138169 495
1004.59124087591 235.475779694758 496
1005.64792731403 849.295286768881 497
1006.22942643392 676.840399002494 498
1008.97050691244 722.857142857143 499
1007.67341430499 789.417004048583 500
