18.3284241531664 17.6877761413844 1
33.373129950132 61.7398063948372 2
10.0105263157895 124.943421052632 3
21.3973196689003 191.282223098147 4
37.5892498997192 250.72623345367 5
62.1531554003492 292.906460463956 6
20.4144975288303 371.77528830313 7
3.73655913978495 419.483870967742 8
28.960769800148 433.458179126573 9
24.5773480662983 462.561694290976 10
13.8813341885824 501.996151379089 11
27.8472059398202 554.132082844861 12
22.2773722627737 607.531694199001 13
23.4643495208706 718.446646093877 14
2.50662251655629 867.748344370861 15
12.5117328519856 930.988267148014 16
24.2242672119973 972.150647580095 17
16.0509615384615 1003.325 18
38.5815972222222 742.981770833333 19
19.9747501315097 870.54971067859 20
31.4129692832764 413.660409556314 21
47.1898545318911 815.883998508019 22
45.496583143508 771.24715261959 23
54.9389865563599 364.031368493623 24
38.3404448479346 126.02905129369 25
42.865561694291 932.790055248619 26
78.9179157744468 651.467523197716 27
70.937819025522 612.179582366589 28
42.7114427860697 510.831674958541 29
54.2930298719772 1004.41109530583 30
76.5258557902404 346.14420975965 31
82.000355366027 843.050461975835 32
74.2967602591793 877.898920086393 33
50.9236276849642 461.005966587112 34
75.1606978879706 19.4146005509642 35
58.5610711952972 185.898758981058 36
57.467680608365 579.24144486692 37
75.569703622393 905.188803512624 38
69.8586206896552 515.950862068966 39
88.3547973319651 125.413801949718 40
86.863829787234 715.966382978723 41
90.1896226415094 332.491509433962 42
72.0955943474647 460.072319201995 43
94.3399251737039 972.491715660075 44
81.7611683848797 495.80412371134 45
78.4997202014549 67.141018466704 46
100.955831608006 399.54209799862 47
86.5642673521851 940.41323907455 48
78.9173693086003 571.579258010118 49
94.9295352323838 1003.56596701649 50
103.231912397341 748.859601095033 51
86.337689133425 185.797799174691 52
122.838814453918 561.885708485587 53
97.8386411889597 456.875442321302 54
95.2317073170732 908.104878048781 55
130.562048698573 794.403190596138 56
105.569155446756 226.812729498164 57
128.302635969303 503.694361027694 58
121.424948240166 328.446169772257 59
122.053680132817 279.947980077476 60
119.016955995155 72.4408558740412 61
132.082592419279 667.831539541413 62
120.935452322738 182.954034229829 63
127.021207764198 899.551761322789 64
129.29938786867 16.2181413466889 65
144.211836734694 400.467755102041 66
138.867623604466 250.529505582137 67
126.334932821497 458.857965451056 68
153.225101626016 223.530487804878 69
149.656389301634 936.408989598811 70
146.60905511811 998.623228346457 71
162.750881057269 162.605726872247 72
151.922641509434 43.1081761006289 73
155.812639821029 437.421700223714 74
165.483643122677 94.8546468401487 75
181.657028550646 843.908528823422 76
174.189444444444 614.942222222222 77
166.026231017027 268.48826507133 78
168.293244626407 333.28889457523 79
205.835265893643 711.712914834066 80
192.001151277918 757.141146672807 81
184.698684613032 677.628938513307 82
181.785924834193 477.208916728077 83
186.055262427104 545.178006109414 84
180.454946439824 977.16509136736 85
199.390514184397 134.225177304965 86
182.914642153644 43.8680236375574 87
186.790055248619 932.438831886346 88
206.772249474422 18.6019621583742 89
223.129551451187 886.84617414248 90
201.507198683669 430.146441793501 91
221.962486602358 384.841371918542 92
214.638120333773 353.115502854633 93
216.831533477322 260.71562275018 94
234.219213973799 1013.40087336245 95
236.588381742739 217.300414937759 96
217.867600254615 989.059197963081 97
241.4884593191 178.147143681477 98
223.196319018405 497.220420683611 99
210.472913616398 47.8169838945827 100
220.54525862069 405.724137931034 101
244.045423728814 74.6128813559322 102
237.457414319647 314.633864947404 103
206.295918367347 958.683673469388 104
248.39060832444 117.721718249733 105
225.947916666667 557.24609375 106
226.688098495212 624.590287277702 107
227.377367654201 936.73773676542 108
243.638923917612 820.242959226566 109
251.820133010883 770.792321644498 110
259.529304029304 26.5637973137973 111
249.400862068966 583.195812807882 112
250.145120081758 421.748083801737 113
258.561016475845 694.496230103323 114
275.665506439262 464.740341106857 115
257.848375451264 982.473525872443 116
282.947106409459 538.076540136901 117
268.019313304721 500.536480686695 118
274.953853706431 643.245459008346 119
284.965105312795 379.799748506759 120
272.336457357076 847.788191190253 121
286.258333333333 927.841666666667 122
286.281697612732 964.430769230769 123
282.586034912718 259.875311720698 124
279.427945472249 888.222005842259 125
286.391597510373 591.730290456432 126
292.080195599022 335.545721271394 127
297.994117647059 723.914479638009 128
307.221988427144 299.007890583903 129
289.860724233983 816.143918291551 130
303.88996763754 186.271382339344 131
306.023795705165 1004.39756239118 132
319.067384063541 439.302075326672 133
306.659119496855 783.912578616352 134
328.43101018011 102.504933437745 135
329.30179972312 753.947392708814 136
307.925790754258 623.891727493917 137
310.954451345756 845.636645962733 138
319.018150684932 22.7458904109589 139
313.45677331518 659.559564329476 140
314.835306781485 869.224973089343 141
338.422365988909 247.861367837338 142
332.192961876833 694.422287390029 143
354.379396984925 41.2473079684135 144
323.441471571906 814.891861761427 145
331.419219606579 576.907771686553 146
340.790206648697 895.864330637916 147
348.823430019713 494.747395099972 148
332.731030873888 937.115122972266 149
357.30146568954 157.719187208528 150
340.044357976654 972.122178988327 151
343.218932256617 319.891879766712 152
342.437545388526 376.141249092229 153
350.990346394094 623.354911981829 154
356.279796048438 995.088591459528 155
368.566666666667 533.785632183908 156
370.633813790417 661.324113751461 157
346.470449172577 804.992907801418 158
362.315789473684 863.372932330827 159
359.929157345265 729.24235645041 160
383.678391959799 840.025963149079 161
365.1286966046 203.065169769989 162
384.012098895318 564.68963703314 163
366.769794721408 821.322580645161 164
374.814335490294 445.06968641115 165
381.938840858149 301.380403458213 166
379.741183162685 371.660409556314 167
390.679000632511 791.087919038583 168
387.747013651877 924.069112627986 169
391.829627207325 708.646827992152 170
407.89373054691 382.42774566474 171
392.286124401914 612.788038277512 172
398.566929133858 1017.05774278215 173
396.169624217119 993.984342379958 174
391.647244094488 53.3643044619423 175
405.363636363636 880.263877715205 176
402.667567567568 121.073745173745 177
416.315576781778 946.263409257899 178
397.888717751251 210.87139006546 179
408.318181818182 416.06955922865 180
401.16476841306 500.343963553531 181
413.086560364465 266.094912680334 182
414.444120505345 10.5092322643343 183
427.942967617206 86.8337361043983 184
427.654854508787 730.568424085278 185
413.837600585223 459.174835405999 186
420.766896551724 569.874482758621 187
434.375065754866 237.036822724882 188
422.540672782875 529.696636085627 189
412.552845528455 592.90243902439 190
436.699917898194 147.764367816092 191
420.664772727273 30.2585227272727 192
413.700991609458 317.678108314264 193
439.233849439402 633.683128670582 194
419.088607594937 46.8322784810127 195
444.121254846669 854.686640817765 196
446.213535589265 769.471411901984 197
453.967479674797 789.518107908352 198
441.867493472585 192.756527415144 199
447.752586206897 481.60775862069 200
432.285245901639 52.9868852459016 201
460.354925775978 818.843454790823 202
440.930211202938 586.460055096419 203
439.107456140351 1000.56725146199 204
440.192936215076 318.690564048498 205
453.334190966266 416.485706117782 206
458.354545454545 969.710303030303 207
445.598526703499 26.7127071823204 208
446.871052631579 274.501315789474 209
480.887445887446 656.597630439736 210
458.505551443375 61.9481865284974 211
462.71259324265 552.524791575252 212
470.839648982848 897.492620662146 213
474.553065260382 349.144693473962 214
457.361757105943 6.66666666666667 215
482.290016731735 945.318460680424 216
471.549612403101 225.007751937984 217
477.060763888889 168.95775462963 218
485.028101439342 108.428032899246 219
471.459512195122 724.324390243902 220
478.249663526245 495.044414535666 221
474.834538878843 32.9041591320072 222
472.251682368775 1004.65679676985 223
481.779393173198 266.909608091024 224
485.962917933131 301.573860182371 225
484.671116504854 757.404126213592 226
503.780141843972 445.901254773595 227
504.907953529937 203.515192135836 228
494.55832037325 917.760497667185 229
493.230654761905 12.0491071428571 230
508.278536800353 409.659762009696 231
485.51871657754 556.149732620321 232
510.871870397644 585.570692194404 233
511.780124223602 1013.55155279503 234
520.413953488372 69.0307692307692 235
514.659709044908 837.701771030993 236
503.623248145095 988.931574608409 237
497.764705882353 510.598930481283 238
505.596569250318 785.728081321474 239
516.743002544529 472.594571670908 240
518.5201416556 133.153165117309 241
515.917091836735 678.336734693878 242
520.002826855124 542.228975265018 243
515.114200595829 35.1350546176763 244
521.77712305026 343.176776429809 245
501.864516129032 553.503225806452 246
515.929441949968 256.371391917896 247
523.353775552774 746.158114309554 248
537.663796637966 877.760967609676 249
521.152586206897 913.706896551724 250
522.297994269341 966.375358166189 251
534.710691823899 392.428571428571 252
513.5 506.5 253
532.983501374885 13.4170485792851 254
538.425170068027 943.178571428571 255
545.565677966102 140.191207627119 256
539.224532224532 280.67428967429 257
557.805625174046 625.409078251183 258
545.384881708021 218.757068667051 259
538.827370812039 506.82793867121 260
546.785113268608 983.368932038835 261
555.505478967833 684.324142806645 262
556.560100166945 797.09265442404 263
557.186216037111 174.131212723658 264
555.333557498319 371.325487558843 265
556.773153575615 436.44021101993 266
563.595984943538 247.978670012547 267
572.742759146341 308.509908536585 268
566.549222797927 748.697409326425 269
567.184721099434 559.592158447858 270
573.606466876972 920.913643533123 271
568.371512481645 40.6167400881057 272
567.184552289815 68.7518796992481 273
569.355625491739 989.595594020456 274
594.275582901554 714.75420984456 275
582.650582362729 14.8247365501941 276
578.457027300303 498.464442197506 277
580.384791571232 830.358680714613 278
579.85936151855 216.154443485764 279
584.579966329966 265.170033670034 280
595.741176470588 86.2731457800512 281
597.98367029549 1006.19362363919 282
601.990781387182 348.162423178227 283
597.105263157895 146.193567251462 284
580.142061281337 383.343546889508 285
600.505336617406 892.746305418719 286
580.955097087379 439.405339805825 287
606.647471391657 622.69176818014 288
599.7424 206.604 289
598.016627078385 560.685669041964 290
592.201051248357 970.315374507227 291
612.276616915423 768.803482587065 292
605.698318496538 400.418397626113 293
596.370689655172 433.137931034483 294
610.54203539823 442.33407079646 295
610.070175438596 39.4927536231884 296
631.783755274262 868.537974683544 297
615.989719626168 480.984112149533 298
623.051452282158 838.272199170125 299
615.295929592959 279.470847084708 300
628.834358047016 966.938155515371 301
632.74034334764 459.112660944206 302
638.45649031512 661.557386527898 303
621.654652137469 810.349538977368 304
625.730429292929 106.669823232323 305
627.15817130846 579.983709931687 306
646.111672794118 534.354319852941 307
629.760628465804 381.489833641405 308
652.049598832969 495.966447848286 309
629.001253132832 200.576023391813 310
639.667364016736 298.085774058577 311
650.782290523235 915.247713135748 312
638.310913705584 1009.16624365482 313
648.33751651255 241.892998678996 314
642.894105894106 339.121878121878 315
656.890978886756 432.903646833013 316
659.793091996015 716.515775489871 317
656.990886495443 26.6445733222867 318
644.443742098609 75.0101137800253 319
656.196923076923 125.725714285714 320
656.256608639587 768.496776273372 321
662.563535911602 394.447513812155 322
670.843210802701 323.835708927232 323
668.375656742557 362.350262697023 324
677.047315436242 568.188926174497 325
675.461420541645 614.544200306592 326
678.42036836403 285.238894907909 327
673.173003802281 191.669201520913 328
665.85598377282 817.679513184584 329
665.640483383686 844.290785498489 330
692.695971624018 948.398530529516 331
683.100360036004 1001.13906390639 332
677.854152128402 65.261688764829 333
686.474415204678 686.642543859649 334
682.225087924971 802.161781946073 335
697.663113994439 258.852177942539 336
703.571881942241 883.224373214852 337
691.900884955752 131.246017699115 338
691.314769975787 647.694915254237 339
702.27471940139 389.719935863175 340
718.971365638767 510.174889867841 341
688.323699421965 829.248554913295 342
712.89605734767 463.29247311828 343
714.100677637948 425.756050338819 344
714.524553571429 322.206473214286 345
709.489130434783 59.1992753623188 346
715.38632093198 790.511837655017 347
701.229338842975 834.570247933884 348
709.877306273063 224.803505535055 349
718.38234295416 721.739898132428 350
712.033573141487 660.857314148681 351
713.575736806032 603.186429061001 352
718.933333333333 191.129545454545 353
723.708609271523 97.2362030905077 354
750.034507042253 33.8955399061033 355
723.92050209205 836.585774058577 356
733.1961414791 345.478295819936 357
741.58282674772 153.702127659574 358
726.29945945946 129.787027027027 359
752.099499868386 565.217162411161 360
740.76903158985 1002.97255308131 361
742.85039893617 619.276595744681 362
751.412263535551 185.934768427919 363
760.518604651163 749.343023255814 364
752.877507919747 941.129250263992 365
740.424104891578 242.513867876954 366
737.739877300613 651.307975460123 367
755.617803184973 378.184565128624 368
749.758765778401 677.403927068724 369
748.107566089335 862.011394712853 370
757.512947658402 433.71955922865 371
750.640056022409 697.148459383753 372
748.004109589041 105.584931506849 373
758.788343558282 472.653374233129 374
778.531303602058 286.949399656947 375
771.759512937595 784.740233384069 376
779.151443724219 253.233942251031 377
776.009032943677 657.209883103082 378
779.360597439545 814.443100995733 379
767.434628975265 132.690812720848 380
778.492460146489 343.08272296424 381
766.726086956522 102.997101449275 382
772.786240786241 709.514742014742 383
779.239250275634 88.7144432194046 384
782.819610307982 213.478944060339 385
777.755555555556 854.100317460317 386
779.370569280344 999.728249194415 387
786.318215613383 163.43717472119 388
783.928648648649 528.042162162162 389
797.393410852713 318.072674418605 390
806.861431251675 618.106137764674 391
807.451612903226 8.42143600416233 392
821.415172413793 902.951172413793 393
799.724247226624 409.424326465927 394
814.32982171799 508.723662884927 395
800.679775280899 968.469662921348 396
789.692214111922 565.672749391728 397
798.950434782609 30.9921739130435 398
810.063748810657 132.537583254044 399
811.041366906475 862.815347721822 400
813.766138165345 472.53114382786 401
804.006986027944 88.5568862275449 402
816.525737817433 436.287577213452 403
804.805325185509 707.587952859014 404
808.652307692308 65.34 405
830.501521606817 186.066342057212 406
857.159025328631 965.554344341135 407
827.478396668402 1007.80062467465 408
819.451253481894 757.308635097493 409
817.609496124031 233.751937984496 410
810.209022556391 567.436090225564 411
808.809352517986 538.615107913669 412
829.375693393848 821.392334846193 413
841.193620593173 786.52714045887 414
825.429726996967 347.006572295248 415
834.867625899281 665.778896882494 416
829.596774193548 50.0927419354839 417
824.861557478368 275.133498145859 418
839.268168604651 307.029796511628 419
840.860595597756 555.269313767803 420
836.240121580547 248.369300911854 421
833.123096446701 80.8832487309645 422
853.677065280185 361.86308492201 423
854.071061243572 25.6549789621318 424
851.003320053121 109.879150066401 425
861.075921908894 390.184381778742 426
870.898190847818 744.703795672224 427
875.594571428571 702.701714285714 428
865.247950819672 457.842725409836 429
861.356146179402 418.719601328904 430
848.419908466819 484.175057208238 431
861.063179916318 857.42050209205 432
876.919158023185 596.33038438072 433
875.454142947502 638.785578747628 434
877.408661417323 155.644094488189 435
855.467605633803 230.769953051643 436
858.009237875289 274.175519630485 437
870.677966101695 662.151483050847 438
864.131034482759 71.7405172413793 439
877.080794701987 123.668874172185 440
877.889182058047 519.184696569921 441
883.004240882103 301.02417302799 442
883.005668016194 543.019433198381 443
894.263727121464 504.737104825291 444
896.398612425102 814.680542415642 445
882.520480854853 229.011130899377 446
893.414137675796 886.19170984456 447
894.276732673267 357.856930693069 448
902.791666666667 28.8767076502732 449
891.627537511033 87.8367166813769 450
923.348603957712 196.934399566278 451
903.323325635104 416.305773672055 452
912.114351851852 479.131944444444 453
915.811388817315 936.947178562226 454
921.42802091935 761.702174511423 455
913.849790544584 563.035308198683 456
912.383852691218 108.025495750708 457
920.64649122807 66.2008771929825 458
930.131753554502 257.48672985782 459
920.037763253449 652.096586782861 460
937.088544710695 299.605786090006 461
969.562666666667 1003.58186666667 462
928.936114732725 143.671447196871 463
956.625798212005 449.952745849298 464
928.801337153773 867.530085959885 465
961.575237820698 364.201354857308 466
941.988416988417 609.925096525096 467
975.042831947594 420.140085663895 468
939.071284465366 538.517821116342 469
939.084905660377 86.2948113207547 470
942.891679748823 954.824699110413 471
941.568271507498 832.136543014996 472
959.268859897901 13.4736245036869 473
977.235294117647 702.833508403361 474
954.324082363474 591.067144136079 475
961.605188679245 120.317452830189 476
973.83389576303 473.732658417698 477
957.653818181818 49.6436363636364 478
960.551041666667 648.886458333333 479
982.192884548308 207.429019881409 480
965.510638297872 518.839834515366 481
961.524890829694 895.544978165939 482
963.115416323166 775.308326463314 483
964.290255701451 850.537664132688 484
974.514885496183 953.391984732824 485
975.294194390085 571.264840182648 486
997.562056234024 118.596989491622 487
998.167424931756 830.668789808917 488
986.120242214533 53.6340830449827 489
999.955201698514 290.306794055202 490
998.973059360731 883.686301369863 491
1001.2541648868 633.443827424178 492
1000.03823720026 754.691510045366 493
1004.6672489083 790.372052401747 494
1003.63291139241 516.335443037975 495
1007.2264 582.0816 496
1007.8520661157 24.0735537190083 497
1009.1253101737 947.279156327543 498
1011.13086770982 67.8293029871977 499
