18.4755067567568 16.4206081081081 1
15.790461297889 55.7224394057858 2
14.017094017094 103.415695415695 3
17.4488859764089 151.827653997379 4
26.533183352081 189.913385826772 5
19.8863753213368 234.46529562982 6
20.413683733575 287.360670593566 7
27.1819026960025 347.570498915401 8
28.8678821178821 414.56018981019 9
51.4209344115004 470.60781671159 10
20.6934487021014 523.41131025958 11
26.8826097501819 614.978171234538 12
27.8378378378378 690.964409954509 13
14.9400516795866 771.190180878553 14
17.8312796208531 836.477251184834 15
29.1669172932331 891.497744360902 16
20.8087209302326 935.85523255814 17
21.3595505617978 972.640449438202 18
14.005148005148 1007.00514800515 19
44.2966408268734 740.120930232558 20
58.1925754060325 560.409512761021 21
43.8458528951487 85.1525821596244 22
48.1265646731572 124.166898470097 23
55.2380952380952 811.452380952381 24
41.8562933597621 998.254707631318 25
47.5235235235235 39.2182182182182 26
54.9642857142857 779.909523809524 27
62.3886812600107 250.430859583556 28
65.5471100554236 305.440617577197 29
60.7171314741036 849.623221400114 30
59.516577540107 12.7636363636364 31
63.5234771573604 206.741116751269 32
65.2094886013555 158.182994454713 33
79.8530767145568 646.366223908918 34
67.1735213474344 940.191147669409 35
66.4989837398374 61.0691056910569 36
81.1069069069069 368.068168168168 37
67.5515342250197 998.986624704957 38
86.1938823529412 881.616470588235 39
87.6519337016575 736.360220994475 40
87.2681764004768 104.048867699642 41
95.6970817920263 697.240443896424 42
101.188430311231 530.372462787551 43
104.183090205418 414.114617445668 44
114.373748609566 593.043103448276 45
94.0158075601375 22.8123711340206 46
99.1085230280572 277.278983589201 47
96.5826039387309 989.830962800875 48
101.173198482933 180.76801517067 49
93.4790382244143 779.543156596794 50
93.4435028248588 64.9274952919021 51
105.110115236876 138.682458386684 52
102.114844227245 223.799633475871 53
103.957739038563 832.533016376123 54
112.477021524142 906.341477603258 55
118.004628290425 475.260919872722 56
128.313641552511 333.317636986301 57
117.496081977095 942.383363471971 58
126.025096525097 795.6138996139 59
122.170977011494 66.7054597701149 60
136.165075034106 973.826739427012 61
138.397147147147 1007.21996996997 62
132.728054020872 19.1927562922038 63
139.257533145842 744.2804339092 64
143.59520295203 686.267896678967 65
141.732371794872 103.628205128205 66
153.331499710481 631.790677475391 67
143.128347183749 851.54432132964 68
135.849270664506 273.703943814155 69
139.685049019608 226.944240196078 70
144.532039976484 186.203409758965 71
144.087391594396 144.901267511674 72
152.050240880936 538.10874053682 73
153.850535036244 419.735933724543 74
156.348837209302 897.593798449612 75
158.458517699115 57.9275442477876 76
178.89127196902 369.566577301162 77
161.756972111554 793.474672737621 78
165.846747519294 941.954796030871 79
172.408069692801 291.764786795048 80
178.291560102302 486.353900255754 81
179.205422314911 239.766423357664 82
182.679197994987 20.3889724310777 83
196.097638248848 560.701900921659 84
184.463955637708 823.616142945163 85
182.231842231842 995.400192400192 86
180.84891598916 162.055555555556 87
186.373188405797 118.420807453416 88
190.598621420997 869.716861081654 89
189.742981415579 745.67734282325 90
196.253490870032 200.822234156821 91
193.835726210351 691.341903171953 92
205.712121212121 329.238413547237 93
202.47005601034 73.1206376561827 94
201.834704830054 436.279427549195 95
209.336322869955 617.688490284006 96
208.877024291498 915.942307692308 97
205.990297542044 955.980595084088 98
214.978926241846 787.097340692423 99
217.243296921549 279.376365441907 100
230.740911891559 503.748613678373 101
225.940725600409 833.923352069494 102
221.14527027027 157.411599099099 103
228.255328218244 30.9130434782609 104
233.520286396181 1009.94988066826 105
241.223620522749 660.974185221039 106
230.280197575213 235.24427480916 107
232.305071315372 984.541996830428 108
233.951688555347 110.113508442777 109
241.230155715913 418.706798328902 110
238.945829338447 881.29242569511 111
243.305829228243 368.837027914614 112
249.472657610589 719.996865203762 113
252.607612781955 763.846334586466 114
249.114090431125 181.657202944269 115
254.502616189597 576.553708833487 116
249.012048192771 310.97074010327 117
254.561849710983 956.858959537572 118
270.26707530648 476.065674255692 119
269.789146644573 922.452361226181 120
271.029691211401 75.5910530482977 121
273.999155048585 805.448669201521 122
267.892575039494 24.0421274354924 123
276.284845413077 275.794728839331 124
276.464682363394 849.517992003554 125
273.868148914168 127.552740434333 126
283.715896279594 529.119879744457 127
277.509566326531 337.339923469388 128
280.123203285421 199.941136208077 129
291.58141025641 619.427884615385 130
276.377533294731 238.126809496236 131
289.280405405405 442.23704954955 132
294.979396834876 683.436249626754 133
290.499327505044 991.725285810356 134
291.565414214577 396.061566319602 135
296.713235294118 158.126838235294 136
305.710212919524 886.452905088416 137
310.92865395725 757.876660889659 138
308.942889137738 306.013997760358 139
311.376845835794 355.848198464265 140
317.88573680063 566.666666666667 141
307.65105653912 23.1033695031411 142
318.116959064327 63.2502923976608 143
318.865924491772 111.279767666989 144
331.75987654321 942.542592592593 145
317.228237015362 211.865398683248 146
322.922192749779 489.380636604775 147
331.227104136947 818.536091298145 148
325.955291454443 246.960950764007 149
326.715744680851 177.155744680851 150
328.152684563758 435.912192393736 151
343.854368932039 717.291931704051 152
340.895614353026 635.736136281261 153
345.913525498891 278.273281596452 154
344.634523371366 994.998527788002 155
353.505002174859 526.156154849935 156
348.462359217546 399.308832246592 157
349.266041816871 154.206200432588 158
347.179946284691 13.8281110116383 159
352.946259220232 320.691780821918 160
352.481246393537 362.881130986728 161
357.086088379705 889.721440261866 162
369.785043216836 674.543404735062 163
362.010951979781 581.791069924179 164
359.393371757925 93.5597982708934 165
359.430454845089 199.688200395517 166
352.554228855721 60.4587064676617 167
368.645143787303 470.002712967987 168
368.523952095808 29.5768463073852 169
368.508160237389 130.988130563798 170
377.948514851485 233.479702970297 171
382.357702349869 797.791122715405 172
387.546727336367 850.985649282464 173
374.703592814371 431.510179640719 174
390.616766467066 747.946706586826 175
395.640575079872 945.949840255591 176
393.940571428571 499.28 177
384.378269617706 57.2203219315895 178
394.122117400419 174.812368972746 179
394.951444118878 280.788614483047 180
400.397888753553 607.888753552578 181
395.746696035242 997.845374449339 182
400.477747144545 335.154391492714 183
400.60081799591 386.20981595092 184
405.582938388626 548.642826367945 185
396.257234726688 113.430868167203 186
406.887213114754 15.8937704918033 187
412.291576673866 655.314470842333 188
409.879932829555 81.0512174643157 189
425.131605184447 904.9222333001 190
429.259515570934 705.484429065744 191
418.141989724428 442.041569360112 192
425.675918979745 139.600150037509 193
419.588282504013 49.1027287319422 194
427.579608938547 202.030726256983 195
423.331584470094 239.262854144806 196
429.411436541144 508.548814504881 197
431.825358851675 801.681419457735 198
441.498523829608 303.516237874315 199
442.395280235988 584.198904340497 200
447.266923500275 474.372041827188 201
445.269216757741 857.887067395264 202
436.759362549801 110.22390438247 203
441.524353120244 164.795281582953 204
442.953367875648 989.650999259808 205
448.11677852349 406.18389261745 206
456.636266094421 356.389484978541 207
462.072623934323 751.868013893274 208
464.096594081519 14.3277498604132 209
461.998500749625 256.251874062969 210
455.85708136031 649.100301334481 211
459.101871101871 83.1011781011781 212
463.648377862595 525.134064885496 213
459.073834196891 48.5174870466321 214
472.807199723088 943.304257528557 215
462.940570522979 195.298732171157 216
486.696472518458 457.22477440525 217
485.411444141689 604.765667574932 218
476.296742525658 807.542614904061 219
482.357664233577 142.867285998673 220
490.001426533524 557.942938659059 221
485.418633540373 698.638095238095 222
494.774953959484 898.227992633517 223
484.778510217535 108.861568885959 224
488.872077922078 219.997402597403 225
487.335129310345 298.179418103448 226
493.296484375 995.641796875 227
493.352216748768 176.040229885057 228
493.350885591192 410.289133556726 229
502.3425 853.218333333333 230
507.979330708661 332.18405511811 231
512.831373989713 505.335782512858 232
501.302795031056 651.64751552795 233
504.964586846543 48.1618887015177 234
513.882072977261 372.404019037546 235
509.697802197802 262.400488400488 236
519.995945945946 798.366216216216 237
523.876195028681 721.778202676864 238
519.090909090909 93.0203349282297 239
529.269119070668 762.101645692159 240
542.144182450715 20.2589872439119 241
527.105307497894 191.6149957877 242
532.952091526636 946.599570968895 243
524.469584569733 150.686943620178 244
527.251273344652 224.24363327674 245
537.077079934747 622.659053833605 246
537.2875 562.660294117647 247
538.777001862197 426.014897579143 248
546.176659959759 678.396780684105 249
550.324357405141 469.692778457772 250
547.534360950546 119.345536287733 251
544.35332606325 293.418756815703 252
545.693233706932 997.886674968867 253
550.403697996918 841.76001540832 254
555.642699115044 901.003687315634 255
550.300071787509 251.889447236181 256
563.476766887934 70.1694650527138 257
552.369794903667 377.563082660037 258
562.058354114713 329.278304239402 259
557.807849550286 163.230580539657 260
573.357921744708 518.800192431046 261
564.665344964314 201.252973830293 262
576.158134243458 596.674251042852 263
571.595176571921 736.266149870801 264
579.937112488928 794.670947741364 265
581.601076095311 234.206764027671 266
585.608716475096 966.702586206897 267
587.143029571515 401.392878696439 268
589.768005790807 665.575099529497 269
595.138358778626 872.372614503817 270
588.638554216867 121.522262964903 271
591.392734413353 280.289150711831 272
592.538786279683 437.784696569921 273
591.804430379747 359.762658227848 274
607.58067513162 24.8076803964076 275
605.641651865009 927.555062166963 276
600.927703134997 1004.47408829175 277
591.329696024942 163.993764614185 278
606.057003257329 831.842019543974 279
619.104508912968 557.665501572877 280
614.924488944514 473.784730913642 281
604.035541195477 203.4450726979 282
610.539859320047 756.819460726846 283
617.947513812155 712.311694290976 284
616.886613576033 75.3594994311718 285
617.267824497258 323.063985374772 286
620.269558167815 611.157276043778 287
621.451310861423 246.489388264669 288
625.260869565217 171.823757763975 289
640.995075757576 513.925378787879 290
632.721583064887 376.427519558214 291
635.981058495822 896.14930362117 292
631.178212290503 127.912849162011 293
630.957920792079 796.012995049505 294
636.8513210927 662.568741603224 295
634.913503422526 971.037336652147 296
644.807550266721 425.985227739023 297
646.451247165533 287.096598639456 298
640.36 215.3032 299
650.882624295233 854.650948231676 300
643.306364617044 1008.22653721683 301
656.153894080997 747.204361370716 302
661.321014892443 941.918367346939 303
666.065662417922 84.9586713016609 304
669.559328805433 340.689172992409 305
668.528980679547 820.630246502332 306
659.651893634166 178.094278807413 307
675.324972436604 27.3566703417861 308
665.826018808777 782.14263322884 309
666.135057471264 707.711494252874 310
665.720767888307 605.564136125654 311
665.568487727633 137.968329374505 312
672.42068429238 470.949844479005 313
676.454031843862 255.540832049307 314
669.378585086042 993.524856596558 315
682.785197934596 555.773149741824 316
683.306712962963 395.0625 317
671.806797853309 216.533989266547 318
676.60103626943 896.455382843984 319
678.581945190758 657.9795808705 320
690.663551401869 159.119418483904 321
701.528236316247 306.981754995656 322
695.06902502157 974.639344262295 323
698.048611111111 1008.73032407407 324
699.827436823105 121.901083032491 325
698.352478363493 202.688434303698 326
711.724531749657 519.264961169484 327
705.203993524015 844.848354020507 328
703.354885057471 732.748563218391 329
705.470665787739 766.877389584707 330
704.269577269577 691.494802494802 331
702.400136798906 932.976744186047 332
704.351368159204 614.984452736318 333
709.858129315756 803.468926553672 334
714.853913043478 884.79884057971 335
721.145498783455 59.6038929440389 336
711.454079254079 465.231701631702 337
721.652259332024 98.7164374590701 338
714.267270668177 169.491506228766 339
719.956475583864 259.343949044586 340
729.702958579882 351.554240631164 341
726.608016877637 403.068776371308 342
725.819693945442 648.390552228876 343
732.518450184502 221.990774907749 344
734.482623318386 597.759529147982 345
726.935964912281 968.50701754386 346
742.472967220094 25.5559812686249 347
734.791833466773 1003.47798238591 348
739.158878504673 145.816199376947 349
746.083236321304 439.969150174622 350
744.301324503311 551.191501103753 351
740.987772925764 183.730131004367 352
736.586270871985 927.860853432282 353
738.212749003984 686.76015936255 354
746.952656496581 292.625986322988 355
742.273393461105 732.366967305524 356
748.43392504931 494.724523339908 357
753.026655202064 789.309974204643 358
752.652572233968 898.00281888654 359
753.109258446687 840.117156647652 360
757.407602956705 950.110876451954 361
762.305320435308 85.1106408706167 362
764.924395946999 123.423226812159 363
766.427043544691 583.453017570665 364
763.91045751634 649.584967320261 365
768.826286764706 975.715073529412 366
775.793991416309 244.125894134478 367
775.05069124424 332.460829493088 368
774.218051118211 461.629392971246 369
781.390725209669 371.892451899359 370
781.576495500265 871.972472207517 371
775.256973293769 198.325816023739 372
775.235500878735 517.625659050967 373
772.756791720569 696.457956015524 374
782.174650698603 752.25748502994 375
776.862176977291 1006.329678935 376
783.337780149413 411.819637139808 377
784.594736842105 19.174269005848 378
781.870503597122 157.713669064748 379
787.537366548043 620.356465005931 380
786.710268948655 925.427872860636 381
786.782418952618 288.34289276808 382
792.911467116357 544.309443507589 383
798.817656332107 74.9054125065686 384
794.976630963973 484.529698149951 385
805.305062018103 801.674153536708 386
802.485303314572 669.145090681676 387
808.765159867696 726.229878721058 388
802.498845265589 575.87220939184 389
806.424567680382 121.456768038163 390
805.413258983891 969.343866171004 391
811.735989196489 442.548953409858 392
821.333523375142 47.6322690992018 393
819.999039846375 217.703792606817 394
819.489804411153 858.966292134831 395
815.660441426146 320.285229202037 396
819.427559912854 170.868736383442 397
815.0946579194 510.049671977507 398
824.090955027792 265.283981808994 399
824.120057170081 918.16769890424 400
827.498426683449 1005.48709880428 401
827.592450765864 386.485776805252 402
824.858802502234 602.507596067918 403
832.926042486231 633.011014948859 404
831.013957307061 475.677339901478 405
843.428137651822 17.3157894736842 406
845.939252336449 348.22481827622 407
831.509871244635 538.328755364807 408
839.257159904535 706.618138424821 409
852.940046372971 768.852600198741 410
845.342318059299 420.361859838275 411
837.790754257908 667.965936739659 412
844.145855758881 109.874596340151 413
844.523265306122 572.657959183673 414
848.090954522739 967.722138930535 415
858.031910946197 829.89758812616 416
860.859989229941 148.842757135164 417
858.774099318403 301.392891918208 418
861.396971087655 893.309775126205 419
868.431622330461 69.1701011614837 420
861.818798955614 193.503916449086 421
857.37863372093 504.932412790698 422
863.09375 456.859375 423
866.703066914498 248.341078066914 424
865.589519650655 605.643377001456 425
866.029107981221 540.602816901408 426
874.485106382979 726.063829787234 427
879.444817658349 935.997600767754 428
869.610252808989 655.070224719101 429
881.421155729677 380.474045053869 430
883.736926360726 1004.41675560299 431
891.485772357724 687.14972899729 432
885.145231846019 565.351706036745 433
885.540983606557 423.265710382514 434
887.811547714515 485.676022453889 435
900.550920706501 867.08605787298 436
907.401396160558 24.2533449680047 437
901.405591866376 802.648148148148 438
899.086330935252 214.154952960708 439
897.840566037736 334.595283018868 440
899.73381584238 113.057901085645 441
896.151401869159 626.9 442
903.163503649635 283.300243309002 443
911.134215500945 975.750945179584 444
902.665957446809 525.676595744681 445
905.880650076181 166.067039106145 446
907.670667666917 597.005251312828 447
914.468522200132 458.381047051027 448
912.604204753199 652.36563071298 449
928.737993342844 762.850689491203 450
916.777403035413 727.399100618325 451
924.962296983759 243.11716937355 452
925.14253798034 928.79982126899 453
937.439963614312 71.025166767738 454
922.621472392638 416.568711656442 455
925.017799352751 498.169902912621 456
920.105058365759 561.176653696498 457
932.353512014787 368.326709796673 458
929.323404255319 687.576170212766 459
940.834379526799 313.904394012554 460
943.926872246696 884.16872246696 461
950.032188065099 826.319710669078 462
947.577732793522 136.046963562753 463
947.06145526057 186.161258603736 464
941.00426742532 623.963726884779 465
953.414971521562 998.425549227014 466
954.715572033898 526.313559322034 467
947.621064060804 662.838219326819 468
954.321618743344 573.485090521832 469
958.661222020569 265.99516031458 470
958.539481615431 478.631705846896 471
960.299167200512 439.780269058296 472
964.974842767296 223.035849056604 473
964.412698412698 399.004703115814 474
963.801324503311 710.478349465104 475
968.9199325748 945.209018120523 476
968.172654690619 773.337824351297 477
987.127504553734 31.6876138433515 478
974.690524880709 611.490797546012 479
983.822560202788 347.306717363752 480
991.305633364457 97.6539060068472 481
979.936212624585 297.558139534884 482
975.392971246006 658.073482428115 483
984.880927835052 873.826288659794 484
1000.08314193845 735.438677078548 485
1001.94388224471 917.396964121435 486
998.479264844486 149.569274269557 487
998.484251968504 195.659448818898 488
1001.80174180328 794.118340163934 489
1001.41853035144 988.2803514377 490
998.436982520699 525.296688132475 491
1000.1847133758 574.957863792259 492
1002.91542584872 841.655747468731 493
1002.54917597023 248.689526847422 494
1003.45153664303 385.153073286052 495
1003.41557669441 682.322829964328 496
999.916758544653 477.366041896362 497
1002.12989434431 432.427594779366 498
1005.95445275323 630.261726716519 499
1009.04992548435 306.571535022355 500
