33.2787990196078 18.2843137254902 1
21.8456790123457 41.3774250440917 2
13.6019736842105 78.6605263157895 3
42.5429045643154 138.315352697095 4
36.6650648726574 204.234262373859 5
7.60701754385965 262.269005847953 6
14.896265560166 336.760027662517 7
13.4076576576577 377.028153153153 8
25.329395729214 425.305315765561 9
41.9993288590604 462.523825503356 10
13.1375760411792 517.705662143191 11
55.9521545319465 554.142050520059 12
53.6471266576975 602.984624255237 13
25.4071288423806 659.176586003924 14
15.7759067357513 708.067357512953 15
31.2038269550749 756.89309484193 16
8.13413098236776 813.421284634761 17
27.9694311536417 917.601807549176 18
19.3462469733656 981.762020062262 19
30.8206896551724 241.925862068966 20
21.2093802345059 279.830820770519 21
39.3501326259947 290.590848806366 22
40.9398625429553 396.55412371134 23
75.3632676709154 870.836616454229 24
30.061629153269 823.269024651661 25
37.6880733944954 257.889908256881 26
43.6071193144364 517.391562294001 27
54.063687150838 317.059217877095 28
44.188457008245 73.2567726737338 29
83.3816506074571 993.850230414747 30
68.808552958727 343.405271009448 31
62.3964302489432 724.75293565054 32
62.3560779816514 374.564220183486 33
55.1808415398389 796.722470904208 34
79.8458748866727 9.87579329102448 35
71.3533834586466 661.711972238288 36
77.8249475890985 691.566037735849 37
74.9623172103487 813.687289088864 38
80.0991228070176 34.7868421052632 39
84.6820401519262 920.061855670103 40
65.2347066167291 72.2434456928839 41
79.0316540347749 246.856442264824 42
81.3605351170569 303.453511705686 43
88.9543010752688 948.609543010753 44
85.0390697674419 489.225581395349 45
91.8268779342723 433.445422535211 46
91.4970530451866 759.573673870334 47
98.2995867768595 112.56370523416 48
109.377298668358 389.649017121116 49
116.826782449726 194.271023765996 50
88.9778002018164 64.1543895055499 51
111.583483591778 650.382618103137 52
106.669540229885 710.449712643678 53
117.150404936367 530.693790975704 54
116.049601417183 468.901682905226 55
113.902182385035 812.73460639127 56
127.48902346707 307.782992682311 57
114.47027027027 246.196621621622 58
123.932638888889 587.34375 59
127.564782096584 59.7944640753828 60
135.148341232227 25.7450236966825 61
132.175459395376 130.147599288678 62
133.516059027778 896.752604166667 63
122.838970588235 761.211764705882 64
137.882727852135 435.587635436584 65
149.658703071672 501.001706484642 66
141.204137931034 982.640459770115 67
146.00988700565 727.831920903955 68
145.926094890511 941.844890510949 69
146.908300395257 89.5778656126482 70
160.68108776267 366.361186650185 71
163.295972965362 832.519008729935 72
159.047445255474 702.19968717414 73
147.633201581028 262.578656126482 74
152.907894736842 143.478801169591 75
156.683947532792 609.139287945034 76
163.373025516403 677.162818955043 77
157.683890577508 919.33282674772 78
161.652680652681 5.91142191142191 79
167.633744855967 473.860670194004 80
164.409945421468 554.40206185567 81
162.830932999374 648.317470256731 82
152.447119518487 763.190885640585 83
177.114926419061 220.260686755431 84
197.944638880051 1000.99681832644 85
179.643371757925 868.93083573487 86
174.894969596462 767.988944168049 87
178.693311582382 32.8132137030995 88
182.846445098864 148.531762726125 89
185.459652706844 447.042390194076 90
168.218914185639 968.012259194396 91
180.897783808232 272.875621890547 92
174.874499332443 904.922563417891 93
184.79016064257 76.8102409638554 94
196.811229000884 397.213969938108 95
191.782630777044 528.622651091925 96
203.482574825748 316.961869618696 97
182.56401384083 599.331026528258 98
186.524633821571 957.4327563249 99
222.971247357294 197.009725158562 100
199.42578125 791.709635416667 101
198.932930918846 682.751844399732 102
205.245810055866 933.100558659218 103
195.258188824663 14.8670520231214 104
207.217283950617 647.944032921811 105
195.038805970149 907.349253731343 106
213.689863013699 115.46301369863 107
203.988400994201 599.162386081193 108
226.414206642066 273.284132841328 109
227.305532617671 750.583402146986 110
219.264940239044 898.933266932271 111
233.911932901258 363.887152115898 112
228.125667351129 483.049281314168 113
233.550866405813 554.233091112353 114
241.457261165336 709.370896184561 115
219.312450436162 435.327517842982 116
222.100310696849 854.891256102974 117
216.794219653179 966.590751445087 118
234.2941898527 19.338379705401 119
239.864148644532 62.5537618032288 120
240.405904059041 609.92573800738 121
231.040290990487 798.334079462787 122
249.636059479554 949.339776951673 123
239.851318944844 412.71103117506 124
256.974708818636 647.55540765391 125
249.895759717314 126.491166077739 126
251.440917107584 321.379188712522 127
267.471895973154 514.818372483221 128
261.871199180048 901.817218995559 129
247.901515151515 440.184343434343 130
268.198207171315 1011.85856573705 131
280.793486590038 833.245593869732 132
276.760664571172 980.323304894477 133
269.253086419753 450.907407407407 134
293.301350590883 242.677546426562 135
273.054037644202 279.333940497875 136
261.653374233129 296.800613496932 137
280.287584143605 794.408002991773 138
284.504337767496 145.835164835165 139
278.5966263293 189.623028969564 140
261.848525469169 406.986595174263 141
287.266490765172 877.43746701847 142
267.907918968692 344.285451197053 143
292.249667641585 82.0973145440042 144
290.588459444747 472.939031028851 145
275.403141361257 362.212041884817 146
301.916851934193 573.010449088484 147
293.614180478821 381.348066298343 148
293.96013864818 696.839110340843 149
291.254268292683 754.571951219512 150
283 423.058553386912 151
307.812416555407 23.7977303070761 152
289.716019417476 330.764563106796 153
289.040650406504 364.317073170732 154
323.311456859972 415.637623762376 155
332.083643752116 613.340331865899 156
316.4135577798 517.022292993631 157
320.876099706745 648.053519061584 158
313.321992709599 361.326852976914 159
331.698513011152 941.620074349442 160
331.491603053435 1016.09770992366 161
326.261063924899 329.612874385337 162
321.183129055516 285.697188175919 163
325.625954198473 989.063189143342 164
322.752265861027 139.663141993958 165
316.856318522793 877.119446047317 166
323.866066966517 191.355322338831 167
336.065048543689 672.955339805825 168
323.746401644962 756.15695681974 169
349.911612727767 472.812347022029 170
338.733013589129 114.185451638689 171
346.229471316085 783.087739032621 172
353.445754716981 67.3702830188679 173
352.658925979681 818.601838413159 174
344.027886224205 706.216954824317 175
342.992323439099 887.053735926305 176
344.27765064836 260.420289855072 177
368.247795969773 380.626574307305 178
365.226473629783 524.190279214064 179
344.259179265659 23.8552915766739 180
365.758189398451 735.111971411554 181
369.778974358974 861.871794871795 182
359.516797054763 189.107685227796 183
360.052117263844 292.85776330076 184
367.882857142857 101.925714285714 185
371.272775144813 563.32280147446 186
366.155575539568 149.956834532374 187
379.680361544782 246.87797863599 188
369.529088410444 973.718735684837 189
366.785915492958 638.105164319249 190
376.16546184739 317.272289156627 191
366.322204968944 19.2041925465839 192
385.148666375164 921.892872759073 193
390.825355756792 345.355756791721 194
381.246852764094 670.642036124795 195
407.611141906874 423.42876940133 196
381.32196969697 126.333333333333 197
394.554891304348 595.899456521739 198
390.081276339555 773.879590608067 199
410.981698989347 211.19420923245 200
398.678989237248 31.9705194197473 201
411.285225048924 1004.60812133072 202
391.643489254109 289.986093552465 203
411.363525588952 479.555645816409 204
398.046494464945 844.273062730627 205
404.142730888202 716.937693327441 206
403.603397341211 89.4121122599705 207
417.336502905441 801.107765451664 208
393.863057324841 133.238853503185 209
403.341300191205 158.370936902486 210
422.859328726555 624.977788746298 211
407.118818240206 518.434810533076 212
429.946460653971 893.238950772548 213
409.474736842105 960.722105263158 214
429.116932422172 663.555808656036 215
413.11937716263 119.83044982699 216
409.759036144578 567.481927710843 217
418.390829694323 553.338427947598 218
421.915756630265 281.765990639626 219
427.404103479037 929.754683318466 220
419.684931506849 58.291095890411 221
435.817324185249 964.010291595197 222
431.815645013724 365.748856358646 223
431.276176024279 746.541729893778 224
441.947837717343 320.409273294695 225
429.261437908497 826.992374727669 226
446.90900098912 470.378832838774 227
442.725167580743 530.601462522852 228
430.866575901974 150.256637168142 229
438.140747176368 849.822762814944 230
433.900826446281 577.851239669421 231
432.577030812325 29.2623716153128 232
446.977114427861 68.7313432835821 233
447.164565361646 97.0258792302588 234
451.813575525813 995.396749521989 235
452.039007092199 396.624113475177 236
462.34708249497 22.3465794768612 237
465.255490483163 685.37701317716 238
472.470524899058 269.372812920592 239
462.664657121326 716.783722682743 240
469.005347593583 176.934937611408 241
463.78522039758 214.062229904927 242
463.970947123765 606.042417199303 243
466.629564606742 774.015449438202 244
463.894556154978 136.28298185385 245
478.445495140531 846.327029156816 246
480.282846715328 449.076642335766 247
479.671243325706 553.18115942029 248
469.195977307891 953.113976276431 249
496.728008634647 1007.08634646519 250
482.692759295499 338.255381604697 251
481.676470588235 396.342136854742 252
483.154221912073 645.7752965806 253
484.706408345753 64.4314456035767 254
495.311976047904 892.356886227545 255
512.546159267089 923.085271317829 256
494.083479789104 588.300527240773 257
509.14503133393 513.184720978812 258
502.003742981909 104.451029320025 259
505.971475142624 683.287693561532 260
500.79000724113 717.938450398262 261
509.251670378619 32.7260579064588 262
505.733624454148 138.578602620087 263
500.224270353303 199.855606758833 264
496.970634920635 960.55 265
533.471018276762 16.3697127937337 266
497.314035087719 174.410526315789 267
508.421471172962 763.280318091451 268
507.513232514178 359.269376181474 269
523.972769409038 212.91483198146 270
525.887017255546 303.790879211175 271
520.943592552026 605.917853231106 272
537.603990326481 248.839782345828 273
531.498997995992 467.151503006012 274
521.626765799257 424.533828996283 275
525.384818133896 654.137585661571 276
520.050528789659 58.3466509988249 277
522.121180189673 167.113804004215 278
551.353709363712 796.199222006113 279
535.009575923393 76.3522571819425 280
533.583941605839 382.023722627737 281
540.23651170682 846.912453342382 282
535.97263681592 964.507462686567 283
528.889807162534 901.245179063361 284
529.703056768559 345.558951965065 285
519 787 286
546.149116607774 758.139222614841 287
554.687308868502 553.636085626911 288
550.916851441242 878.30266075388 289
548.308997050147 519.079646017699 290
550.582706766917 400.22305764411 291
558.226042841037 708.414036076663 292
543.837412587413 115.403846153846 293
576.306237218814 577.893149284254 294
551.052631578947 135.275187969925 295
543.185463659148 166.709273182957 296
573.4825313118 995.753790375742 297
554.103762135922 621.56432038835 298
553.610526315789 338.096650717703 299
562.129901960784 81.1053921568627 300
559.456866197183 439.590669014084 301
563.248447204969 911.832298136646 302
589.094014203585 186.701386540413 303
581.591133004926 288.580522925351 304
567.256965944272 113.272445820433 305
562.843295638126 166.823909531502 306
583.52460383653 604.805671392827 307
589.204335608189 670.759534323565 308
577.025957972806 421.088998763906 309
581.459966869133 23.8807288790723 310
597.447293447293 141.778252611586 311
585.465231045312 528.04755495738 312
586.173690932312 340.025542784163 313
591.339837398374 392.70027100271 314
602.096208869814 458.042918454936 315
603.395254448954 821.412113643459 316
598.55910543131 244.854952076677 317
601.963787553648 86.5147532188841 318
575 870 319
620.645901639344 209.844672131148 320
603.891552932497 741.921800073774 321
594.29061784897 888.871853546911 322
584.282051282051 918.952026468156 323
612.386607142857 631.022767857143 324
621.850416871015 968.516920058852 325
624.379886506936 527.891866330391 326
616.873873873874 271.074324324324 327
623.055520102106 1001.82131461391 328
617.190721649485 882.790721649485 329
611.689018464529 24.6890184645287 330
637.349296845306 354.512732801216 331
643.014629948365 496.490963855422 332
645.129891085115 785.043162565551 333
632.725903614458 387.919678714859 334
632.335810810811 419.781081081081 335
648.602430555556 945.521701388889 336
633.016580903373 305.401372212693 337
642.789423984891 695.933899905571 338
655.956512332324 593.187797490264 339
643.175572519084 716.715376226827 340
630.805970149254 666.812189054726 341
647.079216733422 22.1188251001335 342
654.577595066804 894.330250085646 343
671.978628920344 68.7474326949764 344
659.405464216634 119.917794970986 345
646.555646481178 744.172667757774 346
652.35998038254 831.010789602746 347
651.473744292237 272.183789954338 348
657.80570758405 217.000390930414 349
661.967060285892 448.80671224363 350
656.735211267606 674.097183098592 351
667.029126213592 643.857356235997 352
690.733333333333 150.980327868852 353
669.467689822294 397.645395799677 354
682.427494000686 993.833390469661 355
680.546694214876 302.877685950413 356
687.383140495868 493.353719008264 357
684.215954875101 259.305398871878 358
685.631762652705 750.920302501454 359
703.545804279875 849.183938446742 360
688.243799472296 350.122427440633 361
708.330960854092 192.748517200475 362
691.340371621622 422.065033783784 363
696.754989384289 706.694692144374 364
704.124430523918 567.275341685649 365
698.788058521155 913.298932384342 366
711.058521999146 46.7347287483981 367
708.746645865835 658.683619344774 368
706.611706512778 14.4196207749382 369
700.805945036455 787.89063376332 370
698.881897386254 231.285575992256 371
710.990689013035 384.924270639354 372
719.578482537134 960.46326776395 373
725.61763402747 441.070890562694 374
725.735138316657 336.708063566804 375
741.186956521739 532.485652173913 376
732.638667992048 260.927932405567 377
752.439726417783 615.882302650328 378
741.987886129618 1007.80738946093 379
743.32509925011 301.364799294221 380
729.113941018767 127.400804289544 381
743.076369673492 219.068622025457 382
728.559850374065 486.443266832918 383
736.916535433071 759.971653543307 384
750.698160535117 717.996376811594 385
730.956241956242 792.577863577864 386
747.039809863339 810.877005347594 387
743.717919075145 13.1491329479769 388
762.421883505716 403.840772999456 389
744.930279691933 915.199027158492 390
770.139191290824 91.3374805598756 391
756.134938001459 575.368344274252 392
762.934623655914 167.277849462366 393
773.34992142483 988.652697747512 394
771.850137174211 35.832304526749 395
772.007483261126 347.864119732178 396
770.420527441197 900.900213827513 397
777.884941675504 867.690349946978 398
779.216149347728 475.527665317139 399
763.309417040359 122.35201793722 400
799.392949269132 653.409429635999 401
790.177477477478 952.212162162162 402
775.857862903226 812.821572580645 403
775.143775100402 280.69718875502 404
793.679756004575 240.078154784598 405
795.183251576734 746.51857042747 406
785.026526835287 534.600863664405 407
815.28294036061 203.137309292649 408
819.723335138062 842.095831077423 409
795.65806927045 143.231392778187 410
818.886569515557 72.1870815281607 411
829.716472405561 556.150681084117 412
809.669158878505 910.242367601246 413
821.48071548351 301.561207378424 414
803.207226354942 278.205100956429 415
816.119573901465 392.470306258322 416
832.603552859619 333.17417677643 417
823.15019988578 815.030839520274 418
815.839037927845 775.563367252544 419
825.088124054463 23.803706505295 420
822.727077747989 1003.76997319035 421
826.959046454768 161.526894865526 422
834.734334541688 870.130502330399 423
844.297124600639 102.294994675186 424
829.728711379051 964.413715146948 425
865.630805925182 471.364298267637 426
845.91329068941 128.277185501066 427
853.982295482296 672.64997964998 428
864.631402439024 742.151219512195 429
855.921204072598 271.037184594954 430
852.972148541114 788.393899204244 431
869.246038365304 890.411731998888 432
858.652682255846 207.453232462173 433
856.739191073919 968.205485820549 434
852.777047220562 393.7662881052 435
874.22176022176 235.094248094248 436
873.823142414861 54.4485294117647 437
878.377588757396 159.309171597633 438
883.405688622754 12.2537425149701 439
887.742872807018 937.828947368421 440
875.534437086093 366.829139072848 441
886.595483870968 293.525806451613 442
903.82602739726 1008.66712328767 443
902.007495315428 637.78419737664 444
897.309400094473 407.04251299008 445
924.008453085376 595.229923922232 446
887.098039215686 982.40522875817 447
899.273173726212 322.124616329036 448
910.858541360744 570.903083700441 449
927.335297832035 835.676699642181 450
918.088185295368 785.296005099873 451
917.965584100824 546.068831798352 452
896.38682697334 702.649242028228 453
933.917098445596 515.552270649192 454
926.10487394958 102.77243697479 455
908.261552680222 211.518484288355 456
924.847902981304 134.197574532592 457
915.723542116631 348.480201583873 458
905.15763546798 58.4216748768473 459
925.981004901961 252.436887254902 460
927.050357475909 898.70966739198 461
923.119959677419 280.666330645161 462
913.658682634731 981.77245508982 463
928.875943000838 376.255658005029 464
924.655844155844 23.5556586270872 465
931.645974185618 949.366318377382 466
937.851324828263 165.351324828263 467
932.872340425532 63.9676910953507 468
937.009900990099 447.80458572173 469
927.228740936058 701.371127224786 470
978.394711067581 476.148383937316 471
980.448703494927 728.994989352374 472
936.784822286263 409.195965417867 473
955.193231441048 616.330786026201 474
948.438167938931 975.812977099237 475
956.626195028681 331.25 476
972.674379232506 645.232505643341 477
953.445897740785 10.1093935790725 478
958.699305116867 294.796588755527 479
953.246031746032 210.103174603175 480
953.189479976091 664.802749551704 481
962.121212121212 1010.00318979266 482
966.383333333333 31.7929824561404 483
981.717939972715 381.600272851296 484
988.829268292683 425.064915572233 485
969.802318094012 68.3625241468126 486
992.584033613445 228.533193277311 487
986.224011299435 925.530225988701 488
970.445114595899 265.159227985525 489
991.850555555556 835.77537037037 490
991.551629758646 165.469270962926 491
973.209659714599 570.416026344676 492
994.936752136752 984.475213675214 493
999.701833386941 537.759729816661 494
1002.4678807947 617.122185430464 495
992.907894736842 78.6062030075188 496
1005.01311288483 105.784492588369 497
1001.63305534496 18.8703563305534 498
1001.08099878197 271.357490864799 499
1004.4432348367 331.534214618974 500
1008.90486257928 892.639534883721 501
1010.11847389558 46.8795180722892 502
