26.9132901134522 14.6499189627229 1
14.1374301675978 38.5899441340782 2
26.7624140565317 64.990832696715 3
16.2727272727273 98.5511875511876 4
21.5816091954023 137.57183908046 5
21.1491094147583 184.093638676845 6
28.599837000815 230.61532192339 7
29.2983594048073 275.870278519649 8
16.9837837837838 331.864373464373 9
29.1173776123676 391.309762381907 10
23.0125427594071 455.106803496769 11
11.471293916024 513.13881748072 12
18.3024105186267 563.198685171658 13
22.4112478031634 601.189806678383 14
28.725886047555 642.434275459847 15
29.1914378029079 683.186995153473 16
22.1291905151267 735.881439084219 17
26.3107476635514 794.392912772586 18
25.4073752711497 840.302819956616 19
16.4289693593315 888.759052924791 20
19.876404494382 928.195826645265 21
14.7850877192982 965.869298245614 22
21.2809488510007 1005.29651593773 23
42.7587898609975 536.730989370401 24
42.0196506550218 501.874090247453 25
48.0705024311183 983.837925445705 26
49.5519650655022 945.23231441048 27
54.4995112414467 320.568426197458 28
53.1958393113343 900.047345767575 29
64.5847389558233 768.6140562249 30
57.5126684636119 94.3746630727763 31
63.8658777120316 860.633629191321 32
62.2991913746631 147.705660377358 33
70.368778280543 433.415535444947 34
68.5177187153931 49.3217054263566 35
65.5231591448931 567.160332541568 36
72.112204007286 710.663387978142 37
69.9368907131862 188.378655720883 38
70.3639792550684 608.512965582272 39
69.5148760330578 14.2942148760331 40
73.2079047103411 485.783432593395 41
81.5907906168549 347.189400521286 42
74.2352297592998 1010.62472647702 43
80.9592555331992 229.095070422535 44
83.6440793976728 919.029431895962 45
98.4029850746269 823.833915528739 46
88.1875693673696 278.569367369589 47
80.1041237113402 959.705154639175 48
98.4885943279901 644.612823674476 49
98.8905786350148 390.905786350148 50
95.6435748281333 115.304071919619 51
85.7853107344633 987.220338983051 52
93.0545634920635 533.24503968254 53
112.630994671403 76.6092362344583 54
110.817258883249 879.571065989848 55
113.759650735294 690.599264705882 56
110.2684169279 771.548981191223 57
112.886534839925 155.186911487759 58
112.679396984925 23.1391959798995 59
119.88114325549 583.076681770652 60
108.894386298763 947.386298763083 61
115.12295488349 485.061973227566 62
122.63246628131 443.21098265896 63
117.599880739416 210.542635658915 64
127.516547968161 330.834520318391 65
116.15393258427 1007.77528089888 66
136.04983996342 729.845907636031 67
124.415305245056 977.143594153053 68
129.260897435897 255.751923076923 69
132.944162436548 925.644670050761 70
143.622485207101 293.724852071006 71
140.818335445712 527.356569497254 72
149.424903722721 375.125802310655 73
149.276489028213 42.9109717868339 74
150.29754601227 167.304294478528 75
159.700560448359 849.431144915933 76
156.960219478738 118.638774577046 77
158.323776569451 424.033119130005 78
162.734769687964 805.326894502229 79
156.904115784713 678.236544549977 80
150.335944299391 206.992167101828 81
173.223516949153 637.241172316384 82
161.543859649123 891.593833067517 83
150.191919191919 1004.15151515152 84
172.680274858529 598.104688763137 85
165.196572580645 757.90625 86
162.860784313726 965.942483660131 87
168.88066139468 13.7368799424874 88
162.523726851852 78.634837962963 89
162.961369622476 242.13608428446 90
170.187581415545 476.983499782892 91
181.894301470588 556.825367647059 92
174.480281690141 930.374647887324 93
179.36517328825 276.918850380389 94
184.211859838275 319.214016172507 95
187.956169925826 149.989885367498 96
182.64581763376 198.485305199699 97
196.717088055798 515.937227550131 98
198.654326923077 357.947115384615 99
182.935635792779 1000.95761381476 100
195.927530195752 696.173677634319 101
199.259989883662 397.799190692969 102
201.767846058349 42.4357541899441 103
207.352106227106 446.826007326007 104
194.330197554092 241.771401693321 105
204.172481895984 80.7728768926926 106
203.527818808469 758.053668143772 107
214.023255813953 893.953972868217 108
215.101910828025 116.829762594094 109
218.876171682289 856.681795757277 110
210.023333333333 936.81 111
219.550904977376 971.852941176471 112
222.042505592841 819.799552572707 113
215.039186134137 170.975131876413 114
216.276369582993 212.340147179068 115
212.880952380952 285.107936507937 116
221.88056206089 15.783762685402 117
221.162903225806 1005.84516129032 118
234.148843537415 575.934149659864 119
227.787234042553 714.821513002364 120
236.561987984708 782.968869470235 121
239.632316158079 643.54352176088 122
241.236262030425 493.710959329401 123
228.38547968885 249.763180639585 124
234.342857142857 327.326984126984 125
243.833815626292 419.936337329475 126
242.782634730539 71.2449101796407 127
248.539304123711 137.10631443299 128
247.690576652602 180.600562587904 129
262.183960471304 368.287343215507 130
253.022756547875 929.574924860455 131
249.838356164384 285.342465753425 132
254.183308494784 221.800298062593 133
261.309617918314 747.057312252964 134
259.573099415205 20.6231319038337 135
261.22985915493 703.60338028169 136
265.932761087268 999.186933714831 137
272.275029446408 103.395759717314 138
282.296904957546 547.352780060257 139
273.885910901847 872.681637088012 140
272.850113550341 253.32323996972 141
276.065441176471 53.5757352941176 142
279.793161671591 823.797804981005 143
289.243681140635 474.239468567725 144
288.631077694236 964.575939849624 145
280.932404540764 324.656862745098 146
301.333570919458 614.627940128296 147
280.982541899441 778.091480446927 148
285.005010737294 187.373657838225 149
288.395223880597 148.561194029851 150
298.346545071905 678.408979305507 151
289.89142194745 416.875579598145 152
299.320230105465 915.515819750719 153
297.834244080146 283.112932604736 154
298.824364723468 215.591928251121 155
305.077044854881 731.642744063325 156
306.346541302888 16.0167897918066 157
310.374066530889 86.7915818058384 158
318.556493506493 244.079220779221 159
325.873509933775 377.827483443709 160
309.409982174688 51.9376114081996 161
322.47523364486 998.092056074766 162
324.213950762016 120.435521688159 163
334.791436061754 511.575589863094 164
313.456926257753 784.26533425224 165
324.704524469067 320.801939058172 166
330.960504885993 835.785016286645 167
334.614027719446 884.867282654347 168
329.810589519651 165.188864628821 169
339.443264764433 445.664233576642 170
333.793715154587 949.274708565636 171
346.643042350908 570.600403341976 172
342.9860413177 206.524288107203 173
349.284354173278 666.291653443351 174
349.529201961658 274.555951850201 175
342.924050632911 48.8592702903946 176
346.267771478413 730.324465765373 177
341.089984350548 783.1220657277 178
354.433823529412 15.6720588235294 179
362.321630094044 75.823197492163 180
367.316549426138 335.844502036283 181
367.585399449036 1005.79752066116 182
366.492770387507 934.218045112782 183
365.647868852459 115.969836065574 184
378.488484015125 405.678927466483 185
383.988275223696 632.991977784634 186
371.100979192166 154.686046511628 187
385.017185821697 244.868421052632 188
368.482824427481 784.264631043257 189
388.129610655738 978.427766393443 190
391.646236239215 466.171675096697 191
387.922068463219 713.910415149308 192
379.165533980583 835.357766990291 193
379.885875127943 882.976458546571 194
380.061171925306 206.601416613007 195
396.19002050581 526.70950102529 196
392.301877470356 29.7252964426877 197
398.891983122363 581.865400843882 198
403.256118881119 280.860576923077 199
397.727034120735 88.6935695538058 200
405.298752462246 179.853578463559 201
411.33527305282 363.431065353626 202
401.468705207836 779.430004777831 203
400.720647773279 929.198380566802 204
409.568378919279 136.236157438292 205
421.893965517241 319.175 206
431.703994966971 688.550173010381 207
420.779220779221 890.09386068477 208
419.10809371672 833.199680511182 209
435.688759689923 748.817441860465 210
429.921712802768 995.141868512111 211
427.872699386503 73.864263803681 212
433.035123132822 217.813887767461 213
435.555464256368 12.5069843878389 214
434.481846882399 400.705603788477 215
438.103530345101 496.717572391908 216
434.465742879138 40.9438029253272 217
432.708726415094 944.580778301887 218
436.176769817719 618.646460364561 219
438.945296864576 113.056037358239 220
444.446140797286 561.589058524173 221
457.485454545455 437.429454545455 222
444.745108999441 164.63107881498 223
451.751561106155 800.728813559322 224
450.139548693587 857.690617577197 225
458.765839320705 269.149575440888 226
467.170073945194 647.208786428882 227
461.949653870359 905.81686595343 228
470.422535211268 337.6781174854 229
466.098893499308 63.2959889349931 230
475.938144329897 1004.00973654066 231
478.848377281947 475.264705882353 232
483.046368485843 532.09027492819 233
469.909090909091 947.163514338011 234
484.367674505412 727.267263904442 235
475.856177012907 105.554394591272 236
478.267042253521 153.471549295775 237
488.188866799205 592.859642147117 238
482.221097703387 216.472557415337 239
492.957831325301 385.900267737617 240
485.321035598706 15.6491909385113 241
486.687952600395 876.228439763002 242
493.95214315439 780.092800665834 243
496.478031634446 832.609841827768 244
498.660242982824 683.347297863427 245
498.685104052574 974.315991237678 246
505.886425515364 303.091015169195 247
498.76701754386 47.1578947368421 248
516.147121535181 177.096481876333 249
511.948866377231 922.664737095996 250
511.941651148355 88.3960273122284 251
517.005963029219 135.890280262373 252
523.962632006499 258.319658813972 253
514.276330690827 484.715175537939 254
526.737269372694 434.335055350553 255
524.078612716763 639.663969171484 256
526.541242362526 563.493890020367 257
536.183611532625 750.38808801214 258
528.408536585366 876.703095684803 259
542.683138438325 350.167483968314 260
532.543959160522 214.129892229155 261
537.411023622047 522.486614173228 262
540.961824953445 1003.05027932961 263
544.434814542784 806.177010650018 264
541.088066701407 18.5059927045336 265
545.325150532654 958.471051412691 266
541.499115044248 58.0808259587021 267
552.90084643289 601.307537283353 268
551.380868802106 396.229047827995 269
551.571732199787 691.946865037194 270
547.525935653316 113.511490479317 271
566.703703703704 852.237448559671 272
560.655846858094 304.278401997503 273
554.699609156896 480.960915689559 274
567.92623259315 914.382762514114 275
568.847198641766 154.635823429542 276
575.673065386923 93.2705458908218 277
568.220167064439 204.130071599045 278
575.108758421559 255.432146294514 279
579.551004016064 548.977911646586 280
583.408626056025 734.660293463762 281
592.357517752393 647.15004631059 282
585.349473684211 462.356842105263 283
598.010800744879 778.100186219739 284
593.250388319354 985.246039142591 285
588.489208633094 55.3558384061981 286
596.341839447103 17.9218500797448 287
603.68284789644 508.214516874711 288
601.393253968254 343.205952380952 289
597.435353963544 395.965239508266 290
609.172043010753 438.032855436081 291
608.911858246252 822.89913675602 292
611.002427184466 599.574895977809 293
613.518670649739 699.464899178491 294
614.688986784141 869.680176211454 295
613.714893617021 295.09219858156 296
617.055332440875 107.711735832218 297
602.4108040201 205.028266331658 298
614.517188693659 921.00076394194 299
614.751933986591 151.453326456937 300
614.406985032074 249.124732715609 301
639.594408272692 561.318651857526 302
634.97138769671 189.587267525036 303
636.213204951857 58.8569463548831 304
648.470960094824 382.120505728961 305
649.064036885246 473.868340163934 306
651.488277586746 750.722725851829 307
639.940250562159 984.309026662384 308
646.194444444444 228.22972972973 309
649.478798586572 16.6996466431095 310
648.171875 516.815290178571 311
652.813425925926 334.725462962963 312
659.755898366606 682.809739866909 313
650.609874826147 267.310152990264 314
655.78317535545 810.00355450237 315
644.92154163799 433.490708878183 316
670.319275549806 625.393790426908 317
658.811447811448 156.483164983165 318
661.653754940711 917.241501976285 319
667.488042156465 96.5030401297122 320
664.303706823926 864.857203032856 321
674.85684430512 296.521943573668 322
677.73082010582 205.640873015873 323
686.389807162534 1000.65702479339 324
679.166492146597 428.872251308901 325
689.958633958634 950.707070707071 326
685.362969752521 35.8180568285976 327
692.839446782922 131.628983764281 328
689.527802690583 502.828251121076 329
690.693567251462 243.559649122807 330
693.014920531949 563.987025624392 331
699.699838839645 771.426269137792 332
700.642482869811 354.875856509472 333
710.54835589942 714.658929722759 334
699.708507670851 171.372384937239 335
704.087637595258 826.073243014395 336
712.255036433776 406.025717959709 337
720.196108355589 462.264021365891 338
711.572657311 878.923947487551 339
718.483459082995 56.5147997678468 340
726.432831035588 666.173132414235 341
715.37743902439 303.078658536585 342
722.584291187739 265.880587484036 343
723.060261512223 923.777714610574 344
722.78249475891 97.0230607966457 345
729.728562217924 15.458413926499 346
735.730087068688 607.530474040632 347
724.005111821086 197.919488817891 348
725.724911452184 977.693624557261 349
734.766283524904 519.673052362707 350
742.710836277974 233.567726737338 351
736.489988221437 137.366902237927 352
741.13554028732 328.306058713304 353
751.854510800508 1006.34942820839 354
744.830878618588 762.228542407313 355
754.716131907308 802.725935828877 356
752.173931623932 381.410256410256 357
754.007768666379 559.766076823479 358
750.513888888889 846.149572649573 359
755.934322033898 172.932203389831 360
752.868395773295 905.515850144092 361
760.19512195122 72.5365853658537 362
769.323861424679 435.226547294667 363
762.50937950938 966.431457431457 364
772.466853035144 482.997603833866 365
767.745213549337 282.517427589593 366
771.341463414634 733.98649825784 367
766.162366268093 30.334172435494 368
769.5768321513 883.569739952719 369
769.054243219598 933.816272965879 370
772.72027669693 653.473411154345 371
774.682392026578 210.41196013289 372
780.726720647773 108.898110661269 373
775.157480314961 333.025439127801 374
797.664657121326 703.261115297664 375
778.335993615323 141.597765363129 376
794.412599318956 248.561861520999 377
801.239501039501 521.765904365904 378
799.012760527435 572.971076137814 379
801.890764181903 623.226441631505 380
798.514193893948 400.052490626674 381
796.106130520765 854.6783124588 382
800.747877758913 13.581494057725 383
806.223760607414 817.26217061188 384
798.302158273381 177.832374100719 385
804.308732394366 352.96338028169 386
799.24583031182 971.878172588833 387
806.712990936556 1005.01752265861 388
801.910246227164 82.6219221604448 389
813.592208720515 766.209792709078 390
805.122526636225 47.5030441400304 391
804.283298097252 926.435517970402 392
814.179849340866 297.800376647834 393
808.051654560129 889.73607748184 394
819.87051372273 215.676284306826 395
816.297106563162 139.989414255469 396
830.187202766969 668.869865974924 397
831.00697167756 433.620479302832 398
834.668336314848 480.271198568873 399
831.595172413793 955.701379310345 400
838.415017757483 593.956874682902 401
837.503210741389 380.053123175715 402
841.875558391832 112.795788130185 403
838.448842874543 258.799634591961 404
838.457969065232 71.8964357767317 405
836.48745819398 183.269230769231 406
847.86494392979 328.957581667479 407
842.639400921659 22.7263824884793 408
849.56826849733 537.033562166285 409
849.369801663468 853.007037747921 410
840.521566025216 892.647644326476 411
860.180636777128 719.269005847953 412
858.625412541254 995.421204620462 413
856.42796907941 151.617006324666 414
859.960748516659 778.26973984482 415
858.65 819.157777777778 416
858.892701185278 938.495321272614 417
863.70627429206 627.641865630205 418
860.172314347513 225.356885364095 419
871.278661546901 279.866703236423 420
879.314705882353 410.103921568627 421
876.174738219895 53.8134816753927 422
870.789279112754 189.375231053604 423
875.843308675185 369.531271015467 424
879.224367509987 92.0053262316911 425
883.287962569119 454.622713738835 426
880.177055103884 670.441734417344 427
883.981434058899 907.445582586428 428
886.130537507383 868.951565268754 429
888.983487129675 592.810101991258 430
884.483088235294 18.8345588235294 431
899.694455066922 506.037476099426 432
894.545454545455 550.036784025223 433
894.184948979592 124.205357142857 434
897.674197384067 304.25029726516 435
897.313310580205 341.782252559727 436
902.712794742945 759.30459992269 437
897.00325732899 238.132899022801 438
898.049519586105 161.519586104952 439
903.790562913907 946.201158940397 440
902.09503784693 201.760302775442 441
907.053864168618 999.431850117096 442
910.215764620414 819.156193243734 443
915.481381785554 643.7133243607 444
927.186580882353 711.267463235294 445
918.457508731083 64.3632130384168 446
924.50936149784 378.672587614018 447
914.28330206379 9.75234521575985 448
925.154354354354 258.000600600601 449
927.005497251374 462.023488255872 450
930.592675635277 883.18086696562 451
934.346428571429 99.9595238095238 452
929.266450916936 22.4217907227616 453
931.772751183588 574.301946344029 454
942.086034912718 417.519534497091 455
934.441937624419 146.395487723955 456
933.628808864266 190.607340720222 457
937.652272727273 325.397159090909 458
947.215344699778 983.362861378799 459
951.125929861849 285.478746014878 460
952.054155495979 615.510991957105 461
952.366139022712 778.57123193393 462
953.63379650381 530.269385925594 463
957.422572178478 226.837795275591 464
962.582158084618 929.608396195474 465
960.372008701958 842.145395213923 466
957.292990654206 663.248130841121 467
947.387376237624 33.7710396039604 468
959.590361445783 486.210843373494 469
967.979763079961 351.133761105627 470
965.782032400589 129.673048600884 471
968.171786120592 45.5711035267349 472
971.459534883721 68.7981395348837 473
968.708361204013 179.408695652174 474
975.644221105528 12.6572864321608 475
972.92984869326 575.660247592847 476
983.870085470085 454.339601139601 477
985.398819561551 711.407672849916 478
995.23502994012 755.322979041916 479
980.339928057554 96.839928057554 480
991.416146483562 399.412817311694 481
993.756801776791 261.107162687396 482
998.875644525326 894.80406430088 483
996.462777777778 985.296944444444 484
996.99906323185 303.195316159251 485
1000.91562269713 818.719602063375 486
1000.39536567705 155.748008689356 487
1001.35363881402 504.323989218329 488
996.543313708999 611.012615643398 489
1000.75231481481 641.155092592593 490
1001.10325318246 546.544554455446 491
1002.03944636678 677.123875432526 492
1002.60063897764 194.022364217252 493
1002.1706122449 227.376326530612 494
1006.00146092038 26.3623082542001 495
1005.56116338751 119.706586826347 496
1005.3125 352.699375 497
1007.61446808511 71.8493617021277 498
1010.13752276867 442.184881602914 499
1008.05275779376 582.588729016787 500
