27.7413724712416 23.6529155097184 1
20.3736050460941 74.2464822901504 2
21.4878048780488 123.310710498409 3
17.896174863388 167.270491803279 4
27.9474860335196 204.068156424581 5
25.8184357541899 240.411173184358 6
17.815149409312 278.583738707436 7
20.0301240401654 321.24748966332 8
21.734725848564 367.208877284595 9
20.3638418079096 415.327118644068 10
22.9264705882353 457.548076923077 11
20.6397394136808 498.182410423453 12
18.3810169491525 538.562711864407 13
17.0220680958386 583.509457755359 14
19.7876278616659 634.242084754018 15
34.5048805116122 685.857623695725 16
26.2788321167883 732.221897810219 17
21.9424761904762 797.191238095238 18
38.9020210896309 847.18848857645 19
17.588195841717 874.482226693494 20
22.5544072948328 914.066261398176 21
15.7011235955056 956.142322097378 22
23.906976744186 998.700202224469 23
60.8547376664056 763.378230227095 24
51.9684210526316 949.277777777778 25
57.5242825607064 392.769867549669 26
57.8732770120053 586.259670964873 27
57.9181708784597 159.180505415162 28
55.4750440399295 284.496183206107 29
58.2376068376068 335.512250712251 30
59.4790085988872 539.802731411229 31
61.858718487395 490.534663865546 32
62.8655841226883 641.010825439784 33
60.7848238482385 68.2840108401084 34
65.54 114.821052631579 35
67.1115401115401 897.547404547405 36
67.8767865943815 441.210941350419 37
69.4899193548387 1004.75470430108 38
78.7995705082319 822.080171796707 39
81.8805309734513 971.135271807838 40
73.8485254691689 198.621313672922 41
72.1475617479417 237.913869537682 42
81.944900918318 19.8724021266312 43
102.864759427828 713.700910273082 44
90.3686274509804 354.406274509804 45
90.5658174097665 269.530785562633 46
104.544160583942 665.889416058394 47
93.348623853211 296.31880733945 48
96.4867346938776 320.732653061224 49
104.306288032454 609.376064908722 50
102.686686686687 524.149149149149 51
103.070045558087 931.059794988611 52
95.9536567704562 65.7212165097755 53
95.1992263056093 166.476789168279 54
96.534398034398 396.072481572482 55
119.031237155775 854.16358405261 56
107.253499222395 137.143079315708 57
106.924567836564 479.316919853326 58
116.913245873889 564.303427845958 59
107.410714285714 763.849206349206 60
109.847858197932 105.617429837518 61
113.43811737362 891.505520046485 62
108.68045112782 218.002819548872 63
112.608963585434 437.09299719888 64
113.559432933479 250.836423118866 65
116.756434400502 1001.82988072819 66
121.869322709163 41.3227091633466 67
119.418579234973 181.736612021858 68
137.162815884477 803.030324909747 69
124.420376712329 361.909246575342 70
129.970720720721 960.265202702703 71
127.921641791045 287.408582089552 72
133.986565910999 81.5793450881612 73
140.921842288904 15.2944870900209 74
131.563059397884 325.745321399512 75
134.650145772595 207.052478134111 76
141.021456436931 391.576723016905 77
142.700421940928 152.340928270042 78
148.25453812021 500.565550625252 79
153.91579303348 629.106865065945 80
140.982618771727 246.465816917729 81
154.302666666667 906.958222222222 82
160.384779516358 691.339615931721 83
163.603505291005 746.830026455026 84
156.01900070373 114.34693877551 85
153.67094017094 437.23314339981 86
153.583835946924 186.550060313631 87
154.802752293578 277.050458715596 88
159.630827067669 55.0315789473684 89
160.033805888768 221.002181025082 90
157.430965147453 999.839142091153 91
163.996014492754 566.730797101449 92
169.089831565814 349.834684965689 93
165.966887417219 314.309602649007 94
174.967803030303 838.760606060606 95
172.114252061249 959.603062426384 96
175.610341643583 146.869806094183 97
181.364946889226 86.9833080424886 98
175.652390438247 249.838645418327 99
179.978895096214 392.011793916822 100
189.655470737913 461.979643765903 101
195.866731047803 877.36214389184 102
181.582560296846 182.623376623377 103
187.003331112592 16.5729513657562 104
188.779911373708 510.868537666174 105
186.474301172227 287.100991884581 106
201.273421235253 788.829285218598 107
195.306767868438 923.793801391524 108
198.751025991792 667.759689922481 109
197.006531204644 216.319303338171 110
204.841568627451 612.447450980392 111
192.577563540754 1003.67484662577 112
200.406985032074 48.6122594440485 113
208.685295713511 416.665762344004 114
203.234968901175 130.251554941258 115
210.365029292474 558.699864803966 116
210.048275862069 259.819310344828 117
213.039893617021 314.71329787234 118
214.085957021489 361.176411794103 119
218.104344729345 731.624643874644 120
216.020103761349 172.826848249027 121
215.374624624625 954.32957957958 122
217.197592778335 990.505516549649 123
219.202292650034 85.9217801753203 124
236.793895870736 838.36157989228 125
229.307735114079 503.340011129661 126
234.517420696828 896.858034321373 127
232.834319526627 453.81775147929 128
238.707070707071 15.5965909090909 129
235.092704333516 677.898518924849 130
238.515068493151 115.540410958904 131
236.814057507987 219.37571884984 132
239.453717754173 1012.05462822458 133
243.65696969697 51.8618181818182 134
251.61419604056 627.889425398358 135
252.631657541065 402.197112991538 136
249.763281775387 540.732347007397 137
246.571186440678 258.395480225989 138
255.019292604502 584.393354769561 139
254.195534506089 150.857239512855 140
247.005192107996 968.467289719626 141
255.64 933.759365079365 142
253.429019607843 187.597647058824 143
256.349479402445 306.299230421005 144
256.02407566638 791.796646603611 145
259.003712296984 355.469141531323 146
256.58573388203 993.82853223594 147
266.664935064935 749.007272727273 148
267.173495518566 706.758002560819 149
266.037900874636 476.014577259475 150
279.311785181502 74.7961213326703 151
273.892832764505 435.403412969283 152
279.236150424586 883.789729073999 153
274.440590879897 665.344251766217 154
276.330566037736 509.831698113208 155
277.462899931926 114.409802586794 156
285.048306496391 207.52692948362 157
291.154901169827 25.358612343687 158
284.898773006135 1007.84253578732 159
289.64888702226 267.02519949601 160
286.082949308756 551.387096774194 161
288.177825773938 973.777537796976 162
295.689937597504 838.134945397816 163
295.99294947121 160.982373678026 164
300.831644958997 378.332368547998 165
297.293548387097 598.616129032258 166
306.556919642857 323.860863095238 167
294.693087008343 933.682359952324 168
308.564659977703 635.216276477146 169
303.648563968668 788.208877284595 170
304.081859855927 719.104125736739 171
304.73240589198 453.88379705401 172
317.884288145207 415.153715258083 173
309.958570268075 489.736799350122 174
320.28920371275 230.940400586224 175
315.051086318262 675.544920728127 176
313.776291793313 120.595136778116 177
314.75682382134 525.867659222498 178
319.945112781955 568.216541353383 179
322.856119791667 754.790364583333 180
332.123110151188 910.765874730022 181
326.141270820481 1002.00740283775 182
330.560359589041 68.441352739726 183
334.257068062827 187.86335078534 184
334.54939516129 960.95060483871 185
344.127280097284 868.184839886502 186
343.534626038781 280.096952908587 187
343.769827586207 22.5301724137931 188
344.42895562528 814.012550425818 189
346.988965517241 362.337931034483 190
338.529560810811 463.08277027027 191
344.303156640858 608.271590232281 192
352.565005417118 150.938244853738 193
347.912698412698 717.564058956916 194
351.035359801489 107.772952853598 195
347.881558028617 541.160572337043 196
348.100633914422 501.041996830428 197
357.545587162655 430.482129832239 198
356.558441558442 681.109090909091 199
365.76487747958 646.375729288215 200
367.391042204996 320.156761412575 201
360.900709219858 764.63061465721 202
373.425445292621 396.23358778626 203
364.572058823529 575.396323529412 204
372.556535070908 240.65235722499 205
376.979307242465 1001.09941520468 206
380.555606617647 952.524356617647 207
385.342165372316 194.572407492005 208
372.600519930676 466.560658578856 209
384.843101061375 843.957083525611 210
387.883149448345 73.0596790371113 211
382.763179916318 512.084518828452 212
385.85016754428 911.552417424605 213
390.885813148789 29.5653114186851 214
391.453032742888 792.227589908749 215
389.642351274788 616.345609065156 216
386.442003514939 543.689806678383 217
394.347555129434 734.811601150527 218
394.230643402399 113.393129770992 219
404.129919393077 155.045519203414 220
410.735573411249 349.41380569759 221
400.690053285968 483.071936056838 222
399.976987447699 681.291317991632 223
412.288213931991 289.762958071971 224
403.503737780334 439.767107533065 225
402.217881944444 585.033854166667 226
414.552247873633 895.479343863913 227
425.124666666667 973.889666666667 228
420.579426172148 636.306508047586 229
427.689209164819 223.930894308943 230
424.278288868445 393.999080036799 231
422.683333333333 562.036842105263 232
433.741195304162 860.845250800427 233
427.185613359024 823.348747591522 234
425.221966205837 530.215053763441 235
428.043335521996 708.126723571898 236
428.577777777778 775.999382716049 237
435.208880833711 23.6230176710467 238
430.851901267512 487.633755837225 239
439.323232323232 77.930101010101 240
440.961460446247 602.459093982421 241
449.618405394685 128.689408964697 242
456.716805487506 1000.70896619304 243
455.851470588235 178.971323529412 244
445.108554996405 655.815240833932 245
448.310854503464 432.187990762125 246
450.021234240212 748.823490378235 247
456.331555190808 262.173574066475 248
451.146214099217 911.909921671018 249
464.988421052632 321.805263157895 250
459.796500324044 807.883992222942 251
464.774691358025 508.323456790123 252
465.1393514461 679.010517090272 253
474.807949231797 376.025384101536 254
469.078460399704 575.40044411547 255
474.030602171767 465.933366238894 256
469.522222222222 544.457516339869 257
462.30017921147 714.167562724014 258
490.200927908637 941.941113490364 259
482.352094794752 25.568345323741 260
489.574668378263 849.080445014976 261
482.095910780669 607.259479553903 262
487.67154174284 641.502132845826 263
488.039557635049 74.9166312207571 264
488.595785440613 767.371647509579 265
497.614532871972 220.936332179931 266
490.869047619048 892.339569160998 267
499.792317433516 989.547066272689 268
493.935327405012 729.725141471302 269
504.171721311475 120.114754098361 270
501.588781105019 276.146351750316 271
509.555258764608 426.056093489149 272
496.288411458333 806.568359375 273
496.17621899059 689.408896492729 274
514.536665570536 168.311410720158 275
519.0592760181 521.419004524887 276
520.435462842242 480.406779661017 277
521.228887134964 331.497632202052 278
522.819647355164 558.035768261965 279
519.300756620429 598.755359394704 280
524.25826446281 667.261019283747 281
529.449332285939 29.4053417124902 282
534.629152012505 375.570926143025 283
525.537363560034 716.07556675063 284
529.962508080155 757.571428571429 285
530.3095463138 887.953213610586 286
543.134417344173 634.383739837398 287
536.482077922078 800.077922077922 288
543.847238542891 83.9204857030944 289
544.179790026247 285.807524059493 290
542.044030482642 993.317527519052 291
552.213443910956 840.397206460061 292
555.239935587762 937.720128824477 293
551.158490566038 224.052487135506 294
549.180722891566 698.276247848537 295
565.795078957033 131.829966948219 296
569.896800825593 420.223598211214 297
559.799672489083 590.27019650655 298
567.93479776848 473.948744769874 299
582.073387958675 179.485571784824 300
567.333333333333 751.890322580645 301
581.951846488052 545.089790007241 302
574.743624161074 884.337360178971 303
579.242934782609 662.488586956522 304
575.016353229763 27.5838103025348 305
587.411086309524 326.073288690476 306
588.743415077203 278.546775658492 307
575.43661971831 704.671654929577 308
587.5545294635 371.876868953386 309
587.732605729877 802.725784447476 310
584.709252971138 988.283955857385 311
607.041666666667 503.28125 312
596.230197099293 79.5262179248791 313
602.7125 241.549519230769 314
596.939635535308 596.219817767654 315
606.778503562945 636.989311163896 316
602.194583036351 711.07697790449 317
611.051053864169 762.109133489461 318
615.131279020684 842.479949345715 319
618.669098869026 936.780372126961 320
622.037797863599 893.399753492194 321
627.926703163017 446.593673965937 322
620.782824427481 138.693511450382 323
627.823852295409 214.932634730539 324
624.484172288531 1000.10223144785 325
622.820024824162 26.64170459247 326
632.18074735987 388.803818034119 327
635.323463687151 673.42905027933 328
644.502207505519 295.784768211921 329
646.923263327948 343.439418416801 330
644.558551902475 547.31732545253 331
632.423367697594 718.429553264605 332
636.239306358382 594.434104046243 333
646.889245014245 83.4779202279202 334
648.766759222531 804.658865529552 335
651.845084409136 184.618172790467 336
658.281679389313 959.190458015267 337
652.908820023838 633.692491060787 338
667.154818325434 254.321484992101 339
667.694356917789 494.385276425093 340
668.289103965033 863.534186699969 341
667.203137570394 759.958970233307 342
674.746700879765 419.395161290323 343
665.79315960912 138.121064060803 344
669.28 24.0582608695652 345
667.239550842171 711.425452276981 346
682.179723502304 1003.65852534562 347
681.426706827309 587.03765060241 348
705.051741049534 905.173369298676 349
682.714285714286 671.784817692767 350
689.003731343284 205.276119402985 351
693.686327077748 110.118498659517 352
698.01990521327 54.9099526066351 353
702.28703315149 375.674779689467 354
699.816880552813 334.93385982231 355
697.528627015008 627.763757643135 356
701.683069712947 166.087287639133 357
703.875933744722 806.505683663527 358
706.917545541707 297.431927133269 359
707.325916769674 553.383601153688 360
707.360267857143 724.125446428571 361
712.991556091677 231.232810615199 362
714.715952080706 961.937578814628 363
726.585883312933 468.140758873929 364
725.291803278689 430.058606557377 365
723.846669646848 507.745194456862 366
728.38444924406 17.0934125269978 367
725.966785290629 90.0255041518387 368
731.001549586777 267.539256198347 369
721.719279661017 669.797139830509 370
736.976888020833 843.381184895833 371
737.870500927644 761.699072356215 372
733.742398164085 141.170969592656 373
740.899316109422 605.070668693009 374
741.371764705882 191.314117647059 375
754.102 994.430333333333 376
753.218224481815 388.830269847477 377
749.755499685732 54.9572595851666 378
760.353869849827 707.187139006546 379
753.393474842767 331.431210691824 380
753.377242439774 545.065094823168 381
760.949278734295 650.114006514658 382
763.336177474403 225.012514220705 383
773.438452956489 907.733358125697 384
782.893028402803 866.133161195131 385
783.972519083969 947.863358778626 386
768.252880921895 93.3918053777209 387
769.171641791045 130.926865671642 388
787.497092133456 804.78145087236 389
776.201492537313 171.259950248756 390
777.081414033208 262.058382431709 391
783.478175576263 574.790583619421 392
787.533651298357 299.337042925278 393
783.775 507.575 394
780.685220729367 11.4193857965451 395
780.450680272109 41.0076530612245 396
789.047238095238 464.816761904762 397
794.428843226788 414.348934550989 398
788.472453428458 754.320650019818 399
796.647596153846 353.465865384615 400
801.50515843773 675.003684598379 401
812.861913357401 613.442539109507 402
810.660130718954 1002.69654528478 403
807.713424657534 210.457534246575 404
809.188732394366 61.4985915492958 405
815.816420193779 545.031106578276 406
807.377847604085 93.1948153967007 407
809.453980099502 129.830845771144 408
816.085509138381 171.924281984334 409
816.00218579235 32.648087431694 410
827.014884233738 243.472987872106 411
833.643995446784 738.299943084804 412
835.384083044983 841.047866205306 413
834.65795023197 965.664276676508 414
830.384074941452 319.177400468384 415
833.432568550644 370.40906547286 416
832.009590792839 280.54283887468 417
826.688098495212 11.3461012311902 418
839.401119402985 909.615049751244 419
836.008874357777 455.122372723027 420
841.733796296296 511.741666666667 421
845.681570996979 407.280966767372 422
842.639032815199 77.4637305699482 423
849.19602019602 669.641223641224 424
851.743668931439 150.853613341569 425
860.846021947874 570.02914951989 426
863.913714486145 795.408277797264 427
856.888202247191 111.506179775281 428
853.72639011474 45.1571050308914 429
861.695805962607 190.749873673573 430
856.860372340426 13.4906914893617 431
872.645161290323 229.239555790587 432
871.608384945212 330.497379704621 433
878.757836720634 997.168446434723 434
885.585665334095 616.282981153626 435
874.931168201648 276.835191468735 436
888.297865130464 886.381565570993 437
877.692395005675 502.792281498297 438
874.053084648493 454.761119081779 439
881.487833827893 370.896142433234 440
891.03557590701 944.329693554068 441
882.196357878068 417.173396674584 442
888.221291448517 741.694938917976 443
882.836907082521 70.3996101364522 444
899.55183213279 686.650485436893 445
884.209260908281 21.9421193232413 446
901.907985407377 841.905553303608 447
898.413052812366 140.294547015887 448
908.518490847964 541.551737019051 449
905.451731761238 479.946941783346 450
912.944045911047 89.3342898134864 451
917.186077057793 307.668563922942 452
914.294316263365 183.034327518289 453
911.498456790123 390.343364197531 454
919.579074252652 257.704918032787 455
912.055164954029 792.045970795024 456
924.908653846154 218.149519230769 457
915.820069204152 437.982698961938 458
914.433387710712 29.5198477433388 459
931.415311004785 346.511004784689 460
938.886739218057 641.656187021362 461
942.023108460678 594.251956764816 462
941.044320420223 996.015758371635 463
942.450657894737 758.229166666667 464
941.51436296046 939.345386955052 465
948.192255125285 718.538952164009 466
941.604827586207 401.674482758621 467
950.016285381931 884.988367584335 468
951.730421686747 161.379141566265 469
936.793035479632 481.964520367937 470
952.952833638026 101.22084095064 471
952.893472906404 799.271551724138 472
952.272974442632 841.134855899946 473
961.850731707317 676.669756097561 474
952.276685934489 31.6685934489403 475
951.260273972603 537.416154936231 476
962.356377079482 276.451386321627 477
959.594525779758 446.51241247613 478
969.081395348837 356.734011627907 479
972.562570462232 493.910935738444 480
990.337075967511 220.128762541806 481
975.127750177431 410.19020581973 482
989.822413793103 566.794827586207 483
994.360351232692 921.449848024316 484
996.206473594549 78.5243611584327 485
999.12847347528 297.575965355467 486
995.929307805596 985.014138438881 487
997.746383502616 147.765158510311 488
990.703272323905 756.085967831392 489
993.170150987224 820.105110336818 490
997.34693877551 614.002857142857 491
997.827239488117 24.0251371115174 492
1001.09147509579 864.953544061303 493
1000.12358946803 716.073616335304 494
1003.51662269129 521.341424802111 495
1004.18357487923 787.595813204509 496
1002.74159663866 460.332983193277 497
1002.27358490566 665.584905660377 498
1004.3242475866 355.060193072118 499
1005.75494880546 407.711945392491 500
