24.6447625243982 16.1366297983084 1
9.06597671410091 54.3078913324709 2
21.5270491803279 92.8680327868853 3
18.3892215568862 121.268463073852 4
16.3819655521783 151.600810536981 5
13.4447674418605 187.678294573643 6
14.4961173425367 234.252804141501 7
17.3458096013019 274.458909682669 8
25.9407093700371 310.78348332451 9
24.0714285714286 352.74 10
25.5454919720049 401.611774392754 11
18.2127151051625 456.306405353729 12
23.0233321181188 516.492526430915 13
20.1279112754159 582.697597042514 14
23.7790439132852 655.643413007226 15
23.0451854160174 736.368962293549 16
35.9091216216216 791.752702702703 17
27.1807634730539 839.718937125749 18
23.371511627907 883.30988372093 19
13.2508038585209 919.585209003215 20
28.3033846153846 944.948307692308 21
15.7200986436498 991.328606658446 22
42.9302775984506 208.406068431246 23
33.5862068965517 56.7559681697613 24
51.9405331510595 1006.57006151743 25
51.5362087326944 252.217252396166 26
48.7658889782784 168.300884955752 27
67.7443609022556 687.09649122807 28
59.5238095238095 962.183441558442 29
53.827027027027 132.553667953668 30
58.2543252595156 446.693771626298 31
60.8758495695514 903.157680108745 32
65.4244120940649 540.786674132139 33
66.7881981032666 88.8925184404636 34
69.319842053307 496.957058242843 35
64.980965645311 585.904828226555 36
81.2219149671621 623.931558935361 37
61.5740015661707 44.8097102584182 38
73.8654064272212 385.682419659735 39
75.5690607734807 294.339141521462 40
76.1926374180535 340.913767019667 41
76.5623856567874 740.954994511526 42
79.6053184044787 13.8243526941917 43
84.1549815498155 806.583845838458 44
91.0056680161943 854.280971659919 45
86.784799669558 190.862040479141 46
88.9021739130435 134.286749482402 47
97.0127906976744 243.024031007752 48
93.4187554019015 980.838807260156 49
99.5730994152047 892.554905782976 50
98.0866234531526 52.49027695934 51
101.434035238505 449.820799312419 52
104.106253177428 557.21047280122 53
117.651092690279 927.824039186134 54
120.252005835157 656.792487235594 55
123.971539456662 399.457956015524 56
119.728021978022 760.237637362637 57
116.651508712282 326.996175095623 58
125.127853881279 106.037775010378 59
114.423629590208 497.048430015966 60
130.856993006993 709.647552447552 61
124.012827663134 994.032348020078 62
138.165698667578 155.097027673386 63
134.581445523193 18.0658036677454 64
139.940530973451 267.797168141593 65
127.334084507042 810.64338028169 66
137.555498193082 60.2385131646877 67
142.333571173742 205.681056011416 68
138.567641060503 531.989802855201 69
151.850712435233 608.307966321243 70
153.131508078995 567.208707360862 71
148.538812785388 880.559360730594 72
150.091228070175 840.454035087719 73
153.507053291536 452.205329153605 74
163.772843101565 953.879504914452 75
164.49394221808 369.516775396086 76
158.529032258065 1003.10250896057 77
153.483786610879 324.309623430962 78
162.977618621307 770.023724261414 79
165.469069870939 504.372051624388 80
175.271245634459 84.5677143965852 81
175.831725616292 657.626295105395 82
178.504848093083 814.120232708468 83
190.050734779566 416.309307207838 84
191.522213247173 903.846122778675 85
191.128005418219 24.1852353538774 86
186.685153872168 707.925938451133 87
200.728008088979 126.509268621503 88
189.188878676471 258.8359375 89
192.452910553715 216.337908187411 90
190.075546719682 307.252485089463 91
200.256958450988 173.762000806777 92
193.630381303813 857.164821648217 93
206.156394963552 483.850231941683 94
199.911294481692 998.390407426509 95
208.951158734114 558.546723149763 96
213.330304407088 741.630168105407 97
205.616167023555 360.052997858672 98
211.35935706085 782.663030998852 99
219.99943977591 635.103641456583 100
218.668882978723 939.093085106383 101
227.800068823125 65.1820371644873 102
222.189556509299 819.938483547926 103
233.754373687894 971.132960111966 104
236.240196078431 270.373885918004 105
235.794797687861 318.470616570328 106
231.464739884393 864.508092485549 107
239.897345132743 421.765486725664 108
244.430686960099 222.477581242287 109
252.66694772344 464.756745362563 110
243.313541666667 368.241666666667 111
255.561314791403 702.705120101138 112
250.638168557536 163.855753646677 113
262.334921715453 512.286249149081 114
249.258126195029 1001.11663479924 115
261.465397923875 22.0955017301038 116
255.461440136344 105.475074563272 117
260.82278978389 908.556777996071 118
264.599827387802 571.354718066743 119
259.467046894804 796.378960709759 120
260.689934243804 752.97875569044 121
261.261767134599 831.616019818332 122
266.05414244186 635.952398255814 123
279.180038204393 403.608404966571 124
276.051328502415 867.477657004831 125
280.818685669042 288.859461599367 126
283.827309236948 956.509638554217 127
283.881843065693 349.488138686131 128
296.170239076669 57.9130255564716 129
288.676800748363 215.258185219832 130
296.922488526262 670.90413054564 131
290.778207607995 1003.24242424242 132
291.881823297693 118.971862689927 133
295.656635421806 171.538727183029 134
297.540020263425 767.088145896657 135
313.654459284791 247.996122361051 136
310.037933289732 451.086003924133 137
299.531630170316 827.720802919708 138
315.823088455772 615.521364317841 139
316.746418338109 318.49188156638 140
315.903225806452 710.538709677419 141
310.97913141568 904.596164692611 142
313.505895777862 509.732597945987 143
317.637550652859 562.935614588023 144
326.353870458136 17.824644549763 145
321.998655913978 91.6471774193548 146
322.477344992051 390.556041335453 147
324.932072829132 863.810224089636 148
329.325945945946 148.718918918919 149
327.882991556092 783.367310012063 150
332.518957345972 942.829383886256 151
330.843781597573 993.149646107179 152
342.454081632653 662.903988868275 153
348.934326967862 730.554727526782 154
336.176640230714 827.260994953136 155
349.804904435629 201.091236927515 156
350.812651087832 270.710314262691 157
352.321473951715 338.907666243117 158
354.402137232846 53.3166479190101 159
351.762876579203 123.957240038873 160
347.813679245283 890.876572327044 161
354.055982436883 583.127332601537 162
360.000756143667 461.756899810964 163
357.817963496638 520.969260326609 164
356.641121495327 91.7654205607477 165
367.967482400268 401.712034864231 166
363.895942408377 784.877617801047 167
380.900456621005 634.678082191781 168
366.651685393258 995.926966292135 169
384.203466776723 167.811390837804 170
375.632235528942 951.627744510978 171
371.626424870466 833.80310880829 172
375.215120274914 20.2776632302405 173
392.632890365449 235.777740863787 174
388.196787148594 306.001338688086 175
386.207404291123 681.297013041649 176
380.200440528634 744.915565345081 177
376.308278867102 895.285947712418 178
391.489774514945 561.794441531201 179
383.693631669535 123.36660929432 180
391.075495841331 78.3474088291747 181
394.238402061856 497.769974226804 182
404.493718008376 599.732899022801 183
401.735894357743 356.436574629852 184
395.93519441675 1006.10667996012 185
408.820812807882 795.757389162562 186
416.40890052356 527.681151832461 187
407.054271356784 765.401005025126 188
421.706252312246 421.655567887532 189
414.113111726685 463.480147737765 190
410.953805774278 839.580052493438 191
415.518166573505 935.772498602571 192
411.66968566862 887.599360681939 193
425.715711805556 694.780381944444 194
420.875082182774 733.57264957265 195
422.985227272727 974.858522727273 196
411.229862475442 20.6070726915521 197
424.327506899724 281.878104875805 198
428.841247672253 66.2067039106145 199
418.433130699088 121.289260385005 200
444.138865604918 172.15786532551 201
441.07160135462 377.940493468795 202
448.373396353815 220.085752869683 203
446.203072625698 630.484636871508 204
434.483506126296 1006.31479736098 205
451.394142259414 323.87489539749 206
451.889971139971 551.02886002886 207
453.09156626506 865.837590361446 208
449.961414790997 813.503215434084 209
452.18796641791 28.4748134328358 210
451.652352941176 912.163529411765 211
448.800261951539 760.463654223969 212
461.891947694425 486.93358568479 213
466.26123514062 113.451435198608 214
468.616279069767 266.178294573643 215
470.559927360775 944.588983050847 216
475.621914102131 688.79472438282 217
481.143842704381 431.641255605381 218
483.70095902354 581.54620749782 219
474.519174041298 1005.87758112094 220
481.088453747468 977.55232950709 221
475.978336827393 739.455625436757 222
486.713584288052 786.354609929078 223
480.442465093885 370.296100144439 224
484.598447424135 835.465067043049 225
493.636505948654 35.1036318096431 226
495.292520775623 902.207756232687 227
501.235454236135 309.216059884314 228
503.216404886562 532.07722513089 229
507.35590778098 650.286023054755 230
507.749608763693 232.589358372457 231
516.796727676095 96.2077093732668 232
507.212030075188 867.122556390977 233
520.489538855679 168.038215200683 234
515.872890295359 602.618143459916 235
514.64125 472.638333333333 236
512.007391763464 389.822597676874 237
510.455466666667 735.517866666667 238
517.65662999421 953.362478286045 239
516.887323943662 823.592290585619 240
531.626127893291 997.611220086308 241
543.455342902711 338.259170653908 242
535.965710286914 507.407277816655 243
537.780852241284 762.010514665191 244
535.398885350318 924.373407643312 245
548.958919850618 696.681987934502 246
539.726578764747 800.578070784178 247
547.701311806256 569.169525731584 248
544.019865427748 34.9814162127523 249
550.937149719776 431.827061649319 250
542.789516789517 893.176085176085 251
550.978758169935 247.540849673203 252
542.576666666667 856.335 253
561.556065824723 293.021431305013 254
546.632788868724 383.396854204477 255
552.717750257998 628.761093911249 256
565.400771775083 527.815876515987 257
569.665094339623 103.952240566038 258
576.578470254958 833.505382436261 259
574.586221837088 474.896880415945 260
568.649513212796 943.207232267038 261
586.875602277705 224.320630749014 262
579.4030651341 176.975862068966 263
583.334504979496 970.326303456356 264
581.094605809129 748.05020746888 265
584.404683840749 653.307259953162 266
575.595968448729 876.533742331288 267
584.93351800554 592.660387811634 268
583.259904912837 796.26941362916 269
587.260255548083 910.909885675857 270
591.396446700508 1004.12385786802 271
588.264282599215 24.4103794156127 272
586.223648029331 389.711274060495 273
605.740043057051 142.055435952637 274
600.196268946755 334.09483093665 275
605.977154724818 548.848390446521 276
615.686429512516 63.4927536231884 277
610.780882948562 439.470230862697 278
615.44399185336 505.204887983707 279
619.776888604353 723.846030729834 280
614.075348075348 274.988124488124 281
606.816189896531 866.248934875228 282
628.23487544484 675.69474100435 283
621.036206896552 626.503448275862 284
622.970427163198 926.872398685652 285
624.773276904474 102.779322853688 286
632.153364632238 378.149061032864 287
633.674868189807 789.153192735794 288
628.905172413793 200.332512315271 289
629.149150409062 578.420390182505 290
631.09375 973.8515625 291
643.40220661986 238.576730190572 292
638.849368318756 24.1025267249757 293
643.852094901565 316.24078748107 294
635.700167504188 859.13567839196 295
649.619262603461 176.657637321294 296
648.50034270048 1005.50788211103 297
651.247140726007 471.769269020388 298
644.170979667283 143.399260628466 299
659.333850129199 899.402067183463 300
657.331864257382 420.527985896871 301
656.651773981603 603.701708278581 302
663.737201365188 835.911750365675 303
654.394636015326 952.977011494253 304
669.726993865031 519.819894829097 305
673.746818181818 559.655 306
665.072923272035 79.8395688015219 307
669.20633299285 647.602145045965 308
665.957502168257 118.639202081526 309
672.076212471132 278.001847575058 310
674.515211970075 342.620448877805 311
679.35184508586 708.964559736938 312
688.400459921156 752.564717477004 313
680.018004501125 16.0217554388597 314
689.34772462077 53.0875145857643 315
684.894661582459 213.452812202097 316
677.635435992579 942.732838589981 317
681.006661115737 152.462114904246 318
699.059103530345 383.159857199524 319
690.078531073446 997.389830508475 320
699.411712901805 795.232937032144 321
689.772378516624 474.249360613811 322
700.044164037855 867.03596214511 323
698.777722027095 610.798294029102 324
706.702096538274 671.492930277913 325
699.692528735632 172.204022988506 326
702.2776336274 430.927867151012 327
699.516690856314 910.673439767779 328
700.08041958042 105.376923076923 329
700.349282296651 959.192344497608 330
712.354820936639 252.356473829201 331
711.913175470553 830.444444444444 332
712.61685319289 294.913759052008 333
713.794249201278 335.062619808307 334
721.557830092119 492.367963152508 335
729.409145129225 540.983300198807 336
731.332395686826 585.973745897797 337
723.318794098781 19.7787042976267 338
724.417483044461 132.953278070836 339
728.27972972973 62.3581081081081 340
730.005571030641 886.428040854225 341
725.832720588235 179.461397058824 342
732.601159793814 219.279639175258 343
731.529765886288 1002.78127090301 344
739.326875310482 641.600099354198 345
723.754601226994 951.956032719836 346
744.761589403974 701.063281824871 347
741.439007092199 95.5021276595745 348
739.112349914237 916.550600343053 349
738.998943475964 437.177496038035 350
752.201881088344 767.82096069869 351
751.51068200493 379.297041906327 352
751.202836004932 281.842170160296 353
750.980327868852 860.344262295082 354
748.140510948905 962.820255474453 355
751.757679180887 158.610921501706 356
750.469387755102 324.502962475313 357
761.315739868049 814.395381715363 358
764.6930171278 197.078392621871 359
763.949568965517 492.156034482759 360
764.953971119134 46.8384476534296 361
774.257185332012 243.48810703667 362
758.588427947598 17.9727074235808 363
766.69991687448 124.806317539485 364
774.77063642092 727.454316320101 365
770.269906323185 995.484192037471 366
767.838918918919 934.428108108108 367
777.818348623853 573.745871559633 368
770.503806228374 630.518339100346 369
771.915984724495 432.500818330606 370
780.551724137931 70.1635720601238 371
777.458128078818 900.976073187896 372
778.863121185702 352.702702702703 373
792.70873015873 526.486111111111 374
795.209095951192 668.222407099279 375
791.902291105121 102.526954177898 376
786.009135628953 853.544624033732 377
784.013355592654 11.8313856427379 378
794.653050397878 152.796286472149 379
790.717532467532 955.791396103896 380
790.129817444219 324.367139959432 381
795.930066360388 282.25370086779 382
802.734388009992 604.707743547044 383
807.243474347435 406.175067506751 384
805.879361914257 456.707876370887 385
807.298234139961 704.922825376063 386
807.711538461538 751.0842760181 387
804.472987872106 197.157111356119 388
806.891681109185 23.0112651646447 389
802.721166032953 632.61216730038 390
806.853822629969 814.610397553517 391
813.142657342657 885.383916083916 392
810.767693138844 999.603457590492 393
817.351916376307 369.627177700348 394
824.76225946617 783.916201117318 395
810.978624535316 926.017657992565 396
818.306430446194 58.3556430446194 397
826.642055267703 230.719343696028 398
821.247534516765 311.611439842209 399
820.804709141274 341.175900277008 400
835.237981913375 475.237029985721 401
833.292204899777 577.076614699332 402
827.197462331483 849.68834258525 403
830.881321645314 962.302764666217 404
830.110801781737 99.6280623608018 405
836.25228832952 635.525171624714 406
840.945170660857 160.033769063181 407
843.617045892788 532.876590821442 408
846.686534216336 684.684326710817 409
841.09776119403 18.8111940298507 410
844.530311948205 285.622719246616 411
839.410434782609 918.746086956522 412
852.567428571429 724.333142857143 413
858.815255076771 817.020307082714 414
858.08566193312 410.096197892808 415
862.207700101317 764.752279635258 416
857.809424809425 867.523908523909 417
852.82928802589 331.246763754045 418
859.510169491525 1003.76723163842 419
865.207591933571 252.860616844603 420
861.908190224571 369.918097754293 421
863.282359679267 57.7617411225659 422
864.290909090909 105.944827586207 423
868.205364626991 899.066219614417 424
875.52797833935 211.370938628159 425
875.466169419286 448.740543420352 426
877.349114862083 501.489501852614 427
874.704997788589 599.162759840778 428
874.34748427673 652.257337526205 429
868.972149695387 970.728459530026 430
874.463778409091 934.977982954545 431
883.900635470826 138.381282495667 432
880.53835125448 17.6802867383513 433
889.045709703288 311.943865276664 434
901.261870503597 180.834052757794 435
895.763496143959 280.981362467866 436
892.075518672199 342.155186721992 437
903.047284817141 555.904322127817 438
897.235052754982 837.5550996483 439
900.128115264798 708.22546728972 440
904.570722668314 86.9505867819642 441
905.099469496021 873.041114058355 442
921.156724712857 802.003705075954 443
908.212677231026 758.491242702252 444
908.154362416107 371.848322147651 445
906.421985815603 50.9156028368794 446
899.01503164557 973.782436708861 447
914.308695652174 405.263586956522 448
907.984572230014 909.981767180926 449
926.981686541738 1001.84284497445 450
917.637628865979 240.304639175258 451
914.654195011338 612.041383219955 452
917.83476070529 657.734508816121 453
914.609314359638 448.706985769728 454
922.181818181818 492.72192513369 455
924.398154251813 949.176664469347 456
922.83904109589 130.333904109589 457
927.423052959502 15.8915887850467 458
937.512703252033 318.781504065041 459
944.498185588388 277.062208398134 460
949.861089792786 688.351880276285 461
944.830508474576 549.34604519774 462
940.71625 176.855 463
950.261513157895 354.889254385965 464
950.735576923077 853.219304733728 465
949.237677984666 88.4852135815991 466
952.611016467916 223.377626348666 467
951.954452405322 436.590071647902 468
950.850836431227 906.815055762082 469
955.009652509652 43.9777992277992 470
963.715997603355 748.727082085081 471
953.621343222085 614.236918005768 472
961.959873284055 502.193769799366 473
963.585497305242 959.405193532582 474
967.941304347826 394.526086956522 475
963.827721221613 124.136256851997 476
968.246982358403 158.889507892293 477
990.542112950341 799.085443037975 478
992.619406291537 471.128489144883 479
981.130792227205 197.628550074738 480
987.56739345887 562.109514370664 481
992.443020436439 996.466227918254 482
995.154918959668 652.045231813042 483
995.716441620334 24.775615567911 484
988.547804878049 281.862926829268 485
997.389655172414 241.028571428571 486
999.263010827803 711.298987076493 487
998.877472262422 600.92667631452 488
999.462345447733 930.318846009741 489
993.861803084223 348.154211150652 490
998.49332420404 866.851763094831 491
1001.91632373114 314.01646090535 492
1001.7891440501 521.825678496868 493
999.074341765617 75.6535880227155 494
995.201913875598 113.294736842105 495
1000.93073341094 430.317229336438 496
1000.19525065963 153.486367634125 497
1005.47165354331 385.807874015748 498
1009.86403085824 192.363548698168 499
1014.76279069767 126.955813953488 500
