21.0661616161616 24.1025252525253 1
26.6077434493547 72.7375831052014 2
12.8483754512635 126.698194945848 3
11.2064220183486 202.016819571865 4
31.679587628866 263.079587628866 5
27.2188057040998 303.223707664884 6
16.9410272669626 348.211794546608 7
17.3596920923723 399.32400279916 8
13.816874400767 439.245445829338 9
11.2386117136659 482.839479392625 10
23.117912371134 523.727448453608 11
19.5813478556841 561.240980258679 12
12.2608695652174 601.401701323251 13
19.1863320875601 653.029898558462 14
25.3524822695035 708.007092198582 15
33.502964681619 768.257540603248 16
40.4397492454144 824.410030183422 17
22.526678141136 884.611015490534 18
19.6231953801732 948.388835418672 19
18.0171537484117 997.488564167725 20
32.1734539969834 157.138763197587 21
42.3757292882147 229.568261376896 22
42.2019154030327 188.892258579409 23
39.1754032258064 456.271169354839 24
39.2127814088598 613.755265068991 25
48.3106910809214 375.991139988187 26
37.396878483835 489.451505016722 27
48.6996441281139 121.538790035587 28
52.5394641564084 423.047791455467 29
59.0372670807453 925.771141901577 30
61.0095419847328 668.456583969466 31
53.4650432050275 1003.48703849175 32
64.613404565323 333.914521612433 33
64.2647584973166 590.426654740608 34
68.2081930415264 968.286756453423 35
59.019410496046 558.849029475198 36
66.6362865621026 24.7621873675286 37
68.4312590448625 98.1259044862518 38
63.2646766169154 499.753233830846 39
78.0176715176715 728.599792099792 40
80.2773885350318 876.961146496815 41
73.8419792498005 530.38148443735 42
74.1327319587629 160.768041237113 43
73.9488888888889 463.175555555556 44
77.6808346213292 622.009273570325 45
81.3559907834101 207.889976958525 46
91.210861423221 286.956554307116 47
88.5953686776356 75.102985984156 48
88.6474901297236 414.073322053017 49
103.25140875596 241.040745557 50
97.2796517954298 376.402067464635 51
110.308124076809 783.846676514033 52
92.7143916913947 1001.17804154303 53
100.652549019608 643.36 54
105.45497382199 129.335602094241 55
108.495428571429 44.9577142857143 56
106.879726890756 682.555147058824 57
98.9619118745332 500.923823749066 58
114.841488628532 832.114748449345 59
102.638747268755 585.206117989803 60
105.136609336609 930.136117936118 61
110.073170731707 551.333333333333 62
113.153474054529 332.31310466139 63
112.953800298063 454.684550422255 64
114.263130252101 179.428046218487 65
127.009453072248 13.6839972991222 66
126.025352112676 966.522253521127 67
127.309534368071 733.641241685144 68
131.848267622461 608.906212664277 69
133.502168674699 91.4592771084337 70
131.818299805321 512.94873458793 71
129.434046345811 1006.39037433155 72
143.455743104158 871.248662000823 73
148.642148760331 916.514462809917 74
146.158984981875 416.162092180217 75
146.554378818737 264.704276985743 76
139.67536407767 380.81067961165 77
141.907289002558 648.435421994885 78
156.014064190408 210.115037865128 79
148.221216691805 151.864756158874 80
155.25322997416 482.278552971576 81
157.000417188152 694.093867334168 82
162.012629161883 311.794489092997 83
149.620215311005 553.059210526316 84
157.313024035774 36.412520961431 85
171.752930568079 360.65734896303 86
161.443958447239 987.41935483871 87
172.603649265079 443.066396350735 88
169.675310642896 585.646677471637 89
170.969224620304 754.247402078337 90
172.523640241735 810.786349093494 91
172.641097424412 107.141097424412 92
181.032336790726 64.339841366687 93
186.876953907816 525.442084168337 94
181.036354823073 641.513814832768 95
193.023853211009 939.916697247706 96
198.113947696139 15.7596513075965 97
192.763078089462 866.643290371494 98
186.00393258427 153.151123595506 99
195.915698763582 263.945672536531 100
195.753607696419 995.105291288081 101
210.53338762215 716.736563517915 102
206.191163976211 199.943925233645 103
213.086185438706 402.611076540137 104
204.149269311065 598.984342379958 105
211.463898916968 470.08844765343 106
215.167717528373 672.263976460698 107
215.736464682682 338.94621728218 108
216.719921104536 764.992603550296 109
227.126893164142 904.649201801064 110
213.477043673012 96.8129899216125 111
221.967312348668 48.3432203389831 112
229.299 550.2305 113
220.796642685851 815.236450839329 114
235.238489871087 293.976519337017 115
233.494470774092 231.202211690363 116
221.814326647564 151.390830945559 117
235.098335854766 1005.80105900151 118
242.171965317919 509.726396917148 119
245.505432595573 632.612072434608 120
238.788172043011 968.82311827957 121
247.324763903463 586.289087093389 122
249.340156794425 857.729094076655 123
249.410052910053 111.677248677249 124
253.470695970696 10.2637362637363 125
260.68510954326 428.58930560713 126
265.675619114057 371.288106034182 127
257.825072886297 75.8309037900875 128
256.43186440678 778.997288135593 129
260.151408450704 33.4084507042254 130
269.109510086455 694.32492795389 131
265.3985 739.6605 132
272.750974447813 946.906886097878 133
266.30637254902 262.240196078431 134
268.54476301931 188.976594499707 135
259.927125506073 152.165991902834 136
271.284490532011 474.878719567178 137
273.915406427221 321.218336483932 138
266.243279569892 816.161962365591 139
274.966496722505 224.743627093955 140
277.821701720841 903.362332695985 141
284.092228864219 541.173356105892 142
283.274865262126 999.03331700147 143
284.505804311774 57.9162520729685 144
297.413569723832 651.256392771906 145
296.69168591224 595.622016936105 146
294.333804143126 109.135122410546 147
300.467694131595 832.289863663308 148
300.180206794682 277.002954209749 149
307.393740535083 876.283190307925 150
299.032455603184 783.500306184936 151
312.160640732265 501.618306636156 152
308.507834101383 159.864976958525 153
314.686979395002 394.364752301622 154
312.586677367576 11.6420545746388 155
311.669247009148 41.9042927515834 156
313.779261237205 440.250111259457 157
312.143831370118 207.984500929944 158
313.447718631179 739.962927756654 159
314.714285714286 309.29103343465 160
322.988106565176 347.465271170314 161
323.70332326284 250.149244712991 162
328.234012649332 935.077301475755 163
329.623593590181 989.060688714627 164
335.455870764381 702.465721040189 165
332.895939086294 559.34475465313 166
337.849600709849 77.0403726708075 167
342.347846889952 121.737320574163 168
335.733250620347 789.065756823821 169
347.512761020882 616.014694508894 170
347.720269619644 478.20991815118 171
341.138233310856 832.973701955496 172
358.079540795408 664.546945469455 173
350.203599550056 297.129921259843 174
346.231434751262 870.991348233598 175
348.484629294756 212.694394213382 176
356.706685499058 31.6327683615819 177
362.087181528662 162.68550955414 178
366.104439959637 906.46770938446 179
364.938712522046 529.592592592593 180
360.496753246753 378.964285714286 181
364.095173658097 428.823635543527 182
365.203430204859 751.546927108147 183
372.920289855072 258.432194616977 184
375.081433224756 336.599348534202 185
369.991316931983 802.186685962373 186
381.414454277286 996.47087020649 187
387.215932066316 587.141932875051 188
391.698484227776 946.790659565752 189
392.201074928865 99.634840341448 190
380.838466803559 858.522929500342 191
394.205844434895 717.1822088526 192
382.69825436409 212.028678304239 193
393.450928381963 475.72590627763 194
392.439178515008 25.1743022643497 195
398.348589675359 294.493347525279 196
399.367681498829 819.966432474629 197
401.241089108911 648.188118811881 198
399.257320872274 387.623676012461 199
402.777139208174 777.045977011494 200
422.247102457116 60.8465461288827 201
406.1005859375 529.04443359375 202
414.831679781047 158.453643516935 203
414.409638554217 899.936385542169 204
410.652120467117 429.578365089121 205
423.704070981211 687.757828810021 206
414.19025974026 342.652597402597 207
414.922523961661 851.380191693291 208
426.496855345912 617.385363064608 209
414.677887788779 210.128052805281 210
426.864015394484 244.834509300834 211
432.023379383634 564.392136025505 212
430.170744970092 976.21261555193 213
436.92808988764 275.537078651685 214
433.926624737945 767.327044025157 215
436.742013261001 19.3122362869198 216
438.391454965358 491.119515011547 217
448.961809635723 1007.08343125734 218
444.075401730531 315.450556242274 219
435.787853577371 395.151414309484 220
445.095404304828 452.796974985457 221
446.504566210046 733.868150684931 222
443.681719260065 812.108813928183 223
456.519036519037 129.426961926962 224
447.57719054242 360.283031988873 225
450.308345120226 935.555869872702 226
444.79532967033 863.978021978022 227
461.739284136103 88.3389306230667 228
456.075319753671 203.064424443392 229
458.532297231666 658.270519669743 230
458.748938750758 525.026076409945 231
461.208556149733 599.506833036245 232
465.570351758794 413.359296482412 233
470.565754159957 895.005367686527 234
476.563803978651 710.873362445415 235
481.851890756303 50.2736344537815 236
488.318635607321 172.859400998336 237
475.583283223091 248.871918220084 238
475.583275261324 289.685017421603 239
474.557414887478 774.3525678015 240
477.280289330922 840.37552742616 241
479.241656365884 559.888751545117 242
481.150302114804 15.1472809667674 243
484.246088193457 973.279279279279 244
489.661592505855 332.746487119438 245
487.019765287214 369.471896232242 246
485.415623136553 491.632677400119 247
492.84752891693 625.622502628812 248
495.025254978145 446.461389023798 249
502.84962406015 801.396616541353 250
502.032275132275 677.937566137566 251
506.401860877271 926.019051838724 252
509.36836886465 220.177987109569 253
508.420107719928 871.622980251346 254
513.969942196532 1005.24161849711 255
512.841926070039 396.285505836576 256
514.740308267165 755.808500700607 257
514.953227676846 131.431001159644 258
514.605995717345 532.908458244111 259
514.52184320766 578.865948533812 260
518.867946480512 299.296684118674 261
521.816043193213 80.6513690705746 262
521.168738898757 263.006512729426 263
521.471615720524 830.032023289665 264
525.012086179716 24.3384130320546 265
522.703275529865 483.762363519589 266
538.058385579937 718.585031347962 267
535.384460141271 965.59687184662 268
534.256198347107 617.558441558442 269
538.878523833931 662.459764223475 270
539.319223985891 335.514991181658 271
548.76001540832 197.964946070878 272
545.561714019562 421.748952026083 273
545.984187568157 888.329880043621 274
556.818331503842 463.272777167947 275
557.940212150434 153.54050144648 276
555.170680185889 789.495986480777 277
553.3986275733 512.163443543356 278
554.171220400729 844.416514875531 279
566.707783921735 366.151850276478 280
554.671140939597 575.600366076876 281
560.701500258665 925.203310915675 282
563.411003236246 254.347491909385 283
566.477059436913 998.5771637122 284
569.975897161221 64.2153186930905 285
572.325679475164 105.985941893158 286
573.009213323884 544.778171509568 287
564.967391304348 22.8546910755149 288
585.53672942045 300.113695090439 289
585.927820094305 744.304316285818 290
582.133308013673 679.490695024687 291
576.273827534039 625.353504790721 292
589.380781089414 405.19681397739 293
589.623693379791 956.247386759582 294
596.076307692308 487.934769230769 295
593.501158748552 834.589803012746 296
596.889300847458 873.113877118644 297
601.208502024292 582.826417004049 298
604.479041916168 450.642215568862 299
607.769976726144 189.141582622188 300
607.513632718524 235.772654370489 301
602.443960826986 144.307399347116 302
604.151315789474 523.259210526316 303
605.8783847981 795.93919239905 304
607.820984315846 911.683612763656 305
613.525307125307 333.048648648649 306
609.540607872446 21.7199800697559 307
608.774193548387 1003.79713261649 308
627.074801792485 706.095139607032 309
618.272898961284 66.0339943342776 310
625.087786259542 376.417666303162 311
621.008354218881 630.280701754386 312
629.045662100457 112.26230339929 313
622.235239852399 968.839483394834 314
637.59305856833 554.189154013015 315
640.258862324814 268.273701566364 316
635.773563218391 420.55 317
638.718118035493 761.168799009492 318
641.813342318059 937.127358490566 319
655.937379203711 666.691534596057 320
650.201183431953 823.954881656805 321
648.263376192451 501.279137287433 322
646.085432098765 872.551604938272 323
657.553100498931 155.328225231646 324
647.104308390023 984.517006802721 325
661.566366704162 298.435883014623 326
663.550342836521 602.141465175027 327
654.566805845511 1008.99164926931 328
666.364793542378 214.467867122012 329
662.771164021164 453.371693121693 330
656.002302820956 343.651698330455 331
658.695791399817 21.5713632204941 332
663.781332164768 84.2743207712533 333
664.157036029912 906.68252889191 334
672.57645923782 396.985528219971 335
673.051968503937 966.861417322835 336
691.537717601547 538.962282398453 337
679.059958071279 762.014255765199 338
691.57799091368 41.7486118122161 339
700.83730656629 719.659556670849 340
700.211979166667 683.142708333333 341
699.693869582194 846.974228816868 342
694.528859060403 935.69932885906 343
698.136971046771 316.080178173719 344
697.568235294118 360.941176470588 345
699.693528693529 481.506308506309 346
705.85409556314 105.694112627986 347
697.182978723404 1005.44397163121 348
706.627683197631 263.940784603997 349
707.061733615222 638.463002114165 350
709.975843558282 798.713573619632 351
704.437986507525 891.339906590555 352
705.258431372549 156.37568627451 353
714.266366612111 587.458674304419 354
719.12682748538 410.700292397661 355
713.056137724551 976.465568862275 356
722.560086611332 215.616744857452 357
737.396989651928 17.3414863593603 358
725.586086956522 61.3095652173913 359
734.289571201694 456.219692959238 360
739.60573630137 749.273116438356 361
735.824902723735 953.256031128405 362
736.138 352.652 363
742.556825823806 921.550100874243 364
745.149356617647 300.329503676471 365
753.360820595334 499.842719227675 366
752.511991657977 547.927702467848 367
750.652705061082 169.478621291449 368
751.613203367302 665.076207354896 369
755.636484687084 1002.11096316023 370
755.377622377622 115.613199300699 371
757.625716625717 609.600327600328 372
757.389934690741 849.252016903573 373
760.611884865367 891.533890436397 374
767.05401459854 705.27396593674 375
762.875048058439 796.712802768166 376
771.577277757285 261.8742161564 377
766.872170439414 66.7248113626276 378
776.975664545114 382.68625982778 379
774.874650698603 438.622355289421 380
778.489435101337 213.113410952997 381
778.251097025841 332.746952705997 382
778.822829440282 960.443807844866 383
789.652193577567 745.611488014473 384
796.426426426426 24.9271771771772 385
794.483836777954 132.307896131426 386
798.439550561798 621.323595505618 387
803.898891501512 559.170305676856 388
802.36761487965 492.210065645514 389
805.467429577465 829.148767605634 390
810.840731070496 926.239089891831 391
803.41504178273 172.895821727019 392
802.771414342629 671.356573705179 393
816.822398190045 82.8220211161388 394
815.780849358974 411.124599358974 395
821.529117541979 877.368703108253 396
821.355515041021 992.427225767244 397
819.580477673936 321.255451713396 398
824.05621956618 787.674634794157 399
821.898076923077 264.768846153846 400
830.274464119292 708.904939422181 401
829.299655002464 214.824544110399 402
842.625922887613 461.44257588187 403
842.617135207497 596.038375725123 404
845.835075493612 522.232675183895 405
843.275423728814 752.072975517891 406
851.601295430011 363.076646275639 407
842.135148274186 644.937287311619 408
840.17970858068 126.804641122504 409
846.18094255246 34.8455452356381 410
845.495846645367 168.617252396166 411
859.4033680834 830.779069767442 412
861.40493089279 929.041090773254 413
862.216438356164 412.446118721461 414
871.569934640523 685.24183006536 415
868.479848269322 278.651967757231 416
874.234879032258 569.79939516129 417
873.693561532192 97.6116544417278 418
874.045302013423 236.619686800895 419
877.811572700297 971.446587537092 420
876.88881535407 1006.65916611516 421
872.143076923077 196.970769230769 422
885.125136811383 323.186428310835 423
880.697472651829 873.119954734063 424
883.297105406882 482.462042599672 425
893.953327026175 795.815200252286 426
893.660389824909 737.824578790882 427
887.916235780765 154.465873836608 428
888.613575865129 636.621118012422 429
888.985590778098 29.2564841498559 430
894.401752190238 537.481852315394 431
897.802832244009 437.062091503268 432
908.242214532872 379.953479430988 433
912.065732758621 599.290409482759 434
915.613646433319 76.2999556933983 435
910.853741496599 507.488095238095 436
918.391516333496 899.499268649439 437
906.493180186648 199.59368269921 438
914.310834813499 938.279455298994 439
918.552230046948 122.346244131455 440
916.135028248588 279.40395480226 441
922.867171918628 688.443558037495 442
921.405475880052 240.096479791395 443
921.601053324556 998.892692560895 444
939.784146341463 853.485975609756 445
927.922190201729 467.396974063401 446
934.448364336113 566.912764592688 447
930.105359317905 20.9866017052375 448
937.060722521138 963.39431206764 449
946.16835443038 348.640506329114 450
936.281061519903 417.665259348613 451
940.135557872784 162.152763295099 452
946.091822094692 307.286465805835 453
939.689525598873 638.854861437295 454
940.213973799127 531.31615720524 455
947.229617834395 792.994267515924 456
941.363112391931 204.986311239193 457
953.016587677725 734.190589031821 458
945.142548596112 498.840172786177 459
953.851063829787 54.1652065081352 460
961.420863309353 255.627440904419 461
956.111753371869 120.082851637765 462
956.285714285714 1003.84630541872 463
961.843290891283 445.674828599412 464
965.315118397086 917.634335154827 465
965.777541245343 599.035125066525 466
976.44997236042 386.606965174129 467
971.292031098154 674.571914480078 468
968.121794871795 475.567307692308 469
971.474380165289 15.8330578512397 470
980.297397769517 71.4907063197026 471
972.169724770642 549.097859327217 472
970.998479087452 967.038022813688 473
974.237492083597 199.384420519316 474
977.591954022988 418.566091954023 475
976.805019305019 508.492277992278 476
981.799078341014 108.992626728111 477
994.56 829.19674796748 478
998.00911251981 886.356973058637 479
998.276679841897 765.884297520661 480
995.848246991104 163.846677132391 481
996.502079866888 303.875207986689 482
999.157947184853 640.209765819631 483
984.713147410359 1005.64807436919 484
1002.35480901979 703.909802116889 485
1000.78676820562 354.633031889576 486
999.455759599332 458.919031719533 487
999.907303370787 255.04606741573 488
1003.79343629344 943.595238095238 489
1004.39013998783 27.7559342665855 490
1003.40695652174 561.513043478261 491
1005.78592814371 212.149700598802 492
1006.50437062937 126.88548951049 493
1005.24497991968 526.357429718876 494
1005.21181716834 982.177257525084 495
1004.08726415094 597.437893081761 496
1006.56589958159 491.237447698745 497
1009.08860759494 420.723206751055 498
1009.28044280443 79.5193726937269 499
1009.96617336152 1009.58985200846 500
