21.6415512465374 45.7221606648199 1
19.2163712200209 113.513555787278 2
14.3555555555556 154.981196581197 3
14.8839383938394 198.78602860286 4
18.7287278854254 266.949452401011 5
19.5233457462045 362.699513033515 6
16.9997870981478 488.21141153928 7
22.6533562822719 607.857831325301 8
32.887633396108 651.026365348399 9
21.0419136325148 690.435647756139 10
34.4774325908558 740.633645955451 11
42.271345675601 791.870406189555 12
23.0421291624622 855.935166498486 13
10.783570300158 930.76224328594 14
18.147655703289 982.246326102169 15
30.5718132854578 1009.13644524237 16
31.9542280837859 306.940263770365 17
59.7567415730337 393.02893258427 18
62.5841936632253 574.532929868281 19
63.2547673531655 224.453852021358 20
42.6549618320611 933.680916030534 21
38.7443491816056 155.383476227592 22
53.2844656336909 515.873659117998 23
82.4712602641914 15.2938236344163 24
73.6348178137652 544.138461538462 25
97.2192118226601 427.804187192118 26
73.738171469228 475.581643543223 27
68.7711648631445 111.505728835137 28
78.2644974226804 171.031572164948 29
69.7371534195933 875.750092421442 30
91.205273480061 694.57507082153 31
78.0667714061273 969.09740769835 32
76.9348970799426 999.418382000957 33
77.8777855153203 58.3478412256267 34
69.9628936700967 293.922045525413 35
85.5227091633466 450.883665338645 36
79.615671641791 344.663646055437 37
79.7043530834341 821.056831922612 38
85.5545267489712 616.850823045267 39
81.6448032290616 942.093844601413 40
76.046992481203 742.826127819549 41
100.461827284105 910.257822277847 42
114.077904929577 648.180457746479 43
110.065649560795 389.556171983356 44
119.290136411333 225.851521511018 45
131.463687150838 746.401472828847 46
100.291925465839 790.212422360248 47
105.189685314685 856.201048951049 48
116.707296849088 517.296849087894 49
110.040550325851 98.9572773352643 50
113.248217757615 323.136746597537 51
121.242323651452 544.030705394191 52
133.817672413793 283.227586206897 53
125.121462264151 578.338443396226 54
121.643835616438 934.580669710807 55
127.894324853229 826.208088714938 56
128.88813303099 1008.87528344671 57
125.162 135.125 58
127.731191222571 873.825235109718 59
141.544002411091 52.6057866184448 60
126.878695981804 966.244882486732 61
121.826245443499 471.127582017011 62
146.799915397631 157.375634517766 63
139.01226993865 96.1546012269939 64
138.907084785134 786.177119628339 65
146.415637860082 106.670781893004 66
141.123255813953 438.729069767442 67
150.162330316742 504.91628959276 68
155.085714285714 984.886930091185 69
137.608040201005 326.585427135678 70
155.399607586658 677.154349247874 71
149.587628865979 608.5 72
150.19616519174 623.069321533923 73
172.212142857143 355.859285714286 74
158.060114503817 376.412213740458 75
154.2890625 892.4921875 76
157.623217922607 10.8441955193483 77
152.643421052632 590.365789473684 78
166.533101045296 410.348432055749 79
159.67576419214 257.406113537118 80
182.358297078931 471.83188315724 81
186.431070678796 905.500349895031 82
162.113539769277 215.945962355798 83
174.423917702529 941.653664809258 84
158.789420142421 325.110885045778 85
174.379013312451 840.815974941269 86
176.803942461375 542.263718700053 87
182.676709154114 867.871958285052 88
179.14823943662 797.997535211268 89
183.03037037037 572.857777777778 90
168.078494623656 115.491397849462 91
200.130376344086 169.747043010753 92
182.078723404255 34.4609929078014 93
172.443254817987 613.391862955032 94
186.190201729107 314.033429394813 95
204.662973760933 993.799416909621 96
227.350574712644 729.222109533469 97
189.075247524752 652.210561056106 98
202.739918724601 103.208815254767 99
182.5 249.88255033557 100
188.354587869362 609.51632970451 101
200.061486486486 684.506081081081 102
202.206930209858 405.234260614934 103
212.299816345271 521.812213039486 104
228.042830540037 222.695220360025 105
202.475203552924 251.957809030348 106
219.582323232323 296.24595959596 107
219.38816362054 595.044386422976 108
206.111952861953 26.5749158249158 109
246.705957230143 787.459775967413 110
228.717292746114 833.973121761658 111
227.966284558328 931.909305461902 112
232.290155440415 353.037749814952 113
235.483790523691 326.9642560266 114
240.935522034901 450.442176870748 115
225.850344827586 38.6096551724138 116
237.084355828221 387.329243353783 117
232.774246575342 667.288219178082 118
250.252461951656 67.9444941808415 119
248.646017699115 896.176991150443 120
253.14373088685 82.3990825688073 121
250.192606115929 626.597444089457 122
245.029948867787 125.449233016801 123
248.058671824629 518.102192134107 124
263.964513193813 96.3803457688808 125
247.881904761905 10.5542857142857 126
274.553100498931 994.837728676645 127
272.409041980624 288.899174739864 128
274.503034901366 864.92564491654 129
270.540812898891 172.620423244877 130
252.558558558559 47.0630630630631 131
277.435827041867 130.104323953329 132
282.015933494978 562.135781087634 133
277.43328391401 244.465530022239 134
252.928888888889 31.1555555555556 135
281.123750594955 398.317943836268 136
277.834988540871 601.728800611154 137
293.648484848485 961.123415977961 138
277.850616016427 341.207905544148 139
289.640413683373 655.956642800318 140
273.050505050505 13.9163059163059 141
278.825594563986 432.744054360136 142
289.609645817634 932.433308214017 143
272.938356164384 54.3527397260274 144
271.373056994819 37.8963730569948 145
301.047739969528 482.070086338243 146
308.472571428571 708.678666666667 147
307.432653061224 214.218367346939 148
295.624896949711 513.352844187964 149
297.792417061611 452.990521327014 150
309.378051161882 796.903534465925 151
293.424208144796 54.2805429864253 152
307.243243243243 26.916618746406 153
310.205711519845 878.275895450145 154
306.134028294862 360.816083395383 155
322.830947511929 88.1363326516701 156
319.615507593925 529.792166266986 157
308.620575221239 599.12610619469 158
330.721835883171 318.427445526194 159
328.65178096757 635.214779372674 160
319.486656962639 155.659873847647 161
329.38555922605 435.752241623407 162
330.070046082949 921.576036866359 163
345.572836218375 275.257256990679 164
329.065088757396 894.270710059172 165
352.205701912667 405.341392998917 166
365.450068399453 8.21956224350205 167
353.695711060948 116.850112866817 168
334.236123348018 587.278414096916 169
335.123563218391 359.086206896552 170
349.651079136691 742.821492805755 171
343.863521055302 954.689497716895 172
365.362990335418 997.347640704946 173
347.787101787102 174.181041181041 174
360.118069145466 554.53228962818 175
363.380428134557 39.3755351681957 176
357.758426966292 490.117602996255 177
358.423120946204 223.402518122854 178
370.619077306733 844.56421446384 179
356.089254257193 873.863769817968 180
359.918116683726 528.624360286592 181
377.225626740947 815.738161559889 182
371.030112923463 646.841593475533 183
373.990191499299 788.270901447922 184
368.302508607968 590.920806689621 185
371.102008032129 348.577911646586 186
372.362956810631 911.362956810631 187
411.976647638817 711.33316035288 188
402.175043327556 449.695469175539 189
386.243663399797 172.73876309564 190
387.138219895288 101.102617801047 191
391.020432692308 744.1171875 192
380.005305039788 940.949602122016 193
391.864784546805 964.809806835067 194
374.778156996587 759.501706484642 195
402.766291230893 380.742156074014 196
411.791379310345 298.647126436782 197
408.453930244664 269.889640812077 198
403.021100226074 533.340994724943 199
401.164519906323 884.644613583138 200
422.805053025577 53.8147223955084 201
413.101119104716 224.018784972022 202
405.250626566416 643.055764411028 203
425.851330203443 339.382368283777 204
411.33148295004 830.821570182395 205
414.684817424728 931.959641255605 206
440.68499607227 682.523173605656 207
425.511443661972 1008.73767605634 208
435.629677006716 589.860249440358 209
412.232774674115 112.969273743017 210
433.27151799687 508.805946791862 211
417.9675 973.6525 212
443.125990939977 155.782842582106 213
435.573896353167 474.873320537428 214
446.081520314548 764.269462647444 215
448.928377153218 396.751284375944 216
456.191230207065 18.4267153877385 217
434.626988803771 885.603417796111 218
440.685931558935 93.6608365019011 219
443.723163841808 638.347457627119 220
451.017283950617 302.539094650206 221
431.420606060606 829.710303030303 222
445.943691345151 541.409801876955 223
469.81638225256 565.97337883959 224
455.559744779582 204.933294663573 225
449.790608160123 250.264819091609 226
445.865198711063 957.162728249194 227
475.957951848084 994.741607324517 228
455.201352366642 832.401953418482 229
471.343763772587 108.996914940502 230
461.408893709328 332.312364425163 231
489.534358047016 432.966847498493 232
456.432 476.993333333333 233
463.163701067616 884.791221826809 234
478.137396121884 785.247645429363 235
494.619643332446 926.102475379292 236
476.283567134269 527.597194388778 237
475.903102625298 645.886396181384 238
471.644305772231 492.460218408736 239
519.624495289367 53.8885598923284 240
487.936469150886 343.115455100794 241
485.483190883191 241.533333333333 242
490.202716823406 295.355799373041 243
488.895846645367 174.635782747604 244
487.760886777514 861.274742676168 245
499.145374449339 803.640969162996 246
514.90895101308 734.612977686586 247
505.870604147881 371.636158701533 248
522.988456375839 95.1570469798658 249
494.242780748663 492.477005347594 250
506.499494438827 213.5783619818 251
522.351594439902 460.203188879804 252
515.885869565217 610.211462450593 253
503.436274509804 19.6384803921569 254
518.899285714286 827.119285714286 255
511.022299306244 529.774529236868 256
496.348608837971 659.438625204583 257
512.15023923445 265.837320574163 258
527.853011093502 566.064976228209 259
521.09541511772 984.765386204048 260
536.26582278481 686.890440855522 261
511.748031496063 160.896653543307 262
509.868621064061 868.067318132465 263
542.233429394813 16.8731988472622 264
521.601748807631 648.859300476948 265
535.970134874759 777.480732177264 266
528.072892938497 200.895216400911 267
538.137871853547 303.671624713959 268
545.56233135456 228.623313545602 269
559.784997046663 128.500590667454 270
541.075788751715 384.0219478738 271
537.361391694725 874.653759820426 272
550.411942881869 935.803548247512 273
534.26801517067 164.126422250316 274
543.328485885372 269.764756201882 275
543.225190839695 190.507633587786 276
560.388470527136 493.254219683199 277
552.357142857143 804.430651872399 278
566.444889779559 324.24248496994 279
550.635499207607 648.705229793978 280
566.913337084975 846.416994935284 281
565.610806577917 582.628034455756 282
557.168644906034 990.841246290801 283
574.970297029703 721.423412929528 284
574.907681940701 886.584905660377 285
569.360979462875 760.814375987362 286
613.956881355932 442.418033898305 287
570.500503524673 176.202416918429 288
586.607669616519 247.943215339233 289
577.318181818182 356.176136363636 290
568.465591397849 649.917204301075 291
612.242765628451 523.714822178043 292
588.538233110616 921.010393466964 293
593.204241948154 386.421445404556 294
589.972913616398 688.85944363104 295
593.581706636921 193.227551589515 296
601.264488935722 19.5230066736916 297
610.819892473118 628.821505376344 298
597.706913339825 799.550146056475 299
595.903592814371 965.178443113772 300
613.219135802469 996.28125 301
622.325691325928 54.3991964074687 302
617.031289111389 282.903629536921 303
600.392759562842 595.877732240437 304
591.878359264498 653.24045261669 305
605.138472032742 759.949522510232 306
614.637806637807 314.595238095238 307
620.501404494382 831.621488764045 308
617.337686960185 133.432904992627 309
616.729867482161 887.724260958206 310
614.060034305317 336.367066895369 311
623.723052714398 577.707317073171 312
624.800804828974 665.390342052314 313
625.133779264214 711.411371237458 314
637.921745673439 955.318284424379 315
629.708202599731 217.774988794263 316
629.227979274611 748.227979274611 317
629.852150537634 928.185483870968 318
644.328982497775 358.475526549985 319
666.139099420419 1004.51761034329 320
663.173848439822 86.5468053491828 321
661.304805491991 925.886498855835 322
653.828190971095 575.566092887301 323
681.437047756874 860.286179450072 324
659.282805429864 268.844645550528 325
658.136208853575 159.663450624291 326
659.236220472441 673.823818897638 327
662.390804597701 47.6656217345873 328
657.15923566879 243.054140127389 329
654.409312398484 745.501894964808 330
657.071428571429 220.035714285714 331
693.370962139632 894.710316081973 332
672.89814126394 822.008921933086 333
700.139836289222 493.831514324693 334
687.742371403662 643.061028770706 335
687.660154475239 469.389822807815 336
698.43063773833 787.228796844181 337
685.299249901303 316.973154362416 338
691.42512908778 384.510327022375 339
675.016563146998 186.648033126294 340
686.179634966378 278.133525456292 341
709.104846083511 522.805242304176 342
692.197183098591 205.035211267606 343
700.544846992613 433.163207879001 344
680.46875 140.185546875 345
678.840148698885 242.723048327138 346
691.725290697674 602.15261627907 347
684.226522481503 738.346613545817 348
710.086466165414 559.763157894737 349
692.64800861141 685.959095801938 350
701.479181124219 966.796668979875 351
713.293526785714 8.87165178571429 352
701.99762695776 34.2567631703844 353
691.085910652921 225.786941580756 354
687.189376443418 578.618937644342 355
724.358168147642 103.841421736159 356
707.608743774211 73.7399003873824 357
700.224770642202 182.662079510703 358
708.548101265823 139.446835443038 359
714.416918429003 695.320996978852 360
714.566909975669 242.307380373074 361
715.59 167.985555555556 362
731.953508030431 612.565088757396 363
732.809996689838 738.651108904336 364
721.45896656535 928.187436676798 365
749.716958716959 997.647460647461 366
737.279333333333 350.174 367
726.074165636588 284.61433868974 368
728.601813110181 313.355648535565 369
746.406804733728 262.270710059172 370
751.686732766761 806.698772426818 371
750.009946949602 214.442639257294 372
724.064267352185 378.082262210797 373
748.333951762523 666.950371057514 374
743.100938967136 464.221439749609 375
735.76936026936 392.877104377104 376
768.005545696539 33.4891304347826 377
758.668530351438 152.017838125666 378
758.504642525534 880.697771587744 379
768.346268656716 850.12039800995 380
743.109104046243 928.365606936416 381
756.526315789474 400.713900134953 382
763.84224137931 422.379310344828 383
760.785500299581 508.756740563212 384
770.528022232515 711.745252431681 385
774.259220779221 332.732987012987 386
770.570277529096 374.594449418084 387
773.849679193401 572.956461961503 388
769.991748323878 945.9525528623 389
767.895582329317 629.761044176707 390
781.56967572305 651.319018404908 391
773.104142011834 287.801775147929 392
767.569090909091 609.570909090909 393
784.083950617284 454.287037037037 394
796.878478664193 120.063775510204 395
807.551841535128 744.158774373259 396
783.81981981982 503.937755937756 397
795.280207561156 814.633061527057 398
797.461352657005 841.613526570048 399
816.185809312639 906.590687361419 400
807.588738417676 216.762651461155 401
822.433579335793 550.546916183448 402
799.943181818182 597.560606060606 403
786.622807017544 613.535087719298 404
809.345731191885 275.07819103973 405
796.423480083857 877.852201257862 406
798.19801980198 418.619954303123 407
795.416873449131 623.277915632754 408
802.194695989651 945.740620957309 409
811.707554225879 679.020194465221 410
818.396539293439 998.496034607066 411
820.204848484849 83.8723232323232 412
822.252698724239 391.06624141315 413
811.847904191617 705.622754491018 414
814.888721047331 349.173716012085 415
808.830327321309 496.459585838343 416
843.285981308411 777.183177570093 417
813.52 629.577674418605 418
834.512355212355 22.246332046332 419
843.314873417722 301.504746835443 420
829.410906298003 856.285714285714 421
830.506069094304 955.388422035481 422
852.128486055777 487.482071713147 423
834.193412754029 822.93552908199 424
853.586547972305 435.826904055391 425
865.02808002808 182.815022815023 426
864.195051989961 65.190749372535 427
836.03706505295 618.131618759455 428
861.696768060836 642.713403041825 429
868.4823962165 149.493956910142 430
844.987391646966 690.558707643814 431
853.415295256534 224.608422071636 432
856.595733333333 891.695466666667 433
857.784293193717 342.667539267016 434
857.588944011339 110.176470588235 435
873.915600393701 561.471456692913 436
852.395480225989 953.999058380414 437
869.505357142857 1005.00267857143 438
894.108300907912 711.528534370947 439
875.609895337774 671.6013320647 440
885.292279411765 396.040441176471 441
886.003019627579 237.182184197282 442
871.289396170839 838.132547864507 443
876.146624472574 952.833333333333 444
880.220108695652 19.241847826087 445
893.485300570426 888.741114523914 446
897.881914893617 117.354787234043 447
908.686437738467 269.215053763441 448
902.291463727249 785.322994104076 449
901.576675849403 597.887970615243 450
899.363410080896 328.309583074051 451
915.929292929293 482.936461388074 452
912.013418903151 1004.87747957993 453
905.561448900388 843.399741267788 454
928.862385321101 438.239105504587 455
927.02243145943 640.97756854057 456
918.002209131075 68.0729013254786 457
912.629491017964 20.0815868263473 458
908.163894324853 950.14530332681 459
948.620627397879 147.717445271948 460
941.421352893236 560.134474327628 461
973.026674937965 179.379342431762 462
966.568610634648 201.253001715266 463
935.789473684211 400.621862348178 464
972.379728765168 214.298358315489 465
962.600059559261 239.994639666468 466
943.460322686862 339.78794863352 467
948.6000842815 734.035819637589 468
942.635280982508 885.410122813547 469
945.901578458682 830.289693593315 470
944.127392532162 965.478192657672 471
960.99609375 773.598958333333 472
947.268248175183 16.0739051094891 473
976.612164132472 97.9877108935638 474
986.749046667877 292.091156709642 475
982.587570621469 684.555869428751 476
973.59509202454 933.751329243354 477
966.608695652174 31.9625187406297 478
963.972440944882 469.426270579814 479
993.485276321097 728.404598628479 480
986.409548839247 524.667980727113 481
976.73632038065 632.888977002379 482
979.724137931035 806.735172413793 483
991.587504198858 996.988915015116 484
988.679463087248 397.074362416107 485
974.045918367347 855.994897959184 486
997.842408145197 568.089862771138 487
985.724070450098 879.444227005871 488
1002.8026013772 476.206579954093 489
1003.45067698259 930.620889748549 490
989.029213483146 34.7966292134831 491
996.209621993127 837.914089347079 492
1007.03965053763 353.977822580645 493
991.739130434783 856.188405797101 494
1008.3085443038 899.229430379747 495
1009.03382949932 48.5782589084348 496
1010.36402027027 787.559121621622 497
1009.82363977486 874.615384615385 498
1009.94459279039 630.333110814419 499
1013.25844594595 837.584459459459 500
