24.1884669479606 22.5147679324895 1
26.884328358209 71.9776119402985 2
14.2475786924939 127.135593220339 3
18.1506105834464 188.813658977838 4
28.0925750394945 248.316271721959 5
43.1672830725462 295.038975817923 6
16.4665436086756 348.008306414398 7
11.8275555555556 407.854222222222 8
29.7441275167785 437.05788590604 9
16.4105691056911 469.972357723577 10
13.2043314500942 509.280602636535 11
18.9838546922301 556.588799192735 12
23.7229467747621 623.337328163553 13
25.026187150838 684.927025139665 14
29.3392120075047 736.769606003752 15
15.9705882352941 789.651583710407 16
12.3093587521664 846.612651646447 17
29.8290830168204 876.696690179056 18
15.9936183790683 921.127632418634 19
22.1620626151013 969.337630448128 20
18.9914602903501 1005.25875320239 21
49.2151898734177 821.012221737233 22
50.4292980671414 583.506103763988 23
47.9492385786802 402.418781725888 24
49.3742177722153 939.962453066333 25
45.8339670468948 510.976552598226 26
49.1428571428571 362.67672702884 27
51.3388955105284 128.779499404052 28
66.6340659340659 773.179120879121 29
51.7700701480904 468.883086515978 30
57.7321428571429 997.150595238095 31
54.0289340101523 190.396446700508 32
72.2186645841468 656.816087465834 33
65.1641891891892 904.038513513514 34
76.6133625410734 532.687842278204 35
76.2478052673583 24.4756584197925 36
79.2327746741155 352.340782122905 37
75.6560264171712 866.253714914695 38
85.2969837587007 706.983758700696 39
73.2082717872969 439.303545051699 40
75.9230769230769 73.8231653404067 41
90.1152336782019 231.367820192651 42
94.8940269749518 616.16570327553 43
90.244738424534 319.958508719182 44
94.3818433818434 972.615384615385 45
89.4149184149184 489.649766899767 46
90.0269005847953 568.263742690059 47
86.1842938568714 179.597846738442 48
92.0394648829432 942.276923076923 49
98.2591059602649 396.222682119205 50
101.315018315018 832.412291412291 51
101.453090909091 127.213818181818 52
99.9523475823406 1004.26559215137 53
109.820831547364 282.677239605658 54
121.711098559729 743.916407794408 55
105.85734870317 443.129682997118 56
106.937900128041 905.95966709347 57
133.24694214876 799.357685950413 58
118.738952164009 76.1544419134396 59
124.520565552699 177.715081405313 60
130.435959400677 17.988883518608 61
132.538043478261 512.35248447205 62
132.423909819045 667.778404034411 63
136.976239246211 878.925440393281 64
134.597156398104 247.660347551343 65
130.449202350966 335.209068010076 66
131.302186878728 464.693836978131 67
131.672150411281 567.244418331375 68
141.279628848587 943.854070012653 69
151.980875202593 388.556564019449 70
143.195939086294 998.192893401015 71
151.646296296296 50.2413580246914 72
164.934034688655 610.560420813193 73
158.64690853347 435.095043433827 74
164.164084507042 102.475352112676 75
172.351316217095 216.226194345141 76
165.714131218457 160.816510454218 77
174.858989777511 841.207155742634 78
172.823739579198 277.318380309647 79
180.838431590656 765.436874304783 80
180.468550285907 545.596030945173 81
182.13773006135 677.023312883436 82
179.314676616915 913.882255389718 83
174.962763915547 329.515930902111 84
179.58017727639 483.253424657534 85
177.220090293454 986.740970654628 86
203.874633431085 718.566348973607 87
183.285064935065 43.4954545454545 88
207.383071079761 15.4715138361367 89
206.271944922547 955.609868043603 90
207.316821097648 132.981468282252 91
219.532281205165 377.939263510282 92
214.527392739274 407.724092409241 93
182 412 94
206.321595028483 441.59295701709 95
216.67628458498 880.733992094862 96
218.12891440501 345.792797494781 97
214.997800263968 68.6040475142983 98
218.191107923987 629.730369307996 99
210.233480176211 996.95154185022 100
224.603424178896 818.29105520615 101
221.471557473519 265.14240878776 102
226.012252252252 497.243603603604 103
226.665491578535 554.638072855464 104
241.018835019184 174.685036623648 105
232.202872531418 218.136804308797 106
240.650291120815 309.284934497817 107
243.896952908587 589.175069252078 108
236.602397602398 928.673326673327 109
243.14253023864 763.171951618176 110
243.110154905336 1008.48020654045 111
251.681295715778 693.659003831418 112
259.984513274336 74.8506637168142 113
266.388783269962 125.657160963245 114
256.524238524239 428.306735306735 115
257.503040353787 978.334438916528 116
262.58 851.302702702703 117
262.148427672956 24.2922431865828 118
264.62775616083 643.247297881539 119
278.086785009862 464.70315581854 120
269.147577092511 890.486784140969 121
274.088888888889 501.534366925065 122
281.615621156212 249.731857318573 123
284.472415052978 385.720131530873 124
288.011084718923 340.134600158353 125
278.030470914127 810.990027700831 126
291.757541899441 536.870391061453 127
291.028595817328 723.185232607768 128
285.213869463869 925.249417249417 129
292.632871536524 960.639798488665 130
283.762661370407 587.313803376365 131
301.141590612777 183.554106910039 132
302.77125 295.597916666667 133
295.454498448811 773.722337125129 134
303.27800407332 1002.00152749491 135
308.369019422075 667.348176219801 136
310.677672076105 622.383883603805 137
320.967627718766 99.5263024785028 138
308.502552021987 29.2414605418139 139
319.00806168945 436.302138100245 140
310.920227920228 845.401709401709 141
314.184939759036 880.205421686747 142
329.921076233184 572.213004484305 143
325.625364431487 816.451166180758 144
329.047647768396 751.499396863691 145
337.402744425386 493.281646655232 146
338.3429502094 695.557003257329 147
335.196116504854 934.085436893204 148
336.037520391517 379.585644371941 149
343.933598937583 901.822045152722 150
340.676046901173 250.646566164154 151
340.358333333333 967.955357142857 152
356.277535989287 152.101774355541 153
344.681693989071 325.250910746812 154
348.77970011534 37.4052287581699 155
353.709068010076 202.125944584383 156
351.369221025966 785.971500949968 157
364.505767524401 533.778615794144 158
352.933739012847 1003.45368492224 159
350.097826086957 623.64751552795 160
364.321096173733 866.222854188211 161
369.263228101378 736.598043574922 162
371.269334775554 293.534342888048 163
367.066423653301 440.846496557311 164
378.263299061243 662.861868573983 165
364.191732002851 823.300784034212 166
378.441662730279 74.4374114312707 167
377.002704164413 574.966468361276 168
377.050944224857 373.37812911726 169
390.732744783307 121.734349919743 170
387.244100294985 16.3554572271386 171
383.090355805243 928.051966292135 172
391.840425531915 975.803723404255 173
400.151543067711 698.859511745739 174
394.626168224299 494.201869158878 175
391.188432835821 620.203358208955 176
398.687026515152 260.457859848485 177
396.581341911765 783.040441176471 178
396.863993025283 204.432432432432 179
396.602669404517 1009.14271047228 180
405.089552238806 415.897654584222 181
402.699808795411 323.890057361377 182
403.200388161087 833.813197476953 183
411.495853339153 886.666084679179 184
409.295097132285 54.3052728954672 185
416.342669845054 455.394517282479 186
419.663793103448 561.552387267904 187
419.68754254595 600.592239618788 188
425.941839762611 524.452818991098 189
433.34654679199 147.69350224765 190
428.31234256927 726.107808564232 191
418.888517279822 20.9052396878484 192
424.530546623794 372.52135966927 193
426.859990507831 937.207878500237 194
431.314886552297 96.5921416712784 195
434.038605230386 763.273349937734 196
433.754210854648 233.12164691204 197
435.316450875857 651.241812642803 198
441.665051157781 189.777059773829 199
441.569261880688 280.231547017189 200
435.063636363636 1000.67972027972 201
448.385474860335 856.529608938548 202
447.143614202438 478.055643879173 203
453.926132836747 792.1930477964 204
452.575068870523 968.316115702479 205
439.643356643357 59.6282051282051 206
445.54032683184 325.893516078018 207
458.729405346427 823.989088925259 208
453.83600867679 416.400867678959 209
445.060158910329 27.8036322360953 210
459.106796116505 8.56796116504854 211
470.894757131843 705.783731688512 212
456.342378292099 547.192338387869 213
460.298136645963 600.312629399586 214
464.659011482776 891.066400399401 215
474.594698795181 360.236626506024 216
469.087691069992 70.6790024135157 217
479.131411822179 110.545188080117 218
474.059701492537 222.537910447761 219
476.945466939332 493.6612133606 220
477.494603174603 939.740317460317 221
473.521518987342 1004.51561181435 222
482.137505146151 652.511733223549 223
480.577691811734 265.028368794326 224
482.18994140625 161.56591796875 225
483.615384615385 754.754677754678 226
480.628524046435 38.5381426202322 227
480.626923076923 566.136538461538 228
494.114676734309 445.207173194903 229
488.64192139738 523.937991266376 230
491.336444007859 306.299607072692 231
494.60635155096 906.463810930576 232
496.154240182129 400.424587364826 233
496.847487001733 981.434142114385 234
498.007185628742 11.1928143712575 235
508.557280513919 196.183083511777 236
510.17033603708 841.116647354191 237
507.915566037736 792.736320754717 238
508.768780926676 603.355825461089 239
516.576771653543 79.6205708661417 240
519.350800582242 340.704027171276 241
509.075488454707 560.134103019538 242
517.963541666667 135.892708333333 243
519.971333610303 677.525965932696 244
514.540880503145 251.387421383648 245
518.549323017408 1009.07736943907 246
516.90063810392 959.628988149499 247
526.608695652174 470.920289855072 248
525.354409987918 732.695932339911 249
516.926443202979 506.322160148976 250
519.325616131441 40.462285287528 251
542.139879573877 873.12876331635 252
532.503557744937 391.655172413793 253
527.274559193955 910.561083123426 254
534.183767228178 543.477794793262 255
540.150516478111 290.937038858829 256
551.003834088533 626.409898919484 257
540.537983425414 217.096685082873 258
541.408372093023 12.8688372093023 259
547.256728778468 944.066942719117 260
548.263067202757 434.608271108558 261
545.535398230089 982.675221238938 262
555.775307473983 174.145695364238 263
555.312160694897 125.969055374593 264
555.295004306632 793.503014642549 265
561.238095238095 572.885989010989 266
550.212936046512 506.255813953488 267
558.938248267171 357.809073724008 268
557.049650892164 250.124127230411 269
561.326388888889 80.197337962963 270
566.398909811695 748.131813676908 271
566.917858452512 681.226622662266 272
564.480453972257 41.6179066834805 273
566.848416289593 1001.93514328808 274
572.820750551876 838.580573951435 275
575.271925272444 313.745199792423 276
578.414035087719 918.797660818713 277
577.365045806906 391.37984496124 278
579.277282086479 455.0384351407 279
581.332275971451 220.471847739889 280
581.929245283019 505.953878406709 281
594.070088845015 957.363770977295 282
592.706482155863 14.3102694828842 283
589.784688995215 260.606971975393 284
597.731259561448 891.141254462009 285
603.143465304385 712.770540655598 286
593.641277641278 92.1627764127764 287
598.917321016166 150.072055427252 288
592.780068728522 422.013745704467 289
598.436379928315 555.521953405018 290
600.866666666667 345.377777777778 291
603.148463047744 202.669718770438 292
603.831109416698 623.45177277926 293
602.47197640118 1001.83997050147 294
609.97565822156 760.800794833582 295
612.151702786378 802.369453044376 296
611.591865357644 280.57713884993 297
615.280617678381 489.981895633653 298
619.383492932057 38.1012311901505 299
628.525379770285 665.835124120044 300
614.965371621622 399.730574324324 301
618.298234936093 842.552647595861 302
622.164851125635 110.323166303558 303
620.540581929556 439.053598774885 304
633.323353293413 584.215568862275 305
634.138472519629 376.558172733762 306
634.572184029614 185.542570068747 307
632.910869565217 877.768115942029 308
639.076276276276 296.428228228228 309
639.350952673632 74.8635525507068 310
646.245784938179 239.230423379543 311
645.336177474403 533.980802047782 312
640.47605893186 959.852209944751 313
639.113941018767 336.344504021448 314
652.692688971499 914.790995456423 315
641.638257575758 1001.17234848485 316
643.809864757359 461.87430389817 317
651.885998107852 133.311258278146 318
654.612917795845 718.048328816622 319
668.540292275574 20.2830897703549 320
658.112851220636 761.461077844311 321
654.813272608979 813.858815875081 322
662.809829059829 614.215811965812 323
667.239273094397 494.299848561333 324
666.950376884422 400.436557788945 325
669.034890965732 436.690965732087 326
666.484272997033 861.547774480712 327
677.5625 359.40943877551 328
672.400198609732 184.030287984111 329
682.961965134707 689.779186476492 330
682.766419189035 644.764705882353 331
677.375166002656 282.792828685259 332
683.892170022371 562.807606263982 333
675.681749622926 73.9205630970337 334
678.913614374568 323.034554250173 335
684.923824959481 790.789303079417 336
687.941537010844 999.411126826968 337
695.562952243126 949.662807525326 338
690.248387096774 823.688172043011 339
702.510534051935 224.899559039686 340
691.161621621622 130.467567567568 341
704.471211118465 263.926538716082 342
705.783346806791 895.843573160873 343
709.886070110701 468.841328413284 344
714.281395348837 517.010465116279 345
704.905315614618 849.007475083057 346
711.104974897307 733.090369694204 347
711.029827315542 600.030873888017 348
712.540350877193 43.0912280701754 349
709.929900744417 384.882754342432 350
714.975738396624 426.163502109705 351
716.072083078803 86.4929749541845 352
719.676514032496 781.478089611029 353
713.430732484076 666.398885350318 354
710.541975308642 181.345679012346 355
719.700977573318 306.428982173663 356
730.692594565797 344.644112946191 357
741.172717842324 19.0876556016598 358
736.076583801123 991.257417802727 359
725.458745874587 131.944719471947 360
737.987090367428 560.958291956306 361
736.409958506224 641.902904564315 362
738.421748714181 702.248346803821 363
736.596944151739 829.95521601686 364
745.210196078431 160.973333333333 365
743.866847826087 247.845652173913 366
755.16317016317 936.54279054279 367
747.890816326531 885.45612244898 368
745.35843373494 100.687751004016 369
749.516276041667 198.475260416667 370
756.263273125342 613.110016420361 371
756.075041689828 752.372984991662 372
754.322745901639 385.402663934426 373
753.466794995188 673.899903753609 374
760.226354453627 479.051882460973 375
761.69019019019 293.726226226226 376
762.883218390805 432.184827586207 377
765.16052467208 68.5746408494691 378
769.831903079253 524.900050479556 379
768.901060070671 133.808303886926 380
777.892557022809 783.695678271309 381
778.646379853095 818.261280167891 382
777.633740288568 713.941731409545 383
777.629768941429 866.845244492209 384
778.88455103179 575.178471834914 385
776.520547945206 347.770547945205 386
783.381247235736 999.146395400265 387
776.501730103806 106.900807381776 388
782.127795527157 30.532268370607 389
784.204427083333 207.080729166667 390
784.144751381215 658.527071823204 391
783.077922077922 251.801298701299 392
791.332516840171 165.876301285977 393
798.306223479491 316.871994342291 394
806.568992862807 958.398493259318 395
803.431533269045 397.725168756027 396
809.224489795918 11.421768707483 397
811.485170429394 620.450199203187 398
822.008849557522 914.655547991831 399
804.39295212766 470.844414893617 400
812.31121751026 507.303693570451 401
804.076034648701 62.7747834456208 402
804.767225325885 98.0167597765363 403
813.700260642919 754.996959165943 404
813.617252396166 281.054952076677 405
814.200947225981 542.01150202977 406
815.061804697157 436.653893695921 407
817.124839948784 136.241357234315 408
814.487554904832 227.779648609078 409
822.922750424448 706.644736842105 410
815.307896131426 868.490196078431 411
820.076530612245 354.248299319728 412
820.465366509751 582.842636180229 413
826.517006802721 823.220116618076 414
829.636317395727 662.285859613428 415
833.05215540181 182.1809473124 416
831.527446300716 44.2505966587112 417
845.574029126214 1002.84708737864 418
848.714705882353 788.600980392157 419
835.408925318761 85.4653916211293 420
841.165040650406 252.353658536585 421
845.750851305335 310.187854710556 422
846.256491450285 484.082963901203 423
849.895861148198 120.585447263017 424
848.356109324759 560.043408360129 425
858.004744958482 19.1132858837485 426
855.455637091394 216.295530353569 427
862.269097222222 389.763888888889 428
855.801916932907 421.500319488818 429
861.368139223561 858.254350736278 430
870.548757170172 969.177501593372 431
860.491086831512 352.487061529615 432
864.061868686869 518.503156565657 433
872.768490374873 455.890070921986 434
868.234016887817 746.358665058303 435
870.087877183695 595.73583906829 436
873.384355655599 269.893640967923 437
866.471894517696 62.5621096460791 438
875.421362077413 631.589416952474 439
876.407547169811 168.400471698113 440
871.174043062201 672.320574162679 441
879.72855987055 900.581310679612 442
891.983397190294 706.324819071946 443
883.555312954876 550.429403202329 444
892.503230437904 811.301866475233 445
887.353558052434 86.1692883895131 446
884.596084118927 130.985496736766 447
894.540421792619 303.613796133568 448
894.552962298025 225.965439856373 449
908.283500837521 935.85594639866 450
902.605802047782 503.039817974972 451
903.2809790923 21.1687914329424 452
910.870891223314 357.901389359539 453
915.789015405224 411.762558606832 454
914.497644287397 572.69964664311 455
918.947326095698 867.257740249296 456
914.829861111111 113.283333333333 457
917.240900066181 61.1515552614163 458
921.705670103093 471.169072164948 459
922.224729815639 749.372536554355 460
920.22641509434 666.801667397982 461
929.578055667608 196.529245663574 462
927.419685990338 985.138888888889 463
926.306709265176 617.591054313099 464
935.979582366589 156.89837587007 465
932.316796174537 537.921697549313 466
943.614315916642 252.863787375415 467
943.453496503496 310.288811188811 468
940.628888888889 817.264888888889 469
951.803422756707 442.95467160037 470
949.482198625859 90.5046845721424 471
955.055555555556 907.296296296296 472
951.381030253475 47.9223221586263 473
959.12744140625 774.85693359375 474
953.725752508361 16.1397993311037 475
958.444444444444 595.249612403101 476
961.398806563899 512.323222277474 477
978.297447280799 704.023307436182 478
981.169479090242 1002.6628760088 479
964.122017353579 128.10032537961 480
962.193345323741 655.787320143885 481
979.980288792116 361.083887233555 482
967.90805785124 856.530475206612 483
972.649631190727 948.632771338251 484
981.0859030837 557.602422907489 485
994.804521276596 413.308178191489 486
991.759848125297 208.819411485524 487
992.588964414234 469.026789284286 488
982.690721649485 60.334655035686 489
996.513025535208 289.782563838019 490
998.785409758408 744.167693036476 491
1000.09781420765 831.232786885246 492
999.185512367491 790.326266195524 493
1000.8443670151 140.981029810298 494
1002.45696913003 889.663236669785 495
1002.20435510888 644.02554438861 496
1000.3690744921 21.6382618510158 497
1004.22104644327 81.7360376249265 498
1004.12781531532 587.621058558559 499
1004.41311659193 516.589686098655 500
1006.53516028956 955.258014477766 501
