18.713768115942 11.5821256038647 1
13.8603896103896 41.5064935064935 2
28.6246838644411 74.0435002529084 3
27.9394416044042 115.685017695635 4
40.2389937106918 163.073154584575 5
16.6638554216867 199.232530120482 6
17.2091152815013 250.492627345845 7
18.9182853315472 293.324179504354 8
13.6508474576271 338.389830508475 9
14.466252909232 384.255236617533 10
18.4342657342657 434.075524475525 11
18.9955128205128 473.317307692308 12
28.0628272251309 515.76352530541 13
44.5343306482547 553.639048714998 14
21.7128116938951 591.322441960447 15
27.2997870074547 652.025026624068 16
19.0298841987299 739.986552110572 17
21.3970345963756 800.951400329489 18
16.0534493474208 858.454319453076 19
21.1863760217984 909.615258855586 20
22.052950075643 954.585980837115 21
29.6706414473684 999.070723684211 22
55.973597359736 722.885688568857 23
41.5209125475285 409.734790874525 24
50.9584792396198 222.012006003001 25
45.6873786407767 328.13074433657 26
45.050079491256 370.828298887122 27
48.9826435246996 25.9485981308411 28
48.9392097264438 867.295440729483 29
61.1711798839458 270.589941972921 30
59.3133933298041 821.04870301747 31
65.0309734513274 482.663274336283 32
64.949305974653 434.691007845504 33
71.4788944723618 902.09648241206 34
65.2507322788518 945.538957234915 35
87.8943146968625 683.94291106393 36
81.4385836385836 607.232967032967 37
86.0740093240093 784.281177156177 38
76.0936785986291 308.802741812643 39
77.7652341244387 49.8017960230917 40
80.6262763784888 977.049012933969 41
82.6901265822785 87.1118987341772 42
86.3826086956522 136.963826086957 43
86.4335219236209 1007.63295615276 44
75.2727272727273 383.597962382445 45
88.7567049808429 344.908684546616 46
89.5484140233723 13.034223706177 47
98.3600368324125 530.95518723143 48
97.4251304696909 849.053793657166 49
89.5260977630489 221.079950289975 50
105.059218559219 420.608669108669 51
108.510124946144 465.788022404136 52
120.591142020498 187.399707174231 53
109.259429622815 288.5 54
108.38503649635 929.310218978102 55
114.152214597629 382.663131628197 56
123.457948468644 884.329120077783 57
120.041468388851 31.849082256968 58
135.648689516129 766.467993951613 59
121.155465037339 970.889341479973 60
137.355319148936 580.820972644377 61
143.568546426835 643.582644628099 62
137.310018214936 242.562112932605 63
124.067401166559 78.2585871678548 64
133.085333333333 119.8288 65
130.591722595078 338.685682326622 66
148.802071973828 706.898309705562 67
139.063206919494 1005.17165668663 68
154.784277023865 156.074871314927 69
161.28920468711 829.865619546248 70
150.250093040566 520.326758466691 71
156.581428571429 14.1985714285714 72
158.185170807453 472.661102484472 73
149.791217895609 946.663628831814 74
151.487300904003 417.743435213087 75
152.707834101383 49.6838709677419 76
154.564482029598 911.904862579281 77
156.461205028175 298.073255309926 78
161.350622406639 363.533713692946 79
168.745686421605 978.523630907727 80
168.167055167055 75.9067599067599 81
180.446070234114 878.498745819398 82
182.710795040117 200.212983223924 83
178.07100199071 108.430656934307 84
188.382569558101 265.34124386252 85
189.866929133858 574.370078740158 86
195.726158038147 330.559945504087 87
191.417261055635 1004.30670470756 88
200.863924050633 388.894382911392 89
204.322413014008 777.875734297334 90
187.006177076184 938.838709677419 91
198.077564637198 440.088824020017 92
202.240881458967 623.045592705167 93
198.683677444488 35.0389559797429 94
206.04620020087 526.630063608972 95
201.189466923571 712.451188182402 96
206.645148514851 144.621782178218 97
224.087017055343 663.713887922033 98
216.4877903514 231.873734365694 99
218.474634565778 88.7691315563199 100
229.833103448276 480.605862068966 101
217.820447284345 969.5303514377 102
221.085892764185 922.046330036439 103
230.573619631902 873.920245398773 104
250.638397790055 825.795027624309 105
243.947659574468 20.6336170212766 106
238.548679867987 185.978547854785 107
231.5671875 279.196875 108
231.933665008292 330.46821448314 109
234.292583537082 1005.52322738386 110
239.447207678883 582.228621291448 111
248.736883942766 429.328298887122 112
256.194019223923 377.485582057672 113
254.294642857143 300.166964285714 114
254.969068660775 722.023453433039 115
250.94375 255.2375 116
265.643184219796 69.5512504402959 117
263.980955354355 124.975960037465 118
262.336673346693 939.530394121576 119
268.180781758958 508.861563517915 120
258.832 972.252363636364 121
263.505928853755 223.264163372859 122
271.24631147541 632.252459016393 123
280.809689507495 764.937098501071 124
280.998509687034 546.118728266269 125
284.151125401929 909.971061093248 126
285.777777777778 685.239864864865 127
280.207243460765 326.58953722334 128
275.082169268694 1005.07477403451 129
288.096905537459 169.445439739414 130
275.619123505976 586.076494023904 131
294.012109375 864.74375 132
283.672535211268 266.524647887324 133
293.162171507607 437.416666666667 134
297.942367601246 29.1701713395639 135
315.127278981768 804.598899208806 136
305.359165424739 218.071535022355 137
312.120907617504 370.68038897893 138
315.162715950181 489.954198473282 139
310.538912579957 955.287313432836 140
312.078082929456 996.175013462574 141
306.325017818959 590.009265858874 142
329.137037037037 85.3909090909091 143
322.267257462687 309.744402985075 144
321.244789356984 642.547671840355 145
315.405191059841 269.806056236482 146
334.022881355932 124.05593220339 147
334.507286821705 700.210542635659 148
335.286089238845 560.887795275591 149
340.3402417962 526.762233736327 150
330.769788519637 167.146827794562 151
336.729335494327 912.174635332253 152
338.697674418605 855.134974920201 153
339.323913043478 431.158333333333 154
345.760714285714 250.255612244898 155
343.154677599702 32.4386880357808 156
353.266988727858 763.25732689211 157
338.860488798371 592.987780040733 158
352.070077864294 203.203559510567 159
364.411261940674 1004.22926093514 160
363.600985221675 334.758210180624 161
357.228962818004 606.64481409002 162
358.952803738318 964.022429906542 163
371.261756569848 383.871369294606 164
367.277118297176 487.124846500205 165
371.995569339832 818.223305272486 166
366.405743740795 633.709867452136 167
379.500909918107 295.689717925387 168
378.993647912886 721.986388384755 169
367.98476770754 158.964204112719 170
385.256227758007 656.679715302491 171
379.023178807947 869.175496688742 172
381.046488125316 548.281960586155 173
394.041649979976 20.0176211453744 174
397.109848484848 69.5658508158508 175
386.584350021035 915.021455616323 176
386.303340149966 243.78527607362 177
388.761368557817 434.102208748376 178
392.58141809291 133.023471882641 179
401.032731850608 592.610574905581 180
396.732766761095 216.808309726157 181
397.488567073171 186.258384146341 182
412.053517479499 688.243849805783 183
406.129105839416 960.172901459854 184
411.664840182648 801.730593607306 185
411.143413367943 275.84425697599 186
412.773602199817 480.813473877177 187
417.246018440905 750.847862531433 188
420.832584990378 357.58402822322 189
417.540890269151 535.756211180124 190
433.686971830986 102.064084507042 191
423.860266666667 1004.1472 192
416.043428571429 860.401142857143 193
431.433714285714 162.606857142857 194
440.178673437004 638.109806410663 195
431.988017008118 423.115577889447 196
442.198166739415 304.38673068529 197
440.284149855908 890.7734870317 198
436.645076007931 208.446794448116 199
438.219576719577 248.580687830688 200
445.643092105263 927.652412280702 201
453.279294414112 837.212935741285 202
446.575962187711 512.420661715057 203
452.192395437262 583.311787072243 204
463.632750397456 29.4104019986373 205
459.529914529915 707.259157509157 206
447.895448079659 968.76386913229 207
453.938289601555 774.98250728863 208
460.152376033058 469.347623966942 209
470.817858729454 129.470457574411 210
476.458815282159 403.120925341746 211
468.627029858565 353.59455212153 212
471.762677484787 542.584854631508 213
473.588921282799 177.854227405248 214
473.436752674638 995.310258023914 215
472.897751994199 255.461203770848 216
478.861333333333 217.24 217
499.447043363995 76.3106438896189 218
487.171206225681 798.140564202335 219
485.468811556139 315.254103742613 220
484.39806763285 891.4038647343 221
487.491268917346 945.928987194412 222
495.748948560336 649.992882562278 223
491.711887172599 501.984553391538 224
494.933054393305 276.562343096234 225
501.503349709692 749.082179544439 226
498.6649823143 454.930773117736 227
504.704630321135 598.73002240478 228
510.639137645108 849.316417910448 229
505.102074688797 1004.23651452282 230
513.126460767947 148.785475792988 231
504.509502923977 547.223684210526 232
516.140465496121 703.274806043283 233
512.189898008742 357.287518212725 234
519.504127682994 201.190423775454 235
518.710404241219 244.761431411531 236
524.79006266786 913.492390331244 237
525.877913429523 961.723640399556 238
521.513623978202 297.341961852861 239
528.822797927461 427.158549222798 240
550.208381839348 27.2535506402794 241
530.785243741765 513.147562582345 242
535.321739130435 790.534347826087 243
546.933163048106 384.702426564496 244
543.529147982063 481.513132607303 245
538.669318181818 558.638068181818 246
549.100154679041 664.941995359629 247
550.793516560958 93.3276955602537 248
543.036621382162 997.03071470762 249
547.784669397308 333.177296664716 250
552.428697183099 741.03301056338 251
561.335188866799 822.479920477137 252
562.17157712305 613.295320623917 253
560.675177898702 143.095437421515 254
564.610914801728 890.274833137024 255
562.867496665184 192.06803023566 256
560.466224366707 283.63630880579 257
561.896606156275 452.56590370955 258
555.146202531646 239.754430379747 259
583.936720698254 940.878428927681 260
578.264411624583 563.861362553597 261
583.728564429201 414.399804017638 262
580.956255879586 513.24082784572 263
590.085501858736 698.353159851301 264
593.940585408475 854.569244211446 265
577.117824773414 325.203927492447 266
587.923483779972 992.332863187588 267
596.254084115398 757.280152937087 268
586.543187889582 253.940338379341 269
596.589869281046 85.1131535947712 270
606.988354620586 369.336213373403 271
594.646290801187 464.607715133531 272
609.379864334166 650.936451267405 273
608.498229043684 225.451593860685 274
612.753129890454 35.5579029733959 275
613.986736144008 185.838938891521 276
611.500235072873 145.873060648801 277
605.794022092268 315.64587394412 278
619.538294797688 813.285404624277 279
611.13125 270.38125 280
622.419153365718 595.182165163081 281
618.72539606337 533.720115218435 282
626.412922269597 899.341423417514 283
634.225946617008 113.776536312849 284
634.344164172723 418.682342881573 285
627.578073089701 469.106866002215 286
647.638514743356 1002.57116854751 287
652.140911471975 16.2331063383971 288
643.380999342538 715.039447731755 289
633.93947858473 285.311918063315 290
648.777430691136 771.825458805154 291
641.58401880141 328.374265569918 292
663.097030752916 963.971633085896 293
647.20987654321 75.6635802469136 294
655.445454545455 516.354545454545 295
649.945652173913 235.738558352403 296
662.462142857143 855.223571428571 297
662.793952483801 566.812958963283 298
656.783182503771 643.406485671192 299
664.502964959569 391.211320754717 300
663.571164510166 194.62168823167 301
670.214981729598 349.820950060901 302
669.557067271353 137.238095238095 303
674.140666666667 164.585333333333 304
663.750548245614 470.108552631579 305
673.376506024096 911.996987951807 306
662.790510948905 280.855474452555 307
679.72125813449 54.0824295010846 308
687.612832824094 806.699257965954 309
682.898282694848 106.265521796565 310
691.302059496567 664.2823798627 311
698.343362166228 598.867243324558 312
698.148484848485 431.717424242424 313
692.180272108843 313.443310657596 314
692.708010335917 220.918604651163 315
693.46387987013 715.367288961039 316
694.525867714473 260.135559921415 317
702.358310626703 537.155767484105 318
705.969249201278 766.96445686901 319
702.309683604986 485.679769894535 320
703.987392550143 376.123209169054 321
710.892376681614 29.9659192825112 322
711.044750430293 844.989242685026 323
712.576139310856 920.080400148203 324
720.615420343706 83.104969809568 325
737.83301017935 995.163354338342 326
720.83411093831 178.403317781234 327
723.505062537224 282.141155449672 328
721.06890459364 130.795053003534 329
731.144935344828 336.485452586207 330
735.797596153846 628.495192307692 331
732.637362637363 679.258241758242 332
732.310471204189 224.459685863874 333
744.392519833774 735.837551945599 334
749.30055342699 945.527458492976 335
743.637569832402 18.5607541899441 336
739.720430107527 388.660215053763 337
746.869693148382 575.578394283312 338
744.947577092511 855.635682819383 339
742.962295081967 524.434972677596 340
748.224565102794 442.61307327359 341
748.597639484979 481.503755364807 342
765.044027003229 794.387731141767 343
749.949647532729 144.675730110775 344
766.055530268548 896.440600819299 345
755.890540540541 291.147972972973 346
766.832089552239 99.1044776119403 347
770.31427221172 244.504725897921 348
773.678588459704 64.9155937052933 349
774.37005988024 416.723952095808 350
766.351738241309 167.950920245399 351
771.002857142857 199.082857142857 352
772.985820895522 366.791791044776 353
771.765909090909 329.387878787879 354
772.591296545536 675.238672050247 355
778.288349514563 130.071844660194 356
779.474854932302 621.170696324952 357
781.278601066983 22.5340841730883 358
786.446012269939 561.436809815951 359
782.305207646671 518.088991430455 360
790.945820433437 731.290634674923 361
790.672035794183 847.097539149888 362
799.114830673414 937.514207862982 363
795.896698615548 471.790734824281 364
792.083437110834 287.938356164384 365
811.093141405589 992.341236240474 366
808.826149425287 392.691810344828 367
800.885840707965 168.23982300885 368
810.23273657289 208.904092071611 369
802.949353448276 355.887931034483 370
819.796255986069 773.799738789726 371
819.435125115848 885.597775718258 372
808.961511047755 127.327868852459 373
814.462249614792 320.597842835131 374
815.131396957123 427.738589211618 375
814.243830787309 612.893654524089 376
816.166083916084 673.655594405594 377
815.978522786799 30.6322682032478 378
820.915167095116 247.970179948586 379
830.516001580403 821.893717898064 380
829.423623445826 84.9715808170515 381
819.085092348285 512.881926121372 382
820.0625 558.504861111111 383
836.48367654445 717.199397287795 384
832.310402684564 461.312919463087 385
839.205521472393 285.19263803681 386
836.28722741433 171.849221183801 387
832.333333333333 355.2 388
840.348457350272 587.686932849365 389
846.297763578275 640.290095846645 390
845.223569023569 126.247811447811 391
850.193518518519 932.075 392
848.545214172396 37.9682707562136 393
849.354509803922 383.358431372549 394
853.026584867076 494.002044989775 395
861.170313986679 210.991436726927 396
853.619674670798 319.738187451588 397
855.541952054794 523.696917808219 398
864.826551373347 973.281281790437 399
852.748925193465 428.691315563199 400
872.868257756563 850.787589498807 401
858.078431372549 889.043417366947 402
862.220326409496 558.381305637982 403
862.895247828309 769.16811446091 404
877.034876728803 1007.98196031269 405
864.363636363636 473.142469470828 406
866.284403669725 603.535779816514 407
869.18970503181 676.224985540775 408
870.233564013841 253.411188004614 409
883.65152386429 16.4180563542266 410
874.149882903981 158.956674473068 411
874.251474926254 346.405604719764 412
874.227860696517 406.53631840796 413
875.612589227774 727.881245944192 414
881.436181434599 109.709915611814 415
894.467771639042 812.902025782689 416
887.539611360239 59.7289486796213 417
881.634099616858 455.73754789272 418
889.049389567148 295.941731409545 419
885.052972972973 637.926486486487 420
892.784018987342 377.597310126582 421
889.33264033264 529.778586278586 422
897.968173138129 938.938255887969 423
898.416351249054 498.043906131718 424
899.733050847458 584.702542372881 425
900.539310344828 704.929655172414 426
893.276901004304 890.257532281205 427
901.026446280992 427.752066115702 428
900.615219721329 614.265809217578 429
909.263305322129 175.15406162465 430
909.521323529412 200.244852941176 431
905.31843575419 555.684357541899 432
911.578298397041 767.097410604192 433
908.14406779661 244.417675544794 434
909.404958677686 656.564462809917 435
915.843870967742 84.7012903225806 436
914.829312424608 339.472255729795 437
913.146198830409 977.959649122807 438
918.754411764706 149.177941176471 439
918.596183206107 466.585496183206 440
918.158834586466 902.62030075188 441
926.427048634244 396.553630912725 442
938.132976946208 858.445372535917 443
934.510407993339 24.5045795170691 444
932.204697986577 123.398489932886 445
922.639763779528 301.107283464567 446
940.140740740741 271.016296296296 447
929.72810675563 526.035863219349 448
944.344663494222 1007.10537049626 449
936.907441016334 215.405626134301 450
933.922642574816 704.033879164314 451
937.791217257319 436.839753466872 452
937.386642156863 612.242034313726 453
946.630685675492 365.433129667346 454
941.470027247956 917.338555858311 455
943.710373443983 495.816597510373 456
942.048763736264 562.956730769231 457
942.686687306502 658.987616099071 458
953.653333333333 749.751919191919 459
971.513765978368 808.260570304818 460
952.654659805603 968.927387078331 461
963 57.5622394282311 462
950.085227272727 86.9214015151515 463
957.082268370607 240.338658146965 464
955.010762331839 300.966816143498 465
963.741935483871 326.926994906621 466
969.128813559322 188.683615819209 467
967.870695713282 585.735066760365 468
967.819652486519 150.361893349311 469
968.125087842586 472.728039353479 470
967.123885918004 113.712121212121 471
969.534812076402 927.584103512015 472
968.622594142259 430.062761506276 473
969.877454299255 526.618821936357 474
973.563893016345 393.667904903418 475
982.352668213457 634.465429234339 476
977.592850510678 698.722376973073 477
990.361689106487 14.7252141982864 478
983.922303473492 352.307129798903 479
985.684161199625 225.879100281162 480
994.989741995648 861.504196456326 481
994.42498430634 261.677966101695 482
995.286998202516 1003.37866986219 483
1000.93447293447 549.08547008547 484
1000.85370051635 290.477624784854 485
1005.27938034188 674.170405982906 486
1001.12844974446 755.187052810903 487
999.866256295467 965.030218242865 488
1002.39349294045 49.7084100675261 489
1001.6181372549 99.8877450980392 490
1002.8854368932 501.094498381877 491
1003.11551528879 915.224801812005 492
1002.52070552147 459.198619631902 493
1002.48121645796 320.565295169946 494
1004.27537922987 597.181446907818 495
1003.18768920283 425.710393541877 496
1005.81501182033 158.231087470449 497
1006.56706652127 393.814612868048 498
1009.625 213.034330985915 499
1009.91364205257 359.571964956195 500
