23.1654545454545 22.6927272727273 1
19.4604147031103 81.2327992459943 2
28.0278670953912 137.037513397642 3
23.0247383444339 185.086108468126 4
17.5539215686275 232.186974789916 5
7.58174904942966 270.260456273764 6
9.5718954248366 319.938997821351 7
22.2216981132075 381.474271012007 8
33.1313092979127 426.216318785579 9
24.6639247943596 467.759694477086 10
12.6089060987415 503.255566311713 11
23.8370607028754 553.795070743953 12
17.8251704897706 601.321140731556 13
24.6134969325153 641.664807585053 14
21.8682393555811 685.053509781358 15
16.0145137880987 726.899854862119 16
12.1779396462019 784.686784599376 17
12.3167870036101 825.296931407942 18
16.9105774144098 888.43178334185 19
22.3355437665783 949.175066312997 20
23.2413456850317 996.955631399317 21
31.0736196319018 756.5574057844 22
25.6287964004499 281.411698537683 23
41.4277027027027 340.094594594595 24
36.0177439797212 838.151457541191 25
42.151376146789 514.532110091743 26
37.8879120879121 312.551648351648 27
49.9171237050579 906.896404631322 28
53.4857539958304 249.779708130646 29
56.4006717850288 45.6780230326296 30
49.8147080028839 780.384282624369 31
62.9820547330642 210.358456707044 32
58.1765350877193 595.291118421053 33
60.947216890595 716.460172744722 34
70.207657813039 98.7864780958951 35
61.1634023503078 666.82204812535 36
62.3055365686945 868.524948735475 37
58.1466666666667 283.34 38
71.8939304655274 805.734826163819 39
67.9167650531287 1002.95277449823 40
73.5286919831224 359.390717299578 41
76.6386778115502 457.721124620061 42
70.1394643759475 956.725618999495 43
85.7253141831239 157.362357869539 44
84.5208006279435 563.104395604396 45
83.3101391650099 628.900099403579 46
79.0733987844787 507.630201028518 47
99.466251298027 13.6510903426791 48
94.4872149274361 398.520732550104 49
90.4298431538788 749.038575667656 50
86.1677057356608 919.947007481297 51
88.2412698412698 837.869206349206 52
87.6819620253165 297.972573839662 53
107.401697312588 679.741513437058 54
101.170135275754 49.5551508844953 55
110.981698895028 252.294198895028 56
105.679153094463 985.630293159609 57
106.52333722287 874.585180863477 58
119.254844606947 200.016453382084 59
116.689961880559 787.88013553579 60
122.563106796117 314.051779935275 61
119.338969720802 526.485253637436 62
133.993122850891 115.573616755236 63
126.168073136428 453.487693389592 64
125.247834274953 615.905461393597 65
136.947846700909 69.0158040300277 66
126.687811831789 905.445473984319 67
128.902539870053 940.997637330183 68
136.764621456764 717.426264800861 69
138.268055555556 352.688888888889 70
137.01514004542 1005.98485995458 71
141.415636218588 840.76705225369 72
153.51965356429 573.686875416389 73
143.233009708738 403.558737864078 74
156.545638945233 504.961866125761 75
162.949724294518 155.964320467078 76
150.387120651369 970.656550703183 77
172.697580645161 646.605846774194 78
168.241328413284 21.9291512915129 79
157.715607401448 785.370474658085 80
162.340224453633 892.721204961607 81
169.359312111233 214.26271496524 82
169.44142101285 263.074074074074 83
181.191663420335 310.164783794312 84
178.424677187948 433.044476327116 85
181.207669616519 470.113274336283 86
181.522959183673 928.509566326531 87
182.312434141201 358.023182297155 88
177.04265010352 714.533747412008 89
189.252626770215 861.578346276839 90
183.419837804117 1003.22956955708 91
181.384378211716 962.099691675231 92
194.033184428845 69.3174856413529 93
183.666374012291 395.720807726076 94
198.272815533981 541.380097087379 95
201.462163317657 752.031209918769 96
200.280572755418 809.037925696594 97
215.029411764706 123.292240300375 98
204.282030620467 590.380338436745 99
218.031784841076 177.628012574223 100
211.778566817301 507.877985797289 101
221.870443883075 691.474918801877 102
220.568878718535 907.675514874142 103
209.598694942904 970.618270799347 104
211.780676328502 405.827053140097 105
217.062208398134 448.066096423017 106
221.074303405573 271.790358248563 107
228.805867126833 225.963330457291 108
227.777777777778 16.675645342312 109
227.565118912797 367.584371460929 110
236.357330992098 325.498244073749 111
230.713204373423 481.505466778806 112
234.014426229508 1005.67278688525 113
244.912489379779 611.816907391674 114
245.100880704564 655.702161729384 115
234.410507569012 857.105520926091 116
236.781729428173 956.015341701534 117
243.424873096447 772.667512690355 118
247.496770721206 49.5102260495156 119
253.233000906618 91.7266545784225 120
242.215658362989 412.182206405694 121
245.128268991283 562.610211706102 122
260.952452265069 727.743167353051 123
255.746550137994 814.347286108556 124
260.608658008658 534.885714285714 125
267.197513151602 293.45193687231 126
263.449260581336 926.83222845487 127
260.212520593081 443.58978583196 128
265.434684684685 505.560810810811 129
269.139947780679 985.159791122715 130
275.312017640573 152.749724366042 131
264.102409638554 474.89156626506 132
272.530439121757 199.922654690619 133
273.879168944779 249.934937124112 134
277.18963963964 872.272072072072 135
270.498863636364 362.873295454545 136
284.613834422658 18.6328976034858 137
282.808102345416 405.986673773987 138
288.830696202532 572.142405063291 139
296.252811735941 108.956968215159 140
296.32367365136 668.471243869817 141
297.715637860082 622.689300411523 142
295.014553014553 770.987525987526 143
297.312352941176 64.0247058823529 144
302.290031574199 832.349120433018 145
305.236424795771 348.220086496876 146
305.613104524181 905.784711388456 147
298.354253112033 460.280601659751 148
311.755524861878 705.215009208103 149
308.571756075195 999.239339752407 150
307.705147426287 947.764117941029 151
301.963869463869 521.993006993007 152
311.529147982063 305.392937219731 153
307.854406130268 230.105747126437 154
321.61021021021 268.505705705706 155
319.753670473083 188.553561718325 156
332.205215419501 736.530045351474 157
326.080891719745 43.1828025477707 158
324.655094679892 407.010369702435 159
329.958495460441 800.213359273671 160
338.832152588556 489.736239782016 161
330.682388059702 588.686567164179 162
333.531054405392 145.073663938373 163
331.076256499133 552.028596187175 164
343.136797860145 878.813144822316 165
343.20246343341 12.4264819091609 166
343.326120556414 452.706852138073 167
341.551932929669 95.6166744294364 168
349.019320843091 973.921545667447 169
351.548728813559 372.498411016949 170
346.723744292237 522.361491628615 171
352.630516080778 666.478683620045 172
345.558784676354 222.296565389696 173
353.364241803279 330.442110655738 174
356.491267605634 775.041690140845 175
358.968019093079 618.87923627685 176
355.762924281984 835.884595300261 177
357.786686103013 935.592322643343 178
367.608 1004.92514285714 179
365.597319034853 289.017158176944 180
371.190748688603 172.867906533143 181
366.947405828003 247.148542999289 182
372.623655913978 36.7784011220196 183
368.716735253772 562.380658436214 184
376.214187643021 421.206407322654 185
370.72836916623 722.09229155742 186
382.352201257862 129.294549266247 187
382.082191780822 78.7808219178082 188
391.061206120612 907.919891989199 189
396.518264840183 204.509132420091 190
393.430278884462 817.998292544109 191
396.653328050713 473.477416798732 192
388.614285714286 520.937037037037 193
393.574677786202 585.419257012889 194
396.888888888889 746.697722567288 195
406.869384673462 861.731974329936 196
391.661300309598 369.977089783282 197
407.075630252101 686.334933973589 198
400.726971869829 641.378378378378 199
404.64317573595 317.244424620874 200
404.021557719054 784.165507649513 201
405.537090558767 967.710500963391 202
403.692909280501 260.923357664234 203
415.984433709071 19.7058507783145 204
413.29037037037 103.054074074074 205
421.53984206748 605.129935391242 206
419.819622641509 393.890566037736 207
419.865397688647 555.382053025153 208
421.882877526754 1003.6920332937 209
424.212865497076 60.0713450292398 210
424.503866745985 427.281380130874 211
428.860302049622 933.067961165049 212
431.620844564241 144.874213836478 213
430.996449704142 347.718343195266 214
440.820916905444 230.093123209169 215
432.354051054384 514.598779134295 216
445.172229639519 184.345794392523 217
430.90770252324 745.199203187251 218
446.9991507431 278.450955414013 219
447.717391304348 712.30258519389 220
443.057454890788 800.886989553656 221
444.349944008959 458.607502799552 222
456.187209302326 893.974031007752 223
447.094784071789 636.286034772855 224
453.413926499033 576.03803997421 225
464.666783831283 844.501933216169 226
451.309056364788 97.1570614312856 227
458.787162162162 380.406531531532 228
461.319587628866 670.145542753184 229
464.187294117647 992.039529411765 230
469.270042194093 318.074074074074 231
457.984962406015 20.6924128503076 232
470.489557739558 496.046683046683 233
468.207908927501 765.87477531456 234
471.681377303589 946.408826382153 235
472.022659511032 536.279666070364 236
469.310600444774 59.6560415122313 237
483.106091370558 602.005076142132 238
483.197833254828 416.679698539802 239
480.732394366197 131.887778282599 240
493.843368592352 246.017087062653 241
493.605540166205 352.218282548476 242
484.711111111111 459.678114478114 243
494.250961949551 202.286447199658 244
486.434745762712 709.50593220339 245
497.235069885642 745.10165184244 246
502.554615384615 801.251153846154 247
497.195433176629 82.8106111484218 248
490.860381861575 32.1312649164678 249
504.471104231166 641.281217750258 250
499.802731411229 8.71016691957511 251
516.06528189911 169.598134802883 252
500.739967897271 678.410914927769 253
506.587543252595 1006.04221453287 254
512.134127594158 296.331283627978 255
509.913382594417 559.78776683087 256
513.325857519789 920.175021987687 257
513.653460620525 881.023866348449 258
517.918879768228 966.788990825688 259
518.675300063171 378.096651926721 260
518.323516673885 503.623213512343 261
516.264 40.3017142857143 262
530.414066631412 851.004759386568 263
524.922484881803 111.815832875206 264
523.863301191151 454.242200794101 265
528.343098958333 712.852213541667 266
532.256642903435 414.154244977317 267
536.933910665451 615.111668185962 268
537.24826629681 62.1116504854369 269
540.349538162372 755.014098201264 270
537.886899151744 16.1658812441093 271
547.908050221566 256.529542097489 272
548.137577002053 344.55318275154 273
546.644241119483 811.29817007535 274
543.614485981308 676.373831775701 275
555.902702702703 146.686486486486 276
571.039009954264 211.644336830778 277
561.400582362729 526.453826955075 278
557.696929824561 997.309210526316 279
564.813539192399 571.123911322249 280
565.105753646677 944.05226904376 281
563.762674825175 469.498688811189 282
566.478695423461 93.1130983692793 283
575.530717986677 301.466321243523 284
576.022110162917 895.33048875097 285
565.26766004415 405.12472406181 286
578.401423877327 773.007667031763 287
569.104166666667 21.5456730769231 288
583.106660861994 723.477579451458 289
577.448078026391 847.725186460126 290
575.710575139147 673.974644403216 291
583.003472222222 54.8777777777778 292
578.271087533156 616.06100795756 293
594.767650834403 359.449293966624 294
593.923376623377 808.065584415584 295
602.86412512219 159.135223199739 296
605.017298735862 655.096473719228 297
600.987654320988 413.05152979066 298
603.128398791541 461.785498489426 299
608.865356622999 517.424672489083 300
605.464163822526 993.892491467577 301
609.171724137931 15.8668965517241 302
613.561730845574 104.774910678841 303
618.302317161477 280.158942795076 304
609.5913859746 945.000552181115 305
630.65215588723 238.881426202322 306
628.393094289509 585.421868083223 307
618.3459563543 853.200898587933 308
618.798257372654 622.140080428954 309
625.926451041205 693.982277359327 310
623.965887850467 751.853271028037 311
625.035928143713 55.4031936127745 312
632.519771708113 337.768854463922 313
628.236673773987 884.292821606254 314
642.903608736942 549.68660968661 315
633.389552238806 918.117164179105 316
648.866512854318 197.405075807515 317
629.815659679408 804.454993834772 318
639.844773441005 402.062808434275 319
642.23317535545 460.869668246445 320
649.18927444795 1002.56593059937 321
661.018972849199 139.83218842002 322
649.766539923954 959.413688212928 323
654.669950738916 832.525686136524 324
658.070854271357 637.286432160804 325
665.163439194423 22.0089078233927 326
662.395119116793 771.918651946543 327
667.629496402878 83.9517985611511 328
669.228041901692 507.433118452861 329
667.700973574409 725.215577190542 330
676.572408811845 306.175875767425 331
669.705783267827 677.358787198203 332
672.866042154567 361.679156908665 333
666.33704528582 889.213066072754 334
673.83492296405 927.940572267058 335
684.434097911674 252.46730571722 336
679.472763618191 418.571214392804 337
687.330290929835 851.820308043354 338
689.474316487158 600.495857497929 339
679.707979626486 973.804753820034 340
687.268322228952 806.264082374319 341
686.739204545455 465.707386363636 342
692.818264425261 556.115856428896 343
706.086913742211 179.565431288947 344
696.776353276353 1005.36253561254 345
710.008361839605 59.787913340935 346
713.470730527334 643.294146105467 347
710.843527738265 765.281650071124 348
703.260711692084 889.251270878722 349
713.247260273973 952.490410958904 350
709.738714090287 683.06634746922 351
720.300474254743 128.558604336043 352
717.222280609564 719.419863373621 353
712.123529411765 361.51628959276 354
720.551622418879 923.677728613569 355
732.649535603715 228.070278637771 356
727.144663631765 17.5720789074355 357
731.610356536503 522.94779286927 358
717.62700228833 424.843821510297 359
724.46972972973 478.642702702703 360
727.961443226035 298.391227449593 361
731.0039193729 987.302911534155 362
729.497898178421 811.728631480617 363
738.073744769874 861.309623430962 364
742.034134007585 394.454487989886 365
746.681235870384 565.834966088922 366
752.359381197937 98.8730662435541 367
757.046824887749 617.315907633098 368
749.216556688662 900.182963407319 369
755.961500974659 344.699317738791 370
754.110692416392 742.810174281677 371
758.495424039048 446.589383770592 372
758.048436308162 678.454233409611 373
768.480929678188 1003.88438617402 374
765.152204176334 37.0190255220418 375
772.312054439404 173.281270252754 376
771.121845425867 284.752365930599 377
774.119639794168 960.2512864494 378
774.634913186297 790.050680431722 379
770.556773345024 492.416922402455 380
774.118294360385 839.530490600642 381
777.491279069767 413.205668604651 382
791.925445705024 925.571717990275 383
783.699777282851 223.097550111359 384
786.368275862069 375.824137931034 385
791.94695863747 76.4311435523114 386
800.280595813205 130.420289855072 387
799.941853600944 571.818772136954 388
807.343426294821 888.043027888446 389
798.914761904762 690.669523809524 390
790.130659767141 744.277490297542 391
800.066631689402 336.535676810073 392
806.822603056971 23.3543307086614 393
807.896189950304 267.407509663169 394
813.08124598587 636.699421965318 395
812.917770849571 502.192907248636 396
809.116659301812 448.711003093239 397
818.011684518014 818.312560856865 398
817.305091487669 994.677804295943 399
821.702463054187 397.933004926108 400
820.221576763485 733.682157676349 401
829.776141384389 776.267550319097 402
831.780336029869 313.433727442439 403
837.21004145555 860.333026255182 404
834.978781284004 544.452665941241 405
825.233716475096 227.386973180077 406
831.183852566915 178.449758666082 407
835.884259259259 69.7083333333333 408
840.529801324503 118.610375275938 409
838.291507268554 699.640397857689 410
845.609065155807 280.082861189802 411
847.317388857625 348.782779966235 412
860.530505520047 981.958744915747 413
863.963257471895 925.105292020839 414
855.533877038896 666.407151819323 415
851.166405023548 24.6342229199372 416
865.67274344153 619.80880391285 417
861.937993235626 436.14731304021 418
862.129244804866 581.247845919919 419
862.970688812897 482.747435271128 420
857.042127071823 736.579419889503 421
869.107713372889 386.884527612962 422
864.740481740482 519.002331002331 423
857.603047895501 229.94557329463 424
874.577971646674 143.551799345692 425
872.968698517298 817.929159802306 426
871.6440564137 88.8737407656145 427
874.019278606965 185.759328358209 428
885.3418230563 776.783288650581 429
884.263731982859 870.248149590962 430
883.389019607843 253.047058823529 431
878.191390728477 294.315231788079 432
880.208436724566 699.587262200165 433
887.422727272727 544.456060606061 434
895.369894982497 56.230455075846 435
891.191328286304 18.454232622161 436
895.530612244898 343.852653061224 437
896.72357263991 657.704918032787 438
895.047144152312 217.675430643699 439
896.085972850679 733.618401206636 440
905.701484018265 105.136415525114 441
917.015584415584 465.304638218924 442
915.854705882353 989.248235294118 443
919.55368289638 413.101747815231 444
916.793767705382 505.362606232295 445
908.978585334199 583.288124594419 446
918.740590619572 159.145917776491 447
913.863711911357 286.87811634349 448
928.002068965517 936.094482758621 449
922.189189189189 193.291291291291 450
923.50555880632 617.913984786425 451
928.14185110664 832.770288397049 452
930.556645851918 888.43086529884 453
917.441520467836 701.993421052632 454
927.710724637681 236.422608695652 455
928.38625812442 759.900649953575 456
920.234406438632 541.329979879276 457
938.154370737756 127.864848109113 458
936.840788840789 22.1943241943242 459
945.63041556145 317.494252873563 460
946.274860335196 363.903538175047 461
944.184745762712 69.0703389830508 462
940.462557985421 650.530815109344 463
942.192650334076 558.537861915367 464
942.965073529412 692.183823529412 465
960.729763387298 265.19800747198 466
963.703369719981 801.928334124347 467
958.835102040816 578.354285714286 468
965.031837160752 1001.76983298539 469
959.658148779103 524.921067575241 470
967.374241402562 716.365475387728 471
963.34465408805 195.640251572327 472
984.145289855073 444.581884057971 473
965.780049059689 610.019623875715 474
968.54476744186 117.740697674419 475
984.201516360734 482.303671189146 476
965.896164021164 757.962301587302 477
969.233238904627 674.38432483475 478
985.102398172821 404.932622763609 479
971.834564254062 885.348104382078 480
987.875925925926 938.666296296296 481
997.437185929648 157.83704235463 482
999.131578947368 984.836587436333 483
989.353638814016 16.3584905660377 484
994.908365019011 836.967300380228 485
995.523856858847 51.5402584493042 486
986.197735191638 648.912020905923 487
999.879026485326 227.809949892627 488
997.930891499654 299.166551485833 489
999.944203944204 95.6844636844637 490
999.684886128364 358.487784679089 491
1000.68228571429 566.997714285714 492
1000.52065217391 522.215760869565 493
998.6291230893 607.238938053097 494
997.387855044074 734.090107737512 495
1003.79396698919 778.434262948207 496
1004.77627388535 683.803343949045 497
1007.1522875817 891.005882352941 498
1010.83875162549 636.274382314694 499
1012.90876565295 719.640429338104 500
