22.5801699716714 18.7371104815864 1
7.40786749482402 62.7784679089027 2
21.7338065661047 93.3238686779059 3
24.0824175824176 121.241758241758 4
17.0302049622438 152.057173678533 5
9.50730688935282 175.179540709812 6
29.1740966682309 206.246832473017 7
9.79338842975207 236.064462809917 8
15.0126696832579 275.17556561086 9
29.0311915159077 303.250779787898 10
22.3042088438998 340.96537027171 11
24.0334029227557 402.584133611691 12
14.3105745212323 446.829308909242 13
47.3250490516678 459.431872683671 14
43.2782207301721 516.688208140999 15
18.8994446068401 575.857936275943 16
32.1850340136054 653.258309037901 17
30.6940608883713 747.901181167859 18
18.6371158392435 845.492907801418 19
24.7335294117647 901.299411764706 20
5.50857142857143 916.754285714286 21
23.9508196721311 944.244315177155 22
12.1909009812667 989.044603033006 23
33.6697936210131 1005.45403377111 24
28.0079817559863 53.8335233751425 25
40.7160570365778 254.014879107254 26
64.0937748344371 370.357086092715 27
51.329418344519 802.564317673378 28
61.6603854389722 564.637259100642 29
70.7183532127741 180.213158907272 30
54.274358974359 87.0264957264957 31
52.1539491298527 140.061579651941 32
46.1980906921241 158.348448687351 33
55.6910891089109 976.326732673267 34
62.7511834319527 892.421893491124 35
63.3708477937531 53.02825979177 36
82.7507546356188 816.438551099612 37
67.4350132625995 304.850574712644 38
91.7651245551601 8.68327402135231 39
80.3521205357143 127.9296875 40
89.2739231911734 245.628262253342 41
64.8717139852787 670.885383806519 42
93.4777777777778 43.1512077294686 43
83.8168880455408 327.434535104364 44
82.3381578947368 504.302631578947 45
86.4980966325037 640.085505124451 46
99.2054329371817 855.998868138087 47
82.075053304904 744.04946695096 48
78.3762711864407 541.35593220339 49
89.612746795982 979.301697263595 50
103.580076098236 462.836734693878 51
115.233022636485 111.143808255659 52
125.586846929423 402.947525206233 53
97.3019755409219 542.018814675447 54
92.3155818540434 886.25641025641 55
109.423326133909 500.830453563715 56
138.819991789819 596.147577996716 57
135.246859903382 704.259903381643 58
116.572098475967 913.802461899179 59
126.429833503228 663.485558953449 60
113.675159235669 327.205320344698 61
132.47429620563 164.00458996328 62
120.962485345838 755.891559202814 63
129.860595597756 997.936124298662 64
136.049603174603 556.171957671958 65
129.149261603376 820.522151898734 66
151.506348246675 197.896916565901 67
127.406493506494 20.787012987013 68
150.067441860465 275.034302325581 69
133.383906119028 56.943000838223 70
131.401673640167 529.926080892608 71
162.05066872428 960.639917695473 72
164.721283783784 81.6770833333333 73
159.510854341737 453.966736694678 74
147.816976127321 509.162466843501 75
150.187134502924 1018.61403508772 76
148.511904761905 836.721726190476 77
148.869843114468 324.791400348635 78
153.944594594595 864.20472972973 79
177.974664224664 21.5167887667888 80
174.920537897311 367.28728606357 81
180.052466718872 722.976507439311 82
168.82980917999 778.29087158329 83
191.878515444905 898.916551406178 84
188.754475703325 248.569479965899 85
169.008445106806 657.506706408346 86
179.783068783069 819.88813303099 87
192.619456366237 216.628040057225 88
199.993202655707 542.438033512488 89
205.308199541284 127.759174311927 90
192.585820895522 414.486007462687 91
206.14783966684 749.912545549193 92
190.200945626478 317.430260047281 93
201.811040339703 1002.80944798301 94
199.473058082575 854.678096571029 95
208.672467130704 470.73743232792 96
210.979104477612 352.875373134328 97
216.910019528316 649.010214811477 98
208.716192687174 184.433546140453 99
210.720219435737 789.420846394984 100
229.229610501399 69.668603400043 101
219.322901849218 944.792674253201 102
232.768598130841 271.791028037383 103
221.22997032641 814.621661721068 104
224.487162162162 319.993243243243 105
229.3982717989 843.913589945012 106
247.678074015121 170.494627934739 107
242.487600291758 411.350474106492 108
240.384568279241 219.864053888549 109
236.39509202454 977.631901840491 110
273.239242685026 19.4443488238669 111
246.382668711656 368.75536809816 112
264.674859550562 715.840355805243 113
244.111692844677 471.990401396161 114
250.511867905057 994.092879256966 115
249.346126510306 794.366737739872 116
263.576707726764 768.436170212766 117
277.613681368137 560.284608460846 118
276.250193648335 1009.87141750581 119
273.699859747546 297.261150070126 120
276.883424408015 897.827868852459 121
269.470889063729 499.196302124312 122
260.962923159592 838.285330467491 123
276.282649006623 643.182516556291 124
284.943579269849 959.5118713301 125
272.777777777778 102.057224606581 126
290.36116660008 158.171793847383 127
273.091603053435 858.703816793893 128
276.082014388489 353.520863309353 129
288.967856089649 221.88292539074 130
306.668711656442 62.0054533060668 131
274.77316735823 393.941908713693 132
310.855813953488 456.437454100367 133
319.569510268562 619.974723538705 134
298.195622435021 117.497948016416 135
303.05724437426 774.801026450849 136
317.048562300319 324.61054313099 137
313.741163373226 396.156693570832 138
295.61854768154 841.945756780402 139
312.904 669.128 140
328.498316498317 699.232323232323 141
332.128344481605 936.375 142
325.428571428571 509.755508173419 143
318.901744186047 241.756976744186 144
329.93427230047 867.539906103286 145
328.808533333333 569.3104 146
346.07596513076 998.858343711083 147
325.206806282723 901.854712041885 148
322.780733285406 133.948957584472 149
332.704714640199 835.589578163772 150
348.134316460741 732.640892785971 151
333.179797979798 98.5777777777778 152
341.412899669239 20.8897464167585 153
356.617759278529 194.821019771072 154
336.289165446559 776.805270863836 155
343.289545703339 253.334428024083 156
340.12037037037 662.588624338624 157
363.639846743295 819.417077175698 158
374.5 150.890812720848 159
348.734693877551 892.368804664723 160
355.861400359066 330.22118491921 161
348.020146520147 485.456043956044 162
351.964163822526 120.035836177474 163
360.799854439592 58.9534206695779 164
356.183366733467 576.780561122245 165
371.010191846523 392.894184652278 166
361.188571428571 91.1238095238095 167
360.805970149254 506.154752553024 168
384.39268611232 597.7583804963 169
361.154531946508 780.169390787519 170
377.297746781116 638.465128755365 171
386.349282296651 555.482655502392 172
381.477272727273 966.475267379679 173
381.429636124507 674.54800526085 174
367.558988764045 896.877808988764 175
375.960874568469 994.577675489068 176
382.082439926063 249.374121996303 177
415.674921909862 420.156626506024 178
392.801990049751 311.585572139304 179
384.227616645649 24.6279949558638 180
378.787066246057 118.252365930599 181
411.466030644695 476.667244868459 182
379.027322404372 80.7677595628415 183
378.126829268293 767.445528455285 184
392.38768115942 501.649275362319 185
398.561469265367 531.754872563718 186
412.76563876652 946.029515418502 187
410.994148624927 710.619075482738 188
397.71096345515 792.496677740864 189
397.733036326251 893.664838930775 190
402.317679558011 107.343922651934 191
409.112977983778 354.45191193511 192
420.368829981718 289.382998171846 193
408.896593186373 821.98997995992 194
409.362721893491 63.9041420118343 195
400.052505966587 769.237470167064 196
433.767326732673 183.218012185834 197
419.978644382544 748.657381615599 198
410.032400589102 17.4506627393225 199
414.582142857143 990.286904761905 200
438.714548802947 620.811602209945 201
448.969689378757 866.351953907816 202
443.82834424696 225.495790458372 203
459.652274225445 260.880355965722 204
426.997716894977 1012.05707762557 205
455.810769230769 111.405982905983 206
441.709291187739 23.3127394636015 207
457.835254427889 553.604160809671 208
449.65618359541 759.157671058224 209
458.172182821119 919.450748620961 210
458.433862433862 320.197354497355 211
446.275580665411 363.61581920904 212
460.187819856704 1002.22210849539 213
482.018144116122 692.198030067392 214
460.568159688413 816.558909444985 215
472.21482602118 977.439485627837 216
467.660516605166 483.223370233702 217
470.850310008857 952.966341895483 218
488.605611847233 35.4538841257469 219
491.546915167095 432.248071979434 220
480.398483080513 374.417736289382 221
479.015290519878 788.654434250765 222
483.074706510139 758.763073639274 223
498.004881712354 320.757040931281 224
512.090395480226 389.354237288136 225
515.809446254072 638.816286644951 226
493.939946018893 571.81713900135 227
503.592105263158 898.905034324943 228
512.372610222396 239.195278969957 229
515.712493728048 91.5722528850978 230
520.451086956522 599.264492753623 231
491.341207349081 826.796587926509 232
537.079325197416 171.520818377602 233
514.969535783366 539.255319148936 234
518.719860627178 940.818118466899 235
518.738901429646 867.92776523702 236
505.400854700855 758.441025641026 237
528.636956521739 989.582608695652 238
511.521044992743 823.937590711176 239
524.24255952381 481.317956349206 240
530.973369565217 765.041847826087 241
535.302521008403 920.34593837535 242
539.220703125 508.478515625 243
540.095871238628 333.779566130161 244
549.474794841735 693.131301289566 245
539.06411398041 807.351736420303 246
550.54101010101 430.905454545455 247
556.35162601626 527.018970189702 248
555.064713715047 37.6921438082557 249
552.906027219702 568.368114063513 250
567.314823996034 840.777392166584 251
576.854332356635 103.521138551695 252
569.262320527745 302.232052774544 253
543.319672131148 868.14262295082 254
547.759009009009 389.816441441441 255
549.036363636364 895.59797979798 256
575.464654487689 748.623510722796 257
559.654952076677 622.653887113951 258
564.019858781995 249.245807590468 259
563.87708750835 477.157648630595 260
572.550084889643 909.234295415959 261
570.708815028902 940.484826589595 262
574.761533852606 389.591372079089 263
578.339594290008 591.788129226146 264
570.815181518152 803.751815181518 265
585.812466702184 639.700053276505 266
573.249336870027 875.615384615385 267
583.316291751875 962.130879345603 268
595.321303841676 18.9825378346915 269
589.953579858379 230.0692368214 270
607.667839549613 715.347994370162 271
601.734105960265 989.796026490066 272
617.538644157214 372.955684515959 273
616.270310559006 785.871552795031 274
592.912173429683 179.151195108394 275
603.027564102564 508.294871794872 276
603.754778809394 556.02403058438 277
608.653465346535 332.70495049505 278
617.989867004433 443.776862993456 279
621.21239242685 673.75421686747 280
601.976694915254 869.079449152542 281
618.587464154035 277.356001638673 282
620.6227154047 136.966710182768 283
623.640567524961 619.38570677877 284
630.49650675361 231.941779226828 285
623.566591422122 575.446952595937 286
630.011487964989 929.480853391685 287
634.035 68.5345 288
647.801690140845 174.220845070423 289
635.030778894472 198.850502512563 290
633.489682097044 26.9341885108756 291
633.015769944341 106.936920222635 292
631.589421613394 868.544140030441 293
644.982134461683 308.369534555712 294
652.229936305733 1006.26114649682 295
642.949787234043 975.018723404255 296
647.32384341637 148.669039145907 297
671.932878581173 515.851841746248 298
663.983985765125 561.181850533808 299
650.991935483871 612.964157706093 300
663.679447852761 903.258435582822 301
666.232750689972 90.9576816927323 302
692.141862652869 762.032737535278 303
701.549956050396 804.978318195136 304
665.912215758858 856.781068217874 305
661.100141043724 952.631875881523 306
669.616166281755 429.080831408776 307
685.247913188648 706.410267111853 308
668.781749764817 474.109125117592 309
664.340192043896 125.229080932785 310
677.01704966642 12.7420311341735 311
702.341840680588 388.555297757154 312
685.579305650102 339.341729067393 313
689.50933908046 49.3049568965517 314
668.651030561478 627.329779673063 315
702.571428571429 835.463872035301 316
684.904109589041 281.20156555773 317
677.091964285714 152.022321428571 318
707.151334129829 247.806451612903 319
691.354767184035 211.918514412417 320
677.350340136054 948.289115646259 321
692.296920395119 993.701917489832 322
708.977758007117 663.787366548043 323
694.778364116095 913.462620932278 324
700.893694632621 109.305367378843 325
704.322448979592 169.366763848396 326
698.120068610635 612.083619210978 327
696.338064516129 947.265806451613 328
694.885265700483 481.326086956522 329
704.894736842105 427.043522267206 330
707.475899005356 867.363427697016 331
715.136203246295 483.231474947071 332
718.725935828877 322.840909090909 333
732.194188518781 585.666194188519 334
729.780634104542 888.161096829477 335
720.95619047619 947.314285714286 336
734.690978886756 17.8240563019834 337
722.299741602067 302.049095607235 338
736.323137641835 62.6640355204736 339
733.615301724138 1002.62230603448 340
744.467881944444 555.151041666667 341
737.187170474517 914.199472759227 342
733.722756410256 137.00641025641 343
735.011014948859 441.302911093627 344
734.026512576479 210.346702923182 345
729.803149606299 165.080708661417 346
778.107065348445 531.412346274415 347
733.608808290155 104.687392055268 348
751.340720221607 365.393813481071 349
745.871009771987 641.888599348534 350
758.764962593516 985.192643391521 351
746.435175345377 294.757704569607 352
742.848631239936 955.89694041868 353
749.043419874664 487.871978513876 354
757.221997981837 690.887991927346 355
744.706225680934 161.898832684825 356
757.14979757085 329.848852901484 357
756.816961561928 867.867602196461 358
769.721932114883 823.359442993908 359
777.92985002419 246.894291243348 360
773.188199389624 761.512377076975 361
764.165004533092 125.005439709882 362
760.925 186.081730769231 363
786.35741158766 726.577878103838 364
767.414565826331 938.584033613445 365
770.847138554217 441.907003012048 366
782.702522608282 94.3179438362684 367
767.791176470588 41.85 368
776.065698478562 630.312586445366 369
775.384433962264 152.362028301887 370
766.1171875 18.9713541666667 371
780.383445945946 582.033783783784 372
780.063829787234 7.34988179669031 373
785.086021505376 855.62980030722 374
809.416383307573 397.542503863988 375
788.357575757576 903.131818181818 376
785.333800841515 63.5483870967742 377
777.978783592645 337.036775106082 378
796.23549826475 191.765493306891 379
800.018645121193 298.519577377253 380
813.519076305221 811.581827309237 381
808.829861111111 703.08125 382
811.503188245079 993.81425006931 383
805.66974595843 21.7990762124711 384
814.936797000536 359.638457418318 385
792.622222222222 333.296296296296 386
791.870535714286 940.922619047619 387
806.945175438596 51.7620614035088 388
803.303174603175 609.680952380952 389
810.523140495868 883.710743801653 390
822.203358208955 779.933457711443 391
807.36288998358 662.622331691297 392
827.828138528139 153.771861471861 393
814.470588235294 320.022058823529 394
809.244036697248 446.393577981651 395
805.428842504744 628.459203036053 396
812.967661691542 329.039800995025 397
828.271143375681 586.628675136116 398
839.976174934726 464.363250652741 399
825.48969889065 638.500792393027 400
809.562711864407 935.347457627119 401
824.424981522542 855.820399113082 402
849.496625843539 531.719320169958 403
832.998497144575 240.48572287346 404
844.526721479959 687.469681397739 405
815.521008403361 750.773109243697 406
834.072207084469 85.4423251589464 407
828.230188679245 956.929559748428 408
845.08120649652 727.174787316319 409
839.304861111111 918.292361111111 410
840.310110450297 17.1231945624469 411
842.791611185087 299.932090545939 412
842.57985757884 752.70498474059 413
870.094175960347 499.779429987608 414
856.966425279789 51.7840684660961 415
855.852924145918 334.110017371164 416
851.326394052045 830.257249070632 417
858.399065420561 871.876635514019 418
863.776098252244 652.212092583845 419
869.465250965251 902.297297297297 420
853.572870662461 974.451104100946 421
866.450805008945 111.188729874776 422
874.197331460674 366.433988764045 423
873.022411953042 406.40288153682 424
878.322190385228 606.876154091054 425
901.564920273349 803.646545178436 426
861.324940991345 248.559402045633 427
900.259076763485 768.500518672199 428
872.494565217391 933.038043478261 429
875.38665132336 12.3509781357883 430
869.573593073593 966.943722943723 431
885.32578125 447.15390625 432
894.153399668325 876.892205638474 433
883.320309750088 229.931714185146 434
894.582796688132 838.755289788409 435
894.957926371149 697.682569496619 436
918.565165876777 996.572571090047 437
891.628185907046 127.791104447776 438
908.16974789916 20.0890756302521 439
895.847107438017 293.166115702479 440
888.150411280846 969.165687426557 441
914.900411522634 166.956790123457 442
891.168730650155 338.503095975232 443
914.034190715182 564.9752195734 444
896.265804597701 314.774425287356 445
916.991344489325 486.891806116561 446
908.056680161943 47.1140350877193 447
905.08125819135 373.085190039318 448
907.413815364751 908.364105874758 449
919.859447004608 133.856374807988 450
915.047450424929 76.021954674221 451
913.662379421222 439.329046087889 452
957.143843313533 738.633488521432 453
910.528883183569 397.197689345315 454
932.938539042821 281.551133501259 455
924.434439178515 654.235387045814 456
920.727084412222 237.821853961678 457
927.860824742268 921.014432989691 458
925.389136904762 327.713541666667 459
917.423809523809 613.673333333333 460
949.101387818042 218.43831919815 461
934.317757009346 937.773364485981 462
941.503168567807 421.970004224757 463
936.742738589212 681.526970954357 464
943.868774703557 622.757312252964 465
949.026669929043 861.24639099584 466
946.904489795918 355.317551020408 467
944.780487804878 98.7420546932742 468
959.747135842881 508.396481178396 469
950.560565870911 544.713527851459 470
951.15037593985 171 471
958.093854216293 953.912339209147 472
954.596170212766 51.2570212765957 473
987.457325549069 598.208507089241 474
989.862192929898 696.397543439185 475
980.289039767216 561.829291949564 476
986.921797593772 650.092356687898 477
990.239781232009 993.698042602188 478
976.915557595227 397.583754015603 479
971.362962962963 127.585185185185 480
991.08491476359 464.500804117079 481
988.064742268041 288.479587628866 482
992.819594594595 239.447635135135 483
992.011851246424 812.504495300368 484
992.568076398363 32.4117326057299 485
987.990765171504 183.650395778364 486
993.405721192587 347.692183722804 487
997.975790832795 923.618786313751 488
976.424855491329 156.843930635838 489
998.034135422496 88.6513710128707 490
999.961075725407 873.14720452937 491
1003.70066225166 528.837086092715 492
1004.54385964912 427.168421052632 493
1007.18863636364 313.915909090909 494
991.802631578947 146.578947368421 495
998.807397959184 125.633928571429 496
1010.53351955307 396.512569832402 497
1012.89511323004 178.861740166865 498
1015.1879049676 131.272138228942 499
