30.2224299065421 15.5046728971963 1
19.1791907514451 47.8002569043031 2
14.7639751552795 99.9648033126294 3
31.0536097212294 144.285203716941 4
40.2326515704894 186.813367421476 5
24.5276073619632 220.923926380368 6
13.3537486800422 253.810982048574 7
15.3137902559868 292.852188274154 8
19.2166882276843 336.642949547219 9
18.5782907049283 378.564566437929 10
16.4295168762409 428.242223692919 11
31.6594634873323 468.190760059613 12
14.5864135864136 530.018481518482 13
31.1682573347473 600.61965358784 14
20.8037974683544 650.350361663653 15
21.1089981447124 702.877551020408 16
20.6552779194289 756.547679755227 17
17.4576587795766 807.57596513076 18
26.3062572872134 854.328021764477 19
25.421568627451 914.562193627451 20
24.8150704630429 984.172274949669 21
51.8721649484536 562.124948453608 22
40.7718268525312 81.8187820983125 23
50.2239858906526 410.942974720752 24
52.894387755102 514.665306122449 25
48.420141620771 258.66089693155 26
51.8646023072253 789.09168184578 27
54.0768156424581 326.222067039106 28
49.5484147386461 291.299914310197 29
59.746500777605 730.526697770866 30
65.3558215451578 373.873775843308 31
70.830125120308 686.342637151107 32
68.0435943060498 640.910142348754 33
77.445945945946 957.530827702703 34
77.3027075011096 1001.10341766534 35
75.8383292383292 822.064864864865 36
75.1858783496385 868.959591663122 37
73.6246882793018 41.1938902743142 38
76.5625620655412 234.37140019861 39
82.1140278917145 128.605414273995 40
81.1882556131261 914.589378238342 41
67.8368298368298 85.1864801864802 42
82.353228962818 486.889432485323 43
80.9230769230769 11.9634146341463 44
88.57911908646 430.827895595432 45
85.5814977973568 765.347466960352 46
92.8611561318206 340.833063209076 47
92.4497404436055 290.688060405852 48
100.798677443057 590.441587068332 49
105.540531776913 189.378728923476 50
105.648915187377 538.208678500986 51
100.703173615432 75.9607965152458 52
110.323704722604 708.060522696011 53
116.134210526316 381.814035087719 54
113.55493321844 646.740629039207 55
119.824257425743 471.354455445545 56
119.551267916207 140.286108048512 57
117.952449567723 240.312680115274 58
124.26322163908 880.504642712959 59
118.502897904592 821.243423985733 60
121.810376775788 22.2643607164917 61
126.058739255014 947.905921680993 62
118.73734785394 765.368353619475 63
136.171696574225 314.698613376835 64
130.701578192252 1000.33285509326 65
134.87537627935 62.7248645394341 66
149.689452240833 105.010411951109 67
142.081995661605 424.581778741865 68
146.837002096436 512.253668763103 69
143.221346704871 734.836676217765 70
146.198827292111 264.890724946695 71
144.48463356974 606.819739952719 72
151.997228381375 677.544900221729 73
156.65796519411 924.493975903614 74
158.581488042516 360.487156775908 75
156.615526802218 557.953327171904 76
153.616066154755 782.773774365033 77
155.049272641952 159.778038479587 78
158.847802197802 830.658791208791 79
173.591715976331 214.608481262327 80
161.178797468354 15.940664556962 81
163.376344086022 980.280241935484 82
167.638001162115 641.98140615921 83
170.038035961272 713.049100968188 84
170.298790110468 478.552340873225 85
164.797535211268 893.246478873239 86
175.702903443619 48.1390952059419 87
181.812858783008 859.530424799082 88
186.727737973388 394.728761514841 89
181.594719471947 443.419801980198 90
180.881836596894 594.276164753545 91
185.108422522103 273.198697068404 92
186.600337268128 753.959527824621 93
187.020527859238 955.798387096774 94
191.802582033351 80.1414739107047 95
189.207906976744 321.653488372093 96
197.657668006893 1005.34750143596 97
196.970393283252 527.49491825011 98
197.506698564593 802.942583732057 99
197.3769771529 161.476274165202 100
208.377467501204 116.935002407318 101
204.233711048159 693.275259678942 102
197.342715231788 899.671357615894 103
206.572488584475 22.4788812785388 104
214.901810584958 933.515320334262 105
213.341421143847 644.588821490468 106
219.187107815174 361.44266970907 107
212.2226443769 437.313069908815 108
211.904681331077 589.281443880429 109
225.371766768961 490.123629986848 110
229.581353491721 201.483801295896 111
227.449424831416 256.067830226101 112
229.44052464948 847.988692899141 113
228.232018561485 977.348027842227 114
227.804319083297 749.730277655355 115
239.780400890869 553.40579064588 116
231.957472660996 892.000607533414 117
231.103162650602 402.307981927711 118
228.752368919773 316.064434617814 119
242.72613458529 70.2331768388106 120
241.873292510598 800.552048987282 121
242.889589905363 445.384858044164 122
247.729316546763 701.176258992806 123
248.220600858369 132.306008583691 124
255.131993006993 605.112762237762 125
247.97124600639 22.1123535676251 126
264.047991653625 1005.17057902973 127
257.806451612903 297.152492668622 128
255.484887459807 944.203215434084 129
262.420419081587 651.564868479715 130
270.313742437338 518.164217804667 131
261.970765262253 339.297506448839 132
261.001739130435 372.5 133
274.244568245125 912.088579387187 134
273.878774422735 186.603907637655 135
268.586046511628 464.631893687708 136
265.503722084367 409.086848635236 137
274.73798846893 267.150544522742 138
277.555230859147 874.868497954413 139
274.688888888889 748.130917874396 140
287.824732682473 233.016736401674 141
284.440018527096 832.832792959704 142
284.840476190476 968.946428571429 143
289.914862204724 791.152559055118 144
290.459860024702 81.0926307122272 145
285.589033659066 138.087404994571 146
293.709490740741 570.774305555556 147
291.841097083152 27.7640400522421 148
295.2560220234 318.27047487956 149
298.798959011061 431.44567338972 150
293.9131614654 699.10447761194 151
296.418502202643 356.356828193833 152
300.256389776358 393.698881789137 153
305.047343503419 475.877432930037 154
305.533793783917 643.758263443513 155
326.88435061955 605.511243689766 156
315.859138533178 283.435389988359 157
322.319529206626 936.102877070619 158
318.574392412567 983.793716656787 159
319.289310954064 520.564045936396 160
321.195855944746 195.783917118895 161
318.772316950853 869.867602808425 162
326.763561320755 106.741745283019 163
320.951907997909 748.270256142185 164
322.353013530135 148.746617466175 165
340.865371269951 1008.61693268563 166
331.562254259502 372.133027522936 167
338.648385131018 668.435100548446 168
332.376947040498 21.9557632398754 169
337.243243243243 332.088131609871 170
343.99400119976 902.049790041992 171
344.250245821042 62.6740412979351 172
340.112073357106 242.244523688232 173
340.170641229465 786.671436142024 174
345.661558669002 825.997373029772 175
340.281231497928 706.881586737715 176
342.174808429119 422.521551724138 177
351.89936536718 563.983227561197 178
353.214465937763 467.102607232969 179
354.646868947708 285.610071013557 180
358.725392296719 160.934379457917 181
368.159388646288 635.09443231441 182
365.047667342799 972.342292089249 183
363.674961909599 518.798374809548 184
365.922183507549 201.97212543554 185
368.628494623656 737.263440860215 186
368.054806828392 125.801437556155 187
372.011195928753 868.250381679389 188
372.761179828735 386.362511893435 189
368.336561743341 95.1549636803874 190
368.064006024096 21.4375 191
373.46248085758 322.196784073507 192
382.498786996604 918.098981077147 193
384.449201277955 601.343769968051 194
382.446537396122 676.83379501385 195
384.443565400844 777.852320675105 196
395.465450525152 349.324488667772 197
385.884302009777 245.790331341662 198
401.900243309002 424.117193836172 199
398.131972111554 837.126494023904 200
403.183281412253 1003.14901349948 201
398.084181941616 80.6795655125594 202
396.911602209945 293.060773480663 203
401.234234234234 470.515515515516 204
399.176945668135 176.903083700441 205
407.632337796087 712.441812564367 206
401.638325703074 957.788096795291 207
396.840996168582 140.918582375479 208
400.535453943009 571.051027170311 209
396.764053254438 25.3202662721894 210
402.802575107296 511.091354996934 211
414.324755989352 55.1996450754215 212
415.723986856517 214.314895947426 213
420.384781048098 544.024407753051 214
417.839467005076 793.149111675127 215
420.435542607429 117.878368536052 216
420.793565683646 626.690080428954 217
427.035695538058 888.591076115486 218
427.828046744574 749.740122426266 219
425.695964621338 667.176893311222 220
429.862775217614 268.327700972862 221
434.352738249245 366.876239758517 222
429.574206092029 925.118600129618 223
431.406687402799 19.5668740279938 224
440.118465227818 314.964028776978 225
433.111111111111 159.12481962482 226
441.987341772152 821.023317788141 227
445.570975918885 857.771863117871 228
440.855884203902 968.39018250472 229
447.693230916947 411.133941430629 230
445.521432765708 576.531415149736 231
450.668097281831 98.3211731044349 232
447.01825650388 467.674577818348 233
447.103420843278 63.1535401750199 234
451.147192716237 514.909458775923 235
456.030253025303 229.292079207921 236
457.232573289902 186.204560260586 237
458.557065217391 1002.33152173913 238
461.010372178157 612.067724222087 239
462.593989071038 684.139890710382 240
462.82650480526 725.843196762772 241
465.627053140097 780.366183574879 242
466.818123393316 135.406812339332 243
469.469399538106 933.402424942263 244
464.828275351591 21.019985196151 245
484.036302032914 643.543078412391 246
478.96883254094 325.426307448494 247
484.013433637829 547.835034927458 248
480.740025199496 269.95128097438 249
483.49274611399 451.126424870466 250
484.23724137931 886.323678160919 251
487.092050209205 397.508069336521 252
487.78264604811 832.991408934708 253
482.406911142454 62.3533145275035 254
491.388401888065 362.393796358732 255
495.300703399766 968.12368112544 256
490.312750601443 172.603849238172 257
499.584181313598 506.944033302498 258
497.847647058824 584.702352941177 259
495.050477489768 99.1152796725784 260
498.851196670135 217.318938605619 261
499.906960227273 20.4154829545455 262
507.567215958369 777.764960971379 263
512.252321135991 1003.91152375751 264
508.268186226964 726.106692531523 265
511.141003948111 684.745628877609 266
507.565110565111 135.710073710074 267
513.692685925015 930.290104486785 268
522.567432567433 296.660839160839 269
520.247428571429 425.906285714286 270
524.208131067961 471.293082524272 271
527.960125918153 607.337355718783 272
520.874039938556 53.9969278033794 273
523.014492753623 337.234057971014 274
526.22290263319 890.814451928965 275
520.889201877934 169.618779342723 276
535.128242780225 255.448360254528 277
535.5239912759 655.160305343511 278
532.427272727273 836.981818181818 279
533.999369880277 377.977315689981 280
537.630952380952 77.4386446886447 281
540.565422565423 556.839982839983 282
535.252701579385 108.682460515378 283
539.56864064603 19.4737550471063 284
542.050314465409 215.548427672956 285
546.376869391824 966.672981056829 286
550.292094455852 751.933264887064 287
555.378451788139 796.957899502037 288
549.062375249501 509.52245508982 289
546.738491674829 181.589618021547 290
550.247448979592 139.317176870748 291
561.281760435572 707.39609800363 292
559.666666666667 866.663050030139 293
558.235842771486 402.690872751499 294
558.833820947923 921.722059684026 295
561.0310626703 456.347138964578 296
564.796424452134 626.807958477509 297
559.844867358708 335.973471741638 298
571.791253381425 1000.43868349865 299
575.570488721805 289.30780075188 300
573.509615384615 69.8455882352941 301
576.192741935484 162.558064516129 302
576.607287449393 24.7790630422209 303
581.508386350492 114.851359167149 304
585.268108651911 671.791750503018 305
585.289150460594 238.876151484135 306
588.828971962617 566.671962616822 307
594.140216698534 602.612492033142 308
587.131266490765 196.775725593668 309
590.684375 425.716875 310
592.319284064665 379.228637413395 311
591.267669858641 518.252621979024 312
598.895352962043 820.073075558709 313
590.667830133799 879.51250727167 314
597.928217821782 930.872772277228 315
596.534333070245 751.499605367009 316
603.811291963377 469.892166836216 317
597.615296147211 335.121909143186 318
610.765667574932 967.21961852861 319
618.335174171623 148.754460492778 320
615.633371169126 265.841089670829 321
618.262852404643 84.3329187396352 322
621.771793448084 627.465852304275 323
614.031311154599 28.5958904109589 324
621.717121588089 699.219602977667 325
629.993150684931 1001.71183953033 326
634.434096692112 308.792875318066 327
629.107460643395 661.505133470226 328
625.53300248139 201.605955334988 329
640.357603686636 789.906451612903 330
624.091878172589 879.68730964467 331
639.724051688203 540.502709462276 332
630.727915194346 387.613427561837 333
633.197389885808 429.063621533442 334
640.104031856645 493.460925833748 335
641.502941176471 350.090588235294 336
648.360426382412 719.099933377748 337
648.728741496599 583.839285714286 338
643.543378995434 752.401826484018 339
654.949427103911 837.359146582378 340
654.330145371079 944.675592960979 341
657.564091112104 120.512728896829 342
653.046071774976 26.5179437439379 343
651.655370476738 261.792073520965 344
660.711724806202 892.156492248062 345
661.157380254154 211.607038123167 346
670.990454545455 458.165909090909 347
670.05296694544 74.068498606133 348
676.566739606127 160.58818380744 349
671.169207317073 673.362296747967 350
670.978888888889 394.958333333333 351
678.082175466455 625.337832473204 352
681.406542056075 994.848909657321 353
685.273553323769 304.997130559541 354
687.853944954128 511.026422018349 355
684.986951983299 350.387265135699 356
691.391402714932 748.268325791855 357
692.369909987141 797.6588084012 358
697.946097697922 427.300954519933 359
689.995729103112 262.646125686394 360
696.43906020558 914.499265785609 361
695.680699835976 21.2657189721159 362
702.970821439898 574.16397082144 363
704.605734767025 705.863799283154 364
705.351204351204 858.32634032634 365
704.233410942957 225.098370197905 366
713.313106796116 182.280582524272 367
720.444307944308 957.599508599509 368
715.402742692169 118.082641645615 369
721.399106780349 62.882257409663 370
722.809016393443 657.917213114754 371
723.549571020019 386.067683508103 372
737.330553449583 484.052312357847 373
730.739561586639 343.171711899791 374
739.399336283186 533.195796460177 375
739.200470588235 441.517647058824 376
733.532091097308 1000.47412008282 377
738.739837398374 830.041231126597 378
734.984538928769 303.833241303147 379
748.307580174927 622.066690962099 380
737.104867034621 258.790265930758 381
736.668147208122 791.477791878173 382
737.703792606817 907.647143542967 383
748.327167630058 752.845086705202 384
741.283113622097 18.4231010671689 385
753.685812469318 214.446735395189 386
760.207607699358 168.857470210816 387
758.739356178609 697.961924541364 388
772.761691223575 580.395259449071 389
761.219810795771 126.537562604341 390
767.923255813953 862.62 391
768.985178727114 83.1373147340889 392
766.722222222222 404.68 393
776.125406409661 948.821179749187 394
774 288.507856056766 395
779.299782135076 31.7485838779956 396
779.894126449682 347.667414889637 397
779.176361098185 996.008841321545 398
780.748366013072 806.849673202614 399
779.646516983305 903.375935521013 400
797.949300699301 464.986305361305 401
795.572680412371 237.895360824742 402
803.556243550052 644.084107327141 403
800.234887737478 522.839953943581 404
802.879986590681 722.502514247402 405
804.751524390244 199.283536585366 406
814.956288659794 770.312164948454 407
803.438515081206 132.569837587007 408
810.536621823617 269.627055306428 409
807.960165975104 402.745228215768 410
811.54386951631 851.730596175478 411
815.773204903678 73.7329246935201 412
820.930687830688 307.532804232804 413
824.837275307474 21.7502365184484 414
819.895243488109 958.992072480181 415
830.84588441331 168.971395213076 416
824.458282458282 909.505494505495 417
831.647554347826 572.38722826087 418
827.309050772627 1002.25883002208 419
830.42750533049 813.285181236674 420
831.753911205074 348.189006342495 421
844.189684424839 676.782151340346 422
848.763008758372 861.670273055126 423
857.664593053395 100.228615863142 424
847.197706603401 415.471332542507 425
858.965012406948 481.52158808933 426
849.843212237094 133.355640535373 427
845.717003567182 262.996432818074 428
855.499533146592 205.439775910364 429
864.241758241758 740.918367346939 430
861.111044055522 58.4858177429089 431
880.663124641011 633.456634118323 432
858.671606401897 957.180794309425 433
874.592477876106 366.219911504425 434
876.442131819615 800.198360138757 435
878.711817168339 243.18115942029 436
872.847345132743 294.87389380531 437
872.065671641791 995.676417910448 438
890.517920568292 531.965773329028 439
874.016486640136 19.798749289369 440
878.21693583588 580.411174159756 441
882.476892430279 878.154183266932 442
885.664255319149 926.99914893617 443
886.289302728454 153.922044174968 444
891.041750841751 323.972390572391 445
892.334101382488 696.495775729647 446
891.703339882122 420.334774066798 447
897.923728813559 69.5617433414044 448
908.885918003565 1008.75846702317 449
904.866866866867 201.686686686687 450
927.010254907706 835.751245238793 451
915.553344389165 975.201216141515 452
919.716877405168 103.43980208906 453
925.665654520918 461.747638326586 454
920.253468516542 287.528815368196 455
932.149639089395 775.901721265963 456
916.869846878681 22.3156654888104 457
920.047925608011 341.478540772532 458
923.564417177914 590.024948875256 459
922.568527918782 245.504794134236 460
929.722075172049 377.882477501323 461
937.69201781432 512.136690647482 462
934.353837778987 133.980947196516 463
937.165505226481 721.694425087108 464
937.29039222742 888.111550917596 465
941.82361463238 669.599058312206 466
937.094151212553 934.159296243462 467
941.387525562372 169.427914110429 468
935.3046989721 60.8737151248164 469
946.879164815638 415.563749444691 470
955.810049019608 624.330473856209 471
955.872782564622 210.246325392803 472
967.210957882967 564.501677226985 473
956.290165530672 12.7643622200584 474
961.246283128636 1006.09696186167 475
958.599651365485 339.339918651947 476
963.484548104956 298.779008746356 477
962.703573520797 968.707674282367 478
966.668903803132 255.779082774049 479
968.8936 40.0384 480
965.493457943925 84.1781931464174 481
990.523215177234 812.738142785821 482
988.490854672431 480.00864649152 483
992.674865488086 742.383807327697 484
992.042496679947 124.464807436919 485
992.274019984627 380.216372021522 486
992.773466833542 875.184292866083 487
995.947305863708 430.959191759113 488
994.451002227171 930.396807720861 489
999.549721559268 532.519888623707 490
994.234342596433 168.331812525923 491
996.67869803416 673.650016113439 492
1002.01893004115 607.1 493
1001.04812319538 218.914821944177 494
1001.65465465465 329.973473473473 495
1001.21227621483 15.3307757885763 496
1003.81118493909 275.336101882613 497
1003.54576271186 989.485714285714 498
1004.07469244288 50.0140597539543 499
1002.79721362229 85.5433436532508 500
