18.0448430493274 10.3228699551569 1
5.84745762711864 31.0271186440678 2
18.7900677200903 58.9142212189616 3
41.8823904721395 104.919396001701 4
44.2423430321593 167.676301684533 5
17.0730659025788 220.902578796562 6
3.81481481481481 246 7
10.6085740913327 277.649580615098 8
9.02345786272806 342.470894874023 9
21.2845010615711 379.745222929936 10
18.2780930760499 429.095346197503 11
13.0328358208955 470.969154228856 12
29.6996684036002 512.73803884415 13
24.7071346375144 547.230724971231 14
6.5187969924812 575.048872180451 15
18.5669064748201 622.974964028777 16
50.4150670794634 735.475748194014 17
11.8297872340426 756.127659574468 18
24.4332904332904 808.16302016302 19
8.64848484848485 867.404848484848 20
14.389507154213 914.0413354531 21
32.3183145598665 948.766791823112 22
32.4033747214263 996.325055714741 23
86.1621732026144 691.404003267974 24
41.9667774086379 407.990863787375 25
37.9183085055262 871.785679961557 26
46.7585622244829 275.69515089861 27
39.2514345331247 337.089723526343 28
48.3527965580824 27.1382913337431 29
61.0886460230723 479.433211900425 30
58.9414414414414 822.355355355355 31
43.8789659224442 228.634547591069 32
70.9489572699431 602.72961936707 33
48.9148550724638 376.340579710145 34
72.3159371492705 905.423681257015 35
74.8188904172398 307.015130674003 36
79.214749061113 220.266985319222 37
69.850944716585 423.508747375787 38
72.3312191684285 942.269203664552 39
85.2165898617511 795.507488479263 40
86.2535670607419 859.54504688137 41
80.8333333333333 38.8625140291807 42
70.9589800443459 376.269401330377 43
105.321964529332 524.778763074125 44
92.2117144600366 977.495424039048 45
91.409375 1008.21484375 46
92.0236686390533 9.22189349112426 47
92.3833619210978 352.671526586621 48
103.510808646918 84.0648518815052 49
91.7488877904103 115.692535837865 50
107.631607335491 448.061488673139 51
101.473751600512 421.911651728553 52
105.775820170109 388.031591737546 53
106.803512623491 307.406147091109 54
137.372456223379 245.798390913393 55
129.815267527675 784.089944649446 56
113.2082616179 930.600688468158 57
120.07164790174 964.724667349028 58
126.247014456317 188.500942803268 59
123.338779956427 70.9542483660131 60
123.437827225131 895.898560209424 61
131.045751633987 38.7826797385621 62
137.167938931298 54.5063613231552 63
146.619467125054 630.828964331758 64
150.842057350933 149.080109239873 65
140.433015873016 12.9714285714286 66
148.670503597122 468.275899280576 67
138.849609375 118.701171875 68
145.07551091098 577.641149982681 69
151.535721857113 845.876828492686 70
131.719314938154 336.159847764034 71
142.651960784314 1006.19537815126 72
157.109565217391 363.95 73
150.191993464052 302.614787581699 74
146.618510158014 412.450338600451 75
146.660899653979 945.897347174164 76
160.077976190476 79.9553571428571 77
150.028025477707 919.053503184713 78
155.175500588928 510.324499411072 79
160.655287076036 701.806916426513 80
164.692594565796 974.961640916356 81
191.211810012837 526.551989730424 82
198.678321678322 771.748081187106 83
176.698317959848 892.279978296256 84
192.347326454034 194.570590994371 85
192.991664271342 42.8568554182236 86
180.979166666667 398.861486486487 87
178.440677966102 106.569491525424 88
183.242273180459 938.165503489531 89
201.492810457516 268.77385620915 90
196.854194115064 433.428194993412 91
196.495792426367 135.310659186536 92
193.493333333333 322.559298245614 93
196.556537102473 1001.81566548881 94
196.267716535433 577.366836498379 95
225.669026548673 662.793982300885 96
212.235177865613 94.9782608695652 97
207.300281690141 701.169577464789 98
240.305837563452 15.6104060913706 99
232.801739575339 485.792274238936 100
223.365054189796 883.614591593973 101
212.529302899445 612.867365823566 102
210.145431945308 931.729024238658 103
224.42417739628 972.243204577969 104
228.181818181818 245.259259259259 105
255.862005856515 375.329612005857 106
255.655258604115 847.058642568737 107
231.515915119363 314.548408488064 108
243.505965697241 201.986950037286 109
250.34640353155 122.191638535445 110
243.565835175245 429.560783075466 111
236.282115869018 1003.85390428212 112
258.929684908789 65.8799336650083 113
242.469296740995 590.860034305317 114
253.685561497326 714.062032085561 115
248.297008547009 272.626068376068 116
250.520440251572 296.069182389937 117
275.263992235522 516.227110967325 118
253.74762550882 966.170284938942 119
277.137561910848 762.213452628215 120
268.079581151832 1010.1497382199 121
291.656064926519 173.305988155297 122
283.452444922085 555.058033315422 123
260.860892388451 239.548556430446 124
271.067657992565 951.70185873606 125
256.282407407407 255.175925925926 126
284.508506616257 677.270051309749 127
271.515757109915 311.961568024596 128
285.642350557244 621.975683890578 129
294.113151364764 924.948387096774 130
292.44338028169 228.092957746479 131
278.417015341702 259.959553695955 132
282.308959835221 585.29351184346 133
298.482341399608 36.5729234793983 134
302.957602339181 274.565058479532 135
305.380278191754 445.698211624441 136
314.201310153691 350.51776266062 137
303.930555555556 301.039682539683 138
304.56498470948 872.987385321101 139
308.443204202232 982.354563361786 140
328.396777905639 799.724050632911 141
301.453465346535 956.770297029703 142
334.783220720721 91.865990990991 143
345.088767353807 1008.83592763988 144
339.340063341251 129.027711797308 145
308.074418604651 593.088372093023 146
323.310243183493 497.510685335298 147
323.918079096045 630.728813559322 148
339.742072882158 855.180312352106 149
338.023966942149 679.49696969697 150
333.240460327075 562.900060569352 151
342.757134862899 525.966983771684 152
345.007826086957 246.294492753623 153
333.210892236385 594.790266512167 154
343.84888304862 163.433639947438 155
341.650559811432 913.668827342369 156
340.096106048053 36.1064623032312 157
375.402945113788 384.967648371263 158
353.944201680672 965.96974789916 159
364.076327822722 328.654590221597 160
346.406125166445 440.964047936085 161
386.873816287879 717.982007575758 162
360.795048143054 196.418156808803 163
372.195707879564 769.710442024343 164
380.664617748751 293.369573568959 165
364.868934746235 484.653653095371 166
348.980198019802 609.980198019802 167
367.421911421911 630.171717171717 168
379.826233656685 22.4276676507803 169
368.280434782609 168.245652173913 170
383.756371490281 435.071706263499 171
376.653327128897 909.427640763146 172
382.586176727909 550.363517060367 173
389.618903754855 594.637030643073 174
386.011014948859 826.2871754524 175
394.34668989547 213.256097560976 176
391.693596059113 230.993103448276 177
386.750278086763 868.359844271413 178
396.556144067797 680.512711864407 179
389.744408945687 660.517571884984 180
400.206403659234 68.9502572898799 181
397.305571187394 153.412492965672 182
419.11552928533 107.761687264911 183
398.303599374022 194.300469483568 184
412.722351571595 960.038028715561 185
408.506067961165 267.250606796117 186
415.868948247078 532.391485809683 187
408.336708860759 808.108860759494 188
416.928467858869 481.663122281295 189
429.505766062603 638.575233388248 190
449.319057045168 31.6935396796833 191
415.457431457431 863.909812409812 192
431.735202492212 440.026090342679 193
432.481622651783 351.598693166349 194
418.482345523329 768.505674653216 195
427.101801801802 172.054954954955 196
435.557034220532 243.573510773131 197
447.80615942029 1010.34782608696 198
432.541623843782 204.89825282631 199
456.618988596926 581.204511650967 200
444.710191082803 836.607218683652 201
447.964069062063 888.353243117126 202
446.11761575306 292.25119744545 203
447.551480959097 513.739774330042 204
444.834051724138 783.686422413793 205
476.535759897829 404.843124733929 206
461.887901701323 703.649716446125 207
473.050324675325 988.958603896104 208
464.689533861038 154.244063324538 209
455.61863743148 965.416601409554 210
466.473623853211 185.677752293578 211
462.461002785515 936.305013927577 212
473.981603153745 212.015768725361 213
467.871301775148 477.542159763314 214
486.463266545234 901.201578627808 215
488.743303571429 309.947172619048 216
497.000830220008 83.4012730040127 217
482.358760429082 341.381406436234 218
476.47094017094 250.488888888889 219
499.093916125221 854.843473124631 220
484.815940366972 788.733371559633 221
494.292479108635 276.551532033426 222
475.727463312369 524.187631027254 223
500.163442940039 1009.93907156673 224
504.801218804411 643.509576320371 225
497.023294509151 291.73377703827 226
485.916666666667 948.949712643678 227
509.37067122702 598.070115433946 228
497.759439050701 466.468716289105 229
507.598615916955 922.666435986159 230
511.917342799189 243.802231237323 231
509.529699938763 534.198407838334 232
517.857005141388 718.724293059126 233
498.083521444695 508.354401805869 234
516.56862745098 962.342820999368 235
517.763692307692 199.12 236
520.883597883598 759.984126984127 237
516.731398809524 163.350446428571 238
517.292600896861 347.652466367713 239
532.699152542373 554.451271186441 240
548.468076923077 145.599230769231 241
524.422172452408 499.243001119821 242
545.430997221365 384.850262426675 243
537.407468423943 442.339923119165 244
535.644244105409 785.518030513176 245
555.550654905106 816.242181234964 246
549.761616161616 661.247272727273 247
534.511805026656 991.485148514852 248
569.043641566804 39.5646574852441 249
540.199170124481 482.408298755187 250
551.053133514986 327.94187102634 251
568.0516523188 898.891696750902 252
564.172306322351 934.344167408727 253
563.355710306407 100.331754874652 254
550.147869674185 750.936090225564 255
557.364010282776 200.14087403599 256
567.112253289474 568.984375 257
574.159110350727 312.43498716852 258
560.812091503268 244.372140522876 259
588.496784073507 696.516998468606 260
583.437608318891 419.734835355286 261
571.884852216749 610.299876847291 262
570.028058007566 984.154161412358 263
579.634952097787 509.085232903865 264
590.808112324493 858.43120124805 265
586.741125251172 747.637307434695 266
581.21834625323 275.834625322997 267
565.346863468635 453.566420664207 268
597.029411764706 258.420814479638 269
604.023592715232 648.716473509934 270
594.048611111111 457.797839506173 271
608.507670454545 190.554261363636 272
605.069298245614 304.7 273
647.973913043478 14.3866220735786 274
608.404329004329 239.894372294372 275
613.449306296692 372.886872998933 276
636.012580231065 1001.61155327343 277
618.165192582026 592.966904422254 278
619.817008352316 814.571374335611 279
624.43756097561 142.649756097561 280
614.24277067922 92.2051109616678 281
624.381951731375 276.741867785939 282
609.132275132275 267.846560846561 283
631.444952032892 464.543627227044 284
659.398669304082 961.15770544866 285
624.310783316378 524.391658189217 286
638.843685300207 45.453933747412 287
636.196705426357 411.885174418605 288
638.228639618138 324.681145584726 289
635.804823581956 884.100491290755 290
658.367115902965 775.316981132076 291
643.40813093981 730.051742344245 292
638.942242355606 108.22536806342 293
656.405240174672 479.234934497817 294
675.13934084272 802.607008760951 295
664.30241187384 564.14693877551 296
658.070620689655 650.195034482759 297
644.840197693575 79.5634266886326 298
654.048030739673 235.905379442843 299
675.746867973016 913.532605203983 300
664.739654269251 847.69041382923 301
674.826490066225 160.941721854305 302
661.191525423729 283.310169491525 303
678.229793233083 187.68984962406 304
670.618601297765 348.752703677001 305
653.853042479908 514.934557979334 306
668.934917355372 140.25 307
671.424752475247 386.031683168317 308
693.673532934132 429.105149700599 309
700.246865671642 593.684179104478 310
678.614366729679 62.4517958412098 311
677.033166458073 109.355444305382 312
684.630914826498 500.045966651645 313
690.734140435835 671.072639225182 314
688.016304347826 221.099378881988 315
688.45909451946 316.205718824464 316
702.897734627832 373.140453074434 317
696.352321981424 717.943034055728 318
696.753488372093 262.673488372093 319
698.921001926782 755.859344894027 320
709.485776805252 523.066520787746 321
711.933129770992 845.854045801527 322
719.922289156627 284.140361445783 323
715.991080984659 89.4705672493757 324
727.609302325581 34.0372093023256 325
718.163384064458 913.649955237243 326
727.587976539589 228.668988269795 327
726.52478785172 334.275122822689 328
738.695945945946 128.088452088452 329
752.301560089148 988.563003600206 330
729.096618357488 676.94847020934 331
736.091023489933 173.401006711409 332
742.770552147239 622.450306748466 333
754.222088835534 485.616246498599 334
741.998230610439 740.515482158655 335
768.697569015245 799.169756901524 336
747.716312056738 6.62647754137116 337
742.719806763285 521.356884057971 338
749.930583101944 385.244744149147 339
763.351769011793 443.084180561204 340
749.886404833837 861.274924471299 341
760.854447439353 569.510589141317 342
772.027820710974 415.476043276662 343
754.952941176471 149.68 344
747.28992248062 920.599224806202 345
759.330461226559 296.332488596047 346
770.150085763293 104.844768439108 347
775.736870897155 80.4469365426696 348
771.071841851495 665.858244937319 349
773.504577077993 240.745148297327 350
766.009302325581 900.417054263566 351
779.776576576577 363.554054054054 352
780.66621253406 16.9959128065395 353
778.258342303552 332.914962325081 354
781.16238317757 186.453271028037 355
793.297862232779 924.393349168646 356
803.316446911867 204.565579458709 357
783.412291933419 527.30985915493 358
774.960698689956 163.434497816594 359
776.904665314402 136.073022312373 360
806.969951534733 39.583844911147 361
786.191108161911 620.71599203716 362
785.694403892944 861.067153284672 363
789.855144855145 297.934065934066 364
794.905354558611 736.921852387844 365
803.60517489219 471.926209870628 366
790.005415162455 550.458483754513 367
820.690639983323 973.468834688347 368
819.239904988123 673.524601289447 369
801.624155405405 133.040540540541 370
797.084459459459 165.087837837838 371
809.296557811121 390.807590467785 372
807.565499351492 352.339818417639 373
816.848246674728 512.222490931076 374
819.512874630646 883.972140143521 375
813.956444967628 613.092995879929 376
818.410335917313 558.399483204134 377
816.278128286015 249.756572029443 378
811.912200684151 323.160775370582 379
834.571143617021 819.368683510638 380
825.242341729067 419.68413886998 381
828.315009560229 165.52724665392 382
834.535132382892 295.65733197556 383
832.614137483787 91.3184176394293 384
842.171011931065 711.989836500221 385
828.324503311258 361.475165562914 386
837.026940346376 766.284797947402 387
845.631023405232 52.1500688389169 388
844.375824175824 117.849816849817 389
838.372727272727 453.411688311688 390
846.630121816168 587.305647840532 391
855.860501567398 211.815438871473 392
847.166207529844 380.480257116621 393
848.402504472272 430.570661896243 394
853.171215880893 323.844499586435 395
859.077441077441 606.015712682379 396
857.161960575386 634.108684070325 397
858.507374631268 491.480825958702 398
867.442991418063 860.069881487536 399
859.836571428571 472.756571428571 400
871.606070496084 254.615861618799 401
862.264646464646 563.060606060606 402
867.536714610144 924.696442089326 403
861.321063394683 519.239945466939 404
864.408080808081 896.261952861953 405
884.905430711611 1006.30383895131 406
886.939894551845 20.0523725834798 407
879.938001927401 153.061998072599 408
868.30545112782 344.693609022556 409
883.611976047904 807.811576846307 410
896.813368055556 942.684895833333 411
879.969392635103 969.520803443329 412
865.446466809422 761.34903640257 413
873.630658436214 413.190329218107 414
875.327564894932 451.925834363412 415
884.210205213533 668.088740987243 416
878.278875379939 108.077507598784 417
880.53000923361 727.6297322253 418
887.651029200574 376.042125418861 419
889.084166666667 58.5675 420
895.10480349345 702.863173216885 421
889.09397810219 530.289233576642 422
895.579264617239 297.782399035564 423
894.002127659575 429.547872340426 424
902.881643835616 755.522191780822 425
910.206853582555 335.824299065421 426
901.65538253216 587.832092078538 427
911.871621621622 87.295045045045 428
905.937701396348 556.96992481203 429
901.677966101695 636.436440677966 430
917.416831032216 177.646942800789 431
901.402777777778 623.605902777778 432
924.175510204082 200.915102040816 433
908.012738853503 644.777070063694 434
904.033898305085 497.140215716487 435
914.934065934066 470.791895604396 436
896.229885057471 907.048275862069 437
929.367832167832 216.408391608392 438
922.903539823009 235.638938053097 439
936.970871611024 866.957203674658 440
916.066450567261 976.497568881686 441
935.746931067044 268.624645892351 442
909.615925058548 913.070257611241 443
926.625925925926 615.747222222222 444
928.194181818182 523.28 445
956.467929138668 804.937385461209 446
927.545707915273 392.607580824972 447
928.115276476101 659.353327085286 448
931.469092721834 436.675473579262 449
927.689865689866 150.3663003663 450
941.526170798898 130.012855831038 451
934.26159554731 693.996907854051 452
928.322704081633 302.854591836735 453
938.064607882974 33.8285249898415 454
950.524377031419 112.206933911159 455
933.671043034282 923.107221006565 456
935.315561959654 496.942363112392 457
948.754692274116 740.903535573985 458
945.169768753525 979.522842639594 459
949.67907444668 1009.99195171026 460
939.581222056632 557.561847988077 461
952.003056234719 372.892420537897 462
951.967272727273 93.1357575757576 463
965.521119842829 581.873280943026 464
948.757737459979 311.709711846318 465
964.318370739817 68.9675810473815 466
960.400576368876 237.839577329491 467
973.538554948391 628.37401335762 468
969.709099058718 476.344688480502 469
964.739291380222 935.124272871497 470
968.32541567696 152.068883610451 471
973.971319311663 189.182919056724 472
966.522553191489 321.748085106383 473
970.862969004894 427.003262642741 474
976.013001083424 526.345612134344 475
969.177371832646 687.0972304066 476
988.601975595584 352.176641487507 477
988.064223960478 42.5936599423631 478
996.867647058824 879.26550802139 479
1001.17049960349 15 480
984.506024096386 393.334939759036 481
998.899477806788 751.137336814621 482
997.388524590164 266.922950819672 483
1003.45694444444 289.893055555556 484
997.023512123439 312.670830271859 485
996.721365638767 959.605726872247 486
997.342553191489 1000.82659574468 487
983.906951871658 229.730481283422 488
1000.49721627409 101.615845824411 489
1000.7099827883 449.771944922547 490
1001.38506304559 547.517943743938 491
1004.3388817755 673.912932138284 492
1005.253 161.293 493
1007.78534798535 497.898901098901 494
1009.28627968338 422.176781002639 495
1008.83299526707 586.480054090602 496
1007.27225519288 226.706231454006 497
1011.07296849088 927.290215588723 498
1012.83048211509 368.297045101089 499
1006.6064516129 395.238709677419 500
