20.4649257552483 24.3666154633897 1
27.8781122259383 73.2839093273876 2
12.5472203616879 130.195579370395 3
11.3471385542169 201.160391566265 4
33.7043410246382 262.056707078608 5
27.6831072749692 303.645293875873 6
15.7248603351955 348.926675977654 7
18.4612700628053 400.899511514306 8
13.1095755182626 439.963474827246 9
11.1462053571429 482.860491071429 10
23.8294573643411 522.684108527132 11
18.8908594815825 560.227830832196 12
10.9464668094218 600.574946466809 13
19.2762312633833 651.345824411135 14
27.0185567010309 704.705498281787 15
34.9508045977012 766.985057471264 16
42.3691304347826 825.285869565217 17
21.6169312169312 886.848677248677 18
19.3122568093385 950.643482490272 19
17.9374158815612 998.833109017497 20
41.0913642052566 228.057571964956 21
36.3694709453599 155.946227233304 22
40.1058333333333 187.845 23
44.6754551161331 375.497175141243 24
38.185210312076 611.070556309362 25
38.5797705943691 455.937434827946 26
37.2365097588978 489.243398392652 27
48.6922525107604 121.558106169297 28
52.5412844036697 425.292813455657 29
59.8803695150115 928.995381062356 30
54.4587008821171 1004.40657578188 31
63.72607421875 336.06787109375 32
61.9794073329985 665.811652435962 33
68.0707467714767 969.906793935991 34
58.8552465233881 559.256637168142 35
65.9417475728155 24.6563951034192 36
65.494 592.17 37
69.0883233532934 98.750748502994 38
63.3386923901393 499.18756698821 39
79.0985663082437 878.739545997611 40
80.3393634840871 725.919932998325 41
74.1470588235294 529.099673202614 42
71.8828685258964 464.551394422311 43
72.8138075313807 161.345885634589 44
78.7825739408473 620.534772182254 45
80.9994397759104 207.749579831933 46
85.4108910891089 412.979647964796 47
92.772142316427 287.26343679031 48
90.2312138728324 76.781631342325 49
103.077549271637 240.96529562982 50
98.1311647429171 378.411332633788 51
99.2947103274559 643.356003358522 52
92.7470881863561 1002.28785357737 53
104.982016348774 129.91825613079 54
115.310148232611 784.151938426454 55
107.495192307692 45.303952991453 56
97.8333333333333 503.314262023217 57
102.48097412481 584.835616438356 58
107.424550898204 678.078443113772 59
109.76306465899 333.228963684677 60
109.793285371703 455.685851318945 61
118.600135089497 833.357987166498 62
112.166066838046 177.405141388175 63
110.545767377839 553.00963523744 64
107.357698289269 933.711767755314 65
128.764086687307 14.5504643962848 66
124.849315068493 969.220964860036 67
127.904783191775 733.325882878856 68
130.133004926108 610.176108374384 69
133.033947623666 93.4384093113482 70
145.613279678068 916.278068410463 71
127.529828109201 1007.26188068756 72
129.301040312094 512.068920676203 73
145.004649196957 872.126373626374 74
146.811251314406 416.222397476341 75
147.218613861386 264.933069306931 76
152.915197313182 693.219143576826 77
140.869017632242 382.950251889169 78
155.77762286511 209.067967933078 79
142.460942997889 646.831104855735 80
153.391257995736 481.815565031983 81
149.330907326541 152.223677826298 82
160.944926442852 313.133911731422 83
149.014571948998 553.010928961749 84
168.533632286996 360.166816143498 85
168.652373660031 443.915262889229 86
159.324616259238 36.5281409891984 87
159.73568753344 988.580524344569 88
168.846757322176 586.106694560669 89
172.525974025974 753.484983766234 90
175.911406844106 810.724714828897 91
180.567069294342 63.1678321678322 92
172.890530925014 104.614121510673 93
184.57010428737 525.623406720742 94
179.172894867962 642.277030393622 95
193.637826961771 940.210261569417 96
199.738159675237 14.7246278755074 97
193.159021406728 866.163226299694 98
186.80069124424 151.670506912442 99
196.913475177305 264.307446808511 100
195.607893388006 995.439774474628 101
210.092012529366 717.241973375098 102
214.329052511416 403.439497716895 103
210.220384745191 471.863651704354 104
202.694787748522 598.983342289092 105
213.998431987456 672.071736573893 106
206.626480541455 200.178087986464 107
215.496630727763 338.296495956873 108
226.589700996678 902.9426910299 109
213.808383233533 95.8290691344584 110
218.207739307536 765.082484725051 111
221.679463741621 47.3485679463742 112
231.985615079365 549.527777777778 113
221.73264781491 813.752699228792 114
221.111241217799 151.346604215457 115
237.792033348773 293.865678554887 116
235.09891248058 230.267219057483 117
243.557255064076 630.081025217032 118
242.991759573437 510.551623848764 119
243.479635584137 585.874062165059 120
234.51213592233 1005.76941747573 121
241.825859056494 972.404775771695 122
249.467181467181 855.802230802231 123
249.48801036941 109.49189889825 124
261.511461856445 431.375798571965 125
253.970208540218 9.68222442899702 126
269.167788057191 946.536585365854 127
266.731343283582 370.442569759896 128
259.763693270736 75.1768388106416 129
256.636771300448 779.055306427504 130
259.342618384401 31.8189415041783 131
268.818428184282 695.843495934959 132
258.232948583421 153.222980062959 133
267.667493796526 261.20223325062 134
266.756071805702 742.484160506864 135
272.140186915888 189.846728971963 136
271.52383245065 474.566682715455 137
266.838 815.050666666667 138
276.450445986125 319.293359762141 139
280.26892252894 55.4701691896705 140
274.232215862633 223.275551921505 141
277.660284951024 903.385574354408 142
295.084038883663 650.622452179367 143
282.300426894344 1000.57150480256 144
284.696350999131 539.994352736751 145
297.554419284149 594.45726807889 146
293.188151658768 108.771090047393 147
301.341538461538 831.292923076923 148
300.714636140638 276.004088307441 149
307.760815514669 874.686225758329 150
299.614035087719 783.90253411306 151
307.181818181818 160.419400187441 152
311.609026128266 499.778622327791 153
316.50800336984 394.42249368155 154
313.581868640148 10.0129509713228 155
310.080120481928 39.5192771084337 156
313.467174119886 741.149857278782 157
314.715157203191 438.571562646645 158
312.477678571429 210.677933673469 159
321.814077025232 250.324701195219 160
324.465235650957 346.222585160989 161
314.717637540453 308.088996763754 162
328.163361661945 987.886056027699 163
329.030150753769 933.25527638191 164
336.290486257928 77.2799154334038 165
332.099084096586 557.923813488759 166
337.196099674973 704.066811123149 167
340.544023610428 122.405312346286 168
346.191032227931 478.154133582438 169
336.298762522098 791.251031231585 170
349.118754803997 616.451191391238 171
340.942665673864 834.33730454207 172
358.884206380465 663.568727845608 173
348.917808219178 296.858447488584 174
347.99437751004 868.003212851406 175
348.921007441328 214.593589009731 176
360.448521153126 162.48708348933 177
356.852153110048 31.4363636363636 178
366.04646660213 904.696999031946 179
362.021739130435 377.851630434783 180
366.234406848757 531.31716265797 181
365.476797088262 428.547770700637 182
367.371388630009 753.328052190121 183
371.636114160263 260.227771679473 184
377.008733624454 337.256550218341 185
371.316911764706 802.905882352941 186
381.650985818056 995.085783465929 187
389.257796257796 589.207068607069 188
391.165413533835 98.1545864661654 189
395.081893004115 945.728806584362 190
380.964071856287 857.451347305389 191
382.537322640345 214.967304133251 192
393.935976869062 473.913672036349 193
396.18125 717.17375 194
392.266558089034 24.7763300760043 195
397.560445118867 293.841679312089 196
398.425419240953 820.960282436011 197
400.680754226268 389.161248374512 198
403.541394335512 648.75 199
403.668243243243 778.677702702703 200
415.159325210872 160.154639175258 201
406.057388809182 530.353419416547 202
414.30747263208 898.75249881009 203
422.977369165488 58.5582272512966 204
423.470719464584 686.863357501394 205
412.457181389076 428.033041132839 206
413.981466559226 850.447219983884 207
415.691564713458 342.582743077914 208
413.23355704698 213.813422818792 209
426.540208717004 618.010435850215 210
428.602910602911 245.079002079002 211
433.442497261774 563.26013143483 212
432.412783751493 976.510155316607 213
436.216851730895 17.7988242978445 214
440.156405990017 490.629506378258 215
434.334499650105 767.897130860742 216
438.369169960474 273.63557312253 217
448.296360485269 1007.11265164645 218
443.732346241458 313.639521640091 219
443.237580993521 811.669006479482 220
443.801234567901 452.443827160494 221
445.660831509847 362.219547775346 222
435.782168186424 395.128672745694 223
447.731421884143 734.997659449971 224
457.818283166109 127.849869936826 225
444.204666666667 863.303333333333 226
450.396877956481 935.929517502365 227
460.64198053322 86.6974185357596 228
455.709263657957 204.793824228029 229
458.935247403787 524.12583995113 230
458.517953762912 659.265125430398 231
459.960526315789 600.087528604119 232
463.320855614973 412.590240641711 233
474.290773067332 710.155610972569 234
471.491401771756 893.575820739969 235
481.836724313327 47.5361139369278 236
486.817509247842 173.741882449651 237
476.886349598518 840.962940086473 238
475.60298102981 250.607723577236 239
474.454242928453 289.156405990017 240
474.974373907979 775.810133954572 241
479.732565191025 559.413583990297 242
481.085053674649 13.7621800165153 243
484.934566145092 973.539592223803 244
489.751412429379 333.013559322034 245
485.052019583843 368.878212974296 246
492.267977237455 624.301086394206 247
492.611988847584 447.150092936803 248
487.353089533417 491.618537200504 249
503.470625798212 803.420817369093 250
505.98748921484 926.457290767903 251
502.092515592516 677.830041580042 252
509.0799031477 222.102179176755 253
509.800766283525 397.536398467433 254
513.595381062356 757.419861431871 255
515.222870478413 1006.10443407235 256
509.094339622641 869.890045543266 257
514.050617283951 298.966049382716 258
514.078343592613 532.897034135422 259
516.290758827949 132.847107438017 260
515.666266506603 578.496398559424 261
522.767719298246 79.5821052631579 262
519.885385081868 264.372953305033 263
520.666666666667 830.102434928631 264
536.04606741573 720.295505617977 265
525.424022346369 22.3027932960894 266
522.702814001373 485.291008922443 267
537.565372829418 661.671092951992 268
535.178082191781 966.973110096398 269
534.450555880632 616.641310708016 270
547.301704105345 197.39697908598 271
538.74404272802 334.787181594084 272
544.134422772799 887.703215603585 273
545.342488555972 422.037037037037 274
555.716230936819 465.226034858388 275
554.889271865575 791.35200344679 276
552.530072703239 512.943820224719 277
558.711229946524 153.168206125425 278
552.673508659397 844.202052597819 279
566.80326496442 365.571368773545 280
555.020807061791 573.552332912989 281
560.89854368932 925.356796116505 282
562.905695266272 254.99075443787 283
563.858285714286 24.8434285714286 284
573.378955114054 543.962472406181 285
568.420918367347 997.044897959184 286
573.865805168986 104.685884691849 287
571.418008348241 64.5253428741801 288
586.778286922806 301.926330630948 289
580.190388170055 677.837338262477 290
586.671853856563 745.793640054127 291
576.414893617021 624.127152988855 292
590.412206103052 404.012506253127 293
591.58135391924 955.910926365796 294
594.864690721649 488.76868556701 295
591.106277190802 835.945929148539 296
597.69481180061 872.407426246185 297
603.706108706109 450.827801827802 298
599.485087225661 582.21553179516 299
601.263395375071 143.111111111111 300
607.172043010753 188.205837173579 301
608.081797235023 235.641321044547 302
601.95178041543 522.192136498516 303
604.805765595463 798.048676748582 304
607.860664523044 911.515005359057 305
608.199327569645 22.4956772334294 306
615.232444202504 334.622210125204 307
623.871553681479 704.277002919235 308
609.571638501102 1004.23365172667 309
617.488607594937 67.3569620253164 310
626.235161107971 376.022046353872 311
620.250106337729 627.153977031051 312
628.125745257453 112.446070460705 313
633.582714971628 552.764295067656 314
623.669625246548 969.811637080868 315
641.437649880096 270.278976818545 316
636.416478555305 420.65237020316 317
639.821846029827 763.469165659008 318
641.806237558062 938.343729263437 319
646.827743271221 501.290683229814 320
648.707784881534 826.915005641218 321
646.025778732546 875.208378088077 322
657.420976491863 667.776491862568 323
657.147268408551 154.644384119444 324
646.818867924528 985.217610062893 325
662.64791403287 299.280657395702 326
661.067635043123 455.241034952338 327
662.624653739612 603.309556786704 328
658.514821272886 21.2628596338274 329
666.481848184818 214.889588958896 330
653.968409586057 1008.71023965142 331
654.933667083855 342.760951188986 332
662.866279069767 83.5415282392027 333
664.534542916957 907.083740404745 334
672.347971360382 395.462529832936 335
672.417290108063 966.873649210308 336
689.536507936508 539.992207792208 337
677.685262281432 762.799333888426 338
703.903418124006 718.317170111288 339
691.574835109082 43.9162861491629 340
698.437709185571 848.253625883228 341
698.760547320411 683.774230330673 342
695.018382352941 316.915441176471 343
694.045222465354 936.753464624362 344
697.928699820252 358.547034152187 345
694.414388489209 1004.84892086331 346
700.148854961832 477.611450381679 347
707.373248407643 105.053927813163 348
709.682603898492 797.470761309305 349
707.586797957695 265.583515681984 350
708.495927989713 639.703386198028 351
702.434090909091 893.872159090909 352
705.641005498822 154.442262372349 353
717.546001415428 409.818825194621 354
715.431945556445 588.94195356285 355
711.513740458015 974.875572519084 356
722.586666666667 216.406315789474 357
737.28727965698 16.4340161981896 358
725.386633354154 58.5352904434728 359
741.134131242262 748.185720181593 360
735.048396501458 457.612244897959 361
733.871404399323 951.43062605753 362
735.373648996397 350.984045290787 363
740.586890243902 922.049542682927 364
745.381638163816 301.105760576058 365
749.801390699696 170.180790960452 366
752.038494439692 1002.4003421728 367
755.371736427683 497.545379196022 368
752.868291178285 547.073411474399 369
752.629350893697 667.268579492004 370
756.314739229025 893.119727891156 371
758.650645624103 850.988880918221 372
757.538493207081 612.487443392343 373
757.259078830824 116.206820194863 374
762.106500183621 797.089974293059 375
764.244827586207 66.985775862069 376
769.065472859541 704.321208729715 377
772.3 261.201459854015 378
776.07411464038 383.476451259584 379
772.937987679671 438.343326488706 380
776.353927986907 960.484451718494 381
779.199657973493 211.265498076101 382
776.702773417059 333.953950811094 383
788.889221556886 742.889221556886 384
797.071845368344 25.6615609044493 385
794.502783964365 134.166481069042 386
798.218694885362 623.472222222222 387
805.424894102313 559.543825350277 388
811.262231608589 925.124252023935 389
806.474813841437 827.561979851073 390
805.076080691643 171.821902017291 391
802.594059405941 672.464246424643 392
803.361476608187 490.945906432749 393
816.623730043541 84.8907837445573 394
815.403912543153 412.021097046414 395
821.812324141812 991.783905458638 396
821.649327671621 876.843949044586 397
817.286406199548 322.908298353245 398
823.55358724535 786.23339238264 399
822.725490196078 263.267610748003 400
829.843431895298 709.242850218129 401
830.679675620882 213.192600101368 402
838.671812749004 751.658864541833 403
843.073866090713 596.233261339093 404
844.935260586319 462.407166123778 405
847.122119815668 522.025729646697 406
840.049459920409 127.283115406481 407
842.420268972142 644.588856868396 408
846.414650098103 36.7782864617397 409
854.427672955975 362.495108315863 410
846.006724949563 169.480833893746 411
858.9852700491 831.487315875614 412
862.99590469099 931.474311243485 413
869.975939214859 683.936260025327 414
861.971200708906 413.998227735933 415
871.189855746859 275.887854816194 416
876.38728897716 568.962264150943 417
874.700934579439 235.158294392523 418
883.832988267771 321.050034506556 419
875.428571428571 102.286514605842 420
879.732106339468 972.819529652352 421
881.14944042133 1007.53324555629 422
874.009991673605 197.405495420483 423
881.011773362767 873.692052980132 424
893.262927256792 795.652059596845 425
891.950779578111 736.259553653317 426
885.913990201415 482.47087642896 427
886.986595174263 156.782305630027 428
889.489361702128 635.862833861476 429
890.652288072018 30.2966991747937 430
895.560240963855 536.958500669344 431
900.203894616266 437.627720504009 432
909.680289330922 381.737793851718 433
916.429910524073 77.8346825734981 434
913.240904079383 599.267916207277 435
911.549865229111 508.691823899371 436
918.048967834854 900.98943831013 437
906.403174603175 200.915873015873 438
917.10411622276 939.443099273608 439
921.413793103448 123.43162901308 440
924.38219070134 687.980299448385 441
918.013513513514 277.949471210341 442
923.474876150035 239.78839348903 443
924.475387727579 997.143627781524 444
940.240134597736 855.733557662894 445
929.743939393939 469.074242424242 446
935.949908368968 566.335980452046 447
932.65078369906 20.5918495297806 448
937.552973977695 964.041821561338 449
938.517083120857 161.935747067823 450
947.462260301918 348.043655650755 451
945.355023923445 306.805263157895 452
936.553617571059 421.465762273902 453
938.941761363636 638.487215909091 454
940.857648099027 530.137046861185 455
939.754636233951 204.298858773181 456
947.988688474473 792.726689085906 457
954.04021094265 733.157877389585 458
946.272108843537 498.664399092971 459
955.737964655698 53.388787324802 460
960.685 254.615 461
958.254707631318 1004.10604558969 462
958.071281699794 119.838930774503 463
967.07978956598 919.670758439281 464
967.113308391235 598.045964724746 465
962.954010695187 446.139037433155 466
977.500264970853 388.818759936407 467
972.900047596383 673.40266539743 468
968.458333333333 475.276960784314 469
972.323251417769 14.4914933837429 470
969.881204231082 968.527257933279 471
981.962714392245 71.8627889634601 472
973.080760095012 546.970704671417 473
974.977488151659 197.94490521327 474
978.401453224341 418.355131698456 475
993.60930085416 830.545713381841 476
976.543610547667 506.634888438134 477
981.445098039216 109.778431372549 478
996.402855685875 163.535951045385 479
999.001410437236 765.03490832158 480
999.302158273381 888.433653077538 481
998.813988849468 637.657374556513 482
996.768832204065 302.93583100837 483
985.919825072886 1006.49562682216 484
1000.36997193639 355.616463985033 485
998.06273458445 252.928686327078 486
996.897737556561 459.527601809955 487
1003.93601190476 701.159722222222 488
1004.13368983957 27.9815805109923 489
1002.91338582677 560.174103237095 490
1003.50158931977 948.865861411316 491
1006.97986577181 213.045302013423 492
1005.40879828326 525.842274678112 493
1006.9135577798 125.466787989081 494
1005.64211886305 984.970284237726 495
1006.66932270916 491.730079681275 496
1004.93344425957 595.784525790349 497
1010.17042380523 426.504959422904 498
1009.61862745098 80.9666666666667 499
1010 1010 500
