43.1458681135225 26.4939482470785 1
26.2140165787491 143.255840241145 2
34.3863025962399 217.306177260519 3
18.7015032211883 249.415891195419 4
9.90315052508751 292.777129521587 5
12.6077694235589 344.189223057644 6
5.54915254237288 381.033898305085 7
14.0209324452902 419.782112274025 8
8.96238938053097 452.276548672566 9
11.1182572614108 479.649377593361 10
12.719298245614 583.370287420679 11
9.7672131147541 663.760655737705 12
5.48245614035088 677.09649122807 13
13.7424242424242 700.777777777778 14
25.5384615384615 736.298176050753 15
2.02222222222222 734.977777777778 16
10.586013986014 766.890909090909 17
11.9912434325744 796.520140105079 18
11.4476744186047 826.796511627907 19
5.50403225806452 856.737903225806 20
29.8378746594005 878.91553133515 21
8.21846153846154 898.276923076923 22
26.4559505409583 915.092735703246 23
17.6937431394072 944.139407244786 24
23.8152671755725 989.458015267176 25
22.5228260869565 544.477173913043 26
51.1495844875346 329.528393351801 27
44.5367540029112 103.247088791849 28
42.1621233859397 365.96843615495 29
18.8147208121827 627.766497461929 30
30.913140311804 578.279510022272 31
52.4478330658106 849.906099518459 32
45.7158707187651 394.554751567776 33
25.4938574938575 503.584766584767 34
40.8878504672897 689.126687435099 35
55.817277486911 481.826701570681 36
44.1220043572985 601.92265795207 37
46.1335333833458 452.413353338335 38
36.0441558441558 720.61038961039 39
54.8976377952756 764.96062992126 40
56.3535851122058 815.810618500274 41
63.3280757097792 289.232004588471 42
53.1270627062706 672.674092409241 43
50.4631432545202 999.751043115438 44
48.089219330855 639.959107806691 45
55.5275362318841 789.989855072464 46
54.1173020527859 626.181818181818 47
75.9582811848144 959.398414685023 48
62.6552567237164 533.742053789731 49
78.2682494684621 429.866761162296 50
59.0054102795311 60.8935978358882 51
58.7291139240506 712.962025316456 52
62.5790424570912 509.003613369467 53
77.0486208508649 927.020570359981 54
71.9889298892989 562.866420664207 55
78.0758017492711 582.539358600583 56
74.0773955773956 660.948402948403 57
75.4283121597096 892.804597701149 58
85.854694485842 198.088673621461 59
88.9193027759845 253.137185280826 60
85.3132992327366 1014.15856777494 61
79.0016849199663 743.769165964617 62
75.6240157480315 596.253937007874 63
72.4418604651163 618.895348837209 64
104.492816091954 990.150383141762 65
87.8835034013605 165.541666666667 66
109.376623376623 118.28046953047 67
89.0038167938931 69.4637404580153 68
95.2923673997413 650.620957309185 69
99.4341238471673 701.386693017128 70
93.8246268656716 369.541044776119 71
99.0538599640934 614.906642728905 72
113.863363363363 469.781781781782 73
111.672510518934 729.95652173913 74
127.749131609417 408.173678116557 75
104.8 633.938028169014 76
114.532715691951 833.116965836711 77
107.241730279898 864.732824427481 78
123.802760207016 517.722829212191 79
114.482939632546 333.546456692913 80
114.460112812248 776.619661563255 81
120.609649122807 802.629072681704 82
125.566753926702 560.863219895288 83
117.072310405644 155.534391534392 84
116.642947903431 679.068614993647 85
111.219 17.903 86
131.539891556933 495.92796281952 87
129.692233940556 539.68552253116 88
135.579563944029 59.004230393752 89
125.739231664726 609.066356228172 90
135.967879074162 235.295701464336 91
133.423006416132 895.156278643446 92
131.615582191781 589.620719178082 93
133.990291262136 755.445631067961 94
146.324525185797 932.922791081751 95
134.457051282051 303.191666666667 96
160.981109799292 966.142463597009 97
148.743917525773 370.773195876289 98
158.500550863019 447.707675358061 99
136.649395509499 666.020725388601 100
145.328451882845 1012.58263598326 101
152.979185520362 649.573755656109 102
148.707036535859 206.071718538566 103
148.750346740638 174.192094313454 104
144.639344262295 632.214936247723 105
157.849435382685 143.447929736512 106
163.557448350852 278.964842334179 107
153.49520295203 702.847970479705 108
149.354166666667 856.019886363636 109
153.057330827068 29.4793233082707 110
159.483516483516 11.5082417582418 111
171.946375957572 729.991750147319 112
166.891373801917 824.826677316294 113
173.817826935589 341.750162654522 114
170.113413304253 996.21919302072 115
185.320116054159 98.637330754352 116
172.75187032419 790.193890274314 117
175.011811023622 686.132545931759 118
186.081665765279 401.289886425095 119
169.650646950092 581.360443622921 120
182.748224661072 627.817947062621 121
176.33273381295 760.30845323741 122
187.071062740077 488.974391805378 123
183.126062322946 876.284702549575 124
187.645333333333 670.708444444444 125
203.342688842689 524.077962577963 126
179.135278514589 565.29575596817 127
201.613379242499 607.536153467782 128
189.419307295505 908.735445836404 129
178.898678414097 545.879588839941 130
199.929831932773 185.841596638655 131
210.221554116559 326.123959296947 132
197.239870340357 233.315640194489 133
189.7125 846.268055555556 134
212.961609449982 60.6031746031746 135
191.062433862434 15.2560846560847 136
216.399132321041 140.150759219089 137
203.505507955936 814.798041615667 138
184.909090909091 1018.36363636364 139
226.732821637427 941.589912280702 140
213.875348837209 1009.89953488372 141
206.035242290749 707.096916299559 142
218.061120543294 367.382569326542 143
219.950184501845 983.246002460025 144
223.317932654659 658.621769772905 145
230.182585517548 475.512661039538 146
221.667071197411 292.523867313916 147
216.812612612613 445.532432432432 148
212.338842975207 779.079889807163 149
232.796082949309 591.307603686636 150
214.158613445378 753.503151260504 151
263.831803741617 855.593187433816 152
232.317875841436 427.208676140613 153
229.011811023622 557.95905511811 154
235.115421455939 29.8146551724138 155
231.437810945274 827.802653399668 156
232.70168612192 797.536964980545 157
233.838374291115 687.07561436673 158
233.008284023669 892.4 159
231.573694029851 728.288246268657 160
223.908675799087 4.1324200913242 161
238.00320256205 397.451561248999 162
253.557398515932 273.091226538629 163
257.552889858233 909.047982551799 164
231.09785202864 637.536992840095 165
243.845466155811 167.527458492976 166
259.84128113879 100.234163701068 167
244.322306238185 195.098298676749 168
255.128040973111 232.688006828852 169
254.32874617737 513.198012232416 170
250.609046849758 810.610662358643 171
246.572519083969 1017.25190839695 172
252.667017913593 777.875658587987 173
250.352795031056 754.273291925466 174
262.790679304897 708.070300157978 175
260.318721461187 348.741552511416 176
273.37207654146 961.104890148831 177
269.361628709455 571.249137336094 178
253.542914171657 644.766467065868 179
272.021587301587 992.164444444444 180
267.970483005367 623.646690518784 181
276.045714285714 377.505 182
331.212305025997 17.9876949740035 183
293.995382031906 132.490344248531 184
273.311817279047 458.813306852036 185
284.291470434328 322.002616431188 186
277.207599629286 540.419833178869 187
285.559261159569 675.277065161621 188
282.86906710311 428.729405346427 189
283.112391930836 1011.97406340058 190
292.70415959253 65.9091680814941 191
291.343416370107 739.08896797153 192
291.342838196286 163.302387267905 193
288.664700098328 818.937069813176 194
288.705882352941 489.311919504644 195
288.741241548863 193.825445605409 196
292.894736842105 796.716685330347 197
279.696531791907 885.150289017341 198
279.526813880126 592.394321766561 199
295.456928838951 398.247191011236 200
284.576866764275 649.345534407028 201
314.814418765091 926.970679544671 202
300.533383345836 774.360840210053 203
299.255605381166 608.233183856502 204
299.865055387714 518.29003021148 205
340.301288193335 245.343340785691 206
301.339743589744 351.04358974359 207
313.078538102644 299.758164852255 208
318.334896810507 971.644465290807 209
296.347826086957 1019.47826086957 210
318.137827715356 554.510112359551 211
330.981241914618 703.348318240621 212
316.486599664992 584.202680067002 213
310.362297496318 884.718703976436 214
319.151014274981 636.830202854996 215
319.754032258065 461.586021505376 216
318.893048128342 996.092691622103 217
332.387936943112 417.836189170665 218
335.846943765281 101.302200488998 219
339.08288973384 894.434980988593 220
328.219138755981 368.323444976077 221
323.375545851528 1013.9672489083 222
333.486966824645 949.918246445498 223
335.587257617729 507.956602031394 224
332.695977549111 816.130028063611 225
350.465517241379 661.323406478579 226
344.894941634241 487.179961089494 227
365.302285714286 754.733714285714 228
339.000791765637 331.26207442597 229
361.546391752577 55.7226313205695 230
341.008324661811 611.42767950052 231
352.32125 861.3875 232
334.972434915773 394.24808575804 233
344.643953934741 533.129558541267 234
355.425114453891 191.452583387835 235
348.71096345515 788.589700996678 236
342.873651771957 159.032357473035 237
365.806953814219 439.766476388168 238
343.976623376623 979.688311688312 239
363.631821170283 831.419460880999 240
377.374425407438 130.490179690765 241
368.588461538462 1003.72051282051 242
378.539694955025 351.708251857646 243
367.11157455683 984.0771637122 244
351.185770750988 587.057312252964 245
379.544838581108 304.708250298924 246
364.019877675841 386.503058103976 247
358.919716646989 563.578512396694 248
365.869451697128 1016.37859007833 249
373.56880733945 624.852505292872 250
407.654381654382 716.391209391209 251
390.773460107482 471.052501033485 252
375.506653992395 958.127376425855 253
393.839750260146 907.834027055151 254
390.649635036496 932.457116788321 255
394.290289781393 799.192170818505 256
401.828782970847 413.621008792226 257
393.232354778264 507.783260462211 258
391.305602716469 168.300509337861 259
403.337353123067 545.127705627706 260
386.814237288136 589.158644067797 261
408.163871586009 876.673694298035 262
416.117876007784 673.78676675007 263
405.707692307692 90.2842105263158 264
428.963118731802 383.462633451957 265
415.056658878505 634.236565420561 266
417.146015424165 845.60411311054 267
403.434782608696 982.010033444816 268
423.872867179659 207.360990297758 269
414.031659388646 274.027292576419 270
408.142543859649 1013.57236842105 271
418.463130659767 995.972833117723 272
423.520435967302 943.396003633061 273
435.085519412382 314.408184679958 274
460.702182839853 756.450832072617 275
425.659690627843 248.047315741583 276
426.240651387214 45.183353437877 277
434.477402928071 446.962444302992 278
434.697068403909 966.519543973941 279
432.559045226131 154.554020100503 280
434.542422756253 597.12555174105 281
466.818312461507 803.622048860604 282
441.44495412844 347.059633027523 283
443.96793708409 486.602540834846 284
445.696803652968 115.694063926941 285
460.979025293029 891.347316471314 286
438.068783068783 1017.35978835979 287
436.334693877551 6.11428571428571 288
464.364564564565 917.282282282282 289
452.271121351767 277.420122887865 290
474.680142687277 516.789932619897 291
452.462264150943 1004.9748427673 292
466.171457558336 557.89854582347 293
482.036627906977 27.6261627906977 294
483.766467065868 76.6622210125204 295
482.234693877551 634.676170468187 296
491.908328675238 847.630240357742 297
460.683615819209 987.809792843691 298
477.756496631376 178.170356111646 299
480.402431610942 411.229179331307 300
469.3125 233.444380733945 301
490.514916223948 677.914997956682 302
481.534345625452 942.227765726681 303
470.89387755102 3.1469387755102 304
483.667711598746 445.332736229288 305
478.79418344519 1014.73154362416 306
467.677339901478 969.931034482759 307
493.011904761905 712.379578754579 308
492.742985409652 297.225589225589 309
507.195209251101 335.857654185022 310
505.257112375533 379.559388335704 311
498.68413664015 594.131024801123 312
493.808711006474 128.821659799882 313
491.987376014427 478.249774571686 314
504.098964326812 266.230149597238 315
497.732303732304 996.442728442728 316
506.340845070423 958.286384976526 317
508.854934601665 977.872770511296 318
515.969043887147 222.727272727273 319
530.321857068336 869.642670839854 320
521.241420118343 895.092307692308 321
531.738549618321 913.76272264631 322
551.834881560613 503.311890385509 323
529.453499520614 157.920421860019 324
530.30111238972 548.813578826237 325
543.258356545961 1012.15181058496 326
528.745421245421 8.04029304029304 327
535.065443425076 116.243425076453 328
533.393789696542 423.913196894848 329
559.429373771413 803.236169615277 330
550.815397824843 68.7973669147109 331
563.566835871404 756.101039400532 332
554.540581929556 634.544869831547 333
553.410313075506 715.028729281768 334
546.607382550336 459.054650047939 335
556.348933649289 933.130924170616 336
564.130755864466 674.450477845352 337
566.071282401091 192.441336971351 338
551.095690284879 278.574141709277 339
550.543352601156 989.554913294798 340
557.852589641434 311.636122177955 341
551.046398891967 592.339335180055 342
556.140510948905 960.613138686131 343
570.762869882448 28.3404945277665 344
561.940343781598 239.927704752275 345
572.037744863832 399.344481605351 346
571.554841149773 358.167170953101 347
579.773898111048 838.442472810532 348
576.845483359746 882.413629160063 349
611.102459016393 11.5546448087432 350
581.091559370529 973.310443490701 351
591.450175438596 557.269824561404 352
572.318637274549 1005.89779559118 353
588.014200298954 117.954035874439 354
591.049824150059 156.26611957796 355
585.501443001443 436.05772005772 356
599.904923599321 903.519524617997 357
592.739837398374 300.840108401084 358
605.636112644948 597.712313638874 359
626.193865513173 855.549744396382 360
590.1 946.33947368421 361
610.450971922246 257.523110151188 362
607.882967607106 990.344827586207 363
603.910388580492 467.182394924663 364
621.423320158103 216.709486166008 365
620.882931188561 718.729669347632 366
613.668367346939 1008.76658163265 367
613.413465883416 79.7966561229101 368
617.403722721438 685.108472400514 369
626.132407407407 338.794444444444 370
622.090160867939 635.78151889263 371
614.294829482948 922.343234323432 372
613.731988472622 956.07204610951 373
624.477653631285 508.54034761018 374
623.642809364548 805.141806020067 375
626.350384789498 407.861475780896 376
635.523639253079 767.408820023838 377
619.822784810127 940.704113924051 378
633.424019607843 970.418300653595 379
630.295251204405 371.621472814866 380
625.780715396579 882.052877138414 381
632.32140490391 40.5400927766733 382
635.386839899413 164.867979882649 383
635.810902896082 303.533219761499 384
644.852444444444 445.681333333333 385
648.432653061225 566.122448979592 386
668.916817359855 819.953345388788 387
638.800847457627 123.210451977401 388
659.294670846395 657.192476489028 389
672.70919805278 280.057391749936 390
663.333333333333 890.093532338308 391
654.216383307573 907.387944358578 392
657.824947589099 105.530398322851 393
663.003820439351 948.915950334288 394
653.482191780822 994.641095890411 395
663.115331491713 598.01726519337 396
666.499528301887 72.9627358490566 397
665.609022556391 927.516917293233 398
692.769706691109 476.71241979835 399
682.159786476868 191.983985765125 400
678.131498470948 724.232852774137 401
661.826741996234 1014.16007532957 402
677.01990521327 526.52701421801 403
679.390617520345 685.440880804212 404
703.783631232361 5.11100658513641 405
673.432941176471 866.836470588235 406
681.877037727061 32.7410340009315 407
695.134706279541 235.656988521269 408
681.226679555341 396.282745287579 409
678.519014461703 142.13604713444 410
679.537634408602 354.163978494624 411
703.982547344968 780.946156702562 412
681 977.897711978466 413
695.718136135222 620.596619460941 414
703.250883392226 323.945229681979 415
692.757647058824 1002.32705882353 416
699.379540400296 750.644922164566 417
698.18690313779 426.592087312415 418
690.432773109244 911.411764705882 419
707.341050756901 959.371326803206 420
705.329143389199 560.783054003724 421
716.330596606459 839.432950191571 422
704.712910986367 100.99117882919 423
720.170272156315 869.124214933706 424
718.747456059204 936.278445883441 425
696.514018691589 1017.71028037383 426
706.2 376.617204301075 427
735.395031490553 643.775017494752 428
729.704412546518 893.716108452951 429
725.520669291339 986.513779527559 430
718.992015968064 132.334664005323 431
734.714731910463 587.273815720979 432
730.717520858164 70.92252681764 433
716.480555555556 167.988888888889 434
728.2138533961 362.835911230666 435
739.907569141194 28.1808588064047 436
729.358744394619 696.850224215247 437
721.479423868313 918.679012345679 438
737.723817940787 521.729120636324 439
728.629370629371 1010.42097902098 440
734.627009646302 299.024919614148 441
741.796352583587 805.40547112462 442
735.630560928433 720.745647969052 443
735.587044534413 268.894736842105 444
750.322117763483 434.993072736269 445
761.479295154185 672.284140969163 446
753.146224146224 401.934102934103 447
742.903712296984 192.994199535963 448
752.752723311547 971.480392156863 449
768.927759197324 741.321070234114 450
757.722636103152 329.418338108882 451
752.192023633678 151.628508124077 452
755.518699186992 230.647696476965 453
774.732336448598 464.762990654206 454
764.539940828402 111.759861932939 455
752.959677419355 491.856182795699 456
763.648742411101 950.64353859497 457
774.813587871982 606.354295339697 458
768.977591036415 551.872268907563 459
752.691304347826 912.886956521739 460
762.527220630373 1016.04011461318 461
782.746561886051 850.781925343811 462
764.875502008032 997.219544846051 463
780.326203208556 364.2114356232 464
777.614445574771 924.933875890132 465
792.401684001981 826.233283803863 466
789.817669172932 774.840695488722 467
775.818493150685 274.587084148728 468
789.368836291913 873.019723865878 469
795.458662453923 697.81990521327 470
789.136703296703 64.3323076923077 471
781.636538461538 170.720192307692 472
800.652811735941 897.829462102689 473
797.364663585003 204.892655367232 474
795.32580490149 506.548774627583 475
799.413109756098 573.46493902439 476
811.143867924528 799.021226415094 477
798.514675767918 25.2518771331058 478
795.139908256881 309.733944954128 479
804.607440667094 137.162924951892 480
813.219568567026 1010.96610169492 481
792.781818181818 4.35272727272727 482
806.301080550098 633.956777996071 483
819.773495605139 937.647734956051 484
817.227535037098 991.106347897774 485
805.538078291815 243.853380782918 486
797.439873417722 973.193037974684 487
812.075879086983 423.798889574337 488
812.485312117503 95.0679314565484 489
817.1 388.947619047619 490
823.701326259947 329.676392572944 491
839.493414387031 719.762411347518 492
822.967672413793 958.740301724138 493
822.428060128848 539.246241947029 494
820.658955223881 169.823134328358 495
819.068585944115 283.193903471634 496
840.124565469293 748.590961761298 497
829.199665831245 593.045112781955 498
838.447402318592 663.151567196222 499
842.071778140294 914.915171288744 500
830.053595658073 460.455223880597 501
844.299026425591 6.4798331015299 502
846.304915514593 357.292626728111 503
843.088379705401 503.374249863612 504
843.301675977654 835.843575418994 505
856.699621570482 223.637180700095 506
850.693023255814 106.772609819121 507
851.42403486924 25.3349937733499 508
856.337296868807 58.9778042013476 509
846.892142857143 255.174285714286 510
865.715940430226 852.253171538886 511
852.501140684411 558.898859315589 512
857.473128598848 976.029750479846 513
847.632989690722 192.079381443299 514
861.400696864112 293.438443670151 515
857.653528872594 874.054995417049 516
845.307593307593 151.07722007722 517
859.045719035744 608.388196176226 518
869.497376705142 691.222455403987 519
872.630470685384 773.94632535095 520
876.270593869732 809.291666666667 521
858.429955947137 428.645814977974 522
864.827938671209 893.986371379898 523
865.029029029029 393.990990990991 524
876.341435839457 631.822498586772 525
863.411616161616 475.805555555556 526
865.169014084507 949.241197183099 527
879.359212050985 525.290266512167 528
886.779447406689 575.802229762482 529
873.97557997558 993.82905982906 530
875.6399743754 323.087764253684 531
886.163461538462 1012.08828671329 532
870.224137931035 144.105090311987 533
873.870919881306 449.29821958457 534
885.245226130653 929.63216080402 535
888.038781163435 174.566020313943 536
885.510135135135 962.146959459459 537
882.325802615933 266.432818073722 538
892.215146299484 201.334767641997 539
892.551860649248 353.389548693587 540
890.083780880773 112.165413533835 541
889.702317290553 741.188948306595 542
898.431261770245 493.498116760829 543
905.326254826255 655.750321750322 544
909.266079295154 826.859030837004 545
899.290922619048 78.7879464285714 546
904.676510989011 461.78228021978 547
911.204996326231 711.074210139603 548
903.576576576577 914.545045045045 549
909.5442144873 34.9111006585136 550
911.323463687151 423.86312849162 551
906.806841046278 732.629778672032 552
914.953370267775 240.487072945522 553
916.73743718593 902.030150753769 554
910.107923497268 943.658469945355 555
978.092800899887 21.2277840269966 556
905.197519083969 144.355916030534 557
910.201131363922 383.78001257071 558
919.271646859083 863.521222410866 559
918.3456 602.0896 560
926.799258801729 882.180358245831 561
932.280303030303 982.628787878788 562
913.108651911469 279.39939637827 563
919.3759929391 538.466902030009 564
923.980392156863 302.396825396825 565
919.95007800312 999.535101404056 566
922.169072164948 328.836082474227 567
932.577586206897 677.854111405836 568
930.328903654485 781.036544850498 569
918.161849710983 114.64161849711 570
939.652748782185 751.864996520529 571
950.361012658228 963.99746835443 572
941.472133247918 625.634208840487 573
943.897121861604 845.685241886099 574
946.271803556308 564.538103302286 575
937.724864864865 163.780540540541 576
935.828596802842 507.164298401421 577
928.864864864865 195.217806041335 578
936.22319201995 96.5935162094763 579
939.939856373429 476.435368043088 580
929.428571428571 1017.5625 581
950.686274509804 216.367816091954 582
942.2625 65.9404411764706 583
946.848307291667 349.469401041667 584
953.848064280497 805.63257852447 585
942.397590361446 927.419009370817 586
952.316774193548 384.747096774194 587
958.24601910828 727.213375796178 588
950.178343949045 128.356687898089 589
948.591653027823 442.908346972177 590
952.872222222222 529.795833333333 591
945.465543644717 265.488514548239 592
962.607730851825 701.717251252684 593
960.743686868687 911.766414141414 594
954.951219512195 943.498257839721 595
955.206690561529 649.240143369176 596
956.004098360656 31.1483606557377 597
954.380597014925 1014.25124378109 598
966.438957475994 999.38134430727 599
960.539900249377 410.30174563591 600
960.424050632911 280.806962025316 601
972.38971722365 307.464267352185 602
966.743862520458 595.92798690671 603
983.500333111259 824.20253164557 604
978.316371681416 865.482300884956 605
969.969017094017 245.074786324786 606
971.837647058824 181.699607843137 607
977.330482115085 88.8079315707621 608
978.615646258503 489.081632653061 609
970.410764872521 897.050991501416 610
987.557182067704 763.450137236963 611
982.018497109827 783.417341040462 612
985.856809338521 459.275486381323 613
982.032223415682 515.740064446831 614
977.083850931677 61.2065217391304 615
988.959171597633 675.492899408284 616
989.989843028624 110.726685133887 617
996.322247191011 908.126741573034 618
986.404448938322 428.395348837209 619
990.926277372263 147.556934306569 620
979.230769230769 1013.66483516484 621
997.364806866953 329.692703862661 622
986.285178236398 353.761726078799 623
987.171428571429 275.034693877551 624
995.588176352705 539.546092184369 625
995.558420628525 208.846091861402 626
992.954177897574 740.676549865229 627
996.654390934844 623.099150141643 628
987.051829268293 983.771341463415 629
995.807574206755 374.376663254862 630
997.115269461078 949.872754491018 631
1000.48074807481 646.002200220022 632
1001.56696070569 569.792301523657 633
997.299145299145 400.567765567766 634
998.26618705036 848.0551558753 635
1000.16103603604 241.408783783784 636
1004.47255689424 599.53547523427 637
1004.09221902017 1005.61959654179 638
1005.84615384615 707.274725274725 639
1005.40540540541 795.555984555985 640
1003.65088757396 906.069033530572 641
1008.81057268722 265.875183553598 642
1010.64300341297 152.754948805461 643
1009.87351190476 73.0491071428571 644
1008.21782178218 1018.35643564356 645
1010.94410876133 503.471299093656 646
1009.36893203883 966.857605177993 647
1010.12244897959 983.660714285714 648
1012.64028776978 858.467625899281 649
1012.46325167038 295.097995545657 650
1012.84026258206 470.949671772429 651
1013.0395256917 726.814229249012 652
1013.41530944625 429.550488599349 653
1014.95544554455 667.366336633663 654
1014.76223776224 836.08041958042 655
1015.14661654135 350.112781954887 656
1015.13103448276 870.489655172414 657
1016.42702702703 748.243243243243 658
1016.33561643836 811.287671232877 659
1017.63076923077 212.653846153846 660
1016.47517730496 777.893617021277 661
1017.63970588235 377.448529411765 662
1018.93220338983 233.220338983051 663
1018.05084745763 395.881355932203 664
1017.76056338028 537.007042253521 665
1018.64705882353 322.558823529412 666
1018.71052631579 951.473684210526 667
