16.8984924623116 17.1989949748744 1
3.84070796460177 39.8230088495575 2
6.72205438066465 68.02416918429 3
26.7941372418388 95.2898067954697 4
18.0949839914621 124.596584845251 5
14.6165311653117 151.215447154472 6
31.468397844194 183.908378245958 7
29.7303964757709 221.209251101322 8
13.9677121771218 261.119926199262 9
29.7298311444653 310.975073706781 10
6.50558659217877 366.013966480447 11
21.8309143686502 390.984034833091 12
20.5960866526904 427.842767295597 13
13.6617812852311 466.060879368658 14
7.0962962962963 501.866666666667 15
31.820750121773 531.505601558695 16
13.5989247311828 563.532258064516 17
14.6469920544835 618.50227014756 18
3.87628865979381 661.721649484536 19
22.5288326300985 718.353023909986 20
15.6910331384016 761.706627680312 21
6.03265306122449 800.697959183673 22
12.9676646706587 826.237125748503 23
27.9189907038513 854.382470119522 24
21.0751879699248 874.788638262322 25
14.6633039092055 904.001261034048 26
11.6187050359712 940.579136690647 27
9.2563025210084 968.714285714286 28
10.8473684210526 996.938596491228 29
4.02777777777778 1017.97222222222 30
46.2633707865169 691.732134831461 31
28.6871945259042 786.312805474096 32
28.8539944903581 48.2782369146005 33
33.6352022711143 660.674237047551 34
33.7242268041237 1011.73969072165 35
31.7823834196891 922.752590673575 36
50.2141288433382 491.760980966325 37
57.5504201680672 358.348039215686 38
49.1188351338657 599.294034758102 39
50.2510822510823 71.2626262626263 40
47.0651186269561 956.840484603735 41
47.6701298701299 987.858874458874 42
54.238344988345 830.817599067599 43
49.9640410958904 6.80821917808219 44
59.1166429587482 449.887624466572 45
68.6543209876543 793.099588477366 46
58.7424242424242 29.4914772727273 47
55.6923076923077 157.817948717949 48
61.9304 255.368 49
61.76 636.609122807018 50
53.8123534010946 891.054730258014 51
55.0201280878317 565.512351326624 52
72.8587799123694 750.183687226154 53
52.60413354531 136.073131955485 54
70.4 405.542746615087 55
67.005631536605 115.582461786002 56
77.0679785330948 923.357185450209 57
90.8246861924686 212.739748953975 58
94.3128355295266 328.053196681308 59
90.9231092436975 850.641176470588 60
75.8125 1007.83680555556 61
89.8943206326384 50.3644859813084 62
100.02106002106 289.510354510354 63
83.2729439809297 538.671632896305 64
93.1717062634989 708.444924406048 65
85.1576576576577 95.0394144144144 66
98.8029020556227 658.29746070133 67
102.723648279629 885.789186237029 68
92.7703488372093 12.6666666666667 69
95.6739130434783 582.758082497213 70
94.3905700211119 172.556650246305 71
87.1420765027322 982.213114754098 72
93.7290322580645 138.756989247312 73
108.310965630115 950.854882705947 74
111.456483899043 503.616187989556 75
108.897177419355 468.631720430108 76
100.15564738292 76.064738292011 77
116.932897862233 618.691805225653 78
122.987684729064 392.509359605911 79
117.385360602799 434.165769644779 80
117.175380228137 802.586977186312 81
112.354077253219 1007.36051502146 82
128.835164835165 33.640293040293 83
117.904395604396 116.781318681319 84
124.992380952381 254.675555555556 85
136.760609806345 358.76102183766 86
119.963414634146 978.007317073171 87
139.680332409972 199.319113573407 88
137.987603305785 547.087603305785 89
137.223166023166 908.472200772201 90
138.020981955518 731.523709609736 91
141.027484143763 147.038054968288 92
133.85201793722 96.1569506726457 93
150.833030852995 766.910163339383 94
143.280970625798 68.2222222222222 95
146.533583842179 687.849694692344 96
152.030872483221 236.067785234899 97
138.051622418879 8.26548672566372 98
148.680942184154 173.595289079229 99
150.832252085264 584.700185356812 100
148.776920249908 834.307607497244 101
159.042253521127 318.620145113103 102
148.169811320755 1013.18181818182 103
157.652871621622 991.005067567568 104
154.877392344498 653.263157894737 105
167.821125265393 278.816348195329 106
155.772229822161 955.603283173735 107
160.838619402985 126.019589552239 108
162.578909612626 460.181492109039 109
166.778579156149 502.395961053011 110
172.373304157549 424.129102844639 111
174.322342239909 869.339397384878 112
178.455445544554 617.923492349235 113
181.714285714286 21.1053268765133 114
183.922915206727 49.2480728801682 115
165.816494845361 91.2350515463918 116
191.225976768743 389.918162618796 117
184.984431137725 114.592814371257 118
193.631952017448 793.007633587786 119
186.813280363224 907.758796821793 120
190.581632653061 223.499149659864 121
185.160550458716 3.36697247706422 122
197.856108001317 711.884096147514 123
197.462209302326 1008.65188953488 124
196.344827586207 970.331194867682 125
191.436708860759 165.098734177215 126
195.90873015873 356.874149659864 127
191.108778625954 547.536259541985 128
204.532370251471 936.708400214018 129
198.078490566038 192.409056603774 130
197.925 75.4041666666667 131
203.244299674267 148.270358306189 132
207.101403061224 258.406887755102 133
195.429019607843 830.404705882353 134
195.816455696203 96.3839662447257 135
203.17154526889 758.272294077604 136
206.037334593573 656.238185255198 137
209.348284960422 578.051187335092 138
218.703929164361 297.968456004427 139
213.305517241379 476.333103448276 140
211.95292535306 517.546065904506 141
207.08545034642 325.697459584296 142
222.016620498615 445.436565096953 143
213.717158176944 857.639410187668 144
228.427167113494 988.001787310098 145
226.119109947644 136.112565445026 146
221.654945054945 886.415384615385 147
226.582406471183 113.232558139535 148
230.389598540146 219.296532846715 149
235.533700980392 414.196691176471 150
230.466349422162 613.196464989803 151
228.377215189873 35.0050632911392 152
229.784447476126 10.2005457025921 153
233.776046738072 59.4381694255112 154
228.436123348018 817.851101321586 155
242.496527777778 543.62037037037 156
239.820578231293 88.3622448979592 157
241.937679769895 248.302013422819 158
243.444655281467 679.482605945604 159
236.044419134396 169.640091116173 160
248.159277504105 198.58210180624 161
247.367322599881 336.848539057841 162
247.986425339367 369.604395604396 163
248.74831243973 724.536162005786 164
248.113231552163 955.371501272265 165
253.334062329142 496.282121377802 166
251.189894503054 764.75902276513 167
251.918095238095 794.817142857143 168
245.776014109347 857.298059964727 169
244.21843003413 921.452787258248 170
243.445229681979 1015.8445229682 171
259.971206225681 280.708171206226 172
252.585451358458 642.966695880806 173
248.330518697226 892.685162846803 174
254.501330967169 577.650399290151 175
271.123905723906 999.086195286195 176
270.02 459.723571428571 177
261.158671586716 20.5940959409594 178
274.129770992366 393.810432569975 179
262.399309551208 146.087456846951 180
279.73133790119 830.103858636855 181
273.05 309.365909090909 182
264.684977578475 119.089686098655 183
264.847524752475 44.5049504950495 184
275.2542997543 168.159705159705 185
269.285935085008 68.5038639876352 186
276.773745173745 233.156756756757 187
275.348909657321 5.30218068535826 188
286.356920684292 973.304821150855 189
282.748063781321 600.792255125285 190
282.002564102564 188.046153846154 191
286.722932078009 431.494956287828 192
288.130434782609 522.892222902633 193
278.869565217391 926.788218793829 194
277.539705882353 96.8794117647059 195
297.05645557192 873.131075110457 196
280.586934673367 901.142713567839 197
287.879581151832 705.85667539267 198
284.89527027027 1016.36486486486 199
294.110773899848 267.839908952959 200
286.239036973345 672.063628546862 201
291.863240418118 557.792682926829 202
291.265833333333 638.5775 203
293.658333333333 345.795833333333 204
302.637250742469 746.701315231226 205
297.843848580442 487.895899053628 206
296.183517417162 791.347493627867 207
293.036713286713 37.4772727272727 208
292.205052005944 208.832095096582 209
304.558734939759 942.697289156627 210
299.966423357664 83.1401459854015 211
295.076771653543 133.114173228346 212
301.221498371335 57.8957654723127 213
318.436686390533 366.756213017751 214
302.073573573574 21.0525525525526 215
307.654282765738 154.734778121775 216
308.609124537608 116.077681874229 217
313.990384615385 321.841783216783 218
326.471372984992 909.962201222902 219
316.59217877095 7.17504655493482 220
323.47985004686 247.37488284911 221
327.749181401441 296.170268500327 222
320.600500939261 398.702567313713 223
316.930136986301 178.556164383562 224
319.051792828685 225.269588313413 225
332.848287112561 994.743882544861 226
319.56607495069 98.9783037475345 227
317.722063037249 614.333810888252 228
317.42082111437 664.16568914956 229
346.7041241014 452.888006053727 230
327.742875237492 537.604179860671 231
327.957446808511 579.205927051672 232
321.961538461538 1016.86752136752 233
326.801161103048 202.00435413643 234
334.760709914321 770.65911872705 235
330.045173267327 699.945544554455 236
327.0859375 816.784722222222 237
336.340831629175 960.567825494206 238
329.938976377953 431.783464566929 239
323.644827586207 72.0103448275862 240
340.298259493671 138.60996835443 241
343.34389782403 850.658940397351 242
335.997948717949 644.886153846154 243
342.487553648069 35.0394849785408 244
325.744966442953 48.248322147651 245
337.714285714286 264.97342192691 246
337.210059171598 498.391518737673 247
339.02397260274 339.280821917808 248
342.160142348754 85.0142348754448 249
340.980099502488 57.9477611940299 250
358.323867069486 625.83081570997 251
361.01489117984 599.357388316151 252
360.302213001383 668.130013831259 253
357.894319682959 731.893659180978 254
351.54806312769 885.682926829268 255
352.004530011325 111.868629671574 256
347.135483870968 164.378494623656 257
352.568292682927 187.703658536585 258
366.555659494855 281.453695042095 259
370.313762626263 932.241792929293 260
362.932835820896 15.3889925373134 261
355.46875 1.77083333333333 262
362.421832884097 804.253369272237 263
359.173285198556 1013.37545126354 264
357.188933873144 231.677462887989 265
364.305459571527 406.334485141672 266
364.937313432836 215.773134328358 267
364.064658990257 322.269264836138 268
361.534101825168 476.566762728146 269
363.369688385269 354.444759206799 270
364.222222222222 560.866077998528 271
362.547101449275 527.234299516908 272
369.859344894027 72.1483622350674 273
371.768973214286 378.6796875 274
376.886363636364 96.7406417112299 275
371.063649222065 256.98585572843 276
377.840288924559 701.808988764045 277
389.523208879919 963.344096871847 278
384.452416542103 768.818634778276 279
380.716177861873 508.429517502365 280
378.859947643979 153.223821989529 281
398.344109831709 865.785208148804 282
386.005970149254 899.641791044776 283
383.256647398844 175.987283236994 284
376.367768595041 129.528925619835 285
388.394549763033 201.421800947867 286
390.63074352548 993.63074352548 287
385.399350649351 54.1347402597403 288
395.774703557312 301.897233201581 289
392.354455445545 583.759405940594 290
386.535452322738 836.097799511002 291
391.721662468514 34.6612090680101 292
416.275782688766 461.770718232044 293
397.42 674.051 294
409.318594104308 421.854875283447 295
390.890660592255 237.419134396355 296
405.43818380744 545.630743982495 297
398.004842615012 6.81598062953995 298
399.894059405941 330.857425742574 299
396.750642673522 358.029562982005 300
409.346683354193 1013.06132665832 301
399.934840425532 119.029255319149 302
403.942473633749 490.320230105465 303
402.27947845805 624.836167800453 304
409.187214611872 731.442351598174 305
405.726537216828 806.190129449838 306
403.451271186441 220.870762711864 307
410.28125 257.514204545455 308
410.160256410256 278.163461538462 309
414.145739910314 386.402092675635 310
418.816611842105 914.554276315789 311
409.908646003263 141.551386623165 312
406.904689863843 73.2571860816944 313
417.563552833078 828.871362940276 314
409.148741418764 98.3638443935927 315
417.570351758794 164.672110552764 316
426.002830188679 24.6141509433962 317
421.433503836317 188.574168797954 318
429.241895261845 660.655860349127 319
427.07072243346 698.588593155894 320
427.075785582255 517.723659889094 321
426.704370179949 243.339331619537 322
429.297062023939 50.8998911860718 323
434.674074074074 937.605555555556 324
425.005625879044 601.974683544304 325
431.926813471503 775.413860103627 326
435.839572192513 353.266615737204 327
425.086242299795 215.445585215606 328
434.732965009208 574.231123388582 329
440.993897122929 325.144725370532 330
441.658628485305 991.458929917106 331
453.637488947834 10.684350132626 332
425.554347826087 90.5923913043478 333
441.835603996367 882.381471389646 334
438.125643666323 964.072090628218 335
441.397653194263 102.654498044329 336
433.451086956522 125.519927536232 337
437.530674846626 77.5536809815951 338
441.410434782609 306.615652173913 339
438.089012517385 633.509040333797 340
451.690781796966 846.17211201867 341
439.995444191344 145.753986332574 342
453.815247252747 490.393543956044 343
455.841025641026 433.179487179487 344
447.716609589041 739.502568493151 345
455.858974358974 293.592948717949 346
452.432931726908 805.726907630522 347
462.421423989737 400.858883899936 348
445.444036697248 207.620183486239 349
446.85046728972 269.571962616822 350
448.053864168618 231.414519906323 351
453.533088235294 552.022058823529 352
456.087308730873 167.717371737174 353
464.240153698367 375.784822286263 354
457.425478767694 604.028309741882 355
465.173509933775 1013.06754966887 356
462.977511244378 682.736131934033 357
466.964357767317 904.285810356422 358
461.868055555556 196.151041666667 359
463.580310880829 38.0742659758204 360
466.06340956341 62.485446985447 361
468.785256410256 251.450854700855 362
467.526967930029 524.938775510204 363
480.485466598674 122.690464048955 364
473.452331245651 642.585942936674 365
478.496723460026 716.507863695937 366
477.432400932401 760.312937062937 367
474.299363057325 457.236730360934 368
472.929032258065 144.548387096774 369
475.281053952321 223.183186951066 370
480.392468619247 959.948117154812 371
475.833928571429 82.9392857142857 372
478.164543524416 575.093418259023 373
474.905092592593 341.733796296296 374
480.348672566372 931.081415929204 375
484.668874172185 277.766319772942 376
490.133998574483 825.375623663578 377
484.457805907173 98.457805907173 378
490.026397515528 989.601708074534 379
482.032846715328 357.244525547445 380
494.703017469561 865.204870301747 381
484.54704595186 322.796498905908 382
496.487960339943 186.035410764873 383
486.333333333333 618.601960784314 384
494.040887850467 479.460280373832 385
493.194192377495 794.781306715063 386
488.474576271186 304.894538606403 387
495.58530183727 417.835958005249 388
495.916585838991 548.245392822502 389
493.427906976744 665.796899224806 390
496.893214682981 29.1323692992214 391
501.301991150442 161.477876106195 392
500.406301824212 508.35903814262 393
509.781837160752 8.39770354906054 394
500.558918918919 593.82054054054 395
500.977917981073 212.673501577287 396
500.557971014493 243.166666666667 397
502.409436834094 50.6286149162861 398
509.945752302968 440.596724667349 399
501.677740863787 335.730897009967 400
505.916380297824 690.633447880871 401
504.028571428571 67.6103896103896 402
518.998712169994 392.18802318094 403
511.85870556062 898.05742935278 404
519.852941176471 1005.67095588235 405
512.46017699115 84.4115044247788 406
511.766071428571 262.748214285714 407
513.651202749141 367.376288659794 408
506.987804878049 1018.9756097561 409
512.366 965.956 410
521.369356032568 931.680977054034 411
514.877118644068 350.23093220339 412
526.982498011138 466.749403341289 413
518.564793577982 755.890481651376 414
523.914893617021 141.843971631206 415
522.173873045078 619.538178472861 416
525.605781865966 235.42444152431 417
529.789836888331 566.405897114178 418
515.971539456662 644.315653298836 419
518.843049327354 309.47533632287 420
524.911340206186 109.574226804124 421
525.460550458716 326.629357798165 422
523.444191343964 714.698557327259 423
524.81298129813 286.488448844884 424
527.247695852535 528.988479262673 425
537.580538757559 825.068169323804 426
527.885441527446 669.620525059666 427
538.862510674637 498.128949615713 428
534.807550644567 790.244014732965 429
527.692082111437 203.964809384164 430
534.483333333333 952.452777777778 431
543.258695652174 421.665942028986 432
537.606404958678 27.7448347107438 433
544.341820987654 976.463734567901 434
558.853914447135 340.789346246973 435
535.968292682927 155.982926829268 436
547.103448275862 219.761957730812 437
543.545121951219 861.406097560976 438
544.367864693446 53.7854122621564 439
540.582843713279 598.941245593419 440
551.134995700774 76.9733447979364 441
543.087155963303 128.440366972477 442
541.136783733826 255.998151571164 443
550.10752688172 196.15770609319 444
549.194852941176 176.470588235294 445
547.967532467532 97.538961038961 446
559.096348438187 900.727672679278 447
547.071274298056 364.550755939525 448
550.22641509434 277.247379454927 449
549.002652519894 379.870026525199 450
550.578732106339 303.775051124744 451
555.360969387755 451.621173469388 452
553.335492227979 686.621761658031 453
557.292109256449 652.349772382398 454
565.468568880963 725.410164957646 455
560.257769652651 764.27239488117 456
563.512174643157 1007.12594458438 457
569.178525226391 319.787839586028 458
560.012254901961 531.834558823529 459
571.009063444109 11.2447129909366 460
578.079101123595 940.962247191011 461
576.880168185004 557.85073580939 462
568.329388560158 625.184418145957 463
570.659375 359.1 464
566.846953937593 158.374442793462 465
572.380434782609 243.434782608696 466
570.389024390244 480.334146341463 467
567.659813084112 119.220560747664 468
576.923131672598 590.349466192171 469
570.196875 38.2359375 470
580.450116009281 138.861948955916 471
574.326991676576 398.961950059453 472
574.496328928047 271.972099853157 473
576.375609756098 798.04181184669 474
582.123456790123 296.098765432099 475
580.567781690141 507.462147887324 476
572.269841269841 102.654761904762 477
580.064856711916 422.648567119155 478
590.976757699012 831.858803021499 479
590.936450839329 384.547961630695 480
582.623626373626 441.214285714286 481
589.295071335927 978.568741893645 482
585.140740740741 681.778835978836 483
594.596174863388 871.948633879781 484
603.057901085645 63.16164053076 485
586.841071428571 226.271428571429 486
593.041152263374 179.556927297668 487
584.379474940334 195.019093078759 488
593.947939262473 462.515184381779 489
589.676113360324 92.7570850202429 490
598.310249307479 266.620498614958 491
595.131465517241 210.135775862069 492
603.882147024504 758.717619603267 493
596.131901840491 532.130368098159 494
593.509756097561 616.831707317073 495
606.761617380809 649.371152685576 496
601.260683760684 1013.86111111111 497
614.828367875648 34.7584196891192 498
607.156692056583 118.480957562568 499
607.228612508986 715.635514018692 500
602.415204678363 158.134502923977 501
609.06049382716 335.381481481482 502
610.203551912568 311.924863387978 503
607.792315680166 909.740394600208 504
623.301916105645 797.074572760228 505
611.159159159159 374.121621621622 506
610.721290322581 489.950967741935 507
611.845070422535 357.287726358149 508
618.087794432548 10.4839400428266 509
610.399746192893 421.021573604061 510
611.021739130435 253.169082125604 511
616.385284810127 582.363924050633 512
619.250960307298 445.656850192061 513
631.736037234043 993.782579787234 514
623.610855565777 92.9862005519779 515
618.345679012346 291.179012345679 516
618.667706708268 514.709828393136 517
623.991666666667 551.76875 518
632.358501118568 683.719239373602 519
626.575485799701 200.430493273543 520
626.521841794569 220.518299881936 521
621.472191930207 618.702290076336 522
641.390070921986 957.814768460576 523
630.678449258837 241.710376282782 524
629.260981912145 131.178294573643 525
628.380952380952 148.480952380952 526
627.63202725724 406.42930153322 527
636.164606376057 840.555627846454 528
623.813025210084 178.090336134454 529
634.231610337972 473.299204771372 530
647.952456418383 917.437400950872 531
643.261016949153 534.485875706215 532
635.87336914812 878.440521872602 533
642.571248423707 283.674653215637 534
639.662790697674 351.800872093023 535
632.904564315353 392.078838174274 536
643.924908424908 1014.19230769231 537
648.704871060172 267.809455587393 538
639.665987780041 319.150712830957 539
651.487895716946 721.565176908752 540
651.940412528648 599.100840336134 541
652.168275030157 765.220747889023 542
648.088414634146 166.663109756098 543
652.333333333333 375.466666666667 544
653.51890941073 429.562005277045 545
655.880484114977 505.212556732224 546
655.622464898596 303.563182527301 547
659.676490288011 655.795713328868 548
655.25816993464 52.5653594771242 549
650.678510998308 75.5059221658206 550
644.092409240924 111.815181518152 551
656.32345971564 628.359004739336 552
657.386440677966 189.655367231638 553
656.982651796778 569.307311028501 554
661.533642691415 337.692575406032 555
670.615960099751 21.8011221945137 556
654.331182795699 454.787096774194 557
660 2.89473684210526 558
663.377475247525 403.756188118812 559
659.23795620438 143.232116788321 560
669.357056694813 122.101326899879 561
665.126162018592 96.792828685259 562
668.281055900621 229.405279503106 563
672.690607734807 809.858563535912 564
656.609375 213.989583333333 565
669.423558897243 249.755639097744 566
667.719562243502 849.40902872777 567
669.421768707483 478.337414965986 568
680.696210268949 993.161369193154 569
677.475524475524 880.916083916084 570
671.317596566524 209.257510729614 571
673.927738927739 322.389277389277 572
688.686860739575 531.24154209284 573
673.580135440181 551.352144469526 574
691.128148959474 943.125410733844 575
676.718832891247 357.183023872679 576
683.280991735537 454.563360881543 577
691.010332103321 681.293726937269 578
690.037467700258 66.2312661498708 579
689.380341880342 168.779202279202 580
679.316614420063 280.66144200627 581
685.696787148594 390.441767068273 582
694.058041112455 744.171704957678 583
679.18045112782 1018.15789473684 584
696.32559560171 591.177153329261 585
699.563943161634 87.6767317939609 586
686.892008639309 264.993520518359 587
690.88 43.9709090909091 588
698.902419354839 908.587903225806 589
696.414239482201 294.68284789644 590
689.710227272727 422.389204545455 591
695.067851373183 780.105008077544 592
692.804029304029 312.924908424908 593
689.132653061224 622.491496598639 594
687.678832116788 371.824817518248 595
699.550087873462 710.857644991213 596
696.835475578406 139.651670951157 597
693.886538461538 195.846153846154 598
702.23556231003 435.741641337386 599
705.596532702916 504.230890464933 600
702.559462254395 562.257497414685 601
713.747044917258 7.92198581560284 602
700.773255813953 218.029069767442 603
700.147150259067 857.158549222798 604
700.278876170656 648.343392299688 605
701.965346534653 115.259075907591 606
703.294585987261 348.108280254777 607
704.895784543325 476.725995316159 608
703.531001589825 407.402225755167 609
710.724849527085 832.304385210662 610
702.217647058824 241.162745098039 611
711.947269303202 334.841807909605 612
724.909157509157 982.626373626374 613
715.981186685962 275.963820549928 614
727.335130970724 1009.86132511556 615
722.720430107527 365.017204301075 616
718.917207792208 387.87987012987 617
719.114864864865 446.091216216216 618
713.864788732394 256.918309859155 619
723.657381615599 375.562674094708 620
728.661059714045 31.7703952901598 621
717.843137254902 619.289215686274 622
724.155072463768 53.7826086956522 623
730.678527607362 457.961963190184 624
727.094393186657 884.117104329312 625
737.15243902439 811.724390243902 626
732.846153846154 306.685419058553 627
735.596539162113 104.756830601093 628
727.926829268293 324.543237250554 629
734.929270127916 158.631301730625 630
723.993963782696 199.712273641851 631
725.654244306418 419.242236024845 632
727.108159392789 181.878557874763 633
744.347690387016 960.721598002497 634
740.363636363636 927.190718372537 635
732.665948275862 529.53125 636
732.155112651646 657.235701906412 637
738.028604118993 134.559496567506 638
745.377283950617 693.801481481481 639
740.947115384615 554.240384615385 640
725.274881516588 779.039494470774 641
742.325663716814 76.0823008849558 642
727.478021978022 237.571428571429 643
731.862170087977 288.114369501466 644
738.567827130852 484.499399759904 645
736.124015748032 751.049212598425 646
747.184984520124 726.592879256966 647
739.615279672578 220.511596180082 648
743.452961672474 354.062717770035 649
748.155535224154 578.546203110704 650
741.371428571429 258.366386554622 651
750.655540720961 400.795727636849 652
748.049418604651 603.864341085271 653
764.710349462366 858.018481182796 654
757.664429530201 633.644295302013 655
748.652877697842 437.787769784173 656
760.4267578125 501.2900390625 657
756.376599634369 339.164533820841 658
770.909324208725 20.0581693755346 659
758.7711797308 781.410926365796 660
755.445054945055 421.294871794872 661
755.89598108747 201.274231678487 662
760.732142857143 243.860119047619 663
759.761523046092 273.220440881764 664
759.105726872247 4.49339207048458 665
779.587112171838 60.9896579156722 666
762.943076923077 186.044615384615 667
768.88152173913 121.551086956522 668
759.806853582554 386.115264797508 669
765.39842519685 470.707086614173 670
770.216745442269 900.90276839973 671
760.606516290727 288.533834586466 672
761.537897310513 521.740831295844 673
769.185006045949 370.80169286578 674
764.808333333333 325.195833333333 675
776.59812458138 665.793034159411 676
787.409511228534 1002.29678555702 677
784.691987513007 41.7783558792924 678
775.754789272031 540.707535121328 679
774.28776185226 220.498346196251 680
775.202850877193 305.436403508772 681
783.431483578709 86.3624009060023 682
779.114492753623 452.198550724638 683
779.318509615385 168.757211538462 684
782.601877934272 754.226291079812 685
786.435272045028 143.729831144465 686
785.883107088989 815.085972850679 687
783.127845884413 415.756567425569 688
788.115971515768 618.508646998983 689
791.457805907173 937.18776371308 690
790.807493540052 106.293281653747 691
783.495670995671 261.80303030303 692
793.175892857143 565.783928571429 693
793.191912268677 722.768334475668 694
790.480473372781 353.662721893491 695
795.492907801418 592.095744680851 696
796.513981358189 967.318242343542 697
791.144876325088 434.765017667845 698
785.111111111111 4.78743961352657 699
797.418181818182 398.276136363636 700
796.607467204844 516.21897073663 701
806.756778964667 489.674609695974 702
795.393548387097 203.608064516129 703
794.305860805861 278.822344322344 704
802.720547945205 694.230136986301 705
805.50127388535 786.756687898089 706
792.151785714286 243.299107142857 707
797.502590673575 333.730569948187 708
813.38123752495 467.575848303393 709
808.537037037037 646.865740740741 710
818.474439977025 846.410109132682 711
800.917682926829 319.871951219512 712
803.233009708738 377.910194174757 713
806.054195804196 184.405594405594 714
817.72864321608 914.989949748744 715
817.543458371455 543.786825251601 716
814.008032128514 227.026773761714 717
809.268506900878 299.303638644918 718
822.193083573487 17.0806916426513 719
827.020661157025 127.495041322314 720
822.769753610875 158.167374681393 721
826.851258581236 447.854691075515 722
823.224077940153 877.531663187196 723
810.50625 4.21875 724
827.155802861685 33.39586645469 725
822.886342804766 252.100824931256 726
821.088050314465 424.338364779874 727
826.849884526559 75.8418013856813 728
825.636682242991 677.796728971963 729
825.891234804862 757.733845169546 730
828.199110122358 98.686318131257 731
822.394126738794 613.267387944359 732
839.445623342175 989.401193633952 733
831.489583333333 338.727864583333 734
828.377358490566 358.603773584906 735
835.61780104712 817.238593866866 736
839.986655546289 52.4703919933278 737
828.9766718507 275.275272161742 738
827.925 391.828571428571 739
831.989145183175 208.006784260516 740
839.073224043716 316.686338797814 741
836.225512528474 579.766135155657 742
842.235745614035 632.790570175439 743
834.557053941909 519.619294605809 744
843.967378410439 722.578884934757 745
841.492521367521 187.107905982906 746
840.960747663551 375.284112149533 747
841.676078431373 952.774117647059 748
859.085261875761 6.9305724725944 749
837.34435261708 1014.33333333333 750
847.617021276596 406.742907801418 751
843.543913713405 292.721109399075 752
851.332732191163 663.46257889991 753
864.98987230295 905.207837956847 754
851.586429725363 479.421647819063 755
850.816293929713 227.792332268371 756
863.203661327231 501.734553775744 757
853.920454545455 424.641233766234 758
860.304307974335 606.255728689276 759
854.621978021978 791.07032967033 760
860.988898377455 552.094790777114 761
865.1318359375 109.2265625 762
860.606837606838 264.917378917379 763
870.124207858048 701.033586818758 764
861.481927710843 464.273092369478 765
860.646058732612 146.072642967542 766
864.553990610329 166.029342723005 767
864.08945686901 753.179978700745 768
871.062451811874 844.470316114109 769
883.483333333333 28.2172413793103 770
879.595166163142 88.8247734138973 771
869.339595375723 245.39161849711 772
870.867579908676 392.157534246575 773
861.264925373134 441.720149253731 774
878.160747663551 69.1794392523365 775
876.049707602339 945.325536062378 776
881.17033773862 875.53671071953 777
890.773737373737 979.183838383838 778
866.601321585903 326.839207048458 779
872.366019417476 349.405825242718 780
883.334920634921 1009.41031746032 781
879.993902439024 528.732723577236 782
872.527925531915 203.954787234043 783
882.517663043478 281.748641304348 784
877.34451901566 303.674496644295 785
881.920056100982 127.01683029453 786
877.93560145808 650.190765492102 787
892.899759903962 778.760504201681 788
880.887614678899 451.768348623853 789
885.921124828532 578.150205761317 790
876.462242562929 371.794050343249 791
876.69696969697 819.365151515152 792
886.647871116226 624.551208285386 793
887.462304409673 180.095305832148 794
880.126361655773 224.849673202614 795
884.839916839917 413.324324324324 796
888.989913544669 433.128242074928 797
897.407220822838 676.984047019311 798
908.080380293863 50.7571305099395 799
896.091743119266 930.854740061162 800
906.263888888889 735.788194444444 801
896.738896366083 805.312247644684 802
897.456747404844 464.076124567474 803
900.84940411701 487.273022751896 804
906.538592027142 145.04834605598 805
899.086830680174 259.683068017366 806
903.781055900621 324.464285714286 807
896.706270627063 383.528052805281 808
910.428284854564 554.026078234704 809
913.010610079576 601.83465959328 810
915.31762295082 193.969262295082 811
905.500974658869 342.458089668616 812
902.161094224924 359.151975683891 813
914.690154440154 511.916023166023 814
904.60202020202 216.90303030303 815
911.017931034483 236.064827586207 816
909.601307189542 107.643790849673 817
915.414304123711 857.667525773196 818
920.81164021164 9.37248677248677 819
927.705188679245 166.704402515723 820
910.552505966587 647.430787589499 821
914.913173652695 398.601796407186 822
923.783080260304 764.057483731019 823
917.10383536015 905.727782974743 824
913.132882882883 372.912162162162 825
920.485099337748 300.545529801325 826
919.774019984627 705.564181398924 827
921.954674220963 825.917847025496 828
917.733870967742 418.604838709677 829
915.09977324263 442.480725623583 830
917.900634249471 276.739957716702 831
929.492656875834 959.439919893191 832
936.230267921796 536.036929761043 833
931.607685433423 74.2082216264522 834
933.353951890034 121.715922107675 835
937.812586445366 626.899723374827 836
932.444723618091 476.53391959799 837
939.496703296703 96.4659340659341 838
938.868852459016 935.885245901639 839
929.904761904762 1014.66666666667 840
936.159362549801 254.509960159363 841
939.375844594595 579.025337837838 842
947.131479140329 995.759165613148 843
945.075194468453 210.649956784788 844
950.239245283019 456.743396226415 845
940.179487179487 797.268755935423 846
937.186588921283 357.231778425656 847
936.544879898862 664.030341340076 848
944.605678233439 380.319663512093 849
949.716814159292 894.17994100295 850
946.781196581197 35.2709401709402 851
943.909978308026 334.893709327549 852
950.392543859649 498.642543859649 853
942.885767790262 689.380149812734 854
947.119369369369 432.18018018018 855
947.069943289225 315.262759924386 856
959.425130890052 230.762303664921 857
954.613839285714 847.650669642857 858
953.179945054945 755.857142857143 859
965.742322097378 135.430711610487 860
953.093567251462 270.877192982456 861
955.072859744991 284.963570127505 862
960.878362573099 398.043274853801 863
967.313964386129 732.650890346767 864
962.515151515152 183.201298701299 865
958.960127591707 873.676236044657 866
972.602166064982 923.727797833935 867
975.774952919021 415.433145009416 868
963.191740412979 823.376597836775 869
965.013819095477 60.5829145728643 870
974.400386847195 560.948420373952 871
957.324947589099 779.22641509434 872
970.137865911237 598.561850802644 873
978.406682966585 20.5436022819886 874
970.78496868476 651.868475991649 875
974.722832722833 301.671550671551 876
977.798290598291 516.75641025641 877
953.732394366197 3.32394366197183 878
977.028210116732 157.850194552529 879
966.288543140028 676.612446958982 880
980.489552238806 974.690547263682 881
976.324189526185 481.810473815461 882
971.719626168224 1015.46105919003 883
979.477827050998 347.941241685144 884
988.79695024077 82.3274478330658 885
988.694205393001 252.804934021802 886
979.596393897365 952.015256588072 887
986.545161290323 107.179838709677 888
976.856870229008 367.358778625954 889
980.069035532995 626.384771573604 890
987.756383712905 703.600414078675 891
979.595744680851 3.76170212765957 892
980.151750972763 321.513618677043 893
983.98 805.061428571429 894
989.460550458716 864.622018348624 895
993.305322128852 200.492063492063 896
996.415983606557 539.058401639344 897
998.985321100917 785.792048929664 898
995.017667844523 282.89988221437 899
988.874831763123 440.344549125168 900
993.533092659446 47.4993983152828 901
989.121621621622 383.07027027027 902
999.373098478783 1001.32986389111 903
995.77559912854 895.446623093682 904
997.920805369127 465.451006711409 905
1003.4383775351 496.8751950078 906
1004.92369020501 223.829157175399 907
1003.90775681342 675.798742138365 908
1002.64383561644 833.506043513296 909
1004.60511033682 584.898954703833 910
1006.425 175.388636363636 911
1009.88310762651 116.492516037063 912
1008.26514188903 359.577297755188 913
1006.61133069829 755.212121212121 914
1006.93436293436 614.624195624196 915
1008.77312138728 647.231213872832 916
1012.12198221093 22.6493011435832 917
1008.72690763052 923.338688085676 918
1007.77078085642 731.2040302267 919
1009.08857808858 950.829836829837 920
1012.46815286624 301.691082802548 921
1010.99744897959 422.780612244898 922
1012.67231638418 971.488700564972 923
1014.9224137931 269.413793103448 924
1013.19430051813 446.689119170984 925
1014.18404907975 480.521472392638 926
1014.68810289389 521.099678456592 927
1014.68093385214 562.79766536965 928
1016.05791505792 709.586872586873 929
1015.35514018692 860.280373831776 930
1015.73484848485 889.575757575758 931
1015.71153846154 877.192307692308 932
1017.27058823529 1006.98823529412 933
