13.0815450643777 9.70815450643777 1
1 38 2
12.8654708520179 40.7062780269058 3
4.75 73.4230769230769 4
8.10046728971963 125.177570093458 5
2.84615384615385 147.692307692308 6
9.24625267665953 169.867237687366 7
11.339222614841 196.909893992933 8
2.51724137931034 214.724137931034 9
19.3285556780595 224.341786108049 10
5.50980392156863 247.274509803922 11
7.86363636363636 272.605113636364 12
11.6600698486612 303.210710128056 13
7.63905325443787 343.91124260355 14
8.74188034188034 380.57094017094 15
2.04411764705882 409.5 16
5.83888888888889 444.255555555556 17
11.8624535315985 476.74907063197 18
5 497.48717948718 19
10.8288461538462 518.601923076923 20
5.97481108312343 558.153652392947 21
12.5149456521739 586.569293478261 22
3.51219512195122 615.756097560976 23
8.81413612565445 638.219895287958 24
2.4 658.666666666667 25
18.2933467741935 662.567540322581 26
8.66889632107023 689.622073578595 27
2.95161290322581 707.612903225806 28
18.7541666666667 713.415625 29
10.1482965931864 743.450901803607 30
7.68 773.289411764706 31
1.48780487804878 804.756097560976 32
11.7931844888367 834.404230317274 33
15.0424403183024 870.194960212202 34
11.7803138373752 900.071326676177 35
16.9587301587302 938.262222222222 36
2.71084337349398 988.927710843373 37
21.3490566037736 1007.93291404612 38
18.835886214442 97.3052516411379 39
13.7994987468672 411.110275689223 40
21.5479186834463 800.944820909971 41
36.5337338262477 971.320240295749 42
20.7469325153374 147.858895705521 43
25.8606194690265 66.6017699115044 44
21.5917926565875 429.170626349892 45
28.5910753474762 537.403803950256 46
28.5609756097561 622.619512195122 47
37.7293680297398 21.0899628252788 48
26.1539568345324 454.290647482014 49
32.1561590688652 252.4694471387 50
26.2913752913753 495.377622377622 51
42.2386363636364 752.763986013986 52
28.6685934489403 322.6204238921 53
27.2812051649928 350.700143472023 54
43.9561643835616 777.45296803653 55
41.7785939139559 277.403987408185 56
33.1755656108597 384.929411764706 57
44.4518888096935 840.257305773343 58
35.7921914357683 122.096977329975 59
36.5707019328586 176.215666327569 60
36.7241813602015 593.301007556675 61
47.6611893583725 677.999217527387 62
47.3833157338965 729.715945089757 63
54.5203031943692 899.226312939903 64
40.830985915493 876.772887323944 65
50.7361502347418 203.559624413146 66
47.6556962025316 570.787341772152 67
37.2195704057279 298.983293556086 68
46.9089947089947 475.544973544974 69
54.6525951557093 53.3397923875433 70
47.1765258215962 417.36338028169 71
47.7632398753894 506.095015576324 72
62.1924552429668 808.950127877238 73
71.3280318091451 932.855864811133 74
53.6956097560976 649.116097560976 75
65.0918437285812 699.0932145305 76
49.4929356357928 148.681318681319 77
58.14631043257 549.60941475827 78
59.3008298755187 93.2863070539419 79
54.9155495978552 228.513404825737 80
58.1324257425743 444.94801980198 81
53.9939759036145 3.53012048192771 82
49.2556053811659 343.174887892377 83
68.1756218905473 1001.52935323383 84
56.0185714285714 309.532857142857 85
62.8720211827008 606.795233892321 86
64.6908150064683 856.785252263907 87
62.1366459627329 376.810559006211 88
63 528.54347826087 89
71.9025096525097 126.168918918919 90
68.8577981651376 176.163608562691 91
70.681052631579 256.396842105263 92
78.8987341772152 488.854430379747 93
70.2366522366522 336.128427128427 94
94.711477151966 754.922422954304 95
78.4651898734177 295.897679324895 96
83.112426035503 39.3384615384615 97
77.1640488656195 155.080279232112 98
82.5625 410.383823529412 99
79.6066763425254 459.944847605225 100
83.5432330827068 627.343984962406 101
84.7291139240506 513.13417721519 102
91.3697617091208 13.0164338537387 103
88.0612244897959 580.558309037901 104
101.167739167739 961.338481338481 105
92.3088552915767 785.727861771058 106
94.6339401820546 201.291287386216 107
89.4707520891365 721.53017641597 108
99.8673926969891 864.914157591288 109
89.4267185473411 232.819714656291 110
89.9354838709677 369.805474095797 111
99.3633144475921 72.3966005665722 112
101.627066748316 656.162890385793 113
100.796283551273 828.346180316586 114
96.404593639576 440.332155477032 115
97.8747186796699 542.902475618905 116
108.585253456221 899.269585253456 117
93.963133640553 332.680875576037 118
102.563653136531 103.455719557196 119
93.0238907849829 280.703071672355 120
103.085287846482 140.844349680171 121
101.663235294118 260.495588235294 122
113.29293809939 174.615518744551 123
115.637133550489 687.000651465798 124
107.068548387097 1017.15725806452 125
107.355677154583 469.160054719562 126
112.822825219473 299.672785315243 127
115.859060402685 389.383668903803 128
111.045098039216 419.939215686275 129
126.185862279098 998.500914076782 130
119.137191854234 494.755627009646 131
119.058911260254 610.27442207308 132
119.989734816082 37.0530367835757 133
126.141548709409 798.303913405495 134
116.249699879952 347.517406962785 135
125.199836199836 231.832923832924 136
123.883480825959 518.342182890855 137
122.368586387435 573.659685863874 138
130.990833333333 718.635833333333 139
127.387016229713 441.933832709114 140
134.06937394247 122.276649746193 141
139.018372703412 770.093613298338 142
129.978571428571 928.672857142857 143
163.588584136397 7.41363973313566 144
130.927536231884 262.489130434783 145
133.009762900976 153.133891213389 146
127.640692640693 546.367965367965 147
143.138627187079 833.532974427995 148
144.145387904704 64.1221747098351 149
138.916864608076 201.95486935867 150
138.147157190635 364.142697881828 151
148.535031847134 632.242038216561 152
139.920987654321 323.303703703704 153
140.737179487179 466.165598290598 154
151.914788345245 954.077515118197 155
139.66757493188 405.004541326067 156
158.314534443603 867.511355034065 157
150.498134328358 96.4141791044776 158
155.434838709677 743.201290322581 159
144.828886844526 289.671573137075 160
160.110076206605 657.949195596952 161
147.627192982456 538.359649122807 162
162.972222222222 907.996843434343 163
156.307692307692 693.649688149688 164
164.223237597911 178.42362924282 165
152.860544217687 566.362244897959 166
154.356228172293 593.821885913853 167
160.618534482759 1013.78017241379 168
148.99348534202 489.452768729642 169
158.548351648352 507.108791208791 170
163.883230904302 28.9482001755926 171
158.81234256927 345.5919395466 172
155.772020725389 435.00518134715 173
163.286597938144 224.335051546392 174
165.476688867745 144.814462416746 175
168.814040328603 255.63853622106 176
169.141509433962 787.560957910015 177
169.833738848337 982.954582319546 178
169.191354100445 389.381436745073 179
164.608695652174 291.830434782609 180
175.017973856209 464.609477124183 181
171.039215686275 540.928698752228 182
177.506297229219 719.780856423174 183
175.496788008565 307.627408993576 184
188.282426778243 113.883891213389 185
189.178841309824 809.214735516373 186
183.34592445328 604 187
182.652688172043 677.583870967742 188
187.223760092272 205.256055363322 189
183.178378378378 565.76 190
180.944868532655 65.9474130619169 191
177.706362153344 429.26427406199 192
187.755182625864 512.490621915104 193
182.415966386555 338.082633053221 194
197.71686746988 275.167814113597 195
187.793570219966 948.140439932318 196
191.40036900369 484.880073800738 197
198.456651718984 1003.40209267564 198
197.236809815951 632.490797546012 199
202.594387755102 762.932823129252 200
204.486867392697 920.976937860346 201
212.407310704961 884.761879895561 202
205.729569093611 825.261515601783 203
198.267920094007 359.493537015276 204
206.346 155.116666666667 205
198.574468085106 396.59686450168 206
204.850921273032 235.293969849246 207
199.81299734748 705.702917771883 208
204.28144654088 22.6202830188679 209
204.661927330174 653.98420221169 210
217.827012641384 732.114437791084 211
210.352742044685 531.679079214624 212
211.0975 427.383125 213
203.765027322404 314.688524590164 214
212.461893764434 580.940723633564 215
208.456359102244 967.136325852037 216
220.457454545455 185.952727272727 217
210.265889830508 846.0625 218
209.599526066351 52.2488151658768 219
204.885826771654 454.066929133858 220
220.063802905875 85.4586228679722 221
213.076288659794 466.051546391753 222
218.046712802768 611.579584775086 223
226.323448275862 670.864137931035 224
224.307977736549 490.823747680891 225
226.552775605942 373.693510555121 226
236.808439383791 215.536503683858 227
223.044568245125 333.00417827298 228
232.438854489164 785.586687306502 229
231.662103746398 263.886887608069 230
222.806532663317 297.957286432161 231
236.94948630137 549.302226027397 232
226.308851224105 699.186440677966 233
235.464944649446 122.522509225092 234
245.763157894737 1010.10789473684 235
232.554482758621 635.808275862069 236
244.804733727811 854.079289940828 237
240.411872705018 946.982864137087 238
249.008278145695 986.913079470199 239
241.805476864967 447.304060434372 240
249.827759197324 50.5919732441472 241
240.202216066482 408.608033240997 242
251.128886376484 591.882419446015 243
255.082286432161 750.310301507538 244
253.71654432524 811.90175042349 245
256.759044862518 18.5202604920405 246
240.417769376181 301.769376181474 247
251.113995485327 146.925507900677 248
251.193351424695 341.96947082768 249
255.48016194332 907.229149797571 250
240.428152492669 515.017595307918 251
258.28526645768 170.778474399164 252
258.985074626866 687.557666214383 253
255.508896797153 477.951067615658 254
256.325581395349 1.82558139534884 255
263.222523744912 91.8710990502035 256
264.899038461538 385.419642857143 257
266.533546325879 615.777422790202 258
262.58372456964 654.469483568075 259
260.836180904523 257.810050251256 260
257.23619047619 723.512380952381 261
260.84595959596 516.299242424242 262
273.684003152088 878.919621749409 263
265.010842368641 299.848206839033 264
276.725471698113 564.140566037736 265
279.371866295265 195.00348189415 266
282.04741833509 958.926238145416 267
270.367847411444 229.366485013624 268
271.818601076095 434.266717909301 269
275.149750415973 635.728785357737 270
277.247422680412 539.40206185567 271
286.242979242979 769.126373626374 272
279.010781671159 124.707547169811 273
290.317032040472 697.764474423834 274
295.456157163392 919.333493052228 275
279.018433179724 494.350230414747 276
283.798684210526 827.626315789474 277
290.528953229399 852.112472160356 278
276.166666666667 1017.93055555556 279
283.859399684044 341.590047393365 280
286.300636942675 154.472611464968 281
293.150656530753 262.849343469247 282
283.583333333333 468.801020408163 283
285.936768149883 54.2611241217799 284
296.486136783734 998.515711645102 285
291.609406952965 407.015337423313 286
291.99591280654 511.292915531335 287
304.317380352645 18.1782115869018 288
312.453868194842 788.163896848137 289
293.969549330085 301.971985383678 290
297.96978021978 589.188186813187 291
303.729663105998 726.433853738702 292
307.529411764706 649.655462184874 293
299.845038167939 96.2770992366412 294
306.310434782609 227.052173913043 295
301.594972067039 376.861731843575 296
306.442455242967 618.329070758738 297
310.558391337974 440.863109048724 298
303.502742230347 474.967093235832 299
317.57044198895 1012.04972375691 300
313.909930715935 543.789838337182 301
321.015287769784 974.544064748201 302
313.47686496695 133.009442870633 303
325.066166439291 887.429058663029 304
315.011914217633 58.2875297855441 305
313.752855659398 168.076843198339 306
313.741029641186 519.585023400936 307
316.224436741768 346.880415944541 308
325.343726800297 202.3429844098 309
322.854442344045 818.843730308759 310
317.114525139665 858.733240223464 311
319.064631956912 492.680430879713 312
316.37802907916 569.087237479806 313
317.414012738854 316.297770700637 314
323.921719955899 290.4796030871 315
325.024756852343 404.392572944297 316
332.20618556701 663.4 317
329.556039173014 730.685527747552 318
338.221774193548 936.731350806452 319
331.970055161545 257.866036249015 320
327.19018404908 470.850715746421 321
337.93760539629 690.27065767285 322
336.919773095624 597.52188006483 323
336.057014734145 96.9314541960282 324
329.559020044543 374.690423162583 325
348.693448702101 749.637206427689 326
339.969404186795 11.1932367149758 327
349.94630071599 48.5787589498807 328
344.852534562212 142.369585253456 329
344.617048346056 174.872773536896 330
341.357541899441 511.217877094972 331
350.285070785071 545.317889317889 332
343.189111747851 443.261700095511 333
356.375070185289 845.599663110612 334
364.274588340009 991.72318647085 335
347.192734611504 322.403632694248 336
353.645421903052 227.035906642729 337
350.30725730443 359.024505183789 338
348.464935064935 629.264935064935 339
351.003676470588 476.838235294118 340
355.925493716338 403.616696588869 341
364.758351893096 773.930957683742 342
375.65986949429 799.608890701468 343
363.81833195706 901.31544178365 344
363.779983457403 294.05459057072 345
359.796460176991 570.588495575221 346
361.564102564103 1018.10256410256 347
373.271464646465 953.347853535354 348
380.57636761488 702.417067833698 349
365.079365079365 263.590702947846 350
373.220965309201 194.005279034691 351
373.258865248227 666.817375886525 352
374.839354342813 17.9169869331284 353
370.235255994815 98.9034348671419 354
363.380722891566 492.857831325301 355
376.147123893805 639.183628318584 356
382.018505825908 857.691569568197 357
370.822384428224 596.737226277372 358
370.950458715596 439.152293577982 359
380.765349032801 157.840201850294 360
380.070552147239 510.544989775051 361
376.01367781155 131.623100303951 362
377.2 329.888622754491 363
377.910179640719 365.006986027944 364
385.601617795753 471.820020222447 365
386.412887828162 58.7414478918059 366
384.871871871872 232.946946946947 367
393.105263157895 397.562807017544 368
400.325933400605 604.931382441978 369
406.385939036382 915.66912487709 370
385.658058771149 554.432769367765 371
395.391038696538 733.274270196877 372
421.757368060315 1002.98663468129 373
403.330441070137 879.446131597975 374
396.982638888889 266.637152777778 375
404.581525542337 308.390482855143 376
396.756009615385 436.959134615385 377
406.591493570722 86.7616221562809 378
401.546952224053 122.728171334432 379
423.054347826087 803.336956521739 380
413.129115558425 178.246610716591 381
410.992349726776 215.534426229508 382
408.903047091413 353.18351800554 383
409.498439125911 516.318418314256 384
411.749411764706 12.4094117647059 385
418.502004811548 642.563753007217 386
408.520729684909 754.940298507463 387
414.682178217822 486.441584158416 388
415.310710498409 669.897136797455 389
431.473842679714 950.694015807301 390
425.139088729017 44.2172661870504 391
416.498956158664 551.292971468337 392
414.932135728543 145.409181636727 393
426.951027811366 836.62938331318 394
423.472527472527 454.076923076923 395
430.025974025974 243.673796791444 396
437.540447504303 767.810671256454 397
428.948758584258 407.165346011622 398
430.051240992794 283.002401921537 399
432.383148831488 112.428044280443 400
434.454183266932 693.160690571049 401
436.974907063197 717.198884758364 402
438.377447141738 573.60375880971 403
443.252259036145 609.588102409639 404
433.481770833333 317.580729166667 405
446.432917316693 191.225429017161 406
450.860317460317 867.393121693122 407
446.845575959933 375.741235392321 408
444.161632653061 510.878367346939 409
440.03781512605 338.626050420168 410
442.194357366771 6.57993730407524 411
448.917061611374 150.81990521327 412
451.90365448505 735 413
454.733123028391 78.7097791798107 414
452.544172932331 905.160714285714 415
453.777911164466 219.890756302521 416
450.831001076426 666.235737351991 417
450.916767189385 473.170084439083 418
467.602322206096 976.625544267054 419
456.240952380952 434.569523809524 420
462.340929808569 274.149498632634 421
458.953316953317 545.832923832924 422
466.517964071856 304.723552894212 423
464.619108280255 14.9936305732484 424
464.693661971831 631.735915492958 425
466.618683901293 813.782021151586 426
466.361386138614 356.247524752475 427
464.824440619621 327.881239242685 428
475.738471257107 46.5893872394188 429
470.22084623323 119.610939112487 430
462.055718475073 246.759530791789 431
480.226366001735 407.027753686036 432
486.446648426813 906.980164158687 433
479.516031457955 579.613430127042 434
475.784615384615 682.759763313609 435
474.808648648649 511.948108108108 436
478.43498273878 710.873417721519 437
496.558979808714 767.588204038257 438
480.025120772947 477.621256038647 439
490.800799467022 736.734843437708 440
476.582366589327 451.751740139211 441
481.932754880694 157.918655097614 442
477.699441340782 190.875977653631 443
482.009104704097 652.397572078907 444
488.226449275362 863.143115942029 445
480.440875912409 228.979562043796 446
508.513397642015 939.082172204359 447
486.578146611342 381.388658367911 448
494.348571428571 826.709523809524 449
513.483880967142 990.603843769374 450
483.91439688716 258.772373540856 451
487.469503546099 543.072340425532 452
499.036411609499 92.7393139841689 453
486.713942307692 434.233173076923 454
497.174970344009 343.155397390273 455
503.286614173228 15.0370078740157 456
503.097854077253 139.638626609442 457
495.9632721202 616.74958263773 458
502.680293501048 517.220125786164 459
494.041558441558 283.176623376623 460
503.302816901408 589.581690140845 461
501.405750798722 303.423322683706 462
506.304038004751 693.491686460808 463
511.008353221957 788.805489260143 464
518.341101694915 866.456920903955 465
507.648166501487 187.080277502478 466
502.088989441931 221.858220211161 467
513.444924406048 251.671706263499 468
512.141467727675 659.553492484527 469
505.933014354067 456.795853269537 470
512.505214368482 487.137891077636 471
514.793490460157 624.089786756453 472
517.453841572364 417.055390113163 473
520.256517205422 277.498435870699 474
518.599275799638 52.2999396499698 475
515.981389578164 553.822580645161 476
522.617269544924 379.078179696616 477
535.621922160445 902.45909451946 478
532.990909090909 312.656643356643 479
532.450939457202 164.711899791232 480
538.531664212077 793.835051546392 481
525.164634146341 206.80487804878 482
540.478037649743 826.641756988021 483
531.879754601227 231.618404907975 484
528.291005291005 586.452380952381 485
539.339240506329 725.894936708861 486
547.861719383617 130.072587185726 487
530.536437246964 349.066801619433 488
533.264758497317 514.330053667263 489
537.929192546584 458.972049689441 490
536.174231332357 684.38140556369 491
554.577998196574 1009.03697024346 492
546.987929993965 90.5165962582981 493
552.849683544304 868.51503164557 494
538.507874015748 636.00656167979 495
552.43261355175 754.020104244229 496
540.966850828729 13.1754143646409 497
547.052584670232 540.166666666667 498
549.485 188.895 499
559.689655172414 43.7706374085684 500
550.178678678679 260.342342342342 501
548.907585004359 411.11508282476 502
556.950980392157 608.74064171123 503
558.256616800921 214.453394706559 504
557.146443514644 572.9589958159 505
586.73249738767 917.037617554859 506
548.32319391635 280.539923954373 507
560.904339250493 370.120315581854 508
585.419535628503 960.86709367494 509
565.294254658385 489.359472049689 510
560.769633507853 643.183246073298 511
560.27323943662 348.797183098592 512
565.547987616099 322.832817337461 513
568.083798882682 288.959776536313 514
570.501639344262 238.372677595628 515
566.751928020566 691.470437017995 516
564.796928327645 666.307167235495 517
581.063748079877 823.936251920123 518
574.614262560778 165.46677471637 519
564.594262295082 7.84016393442623 520
576.404709748083 446.130887185104 521
572.706666666667 785.465454545455 522
575.535211267606 886.318309859155 523
569.113636363636 403.6875 524
584.359943316013 524.725555030704 525
592.008202323992 79.1537935748462 526
579.779661016949 196.851224105461 527
573.582938388626 710.080568720379 528
589.105500450857 113.666366095582 529
593.256245538901 717.117059243398 530
586.503681885125 752.073637702504 531
590.058201058201 262.030687830688 532
588.291254752852 582.695817490494 533
591.4345873105 635.024705221786 534
581.096296296296 390.361111111111 535
588.866967305524 16.1431792559188 536
590.240093240093 327.522144522145 537
620.584892340275 832.105188845747 538
611.121995464853 992.599092970521 539
597.862815884477 367.449458483755 540
597.149556400507 291.467680608365 541
603.931440443213 673.436288088643 542
600.124690338563 778.295623451693 543
605.458618071374 46.371298405467 544
600.026052104208 420.091182364729 545
611.541786743516 1015.63976945245 546
600.57323943662 150.850704225352 547
607.282560706402 207.012141280353 548
600.278873239437 232.084507042254 549
606.431972789116 467.74574829932 550
607.01592039801 869.667661691542 551
607.457657657658 183.099099099099 552
611.262813522355 557.50054525627 553
613.43006993007 335.868298368298 554
613.586787564767 608.533678756477 555
618.563444108761 15.8564954682779 556
618.322234156821 405.134264232009 557
622.09020979021 505.606993006993 558
624.426368542791 734.138781804164 559
620.881019830028 107.171388101983 560
620.289855072464 2.04347826086957 561
625.027332704995 137.024505183789 562
630.466816647919 775.877390326209 563
624.231376975169 241.373589164786 564
626.687179487179 306.545641025641 565
630.005141388175 533.582262210797 566
630.006703910615 588.937430167598 567
622.325478645066 276.097201767305 568
629.358709677419 169.752258064516 569
624.713266761769 690.34664764622 570
633.992730210016 635.615508885299 571
635.034017971759 372.956996148909 572
632.169895678092 65.6050670640835 573
632.492565055762 87.7397769516729 574
646.115480338477 424.192633150821 575
640.303174603175 468.28253968254 576
643.64341761116 913.90235396687 577
650.129032258065 865.438625890239 578
643.284607938045 195.555663117135 579
642.635416666667 943.640046296296 580
647.734278122232 559.919397697077 581
648.631955484897 38.1907790143084 582
649.756264236902 701.753227031131 583
666.211483253589 1002.71435406699 584
649.682113821138 337.445528455285 585
650.428208386277 221.414231257942 586
650.81783824641 262.089191232048 587
648.744318181818 8.85606060606061 588
648.085872576177 665.189750692521 589
662.510535821794 779.704394942805 590
651.8 125.575221238938 591
669.488813229572 962.849221789883 592
664.929716399507 153.768187422935 593
659.625980819529 592.64341761116 594
658.106631989597 102.418725617685 595
660.29734085415 299.09024979855 596
662.617088607595 486.237341772152 597
665.196721311475 517.377829820453 598
658.119162640902 74.1207729468599 599
676.665668662675 732.937624750499 600
674.644087938206 617.142008318479 601
678.243470149254 380.141791044776 602
681.209756097561 878.574912891986 603
671.816993464052 238.246732026144 604
679.958756345178 436.488578680203 605
686.454420522217 798.78928080623 606
677.410550458716 18.8520642201835 607
674.685950413223 188.577134986226 608
675.815227483751 659.66295264624 609
694.140988966081 916.447486718431 610
678.33153638814 67.4609164420485 611
682.873227689741 539.698915763136 612
675.686111111111 327.625 613
682.159383033419 108.304627249357 614
690.633517495396 211.873848987109 615
690.577464788732 3.49295774647887 616
694.231958762887 338.354810996564 617
697.302410901468 692.012578616352 618
686.242290748899 274.893171806167 619
698.112762237762 37.2744755244755 620
694.943855932203 568.130296610169 621
703.570326409496 825.0646884273 622
697.890845070423 304.859154929577 623
701.056134259259 469.368055555556 624
691.756923076923 252.824615384615 625
704.629657794677 123.799239543726 626
703.9140625 163.8875 627
703.287941787942 73.1382536382536 628
708.484623541888 236.498409331919 629
709.777479892761 617.331546023235 630
715.083640836408 1010.82533825338 631
706.556476683938 648.19792746114 632
707.52133194589 506.855359001041 633
713.035 977.99 634
710.671532846715 189.405109489051 635
719.367639782286 739.766947055913 636
724.952431854623 864.134152859433 637
722.552292632664 378.216383307573 638
710.754285714286 424.386285714286 639
722.560534591195 583.002358490566 640
729.874925903972 936.32424422051 641
716.006666666667 541.96 642
722.595772787318 10.6512549537649 643
713.707174231332 279.729136163982 644
725.409177820268 89.2198852772467 645
727.762063227953 338.623960066556 646
730.437426900585 251.018713450292 647
728.176136363636 662.470454545455 648
736.976659372721 822.025528811087 649
735.261797026503 44.9075630252101 650
733.02722323049 209.231397459165 651
735.275964391691 310.703264094956 652
737.825970548862 775.163989290495 653
733.449328449329 150.700854700855 654
740.5208466966 459.171905067351 655
733.620204603581 507.539641943734 656
733.287172011662 428.5 657
734.950963222417 288.851138353765 658
745.7833655706 691.79948420374 659
742.25 539.593442622951 660
749.711090400746 989.375582479031 661
741.460881934566 128.637268847795 662
757.757443718228 884.393972403776 663
748.479186834463 182.705711519845 664
745.451313755796 619.894126738794 665
749.232773109244 388.266386554622 666
752.770193401593 108.806598407281 667
754.800387596899 962.156007751938 668
768.527939949958 1008.14678899083 669
756.766081871345 262.741019214703 670
768.694444444444 79.3986354775828 671
761.960278745645 578.309407665505 672
759.878070973612 472.365787079163 673
758.768450184502 647.975092250923 674
755.927335640138 5.24567474048443 675
766.975262368816 26.6799100449775 676
755.748511904762 740.495535714286 677
761.131131131131 224.997997997998 678
757.569169960474 329.50395256917 679
772.975937325126 401.609960828204 680
780.772486772487 693.371693121693 681
777.455390334572 925.36741016109 682
764.645604395604 159.217032967033 683
772.354440789474 288.927631578947 684
773.980208905992 783.279824079164 685
767.141353383459 542.971428571429 686
778.404567699837 829.599238716694 687
767.294827586207 352.339655172414 688
766.401680672269 513.433613445378 689
777.54662004662 132.293706293706 690
782.569826707441 739.324159021407 691
777.055910543131 193.990415335463 692
778.31778425656 487.361516034985 693
783.338383838384 601.917171717172 694
783.539206195547 318.807357212004 695
781.927437641723 655.53514739229 696
789.779305354559 438.823444283647 697
788.095419847328 245.332061068702 698
808.124744376278 885.481935923654 699
806.909306930693 966.05504950495 700
794.044673539519 4.91408934707904 701
793.288524590164 628.025136612022 702
811.161096256684 926.814839572193 703
802.06121045392 53.4931224209078 704
796.111954459203 160.081593927894 705
793.263565891473 216.792248062016 706
796.516282764098 351.459888800635 707
799.514348785872 549.063281824871 708
797.153291253381 514.092876465284 709
803.345472440945 121.569881889764 710
805.937647058824 21.5282352941176 711
817.997128794094 777.947087776866 712
791.411764705882 190.575163398693 713
800.62837045721 472.594372801876 714
810.880199667221 698.828618968386 715
802.973640856672 269.499176276771 716
824.149787750152 837.634930260764 717
804.063265306123 404.912244897959 718
826.252436647173 1000.96247563353 719
810.653439153439 89.5714285714286 720
804.755467196819 295.982107355865 721
819.630904183536 566.043859649123 722
821.320636725412 729.358726549176 723
806.753246753247 192.243042671614 724
815.272819472617 378.822515212982 725
819.448707909162 645.003915426782 726
817.787172011662 238.24101068999 727
828.202586206897 600.195197044335 728
819.809925093633 331.47191011236 729
827.972198820556 167.648694187026 730
823.416666666667 423.16862745098 731
820.44019138756 496.227272727273 732
840.752413401476 203.608745031232 733
824.163390663391 465.7457002457 734
833.405817174515 277.959141274238 735
837.121621621622 9.7987987987988 736
837.841984732824 505.508396946565 737
839.454019664546 127.384615384615 738
836.281362007168 40.7643369175627 739
843.043404255319 78.6910638297872 740
855.125741399763 877.643732700672 741
843.413793103448 377.327586206897 742
843.286789297659 673.176421404682 743
838.989708404803 316.782161234991 744
845.434004474273 450.557046979866 745
849.823989569752 790.521512385919 746
849.643330179754 240.237464522233 747
863.495548050353 931.647528400368 748
855.064186046512 526.995348837209 749
855.939153439153 342.240740740741 750
855.271894093686 640.606924643585 751
857.254667662435 413.29499626587 752
855.263707571802 560.70365535248 753
858.240585774059 758.134937238494 754
868.440949227373 603.543598233996 755
864.21895124195 724.876724931003 756
862.431402439024 297.21493902439 757
864.497349823322 694.957597173145 758
862.733118971061 472.90192926045 759
863.83595113438 167.888307155323 760
874.267707082833 974.121848739496 761
876.74358974359 1011.57142857143 762
872.686675461741 89.4261213720317 763
873.699291693496 36.6284610431423 764
876.964064436183 9.545229244114 765
867.500713266762 820.27817403709 766
870.334963325183 269.466992665037 767
871.965454545455 493.954545454545 768
878.33084947839 131.802533532042 769
876.28 370.985 770
889.485210466439 560.455631399317 771
874.254350736278 440.301204819277 772
878.358709677419 220.070967741935 773
885.244943820225 663.079775280899 774
878.995433789954 247.657534246575 775
886.847625797307 770.221828490432 776
889.277072442121 520.218073188947 777
881.72 799.978823529412 778
889.03280141844 835.954787234043 779
883.948475289169 324.255520504732 780
877.899497487437 392.64824120603 781
891.74569789675 193.38240917782 782
886.411111111111 632.895061728395 783
893.161375661376 59.8584656084656 784
891.673758865248 455.034042553192 785
895.3683737646 413.069182389937 786
895.662095984329 729.22624877571 787
907.241326530612 870.157142857143 788
909.020633397313 976.581094049904 789
897.043417366947 268.810924369748 790
906.253824756606 157.271210013908 791
897.164285714286 293.328571428571 792
901.470127326151 478.925563173359 793
902.936482084691 687.902280130293 794
903.649659863946 339.229024943311 795
913.921765295888 915.248244734203 796
909.078618662748 374.838354151359 797
909.230179028133 117.041773231032 798
907.938461538462 238.167948717949 799
912.662641509434 586.467169811321 800
908.023140495868 87.6429752066116 801
910.294217687075 794.505952380952 802
910.119607843137 214.772549019608 803
924.269779507134 624.310419368785 804
920.443065693431 35.7474452554745 805
922.76 1014.56952380952 806
917.738693467337 8.69179229480737 807
918.231527093596 305.477832512315 808
927.980930232558 724.596279069767 809
922.070588235294 437.045248868778 810
927.865534324133 821.369426751592 811
924.842032011134 506.550452331246 812
934.60552407932 175.082861189802 813
927.252080856124 72.1165279429251 814
925.348453608247 266.385567010309 815
928.888888888889 397.50404040404 816
933.306711979609 538.581988105353 817
932.026484018265 669.393607305936 818
950.567796610169 974.878934624697 819
936.4111747851 341.614613180516 820
935.864142538976 464.25723830735 821
937.175324675325 206.655844155844 822
952.049889948643 916.940939104916 823
939.928621413576 767.650104968509 824
936.995620437956 108.537226277372 825
946.565776458952 139.291790306627 826
943.900207900208 238.072765072765 827
956.243882544861 850.814029363785 828
946.866825208086 306.123662306778 829
955.347799879445 572.298975286317 830
952.567973311093 41.9266055045872 831
956.950461796809 278.135180520571 832
959.977487291213 82.519244734931 833
964.936250675311 615.211777417612 834
950.350689127106 431.464012251149 835
956.037891268534 9.71499176276771 836
969.709828393136 664.783931357254 837
952.781553398058 382.600323624595 838
960.197530864198 407.61865569273 839
951.956204379562 484.441605839416 840
952.449735449735 538.989417989418 841
974.051667449507 711.147956787224 842
971.32962633452 790.417704626335 843
970.032882011605 1004.59671179884 844
966.651090342679 500.080996884735 845
958.603563474388 352.906458797327 846
971.385057471264 115.214559386973 847
982.196078431373 184.114186851211 848
968.855646100116 215.012805587893 849
970.96688034188 460.049145299145 850
976.918284789644 533.364077669903 851
976.612130885874 312.969672785315 852
975.806569343066 249.047445255474 853
978.521141649049 153.105708245243 854
991.541401273885 737.631553160216 855
981.896825396825 354.207936507936 856
994.110417966313 56.573300062383 857
989.717314487633 24.7031802120141 858
989.978762135922 854.456310679612 859
992.243199129489 426.793253536453 860
984.479865771812 966.451901565996 861
988.566231343284 388.46828358209 862
998.041563582385 898.064819396338 863
989.656765676568 5.28382838283828 864
1000.98105813194 570.79490529066 865
998.483555555556 275.746666666667 866
995.15737704918 504.97868852459 867
999 92.7914494264859 868
999.314196242171 609.719206680585 869
1001.44891640867 128.862745098039 870
996.941732283465 476.776377952756 871
1004.29123867069 993.088821752266 872
999.368235294118 808.325882352941 873
1006.6098265896 930.481695568401 874
1001.69614984391 215.112382934443 875
1005.14730290456 318.581950207469 876
1008.81007194245 244.932374100719 877
1008.53211009174 531.057667103539 878
1008.87138263666 653.606109324759 879
1009.57814871017 771.215477996965 880
1010.04 627.576470588235 881
1011.24567474048 158.36678200692 882
1008.02364066194 358.647754137116 883
1011.39528432732 685.68932038835 884
1012.52996845426 442.089905362776 885
1014.67652173913 486.826086956522 886
1015.52340425532 11.2936170212766 887
1015.66125290023 384.807424593968 888
1015.26914660832 837.595185995624 889
1016.28436018957 950.478672985782 890
1016.81081081081 1016 891
1016.94545454545 33.6181818181818 892
1016.75263157895 186.205263157895 893
1017.88366336634 89.8960396039604 894
1017.91145833333 307.440104166667 895
1017.35023041475 731.640552995392 896
1017.46994535519 794.890710382514 897
1017.97333333333 552.266666666667 898
1019.0253164557 214.683544303797 899
1019.09090909091 353.363636363636 900
