22.8580576307364 10.6937033084312 1
18.8076923076923 52.8127530364373 2
2.87603305785124 58.5702479338843 3
8.59319286871961 93.0875202593193 4
9.61146496815287 129.15923566879 5
7.24485125858124 163.235697940503 6
33.9457567804024 185.92738407699 7
15.2120822622108 206.102827763496 8
4.77647058823529 228.711764705882 9
10.0619266055046 250.389908256881 10
6.80632411067194 277.774703557312 11
16.5734693877551 294.642857142857 12
7.24734982332155 313.134275618375 13
23.2144680851064 333.792340425532 14
13.9945130315501 362.862825788752 15
11.0922693266833 396.763092269327 16
5.97183098591549 453.97384305835 17
9.04525862068965 488.103448275862 18
12.167701863354 520.635093167702 19
3.8562874251497 545.22754491018 20
10.0237154150198 574.909090909091 21
7.02414486921529 608.577464788732 22
15.1298377028714 641.916354556804 23
6.64900662251656 668.96357615894 24
9.20761904761905 701.257142857143 25
16.2506307821699 734.317073170732 26
21.0529715762274 761.422480620155 27
2.78481012658228 778.73417721519 28
17.468085106383 796.087132725431 29
6.275 827.607142857143 30
9.42896174863388 849.267759562842 31
8.56224899598394 869.473895582329 32
4.17985611510791 887.78417266187 33
10.1611650485437 911.801941747573 34
2.82142857142857 943.044642857143 35
15.3347058823529 987.305294117647 36
1.58333333333333 990.083333333333 37
8.45918367346939 1017.73469387755 38
13.3210784313725 430.468137254902 39
19.2536231884058 266.13768115942 40
29.1900887573964 934.959319526627 41
28.400479616307 549.362909672262 42
26.027972027972 888.693706293706 43
33.39092495637 684.655322862129 44
32.5175345377258 27.663124335813 45
34.0571095571096 228.672494172494 46
29.4492350486787 495.894297635605 47
32.5044955044955 818.400599400599 48
29.6456542502388 458.671442215855 49
33.3342736248237 602.607193229901 50
33.8331374853114 76.0246768507638 51
35.2309178743961 160.461835748792 52
42.6747437092265 658.143522833178 53
34.5286839145107 849.051743532058 54
33.0993788819876 309.801242236025 55
44.4205933682373 281.82722513089 56
39.1322925225966 419.738701725555 57
43.6614730878187 869.43342776204 58
28.5674603174603 128.446428571429 59
38.0810126582278 105.758227848101 60
37.742041712404 383.979143798024 61
45.3707482993197 773.011337868481 62
40.255751014885 960.031123139378 63
43.2224598930481 250.528342245989 64
49.746015936255 628.114541832669 65
57.7791798107256 901.198212407992 66
43.5955497382199 516.858638743455 67
48.2646103896104 580.931818181818 68
49.0073126142596 701.762340036563 69
52.7974180734856 721.576961271102 70
32.9375 1018.46875 71
60.9202302631579 209.568256578947 72
58.039312039312 349.468673218673 73
50.2743177046886 994.574527641708 74
47.9339805825243 135.097087378641 75
57.4987190435525 478.617421007686 76
57.3362068965517 1017.06465517241 77
66.9579982126899 560.482573726542 78
61.0492146596859 747.038743455497 79
57.5467741935484 796.570967741936 80
53.6162790697674 88.1133720930233 81
59.1949616648412 55.1226725082147 82
62.7308781869688 825.682719546742 83
71.5223123732251 318.920892494929 84
63.6853823814134 437.821878025169 85
64.7460317460317 537.904761904762 86
63.2582582582583 301.066066066066 87
64.3444576877235 389.263408820024 88
66.8440065681445 28.6584564860427 89
70.694587628866 849.099226804124 90
67.8510028653295 157.636103151862 91
72.3632653061224 951.021768707483 92
86.40625 979.508680555556 93
73.2472527472527 8.84615384615385 94
80.3028301886793 926.948113207547 95
65.0608108108108 108.199324324324 96
82.6209439528024 273.959439528024 97
79.6896243291592 669.708407871199 98
68.046511627907 131.260465116279 99
89.4563106796116 240.546116504854 100
78.791492910759 512.115095913261 101
75.5507649513213 87.3838664812239 102
85.3470790378007 177.831615120275 103
71.0528735632184 602.719540229885 104
79.6084656084656 644.830687830688 105
85.9491255961844 771.682829888712 106
89.1528127623846 703.524769101595 107
88.2075688073395 870.480504587156 108
83.4450194049159 410.200517464424 109
90.0098911968348 369.035608308605 110
89.0015060240964 576.081325301205 111
83.353115727003 454.507418397626 112
93.4953429297206 806.51566469094 113
80.5984848484848 624.65404040404 114
84.4605263157895 119.899122807018 115
81.3595890410959 52.0993150684931 116
89.1547420965058 736.945091514143 117
91.5719298245614 1012.10526315789 118
90.3166144200627 484.985893416928 119
111.826086956522 303.919532770928 120
104.933333333333 131.451178451178 121
94.634011090573 594.71719038817 122
101.505241090147 834.382599580713 123
95.2145110410095 27.9132492113565 124
94.5110024449878 56.5965770171149 125
110.071985602879 205.566286742651 126
104.80021141649 339.010570824524 127
100.273603082852 88.1685934489403 128
104.030303030303 684.014141414141 129
100.912144702842 553.511627906977 130
111.003295978906 889.848384970336 131
115.188902007084 11.2609208972845 132
104.974702380952 532.479166666667 133
101.923339011925 616.817717206133 134
105.33084947839 428.822652757079 135
115.087675765095 398.703887510339 136
109.563432835821 946.351990049751 137
110.823333333333 725.633333333333 138
108.654335260116 462.182658959538 139
119.376398779247 781.414038657172 140
120.26357827476 640.976038338658 141
113.294943820225 502.043539325843 142
116.881863560732 751.231281198003 143
119.700367647059 160.848345588235 144
120.21954674221 259.432011331445 145
157.78977475867 1007.39649624598 146
129.174590163934 851.732786885246 147
118.270066100094 52.0868744098206 148
129.322580645161 664.096774193548 149
124.808853118712 917.270623742455 150
117.129441624365 280.124365482233 151
129.43213988343 372.137385512073 152
122.605143721634 587.379727685325 153
124.894801980198 559.439356435644 154
130.643607705779 968.516637478109 155
141.631467044649 225.800141743444 156
128.609756097561 484.823170731707 157
134.273148148148 609.362962962963 158
127.937931034483 88.6041379310345 159
135.022783251232 439.860837438424 160
134.753609239654 697.194417709336 161
131.186956521739 526.994202898551 162
138.039339103068 816.091266719119 163
144.087032201915 176.486510008703 164
142.227106227106 341.115384615385 165
145.847826086957 316.546376811594 166
147.642857142857 720.402753872633 167
136.293313069909 119.452887537994 168
143.813542688911 33.378802747792 169
149.110611510791 750.269784172662 170
149.418803418803 890.908831908832 171
143.886855241265 277.128119800333 172
153.184850590688 938.868658790827 173
145.519699812383 505.833020637899 174
152.397578203835 782.65893037336 175
150.841163310962 65.0715883668904 176
154.852941176471 574.156862745098 177
145.252525252525 7.2962962962963 178
153.322169059011 252.318979266348 179
161.121065375303 135.254237288136 180
157.654568210263 674.747183979975 181
160.091397849462 870.952956989247 182
159.975543478261 403.586050724638 183
155.221633085896 478.236479321315 184
155.160186625194 95.7589424572317 185
155.656008820287 539.117971334068 186
167.977224199288 979.782918149466 187
165.776639344262 292.826844262295 188
164.193482688391 623.908350305499 189
158.158774373259 198.008356545961 190
169.962468193384 365.956743002545 191
164.673414304993 643.632928475034 192
168.263521288838 911.354430379747 193
172.973684210526 840.469107551487 194
170.30303030303 443.95867768595 195
165.947858472998 606.15270018622 196
172.146473779385 8.99819168173599 197
181.075257731959 260.441237113402 198
174.632928475034 798.292847503374 199
182.985868661679 326.837905236908 200
172.753424657534 509.695205479452 201
184.057389937107 26.8506289308176 202
182.61887477314 60.9283121597096 203
187.539857420609 226.821775761504 204
181.04550625711 696.81228668942 205
189.6685584563 156.33371169126 206
186.999060150376 196.476503759398 207
187.76148409894 740.243816254417 208
183.084080717489 93.2847533632287 209
185.624316939891 767.150273224044 210
184.597924773022 531.249027237354 211
178.949748743719 589.037688442211 212
192.459390862944 947.937394247039 213
189.577391304348 559.275652173913 214
183.866242038217 485.829299363057 215
187.350710900474 663.984597156398 216
189.69387755102 718.175510204082 217
198.308539944904 890.634297520661 218
195.963566634708 421.706615532119 219
199.834574028122 382.3788254756 220
203.184911242604 816.529585798817 221
196.387755102041 296.753901560624 222
200.287890327494 625.118811881188 223
193.291411042945 868.092024539877 224
199.510855683269 111.89527458493 225
219.891553133515 917.530790190736 226
204.308790383171 988.352366641623 227
210.011127596439 589.891691394659 228
207.287172011662 266.709912536443 229
206.565799256506 463.852044609665 230
211.804624277457 351.356069364162 231
206.25068119891 509.301089918256 232
215.037089871612 775.373038516405 233
221.574808629088 191.831593597773 234
216.906400550585 679.309704060564 235
220.413742690058 855.369883040936 236
213.214125560538 70.9966367713004 237
217.561669829222 37.5721062618596 238
224.707740916272 9.03159557661927 239
222.89417989418 318.614814814815 240
221.440821256039 645.643719806763 241
216.720823798627 240.91533180778 242
215.467492260062 744.990712074303 243
218.381861575179 538.417661097852 244
223.812760055478 559.373092926491 245
229.984224965706 713.506858710562 246
228.331721470019 130.569632495164 247
221.067256637168 396.472566371681 248
230.78132118451 948.946469248292 249
232.443708609272 287.671817512877 250
226.221734357849 99.8594950603732 251
230.58790593505 160.821948488242 252
232.504352872896 432.516540917005 253
224.294736842105 486.473684210526 254
227.835317460317 516.44246031746 255
240.308870967742 794.884677419355 256
251.835652750166 218.141153081511 257
241.349734042553 336.898936170213 258
235.969026548673 980.58407079646 259
242.435258964143 250.446215139442 260
242.721603563474 609.770601336303 261
246.362108479756 832.069518716578 262
240.443196004994 367.511860174782 263
236.765873015873 743.972222222222 264
246.39693877551 884.729591836735 265
238.281355932203 467.898305084746 266
244.822368421053 65.4586466165414 267
238.730994152047 492.56432748538 268
245.173076923077 578.54020979021 269
247.519417475728 531.505825242718 270
255.369335347432 678.884441087613 271
269.386532575426 1000.4774814167 272
247.369047619048 30.2217261904762 273
253.544291338583 394.630905511811 274
252.452445652174 645.23097826087 275
264.001443001443 762.058441558442 276
261.693977591036 97.8298319327731 277
262.645561357702 178.028067885117 278
264.786305492852 962.300978179082 279
261.599375650364 139.09053069719 280
262.364093959732 8.85906040268456 281
262.537931034483 270.401379310345 282
269.143246930423 307.612551159618 283
265.852846401719 727.27604726101 284
270.397862232779 908.193586698337 285
261.126891734575 477.658905704307 286
262.671686746988 559.897590361446 287
269.934065934066 865.759240759241 288
257.941605839416 501.759124087591 289
271.862210095498 456.152796725784 290
277.050622406639 343.788381742739 291
268.173134328358 430.208955223881 292
275.968492123031 800.748687171793 293
277.404919583728 373.145695364238 294
280.003548196334 601.981076286221 295
282.930762489045 698.208588957055 296
291.812030075188 937.263841421736 297
276.400269541779 39.1118598382749 298
284.045088566828 239.814814814815 299
283.616499442586 525.062987736901 300
287.593707250342 566.655266757866 301
294.49865410498 413.473755047106 302
282.497093023256 633.96511627907 303
293.661325966851 836.671270718232 304
292.591954022988 661.410509031199 305
295.337676438654 108.447339847991 306
291.654166666667 485.176041666667 307
293.929563492063 65.6478174603175 308
289.190476190476 203.18487394958 309
289.631853785901 278.257180156658 310
295.310836501901 152.841254752852 311
304.038231780167 741.298088410992 312
315.21986970684 1005.88436482085 313
298.399071925754 7.62877030162413 314
305.470588235294 773.075294117647 315
297.27619047619 178.978571428571 316
306.506283662478 258.219030520646 317
309.487346938775 897.88 318
315.472022955524 968.191535150646 319
310.813415574402 313.508095605243 320
313.311066126856 452.447368421053 321
316.659340659341 709.487179487179 322
312.68689788054 384.885356454721 323
315.010169491525 626.789830508475 324
311.974215246637 806.976457399103 325
312.127481713689 865.272727272727 326
312.123188405797 30.8561076604555 327
313.267918088737 348.131399317406 328
316.689737470167 531.003977724742 329
317.015599343186 594.752873563218 330
319.767786561265 210.967391304348 331
323.841887417219 676.711920529801 332
321.362048894063 182.651920838184 333
325.535622317597 279.300429184549 334
325.69313304721 134.980686695279 335
322.589660743134 564.715670436187 336
331.678858162355 235.190900981267 337
321.771344455348 488.255152109912 338
327.320323014805 917.950201884253 339
323.230040595399 73.830852503383 340
337.535820895522 779.068656716418 341
327.432865731463 646.879759519038 342
334.194444444444 940.652116402116 343
328.524682651622 104.497884344147 344
329.501133786848 9.6734693877551 345
334.735413839891 49.2238805970149 346
338.709677419355 163.45828698554 347
336.908275862069 424.633793103448 348
342.201453790239 845.283489096573 349
347.80834914611 877.414611005693 350
352.640802675585 813.075585284281 351
342.147952443857 549.107001321004 352
349.203358208955 738.434701492537 353
353.734592445328 258.458250497018 354
351.532102728732 298.849919743178 355
344.678728070175 353.955043859649 356
348.300350262697 384.35288966725 357
356.570239334027 326.853277835588 358
353.833235466823 987.440986494422 359
349.742718446602 488.571844660194 360
355.221408966148 628.645013723696 361
346.293617021277 17.3170212765957 362
351.793522267206 516.728744939271 363
350.483487450462 581.076618229855 364
356.038406827881 605.342816500711 365
347.379213483146 900.11797752809 366
351.253462603878 80.5858725761773 367
361.332207967589 663.332883187036 368
357.116570327553 697.709055876686 369
355.867684478372 116.73197625106 370
363.266117969822 197.768861454047 371
368.59547123623 942.421664626683 372
354.492783505155 455.670103092784 373
386.934769230769 1006.87692307692 374
362.722980062959 35.4910807974816 375
374.774142059058 906.370311252993 376
371.304 156.648 377
375.671786580437 231.805982215036 378
380.158800393314 404.405604719764 379
375.139853747715 69.3848263254113 380
366.604434072345 541.351225204201 381
368.943661971831 782.68661971831 382
368.043835616438 7.90684931506849 383
373.101644245142 859.699551569507 384
383.97442455243 830.229326513214 385
374.210039630119 469.791281373844 386
386.799640610961 435.341419586703 387
385.140502354788 711.354003139717 388
384.675094816688 763.217446270544 389
385.475190839695 348.040076335878 390
379.207746478873 281.264084507042 391
394.962230215827 371.210431654676 392
383.631090487239 582.161639597834 393
391.959584295612 741.548498845266 394
385.464560204953 509.072587532024 395
394.920990566038 103.372051886792 396
406.711727325246 878.799537839399 397
384.786026200873 644.864628820961 398
397.344746162928 315.463400236127 399
402.532116788321 263.738686131387 400
398.976208749041 555.913277052955 401
393.630580357143 613.677455357143 402
396.347643097643 971.108585858586 403
396.649819494585 41.6931407942238 404
405.146994535519 793.00218579235 405
394.297256097561 12.4466463414634 406
402.119786096257 212.673796791444 407
407.508058326938 670.56792018419 408
404.125736738703 131.474459724951 409
400.095890410959 473.367755532139 410
408.39756097561 160.221951219512 411
413.904805077063 938.165911151405 412
420.213821618429 188.451269935027 413
422.008032128514 851.379919678715 414
408.142270861833 914.913816689466 415
413.848223896663 70.3444564047363 416
415.352849336456 638.123341139735 417
402.954545454545 235.762987012987 418
417.566568047337 291.171597633136 419
418.036231884058 458.571256038647 420
415.38184079602 528.114427860697 421
428.210329341317 825.056137724551 422
414.686567164179 503.375 423
419.589588377724 692.123486682809 424
426.098234842671 722.716039907905 425
427.478153338829 416.957955482275 426
422.777227722772 590.234323432343 427
428.227106227106 758.154761904762 428
439.440370513315 970.390196835199 429
430.873120300752 16.2951127819549 430
438.196752029981 351.063085571518 431
435.607442977191 1010.51380552221 432
437.063291139241 386.319434102755 433
432.697645600991 611.01239157373 434
426.726858877086 41.443095599393 435
447.884992987377 239.237026647966 436
444.493333333333 442.869166666667 437
447.758620689655 482.490763546798 438
434.059523809524 562.401360544218 439
441.006768189509 906.546531302876 440
439.059259259259 95.5305555555556 441
446.292011019284 318.080991735537 442
444.584938704028 129.76357267951 443
448.324372759857 269.679808841099 444
456.209817893903 214.133016627078 445
456.972681524083 514.544212796549 446
456.60191591272 793.100053219798 447
454.287630402384 638.069299552906 448
443.620689655172 3.56034482758621 449
458.505139500734 55.9608418991679 450
462.222541966427 173.055635491607 451
450.550903901047 686.365366317793 452
450.232993197279 537.867346938776 453
461.603286384977 733.007042253521 454
469.797590361446 865.735542168675 455
468.791794243723 595.575015309247 456
480.76618705036 921.288369304556 457
468.621136590229 555.599202392822 458
472.305803571429 761.284226190476 459
477.126552335896 830.719692489651 460
470.905882352941 403.443529411765 461
473.845652173913 711.759782608696 462
464.89756097561 892.30406504065 463
474.796576032226 652.592145015106 464
469.489552238806 10.3492537313433 465
476.798986486487 373.706081081081 466
478.76224328594 991.169036334913 467
483.494138335287 300.705744431419 468
479.260115606936 428.589595375723 469
478.142857142857 1015.60779220779 470
491.479758828596 98.7950043066322 471
483.410912190963 139.901108269395 472
477.140740740741 466.520987654321 473
492.55843495935 948.1875 474
478.642512077295 679.618357487923 475
492.22759601707 333.911806543385 476
490.807197943445 29.5304198800343 477
496.231756756757 261.737162162162 478
497.574025974026 352.728571428571 479
491.966237942122 571.586816720257 480
492.898263027295 896.091811414392 481
493.607434270172 202.582955575703 482
492.496575342466 500.305936073059 483
499.251207729469 620.945893719807 484
507.469219219219 737.473723723724 485
499.284815813118 532.203054806828 486
506.92299229923 875.303630363036 487
506.565556343019 59.7569099929128 488
496.638418079096 229.813559322034 489
502.761178861789 691.376016260163 490
493.81514084507 792.774647887324 491
510.312706270627 656.63696369637 492
517.28954607978 1000.01169188446 493
497.935281837161 465.23382045929 494
511.095703125 163.8291015625 495
511.300089047195 406.012466607302 496
510.369200394867 441.833168805528 497
510.029333333333 6.70133333333333 498
518.09481216458 839.183363148479 499
527.06401384083 592.839677047289 500
516.213197969543 761.036802030457 501
520.482832618026 963.644849785408 502
523.786600496278 380.592224979322 503
530.296101949025 804.743628185907 504
502.432432432432 1018.32432432432 505
518.418416801292 712.982229402262 506
529.296571428571 477.72 507
515.9296 788.1344 508
518.19837398374 233.526829268293 509
520.21719858156 558.672872340426 510
517.451573849879 131.440677966102 511
522.756324900133 308.006657789614 512
525.663839629915 194.312259059368 513
531.294361525705 25.0389718076285 514
529.542760372566 895.035563082134 515
533.670201484624 509.308589607635 516
536.983989326218 347.228819212809 517
534.893251533742 625.18282208589 518
546.646853146853 286.516608391608 519
534.220039292731 96.8457760314342 520
544.599645704163 261.309123117803 521
541.395851339672 928.063958513397 522
535.927852348993 532.954697986577 523
545.822474032106 674.349386213409 524
544.152941176471 695.949019607843 525
574.626979792463 1009.73293282359 526
544.421613394216 437.807458143075 527
545.14696969697 860.033333333333 528
545.635488308116 645.144429160935 529
549.075622775801 766.860320284698 530
556.674125874126 967.173892773893 531
546.966960352423 63.4324522760646 532
545.792183031459 227.08770257388 533
535.942307692308 2.34615384615385 534
551.618025751073 157.990557939914 535
547.422033898305 720.162711864407 536
557.198744769874 839.287656903766 537
565.56944978838 118.290881108119 538
557.424503882658 409.129421915444 539
564.013157894737 736.765789473684 540
556.960328317373 813.497948016416 541
559.894782608696 190.54 542
554.122837370242 558.958477508651 543
561.46632996633 9.55555555555556 544
551.942567567568 314.85472972973 545
566.705342237062 380.610183639399 546
568.33129516398 882.63201778766 547
566.114387846291 586.840035746202 548
577.119156214367 536.193272519954 549
573.384615384615 36.2383107088989 550
565.558525345622 498.170506912442 551
570.961283185841 245.118362831858 552
568.6125 616.909375 553
580.534683855126 647.58379373849 554
575.355612682091 458.943444730077 555
576.151371807001 340.677388836329 556
587.896268656716 686.09776119403 557
574.271260997067 788.325513196481 558
579.30163599182 310.047034764826 559
579.280475718533 916.394449950446 560
587.320102432779 73.6683738796415 561
593.904901960784 366.088235294118 562
593.470766129032 710.394153225806 563
588.447609359105 222.33977619532 564
596.489071038251 281.927595628415 565
589.820439350525 427.446036294174 566
592.798252002913 758.393299344501 567
603.093707559982 150.558171118153 568
593.506989748369 819.461323392358 569
595.463848720801 848.067853170189 570
599.418266433973 978.980802792321 571
598.377224199288 940.162277580071 572
591.485462555066 187.735682819383 573
606.726056714821 566.44355270198 574
597.497320471597 500.145766345123 575
609.13807106599 21.992385786802 576
609.127719298246 467.109473684211 577
596.746612466125 604.123306233062 578
605.861163227017 398.41181988743 579
610.092116182573 784.604979253112 580
615.219887955182 317.649859943978 581
610.286713286713 258.453546453546 582
607.899343544858 873.454048140044 583
608.10612244898 725.408163265306 584
607.233590733591 900.167953667954 585
617.924696873006 106.982131461391 586
623.848309975268 614.330585325639 587
622.568657874321 644.66718386346 588
620.932941176471 237.055294117647 589
623.101090188305 350.360753221011 590
618.617194570136 527.502262443439 591
634.019689119171 60.7575129533679 592
630.594127806563 198.22855497985 593
625.015384615385 443.380769230769 594
632.219178082192 831.032534246575 595
630.099605522682 913.313609467456 596
629.938133874239 420.143002028398 597
645.410990269033 576.38236977676 598
628.399487836108 691.608194622279 599
640.542 1009.792 600
625.772189349112 744.257396449704 601
627.36393442623 806.150819672131 602
639.059051306873 662.291384317522 603
634.256578947368 373.241776315789 604
640.455899198167 484.142611683849 605
640.111656441718 951.882208588957 606
637.983638113571 865.426371511068 607
638.876244665718 986.166429587482 608
641.842661034847 717.955649419219 609
641.615548455804 166.599574014909 610
649.567174515235 292.993767313019 611
650.307692307692 225.542307692308 612
638.037037037037 4.54938271604938 613
650.04636459431 132.835616438356 614
665.203579418344 389.276062639821 615
644.881381381381 788.828828828829 616
661.09731876862 332.764150943396 617
650.250712250712 886.792022792023 618
661.542060491493 94.3761814744801 619
659.473897617841 748.921946274709 620
659.166149068323 264.715838509317 621
647.81204379562 544.156934306569 622
662.914326511185 25.8253212755831 623
652.528205128205 514.687179487179 624
663.018578352181 428.275444264943 625
668.325757575758 608.050757575758 626
663.807215332582 695.994363021421 627
674.850598646538 906.351379489849 628
670.907725321888 457.674892703863 629
667.297619047619 666.667989417989 630
669.057471264368 820.810344827586 631
669.772727272727 632.564516129032 632
681.107505070994 244.248478701826 633
679.8 856.128783382789 634
671.965934897805 167.071158213475 635
679.137931034483 776.403298350825 636
679.716694772344 971.279089376054 637
680.012142237641 210.692974848222 638
695.125393258427 928.868764044944 639
683.56059421423 998.463643471462 640
691.495077355837 356.119549929677 641
682.689497716895 532.000652315721 642
685.341973244147 488.067725752508 643
687.318744838976 573.95706028076 644
691.527193618564 56.0116026105874 645
700.816492450639 707.813008130081 646
693.383908045977 641.037931034483 647
683.26 1018.06 648
689.741176470588 130.448868778281 649
689.331415420023 301.438434982739 650
697.308020477816 673.227815699659 651
717.507284079084 12.9687825182102 652
700.901477832512 275.8 653
695.221980413493 421.211099020675 654
704.928 803.384 655
699.90943877551 160.826530612245 656
709.886991869919 737.444715447155 657
719.773251028807 108.524691358025 658
711.944292237443 872.064840182648 659
710.060301507538 192.640703517588 660
701.56071964018 450.700149925037 661
709.577720207254 602.89896373057 662
705.782608695652 326.100790513834 663
712.1 1013.62045454545 664
714.379446640316 494.438735177866 665
728.735971223022 76.6877697841727 666
719.431711145997 225.19387755102 667
725.588888888889 527.736666666667 668
721.079393398751 770.446922390723 669
719.252611585945 385.869895536562 670
718.224786324786 836.1 671
726.379036527263 948.05664372684 672
722.349287169043 987.881873727088 673
727.082213438735 561.063241106719 674
729.392807745505 260.461964038728 675
734.027687296417 417.805646036916 676
733.589383770592 458.671751067724 677
724.448643410853 633.851744186047 678
729.76512455516 307.62206405694 679
730.453966005666 156.185552407932 680
738.092747559275 46.5934449093445 681
737.961396086727 351.796932839767 682
732.218823529412 670.097647058824 683
754.811836962591 863.739251814629 684
746.943290734824 744.498402555911 685
753.791159513133 896.552210121717 686
755.064004096262 580.444956477215 687
749.315068493151 788.615753424658 688
765.567217507816 1003.2130415364 689
746.638961038961 493.268831168831 690
747.573737373737 688.706060606061 691
747.716887417219 714.076158940397 692
759.255480607083 643.902192242833 693
755.463057790783 207.556693489393 694
750.301587301587 832.058531746032 695
762.868495742668 22.2894985808893 696
747.223194748359 617.203501094092 697
759.034798534798 965.269230769231 698
769.010135135135 175.890444015444 699
771.444444444444 238.122148638705 700
762.156223893066 269.990810359231 701
764.576099210823 386.029312288613 702
765.865056818182 127.519886363636 703
771.55125284738 922.993166287016 704
770.498047964306 310.869492470719 705
776.879793932456 535.081854607899 706
775.576642335766 797.695516162669 707
772.616995073892 84.0215517241379 708
769.749753694581 421.493596059113 709
776.411151960784 463 710
771.448314606742 504.873033707865 711
784.493285123967 599.969524793388 712
778.809128630705 354.570539419087 713
779.497686715136 735.144084600132 714
775.904173106646 671.914992272025 715
783.301985370951 694.895506792059 716
794.477214541731 45.4797747055812 717
793.440666204025 817.458709229702 718
793.274436090226 968.93007518797 719
801.486813186813 402.42967032967 720
796.267857142857 765.282738095238 721
801.074404761905 274.410714285714 722
806.414786967419 851.555137844612 723
795.385527876631 649.056939501779 724
799.776371308017 157.465541490858 725
798.553017944535 9.08482871125612 726
806.337394564199 934.617619493908 727
805.11332633788 616.917103882476 728
802.166484118291 881.210295728368 729
801.644444444444 492.346859903382 730
810.500474383302 213.583017077799 731
799.158200290276 118.579100145138 732
805.948226950355 553.495035460993 733
816.317640385706 326.378332387975 734
798.721153846154 1017.63461538462 735
812.205814843152 89.938026013772 736
810.941135734072 448.746537396122 737
814.41030927835 702.013402061856 738
829.798813868613 363.374087591241 739
818.998323554065 727.779547359598 740
826.840612592172 895.465683494044 741
824.4989185292 776.09805335256 742
831.861147046141 994.612764122467 743
817.755287009063 668.900302114804 744
826.4039408867 820.532019704434 745
832.840168243954 509.432176656151 746
839.893508697497 29.6041578277471 747
834.566329565735 135.189767995241 748
830.958469055375 626.056188925081 749
832.853244837758 953.07005899705 750
839.967966573816 70.91643454039 751
833.712802768166 249.283737024221 752
833.618264840183 287.086757990868 753
824.822884012539 167.253918495298 754
841.21771978022 581.585851648352 755
837.584905660377 435.825223435948 756
832.594237695078 484.559423769508 757
838.958244869073 541.100495399858 758
842.361930294906 797.730563002681 759
850.894487255483 727.943687018376 760
848.271559633028 402.030581039755 761
845.397810218978 856.574209245742 762
844.275077559462 184.253360910031 763
843.500872600349 650.101221640489 764
845.775725593668 686.009234828496 765
856.673356401384 909.049826989619 766
860.579396698919 113.120660216278 767
862.786524822695 822.590780141844 768
858.255107675318 222.548868028713 769
862.273001508296 472.40874811463 770
857.613390928726 1013.45788336933 771
860.558004640371 319.374129930394 772
853.694444444444 270.730555555556 773
867.285115303983 663.266247379455 774
870.292652552926 758.906600249066 775
869.159932659933 8.35858585858586 776
872.532727272727 553.115454545455 777
860.241610738255 604.535570469799 778
870.788461538462 937.648601398601 779
867.883570504528 519.923673997413 780
875.415720524018 627.749344978166 781
874.475939353988 438.773895847067 782
876.332376166547 867.741564967696 783
871.535313531353 170.092409240924 784
881.812355212355 784.443243243243 785
893.206326034063 357.942579075426 786
883.950169327528 272.244799225931 787
881.332866152768 962.609670637701 788
885.294165316045 386.380875202593 789
892.319599764567 685.2095350206 790
880.610441767068 79.3443775100402 791
890.208563535912 992.116022099447 792
888.655274888559 41.1565131253096 793
896.672164948454 498.088659793814 794
895.294158075601 720.375257731959 795
902.848901098901 828.334065934066 796
889.435506241331 574.642163661581 797
891.134228187919 598.240268456376 798
901.613080684597 238.116136919315 799
905.239251390997 306.08497723824 800
897.638842975207 895.94132231405 801
911.774765894529 417.48398225727 802
903.404267265581 198.066816395284 803
897.306545690214 122.231367465975 804
900.761324041812 646.840592334495 805
903.214141414141 1011.27676767677 806
897.061264822134 535.359683794466 807
908.179297597042 461.749537892791 808
908.549625468165 156.864232209738 809
905.553784860558 8.80278884462151 810
919.710404624277 785.576300578035 811
915.219512195122 923.319433516916 812
926.496557659208 340.239242685026 813
918.563226744186 91.6468023255814 814
911.953287197232 752.147058823529 815
926.836568566061 849.850344395742 816
915.295850066934 568.765729585007 817
923.32421875 606.46875 818
927.256938937351 951.232355273592 819
922.905660377358 537.876310272537 820
926.601979109401 44.585486531061 821
944.565942395149 973.508842849924 822
936.802036199095 728.41685520362 823
939.812842599843 509.935787000783 824
964.05595026643 1005.85523978686 825
939.067314365024 385.192921582235 826
932.529162248144 656.344644750795 827
931.089330024814 691.138957816377 828
935.526442307692 882.24358974359 829
948.189749182116 258.293347873501 830
948.800228310502 438.172374429224 831
944.328 121.569777777778 832
941.693581780538 160.169772256729 833
933.671232876712 205.087328767123 834
940.061501597444 297.885782747604 835
946.758215962441 473.577464788732 836
950.081831831832 618.713213213213 837
953.468666666667 20.232 838
945.908456843941 565.005231037489 839
956.967243510507 804.110630407911 840
965.577518047439 73.5940185630801 841
971.448861814684 909.695094581597 842
965.3683737646 360.924528301887 843
964.002473206925 683.334707337181 844
960.340170940171 750.74358974359 845
965.094017094017 320.920227920228 846
966.970046082949 536.121351766513 847
951.052631578947 776.315789473684 848
970.528072837633 222.986848760749 849
964.973256924546 650.235912129895 850
965.542513863216 840.634935304991 851
961.263157894737 584.243421052632 852
973.388167388167 181.808802308802 853
969.861495844875 871.761772853186 854
974.237060041408 492.425465838509 855
973.617568766637 718.344276841171 856
971.372549019608 764.951871657754 857
977.057193396226 132.906839622642 858
973.385306122449 401.994285714286 859
983.129256965944 966.660216718266 860
986.832493702771 285.557934508816 861
987.747181964573 21.5112721417069 862
985.121191135734 608.779778393352 863
986.883972468043 569.508357915438 864
985.536277602524 459.390115667718 865
1000.34675480769 770.118389423077 866
995.929184549356 425.603004291845 867
994.73137254902 815.040196078431 868
1000.6407249467 255.897654584222 869
998.031941031941 527.698607698608 870
997.229532163743 930.877192982456 871
1001.69274946159 323.394831299354 872
993.615780445969 681.469982847341 873
999.184747583244 735.947368421053 874
996.287037037037 355.560185185185 875
1001.64068441065 385.868821292776 876
998.885426214482 648.273143904675 877
997.442028985507 853.398550724638 878
1005.27382319173 97.7818599311137 879
1005.78828828829 155.227477477477 880
1006.18596787828 199.78021978022 881
1006.12392638037 705.18527607362 882
1006.94404591105 502.149210903874 883
1010.05889724311 472.404761904762 884
1008.89226100152 968.848254931715 885
1008.63081009296 52.5750332005312 886
1011.01379310345 1002.20551724138 887
1009.15865384615 5.61057692307692 888
1011.49895615866 233.181628392484 889
1012.89511494253 878.629310344828 890
1013.23076923077 438.314903846154 891
1012.14612676056 558.582746478873 892
1011.7213740458 599.502544529262 893
1015.18068535826 795.657320872274 894
1015.09742120344 25.0601719197708 895
1014.6648199446 675.520775623269 896
1015.13650793651 829.066666666667 897
1016.01568627451 360.874509803922 898
1015.88686131387 919.551094890511 899
1016.33333333333 941.324786324786 900
1016.15325670498 285.302681992337 901
1016.74404761905 406.761904761905 902
1017.0303030303 636.930735930736 903
1017.04938271605 340.641975308642 904
