23.9299684542587 16.1615141955836 1
1.5 37.2 2
26.9184826472962 49.3058918482647 3
1 52.5 4
8.09615384615385 75.8397435897436 5
5.95176848874598 107.765273311897 6
15.3981132075472 131.156603773585 7
2.85 141.95 8
15.9659714599341 159.178924259056 9
7.43828264758497 200.449016100179 10
8.20973782771536 237.558052434457 11
4.92936802973978 278.947955390335 12
5.63451776649746 302.807106598985 13
10.8804347826087 324.09347826087 14
8.43706293706294 355.174825174825 15
8.97574893009986 395.299572039943 16
22.3309572301426 429.911405295316 17
10.8019877675841 466.677370030581 18
2.52459016393443 517.868852459016 19
10.1587057010786 551.047765793528 20
15.3397947548461 591.188141391106 21
18.5392781316348 627.473460721868 22
8.95171339563863 664.968847352025 23
7.11614730878187 699.269121813031 24
27.6939368770764 745.199335548173 25
19.8253968253968 789.610817166373 26
30.9241863905325 840.678624260355 27
7.63566634707574 886.672099712368 28
5.24838709677419 963.641935483871 29
53.9420423183073 1005.64121435143 30
35.4104284976768 889.200309757357 31
16.6941176470588 272.429411764706 32
30.760625 532.359375 33
32.296511627907 963.543281653747 34
41.6265296133138 934.241801272638 35
29.854609929078 103.534574468085 36
37.7142857142857 713.654255319149 37
34.1432558139535 178.653023255814 38
19.1087866108787 301.44769874477 39
34.0621414913958 501.714149139579 40
39.2759270898806 678.035197988686 41
32.2687366167024 213.926124197002 42
33.5516969218627 251.851617995264 43
51.9854085603113 481.283560311284 44
25.9420783645656 362.316865417377 45
41.4315992292871 406.028259473346 46
41.09229390681 582.936379928315 47
40.2154471544715 74.8455284552846 48
36.1679586563307 329.235142118863 49
33.1137123745819 560.862876254181 50
42.4639091646391 298.061638280616 51
45.1741654571843 128.172714078374 52
45.525721455458 358.120451693852 53
62.4743524631793 803.492127983748 54
82.8714457348819 648.83660392471 55
80.5124037639008 682.328913601369 56
58.4105865522175 613.778254649499 57
64.9636363636364 30.5307692307692 58
57.5758483033932 151.14371257485 59
65.0046772684752 393.975678203929 60
58.6158129175947 445.640311804009 61
59.2680722891566 203.097389558233 62
61.221743810549 242.935414424112 63
77.8906882591093 568.603238866397 64
83.6750675067507 855.932493249325 65
64.9069478908189 96.9379652605459 66
63.2732316227462 279.436893203883 67
76.955788248982 915.834787667248 68
78.6958556149733 535.494652406417 69
75.1676451402479 340.359425962166 70
78.0698557327259 718.912680334093 71
83.8614916286149 997.697869101979 72
68.3245033112583 3.94039735099338 73
71.2133152173913 62.9959239130435 74
71.5237258347979 748.608084358524 75
92.0405544147844 780.888090349076 76
84.0514285714286 600.33619047619 77
76.3762376237624 173.007425742574 78
71.7632241813602 370.826196473552 79
78.170692431562 310.307568438003 80
84.2993451824135 132.776426566885 81
84.9166666666667 468.944444444444 82
92.3541001064963 970.255591054313 83
93.4867975626269 441.297224102911 84
79.3917910447761 228.902985074627 85
88.6694411414982 285.191438763377 86
94.6560088202867 20.0804851157663 87
90.5406976744186 205.610465116279 88
88.7055921052632 248.541118421053 89
109.406593406593 630.639194139194 90
112.995951417004 907.094331983806 91
96.3862433862434 517.174603174603 92
94.6969365426696 107.885120350109 93
97.874256584537 68.5649957519116 94
96.5662847790507 491.001636661211 95
101.290811775201 376.743978590544 96
95.842287694974 402.611785095321 97
107.747600767754 753.672744721689 98
116.129013079667 818.421521997622 99
100.218206157965 169.123159303882 100
99.6075949367089 3.16455696202532 101
106.193324061196 275.178025034771 102
106.321624588364 320.945115257958 103
109.081481481481 423.716666666667 104
126.832254853161 958.239920358387 105
125.42787456446 852.061324041812 106
119.12987012987 47.3116883116883 107
113.976442873969 233.678445229682 108
124.51230228471 546.30316344464 109
123.830756013746 351.890034364261 110
134.164191769198 734.650403054731 111
131.085148514851 580.771617161716 112
117.903896103896 89.412987012987 113
121.127516778523 150.84451901566 114
115.957264957265 471.202279202279 115
127.093556928508 17.7590467784643 116
122.464391691395 266.998516320475 117
135.453063885267 517.797262059974 118
121.152941176471 208.717647058824 119
128.616149068323 608.221118012422 120
137.33045212766 685.061170212766 121
124.119850187266 126.780898876404 122
124.562913907285 179.102649006623 123
130.923391215526 313.015321756895 124
131.491171749599 491.443017656501 125
129.88726042841 411.50281848929 126
146.980616740088 1000.9268722467 127
133.330201342282 444.488590604027 128
151.411841249187 783.72739102147 129
137.710814094775 384.938031591738 130
156.750329091707 894.691092584467 131
141.153386454183 106.503984063745 132
140.579457364341 468.436046511628 133
143.084975369458 69.4532019704433 134
155.886870355078 810.648224607762 135
140.550724637681 195.36231884058 136
144.148401826484 233.40296803653 137
147.241436925647 277.269005847953 138
151.148375768218 650.299385425812 139
173.195641875888 943.571293225959 140
160.213903743316 44.7147950089127 141
155.501486620416 166.492566897919 142
159.185061315496 138.539576365663 143
157.898658718331 352.096870342772 144
154.177358490566 11.1188679245283 145
156.073255813953 320.856976744186 146
160.461441213654 489.470290771176 147
169.513065646909 721.075207138305 148
170.413433700058 622.143601621309 149
160.473913043478 425.113043478261 150
164.645186953063 572.584725536993 151
179.421651376147 849.250275229358 152
166.646511627907 375.156589147287 153
162.722551928783 455.826409495549 154
170.178101178101 210.876645876646 155
170.756880733945 89.5183486238532 156
174.117483811286 402.213691026827 157
187.716728624535 987.055018587361 158
186.756517461879 546.344810624693 159
171.704061895551 248.592843326886 160
180.351816443595 113.359464627151 161
171.143737166324 281.562628336756 162
180.92657856094 676.898678414097 163
180.463957055215 767.174846625767 164
185.085106382979 513.407156673114 165
186.837628865979 72.9909793814433 166
183.225872689938 311.665297741273 167
182.3122406639 16.1711618257261 168
187.343392299688 345.766909469303 169
186.49087893864 188.346600331675 170
186.004016064257 164.89156626506 171
189.173234811166 476.552545155993 172
197.320375335121 607.380697050938 173
207.914905450501 893.036707452725 174
206.175914994097 48.2030696576151 175
191.075816993464 439.870588235294 176
193.064965197216 278.332946635731 177
202.047826086957 376.027173913043 178
194.386759581882 1016.26480836237 179
198.857785778578 135.089108910891 180
211.691176470588 587.632352941176 181
200.470484581498 728.079295154185 182
215.833635539438 819.339981867634 183
212.098050458716 932.147935779817 184
215.370309278351 656.20618556701 185
201.676056338028 214.996870109546 186
210.811637080868 403.323471400394 187
206.507377979569 248.131668558456 188
216.390276839973 776.654287643484 189
219.600920069005 706.139735480161 190
206.798370672098 168.336048879837 191
222.134013109978 436.385287691187 192
216.22280334728 343.739539748954 193
209.154676258993 299.748201438849 194
215.105017502917 14.4060676779463 195
223.419047619048 107.037362637363 196
224.770065075922 473.752711496746 197
219.298461538462 318.736923076923 198
214.677177177177 503.875375375375 199
209.892116182573 193.771784232365 200
219.628526645768 274.706896551724 201
230.061596958175 540.918631178707 202
227.191025641026 76.6782051282051 203
222.441640378549 148.905362776025 204
236.08751393534 871.707915273133 205
243.337751855779 969.923117709438 206
224.04984423676 180.641744548287 207
230.005302226935 232.502651113468 208
236.487646293888 369.928478543563 209
229.144128113879 201.160142348754 210
232.235370611183 624.794538361508 211
234.921296296296 750.274305555556 212
241.469090909091 1014.27636363636 213
241.26779252111 34.8926417370326 214
235.522388059701 304.998134328358 215
245.426002766252 579.399031811895 216
236.926536731634 995.619190404798 217
247.660773480663 396.544751381215 218
259.257454850903 926.478370432591 219
242.531409168081 173.252971137521 220
244.060353798127 517.212278876171 221
246.464491362764 9.29174664107486 222
246.345360824742 291.164948453608 223
245.837837837838 145.300142247511 224
246.070959264126 262.320630749014 225
247.911164465786 339.596638655462 226
251.406315789474 425.574736842105 227
265.688560243584 813.574162679426 228
260.132943143813 98.2015050167224 229
254.069403714565 214.603128054741 230
259.481407035176 772.46432160804 231
260.708894878706 66.644204851752 232
260.751690821256 462.906280193237 233
262.140377743747 727.483920367534 234
257.198928844682 678.66870696251 235
270.914030261348 617.799174690509 236
271.452736318408 859.840298507463 237
267.445906432749 651.83918128655 238
263.704568527919 497.102538071066 239
271.370253164557 124.753164556962 240
269.030905077263 324.740618101545 241
266.30243902439 247.830894308943 242
267.906215921483 372.36641221374 243
266.236263736264 179.672161172161 244
268.639655172414 279.431034482759 245
274.62016293279 561.109979633401 246
276.795288383428 34.5093419983753 247
275.09604519774 1004.41242937853 248
279.83865939205 153.006235385815 249
280.038726333907 536.026678141136 250
278.110280373832 9.04485981308411 251
283.755080213904 305.310160427807 252
281.716516023007 210.349219391947 253
289.764847512039 898.873996789727 254
285.608938547486 402.479329608939 255
289.358294930876 350.640552995392 256
290.093516924842 439.281124497992 257
287.186623516721 591.550161812298 258
290.676279069767 707.818604651163 259
294.974951830443 978.564547206166 260
296.980363636364 486.416 261
290.615079365079 272.382275132275 262
295.02987012987 799.487012987013 263
299.98785046729 956.232710280374 264
296.99881376038 58.5278766310795 265
295.687693898656 775.83247156153 266
295.811518324607 244.79057591623 267
305.328287606433 82.6206244087039 268
297.34620505992 181.362183754993 269
305.286372007366 381.564456721915 270
301.771455223881 521.071828358209 271
304.41893158388 108.741330834114 272
307.682457053618 673.725143154607 273
307.874382498236 754.435426958363 274
305.578073089701 929.601328903654 275
309.364182692308 866.268028846154 276
315.004943502825 1005.83262711864 277
313.00641025641 21.4690170940171 278
309.85065885798 330.01756954612 279
316.159609120521 3.90228013029316 280
321.849537037037 649.364969135802 281
319.339459459459 836.784324324324 282
309.366515837104 140.864253393665 283
323.59614225437 616.20132610006 284
320.67462211615 578.832140015911 285
311.24076433121 215.066242038217 286
318.570754716981 304.623820754717 287
317.879684418146 282.46942800789 288
325.903073286052 414.427895981087 289
332.661900756939 556.888982338099 290
336.210231814548 485.173461231015 291
338.169252977265 741.431974016601 292
332.556680161943 438.111336032389 293
327.495753715499 50.5605095541401 294
320.089646464646 175.006313131313 295
326.61970074813 264.66957605985 296
328.820079522863 356.322067594433 297
338.126962457338 904.837542662116 298
326.043032786885 240.139344262295 299
336.10292524377 463.048754062839 300
335.725908372828 802.369668246445 301
355.69514148425 963.977576081153 302
343.166666666667 513.374741200828 303
333.987699876999 134.527675276753 304
341.115942028986 934.417874396135 305
338.998849252014 389.215189873418 306
344.709677419355 536.523185483871 307
337.788008565311 214.966809421842 308
350.455609756098 987.811707317073 309
343.392018779343 108.760563380282 310
342.642464246425 328.323432343234 311
351.22293814433 706.765463917526 312
344.209854014599 162.505474452555 313
353.318523153942 878.787234042553 314
348.547052740434 83.076525336091 315
344.922492401216 187.665653495441 316
354.121582733813 22.7287769784173 317
353.949152542373 297.218554861731 318
353.889787664307 255.720930232558 319
411.931735067046 1012.46444534742 320
361.448275862069 56.784715750233 321
363.802747791953 373.990186457311 322
359.648405560098 645.899427636958 323
352.179104477612 2.46268656716418 324
372.910386029412 801.377297794118 325
360.272727272727 839.475296442688 326
360.128720836685 601.317779565567 327
372.658682634731 690.789421157685 328
366.046594982079 408.286738351254 329
368.03729281768 431.975138121547 330
356.604863221885 148.471124620061 331
379.767052767053 465.267052767053 332
364.980848153215 224.277701778386 333
375.298368298368 354.032634032634 334
372.49362244898 134.77806122449 335
368.408376963351 192.141361256545 336
374.660023446659 576.093786635404 337
375.53125 929.884510869565 338
375.379217273954 513.402159244264 339
382.584337349398 8.74698795180723 340
379.489322191272 106.047353760446 341
376.833125778331 165.772104607721 342
384.703038674033 334.912983425414 343
363 6 344
378.162601626016 285.139566395664 345
380.352459016393 315.407786885246 346
392.92992992993 496.136136136136 347
381.595769682726 548.480611045828 348
388.556390977444 874.248120300752 349
386.183716075157 252.235908141962 350
378.141630901288 913.789699570815 351
391.174672489083 628.764192139738 352
389.377279102384 684.021037868163 353
399.081280788177 765.227586206897 354
391.522613065327 728.916247906198 355
406.682339449541 957.124426605505 356
395.208163265306 71.9632653061225 357
387.329225352113 218.415492957746 358
394.710650329877 38.5193213949105 359
392.734831460674 661.126966292135 360
393.60534591195 399.545597484277 361
407.297297297297 846.578773895847 362
417.378835037795 922.978212538906 363
394.395173453997 194.285067873303 364
398.32285115304 448.389937106918 365
401.503640776699 599.791262135922 366
401.631720430108 424.692204301075 367
417.725339633786 991.191376255168 368
400.087145969499 279.893246187364 369
400.229357798165 381.754587155963 370
399.186795491143 134.394524959742 371
399.235404896422 527.022598870057 372
407.503576537911 304.250357653791 373
418.781710914454 805.809439528024 374
405.056426332288 162.133228840125 375
415.754366197183 571.620281690141 376
412.401913875598 359.507177033493 377
417.439306358381 223.263005780347 378
416.626963350785 331.634816753927 379
412.040462427746 12.7890173410405 380
412.148603351955 102.010055865922 381
420.691441441441 258.905405405405 382
416.569536423841 187.185430463576 383
430.595569620253 716.033544303797 384
428.973003374578 624.652418447694 385
426.148851148851 665.04995004995 386
429.704301075269 476.023041474654 387
430.683741648107 446.423162583519 388
426.844748858447 525.840182648402 389
428.24635193133 890.742489270386 390
424.667883211679 415.251824817518 391
424.558536585366 687.229268292683 392
422.786026200873 139.157205240175 393
435.466817496229 392.071644042232 394
434.361627906977 545.439534883721 395
441.312154696133 753.093370165746 396
429.372881355932 284.713276836158 397
424.237341772152 640.724683544304 398
434.722744360902 508.070488721805 399
424.796460176991 39.8200589970501 400
432.3 70.7516483516484 401
434.558322411533 172.003931847969 402
440.673139158576 312.537216828479 403
451.114754098361 836.782295081967 404
441.63870246085 124.346756152125 405
443.849862258953 11.4807162534435 406
444.627078384798 361.515439429929 407
438.005540166205 604.487534626039 408
441.780238500852 95.2691652470187 409
442.709611451943 237.20654396728 410
456.582241630277 797.16885007278 411
460.023684210526 869.590789473684 412
447.266141732283 210.108661417323 413
459.659317211949 584.913229018492 414
473.061851015801 675.811738148984 415
457.975024975025 335.578421578422 416
454.365015166835 38.7360970677452 417
449.825783972125 424.975609756098 418
455.944174757282 261.452669902913 419
459.667088607595 977.384810126582 420
458.385980479148 701.128660159716 421
454.93321299639 155.207581227437 422
471.003286770748 958.754313886606 423
468.554245283019 902.058176100629 424
471.031796502385 932.961844197138 425
458.761570827489 187.0603085554 426
455.628571428571 287.948979591837 427
462.360560093349 618.028004667445 428
464.33295194508 467.646453089245 429
483.111260053619 999.76273458445 430
464.145892351275 501.413597733711 431
469.265682656827 538.203874538745 432
470.83724340176 66.4318181818182 433
470.873846153846 385.035384615385 434
476.378571428571 444.741964285714 435
465.876574307305 562.88161209068 436
487.951426836673 650.781420765027 437
475.659714599341 96.3040614709111 438
467.720512820513 125.017948717949 439
470.83547925608 237.961373390558 440
478.586466165414 410.598684210526 441
476.814020028612 16.7324749642346 442
476.724331926864 307.796061884669 443
479.584714548803 739.910681399632 444
478.277198211624 216.870342771982 445
483.28694900605 360.255834053587 446
471.170212765957 2.25531914893617 447
473.153392330383 169.3598820059 448
491.820138355111 782.033820138355 449
482.638772663877 281.478382147838 450
481.576200417537 146.939457202505 451
487.982849604222 194.316622691293 452
490.761467889908 490.719673802243 453
490.506352087114 259.023593466425 454
502.651376146789 850.196592398427 455
491.579809004093 522.557980900409 456
496.05738575983 581.877789585547 457
509.373085339168 814.998905908096 458
507.580239144116 46.3580868470736 459
487.734693877551 3.51020408163265 460
500.58371040724 333.288687782805 461
494.862686567164 720.14776119403 462
498.136878814298 617.279860505667 463
490.120805369128 167.409395973154 464
494.01023890785 124.382252559727 465
498.684090909091 763.647727272727 466
516.520891364902 896.784586815227 467
509.319502074689 928.992738589212 468
516.19018404908 981.112182296231 469
498.706 552.53 470
504.862126245847 238.106312292359 471
512.171206225681 434.003891050584 472
489 986 473
507.410041841004 78.0864714086471 474
502.335616438356 305.050228310502 475
509.353356890459 383.197879858657 476
509.829436038514 151.467675378267 477
513.146666666667 460.678666666667 478
518.410130718954 479.647058823529 479
517.205376344086 22.2494623655914 480
510.29 112.757142857143 481
511.546728971963 4.76168224299065 482
510.201086956522 177.570652173913 483
511.691387559809 212.19019138756 484
514.593841642229 409.932551319648 485
514.789221556886 282.137724550898 486
520.16253101737 958.898263027295 487
524.966926070039 686.081712062257 488
526.416445623342 574.806366047745 489
537.115410726409 752.933469110659 490
523.315426997245 358.111570247934 491
528.5241210139 510.319705641864 492
527.743722304284 541.778434268833 493
534.646750524109 720.775157232704 494
523.416666666667 253.262578616352 495
527.44105409154 643.04854368932 496
526.66344605475 96.4283413848631 497
534.609548167093 778.137254901961 498
539.8507565337 622.671251719395 499
529.655903128153 315.439959636731 500
528.924731182796 138.597849462366 501
526.800724637681 192.177536231884 502
538.291828793774 667.070038910506 503
539.415584415584 398.402597402597 504
526.571428571429 1015.77857142857 505
555.92570951586 11.5809682804674 506
546.653684210526 1002.50105263158 507
545.244328097731 67.5663176265271 508
538.941647597254 175.913043478261 509
548.878787878788 234.986225895317 510
541.153846153846 272.646978021978 511
540.571428571429 339.747448979592 512
559.632104454685 607.786482334869 513
552.444855662472 951.159141376758 514
535.814009661836 212.057971014493 515
555.482704402516 810.286163522013 516
547.070009460738 447.680227057711 517
542.267826086957 118.671304347826 518
545.884758364312 376.193308550186 519
554.565058479532 878.513157894737 520
559.639879154079 846.668882175227 521
553.273764258555 925.69835234474 522
556.009165902841 498.304307974335 523
545.956656346749 296.421052631579 524
543.349514563107 421.029126213592 525
550.746376811594 36.8713768115942 526
558.348837209302 1016.64341085271 527
552.803418803419 142.811965811966 528
564.860860860861 474.74974974975 529
555.691449814126 167.237918215613 530
548.632530120482 350.927710843374 531
562.835429769392 578.944444444444 532
564.827197595793 96.4560480841473 533
561.198709677419 203.192258064516 534
562.166425470333 540.882778581766 535
572.562698412698 981.710317460317 536
570.463243873979 365.981330221704 537
565.319029850746 321.055037313433 538
567.602409638554 700.262801204819 539
579.965556831228 666.850746268657 540
573.93488372093 260.426744186047 541
582.820080862534 909.852425876011 542
568.045275590551 425.852362204724 543
568.054867256637 281.824778761062 544
571.602545968883 127.330975954738 545
569.19262295082 396.872950819672 546
578.110606060606 525.657575757576 547
576.767741935484 301.716129032258 548
581.238912732475 347.379113018598 549
583.869325997249 750.470426409904 550
585.337591240876 789.310218978102 551
587.561735261402 567.293659621802 552
575.5390625 54.7 553
577.060358890701 165.460032626427 554
586.763190184049 215.233128834356 555
589.97583081571 453.438821752266 556
593.629883481837 24.5839616175463 557
582.747448979592 188.420918367347 558
583.391129032258 238.33064516129 559
590.93199381762 150.304482225657 560
590.296143250689 637.98347107438 561
593.756756756757 410.056306306306 562
587.275049115914 935.854616895874 563
588.509225092251 78.1070110701107 564
607.648880105402 1009.8162055336 565
614.508743391623 880.370475803172 566
601.588901472254 833.610985277463 567
592.802008608321 505.242467718795 568
606.263643996641 381.215785054576 569
602.069380203515 962.158186864015 570
599.759420289855 590.411594202899 571
601.980463980464 550.592185592186 572
610.124497991968 616.547791164659 573
598.193641618497 715.092485549133 574
595.495633187773 120.877729257642 575
591.978873239437 291.267605633803 576
604.073849878935 326.790556900726 577
597.260387811634 273.739612188366 578
604.251107828656 482.595273264402 579
609.123393316195 105.762210796915 580
609.725361366623 431.886990801577 581
604.899047619048 53.4361904761905 582
602.114613180516 177.489971346705 583
605.567986230637 249.032702237522 584
603.809523809524 306.946031746032 585
601.523529411765 195.405882352941 586
605.695652173913 3.01449275362319 587
613.880706921944 75.2621502209131 588
617.135371179039 226.919941775837 589
613.838063439065 284.066777963272 590
624.363561417972 536.373454245672 591
608.847826086957 651.704347826087 592
618.513488372093 756.281860465116 593
619.577709611452 349.160531697342 594
632.34552332913 987.326607818411 595
614.113907284768 142.41059602649 596
628.805991440799 946.849500713267 597
623.8671875 680.988636363636 598
616.091370558376 202.340101522843 599
636.00291757841 790.800875273523 600
627.438356164384 511.302511415525 601
641.052100840336 918.032492997199 602
623.44578313253 174.065595716198 603
636.378787878788 652.693779904306 604
639.590452261306 822.763190954774 605
625.65008291874 27.1641791044776 606
629.127111111111 717.124444444444 607
630.412529550827 255.78841607565 608
682.048803827751 7.95980861244019 609
633.688259109312 99.3036437246964 610
631.751798561151 301.264988009592 611
629.438410596027 457.743046357616 612
634.892425905598 409.352360043908 613
639.584454409567 576.439461883408 614
633.068773234201 601.109665427509 615
640.810020876827 61.7515657620042 616
642.604046242775 859.755298651252 617
637.960824742268 484.271134020619 618
644.196385542169 369.507228915663 619
638.314091680815 127.943972835314 620
645.041604754829 321.890044576523 621
645.968253968254 218.98835978836 622
643.657252888318 153.726572528883 623
641.981605351171 192.919732441472 624
640.17032967033 389.148351648352 625
643.478325859492 432.594917787743 626
652.354166666667 747.725833333333 627
655.470489038786 14.5480607082631 628
654.450584484591 277.587672688629 629
660.775800711744 635.275444839858 630
656.699751861042 341.512406947891 631
654.62363238512 548.45295404814 632
662.895991332611 35.9804983748646 633
671.320089955022 773.691154422789 634
660.723247232472 173.30258302583 635
663.047101449275 466.590579710145 636
665.091769157994 499.494796594134 637
656.707746478873 251.443661971831 638
665.964224872232 449.349233390119 639
661.657657657658 721.628056628057 640
664.835978835979 88.8174603174603 641
660.437158469945 106.710382513661 642
659.864367816092 604.52183908046 643
670.909090909091 697.189792663477 644
667.117117117117 1012.75675675676 645
665.681583476764 300.402753872633 646
666.373464373464 126.142506142506 647
671.801740812379 527.081237911025 648
664.265306122449 969.408163265306 649
664.375854214123 388.268792710706 650
682.769520732364 903.536887452881 651
678.085430968726 944.953470633105 652
674.449698189135 414.286720321932 653
671.740136054422 568.495238095238 654
670.48 146.7824 655
688.170203911777 860.180191427382 656
676.89918699187 55.5382113821138 657
685.981867633726 349.881233000907 658
678.538709677419 672.039784946237 659
677.905520169851 198.220806794055 660
683.115637319317 811.017082785808 661
699.074803149606 1000.67913385827 662
677.407169117647 231.512867647059 663
679.58282208589 75.0306748466258 664
678.088295687885 320.402464065708 665
697.484485190409 595.741184767278 666
696.002141327623 624.271234832263 667
685.87260034904 437.26352530541 668
689.609642301711 371.172628304821 669
691.929925803792 264.880461665293 670
685.932038834951 14.6174757281553 671
693.175032175032 481.906048906049 672
692.258130081301 95.0548780487805 673
688.047930283224 114.169934640523 674
690.435504469987 173.61558109834 675
687.239669421488 394.584022038567 676
699.33007985803 547.158828748891 677
695.391267842149 731.715365239295 678
706.514614703277 976.124003542958 679
701.077953714982 290.219244823386 680
698.440781440781 141.898656898657 681
705.892984542212 460.394768133175 682
706.412155745489 662.74358974359 683
698.080321285141 34.3212851405622 684
700.680187207488 315.290171606864 685
703.261712439418 219.365105008078 686
709.805534204458 514.418139892391 687
720.338959212377 572.444444444444 688
717.199724517906 776.343893480257 689
702.097297297297 74.8783783783784 690
716.30047318612 701.563880126183 691
704.207547169811 1017.60377358491 692
721.17609561753 382.89561752988 693
731.714206744057 906.252625760088 694
723.492316136114 835.817782656422 695
707.181818181818 54.6439393939394 696
707.934343434343 125.555555555556 697
721.100963744837 421.201009637448 698
725.342072409488 954.790262172285 699
715.52 195.704615384615 700
719.704347826087 167.169565217391 701
724.699799196787 111.638554216867 702
721.556869881711 250.639672429481 703
725.294589178357 333.024048096192 704
731.585365853659 644.75406504065 705
724.758533501896 739.979772439949 706
731.998650472335 89.110661268556 707
726.127147766323 357.86941580756 708
725.632 491.744 709
744.369728915663 811.059487951807 710
721.621890547264 35.6990049751244 711
724.574712643678 70.048275862069 712
734.887978142076 298.995446265938 713
731.75 138.172965116279 714
729.602122015915 227.450928381963 715
739.027456647399 472.830924855491 716
755.433994095318 884.271615352172 717
756.49299719888 941.208403361344 718
731.051612903226 51.9387096774194 719
740.25223880597 212.086567164179 720
744.712328767123 537.491708723864 721
749.131365740741 683.219328703704 722
744.75 273.240384615385 723
745.09537299339 620.033050047214 724
750.239391513211 21.160128102482 725
746.726973684211 444.877192982456 726
741.732558139535 3.41279069767442 727
753.28355704698 993.357382550336 728
747.328431372549 186.52614379085 729
756.127151051625 598.087954110899 730
751.986022871665 163.104193138501 731
756.688592839301 722.197335553705 732
751.720852017937 502.189461883408 733
763.526527871054 753.714573539288 734
754.312162162162 69.772972972973 735
757.985826771654 47.1354330708661 736
757.352674524025 241.019945602901 737
761.378734622144 318.429701230228 738
759.398601398601 351.566433566434 739
757.688888888889 112.551111111111 740
769.850069735007 377.670153417015 741
766.665584415584 569.586850649351 742
766.69128113879 407.658362989324 743
772.622878228782 784.486346863469 744
769.821646341463 1013.44512195122 745
760.248508946322 138.998011928429 746
779.072047670639 646.517334777898 747
783.079540433053 860.119752540875 748
769.155352480418 203.77545691906 749
772.47855227882 469.261394101877 750
778.389949748744 94.7859296482412 751
795.975350410827 973.584823586274 752
773.427299703264 290.919881305638 753
778.235294117647 6.19117647058824 754
785.259414225941 264.151464435146 755
785.227166276347 443.709601873536 756
788.308823529412 514.675339366516 757
787.83734939759 537.933734939759 758
780.722473604827 492.313725490196 759
799.831542461005 820.527902946274 760
786.684461391802 156.4795042898 761
780.334736842105 183.64 762
781.803680981595 221.006134969325 763
795.016923076923 327.594615384615 764
787.866123399302 125.012805587893 765
792.091519731318 30.7657430730479 766
780.188191881919 71.0738007380074 767
811.174552683897 933.972166998012 768
797.825806451613 619.662365591398 769
799.170754280426 684.532161036557 770
803.848929663609 722.315596330275 771
795.235215053763 56.3817204301075 772
792.742397137746 233.518783542039 773
810.825595984944 419.78356336261 774
796.248148148148 588.782407407407 775
811.452251023192 355.450886766712 776
839.743084501705 995.631299734748 777
804.510781671159 391.303234501348 778
814.717186024551 764.767705382436 779
801.892561983471 292.798898071625 780
803.016786570743 78.6834532374101 781
812.721765913758 552.959958932238 782
798.271739130435 205.057971014493 783
854.430973451327 1015.28584070796 784
807.066176470588 5.57720588235294 785
806.341421143847 185.592720970537 786
817.378623188406 462.68115942029 787
824.748820754717 490.454599056604 788
821.586788475053 906.626141953619 789
839.339319470699 659.760869565217 790
821.363788767812 243.80385582565 791
814.623622047244 103.299212598425 792
824.430585683297 141.544468546638 793
818.190800681431 164.485519591141 794
819.556321839081 121.698850574713 795
821.456118665018 212.953028430161 796
831.64861878453 24.6883977900552 797
835.861747851003 602.130372492837 798
826.172661870504 311.839928057554 799
830.586353944563 270.143923240938 800
838.700561009818 570.204067321178 801
853.002493765586 891.374563591022 802
838.109575518263 46.8766041461007 803
835.054827175209 69.3647199046484 804
841.551518761167 849.401429422275 805
833.925581395349 88.493023255814 806
839.388746803069 523.527493606138 807
839.931456548348 376.35006119951 808
853.147722246793 804.580716497125 809
835.077651515152 292.94696969697 810
843.857142857143 399.103411513859 811
847.544444444444 699.69375 812
847.522773623385 191.527532290959 813
846.039355992844 333.728085867621 814
852.26642599278 629.269314079422 815
845.421856639248 440.276145710928 816
850.210404624277 9.54450867052023 817
852.188422917897 736.425871234495 818
873.509687623567 959.732700672202 819
844.956060606061 116.468181818182 820
848.362555720654 162.961367013373 821
857.960637300843 224.750702905342 822
849.930585683297 463.323210412147 823
862.157205240175 355.234352256186 824
869.209896249002 305.138068635275 825
864.235824742268 248.645618556701 826
862.665467625899 422.062949640288 827
874.51863164325 765.543066585217 828
868.525027808676 867.48275862069 829
868.822519083969 277.947519083969 830
876.687192118227 549.6986863711 831
872.314033366045 138.944062806673 832
870.798672566372 108.567477876106 833
883.314593980693 923.856899488927 834
869.323481116585 85.4712643678161 835
873.098318240621 495.095730918499 836
866.744744744745 60.2102102102102 837
876.711258278146 578.315231788079 838
876.194904458599 34.4394904458599 839
880.416666666667 469.145604395604 840
874.958532695375 522.373205741627 841
884.727764887858 605.003866976025 842
881.569250317662 404.745870393901 843
878.100253807107 378.016497461929 844
881.375375375375 167.113113113113 845
890.475317348378 448.413258110014 846
891.61690647482 683.045863309353 847
887.415804327375 710.83537158984 848
898.063524590164 834.385245901639 849
896.600246761259 652.689697717458 850
887.675447839831 205.928345626976 851
885.935217903416 329.537102473498 852
900.706453851492 793.75919500347 853
887.143851508121 74.8886310904872 854
895.307228915663 429.281927710843 855
895.56880733945 12.4434250764526 856
889.529914529915 55.8233618233618 857
893.854575163399 259.537581699346 858
917.382119205298 884.740728476821 859
896.934173669468 357.443977591036 860
903.040740740741 510.092592592593 861
906.923627684964 233.678599840891 862
896.151639344262 116.05737704918 863
902.895043731778 736.607385811467 864
903.655063291139 981.113924050633 865
902.515267175572 186.345419847328 866
918.770290964778 625.68606431853 867
918.405890804598 1002.86925287356 868
907.612998522895 389.576070901034 869
904.242424242424 487.133838383838 870
910.582460732984 535.366492146597 871
905.137254901961 39.4294117647059 872
911.353550295858 92.3579881656805 873
910.199510403917 278.394124847001 874
909.609234234234 142.994369369369 875
913.166475315729 304.438576349024 876
913.865102639296 582.024437927664 877
918.034895314058 67.1465603190429 878
930.51356993737 944.439805149617 879
922.008364312268 334.084572490706 880
917.749618320611 557.212213740458 881
922.527472527473 167.213675213675 882
923.339853300733 414.074572127139 883
924.899901864573 463.618253189401 884
929.391768292683 765.061737804878 885
925.781144781145 113.991021324355 886
927.641509433962 364.715988083416 887
926.806557377049 198.466666666667 888
917.241286863271 709.930294906166 889
930.418543046358 673.776158940397 890
930.120338983051 254.75593220339 891
931.031390134529 491.632286995516 892
938.564950980392 603.262254901961 893
939.86 436.061052631579 894
934.543744120414 17.7986829727187 895
933.888405797101 42.7898550724638 896
940.964179104478 520.94328358209 897
950.953294945617 697.007677543186 898
963.157935887412 824.829163408913 899
948.612459546926 858.379449838188 900
943.273612463486 977.269717624148 901
935.946428571429 1018.96428571429 902
945.299076212471 922.528868360277 903
947.753566796368 729.98962386511 904
941.757330637007 796.231547017189 905
944.606625258799 221.488612836439 906
951.15358649789 390.066666666667 907
943.971861471861 279.116883116883 908
945.625813449024 141.348156182213 909
951.337269372694 648.352029520295 910
942.507633587786 86.8797709923664 911
948.379710144928 311.453140096618 912
950.165158371041 548.893665158371 913
951.436936936937 576.182432432432 914
947.961538461538 3.79230769230769 915
956.592592592593 472.713920817369 916
957.249233912155 168.457609805924 917
954.89219858156 65.3163120567376 918
958.723101265823 411.465189873418 919
958.31684698609 117.459041731066 920
961.563968668407 243.450391644909 921
964.911351351351 501.337297297297 922
962.394939493949 341.367436743674 923
954.707692307692 99.3846153846154 924
966.60162601626 366.915214866434 925
961.185851318945 1007.6175059952 926
963.282994923858 197.871827411168 927
970.556611927398 757.152981849611 928
965.082706766917 446.921052631579 929
971.376830892144 622.820239680426 930
973.286795626577 890.131202691337 931
978.666666666667 962.442962962963 932
975.926033357505 44.1065989847716 933
973.198675496689 787.01876379691 934
974.669938650307 673.479754601227 935
979.358950328023 12.5660731021556 936
973.21158392435 268.218676122931 937
978.634907926341 596.035228182546 938
980.423346303502 309.04513618677 939
985.459943977591 926.094677871148 940
982.126390293225 81.7593528816987 941
972.973988439306 536.632947976879 942
988.184864864865 993.899459459459 943
981.238916256158 102.805418719212 944
983.33969769292 135.684168655529 945
988.015763546798 427.87881773399 946
980.417695473251 225.713991769547 947
981.272727272727 519.659090909091 948
984.874100719424 561.044364508393 949
985.317647058824 711.386764705882 950
988.006475485661 853.185013876041 951
986.850943396226 482.915094339623 952
995.390451832907 458.728900255754 953
984.013232514178 176.975425330813 954
990.337194337194 650.306306306306 955
994.379403794038 735.345528455285 956
993.507331378299 1015.1935483871 957
994.454009433962 204.652122641509 958
992.840319361277 402.578842315369 959
996.563829787234 285.331560283688 960
994.730297723292 341.255691768827 961
997.823953823954 382.220779220779 962
992.004048582996 242.935222672065 963
1004.19415204678 804.121637426901 964
998.42962962963 359.20987654321 965
1004.09861591696 529.16955017301 966
1004.47754137116 772.300236406619 967
994.035087719298 260.350877192982 968
1007.54430379747 677.456600361664 969
1006.80782312925 498.996598639456 970
1007.31401617251 879.509433962264 971
1006.75606276747 631.773181169757 972
1007.81759483454 165.146085552865 973
1009.24090247453 76.0807860262009 974
1008.47510373444 609.255186721992 975
1008.26452905812 905.428857715431 976
1008.34204793028 585.897603485839 977
1007.31831831832 229.852852852853 978
1010.31058823529 982.176470588235 979
1011.27163781625 258.087882822903 980
1011.70869565217 305.228985507246 981
1011.15526802218 562.713493530499 982
1011.89156626506 7.22489959839357 983
1011.48459958932 710.741273100616 984
1011.90072202166 954.808664259928 985
1012.28947368421 413.165413533835 986
1013.46539379475 744.885441527446 987
1013.88659793814 335.20618556701 988
1013.43520309478 847.164410058027 989
1015.34821428571 455.771428571429 990
1014.7729468599 370.217391304348 991
1015.24302788845 1008.59362549801 992
1015.62388059701 207.967164179104 993
1016.3821656051 394.770700636943 994
1017.22857142857 788.928571428571 995
1017.12195121951 926.105691056911 996
1017.5652173913 354.550724637681 997
