34.3768844221105 20.3598763045999 1
17.7604938271605 90.5786008230453 2
35.4222434671765 140.117909496495 3
4.17730496453901 147.886524822695 4
44.2356828193833 190.851164254248 5
43.7596253902185 228.392993409643 6
12.3018682399213 241.899705014749 7
10.0405498281787 309.119587628866 8
15.0235714285714 423.668214285714 9
35.7282965743782 490.170811825434 10
5.45887445887446 500.186147186147 11
6.08389261744966 531.124161073825 12
3.53191489361702 551.86170212766 13
22.2407063197026 561.17750929368 14
26.5158259149357 604.878338278932 15
17.1486381322957 638.052918287938 16
18.4778597785978 690.313653136531 17
40.4689171122995 736.428810160428 18
14.2347696879643 766.007429420505 19
6.8972602739726 794.818493150685 20
50.8906357322751 952.711745401816 21
48.6255458515284 64.2197052401747 22
39.3314692425013 535.423487544484 23
44.9880497131931 679.279636711281 24
55.2684881602914 396.965755919854 25
37.5059132720105 352.183311432326 26
42.2168284789644 276.081368469718 27
53.4759682687821 834.543163789081 28
55.7676604018146 916.450097213221 29
74.8149140433132 342.437820942175 30
65.8396268325189 785.255886272768 31
63.9207317073171 441.325515947467 32
69.0537923614847 816.077998924153 33
59.0722135007849 590.14861329147 34
55.6353135313531 466.505775577558 35
99.7961525480931 133.646979412757 36
81.7251092763477 679.245264691598 37
87.9483767961682 654.241085683874 38
102.857831325301 551.633493975904 39
86.7559309849029 890.584831056794 40
88.9112075769534 734.261641673244 41
102.27122263748 405.742124933262 42
100.705851619645 18.1227795193312 43
112.498046875 598.70078125 44
115.353051996986 641.717407686511 45
119.974777125462 202.004131332898 46
112.268602540835 320.262552934059 47
118.469521725539 284.029384182557 48
103.377164502165 511.179653679654 49
110.959797404242 65.0145615701171 50
110.694342395298 457.38427626745 51
99.8541780447843 964.581649371928 52
123.726294208098 776.109687339826 53
131.447985347985 254.070695970696 54
91 845 55
126.201591511936 855.568081343943 56
137.458201536376 819.62132851333 57
142.37587657784 517.571879382889 58
107.884615384615 872.36858974359 59
135.963480963481 956.984848484848 60
149.177455636091 734.133716570857 61
136.237915407855 367.595166163142 62
152.131425800194 464.19786614937 63
151.198405668733 124.479627989371 64
129.659713168188 900.724902216428 65
131.811594202899 8.14782608695652 66
157.845247766044 423.207148659626 67
164.461320754717 698.080660377359 68
158.515136953388 52.4199903892359 69
169.343772241993 508.614946619217 70
161.069112627986 652.179180887372 71
188.33825648415 914.498198847262 72
178.179921259843 804.851968503937 73
163.612311722331 931.600523903078 74
176.135291499777 24.7534490431687 75
190.135950776443 218.073249340756 76
170.985284280936 590.845484949833 77
177.981370592149 627.649367930805 78
188.420963651733 109.200338123415 79
179.115263157895 871.711578947368 80
180.983036102653 339.703784254024 81
186.995398773006 398.698466257669 82
206.611251049538 281.921354603974 83
210.540285714286 188.555428571429 84
205.267367630492 587.245212166729 85
178.066924066924 980.605534105534 86
201.420204978038 480.759882869693 87
200.054711246201 690.673252279635 88
196.568764568765 309.785547785548 89
220.781598513011 1013.76579925651 90
207.892834890966 783.543925233645 91
229.735494327391 855.65056726094 92
218.381327334083 678.266591676041 93
219.201135442011 747.135442011354 94
216.298300818125 528.76777847703 95
200.945714285714 7.91714285714286 96
227.081533715293 569.328779197885 97
215.688953488372 980.068936877076 98
219.973361747469 93.605221097496 99
228.601291837933 449.513799177921 100
235.951312154696 368.082872928177 101
237.919245819993 651.971896122376 102
239.752196193265 899.605783308931 103
230.56805495921 56.3537999141262 104
248.198979591837 171.502416756176 105
254.353576248313 835.862348178138 106
255.359397079604 500.162034856335 107
250.22244732577 419.238249594814 108
277.220833333333 23.9291666666667 109
237.176706827309 942.718875502008 110
266.648020341446 751.164911006175 111
259.644729802033 254.688068485821 112
258.592857142857 290.092410714286 113
270.54007837549 802.535803348771 114
261.002595717067 534.619078520441 115
260.751901696899 346.75599765945 116
290.287795275591 145.938385826772 117
281.051128818061 652.613545816733 118
268.383984563435 988.224794983116 119
272.947647951442 568.90971168437 120
268.566759388039 712.649513212796 121
275.13156269302 480.707844348363 122
278.404100529101 953.15873015873 123
293.478154491437 94.628451590353 124
291.406714009038 906.017430600387 125
292.98719772404 248.260787102892 126
296.135957792208 623.482548701299 127
296.65037037037 340.999012345679 128
279.626829268293 1015.05365853659 129
304.009322033898 424.737288135593 130
319.375213967819 474.001711742554 131
311.140120967742 852.351814516129 132
310.992259313014 393.605708756652 133
307.102551275638 713.539769884942 134
312.703795892968 945.504667081518 135
306.484423676012 216.636552440291 136
324.034376603386 895.537711646998 137
316.548189415042 760.993314763231 138
336.919903884662 587.833400080096 139
327.207432226622 311.866585440146 140
329.112751992499 80.5138302859822 141
322.293866666667 992.285866666667 142
323.95793499044 613.819789674952 143
326.87114239307 811.439090416892 144
322.238003838772 546.555982085733 145
313.207492795389 1014.77233429395 146
353.350287686997 537.952819332566 147
344.180165289256 692.33608815427 148
351.611733931241 380.76158445441 149
350.104817708333 938.712890625 150
364.902208201893 857.293901156677 151
345.859293193717 226.223167539267 152
349.447957198444 270.58219844358 153
355.121739130435 174.561956521739 154
352.864111498258 19.0400696864112 155
371.803675481847 777.05244285074 156
365.112291350531 807.686393525544 157
363.463329452852 986.12980209546 158
369.278204609786 737.244237767893 159
367.071597633136 677.929585798817 160
370.51218220339 893.10063559322 161
368.256844850065 473.757062146893 162
362.443298969072 66.0979381443299 163
373.313106796117 438.169902912621 164
374.111033519553 645.487430167598 165
367.929032258065 1013.50483870968 166
394.893164847789 162.987363584147 167
394.01832460733 324.835405759162 168
383.600445186422 231.390651085142 169
387.577090592335 366.689459930314 170
393.74181626188 610.190601900739 171
407.985294117647 25.3082352941176 172
386.813547954393 936.472166331321 173
403.871716287215 531.620402802102 174
413.037250786988 126.096274921301 175
408.80743618202 860.203107658158 176
409.745635056488 283.738788086272 177
403.734290843806 987.184320766008 178
394.000718907261 63.2343637670741 179
419.915699141848 744.123674911661 180
407.746382330541 412.48743335872 181
422.246390760347 456.358036573629 182
430.260252365931 709.880757097792 183
421.132573795961 662.217503883998 184
421.510682647212 785.484106305367 185
424.871750433276 231.807972270364 186
422.927405740011 576.290939786156 187
420.37981779958 965.844428871759 188
422.277568922306 495.753759398496 189
424.997419354839 841.469677419355 190
424.091916290521 914.559294214198 191
408.800711743772 1014.87544483986 192
440.871297792138 617.688745288099 193
446.7024 381.2544 194
447.194861984149 101.952172724788 195
458.093126385809 547.565410199557 196
455.320874065555 831.211040828062 197
439.874622356495 412.480362537764 198
444.227040816327 330.933673469388 199
447.394276629571 1012.42448330684 200
440.519480519481 646.584415584416 201
454.962015503876 446.417054263566 202
454.312123817713 964.56233877902 203
476.497179693795 46.8058017727639 204
471.671264905307 203.736029927519 205
461.247119078105 1000.16133162612 206
468.542261251372 901.812294182217 207
468.935053380783 269.012455516014 208
476.922521339462 767.25869993434 209
472.691922802001 701.611150822016 210
476.774410774411 808.514670514671 211
476.948484848485 598.942424242424 212
469.768104149715 668.162733930024 213
476.937471474213 520.140118667275 214
477.975874547648 323.234821069562 215
470.675110829639 940.936668777707 216
485.512004466778 380.997766610832 217
480.132116788321 876.494160583942 218
483.108917631042 486.968686181076 219
497.538856304985 439.172287390029 220
489.978854024557 649.629604365621 221
510.216585114602 175.42492917847 222
493.515089163237 740.936899862826 223
504.842472930492 113.740482011876 224
498.724465558195 1001.57244655582 225
507.004518072289 15.9194277108434 226
515.122552116235 483.098547062539 227
516.894800483676 806.47400241838 228
514.3289391086 605.367231638418 229
509.510623714873 872.441398217957 230
512.882860665845 270.298397040691 231
523.126605504587 312.304587155963 232
522.756396588486 384.465884861407 233
520.176278563656 970.777656873413 234
527.048065650645 702.730363423212 235
527.420917053065 582.52086553323 236
524.236947791165 657.271084337349 237
519.350461893764 921.465935334873 238
524.283979178716 538.093117408907 239
536.806748466258 746.198875255624 240
541.751207729469 787.763768115942 241
524.696127946128 846.150673400673 242
530.888190954774 244.098618090452 243
543.460377358491 365.721132075472 244
541.291156011924 76.6763829082478 245
536.514590747331 427.212099644128 246
559.021753039028 463.97568777991 247
558.633916083916 28.5255244755245 248
561.666329625885 538.526289180991 249
554.482830385016 1011.197710718 250
550.009554140127 139.859872611465 251
545.931330472103 872.89556509299 252
564.005494505495 674.153235653236 253
566.290625 914.242857142857 254
562.316954643628 954.335853131749 255
573.328755364807 302.343347639485 256
563.724974721941 183.727502527806 257
563.425925925926 224.334259259259 258
584.052117263844 513.166123778502 259
568.609458023379 642.479277364506 260
560.798621745789 840.759571209801 261
571.777348066298 587.299447513812 262
583.616629464286 259.095982142857 263
585.941079295154 995.098017621145 264
563.779369627507 701.719197707736 265
586.216862233811 438.794002607562 266
591.621009268795 367.82663920357 267
583.660203139427 767.941366574331 268
574.922273781903 882.838747099768 269
595.398247978437 629.893530997305 270
590.129576306047 103.628547922666 271
592.100815418829 725.685693106004 272
598.60630235341 160.475069804547 273
596.464583333333 827.764583333333 274
600.526590198123 14.3524504692388 275
615.08219895288 232.719371727749 276
616.927901023891 419.883105802048 277
603.484920634921 871.101587301587 278
607.547027840482 958.653875094056 279
613.986771190593 588.959333659971 280
610.608742774567 64.0693641618497 281
616.540474741327 906.573950091296 282
613.665108123904 699.639976621859 283
612.37364470392 487.798999165972 284
624.211120764553 772.62293657689 285
625.760583941606 316.509489051095 286
616.797570850202 1017.32388663968 287
640.965127238454 998.325636192271 288
627.570275722932 666.708809683927 289
632.726623840114 937.511063526053 290
633.507087628866 825.331829896907 291
635.012867647059 372.290441176471 292
634.074074074074 565.623456790123 293
642.593894009217 637.442396313364 294
646.053968253968 526.149206349206 295
650.566761814145 43.1328893117666 296
640.225972120323 138.745047688921 297
633.909654561559 464.102745792737 298
643.407208588957 744.370398773006 299
650.124289772727 868.950284090909 300
651.419493038201 208.5590860407 301
663.294508414526 699.166076173605 302
656.272430668842 897.745513866232 303
674.571633237822 975.811604584527 304
662.877199155524 287.550316678396 305
667.2040302267 501.079345088161 306
651.587392550143 7.6676217765043 307
657.619647355164 415.832493702771 308
669.068091603053 111.771603053435 309
671.823927765237 801.35835214447 310
668.952734638758 601.540175557056 311
671.434044405747 357.296909011754 312
671.709864603482 447.374274661509 313
675.027890761185 843.063916327716 314
682.556025369979 930.877906976744 315
673.212028542304 475.363914373089 316
678.271703114645 564.106030483764 317
679.307692307692 746.046278924328 318
690.203280318091 641.11282306163 319
690.756592292089 28.4924949290061 320
690.40877914952 200.331275720165 321
687.992980216975 408.412252712189 322
696.631578947368 790.016523867809 323
687.837837837838 672.579954954955 324
704.794746059545 273.390893169877 325
696.878145695364 1011.18145695364 326
700.050429799427 333.369627507163 327
705.604227833235 535.403405754551 328
701.53129657228 882.328614008942 329
716.943633414436 451.334549878346 330
706.676056338028 729.855399061033 331
710.650256410256 605.777435897436 332
702.570230607966 77.0020964360587 333
727.854669140383 181.054730983302 334
717.94498381877 125.754045307443 335
726.985494505495 965.210989010989 336
734.804033613445 919.736806722689 337
716.102685624013 699.979462875197 338
722.566056407719 501.432953983177 339
722.788099315069 849.842465753425 340
730.843194309732 405.317814419657 341
717.824362606232 579.233711048159 342
715.056603773585 5.92830188679245 343
729.799412196914 760.87288758266 344
738.079365079365 644.53238953239 345
736.305757135946 347.898887276246 346
736.47707641196 802.151495016611 347
754.253268765133 694.920581113801 348
739.280853696257 45.042066192391 349
742.80198019802 274.330227140361 350
748.370801612181 110.811464397671 351
746.605042016807 1006.32292917167 352
743.379032258065 239.588089330025 353
756.124223602484 737.343167701863 354
748.224209078404 553.381705639615 355
756.669811320755 494.566037735849 356
761.140985324948 323.019392033543 357
755.306493506494 7.68311688311688 358
758.098790322581 587.939516129032 359
780.271739130435 409.703804347826 360
773.872440944882 625.008923884514 361
779.501265822785 841.062929475588 362
764.059788359788 880.908994708995 363
764.831825037707 787.471342383107 364
780.151815181518 178.717491749175 365
763.29797979798 464.334595959596 366
783.915785019044 90.7363520947948 367
771.976795580111 530.390055248619 368
792.819518170682 957.690485912617 369
783.622047244094 235.579776212184 370
788.750355281857 993.078162008527 371
788.170572916667 379.048177083333 372
789.990912845931 676.387856257745 373
802.892434724392 31.515509930819 374
795.776338028169 912.695211267606 375
800.14547537228 290.513554791905 376
789.883451957295 450.177046263345 377
801.418625678119 598.274412296564 378
791.75 553.800961538462 379
789.577861163227 479.861163227017 380
811.714083008159 149.23128769067 381
803.614735658043 511.094488188976 382
800.632911392405 774.214345991561 383
801.064992614476 740.197932053176 384
811.806186868687 353.634154040404 385
802.655813953488 802.409302325581 386
821.881124497992 720.631325301205 387
821.293817356778 877.033465683494 388
808.234693877551 1018.5306122449 389
818.905472636816 649.356550580431 390
832.101188037689 475.368701351905 391
844.873622666967 116.843040251855 392
839.856705241661 575.121511232131 393
832.879186602871 838.738038277512 394
833.132407029015 267.720474049857 395
840.141965678627 214.251482059282 396
840.881231035977 928.047680970958 397
836.771409305462 408.43830074174 398
840.476862745098 332.582745098039 399
848.24188075618 700.702375181774 400
838.205578512397 764.365702479339 401
858.817692307692 975.351538461538 402
846.705461638492 1006.46163849155 403
857.264690026954 438.151482479784 404
847.605583756345 533.179187817259 405
848.191707317073 806.239512195122 406
842.883838383838 49.582702020202 407
853.027044430135 618.367675466838 408
851.689075630252 661.535714285714 409
856.131443298969 746.73324742268 410
860.276445698166 886.495063469676 411
867.114388922336 375.007826610476 412
877.027994492887 195.853602569986 413
873.586975914362 20.3327386262266 414
890.65857605178 478.864077669903 415
880.372015546918 511.221543586896 416
876.849935316947 286.590340664079 417
876.784744667098 333.497737556561 418
883.46573816156 81.2019498607242 419
892.111791105671 856.197062423501 420
884.844660194175 645.700416088766 421
888.173869007427 795.583051991897 422
885.377049180328 733.110477548111 423
894.268315889629 940.632730732636 424
896.606448311157 405.386898669396 425
893.869310500225 562.411897251014 426
895.254376367615 686.90590809628 427
890.541974479516 248.14237743452 428
905.468559837728 608.439148073022 429
897.500668449198 899.036764705882 430
903.034952170714 164.205665930831 431
906.038801906059 22.285908781484 432
906.382846488502 448.892479801119 433
919.038445108928 1003.3357539513 434
922.957046979866 970.779865771812 435
916.19949706622 351.656328583403 436
923.98236632537 70.8481228668942 437
915.980779791323 759.494233937397 438
920.253807106599 297.479695431472 439
927.092055485498 235.179066834805 440
931.337231057063 658.408325537886 441
926.681662591687 525.828850855746 442
934.234511434511 718.627027027027 443
931.64997445069 823.020950434338 444
940.306824288017 914.816765180011 445
930.458207016024 125.789952360329 446
949.307593307593 388.690261690262 447
949.889068564036 37.7739327296248 448
948.505897771953 433.92878986457 449
939.270939086294 576.206218274112 450
945.412664907652 479.28654353562 451
946.107670979667 876.524953789279 452
946.928700906344 193.631419939577 453
957.702553830746 626.162744116174 454
976.581558028617 943.323688394277 455
961.115897435897 788.099829059829 456
956.675047140163 294.27844123193 457
960.43599257885 337.622758194187 458
969.848535102266 551.678275290216 459
966.956424581006 253.811173184358 460
977.930356547817 691.186937687438 461
965.230531520396 162.587762669963 462
968.778143876991 104.217462932455 463
974.866713681241 514.837799717913 464
981.387152034261 989.13704496788 465
983.271726755218 856.456546489564 466
972.5 1014.35102040816 467
984.284377923293 746.126753975678 468
973.727053140097 6.67632850241546 469
978.154478225144 593.642563681183 470
988.361211247296 371.324441240087 471
984.732075471698 36.2311320754717 472
987.008912655971 420.94385026738 473
987.388157894737 472.131578947368 474
994.66150137741 224.860192837466 475
1001.14445648248 161.714698447093 476
1000.56132879046 621.103918228279 477
1001.9861376673 93.675430210325 478
998.170408163265 319.625510204082 479
1003.13324450366 901.356429047302 480
1003.85966257669 657.753067484663 481
1003.55221932115 809.650565709312 482
1007.79979777553 581.811931243681 483
1000.42503863988 276.434312210201 484
1008.63675476337 31.5832821143208 485
1007.3581920904 544.576271186441 486
1008.92027559055 505.626968503937 487
1010.24248927039 406.421673819742 488
1011.26272189349 453.650887573964 489
1012.70564516129 694.447580645161 490
1013.94220665499 975.674255691769 491
1014.02275769746 743.589022757697 492
1013.60240963855 1015.11445783133 493
1014.03917050691 366.198156682028 494
1015.77375565611 937.402714932127 495
1016.62738853503 284.171974522293 496
1017.52991452991 859.555555555556 497
1018.65942028986 324.724637681159 498
