17.2891278375149 12.1111111111111 1
6.98348348348348 52.1471471471471 2
12.8512931034483 104.101293103448 3
5.29591836734694 132.969387755102 4
10.91 155.992 5
13.8787128712871 181.778465346535 6
10.4871447902571 218.025710419486 7
4.51869158878505 259.383177570093 8
1.69230769230769 286.230769230769 9
10.35 315.0828125 10
7.36473429951691 347.062801932367 11
25.2284434490482 375.306830907055 12
14.6177184466019 411.936893203883 13
26.2172433352241 440.715258082813 14
13.0577971646674 483.446019629226 15
20.9228886168911 564.326397388821 16
20.9341864716636 612.843692870201 17
17.6342477140482 646.916874480465 18
11.6465053763441 687.634408602151 19
16.8913793103448 720.806034482759 20
27.6942731277533 748.695154185022 21
11.0555555555556 776.421921921922 22
15.3900325027086 807.892741061755 23
6.87123287671233 839.38904109589 24
21.8793490460157 871.576879910213 25
31.6362329259526 916.050323508267 26
6.59439707673569 983.827040194884 27
30.2494402149575 283.755485893417 28
32.2753015207132 545.904562139486 29
30.3111387678905 991.726820161792 30
29.8993387215283 71.8119030124908 31
35.5383104125737 230.163064833006 32
35.4069058903182 955.660121868653 33
31.7502623294858 132.958027282267 34
43.4876265466817 834.11361079865 35
42.5961111111111 30.2188888888889 36
40.5926358854471 335.398597311514 37
47.4833948339483 504.068265682657 38
51.1440609951846 666.002407704655 39
50.0443113772455 183.504191616766 40
46.5979971387697 467.238197424893 41
42.0330882352941 1016.47426470588 42
51.147465437788 770.341013824885 43
63.8540729635182 799.304847576212 44
51.7832764505119 151.300341296928 45
51.2453560371517 106.168730650155 46
54.1982597886886 711.181479179615 47
59.8078328981723 401.128459530026 48
64.690099009901 619.137623762376 49
75.3660668380463 242.641645244216 50
71.7166156982671 879.402650356779 51
76.4746423927178 284.458170784569 52
70.0485245901639 68.4603278688525 53
78.0049261083744 577.818281335523 54
78.8691786621507 996.174428450466 55
75.7034346103038 364.621532364597 56
75.3028571428571 535.763571428571 57
90.4629909365559 742.642371601208 58
84.501497005988 954.109281437126 59
80.2001455604076 434.839883551674 60
72.3188073394495 8.52064220183486 61
78.4336734693878 209.266581632653 62
81.4779116465863 33.7700803212851 63
82.5305232558139 123.232558139535 64
76.5263157894737 321.304276315789 65
90.9177403369673 840.127353815659 66
89.0680564071122 470.964438994482 67
98.7964176496287 919.106159895151 68
95.3995098039216 685.293137254902 69
98.9437577255871 90.1044499381953 70
95.7952218430034 188.056882821388 71
92.2116603295311 143.536121673004 72
108.013931214628 510.65563778842 73
107.367853290183 329.581445523193 74
99.8789189189189 164.547027027027 75
114.193601994184 638.355629414209 76
115.37417654809 787.658761528327 77
118.003091872792 396.856448763251 78
106 11.543615676359 79
120.873657289003 596.103324808184 80
118.576769025367 290.530707610147 81
124.046490835941 41.5547608404113 82
127.041916167665 552.910640257946 83
104.947368421053 1017.77894736842 84
127.654405820534 875.519805982215 85
121.088554720134 211.341687552214 86
134.623262279889 352.312789620019 87
133.214765100671 115.578729994837 88
132.556591211718 244.696848646249 89
121.671428571429 433.704511278195 90
134.108695652174 709.443307757886 91
134.08647260274 999.073202054794 92
150.431509121061 830.270315091211 93
136.534290271132 468.886230728336 94
131.770491803279 143.783242258652 95
147.619455252918 954.628015564202 96
139.161057692308 177.186899038462 97
168.864398771557 666.944720056697 98
155.274936061381 748.916027280477 99
142.691374663073 78.2136118598383 100
142.773076923077 8.05 101
165.741447891806 913.747812251392 102
155.191885038039 306.043956043956 103
161.844036697248 268.305575158786 104
160.03829321663 505.989606126915 105
176.181677018634 617.959109730849 106
159.269662921348 371.574282147316 107
163.365662650602 424.440361445783 108
171.132879045997 575.259511641113 109
185.762665029168 785.028246852932 110
164.432977461447 144.387900355872 111
166.904899135447 212.255523535062 112
183.25615567911 42.6683876092137 113
177.999241274659 537.371775417299 114
166.16700610998 15.5010183299389 115
190.775068816359 998.089264648053 116
185.149078726968 113.526800670017 117
184.810039931546 178.197946377638 118
191.865853658537 390.848238482385 119
181.711165048544 872.22572815534 120
188.517574086837 315.753273604411 121
176.326396495071 460.256297918949 122
188.318954248366 81.559477124183 123
198.282413955681 713.899104196134 124
193.059201141227 347.167617689016 125
195.673139158576 238.572006472492 126
198.772002772003 275.411642411642 127
197.136070853462 483.91384863124 128
189.278985507246 6.17753623188406 129
203.22799763733 141.771411695216 130
217.664407778433 955.503241013553 131
194.403225806452 596.431899641577 132
209.327223960662 829.465355386679 133
207.596991290578 430.034045922407 134
206.563066776587 209.264633140973 135
214.82246798603 901.850989522701 136
213.471428571429 516.671428571429 137
213.294825511432 648.809867629362 138
223.701687534023 744.838867719107 139
228.816680779001 550.534716342083 140
224.485815602837 457.722695035461 141
228.905721716515 15.4024707412224 142
217.511482254697 593.958246346555 143
238.845035105316 82.0315947843531 144
230.025738798856 293.762631077216 145
234.674694331234 339.041867358281 146
239.069672131148 46.823087431694 147
239.0786739238 684.487877288471 148
248.929256594724 872.058353317346 149
237.887711864407 624.998587570621 150
235.959533607682 256.29012345679 151
240.615823817292 114.889885807504 152
246.353049907579 488.731977818854 153
234.966190833959 179.295266716754 154
247.608658743633 379.696095076401 155
252.41188630491 407.572093023256 156
255.571428571429 787.096047156727 157
247.775510204082 145.459512837393 158
243.735294117647 1003.06384505022 159
253.852746212121 215.292613636364 160
256.260950605778 583.238117427773 161
262.572085248642 920.595068951107 162
260.160705289673 833.386901763224 163
265.514664804469 643.378491620112 164
266.900142653352 435.918687589158 165
259.210898082745 515.847628657921 166
273.053785900783 969.275718015666 167
273.963141993958 729.959214501511 168
276.912841670964 340.831356369262 169
278.835403726708 292.35536823425 170
283.513494809689 458.568858131488 171
278.465972222222 15.7722222222222 172
272.567595459236 253.137254901961 173
273.242530755712 185.511423550088 174
288.449612403101 54.2640503875969 175
286.836021505376 100.36935483871 176
285.350877192982 168.767801857585 177
293.720215219062 672.036894696387 178
289.843186060983 535.835718730554 179
294.104013566987 1002.83097795365 180
299.532969757065 604.058998512643 181
301.859030837004 141.362701908957 182
300.498418722328 226.600253004428 183
300.794588625069 378.854224185533 184
304.136585365854 480.848780487805 185
314.196113074205 565.18109540636 186
313.912406483791 894.129675810474 187
299.301643192488 505.657276995305 188
309.014442231076 807.621513944223 189
325.883094052154 844.305303252271 190
315.943814154511 414.514856834144 191
321.862496128832 758.396097863116 192
306.604105571848 197.926686217009 193
322.817324185249 940.268439108062 194
318.933452168746 261.615567439097 195
323.32664756447 633.719197707736 196
322.037640449438 336.924719101124 197
328.627015250545 703.648801742919 198
344.218122181222 972.732267322673 199
326.804260985353 8.69773635153129 200
333.450755601876 295.915581031787 201
336.071095571096 181.741841491841 202
337.156906906907 101.210960960961 203
331.717671517672 45.8523908523909 204
336.951292246521 455.041749502982 205
349.925265791119 512.046278924328 206
355.236614853195 1007.19573978123 207
349.122278832793 224.868457619268 208
355.817154811715 373.588284518828 209
356.605042016807 150.095588235294 210
363.376377258704 599.272366681357 211
371.770607511974 663.57222082178 212
366.776617954071 553.579853862213 213
378.760725597466 785.205585948748 214
365.228818800247 329.587507730365 215
374.317082388511 421.393046107332 216
369.274597495528 14.5581395348837 217
386.484062116878 906.619329791582 218
374.901997503121 260.887640449438 219
384.658727766054 59.6162194754296 220
386.73272124458 728.280285641418 221
390.886855670103 841.415206185567 222
384.865865384615 471.687019230769 223
392.293650793651 115.759259259259 224
391.058914728682 297.711627906977 225
385.513495276653 194.5 226
417.419703738538 966.002586409593 227
392.507481296758 231.665835411471 228
411.610138584974 620.075857038658 229
409.642894875858 393.284733227681 230
408.087945879459 163.59717097171 231
419.274303195105 567.295717199184 232
411.373042240152 349.881347887992 233
427.077277379734 1006.88382804504 234
417.31181619256 518.002552881109 235
418.167261904762 19.0089285714286 236
426.45076142132 439.453299492386 237
425.781561949501 272.059894304169 238
434.612376742605 675.239374362462 239
422.831370117793 211.66955982641 240
435.42654028436 315.239928909953 241
434.417824074074 246.856481481481 242
446.209137343927 781.86293984109 243
437.057395143488 72.2144959529065 244
442.205260443528 478.304796286746 245
450.938983050847 907.704519774011 246
438.922675026123 126.924242424242 247
456.247098646035 840.783849129594 248
454.78703985397 724.693641618497 249
453.797221016066 178.140251845419 250
451.925641025641 388.069871794872 251
459.230324074074 11.6956018518519 252
467.388999149419 617.191947831018 253
461.655195234944 349.228987425546 254
471.316455696203 420.080168776371 255
463.243055555556 225.656635802469 256
468.576171875 48.11328125 257
479.844718178425 514.793952967525 258
476.446238844029 560.276243093923 259
492.662010476428 990.669743078074 260
470.075144508671 304.510597302505 261
474.272076372315 456.314240254574 262
472.209798994975 277.056532663317 263
479.077765607886 255.905805038335 264
479.513467048711 100.72893982808 265
487.911750123946 150.709469509172 266
504.198200128562 671.469895007499 267
509.371685606061 935.203125 268
490.862225586677 379.897804693414 269
500.264227642276 200.329849012776 270
506.62492250465 749.167079975201 271
504.32444668008 337.514587525151 272
497.798378926038 14.257345491388 273
509.671762870515 870.378159126365 274
499.781429745275 53.6811832374692 275
509.380587484036 239.347381864623 276
504.82741617357 481.542406311637 277
521.444951801116 806.580669710807 278
512.375761266748 297.58221680877 279
512.65 444.63141025641 280
516.865205223881 108.348414179104 281
522.886510701842 403.035838725734 282
522.518451519537 598.78509406657 283
520.929539295393 272.143631436314 284
533.412607449857 548.031109291854 285
532.790927835052 168.814020618557 286
528.102917341977 46.0810372771475 287
533.058624577227 369.186020293123 288
541.246708643389 508.0062965083 289
533.135535307517 14.0637813211845 290
556.563025210084 468.070028011204 291
545.80860403863 81.8165057067603 292
548.092352092352 217.965367965368 293
559.931393486385 699.116390816871 294
548.96383363472 1014.65641952984 295
544.80376344086 259.225806451613 296
546.527777777778 319.153225806452 297
558.65363536719 980.924735111436 298
561.802209550962 635.787241625089 299
565.302486986698 346.902834008097 300
560.0236869207 878.32131822863 301
557.720203951562 120.718291905672 302
566.594359187059 420.745748652012 303
577.106825678762 756.885562040091 304
558.113577023499 290.634464751958 305
579.317617075502 819.510035043007 306
562.250612244898 42.3730612244898 307
586.560585524532 924.998644619138 308
565.698907956318 10.3541341653666 309
582.450538185546 379.310609943619 310
580.208333333333 582.297955974843 311
570.755567928731 172.879175946548 312
568.31797235023 240.384792626728 313
580.365487674169 269.332261521972 314
594.010562052056 537.50697849868 315
578.566326530612 80.8795918367347 316
601.847987288136 1003.02860169492 317
594.485401459854 317.532846715328 318
592.468433359314 498.233047544817 319
594.158167036216 202.583148558758 320
590.735804416404 129.420347003155 321
607.448586118252 432.616966580977 322
602.061334289813 33.4856527977044 323
604.328767123288 289.574363992172 324
611.370598290598 647.213675213675 325
607.912996777658 239.743823845328 326
618.957006369427 467.340233545648 327
619.594473487677 701.651232262883 328
625.506643806258 848.109729961423 329
611.748712077848 85.9427590154551 330
615.983681462141 162.077676240209 331
630.655078391275 946.083844580777 332
624.242191780822 594.904657534247 333
632.97069748246 780.89971110194 334
618.226305609284 349.823017408124 335
634.606519742883 391.97015610652 336
628.976331360947 123.545118343195 337
634.235586481113 267.512922465209 338
635.675411836486 195.530811470409 339
641.137817883511 509.933552091879 340
645.842105263158 983.660555884092 341
641.379959650303 316.788836583726 342
650.481767955801 552.965193370166 343
657.902525906736 735.031088082902 344
646.84500299222 887.753441053262 345
638.582975064488 17.981943250215 346
648.808012093726 432.347694633409 347
653.020900321543 1013.82154340836 348
648.535014005602 79.5899159663866 349
662.030967741935 225.518279569892 350
657.543217665615 354.377917981073 351
664.677946324387 287.662777129522 352
672.12444966246 647.822130906956 353
679.071509009009 593.398648648649 354
662.541866028708 145.927033492823 355
662.406273338312 37.4383868558626 356
691.97401282484 789.898413769828 357
680.665722379603 692.749763928234 358
683.849090102086 490.176653351087 359
660.689743589744 114.246153846154 360
682.847995212448 453.852184320766 361
694.304721030043 902.24635193133 362
675.756338028169 180.753521126761 363
692.742560553633 837.083044982699 364
690.755228942906 251.12040700961 365
690.624289405685 413.982945736434 366
690.790957705396 951.388915896937 367
683.429128738622 11.6202860858257 368
693.668188736682 382.886605783866 369
690.97601598934 322.666888740839 370
710.24641350211 987.997187060478 371
694.879566982409 54.1980153360397 372
692.725982532751 105.042030567686 373
704.289892252437 748.907644946126 374
701.946630483944 532.882858435097 375
709.310714285714 355.735119047619 376
711.494476933073 142.035087719298 377
709.472701149425 285.012212643678 378
720.370618556701 212.495360824742 379
742.086747668833 843.551003108223 380
720.318294190358 174.925834363412 381
742.460217893694 609.81644106966 382
704.271604938272 4.45679012345679 383
744.247653648199 653.887980623676 384
728.126984126984 1013.56084656085 385
738.254513274336 702.844601769911 386
732.306403351287 18.0257330939557 387
741.481468408048 561.008824567596 388
733.367821547224 67.0128144280968 389
740.182926829268 441.56881533101 390
732.670168067227 485.830357142857 391
748.384770549672 329.024205748865 392
747.60288966725 243.510507880911 393
739.288206559665 114.563852058618 394
752.419792498005 400.003990422985 395
741.940823327616 298.825042881647 396
760.910784313725 892.496405228758 397
765.925429017161 928.608424336973 398
760.844498578969 789.603735282176 399
754.798816568047 365.348267117498 400
768.922576649117 743.34035305048 401
779.03313508921 518.664684225432 402
764.829246139873 270.071752951862 403
758.563261480787 153.158388003749 404
762.125730994152 183.617933723197 405
774.467802022352 90.9542309739223 406
778.992144540456 969.633542812255 407
776.359113300493 44.2177339901478 408
790.777851901267 470.869246164109 409
785.014688601645 209.512338425382 410
769.12 8.71 411
799.425557809331 996.827180527383 412
784.261188554659 132.457079970653 413
809.767512077295 839.660024154589 414
795.253804347826 671.316304347826 415
808.294055201698 562.876857749469 416
798.1540436457 291.387248609328 417
798.792811839323 333.556025369979 418
801.830084745763 419.381779661017 419
812.854147675479 701.597538742024 420
813.127205882353 604.457720588235 421
809.288214101904 245.399382398353 422
816.068267066767 369.93135783946 423
821.799873537781 788.914638001897 424
808.163838502048 173.727325921592 425
788.439024390244 5.39837398373984 426
807.62447257384 13.2964135021097 427
829.934989429176 630.298625792812 428
817.656979514054 100.602667937113 429
827.12881993418 743.667136812412 430
826.093946731235 914.428571428571 431
820.432790224033 47.4786150712831 432
830.033311561071 145.360548661006 433
846.615776081425 868.005513146735 434
832.422721268164 1010.54689564069 435
840.290525370454 204.078132016165 436
854.530772099963 437.33345766505 437
852.793879056047 938.655235988201 438
861.144197952218 479.706200227531 439
852.715859030837 522.245374449339 440
852.961331375428 326.812530592266 441
857.652545666537 652.821220365332 442
848.698160535117 295.376254180602 443
858.614576493762 267.703873933027 444
869.350318471338 386.110191082803 445
848.407142857143 13.3380952380952 446
874.762029093622 560.740768370011 447
855.074981975487 80.928622927181 448
865.048986486486 118.656531531532 449
864.75112830432 238.900064474533 450
868.874951606659 970.347270615563 451
870.852785145889 169.922413793103 452
881.001194267516 822.809713375796 453
873.757564841499 693.864553314121 454
868.068220579875 42.6833428084139 455
883.75542322416 783.057847724373 456
869.53196347032 1014.55479452055 457
891.717864923747 735.590777051561 458
882.391375545851 884.868449781659 459
895.491630276565 597.399563318777 460
896.110243454295 340.689940284796 461
888.975485188968 143.305413687436 462
896.860990860991 205.420394420394 463
887.846540880503 10.8591194968553 464
915.680032733224 985.372067648663 465
912.573555166375 407.830122591944 466
900.942107867392 80.0470064324592 467
908.397902097902 287.902797202797 468
917.532484929672 524.399196249163 469
917.573155481451 635.900375156315 470
916.864594894562 242.006104328524 471
925.984092552422 485.716196673897 472
932.842202512934 828.110864745011 473
919.698458574181 905.273603082852 474
923.242444821732 33.3653650254669 475
915.26245210728 117.372605363985 476
929.775518847946 443.188479457857 477
938.816453240202 936.448971672487 478
923.894503546099 176.962765957447 479
935.629375428964 676.220658888126 480
926.628140703518 147.689279731993 481
939.059405940594 1014.93234323432 482
939.035183349851 554.426164519326 483
944.221763602251 748.896435272045 484
947.11102661597 861.239923954373 485
948.124542124542 782.631257631258 486
947.73598820059 361.44616519174 487
948.177517564403 92.8861826697892 488
957.60731799321 316.693700490381 489
959.983879355174 201.911076443058 490
973.672210672211 690.123007623008 491
971.785143237841 578.074950033311 492
942.719626168224 3.65420560747664 493
965.189726594863 169.13256006628 494
962.759713701431 127.476482617587 495
971.123753867308 271.602268820901 496
977.510628674808 615.266395296246 497
982.009624340267 987.225395839801 498
979.319201228879 396.43287250384 499
974.611771363894 60.9926428975665 500
984.471290944123 228.168786127168 501
975.348163841808 501.371822033898 502
981.781580059147 18.3924799324039 503
986.355154251317 889.939804364184 504
984.078488372093 149.070736434109 505
991.681286549708 786.559649122807 506
992.329564489112 444.027219430486 507
994.1337890625 936.8681640625 508
997.79215509468 719.925608656447 509
998.703920421299 635.087770626097 510
995.586095392078 102.067906224737 511
995.715277777778 812.679563492063 512
1003.46542393265 528.917618761275 513
1002.50306372549 842.501225490196 514
1007.92343507501 162.342990170719 515
1003.46794150731 338.80764904387 516
1006.18626155878 754.159841479524 517
1008.14991762768 1009.5568369028 518
1009.39809782609 296.009510869565 519
1009.30229226361 56.0085959885387 520
1012.27903225806 475.56935483871 521
1013.78988326848 256.097276264591 522
1015.73568281938 398.339207048458 523
1015.14366197183 573.180281690141 524
1014.85407725322 677.961373390558 525
1017.53684210526 649.757894736842 526
1018.48514851485 893.168316831683 527
1018.23880597015 96.3731343283582 528
1018.03571428571 116.97619047619 529
1017.90909090909 964.142857142857 530
1018.33333333333 914.797101449275 531
1019.02985074627 939 532
1019.27272727273 953.909090909091 533
