9.93728222996516 7.35540069686411 1
8.57341040462428 45.8531791907514 2
10.2781629116118 102.860485268631 3
2.22388059701493 148.238805970149 4
3.02884615384615 184.225961538462 5
12.1573275862069 218.926724137931 6
1 225.5 7
3.98148148148148 250.194444444444 8
3.79646017699115 267.238938053097 9
5.09380530973451 309.913274336283 10
3.45454545454545 357.054545454545 11
10.5983796296296 387.221064814815 12
11.1584615384615 440.886153846154 13
7.82274247491639 501.255295429208 14
7.41485275288092 561.839948783611 15
4.69205298013245 615.245033112583 16
5.43096234309623 662.615062761506 17
5.03614457831325 680.036144578313 18
7.58347978910369 706.625659050967 19
5.15028901734104 737.491329479769 20
5.56862745098039 752.343137254902 21
12.540350877193 772.887719298246 22
5.21576763485477 795.755186721992 23
6.03731343283582 820.205223880597 24
6.29724770642202 860.790825688073 25
15.0346394094265 927.577512776831 26
15.5898959881129 984.19985141159 27
6.85042735042735 1012.13675213675 28
21.7587020648968 340.941592920354 29
17.1774891774892 647.261183261183 30
22.0371412492966 161.675858187957 31
22.1008984105045 275.212854181064 32
25.5930735930736 609.136054421769 33
32.8339876612451 842.634324172743 34
25.4516785350966 885.742624618515 35
27.3629283489097 742.289719626168 36
29.3039806996381 20.5319662243667 37
30.3608040201005 511.542713567839 38
33.8631303208906 700.516699410609 39
31.9561989606533 802.469190794358 40
24.8834196891192 669.316062176166 41
36.8575418994413 63.7033519553073 42
39.983397897067 569.270060874377 43
35.6699410609037 1013.92927308448 44
40.4474768280124 117.861483007209 45
43.5827366746221 404.949482895784 46
57.3253170091823 966.533449934412 47
41.2892595606184 220.935313262815 48
45.7840851495185 458.534718702484 49
52.5088018171493 923.194775695628 50
49.8340389500423 769.822184589331 51
42.2198581560284 3.79432624113475 52
52.9087035909921 291.092513694461 53
49.9789734075448 340.52133580705 54
49.1773455377574 663.764302059497 55
55.1825476429288 882.273821464393 56
53.9723618090452 626.606365159129 57
71.9040247678019 1002.15531475748 58
55.5100612423447 172.319335083115 59
56.0227272727273 537.525974025974 60
61.9037656903766 36.873779637378 61
69.4101433296582 726.189084895259 62
63.8399668325041 501.050580431177 63
64.3086913086913 815.138861138861 64
70.7056786703601 98.1204986149584 65
71.6094736842105 684.895789473684 66
73.0211081794195 857.738786279683 67
72.2919389978213 252.787944807553 68
86.0848540145985 11.5565693430657 69
70.1623672230652 594.740515933232 70
75.235332464146 361.151890482399 71
81.8126045733408 150.178471834914 72
78.4534220532319 561.727186311787 73
81.0383795309168 207.184790334044 74
82.8184281842818 641.320460704607 75
82.8388278388278 420.150706436421 76
83.0882352941177 773.770833333333 77
89.1435594886922 895.255653883973 78
82.3987823439878 469.325722983257 79
88.6546598056032 297.130360205832 80
87.3557114228457 526.97995991984 81
89.7232432432432 68.1578378378378 82
100.032025620496 937.474779823859 83
99.6171875 819.265625 84
97.7419768934531 32.7997432605905 85
98.717987804878 601.233993902439 86
103.351798561151 495.312230215827 87
99.4036697247706 684.198165137615 88
106.104761904762 110.217261904762 89
108.837538886969 352.674040788109 90
106.263875365141 723.453748782863 91
108.14549325763 864.438608942512 92
111.901913875598 245.534449760766 93
108.745810055866 447.5 94
110.129032258065 191.345740281224 95
109.481081081081 563.907027027027 96
119.294850028297 991.095076400679 97
116.252184041934 766.729178800233 98
114.205958549223 157.827720207254 99
116.612470402526 642.621941594317 100
116.495901639344 1016.59426229508 101
122.232716049383 51.2703703703704 102
121.314690529456 410.401193139448 103
130.575159914712 529.842750533049 104
131.71113243762 294.245681381958 105
131.699672667758 905.374795417349 106
123.85312899106 686.406130268199 107
127.16348773842 8.68937329700272 108
129.663776493256 477.666666666667 109
129.871581450654 597.07966706302 110
134.730446024564 110.598577892696 111
136.242661448141 200.84637964775 112
141.465263157895 715.933333333333 113
136.457317073171 802.954268292683 114
137.687444345503 835.943009795191 115
140.392512077295 567.582125603865 116
145.274492099323 954.029345372461 117
141.054865424431 872.046583850932 118
147.242705570292 360.576038903625 119
147.57268722467 627.033773861968 120
142.643732327992 156.15739868049 121
152.490413293566 424.850447379634 122
147.20282542886 669.158425832492 123
155.985513245033 243.195364238411 124
149.613664596273 761.446583850932 125
146.599409448819 24.1574803149606 126
152.708409506399 77.3162705667276 127
142.08 1018.72 128
160.101408450704 492.558309859155 129
171.419158641662 1002.36036492651 130
170 182.347974900171 131
162.521 809.227 132
164.548101265823 42.6113924050633 133
168.308260577569 590.032236400269 134
170.758605472198 308.233009708738 135
176.475941422594 899.723849372385 136
175.831085420681 131.795761078998 137
165.516 539.753 138
176.832879695155 849.697876973326 139
181.374474053296 936.725806451613 140
164.382765531062 107.875751503006 141
169.904076738609 695.652278177458 142
173.727087576375 657.860488798371 143
172.811440677966 9.17796610169492 144
174.862227324914 446.56027554535 145
180.911320754717 735.510062893082 146
179.073988439306 787.746820809249 147
182.424489795918 372.182040816327 148
184.347581552306 627.614173228346 149
189.678371907422 973.173184357542 150
181.840785169029 76.2900763358779 151
192.207403375068 229.348394120849 152
190.480897009967 556.916943521595 153
196.406439854192 413.258201701094 154
191.257894736842 15.2657894736842 155
192.707852193995 36.8013856812933 156
196.376677852349 487.934144295302 157
198.414153132251 770.357308584687 158
205.364141765115 815.141765114663 159
205.783908045977 99.8858237547893 160
196.562809099901 697.705242334322 161
202.183297180043 879.975054229935 162
202.127358490566 147.777122641509 163
204.419972640219 274.613543091655 164
206.973672663449 327.848179025889 165
214.097469540769 183.395501405811 166
206.304377564979 600.665526675787 167
202.067615658363 659.581257413998 168
206.948328267477 56.161094224924 169
217.047408343869 527.946902654867 170
210.090909090909 6.35177865612648 171
215.376906318083 441.346405228758 172
223.350904799371 361.889063729347 173
220.953776041667 933.877604166667 174
214.807733619764 734.142857142857 175
223.965415746873 857.80353200883 176
219.445848375451 1012.47472924188 177
223.598720292505 647.368372943327 178
227.965380249716 983.591940976163 179
226.249544626594 239.183970856102 180
226.217194570136 570.99185520362 181
232.444065484311 71.6603001364256 182
235.875184638109 900.136632200886 183
230.864525139665 24.8882681564246 184
230.538179148311 128.35389133627 185
232.405996252342 694.507183010618 186
229.195250659631 782.034960422164 187
230.718562874251 391.053892215569 188
232.480083857442 475.129979035639 189
236.786577181208 288.048322147651 190
239.809342230696 615.938036224976 191
244.94964028777 830.402877697842 192
240.871986699917 737.550290939318 193
249.243556701031 205.761597938144 194
242.949762389681 428.32382892057 195
244.64193867458 512.842729970326 196
259.930076628352 313.943965517241 197
252.436496350365 543.283211678832 198
255.681188118812 953.723432343234 199
262.595152140279 163.988138215575 200
253.655858511422 663.495946941783 201
259.871134020619 3.22680412371134 202
263.451233842538 249.810810810811 203
254.33117583603 576.829557713053 204
263.274900398406 75.2697780307342 205
258.99043062201 872.131100478469 206
258.873661670236 122.22591006424 207
250.256097560976 1017.36585365854 208
257.982474226804 385.051546391753 209
263.521299638989 464.18916967509 210
271.742449203734 808.903349807798 211
267.396705559369 25.4303363074811 212
270.67296222664 761.919483101392 213
266.754453911696 1000.97908597986 214
270.6796875 612.13359375 215
273.570375829035 923.617538688283 216
271.207983193277 716.773109243697 217
276.292630057803 345.872832369942 218
275.71875 498.435096153846 219
269.436395759717 421.496466431095 220
279.677360219982 648.65261228231 221
278.986225895317 541.89898989899 222
280.970666666667 687.522666666667 223
287.495980707396 853.936495176849 224
287.212093862816 577.821299638989 225
291.371457489879 205.10020242915 226
287.106223175966 890.404506437768 227
297.50193382037 83.7026214009454 228
287.156053811659 383.317488789238 229
286.944625407166 972.71878393051 230
295.984790874525 136.807351077313 231
295.132286995516 258.573243647235 232
285.660633484163 426.628959276018 233
300.969798657718 30.2409395973154 234
291.082332761578 300.058319039451 235
300.70848985725 455.920360631104 236
301.578027465668 1006.80649188514 237
311.039721254355 700.22787456446 238
306.340692124105 505.385441527446 239
310.789066813915 738.580894533407 240
313.257546563905 922.837508028259 241
304.731017770598 786.411147011309 242
305.706349206349 2.50793650793651 243
311.147487844408 613.445705024311 244
304.643892339544 660.398550724638 245
306.615004935834 409.709772951629 246
307.787158145065 953.162901307967 247
309.475734791524 339.820915926179 248
315.357700496806 548.385379701916 249
319.324368825467 834.050493962678 250
316.801952580195 172.239888423989 251
318.500300661455 289.907396271798 252
323.548556430446 873.267716535433 253
322.210008203445 986.861361771944 254
326.316654753395 376.52108649035 255
323.629569455727 233.444354183591 256
334.057259713701 902.153374233129 257
330.280473372781 101.949112426035 258
333.207026348808 427.237766624843 259
327.153992395437 472.302281368821 260
335.866515837104 579.570135746606 261
325.700636942675 1016.55414012739 262
327.37984496124 24.8062015503876 263
335.824453551913 663.006147540984 264
336.652519893899 788.253978779841 265
339.041994750656 54.3893263342082 266
355.272532188841 8.97210300429185 267
348.028584817245 153.194470477976 268
343.335589941973 303.191489361702 269
338.730248306998 501.097065462754 270
345.687111111111 961.809777777778 271
346.082324455206 205.683615819209 272
347.055967078189 749.021399176955 273
347.142655367232 332.379943502825 274
352.678045909358 625.978811065333 275
350.721547799697 253.778452200303 276
350.15503875969 532.606373815676 277
356.330504243635 707.216674987519 278
364.280805687204 819.234004739336 279
358.670485175202 1003.56199460916 280
353.238793806031 460.852485737571 281
362.851499634236 932.531089978054 282
353.160231660232 367.346525096525 283
368.734025974026 105.482597402597 284
363.311855670103 852.367697594502 285
373.386462022826 43.414010232192 286
360.905189620759 889.122754491018 287
358.065155807365 562.787535410765 288
363.340485074627 410.002798507463 289
370.654240447344 591.904007455732 290
371.447048611111 777.059895833333 291
379.270612038442 494.905918057663 292
371.136402387042 281.520034100597 293
372.691017964072 667.544910179641 294
386.717259323504 162.784041630529 295
375.156843156843 209.110889110889 296
368.715909090909 325.331818181818 297
382.96265060241 549.946385542169 298
386.762331838565 966.691864189622 299
372.934782608696 234.15652173913 300
375.303990610329 363.079812206573 301
384.969130787977 447.206336311942 302
393.994346289753 749.724381625442 303
390.46062992126 632.141076115486 304
389.75 250.278761061947 305
383.878612716763 902.669075144509 306
395.802591463415 872.25 307
396.205035971223 1002.67895683453 308
389.650505050505 313.548484848485 309
390.356054530874 405.113071371291 310
399.448367166814 719.602824360106 311
396.994449583719 690.532839962997 312
405.969198088157 61.7238449283059 313
398.011255411255 357.042424242424 314
402.528282828283 930.70101010101 315
401.207106598985 834.482233502538 316
408.566901408451 795.575704225352 317
410.856725146199 278.525584795322 318
407.173222390318 591.027231467473 319
416.91917973462 107.056694813028 320
403.348484848485 208.90202020202 321
469.335645526614 26.0710645526614 322
413.391129032258 667.283266129032 323
414.578158458244 513.659528907923 324
415.308125502816 461.707160096541 325
413.748982360923 902.80868385346 326
415.583333333333 415.677845528455 327
416.264080100125 556.73717146433 328
423.536326530612 236.859591836735 329
420.400470219436 315.358150470219 330
425.282744282744 154.676368676369 331
422.184713375796 366.084622383985 332
428.937363437728 981.714493809177 333
427.47012802276 630.359174964438 334
431.248194945848 948.956678700361 335
437.981577432355 772.008059873345 336
431.542372881356 874.823529411765 337
436.236724248241 839.392834293026 338
432.385196374622 1010.69939577039 339
424.910806174957 202.072041166381 340
433.553633217993 736.352941176471 341
437.611349957008 703.643164230439 342
446.339463601533 386.340229885057 343
433.431707317073 420.941463414634 344
447.024911032028 491.10930350788 345
438.363847045191 589.677867902665 346
450.140237324703 916.469795037756 347
440.648148148148 664.415824915825 348
442.975308641975 259.361728395062 349
447.417536534447 333.864996520529 350
445.784738955823 550.539759036145 351
449.020446096654 180.063816604709 352
450.733379986004 437.391182645206 353
454.936842105263 815.397129186603 354
448.911111111111 289.462745098039 355
463.333333333333 90.5507889546351 356
464.546599496222 132.880982367758 357
458.608137044968 216.964668094218 358
459.748308525034 612.322056833559 359
464.021886792453 646.564528301887 360
470.940735694823 1002.64577656676 361
464.064516129032 691.787878787879 362
463.927254098361 875.695696721311 363
466.91875 964.34296875 364
470.123362445415 726.460698689956 365
476.636768447837 760.668575063613 366
477.391662627242 526.699466795928 367
470.67032967033 583.095238095238 368
474.275590551181 236.430446194226 369
475.371932515337 346.308282208589 370
478.654527559055 798.61811023622 371
482.198964497041 285.217455621302 372
480.040920716113 387.042199488491 373
481.578225068619 849.648673376029 374
482.17211201867 444.864060676779 375
490.806114239743 907.882542236525 376
482.474131274131 171.910424710425 377
488.363807728558 483.697455230914 378
483.902208201893 672.293375394322 379
492.71270310192 942.553914327917 380
497.226166995398 612.226166995398 381
501.345454545455 827.304132231405 382
511.746540422433 64.5761107064822 383
496.24815498155 567.40036900369 384
498.097859327217 709.936799184506 385
499.524110671937 202.540711462451 386
505.121935483871 396.442580645161 387
501.515789473684 880.944210526316 388
500.238219895288 118.567190226876 389
511.706740792217 642.876997915219 390
505.021596244131 984.646009389671 391
507.97192513369 314.249331550802 392
511.000997008973 740.910269192423 393
506.188679245283 789.039187227866 394
513.739007092199 1012.22269503546 395
509.189349112426 680.237672583826 396
511.2197265625 250.0009765625 397
512.040462427746 153.150289017341 398
520.016872160934 499.276443867618 399
519.692211055276 447.623743718593 400
519.128646222887 539.118922961855 401
521.600938967136 766.775821596244 402
527.035928143713 331.711826347305 403
522.634615384615 865.787087912088 404
529.044748858448 964.653881278539 405
533.248265227448 932.417116422513 406
526.899928520372 196.603288062902 407
529.73515625 591.68671875 408
538.13856812933 98.5612009237875 409
536.935807422267 128.187562688064 410
528.282317979198 903.322436849926 411
534.423696682464 716.965876777251 412
536.936073059361 796.621917808219 413
533.208520179372 368.044843049327 414
533.459760273973 834.525684931507 415
532.934358974359 276.395897435897 416
536.291338582677 404.742782152231 417
541.787914691943 157.568720379147 418
535.685124864278 233.28773072747 419
546.427615062762 558.734728033473 420
536.996627318718 689.155143338954 421
546.105078809107 662.33887915937 422
546.906902086677 994.70304975923 423
549.475222363405 471.184879288437 424
551.174814814815 626.897777777778 425
557.456687456687 894.390159390159 426
550.007987220447 61.0990415335463 427
557.115 741.704166666667 428
559.486512524085 864.947976878613 429
551.976470588235 336.479411764706 430
560.492007104796 517.736530491415 431
558.153846153846 770.532634032634 432
559.366242038217 1016.26433121019 433
558.1592039801 287.092868988391 434
559.18085106383 421.062943262411 435
560.753761969904 817.053351573187 436
564.008547008547 24.3228139381986 437
558.769652650823 182.835466179159 438
564.30322239831 228.097200211305 439
563.705271565495 366.338658146965 440
573.891179839633 962.460481099656 441
568.652312599681 583.870015948963 442
577.116624040921 73.3176470588235 443
568.744394618834 123.196188340807 444
569.244943820225 694.568539325843 445
570.602225312935 840.628650904033 446
581.433479075578 926.041224234853 447
581.014647887324 309.907605633803 448
575.223860589812 794.611260053619 449
580.719619823489 447.186014935506 450
590.794599807136 140.899710703954 451
586.768093385214 391.556420233463 452
581.055489964581 616.386068476978 453
584.228714524207 655.212020033389 454
592.309182209469 721.992109038737 455
588.659053833605 1003.26182707993 456
589.659890539484 228.831899921814 457
586.191056910569 548.798780487805 458
589.121428571429 485.728571428571 459
599.890391459075 256.126690391459 460
594.597454256166 761.622116149562 461
596.335533553355 33.4389438943894 462
603.264918032787 175.051147540984 463
596.227272727273 856.578877005348 464
599.953711093376 891.184357541899 465
597.09151047409 825.020948180816 466
603.89686746988 342.345542168675 467
604.267991775189 514.919808087731 468
601.323995127893 93.652862362972 469
605.091895803184 585.590448625181 470
602.619318181818 687.856534090909 471
605.26079447323 8.72884283246978 472
610.327461969576 415.832666132906 473
609.037810945274 795.678606965174 474
614.753479125249 623.599072233267 475
612.086032388664 978.277327935223 476
617.713520749665 454.460508701473 477
620.559968847352 942.615264797508 478
620.336257309942 667.600389863548 479
616.187134502924 287.24171539961 480
614.307692307692 56.59394703657 481
622.792070484581 545.409691629956 482
625.271010387158 733.699716713881 483
627.183147033534 378.687876182287 484
625.713580246914 871.130864197531 485
628.899308983218 908.792694965449 486
632.456402590932 205.8903836572 487
635.500772797527 1007.9799072643 488
629.210059171598 847.044378698225 489
628.906127770535 764.572359843546 490
634.13055062167 19.3428063943162 491
627.479376718607 105.204399633364 492
635.735652173913 700.586086956522 493
629.709639953542 822.458768873403 494
628.953191489362 254.195744680851 495
636.091709464417 482.781364636831 496
641.239675016926 60.4245091401489 497
637.095626822157 150.666472303207 498
641.331381733021 644.686182669789 499
642.227180527383 296.933062880325 500
641.877838684417 342.103367267032 501
644.200597014925 576.471044776119 502
642.835570469799 788.065995525727 503
647.799588900308 961.134635149024 504
649.549748743719 513.270351758794 505
643.668411867365 418.039267015707 506
660.040420371867 987.49393694422 507
654.251583710407 613.942986425339 508
659.882940756602 888.264810849393 509
657.370416407707 237.874456183965 510
654.822796934866 102.075670498084 511
659.75415282392 672.919158361019 512
656.14744351962 737.784780023781 513
664.038125496426 810.242255758538 514
659.60947503201 536.994878361076 515
668.314269535674 929.272366930917 516
666.932098765432 446.189814814815 517
668.316708229426 849.732543640898 518
666.508287292818 368.085635359116 519
662.939203354298 164.110062893082 520
671.175685693106 768.336545589325 521
673.632653061224 704.525850340136 522
670.479012345679 16.080658436214 523
672.412580943571 403.087881591119 524
671.260323159785 482.76750448833 525
669.708512467756 316.386070507309 526
674.843115124154 647.419864559819 527
678.037837837838 268.072972972973 528
673.084558823529 54.3097426470588 529
674.953579858379 107.763178599528 530
679.240793201133 189.399433427762 531
681.239631336406 1015.06912442396 532
679.682983682984 550.131701631702 533
678.735 582.12 534
688.453383458647 612.973684210526 535
689.376796714579 968.318275154004 536
692.714406779661 506.283050847458 537
698.880744618965 738.499709133217 538
699.960128617363 815.575562700965 539
699.434635793536 125.375783888085 540
696.90162601626 334.99918699187 541
702.223819301848 418.770704996578 542
694.810226155359 219.407079646018 543
700.042580645161 880.331612903226 544
704.771929824561 996.897243107769 545
700.765475152572 461.238012205754 546
704.846257585974 667.184760620364 547
707.956352299298 914.920498830865 548
700.246511627907 74.0911627906977 549
705.430706521739 374.809782608696 550
707.49734325186 949.829968119022 551
702.200726612171 296.534968210718 552
705.820362785255 28.8133411351668 553
705.815850815851 559.440559440559 554
710.565182186235 776.242105263158 555
725.556856187291 850.88127090301 556
709.783295711061 524.94920993228 557
711.595771144279 632.539800995025 558
707.629504504505 167.760135135135 559
712.486842105263 587.320175438596 560
715.952380952381 252.311738648948 561
719.247592847318 698.060522696011 562
734.097287184284 826.550046772685 563
724.267226890756 200.815966386555 564
718.695364238411 1017.33112582781 565
730.253510140406 477.839313572543 566
734.895493767977 320.464046021093 567
735.332126696833 353.342986425339 568
729.06862745098 427.27731092437 569
734.737060041408 7.31884057971014 570
737.197841726619 67.3180883864337 571
729.012861736334 119.843515541265 572
746.918128654971 976.442495126706 573
732.3088 538.248 574
743.300542740841 604.885345997286 575
737.658461538462 154.811538461538 576
735.327723649247 289.92028343667 577
734.618143459916 446.514767932489 578
747.495851634944 787.312835529527 579
743.698868991517 731.632422243167 580
745.472924187726 565.128519855596 581
750.07680608365 1006.74600760456 582
744.661558109834 391.22349936143 583
736.044247787611 507.838938053097 584
746.994514106583 945.110501567398 585
746.003302509907 644.264200792602 586
738.266666666667 28.0136752136752 587
749.925015365704 883.692685925015 588
752.228931652289 914.469143994691 589
749.797651933702 224.616022099448 590
759.549457177322 679.768395657419 591
754.994962216625 260.520151133501 592
751.811926605505 180.660550458716 593
757.788683602771 524.277136258661 594
759.964192708333 105.09765625 595
765.576856649395 850.297063903281 596
761.261744966443 456.442953020134 597
759.923364485981 494.224299065421 598
770.577519379845 23.4867109634551 599
763.67182320442 328.934806629834 600
766.085844748858 421.87397260274 601
772.899418121363 287.090606816293 602
781.088030398987 352.120329322356 603
778.137768817204 740.201612903226 604
771.002915451895 143.623906705539 605
769.125 187.420608108108 606
777.311499272198 572.743813682678 607
786.467775467775 604.492723492723 608
783.690736688549 811.46462436178 609
779.610378188215 67.1363236587511 610
789.465147453083 540.430965147453 611
787.670769230769 957.169230769231 612
785.81890459364 467.127208480565 613
789.830282861897 244.711314475874 614
791.201042873696 392.194090382387 615
789.143733567046 214.496056091148 616
790.729330708661 999.199803149606 617
789.939739413681 641.42671009772 618
793.403755868545 502.668678739101 619
793.794403198173 690.339234723015 620
794.144808743169 931.669398907104 621
794.887692307692 779.458461538462 622
795.334854014599 869.677919708029 623
814.654424040067 1015.05676126878 624
785.701438848921 187.032374100719 625
793.121758737317 307.667418263811 626
805.835984095427 892.714711729622 627
794.479452054794 106.650228310502 628
798.712837837838 145.669763513514 629
811.005934718101 430.620178041543 630
805.373417721519 977.344303797468 631
810.312382149591 832.516027655563 632
800.311827956989 33.9860215053763 633
804.213692946058 911.255186721992 634
814.276851234156 746.049366244163 635
816.774070021882 257.541575492341 636
809.310575635877 173.151271753681 637
806.610655737705 6.06147540983607 638
818.703326180257 64.9098712446352 639
825.24281742354 556.460611677479 640
819.432835820896 354.753731343284 641
821.026863084922 644.769497400347 642
821.027671755725 706.38358778626 643
827.290155440415 466.667242371906 644
817.366024518389 322.290718038529 645
831.178872326636 290.898898250162 646
827.19233311302 200.272967614012 647
829.436851211073 389.700692041522 648
829.089367253751 600.365949119374 649
830.930648769575 105.715883668904 650
838.466169724771 506.287844036697 651
830.015927189989 798.151308304892 652
831.810567010309 856.479381443299 653
837.167437557817 941.414431082331 654
834.672222222222 965.311111111111 655
838.642737896494 996.272120200334 656
831.234521575985 16.750469043152 657
833.215485074627 146.107276119403 658
841.241533546326 667.592332268371 659
832.60244648318 916.68501529052 660
843.051145038168 767.758778625954 661
847.566304347826 875.16847826087 662
851.312920592194 717.413189771198 663
852.666463414634 332.071341463415 664
845.993243243243 897.713963963964 665
851.204678362573 65.0023391812865 666
848.07444668008 223.249496981891 667
857.960282916213 416.517410228509 668
851.523423423423 825.697297297297 669
858.870274914089 23.696735395189 670
866.253339474896 158.016582220175 671
862.483832335329 249.234730538922 672
866.086005830904 616.612244897959 673
853.546816479401 198.305243445693 674
869.079558652729 569.551684088269 675
864.997890295359 369.057665260197 676
869.388961892247 526.391590013141 677
870.955011389522 460.733485193622 678
868.34701986755 983.185430463576 679
865.520084566596 101.86733615222 680
865.551912568306 1015.3306010929 681
874.251774986346 292.292190060076 682
864.869814020029 795.422031473534 683
866.348122866894 914.105802047782 684
870.977128335451 958.780177890724 685
871.337142857143 743.08 686
874.917117117117 847.211711711712 687
873.438622754491 672.205089820359 688
875.474480151229 691.931947069943 689
884.013708019191 200.825222755312 690
879.475355969332 882.260679079956 691
885.080765143464 935.735387885229 692
880.450549450549 648.80376766091 693
880.093195266272 774.513313609467 694
884.966666666667 50.0676470588235 695
894.63277826468 1004.76774758983 696
885.890658174098 486.193205944798 697
887.324960753532 24.2825745682889 698
889.123629112662 809.356929212363 699
893.705982905983 417.084615384615 700
893.528301886792 711.534591194969 701
902.821897073663 318.865792129162 702
893.627027027027 5.81621621621622 703
900.122516556291 370.390176600442 704
892.847435897436 83.1141025641026 705
898.918305597579 756.894099848714 706
912.977152182783 109.663402692778 707
909.395918367347 229.534693877551 708
902.575928008999 971.718785151856 709
900.431125131441 618.010515247108 710
902.243323442136 902.872403560831 711
914.192729083665 572.176294820717 712
914.209699146834 157.622810956444 713
909.445117845118 530.288888888889 714
904.3296 735.3024 715
912.582225913621 492.936877076412 716
906.258230452675 674.553497942387 717
911.865656565657 853.630303030303 718
912.091458153581 268.841242450388 719
910.450534759358 829.687165775401 720
908.752542372881 431.377966101695 721
914.047138047138 784.011223344557 722
916.263870094723 945.135317997294 723
915.765380604797 643.10740354536 724
918.85516372796 874.375314861461 725
933.068498769483 444.678014766202 726
951.505058365759 22.0334630350195 727
919.90976744186 57.6483720930233 728
923.754789272031 919.703703703704 729
925.149336283186 690.757743362832 730
930.02478551001 987.626310772164 731
922.837894736842 807.94947368421 732
939.221465076661 385.735519591141 733
946.008631851532 179.098834700043 734
934.418604651163 718.34980620155 735
932.39804096171 605.182546749777 736
935.996133023975 754.343387470998 737
933.735346358792 1011.97868561279 738
947.570040214477 327.359249329759 739
940.165113182423 955.954727030626 740
945.527298850575 277.748563218391 741
938.837004405286 890.697503671072 742
951.805590062112 520.809316770186 743
947.141836734694 75.5448979591837 744
950.684462696783 483.297741273101 745
944.023069207623 644.650952858576 746
953.065544197234 229.926638604931 747
943.203426124197 814.019271948608 748
941.443548387097 834.123655913978 749
952.622540250447 783.208407871199 750
967.107834877843 105.360151642797 751
952.011834319527 860.891124260355 752
952.00933125972 926.395023328149 753
952.742462311558 676.023869346734 754
958.94701986755 577.33885209713 755
961.625252525253 548.857575757576 756
958.14481409002 609.544031311155 757
966.536870503597 896.469424460432 758
963.084919472914 972.931185944363 759
967.165584415584 726.124458874459 760
965.659356725146 697.315789473684 761
962.197777777778 834.2 762
972.182978723404 996.162765957447 763
978.055625 401.199375 764
968.442922374429 1014.73515981735 765
970.573795180723 948.781626506024 766
981.175368139224 439.550200803213 767
970.755102040816 805.665816326531 768
985.318736141907 51.2766075388027 769
973.863461538462 643.423076923077 770
972.060975609756 623.503484320558 771
982.332350773766 750.060427413412 772
985.689608636977 148.227395411606 773
984.60626911315 220.340978593272 774
990.340256296951 261.510384445426 775
987.173076923077 359.873543123543 776
981.815398075241 856.826771653543 777
979.754838709677 923.314516129032 778
984.53966189857 590.873862158648 779
982.925555555556 664.714444444444 780
992.075444839858 474.766548042705 781
986.462469733656 515.489104116223 782
987.772607550483 310.618086040386 783
993.988347457627 817.908898305085 784
991.573157315732 555.037403740374 785
996.108061749571 780.156089193825 786
991.770045385779 694.484114977307 787
999.445680068435 968.848588537211 788
997.528806584362 904.62962962963 789
1010.78621548954 478.421404682274 790
1001.61096605744 935.453002610966 791
1001.30201342282 718.738255033557 792
1007.12571976967 1002.60652591171 793
