16.1730496453901 11.7645390070922 1
5.68556701030928 39.6134020618557 2
14.9575200918484 69.8197474167623 3
6.6943359375 132.736328125 4
3.57333333333333 188.2 5
4.85955056179775 207.994382022472 6
7.86283891547049 237.984051036683 7
15.0675844806008 274.082603254068 8
5.31739130434783 296.613043478261 9
11.6655518394649 325.943143812709 10
8.28716216216216 377.834459459459 11
5.73462783171521 413.993527508091 12
7.92323651452282 446.846473029046 13
23.0469208211144 469.674486803519 14
19.3153526970954 504.174273858921 15
11.0591327201051 532.961892247043 16
8.13278008298755 567.275933609959 17
13.3653483992467 592.120527306968 18
6.29396325459318 620.005249343832 19
17.1279069767442 658.028343023256 20
7.05664488017429 692.947712418301 21
10.8514391829155 738.839368616527 22
23.1464480874317 780.492896174863 23
10.9609218436874 808.309619238477 24
23.5233449477352 850.112891986063 25
3.30898876404494 876.606741573034 26
29.2698327037237 887.014570966001 27
4.16355140186916 923.485981308411 28
17.2666139240506 958.911392405063 29
7.88405797101449 987.304347826087 30
15.8866459627329 1011.04192546584 31
29.0603804797353 350.708850289495 32
22.1631355932203 116.156779661017 33
37.3647581441264 928.017769002961 34
20.9900166389351 182.007487520799 35
24.3339070567986 395.580034423408 36
30.9035714285714 431.978571428571 37
35.5630965005302 619.239660657476 38
34.4225260416667 707.563802083333 39
34.8261253309797 42.6725507502207 40
30.3507404520655 233.781761496493 41
40.0325636471285 555.943753700414 42
48.0170585523283 993.423236514523 43
35.2279670975323 309.227967097532 44
37.9706439393939 142.522727272727 45
44.7271268057785 750.774745853398 46
58.3588110403397 825.562329390355 47
42.0484988452656 596.896073903002 48
40.0247252747253 82.4450549450549 49
42.9383378016086 278.339588918677 50
44.7085610200364 649.449908925319 51
46.5900497512438 375.357213930348 52
47.3107769423559 186.453634085213 53
47.9710526315789 485.475 54
50.1186612576065 17.0649087221095 55
55.416091954023 685.898850574713 56
56.8231884057971 516.997826086956 57
59.4895209580838 422.485778443114 58
74.1612903225806 963.505571847507 59
60.8129370629371 110.632867132867 60
58.452808988764 222.262921348315 61
72.5955056179775 1016.55056179775 62
58.5834564254062 315.821270310192 63
66.6711668273867 582.599807135969 64
53.0036231884058 249.971014492754 65
64.0286054827175 460.132300357569 66
68.0745428973277 334.443037974684 67
75.0261976047904 909.979041916168 68
70.1013185287994 58.1450381679389 69
63.8148688046647 148.80612244898 70
90.7605473204105 790.549030786773 71
77.7712470214456 761.099285146942 72
71.9327272727273 878.389090909091 73
72.947426067908 391.400876232202 74
69.8047337278107 262.113905325444 75
72.3615160349854 635.587463556851 76
77.855421686747 666.422690763052 77
77.3911439114391 198.939729397294 78
82.7446808510638 356.812310030395 79
80.0185799601858 716.834771068348 80
73.9431818181818 288.183712121212 81
77.9683333333333 611.268333333333 82
88.6313868613139 531.391240875912 83
73.3157894736842 19.2471395881007 84
79.4828571428571 168.854285714286 85
89.5067092651757 487.370607028754 86
84.2420091324201 4.84474885844749 87
97.1420863309353 238.126348920863 88
87.7618421052632 561.686842105263 89
106.166413142683 88.1606327958625 90
109.489434608795 939.089091947459 91
88.2165354330709 134.209973753281 92
89.5030581039755 306.327217125382 93
94.0460750853242 428.724402730375 94
101.171968190855 856.951292246521 95
113.962543893874 994.65938353492 96
101.694822888283 458.509536784741 97
100.486457204767 24.8764897074756 98
112.162954279015 687.759085580305 99
107.164979757085 275.696356275304 100
104.670874661858 644.055004508566 101
106.314631463146 332.443344334433 102
102.848643006263 389.072025052192 103
105.748668796592 582.535676251331 104
115.16206482593 824.938175270108 105
109.595839524517 46.0059435364042 106
107.916666666667 191.172619047619 107
100.850267379679 611.688057040998 108
102.326829268293 160.99512195122 109
109.125 5.38839285714286 110
121.450620934358 885.28681253696 111
115.919520547945 758.595890410959 112
123.803671189146 914.824421388667 113
120.402525651144 723.43409629045 114
116.415525114155 130.482496194825 115
124.387265917603 416.552808988764 116
130.323394495413 301.576452599388 117
125.499693439608 503.19435928878 118
126.10376633359 546.088393543428 119
131.610546378653 365.48792884371 120
128.831045406547 215.438225976769 121
144.126993865031 957.410429447853 122
126.923522595597 159.596755504056 123
133.519607843137 1017.64705882353 124
135.221391174271 613.810770381451 125
139.785812672176 454.629476584022 126
135.296894409938 17.7875776397516 127
132.298270893372 329.236311239193 128
138.689595872743 581.098882201204 129
147.919185687847 644.302899444787 130
143.991970352069 796.425571340334 131
139.388743455497 46.8442408376963 132
138.14269005848 246.466666666667 133
154.471428571429 674.968027210884 134
146.178713264496 126.791104050834 135
151.83424077435 173.145795523291 136
146.122393472348 851.311876699909 137
153.595394736842 754.21600877193 138
153.656352863726 273.608294930876 139
140.032258064516 1.96774193548387 140
153.572668112798 391.588937093275 141
155.225490196078 83.5790441176471 142
156.128179043744 483.904374364191 143
156.377901578459 705.714948932219 144
179.38212334114 999.115534738486 145
164.384498480243 516.584346504559 146
161.5853432282 420.305194805195 147
164.8573551263 205.820208023774 148
164.845099383139 339.076079506511 149
184.797959183673 867.627346938776 150
175.932360742706 823.994031830239 151
168.454142011834 9.95562130177515 152
164.740099009901 554.383663366337 153
178.017313432836 902.755223880597 154
149 10 155
164.270833333333 40.4884259259259 156
184.286161063331 930.503518373729 157
173.595623987034 595.673419773096 158
180.275387263339 230.039586919105 159
186.90820165538 963.562829194883 160
183.666473988439 305.49710982659 161
183.594907407407 372.496913580247 162
178.7265625 717.3890625 163
180.794929157345 117.256524981357 164
192.909368635438 439.540224032587 165
188.876923076923 629.951131221719 166
193.451724137931 475.055862068965 167
188.095454545455 258.646363636364 168
192.057864710676 792.889975550122 169
188.692226890756 150.327731092437 170
195.07792860734 754.398692810458 171
192.20523415978 179.469696969697 172
199.154743390358 658.869362363919 173
182.220103986135 46.5909878682842 174
197.63937007874 533.542519685039 175
185.335403726708 80.0900621118012 176
204.370795107034 401.881498470948 177
203.333994053518 686.133795837463 178
199.581818181818 16.08 179
210.744852282901 503.581915846016 180
207.91955017301 561.56401384083 181
201.294117647059 591.041443850267 182
202.422995780591 51.4799578059072 183
207.599734042553 196.412234042553 184
200.520255863539 92.6524520255864 185
219.166853932584 715.245505617978 186
216.06589673913 335.810461956522 187
224.898195876289 1013.13273195876 188
220.632228218967 841.397070161912 189
221.845498783455 270.66301703163 190
213.92657856094 124.436123348018 191
237.605389797883 618.622232916266 192
216.701708278581 156.067017082786 193
215.833700440529 227.366740088106 194
218.912953367876 368.229015544041 195
228.740822320117 810.864904552129 196
227.260952380952 884.119047619048 197
234.669584245077 941.293216630197 198
231.164456233422 968.79575596817 199
218.5814863103 88.2803129074316 200
228.26357267951 302.948336252189 201
236.094838709677 912.449677419355 202
235.265270506108 776.260034904014 203
241.849529780564 5.81818181818182 204
231.663113006397 27.4413646055437 205
235.844387755102 456.829081632653 206
236.167368421053 591.367368421053 207
231.77085650723 62.4694104560623 208
244.041522491349 483.482698961938 209
238.792207792208 739.411588411588 210
239.441385435169 423.528419182948 211
240.604166666667 651.156746031746 212
228.874055415617 183.823677581864 213
240.442663378545 543.598027127004 214
250.265977443609 567.736842105263 215
237.409948542024 233.677530017153 216
238.569176882662 520.520140105079 217
245.799653078925 196.405897658283 218
252.240279937792 993.812597200622 219
243.677333333333 103.634666666667 220
245.330805687204 685.957345971564 221
244.23724137931 133.136551724138 222
250.35 388.211764705882 223
244.84350132626 158.16976127321 224
251.862007168459 852.143369175627 225
251.11909650924 352.118069815195 226
257.837730870712 44.5936675461741 227
260.873977086743 247.5147299509 228
259.402597402597 320.998819362456 229
255.836633663366 278.965346534653 230
266.910833333333 747.080833333333 231
262.970588235294 503.527941176471 232
264.43287037037 825.847222222222 233
269.839201877934 865.843896713615 234
265.924911660777 72.8992932862191 235
278.130487804878 665.114024390244 236
264.540720961282 797.843791722296 237
282.414039262344 966.1249256395 238
265.542940320233 889.940320232897 239
277.986031746032 705.904761904762 240
267.501344086022 19.130376344086 241
270.489032258065 212.535483870968 242
267.868343195266 298.940828402367 243
273.859421734796 414.393818544367 244
271.564102564103 531.487179487179 245
287.294169611307 1009.24116607774 246
275.690789473684 452.680921052632 247
277.239270386266 166.772532188841 248
277.327669902913 632.817961165049 249
279.925194071983 109.75158786168 250
288.156229400132 773.644034278181 251
284.188964474679 589.445200302343 252
281.546318289786 139.824228028504 253
289.506164383562 935.819863013699 254
278.069033530572 188.376725838264 255
278.597542242704 373.336405529954 256
298.427391603579 908.720578114246 257
278.678321678322 280.269230769231 258
284.636540330418 339.974732750243 259
285.141242937853 484.104519774011 260
291.546285714286 261.340571428571 261
291.857312722949 839.771700356718 262
295.644701691897 559.300979519145 263
287.03667953668 40.0057915057915 264
293.130275229358 510.183486238532 265
292.269613259669 225.891712707182 266
297.457711442786 813.842039800995 267
303.198080279232 430.541012216405 268
298.612486544672 880.027987082885 269
305.256701030928 613.750515463918 270
321.586352657005 981.503019323672 271
300.193761814745 296.522684310019 272
292.924675324675 385.997402597403 273
293.24269005848 17.9005847953216 274
299.245067497404 69.9210799584631 275
306.902501603592 735.822963438101 276
294.91 3.99 277
310.124761904762 530.90380952381 278
318.454106280193 796.166183574879 279
304.593114241002 189.150234741784 280
309.85250338295 468.573748308525 281
313.568047337278 640.550295857988 282
312.177655677656 849.157509157509 283
313.976313841599 153.227239082161 284
317.094130675526 318.070874861573 285
326.529386343993 355.614952463267 286
321.851395730706 404.080459770115 287
309.7025 103.88625 288
314.565656565657 497.762626262626 289
312.091503267974 44.7908496732026 290
314.354203935599 668.429338103757 291
319.107382550336 693.069031639501 292
313.964835164835 382.391208791209 293
309.931034482759 1017.88505747126 294
317.358267716535 5.74015748031496 295
315.622641509434 20.9329140461216 296
315.302997858672 222.565310492505 297
330.179972936401 271.894451962111 298
333.350104821803 445.175052410901 299
334.92705682782 591.892281594572 300
333.876223776224 939.87972027972 301
336.121710526316 756.962719298246 302
335.209747606614 866.137510879025 303
330.227631578947 123.784210526316 304
340.866414618778 561.431001890359 305
337.891767415083 78.5428900402994 306
338.790610328638 822.386854460094 307
335.917740336967 238.566897918731 308
356.04208311415 1008.31930562862 309
332.880821917808 186.435616438356 310
341.277890466531 473.919878296146 311
350.85321969697 775.00946969697 312
343.165902140673 722.912844036697 313
340.225604297225 896.446732318711 314
341.754244861483 35.8480786416443 315
346.606361829026 617.688866799205 316
345.676877470356 504.595849802372 317
342.673913043478 532.578804347826 318
344.883361921098 653.514579759863 319
355.09751924722 299.450812660394 320
347.741088180113 10.7373358348968 321
345.375460122699 158.954601226994 322
347.100486223663 209.557536466775 323
351.703105590062 327.391304347826 324
356.987709497207 418.288268156425 325
360.829184549356 844.408583690987 326
351.671391752577 686.921391752577 327
357.546666666667 387.366153846154 328
366.392118226601 952.599014778325 329
357.910040160643 114.45702811245 330
368.536413469068 797.718089271731 331
365.341578327444 920.989399293286 332
360.441805225653 192.610451306413 333
369.442664418212 233.115514333895 334
369.056043956044 444.18021978022 335
371.668759811617 61.9167974882261 336
371.499565595135 269.567332754127 337
373.966060606061 989.208484848485 338
376.896734333628 490.073256840247 339
375.434415584416 156.885714285714 340
375.772781065089 627.278106508876 341
377.865735767991 658.247046186896 342
376.12660944206 874.972103004292 343
377.271565495208 568.337593184239 344
368.783582089552 7.10820895522388 345
371.199731903485 354.540214477212 346
377.825771324864 716.387477313975 347
378.184641932701 525.103537532356 348
379.511764705882 595.811764705882 349
382.504012841091 750.083467094703 350
382.371389270977 897.852819807428 351
382.684662576687 685.320245398773 352
382.208067940552 30.052016985138 353
394.558101472995 970.295417348609 354
385.65914221219 194.012415349887 355
384.891866028708 322.664114832536 356
399.947854426942 466.168929929386 357
395.480857580398 820.39280245023 358
386.178849144635 88.2970451010886 359
386.877142857143 124.565714285714 360
393.408573342264 389.710649698593 361
401.179260450161 422.475884244373 362
396.394822006473 220.957928802589 363
396.023724792408 920.67615658363 364
392.227722772277 6.70627062706271 365
407.659237958303 849.835370237239 366
400.350537634409 549.162365591398 367
397.07582260372 288.982832618026 368
407.777684563758 786.398489932886 369
402.015086206897 355.215517241379 370
405.885294117647 252.253676470588 371
405.748481166464 108.560145808019 372
412.172727272727 698.799090909091 373
403.669329073482 627.212460063898 374
401.540485829959 55.7348178137652 375
417.061682242991 604.223364485981 376
413.083406496927 655.780509218613 377
422.153120464441 941.595791001451 378
411.168021680217 176.546070460705 379
410.255351681957 731.136085626911 380
409.569696969697 579.561616161616 381
419.03803131991 882.238627889635 382
407.931666666667 149.728333333333 383
418.348888888889 512.288148148148 384
426.943137254902 759.785620915033 385
418.333333333333 1001.76073619632 386
412.365937859609 24.9528193325662 387
420.19175257732 84.3164948453608 388
418.910294117647 321.246323529412 389
416.726045883941 205.419703103914 390
422.282828282828 1018.78787878788 391
422.62331838565 978.860986547085 392
432.178025034771 672.200278164117 393
429.36398467433 445.72030651341 394
419.503759398496 6.28571428571429 395
432.058740268931 128.803255484784 396
429.594664371773 283.824440619621 397
434.478365384615 918.275240384615 398
431.409760589319 59.0469613259668 399
431.617872340426 383.148936170213 400
429.718321917808 547.771404109589 401
436.038381742739 481.129668049793 402
443.901079136691 638.504496402878 403
436.898177920686 720.317256162915 404
436.527777777778 806.819444444444 405
436.61961722488 824.727272727273 406
437.653333333333 245.324444444444 407
433.413284132841 352.675276752768 408
442.142719382835 163.433944069431 409
436.069553805774 419.322834645669 410
440.989492119089 964.532399299475 411
439.490753911807 582.833570412518 412
446.442073170732 5.63109756097561 413
455.801503759398 897.489473684211 414
438.362549800797 205.766268260292 415
448.964777947933 27.5681470137825 416
453.107070707071 845.353535353535 417
459.003933136676 617.734513274336 418
454.054363376252 786.811158798283 419
457.244725738397 982.68776371308 420
452.852112676056 1002.67957746479 421
450.970833333333 333.875 422
455.908113391984 300.123167155425 423
456.61135371179 675.812227074236 424
451.636363636364 108.436363636364 425
501.040762073549 1007.91094373062 426
460.505928853755 509.970750988142 427
461.571428571429 703.766710353866 428
467.895202020202 745.123737373737 429
458.040221914008 408.553398058252 430
457.299161230196 550.938490214352 431
461.218411552347 871.601083032491 432
472.950742767787 84.7427677873339 433
458.116312056738 372.411347517731 434
474.352249134948 950.313494809689 435
454.733059548255 450.238193018481 436
467.239669421488 56.6418732782369 437
464.068226120858 202.925925925926 438
463.769010043042 234.176470588235 439
474.313417190776 766.87106918239 440
472.17094017094 270.926961926962 441
475.530292716133 591.956432947583 442
462.74672489083 174.513100436681 443
462.87962962963 477.222222222222 444
472.369841269841 726.395238095238 445
463.955497382199 135.65445026178 446
483.448156682028 809.325460829493 447
481.605212355212 923.043436293436 448
475.91649694501 435.646639511202 449
478.181109185442 350.451473136915 450
476.757183908046 116.369252873563 451
471.235507246377 153.648550724638 452
480.25306122449 4.41632653061224 453
481.563035495716 317.088127294982 454
481.305522914219 394.037602820212 455
483.669270833333 472.734375 456
478.388372093023 644.120930232558 457
479.358633776091 21.4838709677419 458
479.489795918367 533.020408163265 459
476.10970464135 560.2194092827 460
486.844848484849 693.233939393939 461
492.657769304099 841.653002859867 462
496.821681068343 664.197957580519 463
491.845904298459 179.365774533658 464
500.386778115501 896.784954407295 465
497.032667876588 976.140653357532 466
498.259944495837 146.551341350601 467
498.869822485207 218.70583262891 468
502.565048543689 251.640129449838 469
490.926100628931 507.738993710692 470
510.506556245687 869.897170462388 471
497.720613287905 536.688245315162 472
502.859805510535 563.923824959481 473
499.26611957796 620.157092614302 474
499.132854578097 44.0933572710952 475
516.150772509323 785.378263185935 476
511.808426596445 293.851217906517 477
507.092485549133 413.151114781173 478
510.637516688919 451.108144192256 479
503.308943089431 67.0691056910569 480
500.425477707006 105.538853503185 481
509.828863346105 369.930395913155 482
508.960669456067 720.116317991632 483
503.191103789127 20.4579901153213 484
502.794788273616 488.57654723127 485
516.329864724246 744.244536940687 486
517.155325443787 328.627958579882 487
528.232741617357 640.310979618672 488
509.095081967213 694.124590163934 489
512.027649769585 945.178187403994 490
518.473202614379 587.304575163399 491
531.789620018536 12.8767377201112 492
519.686980609418 196.885041551247 493
523.488274706868 513.242043551089 494
536.639004149378 845.265560165975 495
519.552878179384 90.669344042838 496
526.325513196481 137.852394916911 497
541.118661787768 478.695765812859 498
533.065789473684 933.813397129187 499
528.631811487482 58.559646539028 500
526.535135135135 36.8405405405405 501
538.958302852963 172.621068032187 502
539.802100161551 985.165589660743 503
534.706443914081 609.316229116945 504
539.548288973384 546.027376425856 505
539.510752688172 818.818279569893 506
535.635375494071 260.353754940711 507
534.767441860465 679.660299003322 508
541.369778869779 960.305896805897 509
537.4265625 116.2546875 510
553.739147909968 756.344051446945 511
557.498930481283 914.576470588235 512
546.119843924192 395.381828316611 513
541.256294964029 220.526978417266 514
542.820276497696 436.440092165899 515
544.602434077079 356.650101419878 516
562.436037829766 883.55599800896 517
546.3906020558 715.101321585903 518
543.621580547112 88.0851063829787 519
551.865470852018 1017.13901345291 520
561.551061678463 573.155712841254 521
548.032383419689 290.733160621762 522
554.592647058824 316.661764705882 523
550.58075040783 56.7618270799347 524
558.260504201681 694.885714285714 525
558.835995740149 516.713525026624 526
561.154518950437 802.409620991254 527
563.064724919094 30.0453074433657 528
567.952789699571 336.295064377682 529
571.980136986301 660.661643835616 530
566.575140449438 142.452949438202 531
567.565733672604 198.429177268872 532
563.837702871411 243.441947565543 533
566.944615384615 111.466153846154 534
576.111445783133 633.433734939759 535
575.889626556017 604.571784232365 536
574.385849056604 420.510377358491 537
573.580125335721 284.441360787825 538
577.706611570248 452.360330578512 539
580.671105193076 956.744340878828 540
574.0625 10.13125 541
575.076642335766 90.6484184914842 542
588.389402859546 1009.7527333894 543
569.037220843672 62.2655086848635 544
593.737845567207 838.70416269463 545
605.749847839318 994.468046256847 546
583.278054862843 367.886533665835 547
595.649468892261 717.660091047041 548
587.114832535885 488.99043062201 549
585.597625329815 171.887862796834 550
587.708004509583 392.841037204059 551
597.289833822092 785.702346041056 552
594.291371158392 529.989952718676 553
588.483830845771 223.058457711443 554
597.555483028721 690.36227154047 555
601.3015 256.683 556
589.865942028986 46.8309178743961 557
595.082004555809 311.800683371298 558
600.07354925776 748.308367071525 559
603.331632653061 77.9736394557823 560
621.685867895545 936.44930875576 561
601.915238954013 347.295761947701 562
593.828402366864 4.56804733727811 563
606.954221770092 112.157680569685 564
604.099343955014 142.207122774133 565
608.778990450205 576.703956343793 566
606.943661971831 15.8281690140845 567
601.839797639123 198.021922428331 568
613.226236798221 623.285714285714 569
634.023316062176 871.318329015544 570
612.870357393132 421.687456201822 571
613.256345177665 906.194162436548 572
613.759920634921 461.378968253968 573
612.471153846154 169.803846153846 574
629.709580838323 285.069461077844 575
626.038582677165 670.627559055118 576
612.227963525836 33.4437689969605 577
657.111346204708 975.651150489289 578
627.285816618911 384.821633237822 579
625.497863247863 54.5705128205128 580
630.640310077519 222.049612403101 581
630.275045537341 503.886156648452 582
631.785230769231 547.466461538462 583
626.698694029851 322.963619402985 584
639.29215786776 801.624295233214 585
631.138858988159 190.180839612487 586
634.908496732026 92.0745098039216 587
626.121212121212 3.6969696969697 588
637.181937172775 138.400523560209 589
645.12972972973 473.967567567568 590
651.984924623116 726.147403685092 591
652.641895530425 645.768443726441 592
643.262250453721 354.277676950998 593
642.406930693069 25.4772277227723 594
648.240606936416 759.445086705202 595
646.599190283401 163.429149797571 596
648.273156899811 697.116257088847 597
649.10703125 603.5078125 598
656.017021276596 117.270212765957 599
649.621570482498 251.944181646168 600
655.848045674133 432.386034255599 601
639.81045751634 5.11764705882353 602
644.974452554745 907.697080291971 603
659.142700329308 576.816684961581 604
652.472578763127 67.0105017502917 605
668.84791086351 829.40278551532 606
661.256370656371 530.176833976834 607
663.948896631823 1011.38908246225 608
660.439890710383 297.75956284153 609
662.119503945885 323.763246899662 610
662.787652011225 198.943872778297 611
672.110016420361 391.113847837986 612
665.733746130031 6.21052631578947 613
674.720785013381 54.4397859054416 614
674.113157894737 496.628947368421 615
678.635142697258 914.865696698377 616
675.047945205479 234.5 617
674.638230647709 89.5387045813586 618
678.742857142857 772.004285714286 619
677.422047244095 21.4157480314961 620
687.686098654709 145.095964125561 621
687.046198830409 271.105263157895 622
685.266295707472 356.548489666137 623
687.123529411765 685.286928104575 624
685.091482649842 946.091482649842 625
684.518737672584 173.667652859961 626
683.055408970976 797.246701846966 627
695.547384007897 613.55824284304 628
689.043848964677 874.299634591961 629
695.265380604797 465.694994786236 630
691.119834710744 565.482782369146 631
686.873452544704 747.334250343879 632
705.72120285423 651.047910295617 633
691.446215139442 329.424966799469 634
695.30540037244 112.765363128492 635
696.878526645768 214.664576802508 636
692.115332428765 512.740841248304 637
696.181818181818 537.183441558442 638
698.976833976834 302.123552123552 639
721.000762195122 1010.2118902439 640
697.787081339713 425.503588516746 641
705.165627165627 41.6638946638947 642
702.997912317328 8.12108559498956 643
703.254335260116 713.622350674374 644
715.552929085303 835.649537512847 645
704.070785070785 80.5302445302445 646
712.741706161137 389.1224328594 647
712.285119667014 796.767950052029 648
721.153905053599 970.136294027565 649
719.238095238095 588.163449163449 650
717.248201438849 248.179856115108 651
723.019108280255 739.48195329087 652
723.381461675579 771.358288770053 653
714.746328437917 169.468624833111 654
723.104275286757 195.891553701773 655
715.848024316109 892.185410334347 656
714.489771359807 930.77376654633 657
733.168273444347 483.039439088519 658
722.525401069519 130.557486631016 659
722.269990592662 511.211665098777 660
726.093402520385 331.523350630096 661
725.23063973064 360.400673400673 662
725.122593718338 437.717325227963 663
729.654761904762 995.308035714286 664
727.957582184517 280.695652173913 665
724.443959243086 543.395924308588 666
730.111301369863 567.880136986301 667
735.029710144928 102.033333333333 668
741.127800829875 866.921161825726 669
727.392781316348 65.5116772823779 670
737.425561797753 674.655196629213 671
736.758998435055 25.6885758998435 672
727.439205955335 304.612903225806 673
760.41499364676 916.225667090216 674
737.39201183432 149.575443786982 675
743.840783833435 223.941824862217 676
738.424528301887 4.14150943396226 677
745.918518518519 626.142962962963 678
740.428109854604 950.681744749596 679
738.125 712.168831168831 680
745.038034865293 417.83676703645 681
743.726086956522 391.320652173913 682
754.997896213184 802.985273492286 683
751.090909090909 179.241106719368 684
754.686166007905 452.234782608696 685
767.519648093842 595.103812316716 686
748.794811320755 65.3042452830189 687
756.375 263.520962732919 688
750.61696969697 536.128484848485 689
764.427013422819 689.063758389262 690
763.818879056047 306.702064896755 691
759.608524590164 355.213770491803 692
766.463056680162 766.087550607287 693
775.286375916634 841.521420301042 694
762.375538329027 502.02842377261 695
773.81126173097 558.540667361835 696
777.339017051153 971.248746238716 697
758.660674157303 988.806741573034 698
766.480947476828 125.969104016478 699
765.728553137004 730.257362355954 700
774.421125781793 647.227936066713 701
759.3 2.94285714285714 702
770.442222222222 47.0088888888889 703
773.243396226415 155.424528301887 704
771.245714285714 89.8481632653061 705
774.081967213115 19.1405152224824 706
780.534722222222 1017.25347222222 707
779.167253521127 1004.04753521127 708
773.389380530973 399.070796460177 709
790.741637010676 710.385765124555 710
792.262183235867 953.028265107213 711
776.5 193.998442367601 712
787.886720867209 224.273170731707 713
793.853892215569 884.6 714
787.356200527704 432.754617414248 715
783.108923884514 470.350393700787 716
784.216833095578 525.312410841655 717
792.788306451613 988.877016129032 718
801.3952 281.4288 719
799.133031674208 255.724886877828 720
786.397781299525 341.968304278922 721
792.388461538462 5.9 722
802.253678634491 375.062389640965 723
800.848381601363 500.452299829642 724
811.284842796809 753.702017832004 725
796.973094170404 172.887892376682 726
810.221742260619 793.267818574514 727
802.296862429606 75.0563153660499 728
799.343790849673 109.585620915033 729
809.987002437043 821.558895207149 730
814.195175438596 629.219846491228 731
802.841713221601 315.37895716946 732
818.203545232274 594.138141809291 733
810.425017277125 668.30200414651 734
803.328719723183 138.450980392157 735
809.301242236025 49.6816770186335 736
807.670480549199 34.3386727688787 737
816.389004149378 16.1690871369295 738
821.633872976339 560.923412204234 739
819.453344343518 917.415359207267 740
818.386025200458 1006.78350515464 741
815.156596794081 192.373612823674 742
820.511009870919 469.239179954442 743
816.135725429017 405.176287051482 744
824.192336589031 433.010518407213 745
822.913913913914 868.05005005005 746
825.219202898551 338.66847826087 747
826.333938294011 528.53720508167 748
829.150582362729 159.994176372712 749
833.686198920586 687.619892058597 750
827.74328358209 983.055223880597 751
837.941753926702 724.032068062827 752
831.656472986748 229.128440366972 753
826.860122699386 957.878527607362 754
833.945848375451 108.148736462094 755
835.255094339623 296.53358490566 756
839.217391304348 200.464975845411 757
837.141327623126 495.782655246253 758
836.255630630631 73.8626126126126 759
839.105527638191 1016.43216080402 760
843.817869415808 369.322336769759 761
849.469429347826 854.684782608696 762
842.882828282828 256.939393939394 763
853.252813852814 137.445021645022 764
846.406666666667 41.7533333333333 765
848.588709677419 895.088709677419 766
854.438524590164 928.155737704918 767
845.714285714286 9.9781746031746 768
859.128530259366 815.374063400576 769
857.653994225217 772.60250240616 770
858.117971334068 648.341786108048 771
858.893110109466 405.787508048938 772
868.331687242798 993.6 773
859.165935672515 448.181286549708 774
859.591327201051 600.403416557162 775
873.687549880287 960.410215482841 776
862.549577248271 330.225980015373 777
856.600340136054 176.068027210884 778
868.727871939736 561.744821092279 779
861.812636165577 495.994553376906 780
868.856300663228 527.749447310243 781
868.349871685201 700.568862275449 782
878.308805790109 1011.77563329312 783
866.559633027523 208.990825688073 784
867.520134228188 230.19966442953 785
870.221194280908 74.4735071488646 786
866.290020790021 293.425155925156 787
868.92246835443 25.5648734177215 788
874.275766016713 106.912720519963 789
880.009277667329 261.246520874751 790
883.944074567244 738.060585885486 791
869.733695652174 5.40217391304348 792
887.459190444592 373.954877239549 793
885.024930747922 850.125346260388 794
880.483979763912 896.344013490725 795
881.91061452514 172.525139664804 796
885.702031602709 471.343115124153 797
894.817239144524 677.328580686973 798
895.991416309013 52.2599632127529 799
893.714168039539 133.031301482702 800
891.054600606673 335.192113245703 801
890.648411829135 602.483023001095 802
893.118090452261 425.348408710218 803
895.510941960038 630.492863939106 804
896.003086419753 930.914609053498 805
904.870755195134 781.352255448556 806
897.104402515723 12.1283018867925 807
891.606060606061 300.393939393939 808
903.748837209302 204.027906976744 809
908.072051133062 567.541545613016 810
902.982007575758 233.073863636364 811
903.493377483444 519.583443708609 812
903.479196556671 814.377331420373 813
908.522704339051 713.647830474268 814
913.10775862069 645.558908045977 815
916.18949044586 980.106687898089 816
911.6568 93.38 817
909.901524032825 883.636576787808 818
919.756985055231 388.146198830409 819
910.691292875989 172.792875989446 820
915.527009222661 261.052700922266 821
918.29575828007 465.676350958745 822
922.677514792899 845.946153846154 823
923.404965089216 914.878200155159 824
933.206666666667 1009.21666666667 825
916.326612903226 292.797379032258 826
919.389153187441 329.095147478592 827
920.372576177285 25.9639889196676 828
934.398619957537 741.63110403397 829
925.028985507246 993.024844720497 830
930.278669724771 961.197247706422 831
921.883720930233 145.581395348837 832
924.330285714286 600.980571428571 833
932.502781641168 419.915855354659 834
937.137286758733 344.037367993501 835
934.808325266215 118.197483059051 836
945.150184842884 543.540665434381 837
937.189861751152 662.181566820277 838
931.908396946565 5.4236641221374 839
938.147165259349 62.1803377563329 840
947.719940623454 691.311726867887 841
943.435863874346 945.208115183246 842
943.476078431373 815.122352941176 843
940.14128256513 191.770541082164 844
935.435506241331 222.022191400832 845
939.026002971768 497.522288261516 846
950.474440894569 623.159211927583 847
947.860027855153 881.400417827298 848
945.418904403867 160.357679914071 849
939.19872611465 256.593630573248 850
948.55417700579 783.039702233251 851
949.012842465753 292.255993150685 852
951.084449021627 22.1513903192585 853
958.025151777971 581.959236773634 854
961.238845144357 448.131758530184 855
955.209731543624 98.4077181208054 856
963.520159000568 367.658716638274 857
965.389331698345 913.554874310239 858
977.772297297297 987.547297297297 859
964.329192546584 134.432712215321 860
965.440594059406 246.322607260726 861
966.668626010287 848.008817046289 862
993.705169628433 1010.10258481422 863
967.622950819672 216.489071038251 864
975.820604818042 494.085084572014 865
979.73313253012 714.950602409639 866
969.47311827957 319.952853598015 867
969.862788144896 406.177826564215 868
970.031216361679 181.54036598493 869
978.780847145488 748.518416206261 870
984.379695431472 966.252791878173 871
969.406959152799 47.3071104387292 872
976.027450980392 79.3019607843137 873
983.665377176015 631.822050290135 874
972.751655629139 7.58940397350993 875
979.083790133124 782.418167580266 876
988.787555555556 944.338666666667 877
986.819402985075 271.423134328358 878
979.416927899686 23.6238244514107 879
986.723063223508 116.082813891362 880
993.493860117459 529.285638013881 881
993.042611060743 826.310063463282 882
985.968668407311 595.98955613577 883
996.869908015769 663.827201051248 884
988.259863945578 161.194557823129 885
992.644164759725 380.990846681922 886
994.218685831622 571.694045174538 887
1002.15739868049 887.592522777254 888
998.89240972734 200.487103905674 889
1004.55303933254 343.765196662694 890
1000.02409638554 447.30843373494 891
992.818390804598 417.673563218391 892
994.508139534884 51.0290697674419 893
994.324404761905 302.462797619048 894
1002.8905359179 13.5176738882554 895
1002.03258145363 237.393483709273 896
1007.69945848375 804.096570397112 897
1009.90568862275 708.609281437126 898
1009.04317958783 99.2708537782139 899
1007.50628140704 148.301507537688 900
1009.70437017995 764.020565552699 901
1011.48581560284 479.542553191489 902
1012.47733333333 403.746666666667 903
1013.08441558442 614.890538033395 904
1014.40415335463 550.761980830671 905
1013.70703125 52.10546875 906
1014.22159730034 283.797525309336 907
1017.66666666667 168.329896907216 908
1016.62445414847 949.580786026201 909
1016.52682926829 979.663414634146 910
1017.83510638298 220.340425531915 911
