70.5873362445415 23.8059679767103 1
13.5344751866491 102.377250768555 2
4.63260869565217 175.582608695652 3
27.5432486440194 252.326577219526 4
5.30310880829016 267.217616580311 5
22.2491309385863 320.450753186559 6
18.8585580627408 375.365437534397 7
7.54918032786885 413.913114754098 8
5.88285714285714 467.135714285714 9
10.5011876484561 551.484560570071 10
22.1675094816688 618.701643489254 11
9.20219966159052 688.74703891709 12
3.27722772277228 751.277227722772 13
11.9573372563442 854.253401986024 14
4.26953125 924.5546875 15
24.3842432619212 949.887353144437 16
18.8153380423814 995.763370332997 17
25.8486676721971 500.480643539467 18
23.1676337846551 756.66473243069 19
29.8650759219089 175.861605206074 20
41.0907986638324 443.969936228363 21
31.7188540972685 707.197868087941 22
39.0509399636143 913.746513038205 23
36.0676728334956 805.368549172347 24
44.6282806641671 855.599892876272 25
45.8469713071201 90.0053134962806 26
50.655183116077 561.296399751707 27
53.486867148839 657.051770079939 28
49.4491264131552 131.662898252826 29
55.5844544095665 971.343049327354 30
68.9771784232365 392.858328393598 31
60.7212410501193 732.150835322196 32
77.105864994467 275.995942456658 33
79.6598624838848 194.877094972067 34
65.3867854491462 776.244246473645 35
63.0125 1005.15666666667 36
61.3611312545323 339.935460478608 37
70.8689061859893 509.433428922573 38
71.1974817760106 886.027833001988 39
72.9694041867955 937.901771336554 40
82.8077625570776 70.0908675799087 41
82.4470023980815 601.220623501199 42
76.1116405718176 818.507147719537 43
97.5854032505366 677.82490033732 44
87.3087121212121 125.69696969697 45
97.620777027027 455.280123873874 46
99.7914893617021 846.434650455927 47
92.6022727272727 981.515734265734 48
110.569896591344 556.858291842206 49
103.71489136195 912.258611552729 50
107.66608452672 356.908487600419 51
118.041787790698 620.212209302326 52
99.0787771898883 762.818342151675 53
103.560998151571 719.724584103512 54
105.638271604938 1011.53950617284 55
117.344951923077 953.496394230769 56
121.955628594906 48.8122432210353 57
121.446794448116 875.93192333113 58
124.124081279723 800.872027669693 59
131.814843348742 185.383410374936 60
126.94989010989 255.490549450549 61
127.944080082844 507.715913013462 62
129.81696924787 114.555390885513 63
131.348205128205 422.38 64
142.103589277601 992.86460699682 65
143.407548608464 747.02249332825 66
138.417345471969 313.88691902252 67
147.777287319422 693.079454253612 68
145.305580969808 840.741079597438 69
148.444526627219 921.244822485207 70
147.139612188366 375.78836565097 71
153.638627187079 636.982503364738 72
160.283524904215 1017.38314176245 73
164.144306131858 468.401106500692 74
154.062314540059 893.973293768546 75
159.909489051095 69.5250608272506 76
160.212991604065 578.387980556783 77
174.08445728966 244.805716120745 78
162.266141732283 958.59842519685 79
166.165644171779 872.939526730938 80
171.959947757945 802.451458424031 81
176.201079622132 143.553036437247 82
169.710474951204 296.964866623292 83
178.910526315789 419.445748987854 84
169.541511771995 518.434944237918 85
183.671787186212 355.892094417385 86
186.311747851003 658.221776504298 87
186.381107491857 758.720684039088 88
185.502694380293 840.771362586605 89
192.051481301603 556.426906265177 90
192.025663716814 988.509734513274 91
194.677515899738 31.515899738122 92
185.681425485961 205.340172786177 93
190.020737327189 723.369431643625 94
195.689399555226 908.46923647146 95
194.87 616.519333333333 96
196.335384615385 948.088717948718 97
202.462126034373 691.793761935073 98
205.349506578947 90.0978618421053 99
234.192549183759 1006.82879866053 100
214.778211805556 874.544704861111 101
211.071227741331 300.41893158388 102
210.045194805195 491.420779220779 103
213.433128834356 784.547239263804 104
219.609622411693 453.326431181486 105
223.079413034096 403.598187311178 106
220.656557377049 242.875409836066 107
226.539573296628 171.540949759119 108
235.64163372859 347.303359683794 109
224.910128388017 532.027104136947 110
221.047764227642 825.359756097561 111
229.582933844679 576.345158197507 112
237.069533394328 11.9286367795059 113
224.307692307692 734.49592760181 114
232.64376899696 660.449848024316 115
248.221556886228 971.796806387226 116
237.354804079442 923.883521202362 117
230.986772486772 621.971781305115 118
247.995542820758 61.2164915631964 119
258.121108580106 843.219438116932 120
261.187917329094 119.647694753577 121
251.76476329917 708.006832601269 122
248.810890360559 759.454010301692 123
261.837638376384 793.094095940959 124
257.739354234909 297.551708001872 125
258.235530546624 504.184485530547 126
256.89231873654 445.899497487437 127
270.459791282996 237.240024554942 128
277.191712431353 881.633549675487 129
267.033162073797 393.319943951425 130
261.697413793103 597.693103448276 131
278.206285967242 552.22443559097 132
273.894925373134 634.362985074627 133
285.077093732668 942.168607875763 134
282.700621546961 179.105317679558 135
276.620645978467 674.280557314756 136
277.570793650794 26.7866666666667 137
277.295904887715 746.586525759577 138
291.175838077166 908.738140417457 139
284.336021505376 477.294802867384 140
292.986615678776 1015.00956022945 141
293.663287791979 342.662406346408 142
297.415243101183 433.472623740692 143
300.635412123855 287.576101177497 144
305.913182140326 77.7076541459957 145
297.416719846841 716.590299936184 146
298.947251114413 805.661218424963 147
320.844522019334 983.398496240602 148
306.169811320755 6.20943396226415 149
303.143327841845 591.107633168589 150
320.563209393346 841.616046966732 151
304.491972477064 512.344036697248 152
312.38130733945 762.506880733945 153
322.344420600858 386.749284692418 154
319.591611479029 139.51140544518 155
320.387142186767 674.926794931957 156
333.015157116451 42.2805914972274 157
322.820674157303 240.431011235955 158
328.103406813627 629.71623246493 159
319.679032258065 545.609677419355 160
324.506629834254 486.239226519337 161
335.390618513906 194.587795765878 162
346.853762734144 932.774235951364 163
343.286146858441 302.083270249811 164
356.157962109575 879.900665642601 165
336.851359898798 720.450980392157 166
341.522956326988 434.946248600224 167
345.214213709677 795.862399193548 168
359.431759970728 348.337724112697 169
360.563059397884 113.240303770003 170
348.92293144208 575.99621749409 171
362.211050724638 1010.94202898551 172
368.941605839416 17.1099452554745 173
348.151785714286 525.811507936508 174
363.704686118479 750.255526083112 175
369.738813075214 469.265629958743 176
370.711548987411 660.053639846743 177
368.071458773784 244.671881606765 178
378.331570597567 694.765203595981 179
371.365979381443 398.535346097202 180
392.343608124253 610.43990442055 181
386.236426314277 180.906061476587 182
390.393734643735 826.132371007371 183
375.000864304235 521.450302506482 184
389.959097859327 975.866590214067 185
392.68689973108 66.4460238186708 186
394.054874112331 545.198837959974 187
390.099861303745 311.927877947295 188
414.51261289318 772.855496729991 189
410.993788819876 914.154658385093 190
405.483760030569 256.281238058846 191
412.454735376045 433.454038997214 192
424.137134052388 713.425269645609 193
406.599070553443 372.51711026616 194
417.025641025641 127.409108304631 195
421.721701063164 1005.2689180738 196
416.614583333333 500.806423611111 197
423.930975470622 564.101540216771 198
445.279635258359 864.587327566051 199
423.023696682464 7.78672985781991 200
431.475140186916 655.729719626168 201
447.304621188306 953.26060987111 202
422.856159669649 37.5643496214728 203
429.005706760316 323.367427568042 204
441.832090449844 197.965840750541 205
448.770731707317 807.20406504065 206
443.126155268022 86.7195009242144 207
449.969185857931 272.362309438858 208
453.704286964129 386.417906095071 209
452.75700254638 464.255365587486 210
462.847624738572 590.180161338512 211
460.101679527916 530.065819337267 212
468.786292498651 733.912574203993 213
483.896226415094 27.6513626834382 214
472.785451573355 993.8565590519 215
464.335574229692 143.441456582633 216
488.879609875038 903.001523925632 217
484.173668541184 325.501157790275 218
483.070278759325 641.132312524539 219
497.135125936011 764.121851599728 220
490.519523222359 687.765721331689 221
484.224719101124 90.190543071161 222
486.752380952381 190.083516483516 223
491.424242424242 490.780073461892 224
490.724848484849 248.248080808081 225
496.725987525988 430.654054054054 226
502.559657218194 815.866183256427 227
500.842836607571 380.340680402492 228
505.80008312552 140.369908561929 229
525.343245539507 941.885868026055 230
515.712606523656 538.062297972377 231
519.947102294827 601.443018280825 232
527.070781893004 854.451028806584 233
518.573182711198 999.793713163065 234
521.500221533008 70.5245901639344 235
524.626690182246 193.19165196943 236
534.758609160816 712.307923771314 237
524.266141141141 288.972597597598 238
521.832946635731 232.635730858469 239
532.572324227497 467.115539632781 240
540.239499192246 650.562197092084 241
539.595534407028 349.130307467057 242
550.069234773555 763.971369078605 243
540.7903126916 415.959534028204 244
555.134206958879 893.877089923181 245
545.362488728584 104.473399458972 246
547.445696259576 152.611086074808 247
556.260422615648 565.817247287264 248
551.804676753783 22.4573590096286 249
555.695569620253 805.454430379747 250
561.365316901409 256.964348591549 251
559.732386673949 979.118514472966 252
559.24343832021 498.713254593176 253
557.07210031348 1015.94043887147 254
561.074780058651 66.6627565982405 255
568.835178351783 207.284952849529 256
571.640287769784 606.249584947427 257
575.221528861154 674.839313572543 258
579.408172043011 410.762580645161 259
570.128571428571 302.287074829932 260
583.053083923155 531.19160768453 261
578.059355568118 837.249858677219 262
582.64807585053 453.547127718907 263
573.600814663951 118.11099796334 264
580.128614587829 357.915839447561 265
584.166459627329 706.25900621118 266
591.219330855019 927.105741429162 267
589.033235581623 1002.05865102639 268
617.962332928311 8.94349939246659 269
595.497237569061 861.417127071823 270
587.510903426791 768.771028037383 271
593.665513833992 161.807806324111 272
592.267668336116 41.0556483027268 273
591.465909090909 643.22803030303 274
597.452813067151 731.082577132486 275
602.378816434225 96.2352054278176 276
606.349704142012 967.426627218935 277
608.595267745953 486.322125363221 278
609.006814310051 800.501419647927 279
606.382727272727 885.268181818182 280
603.848377581121 569.818289085546 281
600.94011299435 275.123163841808 282
610.812844759653 230.193459416864 283
605.30487804878 320.572453371593 284
609.823665893271 1014.50812064965 285
619.424908424908 613.115384615385 286
614.274128142741 376.464720194647 287
631.205538461538 762.721846153846 288
628.620283018868 658.147995283019 289
636.836828644501 696.13452685422 290
623.34 406.67 291
633.567046450482 838.317265556529 292
633.144851657941 38.7085514834206 293
637.940293040293 137.167399267399 294
645.572016460905 727.259847148736 295
638.083498023715 188.47628458498 296
636.083028083028 440.986568986569 297
648.824242424242 949.562626262626 298
648.91495601173 994.013824884793 299
635.886094674556 284.772682445759 300
639.337816864977 526.1526125194 301
646.256493506493 77.8376623376623 302
637.892285298399 815.85152838428 303
644.121174004193 332.854088050314 304
638.189008042895 865.701072386059 305
639.634900193175 912.390212491951 306
649.694895132568 567.331618519984 307
645.859872611465 1018.31847133758 308
664.068594734891 485.429736744531 309
662.291547958215 882.823361823362 310
658.287635574837 239.193492407809 311
665.715965346535 357.134282178218 312
667.391440501044 785.038622129436 313
658.366106080207 406.303363518758 314
656.397260273973 628.694520547945 315
665.25615212528 598.331096196868 316
682.237704918033 842.927322404372 317
682.354711005542 653.598574821853 318
687.956040839478 111.18689733409 319
699.588102893891 730.812861736334 320
682.194251274919 24.3402874362541 321
705.785182559376 802.103154909606 322
682.091526959674 177.104666968736 323
684.105911330049 906.797208538588 324
681.455723542117 299.986321094312 325
688.960407239819 451.106900452489 326
689.371298405467 382.405466970387 327
754.298353245076 1010.58927994834 328
692.047016274864 59.3318264014467 329
703.084784601283 681.081576535289 330
698.272784412319 932.066624764299 331
689.941875825627 968.852047556143 332
703.373801916933 217.015575079872 333
701.022670025189 598.56591099916 334
697.226728110599 512.558525345622 335
700.829433962264 419.203773584906 336
698.018097207859 548.380041365047 337
694.640334572491 268.205390334572 338
724.291779235816 868.558857583944 339
723.346544224263 978.413726437893 340
728.68093385214 744.136186770428 341
704.408979591837 342.275918367347 342
744.753723211042 825.342898656012 343
713.157560355781 158.982210927573 344
723.659403669725 945.379587155963 345
732.292008196721 480.685450819672 346
714.909790979098 307.852585258526 347
729.167647058823 29.2725490196078 348
750.665127020785 753.665704387991 349
733.978957915832 74.1603206412826 350
729.174453280318 385.773856858847 351
727.662278191185 252.616485403549 352
729.99727520436 624.117166212534 353
741.451059167275 128.385682980278 354
745.452709883103 685.113177470776 355
732.271004942339 440.801482701812 356
753.127351664255 885.47853352629 357
744.634049773756 517.298076923077 358
742.777503700049 559.86827824371 359
745.293773283661 182.997871208089 360
749.786541889483 286.823083778966 361
750.82748891576 343.113663845224 362
761.277984084881 637.76074270557 363
768.163293789253 902.205861828332 364
758.512801204819 593.077560240964 365
754.952813067151 8.64065335753176 366
764.047763457164 934.214556482184 367
764.789695057834 226.100420609884 368
773.276679841897 774.911914172784 369
752.001988071571 419.0337972167 370
772.855307640297 988.206220419202 371
780.235735110371 446.695127030404 372
788.94262295082 39.696962391514 373
771.3184 709.1008 374
779.038213627993 105.008287292818 375
776.942110655738 394.389344262295 376
783.164919636618 487.097833682739 377
784.981897175959 956.269370021723 378
786.70130399348 174.553382233089 379
786.781227946366 303.301340860974 380
793.388278388278 521.403540903541 381
800.87771623349 647.525351512569 382
791.89647696477 831.971273712737 383
793.484242424242 557.229696969697 384
790.344512195122 261.53887195122 385
794.107142857143 687.24530075188 386
797.635340186001 349.013215859031 387
799.422435897436 601.019230769231 388
778 723 389
800.49292256453 724.820149875104 390
813.95444015444 988.107335907336 391
804.191126279864 906.732650739477 392
799.690709046455 225.151589242054 393
806.818950930626 786.575296108291 394
822.175517890772 416.00790960452 395
820.507575757576 924.664141414141 396
813.816532258065 876.538306451613 397
827.271640239147 134.95269040811 398
822.884090909091 745.604545454545 399
818.012205044752 80.6419853539463 400
816.629770992366 5.34732824427481 401
831.469426751592 844.435031847134 402
833.167845816053 290.393998536228 403
824.054764512596 473.18291347207 404
829.702194357367 574.909874608151 405
831.856648852562 208.826155297076 406
835.525773195876 954.010309278351 407
836.351572598018 685.049547608789 408
830.764265668849 808.623947614593 409
836.605011053795 373.293294030951 410
844.575178997613 543.292959427208 411
842.118236472946 345.002004008016 412
838.898954703833 506.891114982578 413
841.044900221729 27.6890243902439 414
847.718848167539 608.338219895288 415
848.509601181684 888.873707533235 416
842.067226890756 770.356542617047 417
848.997115384615 644.155769230769 418
848.11073253833 715.119250425894 419
861.407326007326 67.0318681318681 420
864.064165307232 986.773246329527 421
862.82 1015.21 422
869.548165137615 847.5625 423
867.367231638418 921.311362209667 424
870.334108887855 740.806886924151 425
863.236517719569 795.580123266564 426
879.881870181547 241.008206913703 427
868.429324389075 460.001437470053 428
872.891272189349 404.011464497041 429
871.055555555556 183.442251461988 430
874.311796377876 129.362701908957 431
876.570953436807 315.592017738359 432
882.049903288201 509.716441005803 433
878.245346869712 576.363790186125 434
914.766243194192 13.9753176043557 435
882.216407355021 657 436
876.996594778661 356.205448354143 437
888.652759084791 949.363391655451 438
886.143137254902 695.256209150327 439
885.938589211618 618.62489626556 440
897.573899371069 867.000786163522 441
894.396606574761 550.29586426299 442
895.453820598007 805.570764119601 443
899.122985581001 894.397794741306 444
896.680840163934 67.3678278688525 445
901.944591029024 767.643799472296 446
903.847826086957 1000.89855072464 447
917.46785079929 426.246536412078 448
916.859197401995 166.128508466713 449
898.666666666667 1018.22619047619 450
903.610726643599 976.782006920415 451
926.279297672519 100.975908534096 452
921.458075904678 375.777140335393 453
914.824669603524 738.17268722467 454
918.558100558659 290.602793296089 455
927.771936056838 330.967317939609 456
920.367206982544 473.527431421446 457
915.218582887701 592.649064171123 458
922.047482837529 828.300343249428 459
929.719959778783 658.612870789341 460
926.421959095802 703.515069967707 461
923.748788927336 911.534256055363 462
915.730839416058 249.525547445255 463
928.353306953081 512.869983041266 464
938.099899091826 548.53229061554 465
928.293413173653 626.282292557742 466
929.783868935098 47.4587271581601 467
932.13679245283 1011.70283018868 468
929.084708470847 781.445544554455 469
931.288173652695 950.412425149701 470
941.17542503864 868.129057187017 471
930.613989637306 985.067357512953 472
941.246735395189 219.766323024055 473
960.424976700839 262.353681267474 474
955.765151515152 751.977272727273 475
955.49433427762 441.150141643059 476
964.074398249453 577.443326039387 477
958.768781911014 904.343544857768 478
951.812561334642 977.567222767419 479
965.55980861244 675.582775119617 480
951.52347826087 731.368695652174 481
971.820284201728 156.351351351351 482
964.78531598513 806.339219330855 483
964.59535655058 834.935323383085 484
963.575533661741 779.700328407225 485
980.334904548668 48.4525100164978 486
970.052401746725 469.572052401747 487
962.548015364917 354.270166453265 488
989.780515117581 101.645763344532 489
979.155472052607 300.269140441522 490
983.04969809568 607.540640966094 491
970.961579509071 1005.42796157951 492
971.269909139498 392.576162479957 493
970.472151898734 697.343037974684 494
968.823924731183 502.408602150538 495
978.784841075795 644.072534637327 496
964.456293706294 941.926573426573 497
987.832823649337 213.185524974516 498
984.398541919806 709.685297691373 499
977.084862385321 863.538990825688 500
990.752791878173 522.845177664975 501
982.113440197287 917.16522811344 502
985.544965411222 976.550345887779 503
999.169890664424 725.474348191758 504
992.655367231638 4.64971751412429 505
990.509025270758 1014.4440433213 506
993.166790214974 337.070422535211 507
999.151718357083 754.61357921207 508
997.142495784148 943.74957841484 509
998.405188387894 421.969116738728 510
1001.73491027732 877.935562805873 511
1002.9537037037 479.26430976431 512
1004.77087794433 798.103319057816 513
1004.68035516093 841.140954495006 514
1006.6365622724 372.379461034232 515
1002.50946643718 674.65404475043 516
1009.11785400176 550.029903254178 517
1010.01109350238 258.029318541997 518
1011.16064981949 447.353790613718 519
1010.73369565217 628.123188405797 520
1010.09448818898 905.729133858268 521
1010.9334257975 1001.97364771151 522
1012.79647218453 668.796472184532 523
1014.68284789644 177.28263214671 524
1014.30244755245 312.267482517483 525
1015.06578947368 589.084210526316 526
1015.81063829787 954.08085106383 527
1017.16981132075 93.4339622641509 528
1016.9625 13.0875 529
