20.4623698959167 34.839871897518 1
14.0097165991903 93.3935222672065 2
6.7258382642998 134.151873767258 3
19.5113024757804 183.200753498385 4
16.0762656147272 238.347140039448 5
13.8055822906641 291.860442733398 6
17.925680647535 332.578366445916 7
1.95384615384615 358.923076923077 8
12.42004048583 414.486842105263 9
22.7306666666667 464.832533333333 10
13.4938524590164 507.147540983607 11
14.3040892193309 564.069888475836 12
2.18604651162791 589.744186046512 13
23.5701186623517 617.371089536138 14
3.63755458515284 633.834061135371 15
19.9651624970774 744.038344634089 16
28.8015748031496 821.545406824147 17
3.65497076023392 817.690058479532 18
21.1978163134232 861.310854206808 19
3.23076923076923 865.316239316239 20
18.4312191103789 921.281301482702 21
11.2316692667707 983.925897035881 22
3.29166666666667 1016.625 23
18.1484823625923 378.829368334701 24
28.1648028251913 666.017068864038 25
27.4899497487437 1013.89698492462 26
38.5895843287148 147.014811275681 27
33.7406733393995 278.042766151046 28
39.9044259140475 984.219371391918 29
46.5048796356539 43.8998048145738 30
53.4919822586148 224.301944728762 31
45.4370412196499 554.897233201581 32
49.3352365415987 744.875203915171 33
53.4704673857216 372.363636363636 34
49.1221166892809 445.348710990502 35
61.9003868471954 715.268858800774 36
55.3398766124509 914.045989904655 37
45.4322344322344 99.6637362637363 38
44.4312977099237 406.812977099237 39
58.5124153498871 607.690744920993 40
50.7831612390786 519.918983320095 41
62.8744872846596 327.148892534865 42
61.991637630662 877.705923344948 43
67.1898123324397 670.006434316354 44
64.6458658346334 966.46229849194 45
78.604016064257 804 46
73.8113757899854 846.066601847351 47
66.4901497241923 281.671394799054 48
66.3601694915254 492.690677966102 49
64.7523148148148 1012.4537037037 50
70.828967642527 19.6471494607088 51
74.726567550097 130.274725274725 52
72.001872659176 76.6151685393258 53
82.4744042365402 187.312444836717 54
77.3175582990398 425.783264746228 55
91.5905856595512 584.216201423098 56
98.1418056918548 773.61481844946 57
94.9967585089141 378.946515397083 58
96.8127074442864 544.530109056425 59
92.108024691358 480.910493827161 60
89.1316818774446 923.908735332464 61
90.7688 259.5432 62
109.893444576877 658.809773539929 63
87.9 48.9947368421053 64
94.7905544147844 307.434291581109 65
92.9708737864078 1010.82524271845 66
96.9575 964.769166666667 67
102.534372785259 106.904323175053 68
115.438723941883 731.466519267214 69
110.217081850534 908.279359430605 70
108.178544061303 19.655938697318 71
112.625524769102 420.933669185558 72
101.802631578947 996.071052631579 73
107.529821073559 59.5666003976143 74
106.912490055688 149.93476531424 75
117.507256894049 458.982583454282 76
115.525287931898 233.767150726089 77
120.5328 348.4928 78
123.240932642487 874.139896373057 79
130.531709791984 835.48401826484 80
134.880012243649 299.307927762473 81
131.856796116505 538.88713592233 82
131.920892494929 962.968559837728 83
132.130974549969 621.672253258845 84
136.115036231884 190.582880434783 85
125.735064935065 87.9212121212121 86
129.399548532731 500.494356659142 87
121.797794117647 1011.98161764706 88
131.509592326139 999.167865707434 89
134.072573044298 393.632422243167 90
139.337465564738 12.3333333333333 91
138.096065873742 585.609332113449 92
147.518658734451 802.442942130882 93
136.879965457686 137.417962003454 94
141.90650710546 51.7456993268512 95
154.762830094669 449.492277030394 96
152.532316630356 719.486564996369 97
158.584602717168 250.587072869494 98
162.363024544735 941.004750593824 99
160.4669527897 491.843776824034 100
150.033386327504 105.058823529412 101
160.841121495327 365.27303070761 102
173.056497175141 682.77436440678 103
159.214412811388 771.967081850534 104
180.091065292096 903.861512027491 105
163.942595673877 413.032445923461 106
179.130659767141 586.232212160414 107
155.8625 1015.25 108
171.306525735294 161.706801470588 109
168.048192771084 530.434595524957 110
174.217695735201 633.633354551241 111
184.724489795918 855.2350718065 112
158.768595041322 5.00826446280992 113
177.636078431373 98.8882352941176 114
165.571428571429 46.7912087912088 115
171.167037861915 997.172234595397 116
167.68671679198 21.1453634085213 117
188.525183374083 346.426405867971 118
179.587957497048 217.261511216057 119
184.165769000598 298.984440454818 120
193.718142548596 778.744600431965 121
179.718446601942 9.78640776699029 122
196.163012928612 744.738617200675 123
205.404774260509 825.823040996367 124
195.635054021609 403.851140456182 125
198.341274951706 452.146168705731 126
193.121070234114 55.5471571906355 127
194.911845730028 490.055096418733 128
202.357783211084 526.083129584352 129
201.36442687747 996.099604743083 130
205.516656925774 152.727060198714 131
215.970680628272 679.774869109948 132
210.74104859335 570.441176470588 133
212.615727002967 267.801681503462 134
211.557180851064 22.8730053191489 135
226.265178571429 222.21875 136
219.7065 973.9235 137
227.488745980707 1015.94855305466 138
224.573756054601 637.033905768384 139
232.144811858609 736.707715697453 140
228.073984526112 125.207446808511 141
221.666871542717 324.382298709281 142
228.048648648649 382.634234234234 143
219.332941176471 73.0341176470588 144
233.303290949888 935.595362752431 145
239.296836982968 512.768369829684 146
230.178333333333 426.601666666667 147
242.738654781199 889.480551053485 148
240.282982791587 819.08413001912 149
233.773927392739 469.443069306931 150
235.223760092272 180.143021914648 151
236.700310559006 557.71350931677 152
243.239574816026 22.0874897792314 153
245.425895316804 76.4644628099174 154
253.066705002875 788.364577343301 155
244.474193548387 606.216129032258 156
257.008936170213 305.359574468085 157
257.641191066998 359.983622828784 158
255.118143459916 687.887130801688 159
268.372918978912 862.170366259711 160
267.492307692308 136.570549450549 161
269.75015576324 729.606230529595 162
260.829951690821 1005.9729468599 163
261.987776928953 464.575248281131 164
273.068448023426 419.024890190337 165
267.424109931293 657.046221111805 166
266.154376657825 196.366047745358 167
276.3880196692 564.094769780957 168
277.287282117495 948.885732730794 169
285.037808641975 34.1925154320988 170
271.765853658537 73.8471544715447 171
271.883277216611 258.604377104377 172
283.734693877551 513.253857640617 173
274.413233458177 612.406991260924 174
283.482932996207 992.064475347661 175
291.528915662651 832.443373493976 176
293.525 789.441203703704 177
297.094173982442 920.971667996808 178
302.40260707635 709.464059590317 179
297.437118437118 311.082417582418 180
303.207769532955 362.230467044959 181
307.278374233129 478.652990797546 182
296.603571428571 252.254464285714 183
303.124091129423 203.114881240911 184
303.454313099042 95.7731629392971 185
296.544057377049 139.013319672131 186
307.922535211268 649.759242957746 187
316.782188295165 599.818829516539 188
320.384532374101 419.555035971223 189
320.829550941574 30.0284886528247 190
319.822898799314 885.329759862779 191
319.54954954955 550.893093093093 192
324.314228456914 767.92625250501 193
322.747144340602 990.772585669782 194
311.178571428571 1017.64285714286 195
325.892227302417 271.020901371653 196
336.18431911967 169.944291609354 197
325.413127413127 324.100386100386 198
344.156401384083 101.495155709343 199
349.647150907952 844.680651221039 200
339.478145695364 946.218543046358 201
353.529433543132 524.603850425768 202
345.215002953337 248.448316597755 203
349.095423909188 691.935083362895 204
330.275 4.7375 205
351.600289995167 468.344127597873 206
348.148564997186 385.720315137873 207
351.00673022995 327.802019068985 208
357.830418250951 802.952091254753 209
354.017435320585 635.64398200225 210
352.516339869281 14.0490196078431 211
350.845755693582 732.56314699793 212
357.66275659824 583.383186705767 213
336 972 214
359.3824933687 994.793103448276 215
362.939121756487 902.768463073852 216
372.264553686934 759.9191461837 217
380.249577702703 70.8038429054054 218
374.054827753518 231.324599708879 219
376.528992395437 302.561311787072 220
369.808848080134 950.835559265442 221
383.328926905132 440.461508553655 222
382.837536372454 175.004849660524 223
380.789566236811 371.698710433763 224
386.230171935663 676.808097615086 225
377.553921568627 5.65686274509804 226
395.472695500218 504.945391000437 227
397.893553223388 624.616191904048 228
388.316950852558 795.005015045135 229
399.418604651163 842.781860465116 230
408.706676669167 143.4759939985 231
399.578131545873 562.595726853791 232
403.237481408032 733.04759543877 233
400.980248047772 901.679375287092 234
403.139359698682 24.699937225361 235
402.85275645499 993.137473831124 236
395.510385756677 1014.77448071217 237
399.196782178218 954.358910891089 238
407.098392787142 272.21207369659 239
412.395327942498 354.069182389937 240
418.494687915007 427.814409030544 241
420.58302919708 794.654197080292 242
428.002643171806 218.815271659325 243
431.7594997595 952.52380952381 244
422.183277591973 697.596655518395 245
427.615269461078 488.110778443114 246
436.1872406639 64.6348547717842 247
436.2487135506 1000.34905660377 248
442.538385826772 603.623031496063 249
443.278774289985 119.97197309417 250
439.608414239482 15.3179611650485 251
433.827639751553 662.445652173913 252
446.432200357782 862.816815742397 253
450.446068340881 319.924866200082 254
447.12777587974 540.529552442774 255
453.687663063735 919.346254193067 256
450.983124018838 760.455651491366 257
455.389461626575 390.28636884307 258
457.08736349454 433.222568902756 259
452.738860103627 171.350259067358 260
467.585824081981 719.092228864219 261
476.236958214378 826.347780949909 262
465.674337517434 52.5585774058577 263
468.559134615385 663.848076923077 264
472.895671981777 992.667881548975 265
457.677459526775 209.429638854296 266
465.653576437588 481.785413744741 267
474.978348035285 245.538893344026 268
480.691504178273 103.526462395543 269
488.973493975904 27.2453012048193 270
484.440804597701 287.324137931034 271
485.924830261882 527.5509214355 272
486.331038439472 204.113597246127 273
488.623247663551 583.214369158879 274
485.141598489616 149.230962869729 275
473.481481481481 1019.59259259259 276
493.819838914794 904.999152183128 277
499.921880523153 639.993990809473 278
501.78389084507 967.000440140845 279
498.686873747495 398.296092184369 280
488.311666666667 431.018333333333 281
511.691078963231 783.517480409885 282
502.920214806291 340.370540851554 283
500.969613259669 469.994475138122 284
515.211774325429 719.116925592805 285
497.607961399276 75.6815440289505 286
511.774949765573 256.175485599464 287
508.521212121212 499.95 288
513.377669902913 202.327184466019 289
508.563798219585 8.74777448071217 290
500.837209302326 1016.88372093023 291
517.039045553145 120.001446131598 292
516.237513873474 451.522752497225 293
526.973786407767 174.238834951456 294
522.752087682672 544.053235908142 295
518.420807453416 297.444099378882 296
522.735220125786 846.217610062893 297
531.527334851936 1012.29271070615 298
523.047112462006 899.551671732523 299
537.677440206852 83.292501616031 300
532.344865258558 611.18390386016 301
538.651964715317 384.889334402566 302
537.77157622739 26.1937984496124 303
549.434353405726 251.657782165186 304
541.561111111111 434.15625 305
538.020063357973 977.192185850053 306
538.064785788924 506.908045977012 307
535.480865224626 689.758735440932 308
552.435990737678 325.471716837579 309
550.725433526012 474.458815028902 310
546.854938271605 666.451646090535 311
556.238095238095 946.043920480814 312
555.714285714286 888.226826608506 313
560.255365746824 152.416119141481 314
551.531207598372 830.715061058345 315
552.1955602537 577.992600422833 316
557.4784 782.5352 317
562.228723404255 728.956963249516 318
559.632535885167 541.082296650718 319
566.303216974675 209.466803559206 320
566 5.22077922077922 321
574.376211453745 510.511894273128 322
573.586722767648 49.5535296867695 323
580.230800160836 640.625251306795 324
588.396844660194 696.743932038835 325
586.709972189114 379.472785061581 326
586.690099833611 432.254159733777 327
586.268797838811 118.614588023413 328
584.006769230769 292.680615384615 329
576.822831050228 833.704109589041 330
581.970633693972 1003.81916537867 331
580.30910609858 589.827903091061 332
586.546840958606 775.297022512709 333
585.372505543237 475.425720620843 334
588.127214170692 880.17230273752 335
590.219552157291 932.539595849263 336
590.062214089661 556.124428179323 337
602.608711701735 188.56330749354 338
596.477166821994 977.281453867661 339
615.1637293917 13.273450824332 340
591.845614035088 243.589473684211 341
611.703778135048 336.159967845659 342
607.852554744525 812.813868613139 343
613.444638694639 757.488344988345 344
620.910419485792 525.074695534506 345
594.629310344828 831.620689655172 346
603.822102425876 617.838274932615 347
607.712555066079 76.6751101321586 348
619.387472283814 866.578713968958 349
614.424731182796 279.721198156682 350
636.391923990499 466.46687780417 351
610.510638297872 585.959381044487 352
627.72464478197 914.21852033317 353
629.162589928058 47.5184652278177 354
630.763851044505 675.815622161671 355
633.664634146341 233.522484756098 356
625.160899653979 1004.74826989619 357
627.800656660413 138.37148217636 358
629.171428571429 962.61801242236 359
630.203117144294 401.266968325792 360
640.198285714286 580.050857142857 361
636.365197215777 732.239907192575 362
637.175276752768 627.744926199262 363
637.940201005025 818.426130653266 364
646.96015037594 184.721052631579 365
649.240625 104.1125 366
656.073878627968 296.633245382586 367
659.859668109668 361.939033189033 368
660.557588075881 795.211382113821 369
655.075221238938 880.020353982301 370
657.527536231884 1001.48792270531 371
673.49522673031 718.14876690533 372
668.999247271359 942.290553255551 373
665.955474452555 419.328467153285 374
675.836057454185 21.8796433878158 375
679.523227383863 513.445395273024 376
675.988542329726 665.015913430936 377
672.883313885648 65.9964994165694 378
666.229381443299 146.307989690722 379
678.168085106383 846.527127659574 380
679.640724946695 559.776119402985 381
678.198606271777 614.34743653559 382
675.83606557377 246.441712204007 383
677.3733451015 206.949691085613 384
688.849264705882 777.170955882353 385
681.337371854613 168.251630941286 386
693.121873759428 460.062723302898 387
688.131962864721 894.945623342175 388
686.214468629962 107.944302176697 389
687.024739583333 992.043619791667 390
701.299754299754 408.076781326781 391
699.334697589814 291.284220100046 392
691.757575757576 1018.57575757576 393
702.589411764706 334.875294117647 394
707.729438457175 366.072603516733 395
708.763059701493 826.753109452736 396
704.955833333333 217.781666666667 397
716.366774045099 125.008743672342 398
715.49414893617 589.912234042553 399
719.679549114332 674.505099302201 400
709.466794380587 954.111111111111 401
713.128266033254 634.315122723674 402
718.206676136364 709.910511363636 403
711.363636363636 177.124401913876 404
716.14924212981 53.2079284881461 405
719.622651933702 750.078453038674 406
706.8 5.85945945945946 407
732.048315753658 257.616536236815 408
721.547723935389 877.060205580029 409
723.610928961749 538.954644808743 410
723.605744125326 912.327241079199 411
728.330198019802 996.566831683168 412
730.412861136999 485.746039142591 413
734.259212198221 10.9771283354511 414
734.733486943164 432.308755760369 415
736.752017608217 789.630961115187 416
737.107569721116 320.805350028458 417
740.531929347826 386.349184782609 418
743.005067567568 836.696509009009 419
742.537742631201 164.63407620417 420
749.79535637149 83.4060475161987 421
751.775156475686 209.022147327877 422
747.107765451664 940.866877971474 423
746.485123966942 643.809090909091 424
756.33084947839 579.293591654247 425
758.5 38.3886554621849 426
760.309229305423 723.958610846813 427
757.083553210202 127.526824978012 428
758.574829931973 1015.67006802721 429
770.591409300675 516.976925807597 430
764.238871473354 869.827586206897 431
764.782362459547 463.956310679612 432
764.189885496183 376.075381679389 433
765.361086765995 682.666958808063 434
773.927331887202 768.967462039046 435
774.050937049495 284.87409899087 436
783.616122840691 902.457293666027 437
769.725225225225 992.347597597598 438
771.674722403658 335.584585238406 439
783.482708933718 427.421109510086 440
774.914193548387 813.843225806452 441
785.313318428617 636.101245608432 442
780.910931174089 11.3785425101215 443
786.641278796427 949.936060178655 444
789.223214285714 167.192602040816 445
788.526891956211 234.972870061875 446
781.650872817955 97.5594347464672 447
806.922089552239 577.689552238806 448
797.180505415162 1013.31768953069 449
797.307210031348 46.3176593521421 450
793.438775510204 376.586270871985 451
794.755583126551 698.475186104218 452
802.023400936037 858.110764430577 453
795.82096069869 480.002911208151 454
798.554794520548 730.558219178082 455
804.661782661783 124.351648351648 456
804.898271276596 324.184175531915 457
812.666666666667 985.350134408602 458
802.007610350076 819.401826484018 459
826.513347763348 83.731240981241 460
805.349788434415 516.691114245416 461
826.98441108545 274.345554272517 462
813.865364308342 773.562302006336 463
820.203807390817 669.010638297872 464
826.682144566778 206.410722833892 465
824.116442048518 412.989218328841 466
833.485367594575 356.710920770878 467
835.470317159122 473.674437516942 468
827.735224586288 896.533687943262 469
828.658591975776 25.1279333838002 470
828.178321678322 942.307692307692 471
851.504761904762 5.63095238095238 472
826.619969040248 719.569659442725 473
832.849202513291 827 474
835.761738261738 146.120879120879 475
842.39323098395 540.339148639218 476
849.466752328943 625.981689688403 477
836.056962025316 1012.4388185654 478
850.839605181986 981.629858112276 479
854.737063389392 766.607697283312 480
861.040657834628 862.43216080402 481
856.629667519182 688.228644501279 482
864.795514511873 45.1090589270009 483
866.325860271116 104.66944734098 484
863.705175600739 196.023105360444 485
864.372081218274 915.876649746193 486
874.175182481752 328.444525547445 487
871.405600221791 406.053784308289 488
871.175909572589 265.413281525963 489
881.908150064683 1005.28978007762 490
880.832571227577 562.324657052409 491
889.484488701647 950.727307545002 492
882.970373967946 818.73336571151 493
889.530970406056 154.67515485203 494
885.657000311818 485.77736202058 495
893.961694092258 697.300242783922 496
881.734299516908 7.28019323671498 497
900.214925373134 617.929684908789 498
904.515983452426 759.030462579917 499
902.314474304573 30.5558698727016 500
903.911959485781 227.294896766654 501
904.525324403516 876.390539974885 502
909.647173489279 90.8569200779727 503
914.135893648449 355.795051698671 504
924.02955988614 435.389095686446 505
916.991579990094 292.920257553244 506
921.085580726357 534.48975188781 507
930.004922377887 972.211662249148 508
924.982879719052 802.950834064969 509
931.632617273126 913.278386672512 510
918.043269230769 1016.05769230769 511
938.889377289377 155.703296703297 512
938.996236356793 637.115167482123 513
938.201065246338 701.530847758544 514
950.335547122075 840.944339025933 515
942.676891615542 22.221881390593 516
942.793950850662 231.083553875236 517
953.92231007219 77.6153317291165 518
954.808958652374 568.002679938744 519
952.734957020057 992.913323782235 520
952.806067172264 355.373420007223 521
963.726102349533 504.931766977792 522
954.183780937335 753.124275934702 523
961.894076108278 284.959984307572 524
972.621013133208 425.735772357724 525
979.654213253341 897.788655576766 526
988.678133836004 1000.98444863336 527
981.893617021277 684.367822792189 528
982.783835303088 609.880670987419 529
978.655908875178 213.613668723303 530
981.65469858156 135.050088652482 531
999.399473222125 926.634474685397 532
980.7969348659 27.92656449553 533
990.31696905016 756.334756314479 534
995.610327022375 814.351807228916 535
993.58106870229 338.072977099237 536
997.256334708309 75.6146140247496 537
1003.88426821406 466.30528691167 538
999.261261261261 540.951093951094 539
1005.24492920015 256.211251435132 540
1003.36950146628 180.291055718475 541
1011.02468085106 389.12170212766 542
1010.06422924901 644.950592885375 543
1012.51730103806 580.165224913495 544
1007.12577065351 21.4278668310727 545
1012.15627996165 125.558964525407 546
1014.44827586207 707.991886409736 547
1014.18781725888 677.446700507614 548
1014.89473684211 978.463157894737 549
1015.49717514124 836.971751412429 550
1016.89518413598 65.1246458923513 551
1017.54205607477 747.303738317757 552
1017.24175824176 1003.14285714286 553
1018.28571428571 316.517857142857 554
1018.225 4.5 555
1018.39726027397 32.2739726027397 556
1018.90243902439 188.918699186992 557
