1 42.716022 47.916587
1 42.725052 47.924436
1 42.766195 47.949838
1 42.795378 47.956734
1 42.781020 47.872286
1 42.797748 47.885914
1 42.757646 47.843610
1 42.748218 47.821329
1 42.764463 47.796348
1 42.789726 47.807093
1 42.834759 47.843293
1 42.871276 47.871800
1 42.910611 47.884877
1 42.871126 47.839783
1 42.814412 47.782415
1 42.878794 47.840917
1 42.870939 47.827428
1 42.915861 47.871277
1 42.912937 47.868233
1 42.868478 47.819573
0 0.000000 inf
0 0.000000 42.750957
0 0.000000 42.717154
0 0.000000 42.691233
0 0.000000 42.636602
0 0.000000 38.474006
0 0.000000 38.467956
0 0.000000 38.465069
0 0.000000 38.325572
0 0.000000 38.303755
0 0.000000 38.300866
0 0.000000 38.292323
0 0.000000 38.264104
0 0.000000 38.258131
0 0.000000 38.253055
0 0.000000 38.252641
0 0.000000 38.252450
0 0.000000 38.251081
