1 21.916075 36.173646
1 30.914013 41.327957
1 21.417842 26.087662
1 21.028276 25.534484
1 32.013872 35.629032
1 19.964199 22.991094
1 34.735315 37.639456
1 29.484081 32.236341
1 29.082551 31.711114
1 18.466227 20.781534
1 18.077169 20.308404
1 30.391006 32.385576
1 39.313613 41.100176
1 25.152504 26.533365
1 17.145925 18.483809
1 20.206456 21.288818
1 29.969452 30.881297
1 20.080320 20.885721
1 33.845980 34.547795
1 23.454682 24.145117
1 25.412225 26.062441
1 25.859986 26.276131
1 24.126495 24.535572
1 21.452459 21.819259
1 20.473643 20.649766
1 29.812007 29.968972
1 24.813032 24.893608
1 31.801777 31.857891
1 18.239242 18.275614
1 32.020162 32.027090
1 27.103440 27.104819
0 0.000000 inf
0 0.000000 25.948058
0 0.000000 22.920842
0 0.000000 21.430865
0 0.000000 21.156395
0 0.000000 20.822264
0 0.000000 20.762290
0 0.000000 20.580044
0 0.000000 20.572757
0 0.000000 19.991926
0 0.000000 19.233953
0 0.000000 18.894354
0 0.000000 17.931803
0 0.000000 17.622107
0 0.000000 17.568312
0 0.000000 17.558669
0 0.000000 17.257443
0 0.000000 16.810174
0 0.000000 16.592265
0 0.000000 16.495339
0 0.000000 16.354893
0 0.000000 16.261359
0 0.000000 15.867618
0 0.000000 14.324264
0 0.000000 13.877910
0 0.000000 13.753535
0 0.000000 12.880036
0 0.000000 12.742704
0 0.000000 9.718769
0 0.000000 9.033982
