1 42.630665 47.956825
1 42.765594 47.990823
1 42.821934 47.937909
1 42.817460 47.903205
1 42.819762 47.888148
1 42.819860 47.872753
1 42.819762 47.862841
1 42.688017 47.721714
1 42.903711 47.902107
1 42.845077 47.827855
1 42.922535 47.902729
1 42.819762 47.797996
1 42.925655 47.901627
1 42.829366 47.799526
1 42.845166 47.814694
1 42.983113 47.933288
1 42.991852 47.910624
1 42.909350 47.817975
1 42.909164 47.817526
1 42.906452 47.812717
0 0.000000 inf
0 0.000000 42.766016
0 0.000000 42.684225
0 0.000000 42.629063
0 0.000000 42.625494
0 0.000000 38.500000
0 0.000000 38.443919
0 0.000000 38.367585
0 0.000000 38.325554
0 0.000000 38.310612
0 0.000000 38.307273
0 0.000000 38.256489
0 0.000000 38.253232
0 0.000000 38.249927
0 0.000000 38.245069
0 0.000000 38.242188
0 0.000000 38.189389
0 0.000000 38.130000
