137 170 -1 -1 48.283836
307 316 -1 -1 39.209217
251 263 -1 -1 31.833047
137 148 -1 -1 16.657710
170 171 -1 -1 50.811939
147 171 -1 -1 24.500566
263 307 -1 -1 42.488307
111 116 -1 -1 82.645550
116 137 -1 -1 116.684507
316 365 -1 -1 44.175539
170 197 -1 -1 49.196310
147 148 -1 -1 25.662165
80 107 -1 -1 31.157903
230 251 -1 -1 24.789163
107 111 -1 -1 26.572923
197 230 -1 -1 35.489792
147 170 -1 -1 67.544368
147 170 171 -1 67.544368
80 104 -1 -1 77.907668
104 107 -1 -1 82.967170
80 104 107 -1 84.318123
104 111 -1 -1 52.828651
104 107 111 -1 82.967170
137 147 -1 -1 48.559537
137 147 148 -1 48.559537
116 147 -1 -1 96.423283
116 137 147 -1 117.226256
80 87 -1 -1 18.480589
316 317 -1 -1 32.862524
170 190 -1 -1 77.063918
190 197 -1 -1 39.459451
170 190 197 -1 78.831119
263 275 -1 -1 35.981281
275 307 -1 -1 52.020072
263 275 307 -1 52.415853
295 307 -1 -1 35.614577
295 316 -1 -1 82.608144
295 307 316 -1 90.786275
87 104 -1 -1 49.915249
80 87 104 -1 77.907668
275 295 -1 -1 23.245213
275 295 307 -1 52.585578
147 175 -1 -1 30.954998
170 175 -1 -1 84.112120
147 170 175 -1 84.465759
295 317 -1 -1 25.578090
295 316 317 -1 82.795732
175 190 -1 -1 24.040327
170 175 190 -1 84.238374
116 141 -1 -1 59.103671
141 147 -1 -1 27.978455
116 141 147 -1 96.423283
263 264 -1 -1 50.794005
264 275 -1 -1 20.719097
263 264 275 -1 50.794005
175 197 -1 -1 52.368148
175 190 197 -1 52.368148
317 326 -1 -1 20.441996
316 326 -1 -1 38.414864
316 317 326 -1 40.488361
177 197 -1 -1 47.541496
175 177 -1 -1 25.996191
175 177 197 -1 53.307171
104 116 -1 -1 29.265885
104 111 116 -1 82.645550
197 211 -1 -1 40.217472
211 230 -1 -1 33.454053
197 211 230 -1 45.016164
99 104 -1 -1 22.688415
87 99 -1 -1 36.452017
87 99 104 -1 49.915249
87 88 -1 -1 21.216570
147 154 -1 -1 60.195511
154 175 -1 -1 46.648836
147 154 175 -1 65.316401
88 99 -1 -1 18.446519
87 88 99 -1 37.574480
299 317 -1 -1 40.416239
295 299 -1 -1 26.223765
295 299 317 -1 42.891447
317 322 -1 -1 16.974363
322 326 -1 -1 21.017944
317 322 326 -1 23.572139
141 154 -1 -1 46.408936
141 147 154 -1 60.415204
269 275 -1 -1 27.406372
269 295 -1 -1 43.415652
269 275 295 -1 58.140252
299 322 -1 -1 38.282778
299 317 322 -1 42.467459
316 331 -1 -1 46.014504
331 365 -1 -1 49.474485
316 331 365 -1 56.492936
326 331 -1 -1 20.956764
316 326 331 -1 51.259698
230 237 -1 -1 33.342190
237 251 -1 -1 54.185528
230 237 251 -1 54.600392
299 326 -1 -1 36.506623
299 322 326 -1 40.275181
141 149 -1 -1 15.162267
177 211 -1 -1 37.896997
177 197 211 -1 55.177249
251 264 -1 -1 52.962580
251 263 264 -1 100.996208
141 142 -1 -1 16.078399
228 251 -1 -1 59.797406
228 237 -1 -1 34.017315
228 237 251 -1 59.797406
228 264 -1 -1 44.367720
228 251 264 -1 61.821739
116 142 -1 -1 41.353027
116 141 142 -1 59.103671
142 149 -1 -1 11.383654
141 142 149 -1 16.575582
149 154 -1 -1 33.489272
141 149 154 -1 47.204732
211 237 -1 -1 31.885023
211 230 237 -1 39.451308
154 177 -1 -1 39.629352
154 175 177 -1 46.648836
269 301 -1 -1 41.596582
295 301 -1 -1 29.940739
269 295 301 -1 44.155955
331 362 -1 -1 26.612677
362 365 -1 -1 53.672632
331 362 365 -1 59.193404
299 301 -1 -1 29.798651
295 299 301 -1 32.330827
269 299 -1 -1 36.374438
269 299 301 -1 44.918243
228 275 -1 -1 56.664324
228 264 275 -1 56.664324
320 326 -1 -1 26.312863
320 331 -1 -1 32.078260
320 326 331 -1 37.980512
299 320 -1 -1 23.892762
299 320 326 -1 44.018863
331 338 -1 -1 22.097724
338 362 -1 -1 29.734932
331 338 362 -1 39.709386
228 269 -1 -1 38.388502
228 269 275 -1 57.134223
211 228 -1 -1 34.124338
211 228 237 -1 37.575008
116 149 -1 -1 43.605070
116 142 149 -1 43.605070
65 88 -1 -1 90.081861
65 99 -1 -1 78.438784
65 88 99 -1 93.595595
116 154 -1 -1 43.184305
116 149 154 -1 46.049688
337 362 -1 -1 32.978314
269 282 -1 -1 27.902949
282 299 -1 -1 34.538740
269 282 299 -1 41.795033
177 185 -1 -1 35.129420
185 211 -1 -1 34.592959
177 185 211 -1 41.760286
320 338 -1 -1 24.011244
320 331 338 -1 37.879817
65 104 -1 -1 64.988302
65 99 104 -1 80.362723
299 318 -1 -1 33.132686
299 319 -1 -1 34.792850
318 319 -1 -1 23.747374
299 318 319 -1 34.792850
319 320 -1 -1 16.125998
299 319 320 -1 35.454839
319 338 -1 -1 34.046095
319 320 338 -1 34.046095
116 123 -1 -1 37.767155
123 154 -1 -1 58.366129
116 123 154 -1 62.885992
185 228 -1 -1 45.919171
185 211 228 -1 46.810275
337 338 -1 -1 17.895511
337 338 362 -1 32.978314
311 318 -1 -1 20.705999
311 319 -1 -1 20.784098
311 318 319 -1 24.087618
299 311 -1 -1 45.192980
299 311 318 -1 45.192980
154 185 -1 -1 54.592958
154 177 185 -1 55.044987
282 311 -1 -1 25.779280
282 299 311 -1 50.526411
282 306 -1 -1 10.633452
306 311 -1 -1 16.054998
282 306 311 -1 25.779280
228 243 -1 -1 30.467948
243 269 -1 -1 50.190117
228 243 269 -1 55.642404
319 321 -1 -1 12.791205
311 321 -1 -1 16.177247
311 319 321 -1 20.784098
154 164 -1 -1 49.976598
164 185 -1 -1 48.997638
154 164 185 -1 59.136801
154 166 -1 -1 38.347663
227 243 -1 -1 23.965917
227 269 -1 -1 75.702381
227 243 269 -1 75.702381
227 282 -1 -1 78.282848
227 269 282 -1 86.752771
319 337 -1 -1 41.399440
319 337 338 -1 44.910482
337 353 -1 -1 38.069894
123 166 -1 -1 46.606751
123 154 166 -1 59.609515
321 337 -1 -1 43.302571
319 321 337 -1 43.310307
321 324 -1 -1 9.470159
324 337 -1 -1 40.319091
321 324 337 -1 43.317925
65 116 -1 -1 62.763660
65 104 116 -1 77.971266
223 228 -1 -1 47.962034
185 223 -1 -1 37.526510
185 223 228 -1 59.334958
155 166 -1 -1 16.258240
154 155 -1 -1 59.090148
154 155 166 -1 59.126088
304 324 -1 -1 33.919602
304 337 -1 -1 42.742386
304 324 337 -1 45.880963
155 164 -1 -1 39.302946
154 155 164 -1 61.083311
185 194 -1 -1 30.645104
164 194 -1 -1 31.427887
164 185 194 -1 48.997638
304 321 -1 -1 39.946717
304 311 -1 -1 41.928759
304 311 321 -1 43.229184
123 155 -1 -1 25.514595
123 155 166 -1 46.606751
304 321 324 -1 39.946717
304 353 -1 -1 64.751132
304 337 353 -1 85.348771
223 243 -1 -1 31.988254
223 228 243 -1 54.577623
282 304 -1 -1 58.463046
282 304 311 -1 59.501779
282 293 -1 -1 37.454513
227 293 -1 -1 82.599577
227 282 293 -1 88.012601
293 304 -1 -1 67.037945
282 293 304 -1 68.596072
185 193 -1 -1 67.256382
193 223 -1 -1 69.819053
185 193 223 -1 71.138699
223 227 -1 -1 37.176880
223 227 243 -1 38.213411
193 194 -1 -1 34.171186
185 193 194 -1 67.256382
280 293 -1 -1 35.605591
280 304 -1 -1 51.891365
280 293 304 -1 67.238959
227 266 -1 -1 19.919156
227 280 -1 -1 67.313129
227 280 293 -1 82.599577
65 98 -1 -1 29.371172
98 116 -1 -1 91.795825
65 98 116 -1 91.795825
193 227 -1 -1 55.680451
193 223 227 -1 74.659707
266 280 -1 -1 26.974241
227 266 280 -1 67.313129
123 131 -1 -1 48.452586
131 155 -1 -1 61.721973
123 131 155 -1 65.844779
131 164 -1 -1 53.914729
131 155 164 -1 66.718947
304 332 -1 -1 25.944513
131 162 -1 -1 24.437121
162 164 -1 -1 35.258341
131 162 164 -1 53.914729
193 213 -1 -1 26.872266
213 227 -1 -1 59.112414
193 213 227 -1 60.442467
227 252 -1 -1 19.091505
252 266 -1 -1 25.160085
227 252 266 -1 28.480158
304 345 -1 -1 56.046613
345 353 -1 -1 44.042646
304 345 353 -1 66.181863
98 112 -1 -1 15.290580
112 116 -1 -1 114.342779
98 112 116 -1 115.148336
117 123 -1 -1 41.128724
117 131 -1 -1 31.859115
117 123 131 -1 48.452586
164 193 -1 -1 57.796848
164 193 194 -1 57.796848
332 345 -1 -1 42.052087
304 332 345 -1 56.046613
266 274 -1 -1 28.763819
274 280 -1 -1 25.501469
266 274 280 -1 30.026381
112 123 -1 -1 72.011207
112 116 123 -1 114.342779
280 302 -1 -1 22.230037
302 304 -1 -1 53.638715
280 302 304 -1 53.638715
164 184 -1 -1 42.897425
184 193 -1 -1 20.692126
164 184 193 -1 59.446237
266 268 -1 -1 22.665695
252 268 -1 -1 13.450379
252 266 268 -1 25.160085
268 274 -1 -1 19.182253
266 268 274 -1 30.073805
112 117 -1 -1 31.486198
112 117 123 -1 74.769518
304 308 -1 -1 52.497744
302 308 -1 -1 5.715717
302 304 308 -1 57.315228
65 112 -1 -1 67.555651
65 98 112 -1 67.555651
65 100 -1 -1 75.328347
100 112 -1 -1 29.123501
65 100 112 -1 75.338472
100 117 -1 -1 32.093663
100 112 117 -1 35.907451
303 304 -1 -1 106.682007
303 332 -1 -1 133.787224
303 304 332 -1 135.440767
332 343 -1 -1 16.197633
343 345 -1 -1 23.553909
332 343 345 -1 42.052087
303 343 -1 -1 109.860282
303 332 343 -1 139.776643
252 257 -1 -1 25.106467
257 268 -1 -1 38.667528
252 257 268 -1 40.639901
257 274 -1 -1 20.388234
257 268 274 -1 38.684637
164 167 -1 -1 55.696877
167 184 -1 -1 31.342865
164 167 184 -1 59.720474
280 287 -1 -1 27.838640
287 302 -1 -1 14.671676
280 287 302 -1 27.838640
286 308 -1 -1 44.737063
286 304 -1 -1 55.100646
286 304 308 -1 62.157084
287 308 -1 -1 15.564454
287 302 308 -1 17.007932
65 74 -1 -1 70.383833
162 167 -1 -1 52.177049
162 164 167 -1 65.799906
286 287 -1 -1 37.395980
286 287 308 -1 45.232325
131 167 -1 -1 39.535042
131 162 167 -1 53.169399
345 367 -1 -1 23.236117
353 367 -1 -1 68.164430
345 353 367 -1 68.247346
286 303 -1 -1 39.206155
286 303 304 -1 106.682007
74 100 -1 -1 35.812765
65 74 100 -1 86.136018
227 250 -1 -1 64.330953
250 252 -1 -1 28.639672
227 250 252 -1 64.330953
303 345 -1 -1 97.409565
303 343 345 -1 109.860282
100 113 -1 -1 13.326236
113 117 -1 -1 38.182143
100 113 117 -1 46.086843
117 120 -1 -1 23.309649
250 257 -1 -1 28.226829
250 252 257 -1 29.812080
274 287 -1 -1 29.597684
274 280 287 -1 49.436243
47 74 -1 -1 83.152096
47 100 -1 -1 100.188015
47 74 100 -1 103.686360
100 108 -1 -1 11.784722
108 113 -1 -1 6.769535
100 108 113 -1 13.715336
113 120 -1 -1 31.895829
113 117 120 -1 38.182143
120 131 -1 -1 32.414756
117 120 131 -1 35.121596
215 250 -1 -1 82.413103
215 257 -1 -1 75.269587
215 250 257 -1 90.441120
227 231 -1 -1 74.446837
274 286 -1 -1 51.313791
274 286 287 -1 52.152491
91 100 -1 -1 30.167917
91 108 -1 -1 28.726766
91 100 108 -1 31.344460
213 231 -1 -1 32.169905
213 227 231 -1 82.651667
227 232 -1 -1 74.530179
231 232 -1 -1 6.061298
227 231 232 -1 74.947494
232 250 -1 -1 16.626206
227 232 250 -1 74.530179
47 91 -1 -1 48.220873
47 91 100 -1 103.450201
215 232 -1 -1 53.319748
215 232 250 -1 82.413103
91 113 -1 -1 30.952075
91 108 113 -1 31.606313
303 328 -1 -1 26.626203
328 345 -1 -1 41.070374
303 328 345 -1 97.409565
257 277 -1 -1 27.567278
274 277 -1 -1 38.624189
257 274 277 -1 38.624189
257 274 277 -1 38.624189
277 286 -1 -1 43.474341
274 277 286 -1 52.039752
274 277 286 -1 52.039752
91 120 -1 -1 33.173225
91 113 120 -1 33.602067
167 193 -1 -1 57.343460
167 184 193 -1 57.412115
213 215 -1 -1 59.045700
215 231 -1 -1 59.309715
213 215 231 -1 61.305317
215 231 232 -1 59.396514
272 277 -1 -1 15.243094
272 286 -1 -1 32.296973
272 277 286 -1 43.474341
193 215 -1 -1 57.922435
193 213 215 -1 63.199030
363 367 -1 -1 25.457735
345 363 -1 -1 39.713826
345 363 367 -1 39.713826
126 131 -1 -1 40.226474
126 167 -1 -1 42.730065
126 131 167 -1 53.083579
193 205 -1 -1 61.564901
205 215 -1 -1 46.556528
193 205 215 -1 62.286814
215 254 -1 -1 41.439916
254 257 -1 -1 30.938746
215 254 257 -1 75.269587
328 347 -1 -1 21.638052
345 347 -1 -1 42.134883
328 345 347 -1 42.895420
191 193 -1 -1 67.866941
167 191 -1 -1 43.483539
167 191 193 -1 70.728434
191 205 -1 -1 24.537001
191 193 205 -1 68.585584
254 277 -1 -1 32.759902
254 257 277 -1 36.423189
254 272 -1 -1 21.853740
254 272 277 -1 32.759902
91 124 -1 -1 35.174632
120 124 -1 -1 27.589517
91 120 124 -1 48.563881
347 363 -1 -1 23.903302
345 347 363 -1 55.584458
91 94 -1 -1 34.620087
94 124 -1 -1 31.767117
91 94 124 -1 52.510847
124 131 -1 -1 80.119995
120 124 131 -1 80.119995
205 218 -1 -1 11.717234
215 218 -1 -1 31.810479
205 215 218 -1 46.556528
191 218 -1 -1 21.589244
191 205 218 -1 31.140131
167 182 -1 -1 24.291560
91 96 -1 -1 21.995435
124 126 -1 -1 27.197695
124 126 131 -1 83.301583
126 143 -1 -1 13.680848
126 157 -1 -1 44.578226
143 157 -1 -1 17.601133
126 143 157 -1 44.623037
157 167 -1 -1 44.157406
126 157 167 -1 47.913085
94 96 -1 -1 24.332961
91 94 96 -1 34.990587
339 363 -1 -1 57.385543
339 347 -1 -1 36.407896
339 347 363 -1 73.449613
215 241 -1 -1 23.340769
241 254 -1 -1 21.891379
215 241 254 -1 41.439916
272 288 -1 -1 19.636671
286 288 -1 -1 51.724286
272 286 288 -1 56.096418
191 215 -1 -1 29.855979
191 215 218 -1 31.810479
174 182 -1 -1 29.778999
167 174 -1 -1 40.700929
167 174 182 -1 40.857011
270 272 -1 -1 34.023977
270 288 -1 -1 29.161982
270 272 288 -1 35.969950
174 188 -1 -1 21.161511
167 188 -1 -1 49.852515
167 174 188 -1 49.852515
188 191 -1 -1 35.429571
167 188 191 -1 52.143283
270 286 -1 -1 53.758615
270 286 288 -1 55.295890
188 192 -1 -1 5.069354
191 192 -1 -1 23.804553
188 191 192 -1 35.429571
254 270 -1 -1 54.653746
254 270 272 -1 54.653746
270 303 -1 -1 42.591075
270 286 303 -1 58.341533
254 255 -1 -1 24.335207
255 270 -1 -1 50.836657
254 255 270 -1 55.319796
157 174 -1 -1 19.822447
157 167 174 -1 59.738114
187 192 -1 -1 32.344122
187 191 -1 -1 24.961719
187 191 192 -1 36.827219
188 189 -1 -1 5.926657
174 189 -1 -1 17.512171
174 188 189 -1 21.161511
125 143 -1 -1 42.603850
323 328 -1 -1 40.879562
303 323 -1 -1 31.620833
303 323 328 -1 53.834914
187 188 -1 -1 38.409695
187 188 192 -1 38.703939
125 126 -1 -1 39.055121
125 126 143 -1 43.320924
187 189 -1 -1 34.879109
187 188 189 -1 38.978004
125 157 -1 -1 32.068087
125 143 157 -1 56.530065
241 255 -1 -1 14.835095
241 254 255 -1 34.822664
105 124 -1 -1 36.180216
94 105 -1 -1 19.937407
94 105 124 -1 36.180216
105 126 -1 -1 55.166837
105 124 126 -1 55.166837
253 255 -1 -1 78.393269
253 270 -1 -1 43.805085
253 255 270 -1 96.286955
174 187 -1 -1 29.548381
174 187 189 -1 36.311329
121 126 -1 -1 49.108590
121 125 -1 -1 17.402592
121 125 126 -1 49.108590
328 339 -1 -1 51.103059
328 339 347 -1 51.103059
105 121 -1 -1 14.016744
105 121 126 -1 64.429040
187 215 -1 -1 57.168323
187 191 215 -1 57.168323
212 241 -1 -1 59.273176
212 255 -1 -1 61.891558
212 241 255 -1 65.170007
212 215 -1 -1 51.880732
212 215 241 -1 59.273176
150 174 -1 -1 63.489692
150 187 -1 -1 53.729193
150 174 187 -1 72.465410
132 174 -1 -1 69.318222
132 150 -1 -1 27.984579
132 150 174 -1 85.869759
132 157 -1 -1 65.195021
132 157 174 -1 69.318222
212 253 -1 -1 63.152720
212 253 255 -1 80.148209
51 94 -1 -1 55.661231
138 157 -1 -1 27.560462
132 138 -1 -1 18.076142
132 138 157 -1 65.195021
125 138 -1 -1 20.391376
125 138 157 -1 39.713921
270 289 -1 -1 27.574073
328 333 -1 -1 71.910229
333 339 -1 -1 31.344467
328 333 339 -1 73.795067
339 364 -1 -1 20.455007
323 333 -1 -1 22.467111
323 328 333 -1 71.910229
270 285 -1 -1 32.198715
285 289 -1 -1 8.127779
270 285 289 -1 32.200356
289 303 -1 -1 76.188745
270 289 303 -1 76.188745
51 105 -1 -1 59.834835
51 94 105 -1 59.834835
132 180 -1 -1 54.304102
150 180 -1 -1 21.212247
132 150 180 -1 54.304102
187 207 -1 -1 31.682689
150 207 -1 -1 65.564601
150 187 207 -1 72.111751
207 215 -1 -1 88.491873
187 207 215 -1 88.491873
289 298 -1 -1 10.460281
298 303 -1 -1 79.293871
289 298 303 -1 80.597957
253 285 -1 -1 41.353229
253 289 -1 -1 45.625247
253 285 289 -1 46.394461
253 270 285 -1 47.259012
207 212 -1 -1 44.140831
207 212 215 -1 91.745449
289 290 -1 -1 17.508037
290 298 -1 -1 12.998165
289 290 298 -1 18.721934
253 290 -1 -1 26.656520
253 289 290 -1 45.625247
105 114 -1 -1 31.408931
114 121 -1 -1 29.684632
105 114 121 -1 31.446894
198 212 -1 -1 36.216829
198 207 -1 -1 21.921058
198 207 212 -1 45.047556
212 225 -1 -1 33.470241
225 253 -1 -1 38.644408
212 225 253 -1 63.152720
51 114 -1 -1 65.874695
51 105 114 -1 66.744361
51 109 -1 -1 52.516591
109 114 -1 -1 7.472761
51 109 114 -1 65.874695
150 198 -1 -1 40.930753
150 198 207 -1 70.329185
212 238 -1 -1 18.380066
290 297 -1 -1 21.979363
297 298 -1 -1 26.398846
290 297 298 -1 32.406019
297 303 -1 -1 84.547669
297 298 303 -1 86.950770
225 238 -1 -1 30.087611
212 225 238 -1 36.650079
109 121 -1 -1 41.211726
109 114 121 -1 41.845983
125 132 -1 -1 41.240383
125 132 138 -1 41.864904
92 121 -1 -1 80.720981
92 125 -1 -1 80.421256
92 121 125 -1 84.902379
101 109 -1 -1 37.963657
101 121 -1 -1 52.487701
101 109 121 -1 52.487701
92 101 -1 -1 21.559607
92 101 121 -1 80.884157
125 127 -1 -1 48.702433
127 132 -1 -1 52.491843
125 127 132 -1 53.624035
212 226 -1 -1 18.554986
225 226 -1 -1 26.082966
212 225 226 -1 33.470241
92 127 -1 -1 72.529992
92 125 127 -1 80.959209
51 95 -1 -1 31.330004
95 109 -1 -1 17.983467
51 95 109 -1 52.516591
348 364 -1 -1 25.244408
150 178 -1 -1 24.449411
178 198 -1 -1 23.828422
150 178 198 -1 40.969232
339 348 -1 -1 54.365995
339 348 364 -1 54.365995
95 101 -1 -1 18.301728
95 101 109 -1 37.974690
92 132 -1 -1 58.446423
92 127 132 -1 72.958942
253 297 -1 -1 38.554746
253 290 297 -1 38.554746
339 346 -1 -1 86.189093
346 348 -1 -1 43.911874
339 346 348 -1 86.189093
50 51 -1 -1 72.456966
50 95 -1 -1 86.853898
50 51 95 -1 89.510427
330 339 -1 -1 90.735479
330 346 -1 -1 12.236765
330 339 346 -1 90.735479
209 212 -1 -1 50.226708
209 225 -1 -1 44.000304
209 212 225 -1 50.226708
297 313 -1 -1 22.954534
303 313 -1 -1 116.681861
297 303 313 -1 116.769728
323 330 -1 -1 68.842089
330 333 -1 -1 44.078619
323 330 333 -1 68.842089
330 333 339 -1 101.279993
313 323 -1 -1 69.908997
303 313 323 -1 121.088454
313 314 -1 -1 20.485333
314 323 -1 -1 73.114698
313 314 323 -1 73.120286
313 314 323 -1 73.120286
314 330 -1 -1 31.262721
314 323 330 -1 73.114698
314 323 330 -1 73.114698
335 346 -1 -1 34.753216
335 348 -1 -1 28.311308
335 346 348 -1 44.162541
330 335 -1 -1 25.576307
330 335 346 -1 36.161413
50 101 -1 -1 64.298605
50 95 101 -1 92.932270
178 209 -1 -1 34.885285
198 209 -1 -1 28.220777
178 198 209 -1 36.282191
198 209 212 -1 74.457753
253 313 -1 -1 74.677565
253 297 313 -1 74.733650
150 151 -1 -1 60.312745
151 178 -1 -1 68.169478
150 151 178 -1 68.860572
348 351 -1 -1 35.794316
335 351 -1 -1 20.530116
335 348 351 -1 48.455329
203 209 -1 -1 45.670496
178 203 -1 -1 59.419219
178 203 209 -1 62.333387
225 242 -1 -1 28.541145
242 253 -1 -1 50.228703
225 242 253 -1 51.310943
150 152 -1 -1 52.637973
151 152 -1 -1 21.790183
150 151 152 -1 60.312745
209 221 -1 -1 44.938380
221 225 -1 -1 38.820863
209 221 225 -1 52.793193
178 181 -1 -1 22.302166
151 181 -1 -1 30.483178
151 178 181 -1 71.686738
203 221 -1 -1 19.391744
203 209 221 -1 55.385391
181 203 -1 -1 51.652211
178 181 203 -1 60.810184
246 313 -1 -1 86.530339
246 253 -1 -1 61.755843
246 253 313 -1 88.338625
129 132 -1 -1 62.573120
129 150 -1 -1 86.219561
129 132 150 -1 92.376909
129 152 -1 -1 27.302194
129 150 152 -1 86.219561
314 335 -1 -1 28.704596
314 330 335 -1 32.480792
221 242 -1 -1 22.417239
221 225 242 -1 38.889783
246 314 -1 -1 71.515772
246 313 314 -1 95.920842
92 129 -1 -1 41.831097
92 129 132 -1 71.957988
179 181 -1 -1 19.958703
179 203 -1 -1 33.256514
179 181 203 -1 51.652211
242 246 -1 -1 43.828288
242 246 253 -1 65.196128
242 258 -1 -1 17.361674
246 258 -1 -1 37.653222
242 246 258 -1 44.260391
50 92 -1 -1 53.249346
50 92 101 -1 64.716402
221 258 -1 -1 37.098361
221 242 258 -1 38.812008
129 146 -1 -1 16.932823
146 152 -1 -1 19.079056
129 146 152 -1 31.942116
259 314 -1 -1 55.766011
259 335 -1 -1 98.168145
259 314 335 -1 101.711095
146 151 -1 -1 18.181282
146 151 152 -1 23.678646
334 335 -1 -1 33.868889
334 351 -1 -1 32.503381
334 335 351 -1 35.177367
259 334 -1 -1 70.431613
259 334 335 -1 105.965940
351 366 -1 -1 25.405295
151 179 -1 -1 32.441019
151 179 181 -1 42.592895
221 246 -1 -1 54.554439
221 246 258 -1 54.554439
294 351 -1 -1 86.501367
294 366 -1 -1 59.716045
294 351 366 -1 106.591682
246 259 -1 -1 37.383614
246 259 314 -1 76.091413
129 139 -1 -1 18.283335
139 146 -1 -1 20.248260
129 139 146 -1 20.248260
92 97 -1 -1 53.293498
97 129 -1 -1 73.014282
92 97 129 -1 75.786278
179 195 -1 -1 25.099075
195 203 -1 -1 24.683568
179 195 203 -1 36.198919
294 334 -1 -1 38.293075
294 334 351 -1 86.501367
97 128 -1 -1 52.820733
128 129 -1 -1 30.906796
97 128 129 -1 73.014282
203 246 -1 -1 71.532223
203 221 246 -1 71.552287
129 130 -1 -1 29.862650
130 139 -1 -1 17.552027
129 130 139 -1 29.862650
139 151 -1 -1 44.782807
139 146 151 -1 44.782807
128 130 -1 -1 18.770879
128 129 130 -1 33.179233
203 244 -1 -1 59.474743
244 246 -1 -1 69.048259
203 244 246 -1 72.386663
50 84 -1 -1 44.044519
84 92 -1 -1 68.368535
50 84 92 -1 92.091326
151 172 -1 -1 25.324806
172 179 -1 -1 47.133573
151 172 179 -1 47.133573
84 97 -1 -1 28.139377
84 92 97 -1 68.368535
130 151 -1 -1 55.137861
130 139 151 -1 55.137861
97 130 -1 -1 43.106421
97 128 130 -1 52.820733
259 294 -1 -1 47.900736
259 294 334 -1 71.894758
47 -1 -1 -1 0.000000
50 -1 -1 -1 0.000000
51 -1 -1 -1 0.000000
65 -1 -1 -1 0.000000
74 -1 -1 -1 0.000000
80 -1 -1 -1 0.000000
84 -1 -1 -1 0.000000
87 -1 -1 -1 0.000000
88 -1 -1 -1 0.000000
91 -1 -1 -1 0.000000
92 -1 -1 -1 0.000000
94 -1 -1 -1 0.000000
95 -1 -1 -1 0.000000
96 -1 -1 -1 0.000000
97 -1 -1 -1 0.000000
98 -1 -1 -1 0.000000
99 -1 -1 -1 0.000000
100 -1 -1 -1 0.000000
101 -1 -1 -1 0.000000
104 -1 -1 -1 0.000000
105 -1 -1 -1 0.000000
107 -1 -1 -1 0.000000
108 -1 -1 -1 0.000000
109 -1 -1 -1 0.000000
111 -1 -1 -1 0.000000
112 -1 -1 -1 0.000000
113 -1 -1 -1 0.000000
114 -1 -1 -1 0.000000
116 -1 -1 -1 0.000000
117 -1 -1 -1 0.000000
120 -1 -1 -1 0.000000
121 -1 -1 -1 0.000000
123 -1 -1 -1 0.000000
124 -1 -1 -1 0.000000
125 -1 -1 -1 0.000000
126 -1 -1 -1 0.000000
127 -1 -1 -1 0.000000
128 -1 -1 -1 0.000000
129 -1 -1 -1 0.000000
130 -1 -1 -1 0.000000
131 -1 -1 -1 0.000000
132 -1 -1 -1 0.000000
137 -1 -1 -1 0.000000
138 -1 -1 -1 0.000000
139 -1 -1 -1 0.000000
141 -1 -1 -1 0.000000
142 -1 -1 -1 0.000000
143 -1 -1 -1 0.000000
146 -1 -1 -1 0.000000
147 -1 -1 -1 0.000000
148 -1 -1 -1 0.000000
149 -1 -1 -1 0.000000
150 -1 -1 -1 0.000000
151 -1 -1 -1 0.000000
152 -1 -1 -1 0.000000
154 -1 -1 -1 0.000000
155 -1 -1 -1 0.000000
157 -1 -1 -1 0.000000
162 -1 -1 -1 0.000000
164 -1 -1 -1 0.000000
166 -1 -1 -1 0.000000
167 -1 -1 -1 0.000000
170 -1 -1 -1 0.000000
171 -1 -1 -1 0.000000
172 -1 -1 -1 0.000000
174 -1 -1 -1 0.000000
175 -1 -1 -1 0.000000
177 -1 -1 -1 0.000000
178 -1 -1 -1 0.000000
179 -1 -1 -1 0.000000
180 -1 -1 -1 0.000000
181 -1 -1 -1 0.000000
182 -1 -1 -1 0.000000
184 -1 -1 -1 0.000000
185 -1 -1 -1 0.000000
187 -1 -1 -1 0.000000
188 -1 -1 -1 0.000000
189 -1 -1 -1 0.000000
190 -1 -1 -1 0.000000
191 -1 -1 -1 0.000000
192 -1 -1 -1 0.000000
193 -1 -1 -1 0.000000
194 -1 -1 -1 0.000000
195 -1 -1 -1 0.000000
197 -1 -1 -1 0.000000
198 -1 -1 -1 0.000000
203 -1 -1 -1 0.000000
205 -1 -1 -1 0.000000
207 -1 -1 -1 0.000000
209 -1 -1 -1 0.000000
211 -1 -1 -1 0.000000
212 -1 -1 -1 0.000000
213 -1 -1 -1 0.000000
215 -1 -1 -1 0.000000
218 -1 -1 -1 0.000000
221 -1 -1 -1 0.000000
223 -1 -1 -1 0.000000
225 -1 -1 -1 0.000000
226 -1 -1 -1 0.000000
227 -1 -1 -1 0.000000
228 -1 -1 -1 0.000000
230 -1 -1 -1 0.000000
231 -1 -1 -1 0.000000
232 -1 -1 -1 0.000000
237 -1 -1 -1 0.000000
238 -1 -1 -1 0.000000
241 -1 -1 -1 0.000000
242 -1 -1 -1 0.000000
243 -1 -1 -1 0.000000
244 -1 -1 -1 0.000000
246 -1 -1 -1 0.000000
250 -1 -1 -1 0.000000
251 -1 -1 -1 0.000000
252 -1 -1 -1 0.000000
253 -1 -1 -1 0.000000
254 -1 -1 -1 0.000000
255 -1 -1 -1 0.000000
257 -1 -1 -1 0.000000
258 -1 -1 -1 0.000000
259 -1 -1 -1 0.000000
263 -1 -1 -1 0.000000
264 -1 -1 -1 0.000000
266 -1 -1 -1 0.000000
268 -1 -1 -1 0.000000
269 -1 -1 -1 0.000000
270 -1 -1 -1 0.000000
272 -1 -1 -1 0.000000
274 -1 -1 -1 0.000000
275 -1 -1 -1 0.000000
277 -1 -1 -1 0.000000
280 -1 -1 -1 0.000000
282 -1 -1 -1 0.000000
285 -1 -1 -1 0.000000
286 -1 -1 -1 0.000000
287 -1 -1 -1 0.000000
288 -1 -1 -1 0.000000
289 -1 -1 -1 0.000000
290 -1 -1 -1 0.000000
293 -1 -1 -1 0.000000
294 -1 -1 -1 0.000000
295 -1 -1 -1 0.000000
297 -1 -1 -1 0.000000
298 -1 -1 -1 0.000000
299 -1 -1 -1 0.000000
301 -1 -1 -1 0.000000
302 -1 -1 -1 0.000000
303 -1 -1 -1 0.000000
304 -1 -1 -1 0.000000
306 -1 -1 -1 0.000000
307 -1 -1 -1 0.000000
308 -1 -1 -1 0.000000
311 -1 -1 -1 0.000000
313 -1 -1 -1 0.000000
314 -1 -1 -1 0.000000
316 -1 -1 -1 0.000000
317 -1 -1 -1 0.000000
318 -1 -1 -1 0.000000
319 -1 -1 -1 0.000000
320 -1 -1 -1 0.000000
321 -1 -1 -1 0.000000
322 -1 -1 -1 0.000000
323 -1 -1 -1 0.000000
324 -1 -1 -1 0.000000
326 -1 -1 -1 0.000000
328 -1 -1 -1 0.000000
330 -1 -1 -1 0.000000
331 -1 -1 -1 0.000000
332 -1 -1 -1 0.000000
333 -1 -1 -1 0.000000
334 -1 -1 -1 0.000000
335 -1 -1 -1 0.000000
337 -1 -1 -1 0.000000
338 -1 -1 -1 0.000000
339 -1 -1 -1 0.000000
343 -1 -1 -1 0.000000
345 -1 -1 -1 0.000000
346 -1 -1 -1 0.000000
347 -1 -1 -1 0.000000
348 -1 -1 -1 0.000000
351 -1 -1 -1 0.000000
353 -1 -1 -1 0.000000
362 -1 -1 -1 0.000000
363 -1 -1 -1 0.000000
364 -1 -1 -1 0.000000
365 -1 -1 -1 0.000000
366 -1 -1 -1 0.000000
367 -1 -1 -1 0.000000
