52 63 -1 -1 39.928453
19 52 -1 -1 57.834275
105 137 -1 -1 115.274652
103 105 -1 -1 27.133433
226 234 -1 -1 24.357856
63 81 -1 -1 54.248095
81 105 -1 -1 74.264760
81 103 -1 -1 33.649872
81 103 105 -1 74.264760
137 174 -1 -1 38.959099
234 249 -1 -1 45.165117
226 238 -1 -1 20.416702
234 238 -1 -1 27.324882
226 234 238 -1 30.857565
249 264 -1 -1 36.131115
209 226 -1 -1 56.386598
105 126 -1 -1 43.766998
126 137 -1 -1 94.007333
105 126 137 -1 115.838613
174 199 -1 -1 43.033545
137 157 -1 -1 33.515780
52 64 -1 -1 17.758180
63 64 -1 -1 46.970582
52 63 64 -1 57.581308
199 209 -1 -1 31.708891
209 238 -1 -1 57.623115
209 226 238 -1 62.942072
157 174 -1 -1 63.618369
137 157 174 -1 65.165070
209 229 -1 -1 24.328299
229 238 -1 -1 24.304940
209 229 238 -1 57.623115
137 148 -1 -1 73.931363
126 148 -1 -1 24.185825
126 137 148 -1 94.007333
64 65 -1 -1 31.256117
63 65 -1 -1 48.090371
63 64 65 -1 51.224908
238 249 -1 -1 41.832459
234 238 249 -1 51.175719
148 157 -1 -1 23.921514
137 148 157 -1 73.931363
227 238 -1 -1 46.719134
227 249 -1 -1 52.879215
227 238 249 -1 65.966402
52 65 -1 -1 46.603549
52 64 65 -1 49.320034
65 81 -1 -1 38.852943
63 65 81 -1 57.772496
157 161 -1 -1 19.491035
161 174 -1 -1 51.974049
157 161 174 -1 63.934323
227 229 -1 -1 26.674887
227 229 238 -1 48.549217
103 108 -1 -1 39.354069
105 108 -1 -1 48.809989
103 105 108 -1 49.211014
145 148 -1 -1 34.656455
145 157 -1 -1 44.829527
145 148 157 -1 53.019330
227 247 -1 -1 20.406531
247 249 -1 -1 29.617430
227 247 249 -1 52.879215
108 126 -1 -1 42.510752
105 108 126 -1 59.509965
160 174 -1 -1 40.903475
160 161 -1 -1 20.220676
160 161 174 -1 52.966519
174 189 -1 -1 28.403713
145 161 -1 -1 32.422048
145 157 161 -1 47.772020
148 150 -1 -1 18.060034
160 189 -1 -1 43.781599
160 174 189 -1 45.500678
249 261 -1 -1 43.706990
261 264 -1 -1 36.735173
249 261 264 -1 59.513132
52 53 -1 -1 60.156437
53 65 -1 -1 29.258435
52 53 65 -1 60.310706
81 108 -1 -1 45.118214
81 103 108 -1 45.986324
145 150 -1 -1 34.150420
145 148 150 -1 35.850849
19 53 -1 -1 58.341910
19 52 53 -1 84.964316
108 129 -1 -1 41.779314
126 129 -1 -1 36.370794
108 126 129 -1 42.805729
129 130 -1 -1 34.014972
126 130 -1 -1 27.934676
126 129 130 -1 37.089335
108 130 -1 -1 40.720293
108 129 130 -1 42.650757
130 148 -1 -1 33.042249
126 130 148 -1 33.676520
174 180 -1 -1 46.749685
180 199 -1 -1 46.848354
174 180 199 -1 54.890727
180 189 -1 -1 19.812351
174 180 189 -1 46.749685
130 145 -1 -1 30.952466
130 145 148 -1 37.466083
209 219 -1 -1 27.373053
219 229 -1 -1 28.848092
209 219 229 -1 32.298799
145 160 -1 -1 44.849694
145 160 161 -1 44.996179
219 227 -1 -1 32.940689
219 227 229 -1 34.417976
160 180 -1 -1 36.080151
160 180 189 -1 50.928697
53 81 -1 -1 75.136638
53 65 81 -1 77.752574
19 37 -1 -1 82.506448
53 74 -1 -1 53.623658
108 128 -1 -1 42.160294
128 130 -1 -1 18.678742
108 128 130 -1 46.041443
37 53 -1 -1 42.418637
53 69 -1 -1 16.191706
74 81 -1 -1 48.116857
53 74 81 -1 76.834640
69 74 -1 -1 65.129635
53 69 74 -1 81.561233
74 108 -1 -1 53.566962
74 81 108 -1 56.930105
163 180 -1 -1 28.609371
163 199 -1 -1 97.356065
163 180 199 -1 97.356065
163 209 -1 -1 99.280578
163 199 209 -1 100.084252
193 209 -1 -1 64.636304
163 193 -1 -1 42.762230
163 193 209 -1 101.296905
37 69 -1 -1 36.019849
37 53 69 -1 44.501472
160 163 -1 -1 39.866218
160 163 180 -1 53.864280
193 219 -1 -1 67.161406
193 209 219 -1 72.016763
130 141 -1 -1 29.169451
128 141 -1 -1 17.278514
128 130 141 -1 29.169451
128 130 141 -1 29.169451
141 145 -1 -1 38.598008
130 141 145 -1 41.661255
130 141 145 -1 41.661255
211 219 -1 -1 33.894421
211 227 -1 -1 41.420530
211 219 227 -1 58.263551
249 257 -1 -1 67.975044
247 257 -1 -1 31.755121
247 249 257 -1 68.048481
257 261 -1 -1 37.056925
249 257 261 -1 67.979974
37 74 -1 -1 61.092617
37 69 74 -1 65.129635
145 163 -1 -1 78.335287
145 160 163 -1 78.813259
74 100 -1 -1 48.356239
100 108 -1 -1 33.626926
74 100 108 -1 59.109194
100 128 -1 -1 54.775891
100 108 128 -1 54.775891
193 211 -1 -1 47.798807
193 211 219 -1 67.161406
227 237 -1 -1 50.634399
145 146 -1 -1 60.427702
146 163 -1 -1 32.712353
145 146 163 -1 80.151119
237 247 -1 -1 61.193316
227 237 247 -1 61.506424
141 146 -1 -1 100.429894
141 145 146 -1 100.429894
100 141 -1 -1 80.207194
100 128 141 -1 80.207194
211 237 -1 -1 36.971709
211 227 237 -1 51.769539
237 247 -1 -1 63.151168
247 257 -1 -1 37.901535
237 252 -1 -1 45.220940
237 252 -1 -1 62.363915
252 257 -1 -1 37.238707
252 257 -1 -1 61.147140
100 142 -1 -1 79.446171
141 142 -1 -1 62.380332
100 141 142 -1 84.001107
37 80 -1 -1 59.794357
74 80 -1 -1 32.510099
37 74 80 -1 74.821760
142 146 -1 -1 28.721070
141 142 146 -1 104.489553
100 117 -1 -1 30.099563
117 142 -1 -1 44.691500
100 117 142 -1 79.446171
252 261 -1 -1 36.496791
252 257 261 -1 46.623652
80 100 -1 -1 50.051772
74 80 100 -1 65.689348
80 96 -1 -1 20.178139
96 100 -1 -1 59.925878
80 96 100 -1 60.549487
193 205 -1 -1 43.556083
205 211 -1 -1 39.688401
193 205 211 -1 50.984801
163 185 -1 -1 44.824705
185 193 -1 -1 48.361346
163 185 193 -1 48.361346
117 132 -1 -1 36.474046
132 142 -1 -1 26.095100
117 132 142 -1 52.413577
37 73 -1 -1 60.137572
73 80 -1 -1 31.686644
37 73 80 -1 69.300294
146 185 -1 -1 60.531937
146 163 185 -1 60.531937
37 44 -1 -1 50.759274
205 237 -1 -1 53.105349
205 211 237 -1 55.160277
80 106 -1 -1 59.945846
100 106 -1 -1 50.630219
80 100 106 -1 69.438018
106 117 -1 -1 42.166964
100 106 117 -1 50.884804
44 73 -1 -1 41.243358
37 44 73 -1 62.486059
106 116 -1 -1 23.148018
116 117 -1 -1 37.290215
106 116 117 -1 42.917659
237 239 -1 -1 36.021445
239 252 -1 -1 45.579296
237 239 252 -1 48.632735
252 263 -1 -1 33.442408
188 193 -1 -1 61.561508
146 165 -1 -1 54.998824
142 165 -1 -1 80.426102
142 146 165 -1 84.150420
185 188 -1 -1 60.466012
185 188 193 -1 72.146759
252 258 -1 -1 50.609974
239 258 -1 -1 34.873734
239 252 258 -1 57.577662
60 73 -1 -1 35.250848
60 80 -1 -1 51.245512
60 73 80 -1 57.200018
258 263 -1 -1 22.099002
252 258 263 -1 50.609974
188 205 -1 -1 39.615052
188 193 205 -1 61.561508
80 94 -1 -1 46.828712
94 106 -1 -1 41.590880
80 94 106 -1 61.809610
142 152 -1 -1 63.194247
152 165 -1 -1 47.460088
142 152 165 -1 80.426102
60 94 -1 -1 51.893754
60 80 94 -1 53.644007
117 125 -1 -1 56.877791
125 132 -1 -1 31.753777
117 125 132 -1 57.959303
132 152 -1 -1 45.005019
132 142 152 -1 63.481103
205 232 -1 -1 45.192431
44 60 -1 -1 61.462214
44 60 73 -1 61.462214
232 237 -1 -1 64.047783
205 232 237 -1 64.047783
44 55 -1 -1 18.271135
165 185 -1 -1 42.774391
146 165 185 -1 67.570535
106 109 -1 -1 24.938404
94 109 -1 -1 29.667563
94 106 109 -1 60.581250
188 232 -1 -1 85.389090
188 205 232 -1 87.335939
232 239 -1 -1 45.288143
232 237 239 -1 67.703742
55 60 -1 -1 54.370298
44 55 60 -1 64.874803
106 125 -1 -1 43.862867
106 117 125 -1 61.005794
224 232 -1 -1 48.894257
224 239 -1 -1 41.270158
224 232 239 -1 57.672592
165 188 -1 -1 61.139695
165 185 188 -1 110.050888
40 44 -1 -1 48.311903
188 224 -1 -1 69.953549
188 224 232 -1 89.744809
40 55 -1 -1 27.453139
251 263 -1 -1 50.634265
35 40 -1 -1 24.140199
106 114 -1 -1 52.922550
109 114 -1 -1 45.038992
106 109 114 -1 96.036125
239 244 -1 -1 23.078316
40 60 -1 -1 95.598089
40 55 60 -1 95.634067
251 258 -1 -1 33.297723
251 258 263 -1 50.634265
60 90 -1 -1 56.328621
90 94 -1 -1 63.912848
60 90 94 -1 66.455904
90 109 -1 -1 29.288161
90 94 109 -1 63.912954
125 152 -1 -1 39.525420
125 132 152 -1 54.569649
60 67 -1 -1 37.875697
239 251 -1 -1 64.312243
239 251 258 -1 64.312243
244 251 -1 -1 67.485793
239 244 251 -1 68.322445
35 60 -1 -1 82.293255
35 40 60 -1 104.252763
61 67 -1 -1 27.816704
60 61 -1 -1 42.195453
60 61 67 -1 42.195453
35 67 -1 -1 58.617996
35 60 67 -1 82.293255
114 125 -1 -1 27.339858
106 114 125 -1 61.314836
35 61 -1 -1 48.283151
35 61 67 -1 59.295036
152 164 -1 -1 38.319127
164 165 -1 -1 33.853497
152 164 165 -1 49.461003
35 57 -1 -1 28.882554
57 61 -1 -1 29.976173
35 57 61 -1 48.287782
244 248 -1 -1 69.156130
239 248 -1 -1 66.347473
239 244 248 -1 69.601452
239 244 248 -1 69.601452
248 251 -1 -1 36.588753
244 248 251 -1 75.330338
244 248 251 -1 75.330338
184 188 -1 -1 59.665076
165 184 -1 -1 61.700880
165 184 188 -1 67.972064
188 197 -1 -1 37.047346
61 77 -1 -1 40.817513
60 77 -1 -1 49.061974
60 61 77 -1 53.198719
109 118 -1 -1 67.025036
114 118 -1 -1 25.484060
109 114 118 -1 67.437645
184 197 -1 -1 27.118185
184 188 197 -1 60.047366
224 248 -1 -1 54.023963
224 239 248 -1 82.699051
90 118 -1 -1 47.943177
90 109 118 -1 70.677360
77 90 -1 -1 36.713318
60 77 90 -1 61.873846
188 203 -1 -1 57.317628
197 203 -1 -1 25.029001
188 197 203 -1 57.317628
221 224 -1 -1 33.381237
188 221 -1 -1 79.541608
188 221 224 -1 84.991696
221 248 -1 -1 43.261576
221 224 248 -1 56.304776
114 152 -1 -1 64.642167
114 125 152 -1 64.642167
164 184 -1 -1 40.027764
164 165 184 -1 75.181506
203 221 -1 -1 61.945062
188 203 221 -1 81.044133
203 214 -1 -1 24.833963
214 221 -1 -1 33.199547
203 214 221 -1 61.945062
35 42 -1 -1 52.611255
114 147 -1 -1 60.365910
147 152 -1 -1 62.331728
114 147 152 -1 68.584915
42 61 -1 -1 49.364374
35 42 61 -1 56.318416
147 164 -1 -1 32.540593
147 152 164 -1 62.354435
42 77 -1 -1 51.874974
42 61 77 -1 59.526557
184 203 -1 -1 33.442189
184 197 203 -1 35.330454
118 147 -1 -1 64.560521
114 118 147 -1 75.660701
90 104 -1 -1 40.242142
147 184 -1 -1 58.000980
147 164 184 -1 60.559328
104 118 -1 -1 33.864542
90 104 118 -1 63.399913
77 104 -1 -1 58.297347
77 90 104 -1 58.297347
221 228 -1 -1 45.590218
228 248 -1 -1 58.523845
221 228 248 -1 67.427040
42 78 -1 -1 45.929052
77 78 -1 -1 25.731698
42 77 78 -1 54.219571
147 179 -1 -1 72.598365
179 184 -1 -1 35.534251
147 179 184 -1 80.490525
136 147 -1 -1 28.756113
248 260 -1 -1 47.722520
118 136 -1 -1 51.267169
118 136 147 -1 65.013775
104 111 -1 -1 25.213964
111 118 -1 -1 31.953326
104 111 118 -1 45.159622
214 228 -1 -1 51.697352
214 221 228 -1 56.289291
203 207 -1 -1 36.341483
207 214 -1 -1 25.599451
203 207 214 -1 36.654554
78 104 -1 -1 54.505835
77 78 104 -1 71.000231
102 104 -1 -1 20.098283
102 111 -1 -1 24.991239
102 104 111 -1 42.106649
184 207 -1 -1 61.304057
184 203 207 -1 62.350257
78 102 -1 -1 52.791619
78 102 104 -1 54.524433
147 175 -1 -1 61.930813
175 179 -1 -1 24.550822
147 175 179 -1 88.268293
228 260 -1 -1 60.207403
228 248 260 -1 64.851473
136 175 -1 -1 62.123916
136 147 175 -1 68.399128
179 206 -1 -1 40.474947
184 206 -1 -1 61.903185
179 184 206 -1 61.903185
206 207 -1 -1 20.902173
184 206 207 -1 63.516532
78 99 -1 -1 46.449906
99 102 -1 -1 15.206355
78 99 102 -1 53.749776
206 214 -1 -1 37.216353
206 207 214 -1 37.218216
206 228 -1 -1 52.464481
206 214 228 -1 61.429753
112 118 -1 -1 64.277438
111 112 -1 -1 40.384938
111 112 118 -1 64.277438
111 112 118 -1 64.277438
112 118 -1 -1 64.683798
112 136 -1 -1 69.761220
112 118 136 -1 69.761220
112 118 136 -1 69.761220
112 131 -1 -1 83.446447
131 136 -1 -1 34.964461
112 131 136 -1 107.908454
112 131 136 -1 107.908454
78 88 -1 -1 44.667122
88 99 -1 -1 23.973970
78 88 99 -1 48.533974
136 168 -1 -1 38.536202
168 175 -1 -1 36.091258
136 168 175 -1 62.514523
42 71 -1 -1 47.366507
71 78 -1 -1 38.943896
42 71 78 -1 78.796966
99 111 -1 -1 26.872591
99 102 111 -1 33.452297
78 86 -1 -1 32.386478
71 86 -1 -1 21.622209
71 78 86 -1 39.421152
86 88 -1 -1 27.441273
78 86 88 -1 54.957973
99 112 -1 -1 35.068799
99 111 112 -1 41.871670
228 250 -1 -1 41.513152
250 260 -1 -1 31.224239
228 250 260 -1 61.228524
42 56 -1 -1 129.407546
41 56 -1 -1 85.332280
56 71 -1 -1 47.331829
42 56 71 -1 129.407546
168 176 -1 -1 15.664310
175 176 -1 -1 28.841028
168 175 176 -1 36.091258
131 139 -1 -1 28.615426
131 168 -1 -1 36.883150
131 136 168 -1 52.604452
179 198 -1 -1 36.419333
206 218 -1 -1 21.604702
218 228 -1 -1 57.727924
206 218 228 -1 59.697536
175 198 -1 -1 46.417724
175 179 198 -1 56.665752
112 139 -1 -1 33.204913
112 131 139 -1 83.446447
179 218 -1 -1 78.361632
179 206 218 -1 78.361632
176 181 -1 -1 109.274732
175 181 -1 -1 47.926723
175 176 181 -1 109.274732
131 176 -1 -1 47.985492
131 168 176 -1 47.985492
176 177 -1 -1 49.074429
177 181 -1 -1 35.679302
176 177 181 -1 112.948828
88 112 -1 -1 49.799410
88 99 112 -1 51.489970
131 177 -1 -1 50.683144
131 176 177 -1 57.622523
222 228 -1 -1 51.398565
222 250 -1 -1 39.093726
222 228 250 -1 58.933648
56 86 -1 -1 37.960249
56 88 -1 -1 32.527415
56 86 88 -1 39.572959
56 71 86 -1 54.193890
56 112 -1 -1 66.452592
56 88 112 -1 66.928753
218 222 -1 -1 45.307978
218 222 228 -1 73.161790
177 178 -1 -1 16.358408
131 178 -1 -1 61.163051
131 177 178 -1 65.749366
181 198 -1 -1 22.010246
175 181 198 -1 76.563118
179 222 -1 -1 114.444073
179 218 222 -1 119.812504
41 46 -1 -1 27.926675
46 56 -1 -1 71.377991
41 46 56 -1 86.709236
198 222 -1 -1 76.350090
179 198 222 -1 114.444073
112 115 -1 -1 42.257969
222 245 -1 -1 36.205029
245 250 -1 -1 42.190742
222 245 250 -1 80.650044
112 133 -1 -1 54.297492
133 139 -1 -1 27.913510
112 133 139 -1 59.013973
131 153 -1 -1 31.447669
56 115 -1 -1 71.643786
56 112 115 -1 74.904994
139 153 -1 -1 39.170642
131 139 153 -1 40.561045
198 213 -1 -1 53.959027
213 222 -1 -1 37.738766
198 213 222 -1 77.431730
181 213 -1 -1 54.248732
181 198 213 -1 64.502379
46 66 -1 -1 21.292005
46 76 -1 -1 78.615653
56 76 -1 -1 42.780251
46 56 76 -1 78.974972
115 133 -1 -1 22.924630
112 115 133 -1 55.681830
56 84 -1 -1 29.064204
133 153 -1 -1 28.499040
133 139 153 -1 43.098445
66 68 -1 -1 22.234243
46 68 -1 -1 42.529902
46 66 68 -1 42.529902
68 76 -1 -1 30.509036
46 68 76 -1 83.660863
76 84 -1 -1 27.543438
56 76 84 -1 43.261721
213 245 -1 -1 53.179736
213 222 245 -1 61.446816
153 155 -1 -1 18.540424
133 155 -1 -1 26.178147
133 153 155 -1 28.548874
245 268 -1 -1 44.624430
169 178 -1 -1 35.774346
169 177 -1 -1 42.916268
169 177 178 -1 43.861508
131 169 -1 -1 73.178165
131 169 178 -1 84.931524
169 181 -1 -1 53.612862
169 177 181 -1 56.969563
153 169 -1 -1 66.373952
131 153 169 -1 73.178165
56 113 -1 -1 71.763903
113 115 -1 -1 20.210730
56 113 115 -1 82.793312
151 153 -1 -1 38.870278
151 155 -1 -1 38.983084
151 153 155 -1 44.948083
181 200 -1 -1 31.406049
200 213 -1 -1 50.066101
181 200 213 -1 54.668189
133 151 -1 -1 37.022292
133 151 155 -1 43.362288
169 200 -1 -1 53.372268
169 181 200 -1 56.329509
151 169 -1 -1 52.910415
151 153 169 -1 72.560131
56 110 -1 -1 72.401913
110 113 -1 -1 23.262053
56 110 113 -1 74.561360
169 195 -1 -1 37.179897
195 200 -1 -1 20.535344
169 195 200 -1 53.372268
56 89 -1 -1 78.540648
245 253 -1 -1 23.746768
76 89 -1 -1 56.533977
56 76 89 -1 94.028030
89 110 -1 -1 26.281442
56 89 110 -1 78.540648
265 268 -1 -1 21.609211
115 151 -1 -1 55.685947
115 133 151 -1 55.685947
46 50 -1 -1 42.171946
213 240 -1 -1 43.232384
240 245 -1 -1 56.468649
213 240 245 -1 61.316381
50 68 -1 -1 29.391900
46 50 68 -1 49.577967
253 268 -1 -1 33.358492
245 253 268 -1 46.807405
166 169 -1 -1 27.935899
151 166 -1 -1 32.445167
151 166 169 -1 52.931730
213 215 -1 -1 31.226763
89 92 -1 -1 29.514253
76 92 -1 -1 27.122582
76 89 92 -1 56.533977
68 75 -1 -1 31.151192
75 76 -1 -1 22.069341
68 75 76 -1 31.838702
192 200 -1 -1 39.587677
192 213 -1 -1 71.770373
192 200 213 -1 72.247497
192 215 -1 -1 43.815373
192 213 215 -1 71.770373
236 245 -1 -1 52.960613
236 253 -1 -1 40.735573
236 245 253 -1 52.960613
236 240 -1 -1 18.178850
236 240 245 -1 60.427260
253 265 -1 -1 31.605068
253 265 268 -1 44.100182
213 236 -1 -1 47.957483
213 236 240 -1 48.810322
215 236 -1 -1 39.392497
213 215 236 -1 48.125998
50 75 -1 -1 36.128478
50 68 75 -1 37.185208
236 265 -1 -1 76.284679
236 253 265 -1 76.899918
113 121 -1 -1 24.144076
110 121 -1 -1 30.156713
110 113 121 -1 31.066400
236 259 -1 -1 61.969799
259 265 -1 -1 33.487855
236 259 265 -1 76.284679
115 149 -1 -1 83.659137
149 151 -1 -1 38.592118
115 149 151 -1 85.297287
192 195 -1 -1 43.942831
192 195 200 -1 46.924414
236 255 -1 -1 32.743360
50 62 -1 -1 94.839203
62 75 -1 -1 88.015492
50 62 75 -1 102.889221
75 79 -1 -1 26.706745
76 79 -1 -1 34.748024
75 76 79 -1 35.050213
169 192 -1 -1 64.151549
169 192 195 -1 64.151549
255 259 -1 -1 18.174106
236 255 259 -1 61.969799
158 169 -1 -1 53.540159
158 166 -1 -1 24.690543
158 166 169 -1 53.540159
113 134 -1 -1 65.250458
115 134 -1 -1 81.505227
113 115 134 -1 81.505227
134 149 -1 -1 37.539027
115 134 149 -1 85.368189
50 54 -1 -1 21.214017
134 143 -1 -1 21.198923
143 149 -1 -1 13.380064
134 143 149 -1 37.539027
151 158 -1 -1 42.224523
151 158 166 -1 42.732451
192 217 -1 -1 32.254077
215 217 -1 -1 26.989313
192 215 217 -1 43.815373
54 62 -1 -1 63.214914
50 54 62 -1 95.051248
169 194 -1 -1 68.745694
192 194 -1 -1 18.069342
169 192 194 -1 69.376892
89 121 -1 -1 38.711908
89 110 121 -1 38.711908
236 241 -1 -1 60.844303
241 255 -1 -1 42.327951
236 241 255 -1 69.563186
62 72 -1 -1 32.870232
72 75 -1 -1 29.774862
62 72 75 -1 88.015492
72 79 -1 -1 24.872441
72 75 79 -1 39.407693
158 194 -1 -1 79.242182
158 169 194 -1 86.134070
121 134 -1 -1 56.172838
113 121 134 -1 66.137165
149 158 -1 -1 57.972930
149 151 158 -1 61.333504
158 187 -1 -1 29.749256
47 54 -1 -1 29.769331
231 236 -1 -1 33.695894
215 231 -1 -1 36.979465
215 231 236 -1 51.490404
134 158 -1 -1 48.348889
134 149 158 -1 57.972930
187 194 -1 -1 24.125236
158 187 194 -1 79.242182
217 225 -1 -1 12.269290
215 225 -1 -1 37.063044
215 217 225 -1 37.063044
79 89 -1 -1 67.248560
76 79 89 -1 68.792319
225 231 -1 -1 23.930694
215 225 231 -1 41.445393
231 241 -1 -1 42.275833
231 236 241 -1 64.705747
121 124 -1 -1 22.610064
124 134 -1 -1 51.724023
121 124 134 -1 56.172838
89 124 -1 -1 62.229326
89 121 124 -1 62.229326
241 259 -1 -1 34.381560
241 255 259 -1 43.080267
62 79 -1 -1 51.925087
62 72 79 -1 61.587499
47 62 -1 -1 30.596460
47 54 62 -1 63.214914
87 89 -1 -1 46.835222
79 87 -1 -1 51.428447
79 87 89 -1 67.913785
158 192 -1 -1 77.387831
158 192 194 -1 85.214232
89 134 -1 -1 91.201909
89 124 134 -1 91.604706
158 162 -1 -1 32.692383
62 87 -1 -1 81.686989
62 79 87 -1 82.586034
158 172 -1 -1 24.962522
62 82 -1 -1 26.719419
82 87 -1 -1 33.802288
62 82 87 -1 81.686989
89 120 -1 -1 54.581041
192 210 -1 -1 40.298592
210 217 -1 -1 24.274060
192 210 217 -1 59.253448
158 182 -1 -1 57.231898
182 192 -1 -1 65.931486
158 182 192 -1 78.562710
210 225 -1 -1 36.123537
210 217 225 -1 36.123537
172 182 -1 -1 45.353033
158 172 182 -1 57.231898
210 231 -1 -1 40.601204
210 225 231 -1 40.601204
231 233 -1 -1 25.570206
210 233 -1 -1 39.133933
210 231 233 -1 41.315952
87 120 -1 -1 54.662974
87 89 120 -1 56.497397
120 134 -1 -1 45.458480
89 120 134 -1 103.919904
233 241 -1 -1 41.619303
231 233 241 -1 57.047509
162 172 -1 -1 28.244524
158 162 172 -1 42.848981
120 138 -1 -1 72.256447
134 138 -1 -1 30.380387
120 134 138 -1 76.344834
192 202 -1 -1 48.391698
202 210 -1 -1 26.328441
192 202 210 -1 48.407230
210 220 -1 -1 21.279929
220 233 -1 -1 21.673068
210 220 233 -1 39.133933
120 122 -1 -1 24.829892
122 138 -1 -1 40.889750
120 122 138 -1 72.256447
182 202 -1 -1 39.347721
182 192 202 -1 68.992399
241 262 -1 -1 39.719602
162 170 -1 -1 59.731846
158 170 -1 -1 61.739508
158 162 170 -1 62.953433
170 172 -1 -1 37.790338
162 170 172 -1 59.731846
202 220 -1 -1 29.329150
202 210 220 -1 48.082687
134 170 -1 -1 68.001910
134 158 170 -1 68.001910
138 170 -1 -1 44.858966
134 138 170 -1 70.715486
30 47 -1 -1 57.843534
30 62 -1 -1 48.133809
30 47 62 -1 64.329057
170 182 -1 -1 49.095276
170 172 182 -1 53.555988
87 91 -1 -1 31.100333
91 120 -1 -1 49.260525
87 91 120 -1 63.196139
233 242 -1 -1 30.136619
241 242 -1 -1 39.063904
233 241 242 -1 46.949367
182 183 -1 -1 21.678266
170 183 -1 -1 19.131742
170 182 183 -1 49.095276
91 122 -1 -1 47.279188
91 120 122 -1 54.814898
19 -1 -1 -1 0.000000
30 -1 -1 -1 0.000000
35 -1 -1 -1 0.000000
37 -1 -1 -1 0.000000
40 -1 -1 -1 0.000000
41 -1 -1 -1 0.000000
42 -1 -1 -1 0.000000
44 -1 -1 -1 0.000000
46 -1 -1 -1 0.000000
47 -1 -1 -1 0.000000
50 -1 -1 -1 0.000000
52 -1 -1 -1 0.000000
53 -1 -1 -1 0.000000
54 -1 -1 -1 0.000000
55 -1 -1 -1 0.000000
56 -1 -1 -1 0.000000
57 -1 -1 -1 0.000000
60 -1 -1 -1 0.000000
61 -1 -1 -1 0.000000
62 -1 -1 -1 0.000000
63 -1 -1 -1 0.000000
64 -1 -1 -1 0.000000
65 -1 -1 -1 0.000000
66 -1 -1 -1 0.000000
67 -1 -1 -1 0.000000
68 -1 -1 -1 0.000000
69 -1 -1 -1 0.000000
71 -1 -1 -1 0.000000
72 -1 -1 -1 0.000000
73 -1 -1 -1 0.000000
74 -1 -1 -1 0.000000
75 -1 -1 -1 0.000000
76 -1 -1 -1 0.000000
77 -1 -1 -1 0.000000
78 -1 -1 -1 0.000000
79 -1 -1 -1 0.000000
80 -1 -1 -1 0.000000
81 -1 -1 -1 0.000000
82 -1 -1 -1 0.000000
84 -1 -1 -1 0.000000
86 -1 -1 -1 0.000000
87 -1 -1 -1 0.000000
88 -1 -1 -1 0.000000
89 -1 -1 -1 0.000000
90 -1 -1 -1 0.000000
91 -1 -1 -1 0.000000
92 -1 -1 -1 0.000000
94 -1 -1 -1 0.000000
96 -1 -1 -1 0.000000
99 -1 -1 -1 0.000000
100 -1 -1 -1 0.000000
102 -1 -1 -1 0.000000
103 -1 -1 -1 0.000000
104 -1 -1 -1 0.000000
105 -1 -1 -1 0.000000
106 -1 -1 -1 0.000000
108 -1 -1 -1 0.000000
109 -1 -1 -1 0.000000
110 -1 -1 -1 0.000000
111 -1 -1 -1 0.000000
112 -1 -1 -1 0.000000
113 -1 -1 -1 0.000000
114 -1 -1 -1 0.000000
115 -1 -1 -1 0.000000
116 -1 -1 -1 0.000000
117 -1 -1 -1 0.000000
118 -1 -1 -1 0.000000
120 -1 -1 -1 0.000000
121 -1 -1 -1 0.000000
122 -1 -1 -1 0.000000
124 -1 -1 -1 0.000000
125 -1 -1 -1 0.000000
126 -1 -1 -1 0.000000
128 -1 -1 -1 0.000000
129 -1 -1 -1 0.000000
130 -1 -1 -1 0.000000
131 -1 -1 -1 0.000000
132 -1 -1 -1 0.000000
133 -1 -1 -1 0.000000
134 -1 -1 -1 0.000000
136 -1 -1 -1 0.000000
137 -1 -1 -1 0.000000
138 -1 -1 -1 0.000000
139 -1 -1 -1 0.000000
141 -1 -1 -1 0.000000
142 -1 -1 -1 0.000000
143 -1 -1 -1 0.000000
145 -1 -1 -1 0.000000
146 -1 -1 -1 0.000000
147 -1 -1 -1 0.000000
148 -1 -1 -1 0.000000
149 -1 -1 -1 0.000000
150 -1 -1 -1 0.000000
151 -1 -1 -1 0.000000
152 -1 -1 -1 0.000000
153 -1 -1 -1 0.000000
155 -1 -1 -1 0.000000
157 -1 -1 -1 0.000000
158 -1 -1 -1 0.000000
160 -1 -1 -1 0.000000
161 -1 -1 -1 0.000000
162 -1 -1 -1 0.000000
163 -1 -1 -1 0.000000
164 -1 -1 -1 0.000000
165 -1 -1 -1 0.000000
166 -1 -1 -1 0.000000
168 -1 -1 -1 0.000000
169 -1 -1 -1 0.000000
170 -1 -1 -1 0.000000
172 -1 -1 -1 0.000000
174 -1 -1 -1 0.000000
175 -1 -1 -1 0.000000
176 -1 -1 -1 0.000000
177 -1 -1 -1 0.000000
178 -1 -1 -1 0.000000
179 -1 -1 -1 0.000000
180 -1 -1 -1 0.000000
181 -1 -1 -1 0.000000
182 -1 -1 -1 0.000000
183 -1 -1 -1 0.000000
184 -1 -1 -1 0.000000
185 -1 -1 -1 0.000000
187 -1 -1 -1 0.000000
188 -1 -1 -1 0.000000
189 -1 -1 -1 0.000000
192 -1 -1 -1 0.000000
193 -1 -1 -1 0.000000
194 -1 -1 -1 0.000000
195 -1 -1 -1 0.000000
197 -1 -1 -1 0.000000
198 -1 -1 -1 0.000000
199 -1 -1 -1 0.000000
200 -1 -1 -1 0.000000
202 -1 -1 -1 0.000000
203 -1 -1 -1 0.000000
205 -1 -1 -1 0.000000
206 -1 -1 -1 0.000000
207 -1 -1 -1 0.000000
209 -1 -1 -1 0.000000
210 -1 -1 -1 0.000000
211 -1 -1 -1 0.000000
213 -1 -1 -1 0.000000
214 -1 -1 -1 0.000000
215 -1 -1 -1 0.000000
217 -1 -1 -1 0.000000
218 -1 -1 -1 0.000000
219 -1 -1 -1 0.000000
220 -1 -1 -1 0.000000
221 -1 -1 -1 0.000000
222 -1 -1 -1 0.000000
224 -1 -1 -1 0.000000
225 -1 -1 -1 0.000000
226 -1 -1 -1 0.000000
227 -1 -1 -1 0.000000
228 -1 -1 -1 0.000000
229 -1 -1 -1 0.000000
231 -1 -1 -1 0.000000
232 -1 -1 -1 0.000000
233 -1 -1 -1 0.000000
234 -1 -1 -1 0.000000
236 -1 -1 -1 0.000000
237 -1 -1 -1 0.000000
238 -1 -1 -1 0.000000
239 -1 -1 -1 0.000000
240 -1 -1 -1 0.000000
241 -1 -1 -1 0.000000
242 -1 -1 -1 0.000000
244 -1 -1 -1 0.000000
245 -1 -1 -1 0.000000
247 -1 -1 -1 0.000000
248 -1 -1 -1 0.000000
249 -1 -1 -1 0.000000
250 -1 -1 -1 0.000000
251 -1 -1 -1 0.000000
252 -1 -1 -1 0.000000
253 -1 -1 -1 0.000000
255 -1 -1 -1 0.000000
257 -1 -1 -1 0.000000
258 -1 -1 -1 0.000000
259 -1 -1 -1 0.000000
260 -1 -1 -1 0.000000
261 -1 -1 -1 0.000000
262 -1 -1 -1 0.000000
263 -1 -1 -1 0.000000
264 -1 -1 -1 0.000000
265 -1 -1 -1 0.000000
268 -1 -1 -1 0.000000
