76 95 -1 -1 42.998095
190 206 -1 -1 26.135972
95 111 -1 -1 34.240389
172 190 -1 -1 44.395401
39 40 -1 -1 47.843721
172 191 -1 -1 26.179653
190 191 -1 -1 22.998133
172 190 191 -1 44.395401
111 125 -1 -1 21.114303
132 142 -1 -1 44.913247
26 39 -1 -1 30.828002
76 80 -1 -1 44.431383
130 132 -1 -1 64.481373
111 113 -1 -1 17.739402
95 113 -1 -1 27.450806
95 111 113 -1 34.240389
118 125 -1 -1 76.490976
118 132 -1 -1 34.313069
111 118 -1 -1 65.215842
111 118 125 -1 78.259814
39 55 -1 -1 30.073958
206 208 -1 -1 61.303329
69 80 -1 -1 33.358844
208 228 -1 -1 48.180096
80 95 -1 -1 40.486826
76 80 95 -1 60.100889
55 69 -1 -1 29.060088
113 116 -1 -1 21.212230
111 116 -1 -1 31.191306
111 113 116 -1 31.191306
142 149 -1 -1 58.994237
116 118 -1 -1 32.857985
111 116 118 -1 65.215842
190 208 -1 -1 69.018453
190 206 208 -1 72.449962
95 116 -1 -1 38.584935
95 113 116 -1 38.584935
132 149 -1 -1 40.140207
132 142 149 -1 64.141011
177 191 -1 -1 63.135081
177 190 -1 -1 63.676517
177 190 191 -1 71.507486
172 177 -1 -1 56.185680
172 177 191 -1 68.079629
190 207 -1 -1 64.015323
207 208 -1 -1 59.881018
190 207 208 -1 69.018453
69 71 -1 -1 38.612387
55 71 -1 -1 34.703337
55 69 71 -1 40.817305
172 182 -1 -1 43.237063
71 80 -1 -1 33.841547
69 71 80 -1 38.813370
174 177 -1 -1 81.912966
80 93 -1 -1 40.555546
93 95 -1 -1 49.008232
80 93 95 -1 51.858175
177 182 -1 -1 44.430749
172 177 182 -1 56.647621
149 164 -1 -1 39.032538
164 174 -1 -1 31.813145
177 208 -1 -1 61.615373
177 190 208 -1 81.461083
95 115 -1 -1 68.854073
115 116 -1 -1 25.264419
95 115 116 -1 72.865457
115 118 -1 -1 42.985445
115 116 118 -1 51.164407
164 177 -1 -1 52.454400
164 174 177 -1 82.812175
95 108 -1 -1 61.350892
93 108 -1 -1 22.653880
93 95 108 -1 64.612176
55 59 -1 -1 30.060946
208 242 -1 -1 88.394746
228 242 -1 -1 80.471082
208 228 242 -1 114.768532
108 115 -1 -1 27.610357
95 108 115 -1 77.662058
59 71 -1 -1 24.469398
55 59 71 -1 46.157106
39 59 -1 -1 47.760281
39 55 59 -1 49.829083
177 209 -1 -1 55.521831
208 209 -1 -1 48.215897
177 208 209 -1 62.316613
97 115 -1 -1 87.205494
97 108 -1 -1 39.334904
97 108 115 -1 90.034410
97 118 -1 -1 63.810429
97 115 118 -1 87.398571
25 39 -1 -1 60.427602
58 80 -1 -1 59.801031
208 240 -1 -1 75.418508
240 242 -1 -1 32.848225
208 240 242 -1 88.394746
58 71 -1 -1 42.587699
58 71 80 -1 59.801031
58 93 -1 -1 64.011096
58 80 93 -1 75.759577
25 45 -1 -1 31.771912
39 45 -1 -1 56.832812
25 39 45 -1 70.029520
118 134 -1 -1 66.171535
132 134 -1 -1 65.898105
118 132 134 -1 77.688429
39 58 -1 -1 92.358249
58 59 -1 -1 50.921186
39 58 59 -1 92.358249
149 159 -1 -1 54.762045
159 164 -1 -1 41.206078
149 159 164 -1 58.275318
45 58 -1 -1 77.070735
39 45 58 -1 93.131681
208 224 -1 -1 51.932517
58 59 71 -1 51.158922
209 224 -1 -1 40.964560
208 209 224 -1 67.805314
224 240 -1 -1 34.989742
208 224 240 -1 77.616239
164 176 -1 -1 60.686452
176 177 -1 -1 51.652196
164 176 177 -1 70.899465
132 146 -1 -1 101.662329
146 149 -1 -1 90.135370
132 146 149 -1 109.259455
93 97 -1 -1 72.120797
93 97 108 -1 72.624703
134 146 -1 -1 42.725282
132 134 146 -1 101.662329
149 158 -1 -1 59.879545
158 159 -1 -1 51.296641
149 158 159 -1 60.085846
177 205 -1 -1 70.569825
205 209 -1 -1 39.447116
177 205 209 -1 76.785124
146 158 -1 -1 81.071999
146 149 158 -1 90.135370
159 176 -1 -1 40.187046
159 164 176 -1 61.751699
97 134 -1 -1 61.125133
97 118 134 -1 71.634518
146 159 -1 -1 42.149829
146 158 159 -1 81.224662
58 97 -1 -1 82.520575
58 93 97 -1 84.187579
42 45 -1 -1 28.498200
42 58 -1 -1 69.095097
42 45 58 -1 77.070735
58 90 -1 -1 57.175294
90 97 -1 -1 50.584938
58 90 97 -1 82.520575
25 42 -1 -1 41.757886
25 42 45 -1 41.757886
224 242 -1 -1 44.943157
224 240 242 -1 45.050403
177 194 -1 -1 66.949873
205 224 -1 -1 38.632542
205 209 224 -1 54.082868
194 205 -1 -1 37.007150
177 194 205 -1 80.457496
224 243 -1 -1 46.374811
242 243 -1 -1 25.501819
224 242 243 -1 47.538008
42 56 -1 -1 39.697258
56 58 -1 -1 46.904060
42 56 58 -1 70.178388
176 194 -1 -1 35.988930
176 177 194 -1 76.967479
97 135 -1 -1 62.809680
134 135 -1 -1 33.041912
97 134 135 -1 62.809680
224 234 -1 -1 40.611529
205 234 -1 -1 49.032544
205 224 234 -1 49.032544
25 35 -1 -1 50.691385
35 42 -1 -1 31.772191
25 35 42 -1 51.103353
97 131 -1 -1 65.484665
131 135 -1 -1 35.393239
97 131 135 -1 69.095219
58 68 -1 -1 66.978360
68 90 -1 -1 42.405388
58 68 90 -1 70.320286
131 134 -1 -1 41.233865
131 134 135 -1 41.233865
42 53 -1 -1 37.829897
53 56 -1 -1 28.972989
42 53 56 -1 39.697258
159 165 -1 -1 50.930269
165 176 -1 -1 38.212416
159 165 176 -1 67.281295
234 243 -1 -1 28.973516
224 234 243 -1 63.571666
146 165 -1 -1 44.667767
146 159 165 -1 53.510664
56 68 -1 -1 43.893302
56 58 68 -1 66.978360
35 53 -1 -1 31.261433
35 42 53 -1 41.398925
234 244 -1 -1 21.617728
243 244 -1 -1 24.610603
234 243 244 -1 33.232143
97 107 -1 -1 57.479574
68 97 -1 -1 80.389808
68 90 97 -1 82.228639
242 246 -1 -1 64.710635
194 210 -1 -1 44.069697
205 210 -1 -1 41.504662
194 205 210 -1 48.080971
205 227 -1 -1 50.747091
227 234 -1 -1 19.913820
205 227 234 -1 66.788107
176 189 -1 -1 52.070042
189 194 -1 -1 42.287853
176 189 194 -1 53.503039
107 131 -1 -1 47.524681
97 107 131 -1 69.366752
244 246 -1 -1 21.078855
234 238 -1 -1 32.845696
227 238 -1 -1 23.317119
227 234 238 -1 33.010742
238 244 -1 -1 30.210243
234 238 244 -1 32.845696
68 107 -1 -1 72.416193
68 97 107 -1 82.344018
131 138 -1 -1 21.965232
134 138 -1 -1 67.199500
131 134 138 -1 68.463628
238 246 -1 -1 20.871562
238 244 246 -1 31.171520
242 250 -1 -1 82.814950
246 250 -1 -1 31.511165
242 246 250 -1 82.814950
53 68 -1 -1 62.170141
53 56 68 -1 63.299218
31 35 -1 -1 35.063280
210 212 -1 -1 33.673703
205 212 -1 -1 61.579766
205 210 212 -1 61.579766
194 198 -1 -1 42.048893
212 227 -1 -1 37.575193
205 212 227 -1 69.290538
31 53 -1 -1 38.983091
31 35 53 -1 40.901568
198 210 -1 -1 22.259448
194 198 210 -1 52.880388
68 91 -1 -1 24.643688
189 198 -1 -1 35.061316
189 194 198 -1 52.885227
133 138 -1 -1 66.208805
133 134 -1 -1 86.332645
133 134 138 -1 86.332645
165 189 -1 -1 52.187419
165 176 189 -1 78.839531
133 146 -1 -1 72.626347
133 134 146 -1 89.484997
146 161 -1 -1 62.104704
161 165 -1 -1 47.824833
146 161 165 -1 64.679425
68 99 -1 -1 70.348500
99 107 -1 -1 36.610034
91 99 -1 -1 43.381293
91 107 -1 -1 73.437516
68 99 107 -1 73.437516
68 91 99 -1 70.348500
91 99 107 -1 73.437516
68 91 107 -1 73.437516
68 91 99 107 73.437516
31 68 -1 -1 71.792915
31 53 68 -1 73.492443
144 146 -1 -1 62.137253
133 144 -1 -1 39.362375
133 144 146 -1 72.626347
165 181 -1 -1 40.301655
181 189 -1 -1 22.744731
165 181 189 -1 53.525834
189 192 -1 -1 31.278155
131 133 -1 -1 66.892408
131 133 138 -1 68.421120
212 238 -1 -1 42.409176
212 227 238 -1 49.454235
107 133 -1 -1 56.514710
107 131 133 -1 70.382675
192 198 -1 -1 20.404015
189 192 198 -1 35.922125
68 77 -1 -1 56.416775
77 91 -1 -1 42.859442
68 77 91 -1 61.871315
181 192 -1 -1 49.291450
181 189 192 -1 52.148980
238 250 -1 -1 43.596175
238 246 250 -1 44.172328
68 78 -1 -1 34.615816
161 181 -1 -1 50.884578
161 165 181 -1 61.190660
175 181 -1 -1 54.707777
175 192 -1 -1 49.130260
175 181 192 -1 79.056336
77 78 -1 -1 26.171437
68 77 78 -1 56.658023
64 68 -1 -1 54.471027
64 78 -1 -1 21.866941
64 68 78 -1 54.471027
31 64 -1 -1 56.808046
31 64 68 -1 74.393785
198 212 -1 -1 45.903261
198 210 212 -1 46.418079
238 239 -1 -1 42.396627
239 250 -1 -1 31.698388
238 239 250 -1 45.343927
144 161 -1 -1 36.775968
144 146 161 -1 78.986870
212 239 -1 -1 41.609554
212 238 239 -1 47.411868
77 99 -1 -1 39.628412
77 91 99 -1 47.187600
192 212 -1 -1 57.613540
192 198 212 -1 58.032866
161 175 -1 -1 57.414725
161 175 181 -1 60.060652
192 204 -1 -1 47.845917
204 212 -1 -1 45.890680
192 204 212 -1 58.170365
64 77 -1 -1 42.803760
64 77 78 -1 43.161239
31 50 -1 -1 49.328974
50 64 -1 -1 43.075512
31 50 64 -1 59.935387
27 31 -1 -1 44.517971
175 204 -1 -1 50.520423
175 192 204 -1 60.692255
212 233 -1 -1 48.333269
233 239 -1 -1 24.239573
212 233 239 -1 55.832621
212 223 -1 -1 41.313114
204 223 -1 -1 33.137520
204 212 223 -1 55.705598
107 114 -1 -1 65.645260
99 114 -1 -1 55.771674
99 107 114 -1 76.066758
50 77 -1 -1 51.754846
50 64 77 -1 54.936433
27 50 -1 -1 45.743817
27 31 50 -1 54.681744
114 133 -1 -1 54.411821
107 114 133 -1 75.659072
223 233 -1 -1 26.233182
212 223 233 -1 49.938014
144 156 -1 -1 34.348889
133 156 -1 -1 54.551360
133 144 156 -1 54.551360
77 102 -1 -1 45.118861
99 102 -1 -1 35.375173
77 99 102 -1 53.064519
161 169 -1 -1 45.247965
169 175 -1 -1 47.590201
161 169 175 -1 64.509400
77 96 -1 -1 42.543735
96 102 -1 -1 22.168121
77 96 102 -1 52.388732
75 77 -1 -1 36.498346
50 75 -1 -1 46.626373
50 75 77 -1 58.164629
232 233 -1 -1 58.760291
232 239 -1 -1 67.067569
232 233 239 -1 69.357146
75 96 -1 -1 31.483758
75 77 96 -1 43.017646
102 114 -1 -1 50.085829
99 102 114 -1 59.801373
156 161 -1 -1 64.904528
144 156 161 -1 77.935642
223 232 -1 -1 42.037803
223 232 233 -1 60.713068
133 143 -1 -1 61.307988
143 156 -1 -1 20.823113
133 143 156 -1 73.429008
133 136 -1 -1 63.678959
175 195 -1 -1 61.577328
195 204 -1 -1 48.484419
175 195 204 -1 66.709151
50 54 -1 -1 39.572469
54 75 -1 -1 59.035481
50 54 75 -1 60.065378
114 136 -1 -1 49.998474
114 133 136 -1 69.831999
136 143 -1 -1 45.940999
133 136 143 -1 67.018803
169 173 -1 -1 37.348227
173 175 -1 -1 52.086310
169 173 175 -1 55.361305
160 161 -1 -1 84.727482
156 160 -1 -1 72.417552
156 160 161 -1 84.926301
160 169 -1 -1 66.693471
160 161 169 -1 84.727482
204 217 -1 -1 48.709853
217 223 -1 -1 33.482320
204 217 223 -1 48.856809
87 96 -1 -1 50.202903
87 102 -1 -1 46.527881
87 96 102 -1 53.925407
75 87 -1 -1 42.538936
75 87 96 -1 50.202903
24 27 -1 -1 49.767459
156 162 -1 -1 31.662753
143 162 -1 -1 32.789103
143 156 162 -1 32.832480
73 75 -1 -1 27.953156
54 73 -1 -1 31.711040
54 73 75 -1 59.365571
160 162 -1 -1 67.258662
156 160 162 -1 73.080700
160 173 -1 -1 42.696517
160 169 173 -1 67.520704
27 54 -1 -1 68.696458
27 50 54 -1 69.320467
102 104 -1 -1 67.023661
104 114 -1 -1 54.013739
102 104 114 -1 72.519806
27 46 -1 -1 67.419192
46 54 -1 -1 40.623112
27 46 54 -1 71.095145
73 87 -1 -1 42.202071
73 75 87 -1 47.155489
195 217 -1 -1 41.783768
195 204 217 -1 54.987315
143 160 -1 -1 61.341762
143 160 162 -1 68.342370
217 232 -1 -1 44.534224
217 223 232 -1 50.821898
87 104 -1 -1 39.616348
87 102 104 -1 67.736617
24 46 -1 -1 35.988186
24 27 46 -1 67.419192
173 195 -1 -1 43.999703
173 175 195 -1 74.358686
136 148 -1 -1 47.201359
143 148 -1 -1 46.209041
136 143 148 -1 70.823474
148 160 -1 -1 30.016527
143 148 160 -1 64.681851
66 73 -1 -1 25.720454
66 87 -1 -1 46.780900
66 73 87 -1 50.550960
114 121 -1 -1 67.340987
215 217 -1 -1 63.065215
215 232 -1 -1 50.876198
215 217 232 -1 64.654995
54 66 -1 -1 39.743167
54 66 73 -1 40.486885
195 215 -1 -1 68.002749
195 215 217 -1 75.629134
104 121 -1 -1 43.865462
104 114 121 -1 75.577531
24 38 -1 -1 42.308903
38 46 -1 -1 26.430293
24 38 46 -1 43.610698
121 136 -1 -1 52.866484
114 121 136 -1 79.812124
173 187 -1 -1 43.608812
187 195 -1 -1 44.493939
173 187 195 -1 57.100070
38 54 -1 -1 46.527679
38 46 54 -1 48.535999
66 88 -1 -1 32.446200
87 88 -1 -1 36.957994
66 87 88 -1 50.359418
38 51 -1 -1 39.106326
51 54 -1 -1 55.465531
38 51 54 -1 56.322625
51 66 -1 -1 41.519781
51 54 66 -1 56.069375
160 170 -1 -1 29.986925
160 187 -1 -1 67.283462
160 173 187 -1 67.283462
160 183 -1 -1 61.353420
183 187 -1 -1 21.389595
160 183 187 -1 67.838388
170 183 -1 -1 21.106383
160 170 183 -1 61.353420
87 92 -1 -1 53.169833
92 104 -1 -1 35.202538
87 92 104 -1 56.594096
136 140 -1 -1 53.859246
140 148 -1 -1 39.883402
136 140 148 -1 56.532932
88 92 -1 -1 22.687415
87 88 92 -1 53.944968
66 70 -1 -1 22.467153
195 201 -1 -1 52.681307
201 215 -1 -1 42.622479
195 201 215 -1 73.733004
51 70 -1 -1 25.601738
51 66 70 -1 41.519781
148 154 -1 -1 29.373261
187 201 -1 -1 41.028092
187 195 201 -1 55.438372
232 245 -1 -1 78.709155
66 83 -1 -1 33.001448
83 88 -1 -1 24.724276
66 83 88 -1 36.796086
215 245 -1 -1 44.874785
215 232 245 -1 78.709155
104 112 -1 -1 38.959880
112 121 -1 -1 30.804449
104 112 121 -1 46.805026
154 160 -1 -1 45.864741
148 154 160 -1 46.589247
70 83 -1 -1 20.073718
66 70 83 -1 34.502449
140 154 -1 -1 31.920696
140 148 154 -1 41.734102
32 38 -1 -1 40.285520
121 140 -1 -1 40.685202
121 136 140 -1 77.367800
32 51 -1 -1 38.951549
32 38 51 -1 46.119510
170 180 -1 -1 17.614163
180 183 -1 -1 19.704018
170 180 183 -1 21.705707
83 92 -1 -1 25.525131
83 88 92 -1 28.674280
101 104 -1 -1 53.877437
187 196 -1 -1 37.692400
196 201 -1 -1 26.184388
187 196 201 -1 44.920065
101 112 -1 -1 24.829122
101 104 112 -1 57.736510
171 183 -1 -1 42.889752
171 187 -1 -1 57.876697
171 183 187 -1 59.606942
150 154 -1 -1 36.335165
150 160 -1 -1 80.293101
150 154 160 -1 80.619284
171 196 -1 -1 47.378876
171 187 196 -1 58.444731
51 83 -1 -1 58.904613
51 70 83 -1 58.904613
160 171 -1 -1 85.763955
170 171 -1 -1 46.879238
160 170 171 -1 85.763955
140 150 -1 -1 52.362313
140 150 154 -1 58.747291
170 171 183 -1 50.473080
92 101 -1 -1 30.697218
92 101 104 -1 84.287934
201 219 -1 -1 45.201138
215 219 -1 -1 46.129825
201 215 219 -1 52.991826
83 84 -1 -1 27.241560
84 92 -1 -1 35.595473
83 84 92 -1 39.093778
121 128 -1 -1 62.846397
128 140 -1 -1 59.403163
121 128 140 -1 77.245338
51 65 -1 -1 40.394626
65 83 -1 -1 43.438203
51 65 83 -1 64.383370
84 101 -1 -1 35.613621
84 92 101 -1 44.887263
65 84 -1 -1 37.659803
65 83 84 -1 44.715156
219 230 -1 -1 27.852922
215 230 -1 -1 46.802425
215 219 230 -1 48.377976
112 117 -1 -1 25.325237
117 121 -1 -1 47.838357
112 117 121 -1 48.287687
32 49 -1 -1 40.972472
49 51 -1 -1 45.103256
32 49 51 -1 50.731160
196 213 -1 -1 35.234429
201 213 -1 -1 39.344891
196 201 213 -1 41.345060
213 219 -1 -1 44.871873
201 213 219 -1 51.158098
215 237 -1 -1 66.699240
150 171 -1 -1 58.546752
150 160 171 -1 109.135332
128 150 -1 -1 50.276308
128 140 150 -1 63.042169
49 65 -1 -1 29.660867
49 51 65 -1 52.632802
196 199 -1 -1 38.669342
199 213 -1 -1 40.039296
196 199 213 -1 43.884259
171 199 -1 -1 46.537450
171 196 199 -1 50.419863
219 237 -1 -1 33.722643
215 219 237 -1 70.156742
213 214 -1 -1 12.619980
199 214 -1 -1 26.771973
199 213 214 -1 40.039296
214 219 -1 -1 34.324159
213 214 219 -1 45.126213
109 112 -1 -1 43.448216
109 117 -1 -1 30.614476
109 112 117 -1 44.901761
81 84 -1 -1 41.673134
32 37 -1 -1 40.128072
110 121 -1 -1 74.935579
101 109 -1 -1 32.175380
101 109 112 -1 53.281117
110 117 -1 -1 28.693808
110 117 121 -1 77.471380
81 101 -1 -1 51.412827
81 84 101 -1 52.763893
65 81 -1 -1 51.783202
65 81 84 -1 57.023519
37 49 -1 -1 23.254727
32 37 49 -1 54.134056
150 167 -1 -1 45.658753
167 171 -1 -1 37.193085
150 167 171 -1 58.896552
110 128 -1 -1 44.811060
110 121 128 -1 85.248427
81 109 -1 -1 50.033844
81 101 109 -1 57.126644
214 218 -1 -1 38.027998
199 218 -1 -1 38.493712
199 214 218 -1 39.644137
218 219 -1 -1 28.638072
214 218 219 -1 38.027998
49 61 -1 -1 33.196738
61 65 -1 -1 35.462711
49 61 65 -1 41.236013
33 37 -1 -1 26.156757
61 81 -1 -1 52.239525
61 65 81 -1 57.958434
109 110 -1 -1 27.077733
109 110 117 -1 35.701960
167 185 -1 -1 31.415533
171 185 -1 -1 44.715153
167 171 185 -1 50.856732
237 249 -1 -1 38.892987
145 150 -1 -1 46.578173
128 145 -1 -1 55.343030
128 145 150 -1 71.511852
145 167 -1 -1 50.883496
145 150 167 -1 57.209203
219 229 -1 -1 51.158788
229 237 -1 -1 40.285110
219 229 237 -1 55.832012
37 48 -1 -1 42.050044
48 49 -1 -1 47.183049
37 48 49 -1 47.406816
48 61 -1 -1 27.786506
48 49 61 -1 47.183049
171 197 -1 -1 78.091927
197 199 -1 -1 68.461492
171 197 199 -1 88.347280
218 229 -1 -1 40.646534
218 219 229 -1 54.581267
199 202 -1 -1 31.545538
33 48 -1 -1 33.812000
33 37 48 -1 46.146208
197 202 -1 -1 27.081189
197 199 202 -1 68.461492
185 197 -1 -1 47.996009
171 185 197 -1 78.544329
199 216 -1 -1 52.531783
216 218 -1 -1 30.822204
199 216 218 -1 54.083218
67 81 -1 -1 45.897723
61 67 -1 -1 30.762779
61 67 81 -1 56.913168
202 216 -1 -1 32.772575
199 202 216 -1 53.855435
81 98 -1 -1 62.335740
98 109 -1 -1 59.776738
81 98 109 -1 63.825023
98 110 -1 -1 51.494315
98 109 110 -1 68.644441
81 85 -1 -1 43.898599
85 98 -1 -1 37.268038
81 85 98 -1 69.111832
229 249 -1 -1 33.072366
229 237 249 -1 56.194511
123 128 -1 -1 53.940129
216 229 -1 -1 29.933002
216 218 229 -1 44.941484
110 127 -1 -1 31.310791
127 128 -1 -1 91.709884
110 127 128 -1 98.035264
48 67 -1 -1 36.916412
48 61 67 -1 44.700598
67 85 -1 -1 30.864971
67 81 85 -1 51.002842
123 127 -1 -1 54.417855
123 127 128 -1 93.496674
33 34 -1 -1 27.598403
123 145 -1 -1 62.030911
123 128 145 -1 73.808075
110 123 -1 -1 66.129028
110 123 127 -1 66.129028
167 179 -1 -1 52.000260
179 185 -1 -1 23.173208
167 179 185 -1 59.286103
98 123 -1 -1 68.039974
98 110 123 -1 76.086135
145 179 -1 -1 77.159587
145 167 179 -1 77.159587
197 216 -1 -1 31.783707
197 202 216 -1 36.253159
145 168 -1 -1 53.002249
168 179 -1 -1 35.717248
145 168 179 -1 79.562707
34 48 -1 -1 38.720468
33 34 48 -1 51.381422
145 157 -1 -1 30.683104
48 52 -1 -1 31.479373
34 52 -1 -1 45.903616
34 48 52 -1 48.796360
34 41 -1 -1 25.149557
41 52 -1 -1 21.192388
34 41 52 -1 45.903616
48 62 -1 -1 57.042694
62 67 -1 -1 42.737379
48 62 67 -1 60.838970
185 193 -1 -1 48.648279
193 197 -1 -1 28.612736
185 193 197 -1 49.797147
216 235 -1 -1 44.317813
229 235 -1 -1 34.200981
216 229 235 -1 48.199892
98 119 -1 -1 44.305616
119 123 -1 -1 40.747154
98 119 123 -1 68.508570
157 168 -1 -1 33.250855
145 157 168 -1 53.002249
229 241 -1 -1 68.784161
241 249 -1 -1 73.325085
229 241 249 -1 78.600120
216 226 -1 -1 32.187501
52 62 -1 -1 31.648295
48 52 62 -1 57.464385
179 193 -1 -1 37.444553
179 185 193 -1 50.293464
226 235 -1 -1 20.719507
216 226 235 -1 44.317813
179 188 -1 -1 58.720792
188 193 -1 -1 26.280556
179 188 193 -1 58.720792
123 157 -1 -1 80.157731
123 145 157 -1 80.157731
231 235 -1 -1 40.426210
229 231 -1 -1 43.445915
229 231 235 -1 46.391184
168 188 -1 -1 48.916778
168 179 188 -1 59.413718
123 137 -1 -1 42.247679
226 231 -1 -1 30.950536
226 231 235 -1 40.717346
30 34 -1 -1 29.475122
62 85 -1 -1 45.553394
62 67 85 -1 50.291305
231 241 -1 -1 31.170031
229 231 241 -1 71.078720
197 226 -1 -1 61.410929
197 216 226 -1 61.410929
30 41 -1 -1 24.693816
30 34 41 -1 31.660474
197 221 -1 -1 59.623010
221 226 -1 -1 24.401554
197 221 226 -1 62.643871
119 137 -1 -1 45.165118
119 123 137 -1 63.841228
168 178 -1 -1 37.332278
178 188 -1 -1 29.219577
168 178 188 -1 56.164302
193 203 -1 -1 63.653119
197 203 -1 -1 48.385992
193 197 203 -1 65.157205
85 86 -1 -1 45.685913
86 98 -1 -1 54.946220
85 86 98 -1 55.763855
98 105 -1 -1 45.189936
105 119 -1 -1 37.408551
98 105 119 -1 54.204623
188 203 -1 -1 41.166793
188 193 203 -1 65.406730
221 231 -1 -1 28.018292
221 226 231 -1 35.423632
36 41 -1 -1 29.178977
30 36 -1 -1 30.812400
30 36 41 -1 33.363484
36 52 -1 -1 38.102510
36 41 52 -1 39.040253
62 86 -1 -1 47.315838
62 85 86 -1 59.080509
86 105 -1 -1 39.706162
86 98 105 -1 61.946868
36 62 -1 -1 55.724800
36 52 62 -1 55.724800
203 222 -1 -1 21.791770
197 222 -1 -1 89.960293
197 203 222 -1 89.960293
221 222 -1 -1 23.023701
197 221 222 -1 91.010855
221 241 -1 -1 60.314592
221 231 241 -1 60.314592
24 -1 -1 -1 0.000000
25 -1 -1 -1 0.000000
26 -1 -1 -1 0.000000
27 -1 -1 -1 0.000000
30 -1 -1 -1 0.000000
31 -1 -1 -1 0.000000
32 -1 -1 -1 0.000000
33 -1 -1 -1 0.000000
34 -1 -1 -1 0.000000
35 -1 -1 -1 0.000000
36 -1 -1 -1 0.000000
37 -1 -1 -1 0.000000
38 -1 -1 -1 0.000000
39 -1 -1 -1 0.000000
40 -1 -1 -1 0.000000
41 -1 -1 -1 0.000000
42 -1 -1 -1 0.000000
45 -1 -1 -1 0.000000
46 -1 -1 -1 0.000000
48 -1 -1 -1 0.000000
49 -1 -1 -1 0.000000
50 -1 -1 -1 0.000000
51 -1 -1 -1 0.000000
52 -1 -1 -1 0.000000
53 -1 -1 -1 0.000000
54 -1 -1 -1 0.000000
55 -1 -1 -1 0.000000
56 -1 -1 -1 0.000000
58 -1 -1 -1 0.000000
59 -1 -1 -1 0.000000
61 -1 -1 -1 0.000000
62 -1 -1 -1 0.000000
64 -1 -1 -1 0.000000
65 -1 -1 -1 0.000000
66 -1 -1 -1 0.000000
67 -1 -1 -1 0.000000
68 -1 -1 -1 0.000000
69 -1 -1 -1 0.000000
70 -1 -1 -1 0.000000
71 -1 -1 -1 0.000000
73 -1 -1 -1 0.000000
75 -1 -1 -1 0.000000
76 -1 -1 -1 0.000000
77 -1 -1 -1 0.000000
78 -1 -1 -1 0.000000
80 -1 -1 -1 0.000000
81 -1 -1 -1 0.000000
83 -1 -1 -1 0.000000
84 -1 -1 -1 0.000000
85 -1 -1 -1 0.000000
86 -1 -1 -1 0.000000
87 -1 -1 -1 0.000000
88 -1 -1 -1 0.000000
90 -1 -1 -1 0.000000
91 -1 -1 -1 0.000000
92 -1 -1 -1 0.000000
93 -1 -1 -1 0.000000
95 -1 -1 -1 0.000000
96 -1 -1 -1 0.000000
97 -1 -1 -1 0.000000
98 -1 -1 -1 0.000000
99 -1 -1 -1 0.000000
101 -1 -1 -1 0.000000
102 -1 -1 -1 0.000000
104 -1 -1 -1 0.000000
105 -1 -1 -1 0.000000
107 -1 -1 -1 0.000000
108 -1 -1 -1 0.000000
109 -1 -1 -1 0.000000
110 -1 -1 -1 0.000000
111 -1 -1 -1 0.000000
112 -1 -1 -1 0.000000
113 -1 -1 -1 0.000000
114 -1 -1 -1 0.000000
115 -1 -1 -1 0.000000
116 -1 -1 -1 0.000000
117 -1 -1 -1 0.000000
118 -1 -1 -1 0.000000
119 -1 -1 -1 0.000000
121 -1 -1 -1 0.000000
123 -1 -1 -1 0.000000
125 -1 -1 -1 0.000000
127 -1 -1 -1 0.000000
128 -1 -1 -1 0.000000
130 -1 -1 -1 0.000000
131 -1 -1 -1 0.000000
132 -1 -1 -1 0.000000
133 -1 -1 -1 0.000000
134 -1 -1 -1 0.000000
135 -1 -1 -1 0.000000
136 -1 -1 -1 0.000000
137 -1 -1 -1 0.000000
138 -1 -1 -1 0.000000
140 -1 -1 -1 0.000000
142 -1 -1 -1 0.000000
143 -1 -1 -1 0.000000
144 -1 -1 -1 0.000000
145 -1 -1 -1 0.000000
146 -1 -1 -1 0.000000
148 -1 -1 -1 0.000000
149 -1 -1 -1 0.000000
150 -1 -1 -1 0.000000
154 -1 -1 -1 0.000000
156 -1 -1 -1 0.000000
157 -1 -1 -1 0.000000
158 -1 -1 -1 0.000000
159 -1 -1 -1 0.000000
160 -1 -1 -1 0.000000
161 -1 -1 -1 0.000000
162 -1 -1 -1 0.000000
164 -1 -1 -1 0.000000
165 -1 -1 -1 0.000000
167 -1 -1 -1 0.000000
168 -1 -1 -1 0.000000
169 -1 -1 -1 0.000000
170 -1 -1 -1 0.000000
171 -1 -1 -1 0.000000
172 -1 -1 -1 0.000000
173 -1 -1 -1 0.000000
174 -1 -1 -1 0.000000
175 -1 -1 -1 0.000000
176 -1 -1 -1 0.000000
177 -1 -1 -1 0.000000
178 -1 -1 -1 0.000000
179 -1 -1 -1 0.000000
180 -1 -1 -1 0.000000
181 -1 -1 -1 0.000000
182 -1 -1 -1 0.000000
183 -1 -1 -1 0.000000
185 -1 -1 -1 0.000000
187 -1 -1 -1 0.000000
188 -1 -1 -1 0.000000
189 -1 -1 -1 0.000000
190 -1 -1 -1 0.000000
191 -1 -1 -1 0.000000
192 -1 -1 -1 0.000000
193 -1 -1 -1 0.000000
194 -1 -1 -1 0.000000
195 -1 -1 -1 0.000000
196 -1 -1 -1 0.000000
197 -1 -1 -1 0.000000
198 -1 -1 -1 0.000000
199 -1 -1 -1 0.000000
201 -1 -1 -1 0.000000
202 -1 -1 -1 0.000000
203 -1 -1 -1 0.000000
204 -1 -1 -1 0.000000
205 -1 -1 -1 0.000000
206 -1 -1 -1 0.000000
207 -1 -1 -1 0.000000
208 -1 -1 -1 0.000000
209 -1 -1 -1 0.000000
210 -1 -1 -1 0.000000
212 -1 -1 -1 0.000000
213 -1 -1 -1 0.000000
214 -1 -1 -1 0.000000
215 -1 -1 -1 0.000000
216 -1 -1 -1 0.000000
217 -1 -1 -1 0.000000
218 -1 -1 -1 0.000000
219 -1 -1 -1 0.000000
221 -1 -1 -1 0.000000
222 -1 -1 -1 0.000000
223 -1 -1 -1 0.000000
224 -1 -1 -1 0.000000
226 -1 -1 -1 0.000000
227 -1 -1 -1 0.000000
228 -1 -1 -1 0.000000
229 -1 -1 -1 0.000000
230 -1 -1 -1 0.000000
231 -1 -1 -1 0.000000
232 -1 -1 -1 0.000000
233 -1 -1 -1 0.000000
234 -1 -1 -1 0.000000
235 -1 -1 -1 0.000000
237 -1 -1 -1 0.000000
238 -1 -1 -1 0.000000
239 -1 -1 -1 0.000000
240 -1 -1 -1 0.000000
241 -1 -1 -1 0.000000
242 -1 -1 -1 0.000000
243 -1 -1 -1 0.000000
244 -1 -1 -1 0.000000
245 -1 -1 -1 0.000000
246 -1 -1 -1 0.000000
249 -1 -1 -1 0.000000
250 -1 -1 -1 0.000000
