281 288 -1 -1 38.706982
184 192 -1 -1 37.507677
192 231 -1 -1 52.568971
231 262 -1 -1 58.021807
262 281 -1 -1 32.891003
288 318 -1 -1 56.050751
90 97 -1 -1 34.555363
192 242 -1 -1 53.029151
231 242 -1 -1 57.910109
192 231 242 -1 60.384788
59 90 -1 -1 49.050762
88 90 -1 -1 13.414528
142 184 -1 -1 60.230978
88 97 -1 -1 32.995307
88 90 97 -1 39.324111
97 142 -1 -1 55.653027
142 192 -1 -1 67.781858
142 184 192 -1 69.364299
59 88 -1 -1 39.868059
59 88 90 -1 50.658978
281 318 -1 -1 61.850477
281 288 318 -1 61.850477
242 262 -1 -1 47.277367
231 242 262 -1 85.212609
97 134 -1 -1 31.000004
134 142 -1 -1 41.532939
97 134 142 -1 57.736339
192 195 -1 -1 28.454958
281 292 -1 -1 32.472888
142 177 -1 -1 32.834728
177 192 -1 -1 72.204275
142 177 192 -1 83.018290
242 250 -1 -1 53.877680
250 262 -1 -1 31.431829
242 250 262 -1 55.956648
59 85 -1 -1 69.882903
85 88 -1 -1 56.729692
59 85 88 -1 69.882903
95 97 -1 -1 50.480769
192 236 -1 -1 53.286523
236 242 -1 -1 17.985727
192 236 242 -1 63.129690
292 318 -1 -1 43.388548
281 292 318 -1 77.140906
88 95 -1 -1 18.413664
88 95 97 -1 77.311942
262 292 -1 -1 55.981010
262 281 292 -1 55.981010
85 95 -1 -1 37.869224
85 88 95 -1 56.729692
97 123 -1 -1 21.848791
123 134 -1 -1 19.806499
97 123 134 -1 31.000004
85 97 -1 -1 38.087853
85 95 97 -1 51.338181
177 195 -1 -1 50.207188
177 192 195 -1 72.643200
85 123 -1 -1 38.224031
85 97 123 -1 41.563108
142 157 -1 -1 26.819874
134 157 -1 -1 31.786429
134 142 157 -1 41.532939
157 177 -1 -1 25.198501
142 157 177 -1 33.290355
236 250 -1 -1 73.255849
236 242 250 -1 73.890805
59 70 -1 -1 30.907225
195 236 -1 -1 53.251595
192 195 236 -1 58.435109
70 85 -1 -1 69.739179
59 70 85 -1 72.875381
250 292 -1 -1 55.657688
250 262 292 -1 69.793253
134 141 -1 -1 37.908419
141 157 -1 -1 18.403212
134 141 157 -1 38.269204
85 134 -1 -1 60.220830
85 123 134 -1 60.471652
175 177 -1 -1 24.066854
175 195 -1 -1 44.228627
175 177 195 -1 51.241460
219 236 -1 -1 55.134077
219 250 -1 -1 56.684348
219 236 250 -1 73.641761
318 321 -1 -1 59.398501
195 219 -1 -1 43.762626
195 219 236 -1 58.948232
68 70 -1 -1 51.985517
68 85 -1 -1 50.987498
68 70 85 -1 77.313207
157 175 -1 -1 29.022000
157 175 177 -1 31.896777
134 137 -1 -1 16.200228
85 137 -1 -1 60.416255
85 134 137 -1 63.314929
137 141 -1 -1 34.790019
134 137 141 -1 44.980960
292 321 -1 -1 56.715480
292 318 321 -1 69.676965
292 304 -1 -1 21.846893
68 89 -1 -1 34.410157
85 89 -1 -1 36.527539
68 85 89 -1 50.987498
195 205 -1 -1 22.120452
250 304 -1 -1 74.891139
250 292 304 -1 78.831285
141 175 -1 -1 34.331414
141 157 175 -1 36.406126
195 198 -1 -1 37.648721
198 205 -1 -1 25.295217
195 198 205 -1 37.648721
175 205 -1 -1 33.778599
175 195 205 -1 45.662577
250 260 -1 -1 18.643621
219 260 -1 -1 63.244778
219 250 260 -1 66.019002
175 198 -1 -1 35.019843
175 198 205 -1 35.415789
85 141 -1 -1 78.830416
85 137 141 -1 79.125734
198 219 -1 -1 39.976845
195 198 219 -1 46.564249
219 252 -1 -1 39.937778
252 260 -1 -1 28.190160
219 252 260 -1 63.244778
250 302 -1 -1 75.059966
302 304 -1 -1 27.486492
250 302 304 -1 76.659454
304 321 -1 -1 44.384314
292 304 321 -1 57.555176
85 119 -1 -1 53.802124
119 141 -1 -1 36.535301
85 119 141 -1 79.620459
250 289 -1 -1 45.172996
85 100 -1 -1 35.154763
100 119 -1 -1 39.914211
85 100 119 -1 53.802124
141 167 -1 -1 30.673874
167 175 -1 -1 25.486985
141 167 175 -1 53.649423
175 187 -1 -1 22.936409
167 187 -1 -1 23.327432
167 175 187 -1 25.486985
260 277 -1 -1 22.621170
250 277 -1 -1 45.091904
250 260 277 -1 45.091904
289 304 -1 -1 36.546448
250 289 304 -1 86.366276
187 198 -1 -1 31.824980
175 187 198 -1 35.847921
277 289 -1 -1 16.867595
250 277 289 -1 48.671941
289 300 -1 -1 35.412215
300 304 -1 -1 28.684088
289 300 304 -1 42.720605
304 319 -1 -1 26.479727
319 321 -1 -1 33.908397
304 319 321 -1 45.071325
252 277 -1 -1 32.160146
252 260 277 -1 33.605212
119 167 -1 -1 50.222157
119 141 167 -1 51.254390
68 100 -1 -1 40.693630
68 85 100 -1 56.694998
300 319 -1 -1 41.462887
300 304 319 -1 41.462887
100 103 -1 -1 19.368348
300 321 -1 -1 57.721097
300 319 321 -1 57.721097
172 187 -1 -1 33.252455
172 198 -1 -1 39.191556
172 187 198 -1 39.365302
167 172 -1 -1 21.722008
167 172 187 -1 35.490718
279 289 -1 -1 30.993013
277 279 -1 -1 21.798772
277 279 289 -1 30.993013
279 300 -1 -1 30.717018
279 289 300 -1 37.787577
119 172 -1 -1 63.905699
119 167 172 -1 65.651195
198 208 -1 -1 42.363574
208 219 -1 -1 51.170108
198 208 219 -1 56.191703
219 249 -1 -1 44.097104
249 252 -1 -1 25.528526
219 249 252 -1 44.675028
219 221 -1 -1 46.109249
208 221 -1 -1 34.276028
208 219 221 -1 51.170108
252 279 -1 -1 44.180800
252 277 279 -1 65.483833
119 156 -1 -1 32.990143
156 172 -1 -1 37.167327
119 156 172 -1 64.407104
219 225 -1 -1 41.007709
172 208 -1 -1 48.350997
172 198 208 -1 52.943972
221 225 -1 -1 11.465740
219 221 225 -1 48.005048
100 116 -1 -1 22.298572
116 119 -1 -1 51.993083
100 116 119 -1 70.472230
300 307 -1 -1 26.633801
307 321 -1 -1 63.911454
300 307 321 -1 69.741770
208 222 -1 -1 28.312152
221 222 -1 -1 6.926533
208 221 222 -1 34.276028
252 264 -1 -1 30.371289
82 100 -1 -1 42.240326
68 82 -1 -1 47.315797
68 82 100 -1 54.257179
119 121 -1 -1 30.482621
222 225 -1 -1 10.481588
221 222 225 -1 11.465740
249 264 -1 -1 28.521028
249 252 264 -1 31.423179
116 121 -1 -1 24.020747
116 119 121 -1 54.025008
82 116 -1 -1 54.130748
82 100 116 -1 55.953654
112 116 -1 -1 11.550426
112 121 -1 -1 14.914682
112 116 121 -1 24.020747
172 188 -1 -1 21.907495
188 208 -1 -1 31.695299
172 188 208 -1 48.571875
264 279 -1 -1 31.150377
252 264 279 -1 47.013816
219 238 -1 -1 52.988863
238 249 -1 -1 22.587634
219 238 249 -1 53.453835
244 249 -1 -1 45.601602
82 112 -1 -1 38.004103
82 112 116 -1 54.130748
208 225 -1 -1 28.039303
208 222 225 -1 30.397625
244 264 -1 -1 35.054545
244 249 264 -1 55.053999
152 156 -1 -1 26.310258
152 172 -1 -1 37.207704
152 156 172 -1 39.962600
238 244 -1 -1 25.388234
238 244 249 -1 45.711481
265 279 -1 -1 58.529441
265 300 -1 -1 82.505463
265 279 300 -1 84.038045
115 119 -1 -1 48.495964
115 156 -1 -1 57.274175
115 119 156 -1 58.707109
208 219 225 -1 62.644544
307 313 -1 -1 55.321740
313 321 -1 -1 58.344372
307 313 321 -1 66.800018
264 268 -1 -1 12.466306
244 268 -1 -1 32.434551
244 264 268 -1 37.013667
264 265 -1 -1 40.667087
264 265 279 -1 58.529441
115 152 -1 -1 36.550746
115 152 156 -1 57.274175
294 300 -1 -1 40.896304
115 121 -1 -1 29.895806
115 119 121 -1 49.752988
265 294 -1 -1 39.242358
265 294 300 -1 82.505463
294 307 -1 -1 36.131609
294 300 307 -1 40.944304
82 121 -1 -1 47.150802
82 112 121 -1 49.688630
208 238 -1 -1 51.314619
208 219 238 -1 74.136854
294 313 -1 -1 40.788039
294 307 313 -1 65.369423
146 172 -1 -1 45.003425
146 188 -1 -1 38.383655
146 172 188 -1 49.962650
67 68 -1 -1 60.755870
67 82 -1 -1 40.524206
67 68 82 -1 60.797163
146 152 -1 -1 28.378254
146 152 172 -1 45.003425
208 220 -1 -1 39.978541
220 238 -1 -1 43.959770
208 220 238 -1 52.271861
82 115 -1 -1 44.767190
82 115 121 -1 52.117609
220 244 -1 -1 34.880748
220 238 244 -1 44.502163
244 265 -1 -1 38.948750
244 264 265 -1 45.576824
220 243 -1 -1 30.487223
243 244 -1 -1 28.637045
220 243 244 -1 34.880748
146 208 -1 -1 66.654416
146 188 208 -1 66.654416
208 210 -1 -1 38.078555
210 220 -1 -1 24.302329
208 210 220 -1 40.854619
265 269 -1 -1 13.703271
146 210 -1 -1 64.939548
146 208 210 -1 74.271612
77 82 -1 -1 35.552192
77 115 -1 -1 61.600882
77 82 115 -1 61.600882
115 146 -1 -1 60.731531
115 146 152 -1 60.731531
227 244 -1 -1 41.698648
227 265 -1 -1 54.046608
227 244 265 -1 76.902427
227 269 -1 -1 67.074982
227 265 269 -1 67.074982
146 197 -1 -1 44.720518
197 210 -1 -1 17.571612
146 197 210 -1 64.970234
67 77 -1 -1 32.229025
67 77 82 -1 61.242284
294 303 -1 -1 21.596341
220 227 -1 -1 30.549578
220 227 244 -1 45.831373
77 91 -1 -1 54.209545
91 115 -1 -1 39.033394
77 91 115 -1 72.308169
91 146 -1 -1 75.315934
91 115 146 -1 81.453930
77 96 -1 -1 20.238463
183 210 -1 -1 38.253741
91 96 -1 -1 24.557885
77 91 96 -1 54.209545
183 220 -1 -1 47.762672
183 210 220 -1 51.697509
265 278 -1 -1 50.520390
278 294 -1 -1 61.481490
265 278 294 -1 71.167242
183 197 -1 -1 28.313764
183 197 210 -1 38.253741
278 313 -1 -1 81.752268
278 294 313 -1 82.665163
278 303 -1 -1 49.832432
278 294 303 -1 61.481490
146 183 -1 -1 42.944304
146 183 197 -1 46.474699
146 151 -1 -1 33.260257
91 151 -1 -1 68.384068
91 146 151 -1 82.945181
151 183 -1 -1 55.668386
146 151 183 -1 56.983261
37 77 -1 -1 62.198095
183 227 -1 -1 56.914990
183 220 227 -1 64.107663
91 117 -1 -1 20.396622
278 311 -1 -1 49.551570
311 313 -1 -1 52.076330
278 311 313 -1 89.864045
265 271 -1 -1 52.506652
37 91 -1 -1 79.026244
37 77 91 -1 89.712891
271 278 -1 -1 33.877560
265 271 278 -1 58.743013
227 248 -1 -1 32.742431
248 265 -1 -1 72.009699
227 248 265 -1 78.239204
91 135 -1 -1 49.562618
135 151 -1 -1 35.595865
91 135 151 -1 71.571511
248 271 -1 -1 28.012659
248 265 271 -1 72.893141
117 135 -1 -1 42.689761
91 117 135 -1 49.562618
91 101 -1 -1 41.129672
101 117 -1 -1 38.274748
91 101 117 -1 43.779037
183 209 -1 -1 25.137772
151 163 -1 -1 44.178681
163 183 -1 -1 46.655057
151 163 183 -1 61.070810
209 227 -1 -1 61.801517
183 209 227 -1 61.801517
206 209 -1 -1 20.572896
206 227 -1 -1 54.953307
206 209 227 -1 62.234226
101 135 -1 -1 40.398467
101 117 135 -1 48.406476
37 56 -1 -1 34.815061
56 91 -1 -1 78.274001
37 56 91 -1 88.175745
163 209 -1 -1 55.171743
163 183 209 -1 58.664493
227 232 -1 -1 40.335767
232 248 -1 -1 29.331865
227 232 248 -1 41.578676
151 164 -1 -1 37.374812
56 101 -1 -1 54.237769
56 91 101 -1 78.274001
206 232 -1 -1 29.605233
206 227 232 -1 57.089744
163 164 -1 -1 43.316760
151 163 164 -1 48.507487
135 164 -1 -1 31.288235
135 151 164 -1 43.761732
248 278 -1 -1 62.347245
248 271 278 -1 62.347245
56 94 -1 -1 38.267239
94 101 -1 -1 28.367265
56 94 101 -1 54.237769
278 310 -1 -1 49.966130
310 311 -1 -1 34.008962
278 310 311 -1 57.955661
278 301 -1 -1 35.057989
135 163 -1 -1 55.784407
135 163 164 -1 57.309423
301 310 -1 -1 24.464018
278 301 310 -1 49.966130
248 266 -1 -1 21.493563
266 278 -1 -1 74.799182
248 266 278 -1 77.493361
37 79 -1 -1 38.962370
56 79 -1 -1 12.971831
37 56 79 -1 42.565293
163 206 -1 -1 48.548016
163 206 209 -1 62.048815
224 232 -1 -1 25.948776
224 248 -1 -1 37.022302
224 232 248 -1 42.357054
230 232 -1 -1 19.497302
295 301 -1 -1 35.643271
295 310 -1 -1 35.103683
295 301 310 -1 39.785628
206 230 -1 -1 23.858315
206 230 232 -1 34.344020
224 230 -1 -1 14.869501
224 230 232 -1 25.948776
259 266 -1 -1 23.052231
259 278 -1 -1 78.089989
259 266 278 -1 86.916454
56 80 -1 -1 24.916330
80 101 -1 -1 44.136666
56 80 101 -1 58.038744
248 259 -1 -1 43.414222
248 259 266 -1 43.556427
278 295 -1 -1 66.545036
278 295 301 -1 66.545036
101 111 -1 -1 34.715568
111 135 -1 -1 41.632914
101 111 135 -1 50.669327
206 224 -1 -1 44.462056
206 224 230 -1 44.695046
224 259 -1 -1 45.789263
224 248 259 -1 48.556830
56 65 -1 -1 17.684931
278 296 -1 -1 73.059588
295 296 -1 -1 40.032484
278 295 296 -1 73.059588
65 80 -1 -1 33.287133
56 65 80 -1 37.856886
80 111 -1 -1 47.330877
80 101 111 -1 49.698905
135 149 -1 -1 51.565725
149 163 -1 -1 44.179012
135 149 163 -1 65.543628
163 194 -1 -1 46.259799
194 206 -1 -1 44.752040
163 194 206 -1 54.142313
259 296 -1 -1 45.366945
259 278 296 -1 78.812025
111 149 -1 -1 55.784491
111 135 149 -1 57.442008
196 206 -1 -1 37.373865
196 224 -1 -1 42.909423
196 206 224 -1 53.698139
259 295 -1 -1 60.111019
259 295 296 -1 60.111019
80 93 -1 -1 35.316565
93 111 -1 -1 31.921543
80 93 111 -1 47.330877
194 196 -1 -1 28.716987
194 196 206 -1 49.485041
224 247 -1 -1 22.817219
247 259 -1 -1 44.131129
224 247 259 -1 49.243758
149 194 -1 -1 56.859481
149 163 194 -1 57.168273
258 259 -1 -1 24.999920
93 149 -1 -1 77.712807
93 111 149 -1 80.187681
194 200 -1 -1 12.597265
56 57 -1 -1 70.520530
149 200 -1 -1 60.225597
149 194 200 -1 62.410764
196 200 -1 -1 27.727218
194 196 200 -1 33.010621
247 258 -1 -1 19.907560
247 258 259 -1 44.471087
258 276 -1 -1 23.890382
259 276 -1 -1 16.564024
258 259 276 -1 27.927652
218 224 -1 -1 26.473293
196 218 -1 -1 34.067619
196 218 224 -1 48.991343
57 65 -1 -1 19.107297
57 80 -1 -1 28.415274
57 65 80 -1 44.500686
259 274 -1 -1 26.262793
274 276 -1 -1 24.597233
259 274 276 -1 28.791331
274 295 -1 -1 50.069405
259 274 295 -1 62.640737
218 247 -1 -1 30.272715
218 224 247 -1 30.582024
295 322 -1 -1 45.936777
218 258 -1 -1 46.011262
218 247 258 -1 51.529506
57 93 -1 -1 60.094340
57 80 93 -1 60.831081
258 274 -1 -1 27.353790
258 274 276 -1 29.669570
295 299 -1 -1 35.242420
93 130 -1 -1 45.651450
130 149 -1 -1 31.958254
93 130 149 -1 80.056564
149 196 -1 -1 58.368329
149 196 200 -1 61.590436
274 299 -1 -1 41.799442
274 295 299 -1 50.765001
299 322 -1 -1 45.744963
295 299 322 -1 53.769143
149 182 -1 -1 40.392775
182 196 -1 -1 44.880547
149 182 196 -1 59.046085
196 217 -1 -1 21.612684
217 218 -1 -1 45.990490
196 217 218 -1 46.990471
57 76 -1 -1 47.389098
76 93 -1 -1 54.961430
57 76 93 -1 62.643930
57 72 -1 -1 19.555829
245 258 -1 -1 21.483198
245 274 -1 -1 38.454071
245 258 274 -1 38.846379
182 201 -1 -1 15.323407
196 201 -1 -1 29.553156
182 196 201 -1 46.663929
218 245 -1 -1 32.840879
218 245 258 -1 46.750170
274 291 -1 -1 19.486977
291 299 -1 -1 31.708328
274 291 299 -1 41.799442
72 76 -1 -1 21.362345
57 72 76 -1 47.389098
76 102 -1 -1 41.594095
93 102 -1 -1 42.744489
76 93 102 -1 54.961430
93 98 -1 -1 34.769462
193 201 -1 -1 20.344726
193 196 -1 -1 29.941613
193 196 201 -1 30.006071
193 196 201 -1 30.006071
193 217 -1 -1 16.363213
193 196 217 -1 29.941613
193 196 217 -1 29.941613
149 162 -1 -1 40.770723
162 182 -1 -1 33.157654
149 162 182 -1 44.137123
98 130 -1 -1 55.892697
93 98 130 -1 60.603568
193 218 -1 -1 36.836449
193 217 218 -1 58.309535
256 274 -1 -1 34.087530
130 162 -1 -1 35.747577
130 149 162 -1 62.408771
322 323 -1 -1 23.707085
299 323 -1 -1 36.743210
299 322 323 -1 49.629849
98 102 -1 -1 31.583357
93 98 102 -1 43.918318
256 291 -1 -1 36.873001
256 274 291 -1 39.509952
182 193 -1 -1 42.785143
182 193 201 -1 43.084739
245 256 -1 -1 29.582408
245 256 274 -1 40.121794
193 245 -1 -1 77.492619
193 218 245 -1 77.733896
162 193 -1 -1 47.665607
162 182 193 -1 58.711405
193 237 -1 -1 57.548973
237 245 -1 -1 35.098929
193 237 245 -1 78.299000
76 98 -1 -1 31.501239
76 98 102 -1 43.861509
130 138 -1 -1 18.376914
110 130 -1 -1 52.315690
110 138 -1 -1 46.023146
110 130 138 -1 59.881595
299 312 -1 -1 26.535463
312 323 -1 -1 23.417196
299 312 323 -1 38.842468
98 110 -1 -1 28.723456
98 110 130 -1 64.166286
193 213 -1 -1 23.695457
213 237 -1 -1 38.005599
193 213 237 -1 57.690189
213 245 -1 -1 59.552394
213 237 245 -1 59.552394
138 140 -1 -1 49.491286
130 140 -1 -1 57.143366
130 138 140 -1 60.197058
140 162 -1 -1 39.973759
130 140 162 -1 58.984701
256 299 -1 -1 50.263421
256 291 299 -1 50.657418
213 256 -1 -1 79.300444
213 245 256 -1 82.274457
193 212 -1 -1 20.254859
162 189 -1 -1 30.338345
189 193 -1 -1 30.871346
162 189 193 -1 52.075321
212 213 -1 -1 41.349173
193 212 213 -1 41.725333
189 212 -1 -1 24.002745
189 193 212 -1 30.871346
213 239 -1 -1 34.761829
213 228 -1 -1 39.791369
228 256 -1 -1 53.292331
213 228 256 -1 79.300444
228 239 -1 -1 38.135960
213 228 239 -1 41.594738
299 309 -1 -1 38.135329
110 140 -1 -1 34.060131
110 138 140 -1 49.992780
309 312 -1 -1 29.046568
299 309 312 -1 38.898047
309 323 -1 -1 34.720286
309 312 323 -1 38.041688
189 213 -1 -1 42.642975
189 212 213 -1 48.869060
256 284 -1 -1 45.045650
284 299 -1 -1 56.093397
256 284 299 -1 57.101303
323 326 -1 -1 28.080852
162 179 -1 -1 20.627678
179 189 -1 -1 21.189696
162 179 189 -1 31.558382
284 309 -1 -1 35.970905
284 299 309 -1 62.786329
256 257 -1 -1 26.355148
228 257 -1 -1 30.943953
228 256 257 -1 53.601604
309 326 -1 -1 26.126028
309 323 326 -1 38.683172
140 166 -1 -1 19.742237
162 166 -1 -1 34.580605
140 162 166 -1 42.018237
213 223 -1 -1 20.430397
223 228 -1 -1 42.592365
213 223 228 -1 43.996617
256 273 -1 -1 31.030181
257 273 -1 -1 22.174916
256 257 273 -1 31.157963
273 284 -1 -1 30.951556
256 273 284 -1 45.305560
166 179 -1 -1 20.146745
162 166 179 -1 40.634037
176 179 -1 -1 28.569259
176 189 -1 -1 35.261898
176 179 189 -1 39.187767
326 330 -1 -1 31.235296
66 98 -1 -1 55.240436
66 110 -1 -1 65.080199
66 98 110 -1 76.429821
110 139 -1 -1 28.211158
139 140 -1 -1 27.520505
110 139 140 -1 34.060131
66 76 -1 -1 46.970892
66 76 98 -1 57.369900
140 179 -1 -1 53.893374
140 166 179 -1 54.014453
211 213 -1 -1 31.344491
189 202 -1 -1 23.291283
202 213 -1 -1 53.299053
189 202 213 -1 55.803449
211 223 -1 -1 22.955995
211 213 223 -1 31.358537
140 176 -1 -1 50.007719
140 176 179 -1 54.703512
211 228 -1 -1 45.351171
211 223 228 -1 49.379455
176 202 -1 -1 30.989587
176 189 202 -1 36.198433
228 273 -1 -1 58.853274
228 257 273 -1 58.853274
306 309 -1 -1 43.174985
306 326 -1 -1 57.416186
306 309 326 -1 74.268633
202 211 -1 -1 21.199336
202 211 213 -1 56.140820
140 165 -1 -1 27.242311
165 176 -1 -1 29.683996
140 165 176 -1 50.809209
176 211 -1 -1 41.564280
176 202 211 -1 42.397752
228 251 -1 -1 47.152234
251 273 -1 -1 35.121571
228 251 273 -1 61.239488
110 128 -1 -1 32.571532
110 120 -1 -1 42.873638
120 140 -1 -1 43.355944
110 120 140 -1 45.849665
284 306 -1 -1 40.131343
284 306 309 -1 49.599613
110 127 -1 -1 39.928961
127 128 -1 -1 6.177018
110 127 128 -1 39.928961
306 330 -1 -1 44.512316
306 326 330 -1 67.228043
190 211 -1 -1 23.233826
190 228 -1 -1 55.025951
190 211 228 -1 64.289300
176 190 -1 -1 33.280276
176 190 211 -1 44.390748
228 233 -1 -1 30.779128
233 251 -1 -1 33.610101
228 233 251 -1 47.757746
66 120 -1 -1 73.575500
66 110 120 -1 91.395395
165 168 -1 -1 12.880079
168 176 -1 -1 31.076890
165 168 176 -1 39.115991
190 233 -1 -1 50.144167
190 228 233 -1 65.946430
251 284 -1 -1 53.606971
251 273 284 -1 54.045855
140 168 -1 -1 50.922316
140 165 168 -1 50.922316
120 136 -1 -1 17.142684
136 140 -1 -1 48.918565
120 136 140 -1 52.916456
113 140 -1 -1 54.178525
113 168 -1 -1 71.389436
113 140 168 -1 74.015898
113 120 -1 -1 23.124821
66 113 -1 -1 70.012112
66 113 120 -1 73.821537
66 84 -1 -1 35.374123
84 113 -1 -1 54.204031
66 84 113 -1 70.012112
113 136 -1 -1 13.362122
113 120 136 -1 23.124821
306 320 -1 -1 16.679169
320 330 -1 -1 42.272335
306 320 330 -1 45.253155
113 136 140 -1 56.143565
66 81 -1 -1 18.532767
233 253 -1 -1 16.549290
251 253 -1 -1 24.845300
233 251 253 -1 33.988160
81 84 -1 -1 16.979337
66 81 84 -1 35.374123
190 203 -1 -1 27.544698
203 233 -1 -1 38.522770
190 203 233 -1 50.517675
160 176 -1 -1 37.108165
160 168 -1 -1 30.430885
113 160 -1 -1 58.736042
113 160 168 -1 99.280804
160 168 176 -1 47.211566
160 190 -1 -1 46.017283
160 176 190 -1 62.846352
113 154 -1 -1 36.586291
272 284 -1 -1 51.870175
251 272 -1 -1 34.196837
251 272 284 -1 57.279800
154 160 -1 -1 41.210089
113 154 160 -1 58.850082
108 113 -1 -1 46.536656
84 108 -1 -1 23.905601
84 108 113 -1 59.556993
251 285 -1 -1 35.485068
272 285 -1 -1 15.072093
251 272 285 -1 38.443121
272 306 -1 -1 46.835146
272 284 306 -1 63.953007
203 251 -1 -1 63.040438
203 233 251 -1 64.108449
314 330 -1 -1 45.264165
160 203 -1 -1 57.455460
160 190 203 -1 58.907293
113 131 -1 -1 16.136914
84 86 -1 -1 31.231913
203 229 -1 -1 41.150828
229 251 -1 -1 44.616260
203 229 251 -1 64.857439
306 314 -1 -1 37.946902
306 314 330 -1 72.489377
113 124 -1 -1 38.990542
124 131 -1 -1 41.275126
113 124 131 -1 44.245327
124 160 -1 -1 58.197815
113 124 160 -1 59.827550
229 272 -1 -1 53.355924
229 251 272 -1 68.878237
37 -1 -1 -1 0.000000
56 -1 -1 -1 0.000000
57 -1 -1 -1 0.000000
59 -1 -1 -1 0.000000
65 -1 -1 -1 0.000000
66 -1 -1 -1 0.000000
67 -1 -1 -1 0.000000
68 -1 -1 -1 0.000000
70 -1 -1 -1 0.000000
72 -1 -1 -1 0.000000
76 -1 -1 -1 0.000000
77 -1 -1 -1 0.000000
79 -1 -1 -1 0.000000
80 -1 -1 -1 0.000000
81 -1 -1 -1 0.000000
82 -1 -1 -1 0.000000
84 -1 -1 -1 0.000000
85 -1 -1 -1 0.000000
86 -1 -1 -1 0.000000
88 -1 -1 -1 0.000000
89 -1 -1 -1 0.000000
90 -1 -1 -1 0.000000
91 -1 -1 -1 0.000000
93 -1 -1 -1 0.000000
94 -1 -1 -1 0.000000
95 -1 -1 -1 0.000000
96 -1 -1 -1 0.000000
97 -1 -1 -1 0.000000
98 -1 -1 -1 0.000000
100 -1 -1 -1 0.000000
101 -1 -1 -1 0.000000
102 -1 -1 -1 0.000000
103 -1 -1 -1 0.000000
108 -1 -1 -1 0.000000
110 -1 -1 -1 0.000000
111 -1 -1 -1 0.000000
112 -1 -1 -1 0.000000
113 -1 -1 -1 0.000000
115 -1 -1 -1 0.000000
116 -1 -1 -1 0.000000
117 -1 -1 -1 0.000000
119 -1 -1 -1 0.000000
120 -1 -1 -1 0.000000
121 -1 -1 -1 0.000000
123 -1 -1 -1 0.000000
124 -1 -1 -1 0.000000
127 -1 -1 -1 0.000000
128 -1 -1 -1 0.000000
130 -1 -1 -1 0.000000
131 -1 -1 -1 0.000000
134 -1 -1 -1 0.000000
135 -1 -1 -1 0.000000
136 -1 -1 -1 0.000000
137 -1 -1 -1 0.000000
138 -1 -1 -1 0.000000
139 -1 -1 -1 0.000000
140 -1 -1 -1 0.000000
141 -1 -1 -1 0.000000
142 -1 -1 -1 0.000000
146 -1 -1 -1 0.000000
149 -1 -1 -1 0.000000
151 -1 -1 -1 0.000000
152 -1 -1 -1 0.000000
154 -1 -1 -1 0.000000
156 -1 -1 -1 0.000000
157 -1 -1 -1 0.000000
160 -1 -1 -1 0.000000
162 -1 -1 -1 0.000000
163 -1 -1 -1 0.000000
164 -1 -1 -1 0.000000
165 -1 -1 -1 0.000000
166 -1 -1 -1 0.000000
167 -1 -1 -1 0.000000
168 -1 -1 -1 0.000000
172 -1 -1 -1 0.000000
175 -1 -1 -1 0.000000
176 -1 -1 -1 0.000000
177 -1 -1 -1 0.000000
179 -1 -1 -1 0.000000
182 -1 -1 -1 0.000000
183 -1 -1 -1 0.000000
184 -1 -1 -1 0.000000
187 -1 -1 -1 0.000000
188 -1 -1 -1 0.000000
189 -1 -1 -1 0.000000
190 -1 -1 -1 0.000000
192 -1 -1 -1 0.000000
193 -1 -1 -1 0.000000
194 -1 -1 -1 0.000000
195 -1 -1 -1 0.000000
196 -1 -1 -1 0.000000
197 -1 -1 -1 0.000000
198 -1 -1 -1 0.000000
200 -1 -1 -1 0.000000
201 -1 -1 -1 0.000000
202 -1 -1 -1 0.000000
203 -1 -1 -1 0.000000
205 -1 -1 -1 0.000000
206 -1 -1 -1 0.000000
208 -1 -1 -1 0.000000
209 -1 -1 -1 0.000000
210 -1 -1 -1 0.000000
211 -1 -1 -1 0.000000
212 -1 -1 -1 0.000000
213 -1 -1 -1 0.000000
217 -1 -1 -1 0.000000
218 -1 -1 -1 0.000000
219 -1 -1 -1 0.000000
220 -1 -1 -1 0.000000
221 -1 -1 -1 0.000000
222 -1 -1 -1 0.000000
223 -1 -1 -1 0.000000
224 -1 -1 -1 0.000000
225 -1 -1 -1 0.000000
227 -1 -1 -1 0.000000
228 -1 -1 -1 0.000000
229 -1 -1 -1 0.000000
230 -1 -1 -1 0.000000
231 -1 -1 -1 0.000000
232 -1 -1 -1 0.000000
233 -1 -1 -1 0.000000
236 -1 -1 -1 0.000000
237 -1 -1 -1 0.000000
238 -1 -1 -1 0.000000
239 -1 -1 -1 0.000000
242 -1 -1 -1 0.000000
243 -1 -1 -1 0.000000
244 -1 -1 -1 0.000000
245 -1 -1 -1 0.000000
247 -1 -1 -1 0.000000
248 -1 -1 -1 0.000000
249 -1 -1 -1 0.000000
250 -1 -1 -1 0.000000
251 -1 -1 -1 0.000000
252 -1 -1 -1 0.000000
253 -1 -1 -1 0.000000
256 -1 -1 -1 0.000000
257 -1 -1 -1 0.000000
258 -1 -1 -1 0.000000
259 -1 -1 -1 0.000000
260 -1 -1 -1 0.000000
262 -1 -1 -1 0.000000
264 -1 -1 -1 0.000000
265 -1 -1 -1 0.000000
266 -1 -1 -1 0.000000
268 -1 -1 -1 0.000000
269 -1 -1 -1 0.000000
271 -1 -1 -1 0.000000
272 -1 -1 -1 0.000000
273 -1 -1 -1 0.000000
274 -1 -1 -1 0.000000
276 -1 -1 -1 0.000000
277 -1 -1 -1 0.000000
278 -1 -1 -1 0.000000
279 -1 -1 -1 0.000000
281 -1 -1 -1 0.000000
284 -1 -1 -1 0.000000
285 -1 -1 -1 0.000000
288 -1 -1 -1 0.000000
289 -1 -1 -1 0.000000
291 -1 -1 -1 0.000000
292 -1 -1 -1 0.000000
294 -1 -1 -1 0.000000
295 -1 -1 -1 0.000000
296 -1 -1 -1 0.000000
299 -1 -1 -1 0.000000
300 -1 -1 -1 0.000000
301 -1 -1 -1 0.000000
302 -1 -1 -1 0.000000
303 -1 -1 -1 0.000000
304 -1 -1 -1 0.000000
306 -1 -1 -1 0.000000
307 -1 -1 -1 0.000000
309 -1 -1 -1 0.000000
310 -1 -1 -1 0.000000
311 -1 -1 -1 0.000000
312 -1 -1 -1 0.000000
313 -1 -1 -1 0.000000
314 -1 -1 -1 0.000000
318 -1 -1 -1 0.000000
319 -1 -1 -1 0.000000
320 -1 -1 -1 0.000000
321 -1 -1 -1 0.000000
322 -1 -1 -1 0.000000
323 -1 -1 -1 0.000000
326 -1 -1 -1 0.000000
330 -1 -1 -1 0.000000
