208 225 -1 -1 36.111354
154 208 -1 -1 59.409839
225 249 -1 -1 35.619316
128 143 -1 -1 34.101100
143 154 -1 -1 52.065955
103 128 -1 -1 43.445460
154 210 -1 -1 66.834282
208 210 -1 -1 37.896170
154 208 210 -1 68.109081
249 258 -1 -1 75.839774
72 103 -1 -1 43.053150
154 162 -1 -1 34.806228
143 162 -1 -1 39.896363
143 154 162 -1 54.774961
225 250 -1 -1 61.540639
249 250 -1 -1 56.508332
225 249 250 -1 70.287668
250 258 -1 -1 41.623546
249 250 258 -1 75.839774
54 72 -1 -1 59.069711
225 229 -1 -1 46.032668
197 208 -1 -1 74.664963
197 225 -1 -1 84.324129
197 208 225 -1 85.008023
128 129 -1 -1 35.027217
103 129 -1 -1 42.862439
103 128 129 -1 50.688284
197 210 -1 -1 45.560786
197 208 210 -1 74.664963
37 54 -1 -1 41.308247
197 229 -1 -1 51.730362
197 225 229 -1 85.118078
229 250 -1 -1 27.234644
225 229 250 -1 61.979038
128 145 -1 -1 62.779769
143 145 -1 -1 54.317101
128 143 145 -1 64.409522
154 182 -1 -1 58.757848
145 162 -1 -1 41.839582
143 145 162 -1 57.439951
162 182 -1 -1 28.687549
154 162 182 -1 60.574297
154 197 -1 -1 80.775340
154 197 210 -1 86.680866
182 197 -1 -1 56.205434
154 182 197 -1 80.775340
72 81 -1 -1 28.884134
129 145 -1 -1 44.090436
128 129 145 -1 62.779769
54 81 -1 -1 45.880264
54 72 81 -1 59.255368
250 261 -1 -1 17.489612
258 261 -1 -1 17.310674
250 258 261 -1 41.623546
72 111 -1 -1 67.384669
103 111 -1 -1 43.221386
72 103 111 -1 67.450176
75 81 -1 -1 29.669385
54 75 -1 -1 47.696088
54 75 81 -1 55.113721
37 49 -1 -1 44.157644
49 54 -1 -1 35.233250
37 49 54 -1 49.745325
81 87 -1 -1 18.719005
72 87 -1 -1 29.560881
72 81 87 -1 31.010274
162 165 -1 -1 46.834953
162 181 -1 -1 39.936832
181 182 -1 -1 16.088160
162 181 182 -1 39.936832
145 165 -1 -1 46.223851
145 162 165 -1 65.250035
165 181 -1 -1 25.043495
162 165 181 -1 46.834953
181 197 -1 -1 58.560846
181 182 197 -1 58.879462
75 87 -1 -1 17.607825
75 81 87 -1 29.728491
103 121 -1 -1 84.343317
111 121 -1 -1 89.060204
103 111 121 -1 97.642094
229 236 -1 -1 20.161383
121 129 -1 -1 78.800897
103 121 129 -1 84.343317
72 97 -1 -1 75.292146
97 111 -1 -1 50.173117
72 97 111 -1 80.046206
197 223 -1 -1 44.007944
223 229 -1 -1 52.605242
197 223 229 -1 56.512376
129 131 -1 -1 29.472665
72 94 -1 -1 49.757257
87 94 -1 -1 19.675783
72 87 94 -1 49.757257
121 131 -1 -1 27.520136
121 129 131 -1 78.800897
223 236 -1 -1 26.539007
223 229 236 -1 52.605242
261 262 -1 -1 34.230750
258 262 -1 -1 36.179095
258 261 262 -1 37.029679
131 145 -1 -1 37.782342
129 131 145 -1 51.510271
250 262 -1 -1 39.058617
250 261 262 -1 39.462651
165 197 -1 -1 51.553963
165 181 197 -1 60.681229
94 97 -1 -1 32.414938
72 94 97 -1 75.292146
49 63 -1 -1 50.260851
54 63 -1 -1 61.256844
49 54 63 -1 68.313811
97 121 -1 -1 60.984514
97 111 121 -1 94.417513
63 75 -1 -1 25.373801
54 63 75 -1 68.308912
75 94 -1 -1 28.257655
75 87 94 -1 28.257655
228 229 -1 -1 72.235317
228 250 -1 -1 59.251460
228 229 250 -1 73.094926
121 145 -1 -1 48.796523
121 131 145 -1 52.165797
223 228 -1 -1 31.027541
223 228 229 -1 73.702087
75 97 -1 -1 53.728822
75 94 97 -1 53.948181
250 256 -1 -1 67.062928
256 262 -1 -1 43.692200
250 256 262 -1 68.961723
258 272 -1 -1 78.068519
262 272 -1 -1 31.571024
258 262 272 -1 78.068519
46 49 -1 -1 39.281797
145 155 -1 -1 60.850929
155 165 -1 -1 41.068880
145 155 165 -1 72.117282
121 155 -1 -1 69.050443
121 145 155 -1 71.371900
188 197 -1 -1 63.327082
165 188 -1 -1 56.650757
165 188 197 -1 71.390177
228 256 -1 -1 39.917944
228 250 256 -1 73.867342
63 97 -1 -1 57.349518
63 75 97 -1 60.584705
46 63 -1 -1 37.430956
46 49 63 -1 52.640208
97 123 -1 -1 46.349291
121 123 -1 -1 26.316011
97 121 123 -1 61.048444
188 223 -1 -1 55.252592
188 197 223 -1 74.353771
256 272 -1 -1 31.188873
256 262 272 -1 44.193137
155 188 -1 -1 57.123538
155 165 188 -1 75.604885
63 91 -1 -1 48.690656
91 97 -1 -1 43.530831
63 91 97 -1 67.865723
29 46 -1 -1 34.826860
188 228 -1 -1 58.399042
188 223 228 -1 62.756559
97 107 -1 -1 49.582018
107 123 -1 -1 25.978777
97 107 123 -1 55.506014
91 107 -1 -1 49.887691
91 97 107 -1 70.297956
63 68 -1 -1 41.538724
121 137 -1 -1 50.882411
123 137 -1 -1 51.645944
121 123 137 -1 55.647798
46 68 -1 -1 51.708411
46 63 68 -1 54.169814
68 91 -1 -1 36.636697
63 68 91 -1 53.648856
137 155 -1 -1 39.403222
121 137 155 -1 83.227523
228 231 -1 -1 33.292986
231 256 -1 -1 41.718819
228 231 256 -1 44.455508
107 137 -1 -1 56.711435
107 123 137 -1 65.902763
188 231 -1 -1 75.564661
188 228 231 -1 81.854940
105 107 -1 -1 22.724858
91 105 -1 -1 42.302085
91 105 107 -1 49.887691
68 93 -1 -1 33.552510
91 93 -1 -1 25.566313
68 91 93 -1 42.719856
155 166 -1 -1 47.972836
166 188 -1 -1 48.500790
155 166 188 -1 78.021957
29 55 -1 -1 50.315870
46 55 -1 -1 51.773224
29 46 55 -1 65.257595
93 105 -1 -1 31.924185
91 93 105 -1 42.302085
55 68 -1 -1 34.806297
46 55 68 -1 63.933646
137 166 -1 -1 55.897650
137 155 166 -1 63.252035
188 206 -1 -1 44.110150
206 231 -1 -1 50.078726
188 206 231 -1 77.703502
29 30 -1 -1 32.534160
256 260 -1 -1 54.669773
231 260 -1 -1 51.433675
231 256 260 -1 66.612508
166 206 -1 -1 53.090895
166 188 206 -1 56.266706
107 130 -1 -1 65.936856
130 137 -1 -1 33.134069
107 130 137 -1 72.792896
30 55 -1 -1 44.895370
29 30 55 -1 54.784094
130 166 -1 -1 54.847330
130 137 166 -1 56.876406
231 235 -1 -1 27.656065
68 84 -1 -1 51.945115
84 93 -1 -1 24.869267
68 84 93 -1 51.945115
206 235 -1 -1 43.378802
206 231 235 -1 54.207506
105 130 -1 -1 97.696702
105 107 130 -1 99.342498
55 84 -1 -1 63.162877
55 68 84 -1 76.938307
166 196 -1 -1 32.745291
196 206 -1 -1 43.124550
166 196 206 -1 60.464695
84 105 -1 -1 33.546963
84 93 105 -1 37.596809
105 113 -1 -1 34.540567
113 130 -1 -1 52.965456
105 113 130 -1 97.696702
235 248 -1 -1 26.232471
231 248 -1 -1 36.045327
231 235 248 -1 37.608949
248 260 -1 -1 35.978608
231 248 260 -1 54.721604
55 74 -1 -1 43.155458
84 113 -1 -1 47.550814
84 105 113 -1 65.479000
74 84 -1 -1 35.903679
55 74 84 -1 63.818054
166 176 -1 -1 32.935485
130 176 -1 -1 76.505191
130 166 176 -1 81.804221
191 196 -1 -1 18.652601
166 191 -1 -1 41.353254
166 191 196 -1 41.353254
30 44 -1 -1 40.862374
44 55 -1 -1 30.347082
30 44 55 -1 52.995493
191 206 -1 -1 36.434022
191 196 206 -1 44.764133
176 191 -1 -1 32.996954
166 176 191 -1 47.360162
206 232 -1 -1 50.253433
232 235 -1 -1 21.190424
206 232 235 -1 53.721957
130 138 -1 -1 25.785919
113 138 -1 -1 52.246595
113 130 138 -1 63.303949
206 218 -1 -1 34.505704
191 218 -1 -1 34.839242
191 206 218 -1 38.260061
44 74 -1 -1 51.302511
44 55 74 -1 51.302511
218 232 -1 -1 24.358401
206 218 232 -1 51.723099
232 248 -1 -1 26.723180
232 235 248 -1 30.469496
74 96 -1 -1 36.235359
84 96 -1 -1 28.349216
74 84 96 -1 48.031921
84 114 -1 -1 49.756423
113 114 -1 -1 50.284161
84 113 114 -1 52.622202
130 156 -1 -1 44.877381
138 156 -1 -1 39.119358
130 138 156 -1 47.553750
156 176 -1 -1 28.046420
130 156 176 -1 78.837588
109 113 -1 -1 23.205294
176 183 -1 -1 30.400431
183 191 -1 -1 22.074687
176 183 191 -1 33.787459
109 138 -1 -1 37.411845
109 113 138 -1 53.358068
260 269 -1 -1 46.081942
84 109 -1 -1 73.550936
109 114 -1 -1 67.722187
84 109 114 -1 73.550936
109 113 114 -1 67.722187
237 248 -1 -1 28.030058
237 260 -1 -1 49.039966
237 248 260 -1 50.682516
96 109 -1 -1 57.219699
84 96 109 -1 81.783034
156 183 -1 -1 41.869466
156 176 183 -1 46.162680
191 213 -1 -1 34.486748
213 218 -1 -1 17.760515
191 213 218 -1 43.440338
44 51 -1 -1 24.948446
44 58 -1 -1 32.591816
232 237 -1 -1 28.613058
218 237 -1 -1 58.389195
218 232 237 -1 58.562925
232 237 248 -1 42.058895
183 213 -1 -1 38.639858
183 191 213 -1 40.033639
51 58 -1 -1 23.680881
44 51 58 -1 36.618303
213 237 -1 -1 58.679915
213 218 237 -1 61.943697
74 80 -1 -1 39.325238
80 96 -1 -1 27.506476
74 80 96 -1 46.846226
237 247 -1 -1 29.138895
247 260 -1 -1 56.085720
237 247 260 -1 56.581904
58 74 -1 -1 41.187388
44 58 74 -1 67.670055
247 269 -1 -1 46.137200
247 260 269 -1 62.185991
109 122 -1 -1 20.909143
138 139 -1 -1 26.973438
109 139 -1 -1 50.136360
109 138 139 -1 63.793916
139 156 -1 -1 30.985248
138 139 156 -1 41.177395
58 80 -1 -1 60.925882
58 74 80 -1 70.312565
96 108 -1 -1 41.973490
108 109 -1 -1 51.913759
96 108 109 -1 58.152279
213 214 -1 -1 25.163363
214 237 -1 -1 42.139500
213 214 237 -1 59.490384
108 122 -1 -1 24.595322
108 109 122 -1 51.913759
156 173 -1 -1 38.965995
173 183 -1 -1 32.702294
156 173 183 -1 45.377956
183 214 -1 -1 55.104124
183 213 214 -1 56.910794
80 108 -1 -1 50.433196
80 96 108 -1 55.799130
214 247 -1 -1 56.559540
214 237 247 -1 61.766254
183 203 -1 -1 25.630964
203 214 -1 -1 36.396487
183 203 214 -1 56.440492
122 139 -1 -1 48.911890
109 122 139 -1 50.136360
173 203 -1 -1 33.000474
173 183 203 -1 36.732265
39 51 -1 -1 32.986173
39 58 -1 -1 47.512019
39 51 58 -1 54.010563
58 61 -1 -1 13.582002
122 134 -1 -1 31.408096
134 139 -1 -1 33.686473
122 134 139 -1 49.424074
59 80 -1 -1 63.784565
58 71 -1 -1 30.664035
58 59 -1 -1 56.596481
58 59 80 -1 63.784565
59 71 -1 -1 41.874570
58 59 71 -1 62.483629
139 147 -1 -1 14.309923
139 150 -1 -1 36.401916
150 156 -1 -1 42.705629
139 150 156 -1 48.899969
61 71 -1 -1 15.871130
58 61 71 -1 30.664035
59 88 -1 -1 53.026561
80 88 -1 -1 21.410180
59 80 88 -1 71.158008
150 173 -1 -1 41.365051
150 156 173 -1 51.780624
214 238 -1 -1 41.502490
238 247 -1 -1 32.162350
214 238 247 -1 63.994928
134 147 -1 -1 30.328627
134 139 147 -1 33.686473
147 150 -1 -1 33.046841
139 147 150 -1 41.670418
59 61 -1 -1 47.807465
59 61 71 -1 49.110535
59 69 -1 -1 17.072358
69 71 -1 -1 12.909061
59 69 71 -1 41.874570
58 59 61 -1 57.223211
80 104 -1 -1 47.764862
104 108 -1 -1 35.813021
80 104 108 -1 54.909695
39 59 -1 -1 61.283620
39 58 59 -1 62.796356
108 134 -1 -1 44.907384
108 122 134 -1 45.381928
88 98 -1 -1 19.291739
80 98 -1 -1 30.851959
80 88 98 -1 30.851959
189 203 -1 -1 22.600006
189 214 -1 -1 50.108618
189 203 214 -1 58.568303
173 189 -1 -1 36.921415
173 189 203 -1 57.286504
134 150 -1 -1 43.438639
134 147 150 -1 43.438639
214 220 -1 -1 30.779324
39 42 -1 -1 18.395347
42 59 -1 -1 49.950335
39 42 59 -1 63.482918
83 98 -1 -1 46.157753
80 83 -1 -1 53.316576
80 83 98 -1 53.316576
83 104 -1 -1 31.743400
80 83 104 -1 59.694800
108 115 -1 -1 33.382218
104 115 -1 -1 28.141823
104 108 115 -1 45.481247
189 220 -1 -1 38.172835
189 214 220 -1 50.440557
83 88 -1 -1 28.481161
83 88 98 -1 47.062495
115 134 -1 -1 46.636506
108 115 134 -1 51.145234
201 214 -1 -1 42.713408
173 185 -1 -1 32.209915
150 185 -1 -1 56.803413
150 173 185 -1 58.624334
201 220 -1 -1 22.279451
201 214 220 -1 42.937140
201 238 -1 -1 52.843056
201 214 238 -1 57.487033
115 135 -1 -1 35.898030
134 135 -1 -1 24.958171
115 134 135 -1 46.787400
247 266 -1 -1 78.505035
189 201 -1 -1 31.263049
189 201 220 -1 38.389159
134 149 -1 -1 34.958185
149 150 -1 -1 40.631014
134 149 150 -1 47.899948
238 266 -1 -1 81.643121
238 247 266 -1 83.268337
59 82 -1 -1 27.210085
82 88 -1 -1 25.956273
59 82 88 -1 53.671682
185 189 -1 -1 55.326430
173 185 189 -1 55.326430
150 164 -1 -1 25.074933
164 185 -1 -1 31.248592
150 164 185 -1 57.448099
238 243 -1 -1 33.261843
243 266 -1 -1 48.626919
238 243 266 -1 81.643121
164 189 -1 -1 57.400647
164 185 189 -1 57.766495
42 50 -1 -1 20.599992
50 59 -1 -1 30.243025
42 50 59 -1 49.950335
164 174 -1 -1 38.547705
174 189 -1 -1 39.707983
164 174 189 -1 57.895387
82 83 -1 -1 24.218665
82 83 88 -1 31.541503
174 201 -1 -1 47.325610
174 189 201 -1 81.597756
135 149 -1 -1 37.568029
134 135 149 -1 41.129042
35 42 -1 -1 35.788167
35 39 -1 -1 53.204581
35 39 42 -1 55.298037
201 243 -1 -1 64.986405
201 238 243 -1 80.019786
140 149 -1 -1 59.002555
140 150 -1 -1 51.227739
140 149 150 -1 59.565633
135 140 -1 -1 47.081134
135 140 149 -1 60.637566
150 157 -1 -1 36.867864
157 164 -1 -1 27.232416
150 157 164 -1 38.276707
140 157 -1 -1 38.363511
140 150 157 -1 51.406994
35 50 -1 -1 27.855471
35 42 50 -1 41.326374
135 144 -1 -1 23.687348
140 144 -1 -1 28.839528
135 140 144 -1 47.081134
201 226 -1 -1 30.905321
115 117 -1 -1 49.714321
117 135 -1 -1 42.499429
115 117 135 -1 56.154280
226 243 -1 -1 48.321345
201 226 243 -1 68.514983
59 83 -1 -1 55.812640
59 82 83 -1 55.812640
83 89 -1 -1 38.374272
89 104 -1 -1 54.121409
83 89 104 -1 55.583967
59 77 -1 -1 52.320367
77 83 -1 -1 38.795081
59 77 83 -1 58.794360
171 174 -1 -1 36.028636
157 174 -1 -1 67.932979
157 164 174 -1 67.932979
89 115 -1 -1 59.644668
89 104 115 -1 60.531550
157 171 -1 -1 24.378771
157 171 174 -1 68.190981
201 211 -1 -1 34.721429
174 211 -1 -1 48.479375
174 201 211 -1 50.896828
211 226 -1 -1 29.970446
201 211 226 -1 37.557007
243 246 -1 -1 29.564931
35 59 -1 -1 66.516423
35 50 59 -1 66.516423
140 171 -1 -1 51.495574
140 157 171 -1 54.143645
226 246 -1 -1 32.210709
226 243 246 -1 48.674272
89 117 -1 -1 56.999824
89 115 117 -1 68.918204
56 59 -1 -1 57.927784
174 187 -1 -1 19.938140
56 77 -1 -1 34.540847
56 59 77 -1 61.923667
117 140 -1 -1 49.798001
117 135 140 -1 52.008437
163 171 -1 -1 14.437581
140 163 -1 -1 33.792728
140 163 171 -1 51.495574
35 56 -1 -1 43.779956
35 56 59 -1 74.337823
159 171 -1 -1 32.518703
159 174 -1 -1 38.364705
159 171 174 -1 50.109322
159 187 -1 -1 25.362057
159 174 187 -1 38.364705
226 233 -1 -1 19.079445
233 246 -1 -1 24.442391
226 233 246 -1 35.295682
159 163 -1 -1 40.086052
159 163 171 -1 40.883662
77 89 -1 -1 39.452813
77 83 89 -1 47.688601
211 233 -1 -1 38.375496
211 226 233 -1 39.038274
243 257 -1 -1 42.873271
246 257 -1 -1 21.745905
243 246 257 -1 42.873271
257 266 -1 -1 69.979107
243 257 266 -1 69.979107
140 159 -1 -1 54.987815
140 159 163 -1 55.265876
159 174 -1 -1 65.716154
174 211 -1 -1 53.535198
159 195 -1 -1 39.548367
159 195 -1 -1 65.535911
195 211 -1 -1 29.458523
195 211 -1 -1 46.432383
257 259 -1 -1 37.697100
233 244 -1 -1 29.809018
244 246 -1 -1 27.654522
233 244 246 -1 32.881333
244 257 -1 -1 27.174256
244 246 257 -1 31.481012
211 221 -1 -1 29.114232
221 233 -1 -1 26.471554
211 221 233 -1 51.912585
35 43 -1 -1 55.626640
43 56 -1 -1 39.096870
35 43 56 -1 58.133255
221 244 -1 -1 34.011522
221 233 244 -1 39.065570
195 212 -1 -1 22.143108
211 212 -1 -1 30.191461
195 211 212 -1 36.854754
212 221 -1 -1 25.221056
211 212 221 -1 41.564461
244 259 -1 -1 47.639419
244 257 259 -1 49.146442
140 160 -1 -1 51.290861
159 160 -1 -1 38.663366
140 159 160 -1 58.240787
56 62 -1 -1 33.787146
62 77 -1 -1 40.658412
56 62 77 -1 49.329066
117 126 -1 -1 31.943846
159 172 -1 -1 25.171428
89 99 -1 -1 36.733277
99 117 -1 -1 57.141713
89 99 117 -1 66.206032
117 136 -1 -1 59.409637
136 140 -1 -1 54.380302
117 136 140 -1 76.028256
136 160 -1 -1 53.759010
136 140 160 -1 77.677556
160 172 -1 -1 25.376718
159 160 172 -1 39.019766
73 77 -1 -1 63.444244
62 73 -1 -1 37.225440
62 73 77 -1 64.326215
73 89 -1 -1 53.135810
73 77 89 -1 65.162246
221 241 -1 -1 31.832571
241 244 -1 -1 27.052667
221 241 244 -1 40.608719
126 136 -1 -1 55.621825
117 126 136 -1 66.321565
99 126 -1 -1 49.310655
99 117 126 -1 57.141713
195 205 -1 -1 21.014601
205 212 -1 -1 21.562528
195 205 212 -1 24.629813
73 99 -1 -1 43.363562
73 89 99 -1 55.464293
172 190 -1 -1 22.607486
159 190 -1 -1 61.036893
159 172 190 -1 61.036893
190 195 -1 -1 31.702398
159 190 195 -1 63.093568
190 205 -1 -1 17.037160
190 195 205 -1 31.702398
99 116 -1 -1 43.667200
116 126 -1 -1 29.691670
99 116 126 -1 51.638870
221 227 -1 -1 22.591071
244 251 -1 -1 33.272197
251 259 -1 -1 41.321941
244 251 259 -1 51.656385
207 212 -1 -1 24.461066
205 207 -1 -1 16.456971
205 207 212 -1 31.305316
227 241 -1 -1 19.881088
221 227 241 -1 31.832571
212 227 -1 -1 29.997733
215 227 -1 -1 35.056766
212 215 -1 -1 59.713668
215 221 -1 -1 65.516303
212 215 227 -1 65.516303
212 221 227 -1 36.084453
215 221 227 -1 65.516303
212 215 221 -1 65.516303
212 215 221 227 65.516303
241 251 -1 -1 26.538872
241 244 251 -1 36.345230
43 62 -1 -1 37.830660
43 56 62 -1 53.675258
207 215 -1 -1 36.454658
207 212 215 -1 59.713668
259 264 -1 -1 30.678423
99 100 -1 -1 38.186260
100 116 -1 -1 33.900057
99 100 116 -1 47.920070
251 264 -1 -1 28.698248
251 259 264 -1 41.537039
116 136 -1 -1 54.027693
116 126 136 -1 61.207535
160 167 -1 -1 34.334969
167 172 -1 -1 26.419329
160 167 172 -1 41.020705
167 190 -1 -1 39.788696
167 172 190 -1 39.788696
190 207 -1 -1 33.960566
190 205 207 -1 33.984270
190 192 -1 -1 39.483349
167 192 -1 -1 44.964176
167 190 192 -1 56.280301
136 167 -1 -1 64.319101
136 160 167 -1 64.319101
43 52 -1 -1 46.676831
52 62 -1 -1 57.064714
43 52 62 -1 59.363511
73 100 -1 -1 40.429459
73 99 100 -1 49.990498
192 207 -1 -1 25.602637
190 192 207 -1 39.860136
52 73 -1 -1 44.690924
52 62 73 -1 59.886566
136 158 -1 -1 51.648135
158 167 -1 -1 24.930010
136 158 167 -1 64.697604
167 179 -1 -1 21.530948
179 192 -1 -1 24.052986
167 179 192 -1 44.964176
215 241 -1 -1 45.007418
215 227 241 -1 45.161299
239 241 -1 -1 37.168560
239 251 -1 -1 29.455096
239 241 251 -1 37.855924
43 47 -1 -1 33.940253
47 52 -1 -1 31.288230
43 47 52 -1 47.197714
239 264 -1 -1 55.918240
239 251 264 -1 57.662178
215 239 -1 -1 47.563897
215 239 241 -1 49.426522
192 215 -1 -1 36.671009
192 207 215 -1 40.455507
116 132 -1 -1 43.449036
132 136 -1 -1 54.215378
116 132 136 -1 59.635611
263 264 -1 -1 31.473794
239 263 -1 -1 45.855355
239 263 264 -1 62.067777
136 146 -1 -1 47.524764
146 158 -1 -1 25.802339
136 146 158 -1 54.697008
116 119 -1 -1 32.953048
73 95 -1 -1 57.593344
95 100 -1 -1 33.375890
73 95 100 -1 58.052180
100 119 -1 -1 37.383547
100 116 119 -1 40.185612
73 92 -1 -1 44.889080
92 95 -1 -1 38.788461
73 92 95 -1 58.050034
178 179 -1 -1 20.621547
167 178 -1 -1 33.650881
167 178 179 -1 33.650881
116 120 -1 -1 39.732544
119 120 -1 -1 32.420499
116 119 120 -1 40.715275
178 192 -1 -1 36.806276
178 179 192 -1 36.806276
158 178 -1 -1 30.995452
158 167 178 -1 40.710865
52 79 -1 -1 37.449453
73 79 -1 -1 53.060440
52 73 79 -1 65.051189
120 132 -1 -1 25.551402
116 120 132 -1 49.186854
100 120 -1 -1 49.288581
100 119 120 -1 49.288581
79 92 -1 -1 28.012583
73 79 92 -1 58.515242
192 199 -1 -1 25.707527
192 209 -1 -1 49.593805
199 209 -1 -1 15.167607
192 199 209 -1 49.593805
192 199 209 -1 49.593805
209 215 -1 -1 42.349532
192 209 215 -1 50.389120
192 209 215 -1 50.389120
230 239 -1 -1 36.020617
215 230 -1 -1 43.094864
215 230 239 -1 62.326378
100 118 -1 -1 53.938966
95 118 -1 -1 42.655503
95 100 118 -1 53.938966
118 120 -1 -1 25.502523
100 118 120 -1 56.332837
158 161 -1 -1 29.487945
161 178 -1 -1 22.691798
158 161 178 -1 38.135410
239 242 -1 -1 30.360996
215 222 -1 -1 43.541926
222 230 -1 -1 20.696594
215 222 230 -1 45.017027
66 92 -1 -1 65.778085
66 79 -1 -1 25.863257
66 79 92 -1 65.778085
66 95 -1 -1 63.864872
66 92 95 -1 68.071203
132 146 -1 -1 30.527105
132 136 146 -1 82.446378
178 199 -1 -1 32.170734
178 192 199 -1 45.547667
230 242 -1 -1 35.195399
230 239 242 -1 41.985742
95 106 -1 -1 32.612092
106 118 -1 -1 49.880157
95 106 118 -1 56.757919
146 161 -1 -1 33.893703
146 158 161 -1 37.974211
66 90 -1 -1 34.045676
90 95 -1 -1 22.462855
66 90 95 -1 63.864872
209 222 -1 -1 21.990371
209 215 222 -1 53.140669
242 263 -1 -1 38.593620
239 242 263 -1 53.796782
263 267 -1 -1 22.015307
106 120 -1 -1 37.770660
106 118 120 -1 52.674370
178 180 -1 -1 22.905512
180 199 -1 -1 26.777728
178 180 199 -1 34.196855
45 52 -1 -1 49.901769
148 161 -1 -1 38.752232
146 148 -1 -1 37.797995
146 148 161 -1 43.043194
161 180 -1 -1 28.228074
161 178 180 -1 32.137511
52 66 -1 -1 42.672356
52 66 79 -1 47.180029
267 268 -1 -1 23.714135
202 222 -1 -1 24.915321
202 230 -1 -1 48.009560
202 222 230 -1 63.747854
202 209 -1 -1 17.132577
202 209 222 -1 37.381159
242 267 -1 -1 52.967361
242 263 267 -1 53.329944
132 148 -1 -1 65.349378
132 146 148 -1 68.962132
120 127 -1 -1 50.637324
127 132 -1 -1 38.488685
120 127 132 -1 54.624672
242 268 -1 -1 52.366894
242 267 268 -1 56.449337
45 66 -1 -1 41.842776
45 52 66 -1 51.943976
106 124 -1 -1 22.009858
120 124 -1 -1 31.110386
106 120 124 -1 41.094088
127 148 -1 -1 50.903879
127 132 148 -1 65.349378
124 127 -1 -1 24.158949
120 124 127 -1 51.803153
148 180 -1 -1 48.561089
148 161 180 -1 50.155510
199 202 -1 -1 38.395141
199 202 209 -1 38.395141
180 202 -1 -1 43.055512
180 199 202 -1 43.653288
106 127 -1 -1 54.034831
106 124 127 -1 54.034831
29 -1 -1 -1 0.000000
30 -1 -1 -1 0.000000
35 -1 -1 -1 0.000000
37 -1 -1 -1 0.000000
39 -1 -1 -1 0.000000
42 -1 -1 -1 0.000000
43 -1 -1 -1 0.000000
44 -1 -1 -1 0.000000
45 -1 -1 -1 0.000000
46 -1 -1 -1 0.000000
47 -1 -1 -1 0.000000
49 -1 -1 -1 0.000000
50 -1 -1 -1 0.000000
51 -1 -1 -1 0.000000
52 -1 -1 -1 0.000000
54 -1 -1 -1 0.000000
55 -1 -1 -1 0.000000
56 -1 -1 -1 0.000000
58 -1 -1 -1 0.000000
59 -1 -1 -1 0.000000
61 -1 -1 -1 0.000000
62 -1 -1 -1 0.000000
63 -1 -1 -1 0.000000
66 -1 -1 -1 0.000000
68 -1 -1 -1 0.000000
69 -1 -1 -1 0.000000
71 -1 -1 -1 0.000000
72 -1 -1 -1 0.000000
73 -1 -1 -1 0.000000
74 -1 -1 -1 0.000000
75 -1 -1 -1 0.000000
77 -1 -1 -1 0.000000
79 -1 -1 -1 0.000000
80 -1 -1 -1 0.000000
81 -1 -1 -1 0.000000
82 -1 -1 -1 0.000000
83 -1 -1 -1 0.000000
84 -1 -1 -1 0.000000
87 -1 -1 -1 0.000000
88 -1 -1 -1 0.000000
89 -1 -1 -1 0.000000
90 -1 -1 -1 0.000000
91 -1 -1 -1 0.000000
92 -1 -1 -1 0.000000
93 -1 -1 -1 0.000000
94 -1 -1 -1 0.000000
95 -1 -1 -1 0.000000
96 -1 -1 -1 0.000000
97 -1 -1 -1 0.000000
98 -1 -1 -1 0.000000
99 -1 -1 -1 0.000000
100 -1 -1 -1 0.000000
103 -1 -1 -1 0.000000
104 -1 -1 -1 0.000000
105 -1 -1 -1 0.000000
106 -1 -1 -1 0.000000
107 -1 -1 -1 0.000000
108 -1 -1 -1 0.000000
109 -1 -1 -1 0.000000
111 -1 -1 -1 0.000000
113 -1 -1 -1 0.000000
114 -1 -1 -1 0.000000
115 -1 -1 -1 0.000000
116 -1 -1 -1 0.000000
117 -1 -1 -1 0.000000
118 -1 -1 -1 0.000000
119 -1 -1 -1 0.000000
120 -1 -1 -1 0.000000
121 -1 -1 -1 0.000000
122 -1 -1 -1 0.000000
123 -1 -1 -1 0.000000
124 -1 -1 -1 0.000000
126 -1 -1 -1 0.000000
127 -1 -1 -1 0.000000
128 -1 -1 -1 0.000000
129 -1 -1 -1 0.000000
130 -1 -1 -1 0.000000
131 -1 -1 -1 0.000000
132 -1 -1 -1 0.000000
134 -1 -1 -1 0.000000
135 -1 -1 -1 0.000000
136 -1 -1 -1 0.000000
137 -1 -1 -1 0.000000
138 -1 -1 -1 0.000000
139 -1 -1 -1 0.000000
140 -1 -1 -1 0.000000
143 -1 -1 -1 0.000000
144 -1 -1 -1 0.000000
145 -1 -1 -1 0.000000
146 -1 -1 -1 0.000000
147 -1 -1 -1 0.000000
148 -1 -1 -1 0.000000
149 -1 -1 -1 0.000000
150 -1 -1 -1 0.000000
154 -1 -1 -1 0.000000
155 -1 -1 -1 0.000000
156 -1 -1 -1 0.000000
157 -1 -1 -1 0.000000
158 -1 -1 -1 0.000000
159 -1 -1 -1 0.000000
160 -1 -1 -1 0.000000
161 -1 -1 -1 0.000000
162 -1 -1 -1 0.000000
163 -1 -1 -1 0.000000
164 -1 -1 -1 0.000000
165 -1 -1 -1 0.000000
166 -1 -1 -1 0.000000
167 -1 -1 -1 0.000000
171 -1 -1 -1 0.000000
172 -1 -1 -1 0.000000
173 -1 -1 -1 0.000000
174 -1 -1 -1 0.000000
176 -1 -1 -1 0.000000
178 -1 -1 -1 0.000000
179 -1 -1 -1 0.000000
180 -1 -1 -1 0.000000
181 -1 -1 -1 0.000000
182 -1 -1 -1 0.000000
183 -1 -1 -1 0.000000
185 -1 -1 -1 0.000000
187 -1 -1 -1 0.000000
188 -1 -1 -1 0.000000
189 -1 -1 -1 0.000000
190 -1 -1 -1 0.000000
191 -1 -1 -1 0.000000
192 -1 -1 -1 0.000000
195 -1 -1 -1 0.000000
196 -1 -1 -1 0.000000
197 -1 -1 -1 0.000000
199 -1 -1 -1 0.000000
201 -1 -1 -1 0.000000
202 -1 -1 -1 0.000000
203 -1 -1 -1 0.000000
205 -1 -1 -1 0.000000
206 -1 -1 -1 0.000000
207 -1 -1 -1 0.000000
208 -1 -1 -1 0.000000
209 -1 -1 -1 0.000000
210 -1 -1 -1 0.000000
211 -1 -1 -1 0.000000
212 -1 -1 -1 0.000000
213 -1 -1 -1 0.000000
214 -1 -1 -1 0.000000
215 -1 -1 -1 0.000000
218 -1 -1 -1 0.000000
220 -1 -1 -1 0.000000
221 -1 -1 -1 0.000000
222 -1 -1 -1 0.000000
223 -1 -1 -1 0.000000
225 -1 -1 -1 0.000000
226 -1 -1 -1 0.000000
227 -1 -1 -1 0.000000
228 -1 -1 -1 0.000000
229 -1 -1 -1 0.000000
230 -1 -1 -1 0.000000
231 -1 -1 -1 0.000000
232 -1 -1 -1 0.000000
233 -1 -1 -1 0.000000
235 -1 -1 -1 0.000000
236 -1 -1 -1 0.000000
237 -1 -1 -1 0.000000
238 -1 -1 -1 0.000000
239 -1 -1 -1 0.000000
241 -1 -1 -1 0.000000
242 -1 -1 -1 0.000000
243 -1 -1 -1 0.000000
244 -1 -1 -1 0.000000
246 -1 -1 -1 0.000000
247 -1 -1 -1 0.000000
248 -1 -1 -1 0.000000
249 -1 -1 -1 0.000000
250 -1 -1 -1 0.000000
251 -1 -1 -1 0.000000
256 -1 -1 -1 0.000000
257 -1 -1 -1 0.000000
258 -1 -1 -1 0.000000
259 -1 -1 -1 0.000000
260 -1 -1 -1 0.000000
261 -1 -1 -1 0.000000
262 -1 -1 -1 0.000000
263 -1 -1 -1 0.000000
264 -1 -1 -1 0.000000
266 -1 -1 -1 0.000000
267 -1 -1 -1 0.000000
268 -1 -1 -1 0.000000
269 -1 -1 -1 0.000000
272 -1 -1 -1 0.000000
