154 175 -1 -1 23.124212
225 238 -1 -1 28.141494
238 275 -1 -1 49.859371
126 154 -1 -1 32.390648
92 126 -1 -1 34.553816
175 191 -1 -1 28.911400
191 225 -1 -1 33.102211
121 126 -1 -1 31.998053
121 154 -1 -1 53.415278
121 126 154 -1 65.645706
330 336 -1 -1 17.638297
275 301 -1 -1 37.841965
238 248 -1 -1 45.736744
248 275 -1 -1 34.736313
238 248 275 -1 58.643193
154 166 -1 -1 27.430070
166 175 -1 -1 25.879271
154 166 175 -1 30.677565
310 330 -1 -1 27.765436
301 310 -1 -1 10.340672
336 347 -1 -1 18.653916
347 380 -1 -1 33.500237
248 301 -1 -1 65.654337
248 275 301 -1 66.691618
310 323 -1 -1 22.738955
323 330 -1 -1 24.452771
310 323 330 -1 29.681935
213 225 -1 -1 28.230563
213 238 -1 -1 53.359637
213 225 238 -1 53.884053
377 380 -1 -1 21.727324
121 166 -1 -1 52.662965
121 154 166 -1 58.910204
166 191 -1 -1 38.015390
166 175 191 -1 38.652189
323 336 -1 -1 28.275920
323 330 336 -1 43.381232
248 284 -1 -1 30.297890
284 301 -1 -1 25.997086
248 284 301 -1 65.654337
92 121 -1 -1 49.114714
92 121 126 -1 52.862229
191 213 -1 -1 32.086217
191 213 225 -1 37.750617
323 347 -1 -1 33.815145
323 336 347 -1 34.202758
347 377 -1 -1 29.962572
347 377 380 -1 37.256516
213 248 -1 -1 59.179964
213 238 248 -1 69.331218
92 98 -1 -1 21.914181
98 121 -1 -1 53.572479
92 98 121 -1 54.806317
191 209 -1 -1 27.148877
209 213 -1 -1 27.629350
191 209 213 -1 32.086217
191 192 -1 -1 29.739431
192 209 -1 -1 27.195244
191 192 209 -1 31.049502
284 310 -1 -1 29.127037
284 301 310 -1 31.361826
208 213 -1 -1 24.394934
208 248 -1 -1 49.659094
208 213 248 -1 66.385629
192 213 -1 -1 29.066335
192 209 213 -1 35.366283
166 172 -1 -1 34.145645
172 191 -1 -1 56.663700
166 172 191 -1 57.407065
310 311 -1 -1 50.072201
311 323 -1 -1 21.121363
310 311 323 -1 50.072201
172 192 -1 -1 26.468723
172 191 192 -1 57.341715
284 286 -1 -1 25.056730
286 310 -1 -1 47.575427
284 286 310 -1 48.155666
286 311 -1 -1 41.828061
286 310 311 -1 63.870256
311 347 -1 -1 32.653217
311 323 347 -1 37.782886
121 172 -1 -1 64.073377
121 166 172 -1 65.274058
248 267 -1 -1 29.312576
267 284 -1 -1 28.119300
248 267 284 -1 34.549504
208 267 -1 -1 50.973864
208 248 267 -1 61.879853
121 127 -1 -1 34.025888
347 370 -1 -1 27.412651
370 377 -1 -1 24.859423
347 370 377 -1 47.174247
192 208 -1 -1 34.173111
192 208 213 -1 39.103767
98 100 -1 -1 15.063947
100 121 -1 -1 58.001762
98 100 121 -1 70.828925
127 172 -1 -1 33.598909
121 127 172 -1 68.165675
347 362 -1 -1 39.255784
311 362 -1 -1 47.635399
311 347 362 -1 56.501085
311 347 362 -1 56.501085
362 370 -1 -1 14.317310
347 362 370 -1 39.255784
347 362 370 -1 39.255784
267 286 -1 -1 34.121260
267 284 286 -1 34.579752
208 243 -1 -1 35.780188
243 267 -1 -1 25.362984
208 243 267 -1 50.973864
243 286 -1 -1 48.044535
243 267 286 -1 60.659104
100 127 -1 -1 78.626523
100 121 127 -1 79.181179
286 319 -1 -1 35.472457
311 319 -1 -1 24.445918
286 311 319 -1 42.522424
85 100 -1 -1 22.038135
91 100 -1 -1 41.088487
91 127 -1 -1 59.683982
91 100 127 -1 78.626523
311 334 -1 -1 44.564385
334 362 -1 -1 38.253821
311 334 362 -1 48.437359
127 137 -1 -1 26.873371
91 137 -1 -1 32.030109
91 127 137 -1 59.736524
85 91 -1 -1 26.459757
85 91 100 -1 41.305766
172 192 -1 -1 45.563194
192 208 -1 -1 64.999996
172 198 -1 -1 42.123115
172 198 -1 -1 45.882893
198 208 -1 -1 56.759376
198 208 -1 -1 65.280038
208 211 -1 -1 23.780390
319 334 -1 -1 42.046928
311 319 334 -1 45.248856
211 243 -1 -1 52.463905
208 211 243 -1 52.778626
127 177 -1 -1 41.336587
172 177 -1 -1 25.814100
127 172 177 -1 45.177781
257 286 -1 -1 32.279082
257 319 -1 -1 64.944275
257 286 319 -1 65.126811
319 326 -1 -1 9.810733
137 151 -1 -1 28.831726
127 151 -1 -1 33.952329
127 137 151 -1 40.760581
304 326 -1 -1 26.259696
304 319 -1 -1 33.966559
304 319 326 -1 33.966559
177 198 -1 -1 23.230880
172 177 198 -1 42.123115
151 177 -1 -1 37.407713
127 151 177 -1 44.740219
198 211 -1 -1 27.340136
198 208 211 -1 62.553066
304 334 -1 -1 38.709525
304 319 334 -1 59.922993
243 257 -1 -1 33.079835
243 257 286 -1 48.828559
257 304 -1 -1 54.959480
257 304 319 -1 67.362253
211 237 -1 -1 23.102601
237 243 -1 -1 37.001557
211 237 243 -1 58.827559
211 216 -1 -1 27.672564
216 237 -1 -1 16.789605
211 216 237 -1 36.435319
179 198 -1 -1 42.632544
177 179 -1 -1 32.189923
177 179 198 -1 43.104704
196 198 -1 -1 29.847060
196 211 -1 -1 31.854508
196 198 211 -1 40.353367
179 196 -1 -1 23.142288
179 196 198 -1 51.753828
334 379 -1 -1 39.708107
196 216 -1 -1 26.963317
196 211 216 -1 34.686480
151 179 -1 -1 30.358209
151 177 179 -1 44.648554
196 210 -1 -1 11.385124
210 216 -1 -1 15.085971
196 210 216 -1 26.963317
257 303 -1 -1 35.980313
303 304 -1 -1 26.292602
257 303 304 -1 54.959480
237 257 -1 -1 80.426855
237 243 257 -1 80.426855
237 243 257 -1 80.426855
134 137 -1 -1 27.521332
91 134 -1 -1 34.036805
91 134 137 -1 36.870084
244 257 -1 -1 73.724664
237 244 -1 -1 14.284714
237 244 257 -1 80.455050
237 244 257 -1 80.455050
77 91 -1 -1 40.179911
334 365 -1 -1 23.912309
365 379 -1 -1 54.307404
334 365 379 -1 54.318051
257 263 -1 -1 24.139178
134 151 -1 -1 38.900269
134 137 151 -1 43.886952
345 365 -1 -1 28.340255
345 379 -1 -1 27.844336
345 365 379 -1 57.997669
129 134 -1 -1 18.303705
129 151 -1 -1 39.715338
129 134 151 -1 40.977492
331 334 -1 -1 37.847978
331 365 -1 -1 43.546024
331 334 365 -1 44.525807
331 345 -1 -1 44.658934
331 345 365 -1 45.118482
222 244 -1 -1 19.336657
222 257 -1 -1 74.721919
222 244 257 -1 80.422258
116 151 -1 -1 58.955596
116 179 -1 -1 83.534669
116 151 179 -1 96.845399
216 244 -1 -1 29.534644
216 237 244 -1 32.094247
263 304 -1 -1 57.849342
257 263 304 -1 57.941016
222 263 -1 -1 46.299511
222 257 263 -1 74.721919
91 129 -1 -1 51.300470
91 129 134 -1 51.300470
91 117 -1 -1 47.061180
77 117 -1 -1 41.235236
77 91 117 -1 47.763259
179 194 -1 -1 28.114153
194 196 -1 -1 24.894903
179 194 196 -1 32.782659
216 222 -1 -1 28.189510
216 222 244 -1 33.457525
304 331 -1 -1 28.541555
304 331 334 -1 79.535863
117 129 -1 -1 24.315928
91 117 129 -1 53.075356
281 304 -1 -1 43.007081
281 331 -1 -1 58.606410
281 304 331 -1 66.462829
116 129 -1 -1 21.179499
116 129 151 -1 58.955596
196 222 -1 -1 41.020868
196 216 222 -1 41.020868
263 281 -1 -1 29.634756
263 281 304 -1 65.885528
222 256 -1 -1 39.677965
256 263 -1 -1 28.877307
222 256 263 -1 48.233621
148 179 -1 -1 36.613564
148 194 -1 -1 41.932488
148 179 194 -1 57.182509
194 222 -1 -1 37.663695
194 196 222 -1 45.766490
221 222 -1 -1 15.049038
221 256 -1 -1 30.593870
221 222 256 -1 40.217602
345 346 -1 -1 22.389718
116 148 -1 -1 36.332853
116 148 179 -1 83.534669
281 320 -1 -1 46.457082
320 331 -1 -1 42.826995
281 320 331 -1 58.692957
320 345 -1 -1 72.846249
320 331 345 -1 73.819422
320 346 -1 -1 38.751571
320 345 346 -1 73.084327
281 287 -1 -1 18.697388
287 320 -1 -1 38.491264
281 287 320 -1 50.843874
194 221 -1 -1 39.238833
194 221 222 -1 42.188012
77 89 -1 -1 41.862954
89 117 -1 -1 23.838264
77 89 117 -1 49.449263
148 160 -1 -1 19.462010
160 194 -1 -1 50.370821
148 160 194 -1 50.698617
256 281 -1 -1 55.334311
256 263 281 -1 56.350092
182 194 -1 -1 37.463137
89 129 -1 -1 42.207692
89 117 129 -1 42.536626
194 207 -1 -1 24.407883
207 221 -1 -1 28.520447
194 207 221 -1 45.451992
160 182 -1 -1 23.620061
160 182 194 -1 54.690117
89 116 -1 -1 43.244808
89 116 129 -1 43.911532
182 207 -1 -1 22.329011
182 194 207 -1 46.541829
221 228 -1 -1 25.145710
228 256 -1 -1 33.348651
221 228 256 -1 37.306870
346 357 -1 -1 21.912795
205 221 -1 -1 34.846069
205 207 -1 -1 12.279993
205 207 221 -1 34.846069
256 276 -1 -1 31.423281
276 281 -1 -1 49.358856
256 276 281 -1 60.815705
276 287 -1 -1 31.236670
276 281 287 -1 49.358856
80 89 -1 -1 22.581320
205 228 -1 -1 33.197757
205 221 228 -1 38.357278
80 116 -1 -1 67.813281
80 89 116 -1 68.750318
320 357 -1 -1 45.496102
320 346 357 -1 45.898710
269 276 -1 -1 14.680308
269 287 -1 -1 36.531185
269 276 287 -1 36.531185
124 148 -1 -1 56.585946
124 160 -1 -1 58.734079
124 148 160 -1 64.004633
287 293 -1 -1 25.295098
293 320 -1 -1 35.813839
287 293 320 -1 47.875138
357 374 -1 -1 31.608454
116 124 -1 -1 39.023828
116 124 148 -1 72.042300
228 262 -1 -1 35.560257
256 262 -1 -1 45.830289
228 256 262 -1 45.830289
262 276 -1 -1 27.619697
256 262 276 -1 46.301100
269 293 -1 -1 37.447217
269 287 293 -1 42.122705
116 130 -1 -1 40.233008
262 269 -1 -1 25.071060
262 269 276 -1 28.700008
124 130 -1 -1 26.878398
116 124 130 -1 41.829563
124 152 -1 -1 26.121946
152 160 -1 -1 37.768876
124 152 160 -1 58.734079
182 205 -1 -1 30.850380
182 205 207 -1 38.569403
203 205 -1 -1 26.195601
203 228 -1 -1 40.894282
203 205 228 -1 44.924191
153 160 -1 -1 30.085084
153 182 -1 -1 39.127749
153 160 182 -1 41.709978
114 116 -1 -1 64.626340
114 130 -1 -1 24.285494
114 116 130 -1 64.626340
320 333 -1 -1 37.213238
333 357 -1 -1 41.385664
320 333 357 -1 54.458628
114 124 -1 -1 23.792103
114 124 130 -1 42.411152
228 240 -1 -1 25.949764
293 333 -1 -1 41.092178
293 320 333 -1 43.416297
228 234 -1 -1 24.800636
240 262 -1 -1 19.536427
228 240 262 -1 36.379514
203 234 -1 -1 27.568408
203 228 234 -1 41.953976
152 153 -1 -1 16.865738
152 153 160 -1 45.088099
153 178 -1 -1 23.858948
178 182 -1 -1 38.077741
153 178 182 -1 47.514713
234 240 -1 -1 12.186052
228 234 240 -1 30.862779
182 203 -1 -1 41.375116
182 203 205 -1 48.251457
269 273 -1 -1 15.364923
273 293 -1 -1 46.225945
269 273 293 -1 46.225945
333 374 -1 -1 42.434538
333 357 374 -1 45.679397
273 294 -1 -1 34.513536
293 294 -1 -1 31.339690
273 293 294 -1 46.484326
178 203 -1 -1 32.976331
178 182 203 -1 42.999145
229 240 -1 -1 15.669706
229 262 -1 -1 39.225984
229 240 262 -1 39.225984
229 269 -1 -1 43.342178
229 262 269 -1 48.205715
273 289 -1 -1 25.260521
289 294 -1 -1 6.141732
273 289 294 -1 35.011832
294 296 -1 -1 6.462326
293 296 -1 -1 26.866943
293 294 296 -1 33.076963
289 296 -1 -1 8.123336
289 294 296 -1 9.693959
229 273 -1 -1 37.803962
229 269 273 -1 44.390443
293 298 -1 -1 24.101316
298 333 -1 -1 34.525713
293 298 333 -1 43.416649
296 298 -1 -1 42.144167
293 296 298 -1 42.687331
333 352 -1 -1 35.202897
352 374 -1 -1 39.502838
333 352 374 -1 44.505774
273 278 -1 -1 15.991098
278 289 -1 -1 14.339449
273 278 289 -1 25.322303
278 296 -1 -1 25.146837
278 289 296 -1 25.146837
203 240 -1 -1 40.618152
203 234 240 -1 41.773245
278 298 -1 -1 42.477976
278 296 298 -1 44.777199
124 153 -1 -1 41.399746
124 152 153 -1 41.399746
106 114 -1 -1 26.551485
106 124 -1 -1 40.258548
106 114 124 -1 40.880923
203 204 -1 -1 21.447080
178 204 -1 -1 30.303028
178 203 204 -1 35.288184
203 229 -1 -1 42.647399
203 229 240 -1 44.657220
204 229 -1 -1 35.316561
203 204 229 -1 45.731967
124 140 -1 -1 24.794797
140 153 -1 -1 31.679057
124 140 153 -1 51.564661
153 168 -1 -1 30.027014
168 178 -1 -1 19.280223
153 168 178 -1 40.738694
246 273 -1 -1 33.080942
246 278 -1 -1 39.963916
246 273 278 -1 39.963916
371 374 -1 -1 62.376061
229 246 -1 -1 15.343631
229 246 273 -1 42.306442
298 327 -1 -1 27.525405
327 333 -1 -1 29.727095
298 327 333 -1 48.451631
140 168 -1 -1 39.581573
140 153 168 -1 43.712411
246 266 -1 -1 30.763504
266 278 -1 -1 27.041808
246 266 278 -1 40.021933
278 291 -1 -1 41.911940
291 298 -1 -1 25.338899
278 291 298 -1 45.828591
113 124 -1 -1 36.290256
113 140 -1 -1 33.102315
113 124 140 -1 45.201299
168 204 -1 -1 35.921732
168 178 204 -1 37.382593
327 352 -1 -1 42.173376
327 333 352 -1 43.828452
352 371 -1 -1 36.921018
352 371 374 -1 62.376061
266 291 -1 -1 39.241646
266 278 291 -1 47.569855
140 141 -1 -1 15.341644
141 168 -1 -1 35.063658
140 141 168 -1 40.292087
204 212 -1 -1 17.581952
212 229 -1 -1 42.016039
204 212 229 -1 46.701131
106 113 -1 -1 19.493432
106 113 124 -1 64.007563
168 187 -1 -1 23.224835
187 204 -1 -1 26.854693
168 187 204 -1 44.425662
291 327 -1 -1 33.898093
291 298 327 -1 36.845410
229 231 -1 -1 31.140010
231 246 -1 -1 21.759239
229 231 246 -1 31.140010
212 231 -1 -1 21.018164
212 229 231 -1 46.827565
113 141 -1 -1 36.167036
113 140 141 -1 36.510325
187 212 -1 -1 26.260572
187 204 212 -1 28.232419
158 168 -1 -1 34.300448
113 125 -1 -1 21.442721
125 141 -1 -1 30.159851
113 125 141 -1 37.806070
158 187 -1 -1 30.217394
158 168 187 -1 42.798432
141 145 -1 -1 16.562357
145 168 -1 -1 38.756494
141 145 168 -1 40.214885
145 158 -1 -1 21.560449
145 158 168 -1 42.176597
327 335 -1 -1 22.091988
335 352 -1 -1 36.457829
327 335 352 -1 50.484992
246 258 -1 -1 23.157529
258 266 -1 -1 40.906668
246 258 266 -1 43.665073
291 335 -1 -1 53.462158
291 327 335 -1 71.733022
231 258 -1 -1 26.074433
231 246 258 -1 27.098112
102 113 -1 -1 25.686534
255 266 -1 -1 23.436311
255 258 -1 -1 14.653655
255 258 266 -1 41.246672
266 279 -1 -1 20.982080
255 279 -1 -1 18.333506
255 266 279 -1 23.436311
187 189 -1 -1 18.244675
189 212 -1 -1 32.922344
187 189 212 -1 32.922344
291 292 -1 -1 17.996990
212 223 -1 -1 20.266470
223 231 -1 -1 27.397511
212 223 231 -1 27.397511
292 335 -1 -1 44.024239
291 292 335 -1 53.462158
189 223 -1 -1 39.498237
189 212 223 -1 48.011904
266 292 -1 -1 43.222405
266 291 292 -1 44.466253
230 231 -1 -1 21.866247
223 230 -1 -1 5.992949
223 230 231 -1 28.107946
335 371 -1 -1 59.831575
335 352 371 -1 59.831575
231 255 -1 -1 26.915847
231 255 258 -1 28.643919
231 245 -1 -1 26.451552
102 125 -1 -1 32.880351
102 113 125 -1 32.962094
245 255 -1 -1 17.655179
231 245 255 -1 27.444113
125 145 -1 -1 29.168424
125 141 145 -1 31.071390
158 189 -1 -1 30.607738
158 187 189 -1 31.429096
266 268 -1 -1 35.246105
268 292 -1 -1 36.655239
266 268 292 -1 50.154290
102 109 -1 -1 14.851296
109 125 -1 -1 27.375773
102 109 125 -1 33.081010
230 232 -1 -1 14.286838
231 232 -1 -1 22.208022
230 231 232 -1 24.436849
232 245 -1 -1 17.563653
231 232 245 -1 32.114563
268 279 -1 -1 25.464075
266 268 279 -1 35.246105
292 302 -1 -1 19.900640
302 335 -1 -1 32.170558
292 302 335 -1 46.944226
360 371 -1 -1 49.041791
335 360 -1 -1 21.400526
335 360 371 -1 63.595623
189 206 -1 -1 14.309670
206 223 -1 -1 26.235063
189 206 223 -1 39.498237
223 232 -1 -1 14.985265
223 230 232 -1 16.408511
255 268 -1 -1 31.150278
255 268 279 -1 31.677142
128 145 -1 -1 37.263913
125 128 -1 -1 27.710116
125 128 145 -1 41.923453
206 217 -1 -1 12.466460
217 223 -1 -1 14.385428
206 217 223 -1 26.235063
217 232 -1 -1 13.445363
217 223 232 -1 17.858185
302 353 -1 -1 53.833254
335 353 -1 -1 22.203692
302 335 353 -1 59.798165
353 360 -1 -1 17.539914
335 353 360 -1 23.221858
125 135 -1 -1 21.654805
143 145 -1 -1 36.090597
143 158 -1 -1 36.524405
143 145 158 -1 51.432991
268 302 -1 -1 47.811047
268 292 302 -1 50.317350
354 360 -1 -1 12.618231
109 135 -1 -1 24.811817
109 125 135 -1 34.069416
128 135 -1 -1 19.780415
125 128 135 -1 27.710116
245 268 -1 -1 45.249379
245 255 268 -1 45.415942
353 354 -1 -1 4.616176
353 354 360 -1 17.876627
128 143 -1 -1 24.631747
128 143 145 -1 38.736159
354 367 -1 -1 10.092635
360 367 -1 -1 8.469130
354 360 367 -1 12.618231
367 371 -1 -1 56.316165
360 367 371 -1 58.986465
232 241 -1 -1 11.916814
241 245 -1 -1 15.965419
232 241 245 -1 17.914144
302 317 -1 -1 15.091143
317 353 -1 -1 44.699484
302 317 353 -1 53.848048
109 112 -1 -1 19.013606
112 135 -1 -1 36.431425
109 112 135 -1 39.232518
343 371 -1 -1 51.726349
343 367 -1 -1 36.014646
343 367 371 -1 56.763309
158 171 -1 -1 32.630608
171 189 -1 -1 35.200469
158 171 189 -1 37.028957
343 354 -1 -1 30.977129
343 354 367 -1 38.918840
317 354 -1 -1 39.585240
317 353 354 -1 47.475727
112 128 -1 -1 28.961948
112 128 135 -1 36.431425
217 219 -1 -1 9.625865
219 232 -1 -1 21.178112
217 219 232 -1 21.776614
214 232 -1 -1 33.265761
214 241 -1 -1 21.134476
214 232 241 -1 33.265761
190 206 -1 -1 23.347008
190 217 -1 -1 35.640407
190 206 217 -1 35.671018
214 219 -1 -1 40.492510
214 219 232 -1 40.492510
189 190 -1 -1 28.289780
189 190 206 -1 28.289780
143 171 -1 -1 26.361298
143 158 171 -1 38.449271
190 219 -1 -1 32.716969
190 217 219 -1 35.747346
214 245 -1 -1 26.949273
214 268 -1 -1 47.127252
214 245 268 -1 53.814735
317 343 -1 -1 32.250558
317 343 354 -1 39.585240
268 280 -1 -1 22.212664
214 241 245 -1 27.283316
280 302 -1 -1 40.312186
268 280 302 -1 53.581624
171 190 -1 -1 25.193793
171 189 190 -1 38.832835
190 214 -1 -1 46.267905
190 214 219 -1 47.270767
280 317 -1 -1 42.794837
280 302 317 -1 46.007264
214 280 -1 -1 59.944076
214 268 280 -1 61.780807
356 371 -1 -1 57.782997
343 356 -1 -1 28.776608
343 356 371 -1 63.564225
317 332 -1 -1 16.139926
332 343 -1 -1 38.525314
317 332 343 -1 41.217388
97 112 -1 -1 19.495992
97 128 -1 -1 35.175051
97 112 128 -1 37.254330
274 317 -1 -1 46.315855
274 332 -1 -1 71.064979
274 317 332 -1 79.102237
274 280 -1 -1 20.662193
214 274 -1 -1 65.445685
214 274 280 -1 65.933621
274 280 317 -1 48.400586
150 171 -1 -1 27.605066
150 190 -1 -1 47.677386
150 171 190 -1 51.842552
128 138 -1 -1 29.522078
138 143 -1 -1 31.758512
128 138 143 -1 49.058922
143 150 -1 -1 30.828344
143 150 171 -1 37.094018
174 190 -1 -1 36.457430
174 214 -1 -1 68.175167
174 190 214 -1 68.385114
199 214 -1 -1 44.937169
97 138 -1 -1 37.585269
97 128 138 -1 43.316654
214 259 -1 -1 33.105747
259 274 -1 -1 46.590469
214 259 274 -1 69.587504
174 199 -1 -1 26.226919
174 199 214 -1 68.697277
214 227 -1 -1 26.871901
199 227 -1 -1 28.858649
199 214 227 -1 48.233073
150 174 -1 -1 30.321859
150 174 190 -1 48.048311
138 150 -1 -1 26.770382
138 143 150 -1 37.181021
325 332 -1 -1 27.103404
325 343 -1 -1 38.625633
325 332 343 -1 45.663023
214 252 -1 -1 30.268687
252 259 -1 -1 16.662646
214 252 259 -1 33.833736
274 325 -1 -1 51.071163
274 325 332 -1 71.064979
227 252 -1 -1 23.974638
214 227 252 -1 31.032957
83 97 -1 -1 19.924145
83 138 -1 -1 55.471146
83 97 138 -1 56.013049
150 157 -1 -1 18.206779
157 174 -1 -1 26.947073
150 157 174 -1 46.877797
274 309 -1 -1 27.216797
309 325 -1 -1 27.218809
274 309 325 -1 51.361992
274 308 -1 -1 20.643487
325 356 -1 -1 52.766524
325 343 356 -1 52.766524
308 309 -1 -1 16.588435
274 308 309 -1 27.216797
227 251 -1 -1 21.961214
251 252 -1 -1 12.961781
227 251 252 -1 24.068563
251 259 -1 -1 19.301247
251 252 259 -1 20.426867
199 224 -1 -1 22.762689
224 227 -1 -1 23.831979
199 224 227 -1 30.644684
348 356 -1 -1 34.154767
103 138 -1 -1 73.107555
254 259 -1 -1 37.527817
254 274 -1 -1 36.874336
254 259 274 -1 48.025756
83 103 -1 -1 29.282868
83 103 138 -1 73.107555
103 150 -1 -1 83.839107
103 138 150 -1 85.668635
325 348 -1 -1 27.808437
325 348 356 -1 61.614772
103 131 -1 -1 25.177440
131 150 -1 -1 45.788734
103 131 150 -1 83.839107
251 254 -1 -1 49.994152
251 254 259 -1 52.667613
195 199 -1 -1 30.126297
195 224 -1 -1 43.726472
195 199 224 -1 50.672918
309 321 -1 -1 10.667716
321 325 -1 -1 28.837482
309 321 325 -1 29.312465
131 157 -1 -1 38.930689
131 150 157 -1 46.514576
274 305 -1 -1 44.531513
305 309 -1 -1 18.788225
274 305 309 -1 46.225379
318 321 -1 -1 8.297250
318 325 -1 -1 27.470690
318 321 325 -1 31.185268
224 235 -1 -1 28.036794
227 235 -1 -1 25.309620
224 227 235 -1 28.704091
131 132 -1 -1 22.032939
132 157 -1 -1 38.019285
131 132 157 -1 44.959312
227 254 -1 -1 64.976390
227 251 254 -1 65.273057
348 349 -1 -1 12.920658
254 305 -1 -1 52.655033
254 274 305 -1 53.843433
309 318 -1 -1 22.766954
309 318 321 -1 22.766954
305 318 -1 -1 18.569516
305 309 318 -1 23.981268
315 325 -1 -1 29.012281
315 318 -1 -1 16.283985
315 318 325 -1 31.613459
348 375 -1 -1 20.328850
349 375 -1 -1 20.848452
348 349 375 -1 22.129650
235 254 -1 -1 47.299445
227 235 254 -1 65.661952
305 306 -1 -1 7.250383
306 318 -1 -1 18.474705
305 306 318 -1 20.277374
83 86 -1 -1 27.193567
132 155 -1 -1 24.756474
155 157 -1 -1 28.093197
132 155 157 -1 38.019285
195 235 -1 -1 49.680127
195 224 235 -1 50.140128
157 167 -1 -1 19.327700
167 174 -1 -1 49.005067
157 167 174 -1 51.991796
254 306 -1 -1 50.815581
254 305 306 -1 55.364067
325 349 -1 -1 40.776371
325 348 349 -1 40.776371
174 195 -1 -1 39.298722
174 195 199 -1 58.180243
315 349 -1 -1 31.905998
315 325 349 -1 43.444642
306 315 -1 -1 42.661723
306 315 318 -1 43.132317
86 103 -1 -1 23.506276
83 86 103 -1 37.163088
103 132 -1 -1 48.349749
103 131 132 -1 48.349749
77 -1 -1 -1 0.000000
80 -1 -1 -1 0.000000
83 -1 -1 -1 0.000000
85 -1 -1 -1 0.000000
86 -1 -1 -1 0.000000
89 -1 -1 -1 0.000000
91 -1 -1 -1 0.000000
92 -1 -1 -1 0.000000
97 -1 -1 -1 0.000000
98 -1 -1 -1 0.000000
100 -1 -1 -1 0.000000
102 -1 -1 -1 0.000000
103 -1 -1 -1 0.000000
106 -1 -1 -1 0.000000
109 -1 -1 -1 0.000000
112 -1 -1 -1 0.000000
113 -1 -1 -1 0.000000
114 -1 -1 -1 0.000000
116 -1 -1 -1 0.000000
117 -1 -1 -1 0.000000
121 -1 -1 -1 0.000000
124 -1 -1 -1 0.000000
125 -1 -1 -1 0.000000
126 -1 -1 -1 0.000000
127 -1 -1 -1 0.000000
128 -1 -1 -1 0.000000
129 -1 -1 -1 0.000000
130 -1 -1 -1 0.000000
131 -1 -1 -1 0.000000
132 -1 -1 -1 0.000000
134 -1 -1 -1 0.000000
135 -1 -1 -1 0.000000
137 -1 -1 -1 0.000000
138 -1 -1 -1 0.000000
140 -1 -1 -1 0.000000
141 -1 -1 -1 0.000000
143 -1 -1 -1 0.000000
145 -1 -1 -1 0.000000
148 -1 -1 -1 0.000000
150 -1 -1 -1 0.000000
151 -1 -1 -1 0.000000
152 -1 -1 -1 0.000000
153 -1 -1 -1 0.000000
154 -1 -1 -1 0.000000
155 -1 -1 -1 0.000000
157 -1 -1 -1 0.000000
158 -1 -1 -1 0.000000
160 -1 -1 -1 0.000000
166 -1 -1 -1 0.000000
167 -1 -1 -1 0.000000
168 -1 -1 -1 0.000000
171 -1 -1 -1 0.000000
172 -1 -1 -1 0.000000
174 -1 -1 -1 0.000000
175 -1 -1 -1 0.000000
177 -1 -1 -1 0.000000
178 -1 -1 -1 0.000000
179 -1 -1 -1 0.000000
182 -1 -1 -1 0.000000
187 -1 -1 -1 0.000000
189 -1 -1 -1 0.000000
190 -1 -1 -1 0.000000
191 -1 -1 -1 0.000000
192 -1 -1 -1 0.000000
194 -1 -1 -1 0.000000
195 -1 -1 -1 0.000000
196 -1 -1 -1 0.000000
198 -1 -1 -1 0.000000
199 -1 -1 -1 0.000000
203 -1 -1 -1 0.000000
204 -1 -1 -1 0.000000
205 -1 -1 -1 0.000000
206 -1 -1 -1 0.000000
207 -1 -1 -1 0.000000
208 -1 -1 -1 0.000000
209 -1 -1 -1 0.000000
210 -1 -1 -1 0.000000
211 -1 -1 -1 0.000000
212 -1 -1 -1 0.000000
213 -1 -1 -1 0.000000
214 -1 -1 -1 0.000000
216 -1 -1 -1 0.000000
217 -1 -1 -1 0.000000
219 -1 -1 -1 0.000000
221 -1 -1 -1 0.000000
222 -1 -1 -1 0.000000
223 -1 -1 -1 0.000000
224 -1 -1 -1 0.000000
225 -1 -1 -1 0.000000
227 -1 -1 -1 0.000000
228 -1 -1 -1 0.000000
229 -1 -1 -1 0.000000
230 -1 -1 -1 0.000000
231 -1 -1 -1 0.000000
232 -1 -1 -1 0.000000
234 -1 -1 -1 0.000000
235 -1 -1 -1 0.000000
237 -1 -1 -1 0.000000
238 -1 -1 -1 0.000000
240 -1 -1 -1 0.000000
241 -1 -1 -1 0.000000
243 -1 -1 -1 0.000000
244 -1 -1 -1 0.000000
245 -1 -1 -1 0.000000
246 -1 -1 -1 0.000000
248 -1 -1 -1 0.000000
251 -1 -1 -1 0.000000
252 -1 -1 -1 0.000000
254 -1 -1 -1 0.000000
255 -1 -1 -1 0.000000
256 -1 -1 -1 0.000000
257 -1 -1 -1 0.000000
258 -1 -1 -1 0.000000
259 -1 -1 -1 0.000000
262 -1 -1 -1 0.000000
263 -1 -1 -1 0.000000
266 -1 -1 -1 0.000000
267 -1 -1 -1 0.000000
268 -1 -1 -1 0.000000
269 -1 -1 -1 0.000000
273 -1 -1 -1 0.000000
274 -1 -1 -1 0.000000
275 -1 -1 -1 0.000000
276 -1 -1 -1 0.000000
278 -1 -1 -1 0.000000
279 -1 -1 -1 0.000000
280 -1 -1 -1 0.000000
281 -1 -1 -1 0.000000
284 -1 -1 -1 0.000000
286 -1 -1 -1 0.000000
287 -1 -1 -1 0.000000
289 -1 -1 -1 0.000000
291 -1 -1 -1 0.000000
292 -1 -1 -1 0.000000
293 -1 -1 -1 0.000000
294 -1 -1 -1 0.000000
296 -1 -1 -1 0.000000
298 -1 -1 -1 0.000000
301 -1 -1 -1 0.000000
302 -1 -1 -1 0.000000
303 -1 -1 -1 0.000000
304 -1 -1 -1 0.000000
305 -1 -1 -1 0.000000
306 -1 -1 -1 0.000000
308 -1 -1 -1 0.000000
309 -1 -1 -1 0.000000
310 -1 -1 -1 0.000000
311 -1 -1 -1 0.000000
315 -1 -1 -1 0.000000
317 -1 -1 -1 0.000000
318 -1 -1 -1 0.000000
319 -1 -1 -1 0.000000
320 -1 -1 -1 0.000000
321 -1 -1 -1 0.000000
323 -1 -1 -1 0.000000
325 -1 -1 -1 0.000000
326 -1 -1 -1 0.000000
327 -1 -1 -1 0.000000
330 -1 -1 -1 0.000000
331 -1 -1 -1 0.000000
332 -1 -1 -1 0.000000
333 -1 -1 -1 0.000000
334 -1 -1 -1 0.000000
335 -1 -1 -1 0.000000
336 -1 -1 -1 0.000000
343 -1 -1 -1 0.000000
345 -1 -1 -1 0.000000
346 -1 -1 -1 0.000000
347 -1 -1 -1 0.000000
348 -1 -1 -1 0.000000
349 -1 -1 -1 0.000000
352 -1 -1 -1 0.000000
353 -1 -1 -1 0.000000
354 -1 -1 -1 0.000000
356 -1 -1 -1 0.000000
357 -1 -1 -1 0.000000
360 -1 -1 -1 0.000000
362 -1 -1 -1 0.000000
365 -1 -1 -1 0.000000
367 -1 -1 -1 0.000000
370 -1 -1 -1 0.000000
371 -1 -1 -1 0.000000
374 -1 -1 -1 0.000000
375 -1 -1 -1 0.000000
377 -1 -1 -1 0.000000
379 -1 -1 -1 0.000000
380 -1 -1 -1 0.000000
