135 143 -1 -1 27.669625
135 163 -1 -1 49.679855
68 83 -1 -1 24.744134
165 172 -1 -1 46.477441
163 172 -1 -1 20.655782
142 143 -1 -1 24.005674
135 142 -1 -1 23.259836
135 142 143 -1 29.972867
163 165 -1 -1 44.006628
163 165 172 -1 50.079789
25 44 -1 -1 59.779773
44 59 -1 -1 77.671361
83 84 -1 -1 21.376107
68 84 -1 -1 34.472909
68 83 84 -1 34.999837
84 87 -1 -1 41.627020
59 68 -1 -1 50.759843
87 135 -1 -1 90.546263
147 163 -1 -1 83.816786
135 147 -1 -1 50.703179
135 147 163 -1 83.816786
44 47 -1 -1 58.348597
59 84 -1 -1 67.759396
59 68 84 -1 68.837399
125 135 -1 -1 52.676054
87 125 -1 -1 66.828368
87 125 135 -1 90.546263
147 165 -1 -1 63.278981
147 163 165 -1 84.860000
47 59 -1 -1 47.660548
44 47 59 -1 77.671361
197 199 -1 -1 35.032243
25 47 -1 -1 42.415604
25 44 47 -1 64.562727
165 197 -1 -1 67.990156
87 102 -1 -1 37.987799
165 174 -1 -1 30.330079
59 87 -1 -1 88.484766
59 84 87 -1 88.484766
165 190 -1 -1 51.833368
190 197 -1 -1 42.118048
165 190 197 -1 74.541172
135 146 -1 -1 47.674721
146 147 -1 -1 37.170784
135 146 147 -1 53.515555
174 190 -1 -1 30.506512
165 174 190 -1 51.904127
197 211 -1 -1 48.310402
102 125 -1 -1 52.276974
87 102 125 -1 72.047285
222 235 -1 -1 31.701105
211 222 -1 -1 23.684410
197 198 -1 -1 31.021497
190 198 -1 -1 19.708019
190 197 198 -1 42.271912
125 146 -1 -1 51.805227
125 135 146 -1 66.460025
87 93 -1 -1 60.946208
93 102 -1 -1 37.881617
87 93 102 -1 60.946208
59 78 -1 -1 54.081181
78 87 -1 -1 93.225781
59 78 87 -1 107.971060
165 166 -1 -1 75.113225
166 174 -1 -1 31.890646
165 166 174 -1 75.113225
147 166 -1 -1 30.787095
147 165 166 -1 84.434308
15 25 -1 -1 56.877879
125 147 -1 -1 62.128281
125 146 147 -1 62.128281
78 93 -1 -1 28.935506
78 87 93 -1 95.222581
169 174 -1 -1 43.744165
169 190 -1 -1 51.040367
169 174 190 -1 54.830593
197 201 -1 -1 44.221939
169 197 -1 -1 62.026937
169 190 197 -1 64.917687
201 211 -1 -1 36.085157
197 201 211 -1 54.138789
125 136 -1 -1 59.723838
136 147 -1 -1 48.871623
125 136 147 -1 77.829465
47 56 -1 -1 41.961362
56 59 -1 -1 65.032056
47 56 59 -1 69.105171
166 169 -1 -1 71.300549
166 169 174 -1 74.526732
169 201 -1 -1 56.265408
169 197 201 -1 70.269279
102 118 -1 -1 43.765866
118 125 -1 -1 45.510234
102 118 125 -1 69.367827
100 102 -1 -1 34.740444
100 118 -1 -1 33.849985
100 102 118 -1 47.252192
147 169 -1 -1 80.523969
147 166 169 -1 82.973984
93 100 -1 -1 30.916089
93 100 102 -1 54.692493
222 226 -1 -1 31.603900
21 25 -1 -1 76.932684
15 21 -1 -1 43.617321
15 21 25 -1 82.541069
59 63 -1 -1 65.087145
211 226 -1 -1 42.495893
211 222 226 -1 42.495893
47 48 -1 -1 73.167872
48 56 -1 -1 84.528246
47 48 56 -1 87.922071
63 78 -1 -1 34.777662
59 63 78 -1 65.087145
48 59 -1 -1 85.540852
48 56 59 -1 86.469402
201 226 -1 -1 81.629267
201 211 226 -1 81.629267
48 63 -1 -1 66.824806
48 59 63 -1 91.725700
201 217 -1 -1 47.157276
217 226 -1 -1 38.667070
201 217 226 -1 83.139941
25 48 -1 -1 96.415544
25 47 48 -1 96.415544
25 41 -1 -1 88.080529
21 41 -1 -1 31.599899
21 25 41 -1 88.080529
93 95 -1 -1 82.792839
78 95 -1 -1 54.381498
78 93 95 -1 87.966182
95 100 -1 -1 43.112164
93 95 100 -1 82.792839
41 48 -1 -1 31.796702
25 41 48 -1 103.052142
118 136 -1 -1 52.988820
118 125 136 -1 64.141825
100 108 -1 -1 19.791599
108 118 -1 -1 23.615296
100 108 118 -1 34.230267
147 161 -1 -1 61.058754
161 169 -1 -1 40.737149
147 161 169 -1 86.188097
136 161 -1 -1 59.076638
136 147 161 -1 68.657696
63 64 -1 -1 26.240522
48 64 -1 -1 37.949558
48 63 64 -1 66.824806
116 118 -1 -1 84.893651
169 200 -1 -1 70.725420
200 201 -1 -1 42.854071
169 200 201 -1 75.797081
108 116 -1 -1 111.760334
108 116 118 -1 112.757697
116 136 -1 -1 46.981507
116 118 136 -1 84.893651
116 118 136 -1 84.893651
116 132 -1 -1 26.258963
132 136 -1 -1 38.828366
116 132 136 -1 47.900201
116 132 136 -1 84.007300
200 217 -1 -1 52.854873
200 201 217 -1 53.090477
136 154 -1 -1 43.649558
154 161 -1 -1 27.678519
136 154 161 -1 59.459550
217 228 -1 -1 37.162570
100 116 -1 -1 109.858576
100 108 116 -1 116.930124
78 85 -1 -1 58.569182
63 85 -1 -1 41.876624
63 78 85 -1 61.235654
100 115 -1 -1 62.516323
115 116 -1 -1 68.256417
100 115 116 -1 109.858576
85 95 -1 -1 40.145886
78 85 95 -1 68.484785
95 115 -1 -1 42.888387
95 100 115 -1 63.397607
161 187 -1 -1 50.385069
169 187 -1 -1 53.402486
161 169 187 -1 53.483879
187 200 -1 -1 48.779983
169 187 200 -1 73.591089
63 86 -1 -1 51.330455
85 86 -1 -1 32.688600
63 85 86 -1 58.250738
217 218 -1 -1 88.407931
200 218 -1 -1 76.052719
200 217 218 -1 99.026995
218 228 -1 -1 50.713229
217 218 228 -1 88.433187
48 62 -1 -1 50.618700
62 64 -1 -1 51.725269
48 62 64 -1 64.853339
86 95 -1 -1 33.030377
85 86 95 -1 43.768258
62 63 -1 -1 53.878350
62 63 64 -1 56.894590
154 158 -1 -1 23.897154
158 161 -1 -1 34.600653
154 158 161 -1 47.071963
95 107 -1 -1 37.681804
107 115 -1 -1 43.480337
95 107 115 -1 46.242140
116 154 -1 -1 67.292754
116 136 154 -1 73.864268
115 122 -1 -1 54.916890
116 122 -1 -1 37.300180
115 116 122 -1 69.454317
116 158 -1 -1 79.693997
116 154 158 -1 80.137100
161 176 -1 -1 55.200113
158 176 -1 -1 39.901870
158 161 176 -1 55.200113
176 187 -1 -1 25.552353
161 176 187 -1 62.162044
228 236 -1 -1 24.319723
107 122 -1 -1 29.995529
107 115 122 -1 56.335264
200 202 -1 -1 30.607411
200 216 -1 -1 48.787234
216 218 -1 -1 71.645126
200 216 218 -1 76.052719
202 216 -1 -1 30.235281
200 202 216 -1 50.265452
21 31 -1 -1 55.707130
116 156 -1 -1 73.201964
156 158 -1 -1 30.685452
116 156 158 -1 82.426801
202 218 -1 -1 46.663606
202 216 218 -1 71.645126
195 200 -1 -1 67.488617
176 195 -1 -1 46.098000
187 195 -1 -1 47.255609
176 200 -1 -1 71.580742
176 195 200 -1 71.580742
187 195 200 -1 71.580742
176 187 195 -1 55.575808
176 187 200 -1 71.580742
176 187 195 200 71.580742
218 236 -1 -1 39.522084
218 228 236 -1 51.020239
195 202 -1 -1 28.690644
195 200 202 -1 67.488617
63 80 -1 -1 82.816223
63 89 -1 -1 95.802536
86 89 -1 -1 21.794240
63 86 89 -1 96.339760
62 80 -1 -1 48.894283
62 63 80 -1 83.234095
80 89 -1 -1 27.479725
63 80 89 -1 97.328585
158 173 -1 -1 23.589527
173 176 -1 -1 37.411765
158 173 176 -1 60.076933
156 173 -1 -1 27.640917
156 158 173 -1 37.352897
21 39 -1 -1 81.329602
39 41 -1 -1 56.202024
21 39 41 -1 81.757344
31 39 -1 -1 34.383258
21 31 39 -1 86.393012
39 48 -1 -1 83.842616
39 41 48 -1 84.194619
22 31 -1 -1 19.301477
22 28 -1 -1 11.039724
28 31 -1 -1 17.638611
22 28 31 -1 20.404063
176 179 -1 -1 22.540067
48 50 -1 -1 85.844661
50 62 -1 -1 43.625271
48 50 62 -1 91.340812
86 92 -1 -1 81.359647
92 95 -1 -1 79.713226
86 92 95 -1 85.019384
173 179 -1 -1 28.453443
173 176 179 -1 38.638901
89 92 -1 -1 60.983238
86 89 92 -1 82.256370
202 209 -1 -1 53.855710
28 39 -1 -1 44.381917
28 31 39 -1 44.566240
179 195 -1 -1 40.282619
176 179 195 -1 46.098000
195 209 -1 -1 49.004292
195 202 209 -1 70.961885
209 218 -1 -1 43.409490
202 209 218 -1 54.991912
39 50 -1 -1 41.722574
39 48 50 -1 103.479433
62 67 -1 -1 46.577315
92 107 -1 -1 64.089427
92 95 107 -1 90.429712
67 80 -1 -1 28.625054
62 67 80 -1 51.601380
156 179 -1 -1 45.217385
156 173 179 -1 45.217385
116 133 -1 -1 63.198193
28 37 -1 -1 31.634698
37 39 -1 -1 20.092291
28 37 39 -1 44.922857
39 45 -1 -1 75.411724
45 50 -1 -1 45.908270
39 45 50 -1 91.308581
179 193 -1 -1 32.587294
193 195 -1 -1 22.633137
179 193 195 -1 42.425506
133 156 -1 -1 43.681269
116 133 156 -1 88.776091
122 133 -1 -1 80.434273
116 122 133 -1 80.434273
156 160 -1 -1 37.408112
160 179 -1 -1 28.057906
156 160 179 -1 48.799179
50 60 -1 -1 54.499484
60 62 -1 -1 65.524156
50 60 62 -1 84.950082
80 92 -1 -1 41.764886
80 89 92 -1 62.625826
117 122 -1 -1 43.117458
107 117 -1 -1 47.778047
107 117 122 -1 47.778047
181 193 -1 -1 37.565380
181 195 -1 -1 73.361058
181 193 195 -1 75.397065
37 45 -1 -1 61.698581
37 39 45 -1 75.725531
133 160 -1 -1 48.132896
133 156 160 -1 68.770427
122 130 -1 -1 36.023155
130 133 -1 -1 96.891407
122 130 133 -1 99.384977
37 43 -1 -1 15.329245
92 117 -1 -1 63.188237
92 107 117 -1 67.024139
160 193 -1 -1 58.813211
160 179 193 -1 61.110363
119 122 -1 -1 46.785749
117 119 -1 -1 22.739559
117 119 122 -1 49.153345
119 130 -1 -1 20.201841
119 122 130 -1 46.785749
160 181 -1 -1 66.194733
160 181 193 -1 69.823028
181 209 -1 -1 69.818808
181 195 209 -1 77.224375
43 45 -1 -1 32.295622
37 43 45 -1 61.963124
92 119 -1 -1 54.210132
92 117 119 -1 63.188237
209 221 -1 -1 22.731199
218 221 -1 -1 47.885013
209 218 221 -1 51.616607
126 130 -1 -1 67.105513
119 126 -1 -1 33.928285
119 126 130 -1 68.036895
126 133 -1 -1 51.986033
126 130 133 -1 100.137337
60 67 -1 -1 33.989496
60 62 67 -1 75.063091
92 106 -1 -1 46.030083
50 52 -1 -1 76.426926
45 52 -1 -1 32.244843
45 50 52 -1 79.343257
52 60 -1 -1 31.395672
50 52 60 -1 76.568366
106 119 -1 -1 50.209959
92 106 119 -1 72.534391
19 29 -1 -1 17.835788
67 75 -1 -1 23.838700
67 73 -1 -1 35.280443
60 73 -1 -1 26.517365
60 67 73 -1 37.235411
73 75 -1 -1 9.890299
67 73 75 -1 35.459998
133 140 -1 -1 38.966503
126 140 -1 -1 29.225316
126 133 140 -1 52.675792
133 181 -1 -1 101.544198
133 160 181 -1 101.544198
106 126 -1 -1 41.088363
106 119 126 -1 50.361124
76 80 -1 -1 73.626710
76 92 -1 -1 59.179971
76 80 92 -1 79.011648
133 151 -1 -1 37.750700
67 76 -1 -1 69.440850
67 76 80 -1 77.642045
181 205 -1 -1 63.878767
205 209 -1 -1 66.869148
181 205 209 -1 75.519292
133 177 -1 -1 98.858178
177 181 -1 -1 57.318507
133 177 181 -1 104.860218
140 151 -1 -1 31.438604
133 140 151 -1 45.957590
19 23 -1 -1 19.551959
23 29 -1 -1 14.892427
19 23 29 -1 23.860714
209 219 -1 -1 51.025858
205 219 -1 -1 64.088877
205 209 219 -1 67.656566
73 76 -1 -1 83.566210
67 73 76 -1 85.492166
133 168 -1 -1 90.606513
168 177 -1 -1 21.424928
133 168 177 -1 104.569347
60 76 -1 -1 69.383718
60 73 76 -1 84.611267
151 168 -1 -1 35.641419
133 151 168 -1 90.606513
177 185 -1 -1 27.752058
181 185 -1 -1 58.294924
177 181 185 -1 60.816308
52 61 -1 -1 22.929933
60 61 -1 -1 48.752331
52 60 61 -1 49.188064
181 189 -1 -1 56.941168
205 210 -1 -1 35.112320
140 141 -1 -1 65.720201
141 151 -1 -1 43.792654
140 141 151 -1 66.188060
185 189 -1 -1 36.377591
181 185 189 -1 64.173801
92 105 -1 -1 85.563312
105 106 -1 -1 45.196454
92 105 106 -1 85.740310
189 205 -1 -1 45.899526
181 189 205 -1 69.480150
168 185 -1 -1 32.964718
168 177 185 -1 33.679160
76 105 -1 -1 63.591643
76 92 105 -1 87.830896
141 168 -1 -1 48.636482
141 151 168 -1 49.851572
34 45 -1 -1 71.975336
34 52 -1 -1 60.642763
34 45 52 -1 81.762442
57 60 -1 -1 72.647344
57 61 -1 -1 45.631624
57 60 61 -1 72.647344
57 76 -1 -1 60.573172
57 60 76 -1 79.412085
126 141 -1 -1 95.982283
126 140 141 -1 95.982283
126 139 -1 -1 68.596841
139 141 -1 -1 39.919298
126 139 141 -1 98.508461
106 139 -1 -1 80.857630
106 126 139 -1 80.857630
141 175 -1 -1 50.917746
168 175 -1 -1 36.270115
141 168 175 -1 56.591298
175 185 -1 -1 33.115599
168 175 185 -1 43.943246
106 127 -1 -1 59.118743
105 127 -1 -1 37.880128
105 106 127 -1 65.042656
175 189 -1 -1 45.994500
175 185 189 -1 51.525191
52 57 -1 -1 63.961361
52 57 61 -1 63.961361
76 79 -1 -1 53.634914
127 139 -1 -1 23.933080
106 127 139 -1 91.173106
57 79 -1 -1 44.353675
57 76 79 -1 79.929882
139 152 -1 -1 135.269342
141 152 -1 -1 72.612134
139 141 152 -1 139.031821
210 223 -1 -1 28.532059
34 57 -1 -1 57.250240
34 52 57 -1 88.589441
139 145 -1 -1 21.605327
145 152 -1 -1 114.503513
139 145 152 -1 135.269342
76 98 -1 -1 76.596555
203 205 -1 -1 77.054527
189 203 -1 -1 54.683097
189 203 205 -1 79.546316
18 26 -1 -1 13.093019
18 34 -1 -1 67.264914
98 105 -1 -1 37.525336
76 98 105 -1 97.028685
145 157 -1 -1 21.667989
152 157 -1 -1 101.509619
145 152 157 -1 114.503513
76 96 -1 -1 78.876180
96 98 -1 -1 21.675298
76 96 98 -1 81.297600
26 34 -1 -1 73.378200
18 26 34 -1 73.378200
203 210 -1 -1 56.333190
203 205 210 -1 79.254570
18 24 -1 -1 21.591210
24 26 -1 -1 7.023025
18 24 26 -1 21.591210
79 96 -1 -1 42.061423
76 79 96 -1 80.304529
145 155 -1 -1 14.705155
155 157 -1 -1 6.621762
145 155 157 -1 21.667989
183 189 -1 -1 44.825364
175 183 -1 -1 45.320450
175 183 189 -1 60.274296
96 105 -1 -1 35.853865
96 98 105 -1 40.896573
141 180 -1 -1 77.049828
175 180 -1 -1 33.966818
141 175 180 -1 77.049828
152 155 -1 -1 87.282927
152 155 157 -1 101.509619
24 30 -1 -1 14.394517
26 30 -1 -1 16.510117
24 26 30 -1 24.653535
30 34 -1 -1 60.813382
26 30 34 -1 77.377834
105 123 -1 -1 50.931194
123 127 -1 -1 28.811423
105 123 127 -1 53.544052
180 183 -1 -1 32.501526
175 180 183 -1 46.987422
144 145 -1 -1 15.228246
139 144 -1 -1 35.799053
139 144 145 -1 35.799053
34 49 -1 -1 52.205984
49 57 -1 -1 47.868596
34 49 57 -1 62.171481
144 155 -1 -1 26.146159
144 145 155 -1 27.367165
183 203 -1 -1 44.432405
183 189 203 -1 63.474244
57 69 -1 -1 33.582664
144 152 -1 -1 80.169352
144 152 155 -1 94.301343
30 35 -1 -1 97.033005
178 180 -1 -1 15.524530
141 178 -1 -1 95.885294
141 178 180 -1 99.127125
127 144 -1 -1 65.818351
127 139 144 -1 65.818351
34 35 -1 -1 65.953007
30 34 35 -1 97.742544
111 144 -1 -1 59.613869
111 127 -1 -1 61.020311
111 127 144 -1 67.809262
152 178 -1 -1 54.984134
141 152 178 -1 95.885294
178 183 -1 -1 52.737845
178 180 183 -1 53.091117
49 69 -1 -1 44.483732
49 57 69 -1 56.180766
207 210 -1 -1 74.735873
207 223 -1 -1 64.465953
207 210 223 -1 74.767552
94 96 -1 -1 35.895357
79 94 -1 -1 52.949899
79 94 96 -1 61.470493
203 207 -1 -1 49.423890
203 207 210 -1 78.826260
111 123 -1 -1 52.462133
111 123 127 -1 63.498912
111 152 -1 -1 54.562179
111 144 152 -1 81.184110
152 183 -1 -1 56.722373
152 178 183 -1 58.562784
20 27 -1 -1 17.869728
27 35 -1 -1 51.594947
57 74 -1 -1 77.711693
74 79 -1 -1 46.789767
57 74 79 -1 78.096119
96 111 -1 -1 117.018962
105 111 -1 -1 108.214688
96 105 111 -1 117.395766
105 111 123 -1 108.214688
49 74 -1 -1 58.882522
49 57 74 -1 81.336198
183 191 -1 -1 37.885369
191 203 -1 -1 47.325745
183 191 203 -1 49.782686
96 109 -1 -1 40.447464
109 111 -1 -1 93.299364
96 109 111 -1 117.132680
203 208 -1 -1 40.893873
207 208 -1 -1 23.394844
203 207 208 -1 50.109008
35 49 -1 -1 60.724501
34 35 49 -1 78.681232
191 208 -1 -1 40.789442
191 203 208 -1 84.409675
17 20 -1 -1 21.223415
49 54 -1 -1 29.404259
49 51 -1 -1 28.571499
51 54 -1 -1 26.212504
49 51 54 -1 33.246803
79 90 -1 -1 67.226604
90 94 -1 -1 32.823910
79 90 94 -1 67.690462
152 191 -1 -1 72.483668
152 183 191 -1 73.201321
35 51 -1 -1 35.406403
35 49 51 -1 60.724501
17 27 -1 -1 18.799674
17 20 27 -1 30.258990
71 74 -1 -1 42.563573
71 79 -1 -1 69.887381
71 74 79 -1 69.954726
94 109 -1 -1 34.297611
94 96 109 -1 64.838029
111 120 -1 -1 36.900753
49 58 -1 -1 53.066157
58 74 -1 -1 62.468682
49 58 74 -1 64.052094
74 81 -1 -1 17.743929
71 81 -1 -1 20.325518
71 74 81 -1 43.961006
58 71 -1 -1 52.139691
58 71 74 -1 62.468682
71 90 -1 -1 43.687201
71 79 90 -1 83.673829
94 111 -1 -1 116.739422
94 109 111 -1 117.574953
51 58 -1 -1 30.992475
49 51 58 -1 53.066157
17 35 -1 -1 67.844413
17 27 35 -1 68.107142
71 94 -1 -1 47.083435
71 90 94 -1 48.264891
17 33 -1 -1 37.752042
33 35 -1 -1 40.675842
17 33 35 -1 70.446361
191 207 -1 -1 76.071904
191 207 208 -1 76.071904
191 196 -1 -1 57.641326
196 207 -1 -1 67.248509
191 196 207 -1 77.750271
94 112 -1 -1 54.986821
111 112 -1 -1 113.426606
94 111 112 -1 122.879090
112 120 -1 -1 59.620349
111 112 120 -1 113.426606
35 58 -1 -1 68.335504
35 51 58 -1 68.772819
94 101 -1 -1 52.051122
196 204 -1 -1 37.960843
204 207 -1 -1 75.765184
196 204 207 -1 77.406892
101 112 -1 -1 43.547706
94 101 112 -1 58.631117
33 36 -1 -1 18.532678
35 36 -1 -1 34.494725
33 35 36 -1 41.698990
152 159 -1 -1 57.935755
111 159 -1 -1 78.932430
111 152 159 -1 79.716473
152 170 -1 -1 72.124027
170 191 -1 -1 58.633759
152 170 191 -1 87.106018
71 101 -1 -1 72.754231
71 94 101 -1 73.796802
101 120 -1 -1 55.396164
101 112 120 -1 60.021594
120 124 -1 -1 42.867941
101 124 -1 -1 55.900480
101 120 124 -1 109.759947
71 91 -1 -1 42.935403
91 101 -1 -1 49.211195
71 91 101 -1 73.377489
111 153 -1 -1 70.966941
170 196 -1 -1 59.347635
170 191 196 -1 70.618638
153 159 -1 -1 19.403255
111 153 159 -1 85.823488
152 153 -1 -1 72.476233
152 153 159 -1 72.930362
196 213 -1 -1 40.775041
207 213 -1 -1 61.198956
196 207 213 -1 68.063172
71 72 -1 -1 61.027144
58 72 -1 -1 84.167783
58 71 72 -1 93.164344
91 97 -1 -1 31.822349
97 101 -1 -1 27.177068
91 97 101 -1 54.848521
111 124 -1 -1 73.349765
111 120 124 -1 73.349765
72 91 -1 -1 47.394134
71 72 91 -1 61.937262
32 35 -1 -1 69.001093
32 36 -1 -1 56.586736
32 35 36 -1 69.058607
111 148 -1 -1 88.210959
148 153 -1 -1 20.489159
111 148 153 -1 88.628655
35 55 -1 -1 90.109131
55 58 -1 -1 70.924709
35 55 58 -1 96.655904
32 55 -1 -1 58.144971
32 35 55 -1 93.230140
124 148 -1 -1 46.855899
111 124 148 -1 93.164180
234 239 -1 -1 14.283120
58 66 -1 -1 89.874775
66 72 -1 -1 35.217037
58 66 72 -1 89.874775
55 66 -1 -1 34.365752
55 58 66 -1 102.848142
170 182 -1 -1 51.794519
182 196 -1 -1 50.487640
170 182 196 -1 61.472023
72 97 -1 -1 49.799715
72 91 97 -1 51.423180
124 129 -1 -1 29.540119
101 129 -1 -1 52.601203
101 124 129 -1 57.157680
101 121 -1 -1 66.119251
121 129 -1 -1 24.580440
101 121 129 -1 70.039952
97 99 -1 -1 41.625094
72 99 -1 -1 57.014568
72 97 99 -1 59.328979
129 134 -1 -1 43.240981
124 134 -1 -1 53.512486
124 129 134 -1 53.575962
182 194 -1 -1 33.680691
121 131 -1 -1 23.403780
129 131 -1 -1 38.253548
121 129 131 -1 39.211947
131 134 -1 -1 34.698836
129 131 134 -1 53.202135
32 38 -1 -1 57.233692
32 42 -1 -1 63.107662
42 55 -1 -1 49.680358
32 42 55 -1 82.201748
128 131 -1 -1 14.395115
38 42 -1 -1 33.254835
32 38 42 -1 67.283240
182 192 -1 -1 64.315170
192 194 -1 -1 62.275004
182 192 194 -1 65.033429
15 -1 -1 -1 0.000000
17 -1 -1 -1 0.000000
18 -1 -1 -1 0.000000
19 -1 -1 -1 0.000000
20 -1 -1 -1 0.000000
21 -1 -1 -1 0.000000
22 -1 -1 -1 0.000000
23 -1 -1 -1 0.000000
24 -1 -1 -1 0.000000
25 -1 -1 -1 0.000000
26 -1 -1 -1 0.000000
27 -1 -1 -1 0.000000
28 -1 -1 -1 0.000000
29 -1 -1 -1 0.000000
30 -1 -1 -1 0.000000
31 -1 -1 -1 0.000000
32 -1 -1 -1 0.000000
33 -1 -1 -1 0.000000
34 -1 -1 -1 0.000000
35 -1 -1 -1 0.000000
36 -1 -1 -1 0.000000
37 -1 -1 -1 0.000000
38 -1 -1 -1 0.000000
39 -1 -1 -1 0.000000
41 -1 -1 -1 0.000000
42 -1 -1 -1 0.000000
43 -1 -1 -1 0.000000
44 -1 -1 -1 0.000000
45 -1 -1 -1 0.000000
47 -1 -1 -1 0.000000
48 -1 -1 -1 0.000000
49 -1 -1 -1 0.000000
50 -1 -1 -1 0.000000
51 -1 -1 -1 0.000000
52 -1 -1 -1 0.000000
54 -1 -1 -1 0.000000
55 -1 -1 -1 0.000000
56 -1 -1 -1 0.000000
57 -1 -1 -1 0.000000
58 -1 -1 -1 0.000000
59 -1 -1 -1 0.000000
60 -1 -1 -1 0.000000
61 -1 -1 -1 0.000000
62 -1 -1 -1 0.000000
63 -1 -1 -1 0.000000
64 -1 -1 -1 0.000000
66 -1 -1 -1 0.000000
67 -1 -1 -1 0.000000
68 -1 -1 -1 0.000000
69 -1 -1 -1 0.000000
71 -1 -1 -1 0.000000
72 -1 -1 -1 0.000000
73 -1 -1 -1 0.000000
74 -1 -1 -1 0.000000
75 -1 -1 -1 0.000000
76 -1 -1 -1 0.000000
78 -1 -1 -1 0.000000
79 -1 -1 -1 0.000000
80 -1 -1 -1 0.000000
81 -1 -1 -1 0.000000
83 -1 -1 -1 0.000000
84 -1 -1 -1 0.000000
85 -1 -1 -1 0.000000
86 -1 -1 -1 0.000000
87 -1 -1 -1 0.000000
89 -1 -1 -1 0.000000
90 -1 -1 -1 0.000000
91 -1 -1 -1 0.000000
92 -1 -1 -1 0.000000
93 -1 -1 -1 0.000000
94 -1 -1 -1 0.000000
95 -1 -1 -1 0.000000
96 -1 -1 -1 0.000000
97 -1 -1 -1 0.000000
98 -1 -1 -1 0.000000
99 -1 -1 -1 0.000000
100 -1 -1 -1 0.000000
101 -1 -1 -1 0.000000
102 -1 -1 -1 0.000000
105 -1 -1 -1 0.000000
106 -1 -1 -1 0.000000
107 -1 -1 -1 0.000000
108 -1 -1 -1 0.000000
109 -1 -1 -1 0.000000
111 -1 -1 -1 0.000000
112 -1 -1 -1 0.000000
115 -1 -1 -1 0.000000
116 -1 -1 -1 0.000000
117 -1 -1 -1 0.000000
118 -1 -1 -1 0.000000
119 -1 -1 -1 0.000000
120 -1 -1 -1 0.000000
121 -1 -1 -1 0.000000
122 -1 -1 -1 0.000000
123 -1 -1 -1 0.000000
124 -1 -1 -1 0.000000
125 -1 -1 -1 0.000000
126 -1 -1 -1 0.000000
127 -1 -1 -1 0.000000
128 -1 -1 -1 0.000000
129 -1 -1 -1 0.000000
130 -1 -1 -1 0.000000
131 -1 -1 -1 0.000000
132 -1 -1 -1 0.000000
133 -1 -1 -1 0.000000
134 -1 -1 -1 0.000000
135 -1 -1 -1 0.000000
136 -1 -1 -1 0.000000
139 -1 -1 -1 0.000000
140 -1 -1 -1 0.000000
141 -1 -1 -1 0.000000
142 -1 -1 -1 0.000000
143 -1 -1 -1 0.000000
144 -1 -1 -1 0.000000
145 -1 -1 -1 0.000000
146 -1 -1 -1 0.000000
147 -1 -1 -1 0.000000
148 -1 -1 -1 0.000000
151 -1 -1 -1 0.000000
152 -1 -1 -1 0.000000
153 -1 -1 -1 0.000000
154 -1 -1 -1 0.000000
155 -1 -1 -1 0.000000
156 -1 -1 -1 0.000000
157 -1 -1 -1 0.000000
158 -1 -1 -1 0.000000
159 -1 -1 -1 0.000000
160 -1 -1 -1 0.000000
161 -1 -1 -1 0.000000
163 -1 -1 -1 0.000000
165 -1 -1 -1 0.000000
166 -1 -1 -1 0.000000
168 -1 -1 -1 0.000000
169 -1 -1 -1 0.000000
170 -1 -1 -1 0.000000
172 -1 -1 -1 0.000000
173 -1 -1 -1 0.000000
174 -1 -1 -1 0.000000
175 -1 -1 -1 0.000000
176 -1 -1 -1 0.000000
177 -1 -1 -1 0.000000
178 -1 -1 -1 0.000000
179 -1 -1 -1 0.000000
180 -1 -1 -1 0.000000
181 -1 -1 -1 0.000000
182 -1 -1 -1 0.000000
183 -1 -1 -1 0.000000
185 -1 -1 -1 0.000000
187 -1 -1 -1 0.000000
189 -1 -1 -1 0.000000
190 -1 -1 -1 0.000000
191 -1 -1 -1 0.000000
192 -1 -1 -1 0.000000
193 -1 -1 -1 0.000000
194 -1 -1 -1 0.000000
195 -1 -1 -1 0.000000
196 -1 -1 -1 0.000000
197 -1 -1 -1 0.000000
198 -1 -1 -1 0.000000
199 -1 -1 -1 0.000000
200 -1 -1 -1 0.000000
201 -1 -1 -1 0.000000
202 -1 -1 -1 0.000000
203 -1 -1 -1 0.000000
204 -1 -1 -1 0.000000
205 -1 -1 -1 0.000000
207 -1 -1 -1 0.000000
208 -1 -1 -1 0.000000
209 -1 -1 -1 0.000000
210 -1 -1 -1 0.000000
211 -1 -1 -1 0.000000
213 -1 -1 -1 0.000000
216 -1 -1 -1 0.000000
217 -1 -1 -1 0.000000
218 -1 -1 -1 0.000000
219 -1 -1 -1 0.000000
221 -1 -1 -1 0.000000
222 -1 -1 -1 0.000000
223 -1 -1 -1 0.000000
226 -1 -1 -1 0.000000
228 -1 -1 -1 0.000000
234 -1 -1 -1 0.000000
235 -1 -1 -1 0.000000
236 -1 -1 -1 0.000000
239 -1 -1 -1 0.000000
