383 396 -1 -1 25.307195
214 229 -1 -1 37.277316
340 353 -1 -1 25.703299
396 423 -1 -1 51.050811
130 175 -1 -1 46.982619
279 300 -1 -1 18.994596
353 383 -1 -1 33.394611
130 135 -1 -1 32.799680
396 413 -1 -1 38.148704
413 423 -1 -1 26.127528
396 413 423 -1 51.050811
175 193 -1 -1 22.515517
193 214 -1 -1 25.764828
229 256 -1 -1 31.573365
319 340 -1 -1 25.790801
300 319 -1 -1 29.167246
256 279 -1 -1 34.340506
256 257 -1 -1 30.800874
229 257 -1 -1 26.673818
229 256 257 -1 42.275711
257 279 -1 -1 21.772526
256 257 279 -1 35.122099
382 383 -1 -1 31.916636
383 401 -1 -1 27.443777
396 401 -1 -1 27.896305
383 396 401 -1 31.522652
353 382 -1 -1 25.531781
353 382 383 -1 34.106855
382 401 -1 -1 18.569377
382 383 401 -1 33.712293
401 413 -1 -1 34.488453
396 401 413 -1 42.782089
214 217 -1 -1 43.697343
217 229 -1 -1 19.565487
214 217 229 -1 43.812946
193 217 -1 -1 35.087968
193 214 217 -1 45.946358
319 353 -1 -1 35.841890
319 340 353 -1 36.031125
135 175 -1 -1 38.394125
130 135 175 -1 58.020123
319 347 -1 -1 31.263814
347 353 -1 -1 30.749619
319 347 353 -1 37.537172
423 442 -1 -1 37.895036
175 186 -1 -1 27.232691
186 193 -1 -1 31.827395
175 186 193 -1 33.178961
413 442 -1 -1 38.282923
413 423 442 -1 49.936921
135 160 -1 -1 30.275260
160 175 -1 -1 33.623609
135 160 175 -1 42.259309
279 303 -1 -1 40.433876
300 303 -1 -1 32.656931
279 300 303 -1 40.433876
303 319 -1 -1 23.359586
300 303 319 -1 36.975916
279 291 -1 -1 25.247735
303 347 -1 -1 47.877146
303 319 347 -1 50.636340
160 186 -1 -1 30.087683
160 175 186 -1 37.094357
257 291 -1 -1 30.736382
257 279 291 -1 30.869989
186 217 -1 -1 38.757283
186 193 217 -1 39.619412
291 303 -1 -1 44.562732
279 291 303 -1 46.837735
397 401 -1 -1 28.005234
397 413 -1 -1 35.571186
397 401 413 -1 38.164939
135 137 -1 -1 26.426791
353 371 -1 -1 34.281401
371 382 -1 -1 22.306421
353 371 382 -1 34.686218
205 217 -1 -1 22.657473
186 205 -1 -1 25.856256
186 205 217 -1 41.293436
137 160 -1 -1 20.519401
135 137 160 -1 31.925507
257 264 -1 -1 17.926064
413 420 -1 -1 24.559967
257 262 -1 -1 27.442779
229 262 -1 -1 34.179515
229 257 262 -1 34.179515
229 257 262 -1 34.179515
262 264 -1 -1 10.622168
257 262 264 -1 27.442779
257 262 264 -1 27.442779
353 366 -1 -1 34.701492
366 371 -1 -1 10.095903
353 366 371 -1 35.800964
353 364 -1 -1 36.787232
347 364 -1 -1 17.102690
347 353 364 -1 37.676819
364 366 -1 -1 6.133514
353 364 366 -1 36.787232
382 397 -1 -1 31.956227
382 397 401 -1 32.848070
420 442 -1 -1 34.629703
413 420 442 -1 39.896479
397 420 -1 -1 26.401003
397 413 420 -1 36.495438
303 346 -1 -1 47.103115
346 347 -1 -1 17.341651
303 346 347 -1 48.974143
257 271 -1 -1 37.735053
271 291 -1 -1 28.422879
257 271 291 -1 42.150512
364 371 -1 -1 14.981571
364 366 371 -1 15.315041
260 262 -1 -1 12.523980
260 264 -1 -1 14.786264
260 262 264 -1 18.963526
271 303 -1 -1 36.880629
271 291 303 -1 49.787477
346 364 -1 -1 15.998850
346 347 364 -1 23.276408
369 371 -1 -1 31.565731
369 382 -1 -1 39.332870
369 371 382 -1 40.812951
435 442 -1 -1 22.881296
420 435 -1 -1 21.550519
420 435 442 -1 34.940619
369 397 -1 -1 30.045797
369 382 397 -1 40.901753
303 312 -1 -1 23.502962
312 346 -1 -1 42.235426
303 312 346 -1 48.779411
264 271 -1 -1 34.121906
257 264 271 -1 37.735053
229 260 -1 -1 54.694027
229 260 262 -1 54.694027
260 271 -1 -1 32.440095
260 264 271 -1 34.949031
160 168 -1 -1 23.897205
168 186 -1 -1 27.908819
160 168 186 -1 32.835956
346 371 -1 -1 20.982989
346 364 371 -1 20.982989
271 312 -1 -1 42.828039
271 303 312 -1 43.591042
217 240 -1 -1 43.293510
229 240 -1 -1 59.966343
217 229 240 -1 59.966343
346 369 -1 -1 40.325540
346 369 371 -1 42.280394
240 260 -1 -1 25.093084
229 240 260 -1 64.536452
420 421 -1 -1 24.207795
397 421 -1 -1 31.680824
397 420 421 -1 33.502316
421 435 -1 -1 21.246822
420 421 435 -1 25.615232
205 240 -1 -1 34.749532
205 217 240 -1 43.293510
137 152 -1 -1 39.896703
152 160 -1 -1 36.157421
137 152 160 -1 43.072871
346 358 -1 -1 34.120642
358 369 -1 -1 31.159969
346 358 369 -1 41.196745
186 188 -1 -1 38.034939
188 205 -1 -1 32.609657
186 188 205 -1 38.823085
205 223 -1 -1 26.029899
223 240 -1 -1 21.832732
205 223 240 -1 35.077202
312 332 -1 -1 35.155509
332 346 -1 -1 54.320412
312 332 346 -1 55.437766
137 145 -1 -1 28.078764
168 188 -1 -1 30.179023
168 186 188 -1 42.641330
240 253 -1 -1 35.828357
253 260 -1 -1 51.111734
240 253 260 -1 51.617770
253 271 -1 -1 42.056687
253 260 271 -1 51.117344
332 358 -1 -1 24.965500
332 346 358 -1 54.719929
145 152 -1 -1 35.086561
137 145 152 -1 40.890855
152 168 -1 -1 24.543926
152 160 168 -1 36.488661
397 407 -1 -1 36.013859
407 421 -1 -1 21.046138
397 407 421 -1 38.216924
271 304 -1 -1 53.814208
304 312 -1 -1 32.172298
271 304 312 -1 55.779246
435 438 -1 -1 20.618036
369 407 -1 -1 41.383247
369 397 407 -1 41.959062
421 438 -1 -1 21.461093
421 435 438 -1 25.401626
271 282 -1 -1 53.850816
253 282 -1 -1 32.774257
253 271 282 -1 69.617434
188 223 -1 -1 35.412882
188 205 223 -1 37.769121
282 304 -1 -1 25.340694
271 282 304 -1 53.885109
223 231 -1 -1 19.648811
231 240 -1 -1 19.107665
223 231 240 -1 30.710306
231 253 -1 -1 27.890976
231 240 253 -1 37.769855
139 152 -1 -1 17.520833
369 386 -1 -1 36.911775
386 407 -1 -1 32.645805
369 386 407 -1 45.483841
304 332 -1 -1 30.153369
304 312 332 -1 39.984112
168 174 -1 -1 34.537944
174 188 -1 -1 32.305417
168 174 188 -1 39.047771
152 174 -1 -1 27.642855
152 168 174 -1 37.280372
188 225 -1 -1 38.411671
223 225 -1 -1 31.154301
188 223 225 -1 39.948898
225 231 -1 -1 19.323664
223 225 231 -1 31.154301
421 430 -1 -1 31.940506
430 438 -1 -1 27.238071
421 430 438 -1 32.204197
358 372 -1 -1 22.784246
369 372 -1 -1 44.919766
358 369 372 -1 45.269181
372 386 -1 -1 39.101154
369 372 386 -1 44.919766
386 410 -1 -1 22.162505
407 410 -1 -1 19.314875
386 407 410 -1 32.645805
407 430 -1 -1 33.208124
407 421 430 -1 34.920919
188 206 -1 -1 30.261540
206 225 -1 -1 22.537256
188 206 225 -1 39.742001
372 380 -1 -1 33.083569
380 386 -1 -1 24.932583
372 380 386 -1 39.101154
225 253 -1 -1 34.137208
225 231 253 -1 34.899828
128 139 -1 -1 20.972097
358 362 -1 -1 33.053362
362 372 -1 -1 17.810699
358 362 372 -1 33.285109
362 380 -1 -1 19.443176
362 372 380 -1 33.083569
128 152 -1 -1 33.124822
128 139 152 -1 33.124822
152 162 -1 -1 35.780068
162 174 -1 -1 22.405800
152 162 174 -1 36.180875
174 187 -1 -1 40.107072
187 188 -1 -1 38.690822
174 187 188 -1 43.063937
332 362 -1 -1 36.946864
332 358 362 -1 39.556489
187 206 -1 -1 21.757103
187 188 206 -1 40.189401
407 414 -1 -1 36.961974
414 430 -1 -1 22.861634
407 414 430 -1 43.056519
362 363 -1 -1 10.318628
363 380 -1 -1 12.466826
362 363 380 -1 24.717816
410 414 -1 -1 28.501548
407 410 414 -1 37.033378
162 187 -1 -1 25.524819
162 174 187 -1 42.064710
225 244 -1 -1 25.699746
244 253 -1 -1 37.909920
225 244 253 -1 40.421452
128 162 -1 -1 27.776656
128 152 162 -1 45.514620
430 445 -1 -1 27.894427
304 322 -1 -1 45.924932
322 332 -1 -1 39.182159
304 322 332 -1 46.019859
120 128 -1 -1 25.348824
253 261 -1 -1 47.261460
261 282 -1 -1 35.590337
253 261 282 -1 50.801652
322 362 -1 -1 41.000297
322 332 362 -1 51.918046
386 414 -1 -1 39.974508
386 410 414 -1 39.974508
210 225 -1 -1 44.654987
206 210 -1 -1 28.394178
206 210 225 -1 46.087415
244 261 -1 -1 37.146931
244 253 261 -1 48.921352
322 363 -1 -1 39.499527
322 362 363 -1 42.215607
210 244 -1 -1 34.869985
210 225 244 -1 45.455431
128 153 -1 -1 51.178761
153 162 -1 -1 32.566243
128 153 162 -1 52.376759
363 370 -1 -1 7.511125
370 380 -1 -1 17.315345
363 370 380 -1 18.317860
386 391 -1 -1 39.635764
391 414 -1 -1 39.546581
386 391 414 -1 45.716494
322 348 -1 -1 22.993435
348 363 -1 -1 29.869126
322 348 363 -1 39.499527
414 445 -1 -1 37.500510
414 430 445 -1 38.707203
368 370 -1 -1 18.887554
368 380 -1 -1 21.409814
368 370 380 -1 24.436825
348 370 -1 -1 28.575040
348 363 370 -1 31.851447
120 153 -1 -1 43.806532
120 128 153 -1 52.483125
380 391 -1 -1 33.232817
380 386 391 -1 46.612114
282 322 -1 -1 64.894518
282 304 322 -1 64.894518
348 368 -1 -1 19.654370
348 368 370 -1 28.575040
408 414 -1 -1 36.949919
391 408 -1 -1 27.123766
391 408 414 -1 47.441605
282 301 -1 -1 54.312586
301 322 -1 -1 37.834693
282 301 322 -1 68.115136
153 187 -1 -1 38.050750
153 162 187 -1 38.713332
414 433 -1 -1 31.779100
433 445 -1 -1 33.654100
414 433 445 -1 39.027034
368 391 -1 -1 30.192868
368 380 391 -1 37.227719
261 301 -1 -1 36.500820
261 282 301 -1 54.312586
322 328 -1 -1 27.996143
301 328 -1 -1 25.987387
301 322 328 -1 43.098112
187 210 -1 -1 36.935120
187 206 210 -1 42.810310
408 433 -1 -1 25.978141
408 414 433 -1 37.732105
328 348 -1 -1 22.692508
322 328 348 -1 30.981940
153 189 -1 -1 34.239447
187 189 -1 -1 28.579629
153 187 189 -1 41.497508
210 239 -1 -1 31.582514
239 244 -1 -1 38.594985
210 239 244 -1 40.485047
239 261 -1 -1 33.297323
239 244 261 -1 44.178070
120 122 -1 -1 32.140920
122 153 -1 -1 28.381690
120 122 153 -1 43.806532
348 354 -1 -1 32.149066
354 368 -1 -1 33.707576
348 354 368 -1 35.563416
354 391 -1 -1 33.497313
354 368 391 -1 40.177830
433 446 -1 -1 17.090026
445 446 -1 -1 34.233335
433 445 446 -1 37.707934
189 210 -1 -1 41.765088
187 189 210 -1 47.748847
189 195 -1 -1 19.152408
195 210 -1 -1 40.980997
189 195 210 -1 45.288552
261 284 -1 -1 38.580368
284 301 -1 -1 29.112698
261 284 301 -1 43.564310
328 354 -1 -1 39.839619
328 348 354 -1 40.521872
210 219 -1 -1 31.324834
195 219 -1 -1 21.266287
195 210 219 -1 41.537114
219 239 -1 -1 37.229969
210 219 239 -1 37.692008
354 389 -1 -1 30.790753
389 391 -1 -1 37.074340
354 389 391 -1 39.998602
189 190 -1 -1 20.708222
328 341 -1 -1 46.611892
341 354 -1 -1 28.956981
328 341 354 -1 53.795354
389 408 -1 -1 39.448701
389 391 408 -1 40.846810
153 190 -1 -1 46.637852
153 189 190 -1 46.637852
258 261 -1 -1 47.759742
239 258 -1 -1 32.655798
239 258 261 -1 48.222192
190 195 -1 -1 22.875438
189 190 195 -1 23.941543
258 284 -1 -1 27.326461
258 261 284 -1 48.725426
301 321 -1 -1 36.669763
321 328 -1 -1 27.764823
301 321 328 -1 40.422648
408 415 -1 -1 34.731569
415 433 -1 -1 35.006096
408 415 433 -1 37.987664
153 182 -1 -1 51.231995
182 190 -1 -1 32.978536
153 182 190 -1 51.780381
284 296 -1 -1 24.982519
296 301 -1 -1 33.158274
284 296 301 -1 36.496647
219 222 -1 -1 31.073460
222 239 -1 -1 32.079789
219 222 239 -1 40.192144
415 446 -1 -1 40.531807
415 433 446 -1 41.143632
389 415 -1 -1 33.703554
389 408 415 -1 42.243634
443 446 -1 -1 29.884645
122 155 -1 -1 37.640596
153 155 -1 -1 50.084456
122 153 155 -1 50.249189
182 195 -1 -1 28.036787
182 190 195 -1 33.081828
321 341 -1 -1 43.556298
321 328 341 -1 48.916772
155 182 -1 -1 25.577423
153 155 182 -1 53.605931
296 321 -1 -1 23.888491
296 301 321 -1 43.019972
415 443 -1 -1 29.814360
415 443 446 -1 40.813513
195 215 -1 -1 22.481713
215 219 -1 -1 17.795007
195 215 219 -1 26.438847
215 222 -1 -1 27.357630
215 219 222 -1 31.073460
321 324 -1 -1 14.733994
324 341 -1 -1 33.516267
321 324 341 -1 43.556298
195 202 -1 -1 21.451476
202 215 -1 -1 19.727865
195 202 215 -1 23.646309
182 202 -1 -1 21.727345
182 195 202 -1 32.705541
222 258 -1 -1 37.245897
222 239 258 -1 39.511259
354 384 -1 -1 35.256815
384 389 -1 -1 21.725692
354 384 389 -1 36.221643
296 324 -1 -1 26.339939
296 321 324 -1 28.049393
258 296 -1 -1 37.042471
258 284 296 -1 37.042471
258 284 296 -1 37.042471
202 222 -1 -1 34.492985
202 215 222 -1 37.271808
258 274 -1 -1 19.719150
274 296 -1 -1 27.045466
258 274 296 -1 37.143678
258 274 296 -1 37.143678
354 376 -1 -1 42.107614
376 384 -1 -1 12.416451
354 376 384 -1 42.314695
341 376 -1 -1 28.095765
341 354 376 -1 44.310671
389 400 -1 -1 26.413088
400 415 -1 -1 31.100638
389 400 415 -1 34.759028
222 238 -1 -1 25.344638
238 258 -1 -1 37.647081
222 238 258 -1 39.832266
323 324 -1 -1 41.526282
323 341 -1 -1 32.182061
323 324 341 -1 46.081931
376 381 -1 -1 21.979408
381 384 -1 -1 29.794983
376 381 384 -1 30.651473
381 389 -1 -1 34.426737
381 384 389 -1 34.426737
274 285 -1 -1 25.407221
285 296 -1 -1 41.658979
274 285 296 -1 43.132151
296 310 -1 -1 27.449322
310 324 -1 -1 30.630488
296 310 324 -1 32.488399
422 443 -1 -1 40.210434
415 422 -1 -1 40.496013
415 422 443 -1 54.137811
202 203 -1 -1 27.440249
203 222 -1 -1 31.113189
202 203 222 -1 35.948069
400 405 -1 -1 9.759442
405 415 -1 -1 32.689358
400 405 415 -1 33.421464
310 323 -1 -1 38.254595
310 323 324 -1 42.639248
381 400 -1 -1 21.474265
381 389 400 -1 37.772949
403 405 -1 -1 20.242660
403 415 -1 -1 35.987798
403 405 415 -1 37.151523
133 155 -1 -1 34.669561
285 310 -1 -1 22.244348
285 296 310 -1 43.113617
238 274 -1 -1 41.255319
238 258 274 -1 42.075250
238 258 274 -1 42.075250
238 274 -1 -1 41.655300
265 274 -1 -1 31.983387
238 265 -1 -1 23.683891
238 265 274 -1 41.255319
238 265 274 -1 41.255319
341 381 -1 -1 40.210823
341 376 381 -1 40.210823
182 203 -1 -1 38.663389
182 202 203 -1 38.663389
403 422 -1 -1 30.899399
403 415 422 -1 42.452374
203 238 -1 -1 31.692923
203 222 238 -1 36.617011
181 182 -1 -1 32.025514
155 157 -1 -1 29.582348
265 285 -1 -1 26.270520
265 274 285 -1 33.367257
133 157 -1 -1 16.993393
133 155 157 -1 37.375931
155 166 -1 -1 28.599601
155 181 -1 -1 40.149100
155 181 182 -1 43.068323
157 166 -1 -1 11.420998
155 157 166 -1 29.582348
181 203 -1 -1 28.864051
181 182 203 -1 44.251879
166 181 -1 -1 25.113652
155 166 181 -1 40.149100
381 405 -1 -1 30.806475
381 400 405 -1 30.806475
381 403 -1 -1 31.130442
381 403 405 -1 31.740243
377 381 -1 -1 18.236729
341 377 -1 -1 62.718655
341 377 381 -1 62.718655
203 221 -1 -1 25.693310
221 238 -1 -1 35.045666
203 221 238 -1 37.314323
133 134 -1 -1 18.279031
302 310 -1 -1 26.238251
302 323 -1 -1 35.368047
302 310 323 -1 42.013232
323 344 -1 -1 30.144007
341 344 -1 -1 61.671509
323 341 344 -1 61.671509
134 157 -1 -1 17.052932
133 134 157 -1 21.847278
344 377 -1 -1 36.101396
341 344 377 -1 64.987621
377 403 -1 -1 31.130872
377 381 403 -1 34.362179
238 248 -1 -1 27.204632
248 265 -1 -1 21.480924
238 248 265 -1 31.684634
285 302 -1 -1 28.524282
285 302 310 -1 33.775252
163 166 -1 -1 24.794641
163 181 -1 -1 27.984443
163 166 181 -1 32.832642
198 203 -1 -1 33.866705
181 198 -1 -1 28.600512
181 198 203 -1 35.359750
157 163 -1 -1 24.306861
157 163 166 -1 25.171337
221 248 -1 -1 21.854513
221 238 248 -1 38.193630
344 367 -1 -1 34.306378
367 377 -1 -1 34.377021
344 367 377 -1 45.101425
134 163 -1 -1 28.996226
134 157 163 -1 29.666073
265 273 -1 -1 26.597892
273 285 -1 -1 34.421200
265 273 285 -1 39.041549
198 221 -1 -1 22.958082
198 203 221 -1 35.550721
403 404 -1 -1 29.911117
404 422 -1 -1 39.624858
403 404 422 -1 40.012058
377 404 -1 -1 34.762372
377 403 404 -1 38.255391
134 136 -1 -1 17.183150
302 330 -1 -1 28.274473
323 330 -1 -1 42.233356
302 323 330 -1 45.023289
173 181 -1 -1 33.832681
173 198 -1 -1 28.110799
173 181 198 -1 39.773986
273 302 -1 -1 35.598558
273 285 302 -1 43.845795
367 404 -1 -1 35.053741
367 377 404 -1 39.203953
248 250 -1 -1 15.283634
250 265 -1 -1 35.600667
248 250 265 -1 36.236947
163 173 -1 -1 26.114529
163 173 181 -1 36.561106
250 273 -1 -1 26.275116
250 265 273 -1 38.193481
330 336 -1 -1 10.849128
323 336 -1 -1 48.247763
323 330 336 -1 48.776976
221 250 -1 -1 31.364583
221 248 250 -1 31.910821
336 344 -1 -1 31.016606
323 336 344 -1 49.046814
136 163 -1 -1 25.950755
134 136 163 -1 32.793334
422 425 -1 -1 40.867907
273 297 -1 -1 19.567488
297 302 -1 -1 29.115634
273 297 302 -1 37.599529
221 232 -1 -1 23.047526
232 250 -1 -1 18.685509
221 232 250 -1 32.414488
404 425 -1 -1 27.011194
404 422 425 -1 49.663666
136 158 -1 -1 24.270903
158 163 -1 -1 25.583254
136 158 163 -1 32.792722
302 315 -1 -1 29.489522
315 330 -1 -1 28.634709
302 315 330 -1 31.975209
198 232 -1 -1 35.985625
198 221 232 -1 36.154509
315 336 -1 -1 27.527874
315 330 336 -1 30.060422
344 359 -1 -1 22.241548
359 367 -1 -1 37.227925
344 359 367 -1 37.576922
250 269 -1 -1 27.504371
269 273 -1 -1 22.704989
250 269 273 -1 34.740053
198 204 -1 -1 28.495528
204 232 -1 -1 32.397583
198 204 232 -1 38.019068
136 159 -1 -1 20.506571
158 159 -1 -1 7.667285
136 158 159 -1 24.613828
315 344 -1 -1 42.914748
315 336 344 -1 42.914748
297 315 -1 -1 40.678079
297 302 315 -1 41.116960
121 136 -1 -1 21.593659
344 345 -1 -1 32.122433
345 359 -1 -1 17.295629
344 345 359 -1 32.122433
273 288 -1 -1 31.065187
288 297 -1 -1 25.218106
273 288 297 -1 31.989155
315 345 -1 -1 32.573946
315 344 345 -1 45.930678
163 164 -1 -1 33.467029
158 164 -1 -1 14.569963
158 163 164 -1 34.109255
164 173 -1 -1 28.691827
163 164 173 -1 38.094679
173 204 -1 -1 32.853020
173 198 204 -1 36.460571
288 315 -1 -1 30.053875
288 297 315 -1 42.323519
121 159 -1 -1 28.283348
121 136 159 -1 33.129615
402 404 -1 -1 29.643297
367 402 -1 -1 36.478731
367 402 404 -1 37.668624
232 252 -1 -1 28.226455
250 252 -1 -1 31.480570
232 250 252 -1 35.144587
345 367 -1 -1 43.435819
345 359 367 -1 43.435819
252 269 -1 -1 17.273201
250 252 269 -1 31.966784
269 288 -1 -1 28.803180
269 273 288 -1 34.158943
121 158 -1 -1 25.501411
121 158 159 -1 28.899614
345 365 -1 -1 20.183266
365 367 -1 -1 29.914971
345 365 367 -1 45.322229
404 409 -1 -1 29.092669
402 409 -1 -1 20.037631
402 404 409 -1 33.779453
409 425 -1 -1 28.674902
404 409 425 -1 38.773314
204 230 -1 -1 26.001149
230 232 -1 -1 29.550070
204 230 232 -1 34.988468
230 252 -1 -1 21.617276
230 232 252 -1 32.046356
173 183 -1 -1 31.038475
183 204 -1 -1 28.589058
173 183 204 -1 37.662231
409 424 -1 -1 21.648063
424 425 -1 -1 23.270156
409 424 425 -1 33.944561
331 345 -1 -1 29.460957
331 365 -1 -1 45.089572
331 345 365 -1 47.276644
315 331 -1 -1 31.666564
315 331 345 -1 35.384724
367 387 -1 -1 37.048086
387 402 -1 -1 17.414422
367 387 402 -1 45.469499
365 387 -1 -1 19.308986
365 367 387 -1 37.745011
121 147 -1 -1 27.332378
147 158 -1 -1 22.535383
121 147 158 -1 29.663792
164 183 -1 -1 33.563601
164 173 183 -1 35.620091
399 402 -1 -1 29.831526
399 409 -1 -1 18.050171
399 402 409 -1 29.831526
147 164 -1 -1 21.306334
147 158 164 -1 26.417232
387 399 -1 -1 33.440503
387 399 402 -1 35.045974
331 356 -1 -1 35.106928
356 365 -1 -1 44.158230
331 356 365 -1 50.540223
356 387 -1 -1 35.677310
356 365 387 -1 44.217217
288 307 -1 -1 31.988434
307 315 -1 -1 34.605117
288 307 315 -1 38.088215
286 288 -1 -1 20.200338
269 286 -1 -1 29.991179
269 286 288 -1 36.605986
307 331 -1 -1 35.125857
307 315 331 -1 40.820053
252 270 -1 -1 46.486381
269 270 -1 -1 40.038497
252 269 270 -1 48.317555
270 286 -1 -1 29.142227
269 270 286 -1 40.316225
356 399 -1 -1 40.652025
356 387 399 -1 46.291458
147 165 -1 -1 31.569098
164 165 -1 -1 33.577758
147 164 165 -1 40.911310
165 183 -1 -1 27.317878
164 165 183 -1 36.289066
204 216 -1 -1 33.954097
216 230 -1 -1 26.430568
204 216 230 -1 35.463834
286 307 -1 -1 31.714279
286 288 307 -1 33.128976
230 234 -1 -1 41.286727
234 252 -1 -1 44.130696
230 234 252 -1 49.501277
270 307 -1 -1 33.810430
270 286 307 -1 41.840113
399 424 -1 -1 30.758651
399 409 424 -1 31.804430
183 216 -1 -1 38.514700
183 204 216 -1 42.678655
424 427 -1 -1 20.726831
183 192 -1 -1 23.431590
192 216 -1 -1 20.591806
183 192 216 -1 39.161378
234 270 -1 -1 34.904084
234 252 270 -1 50.244518
399 427 -1 -1 35.380048
399 424 427 -1 36.836929
146 147 -1 -1 30.552135
146 165 -1 -1 20.679483
146 147 165 -1 34.184577
147 156 -1 -1 17.330856
146 156 -1 -1 15.309929
146 147 156 -1 30.552135
398 399 -1 -1 41.179724
398 427 -1 -1 38.593090
398 399 427 -1 49.340399
216 234 -1 -1 40.439731
216 230 234 -1 44.722591
427 439 -1 -1 30.385960
356 398 -1 -1 46.667347
356 398 399 -1 50.231109
165 192 -1 -1 30.810587
165 183 192 -1 37.479466
327 331 -1 -1 34.677669
307 327 -1 -1 40.764961
307 327 331 -1 43.985167
327 356 -1 -1 42.465538
327 331 356 -1 51.843293
165 178 -1 -1 30.657295
178 192 -1 -1 26.954593
165 178 192 -1 36.103193
307 308 -1 -1 33.954166
308 327 -1 -1 29.306164
307 308 327 -1 45.147970
192 200 -1 -1 31.410689
200 216 -1 -1 34.035905
192 200 216 -1 43.279470
270 308 -1 -1 47.564383
270 307 308 -1 52.740787
398 439 -1 -1 44.148116
398 427 439 -1 45.965564
146 161 -1 -1 22.232729
161 165 -1 -1 31.965400
146 161 165 -1 33.571438
216 226 -1 -1 38.634493
226 234 -1 -1 34.935482
216 226 234 -1 45.013504
342 356 -1 -1 39.929887
342 398 -1 -1 53.309612
342 356 398 -1 56.330476
270 275 -1 -1 34.635171
161 178 -1 -1 24.266244
161 165 178 -1 35.422761
234 275 -1 -1 42.140340
234 270 275 -1 42.320766
200 226 -1 -1 22.795701
200 216 226 -1 39.250189
275 308 -1 -1 32.899951
270 275 308 -1 52.632211
327 342 -1 -1 39.757975
327 342 356 -1 52.965707
178 200 -1 -1 28.437796
178 192 200 -1 34.311130
120 -1 -1 -1 0.000000
121 -1 -1 -1 0.000000
122 -1 -1 -1 0.000000
128 -1 -1 -1 0.000000
130 -1 -1 -1 0.000000
133 -1 -1 -1 0.000000
134 -1 -1 -1 0.000000
135 -1 -1 -1 0.000000
136 -1 -1 -1 0.000000
137 -1 -1 -1 0.000000
139 -1 -1 -1 0.000000
145 -1 -1 -1 0.000000
146 -1 -1 -1 0.000000
147 -1 -1 -1 0.000000
152 -1 -1 -1 0.000000
153 -1 -1 -1 0.000000
155 -1 -1 -1 0.000000
156 -1 -1 -1 0.000000
157 -1 -1 -1 0.000000
158 -1 -1 -1 0.000000
159 -1 -1 -1 0.000000
160 -1 -1 -1 0.000000
161 -1 -1 -1 0.000000
162 -1 -1 -1 0.000000
163 -1 -1 -1 0.000000
164 -1 -1 -1 0.000000
165 -1 -1 -1 0.000000
166 -1 -1 -1 0.000000
168 -1 -1 -1 0.000000
173 -1 -1 -1 0.000000
174 -1 -1 -1 0.000000
175 -1 -1 -1 0.000000
178 -1 -1 -1 0.000000
181 -1 -1 -1 0.000000
182 -1 -1 -1 0.000000
183 -1 -1 -1 0.000000
186 -1 -1 -1 0.000000
187 -1 -1 -1 0.000000
188 -1 -1 -1 0.000000
189 -1 -1 -1 0.000000
190 -1 -1 -1 0.000000
192 -1 -1 -1 0.000000
193 -1 -1 -1 0.000000
195 -1 -1 -1 0.000000
198 -1 -1 -1 0.000000
200 -1 -1 -1 0.000000
202 -1 -1 -1 0.000000
203 -1 -1 -1 0.000000
204 -1 -1 -1 0.000000
205 -1 -1 -1 0.000000
206 -1 -1 -1 0.000000
210 -1 -1 -1 0.000000
214 -1 -1 -1 0.000000
215 -1 -1 -1 0.000000
216 -1 -1 -1 0.000000
217 -1 -1 -1 0.000000
219 -1 -1 -1 0.000000
221 -1 -1 -1 0.000000
222 -1 -1 -1 0.000000
223 -1 -1 -1 0.000000
225 -1 -1 -1 0.000000
226 -1 -1 -1 0.000000
229 -1 -1 -1 0.000000
230 -1 -1 -1 0.000000
231 -1 -1 -1 0.000000
232 -1 -1 -1 0.000000
234 -1 -1 -1 0.000000
238 -1 -1 -1 0.000000
239 -1 -1 -1 0.000000
240 -1 -1 -1 0.000000
244 -1 -1 -1 0.000000
248 -1 -1 -1 0.000000
250 -1 -1 -1 0.000000
252 -1 -1 -1 0.000000
253 -1 -1 -1 0.000000
256 -1 -1 -1 0.000000
257 -1 -1 -1 0.000000
258 -1 -1 -1 0.000000
260 -1 -1 -1 0.000000
261 -1 -1 -1 0.000000
262 -1 -1 -1 0.000000
264 -1 -1 -1 0.000000
265 -1 -1 -1 0.000000
269 -1 -1 -1 0.000000
270 -1 -1 -1 0.000000
271 -1 -1 -1 0.000000
273 -1 -1 -1 0.000000
274 -1 -1 -1 0.000000
275 -1 -1 -1 0.000000
279 -1 -1 -1 0.000000
282 -1 -1 -1 0.000000
284 -1 -1 -1 0.000000
285 -1 -1 -1 0.000000
286 -1 -1 -1 0.000000
288 -1 -1 -1 0.000000
291 -1 -1 -1 0.000000
296 -1 -1 -1 0.000000
297 -1 -1 -1 0.000000
300 -1 -1 -1 0.000000
301 -1 -1 -1 0.000000
302 -1 -1 -1 0.000000
303 -1 -1 -1 0.000000
304 -1 -1 -1 0.000000
307 -1 -1 -1 0.000000
308 -1 -1 -1 0.000000
310 -1 -1 -1 0.000000
312 -1 -1 -1 0.000000
315 -1 -1 -1 0.000000
319 -1 -1 -1 0.000000
321 -1 -1 -1 0.000000
322 -1 -1 -1 0.000000
323 -1 -1 -1 0.000000
324 -1 -1 -1 0.000000
327 -1 -1 -1 0.000000
328 -1 -1 -1 0.000000
330 -1 -1 -1 0.000000
331 -1 -1 -1 0.000000
332 -1 -1 -1 0.000000
336 -1 -1 -1 0.000000
340 -1 -1 -1 0.000000
341 -1 -1 -1 0.000000
342 -1 -1 -1 0.000000
344 -1 -1 -1 0.000000
345 -1 -1 -1 0.000000
346 -1 -1 -1 0.000000
347 -1 -1 -1 0.000000
348 -1 -1 -1 0.000000
353 -1 -1 -1 0.000000
354 -1 -1 -1 0.000000
356 -1 -1 -1 0.000000
358 -1 -1 -1 0.000000
359 -1 -1 -1 0.000000
362 -1 -1 -1 0.000000
363 -1 -1 -1 0.000000
364 -1 -1 -1 0.000000
365 -1 -1 -1 0.000000
366 -1 -1 -1 0.000000
367 -1 -1 -1 0.000000
368 -1 -1 -1 0.000000
369 -1 -1 -1 0.000000
370 -1 -1 -1 0.000000
371 -1 -1 -1 0.000000
372 -1 -1 -1 0.000000
376 -1 -1 -1 0.000000
377 -1 -1 -1 0.000000
380 -1 -1 -1 0.000000
381 -1 -1 -1 0.000000
382 -1 -1 -1 0.000000
383 -1 -1 -1 0.000000
384 -1 -1 -1 0.000000
386 -1 -1 -1 0.000000
387 -1 -1 -1 0.000000
389 -1 -1 -1 0.000000
391 -1 -1 -1 0.000000
396 -1 -1 -1 0.000000
397 -1 -1 -1 0.000000
398 -1 -1 -1 0.000000
399 -1 -1 -1 0.000000
400 -1 -1 -1 0.000000
401 -1 -1 -1 0.000000
402 -1 -1 -1 0.000000
403 -1 -1 -1 0.000000
404 -1 -1 -1 0.000000
405 -1 -1 -1 0.000000
407 -1 -1 -1 0.000000
408 -1 -1 -1 0.000000
409 -1 -1 -1 0.000000
410 -1 -1 -1 0.000000
413 -1 -1 -1 0.000000
414 -1 -1 -1 0.000000
415 -1 -1 -1 0.000000
420 -1 -1 -1 0.000000
421 -1 -1 -1 0.000000
422 -1 -1 -1 0.000000
423 -1 -1 -1 0.000000
424 -1 -1 -1 0.000000
425 -1 -1 -1 0.000000
427 -1 -1 -1 0.000000
430 -1 -1 -1 0.000000
433 -1 -1 -1 0.000000
435 -1 -1 -1 0.000000
438 -1 -1 -1 0.000000
439 -1 -1 -1 0.000000
442 -1 -1 -1 0.000000
443 -1 -1 -1 0.000000
445 -1 -1 -1 0.000000
446 -1 -1 -1 0.000000
