304 323 -1 -1 19.336706
182 208 -1 -1 21.558202
353 377 -1 -1 23.910334
121 145 -1 -1 21.294530
280 304 -1 -1 24.075268
208 233 -1 -1 25.923235
420 439 -1 -1 14.227047
233 265 -1 -1 29.188471
265 280 -1 -1 16.889666
149 182 -1 -1 33.568367
377 400 -1 -1 22.964010
145 149 -1 -1 23.138740
323 353 -1 -1 30.852458
400 420 -1 -1 17.709578
323 342 -1 -1 22.003350
342 353 -1 -1 23.667283
323 342 353 -1 30.852458
265 272 -1 -1 15.855731
272 280 -1 -1 16.912671
265 272 280 -1 23.559155
280 295 -1 -1 11.921295
295 304 -1 -1 27.437565
280 295 304 -1 29.027311
304 318 -1 -1 28.208315
318 323 -1 -1 20.721557
304 318 323 -1 28.469391
182 191 -1 -1 22.494839
191 208 -1 -1 27.409123
182 191 208 -1 28.553920
233 272 -1 -1 30.175695
233 265 272 -1 30.777073
295 318 -1 -1 25.185692
295 304 318 -1 30.665946
149 191 -1 -1 22.229510
149 182 191 -1 35.629104
233 258 -1 -1 25.097263
258 272 -1 -1 21.889088
233 258 272 -1 36.518347
295 297 -1 -1 21.073745
297 318 -1 -1 21.950026
295 297 318 -1 31.163378
208 216 -1 -1 25.354707
216 233 -1 -1 23.075347
208 216 233 -1 30.210440
439 450 -1 -1 14.295081
377 390 -1 -1 23.679831
390 400 -1 -1 18.881051
377 390 400 -1 28.200510
121 149 -1 -1 36.759073
121 145 149 -1 38.624096
272 295 -1 -1 22.718701
272 280 295 -1 22.718701
353 362 -1 -1 29.845987
362 377 -1 -1 30.828334
353 362 377 -1 34.760259
318 342 -1 -1 17.488878
318 323 342 -1 26.324297
258 295 -1 -1 35.575212
258 272 295 -1 35.575212
191 216 -1 -1 21.169428
191 208 216 -1 31.079771
362 390 -1 -1 22.282130
362 377 390 -1 31.319967
121 143 -1 -1 23.207534
143 149 -1 -1 27.186278
121 143 149 -1 36.769148
258 297 -1 -1 30.731387
258 295 297 -1 38.502193
400 406 -1 -1 25.856743
406 420 -1 -1 26.244418
400 406 420 -1 28.454105
342 348 -1 -1 18.550406
348 353 -1 -1 31.407158
342 348 353 -1 33.358878
348 362 -1 -1 24.011406
348 353 362 -1 38.713088
390 406 -1 -1 23.823793
390 400 406 -1 29.813575
406 439 -1 -1 28.200580
406 420 439 -1 30.472978
149 176 -1 -1 31.298076
176 191 -1 -1 28.780155
149 176 191 -1 33.940689
318 330 -1 -1 29.577015
330 342 -1 -1 27.949538
318 330 342 -1 31.218321
233 239 -1 -1 29.843434
216 239 -1 -1 22.111230
216 233 239 -1 32.210016
176 216 -1 -1 34.769298
176 191 216 -1 37.078849
330 348 -1 -1 17.962575
330 342 348 -1 28.642093
406 434 -1 -1 20.655495
434 439 -1 -1 27.381673
406 434 439 -1 30.687005
239 258 -1 -1 30.369070
233 239 258 -1 34.294571
297 330 -1 -1 31.063291
297 318 330 -1 32.625244
434 450 -1 -1 19.495351
434 439 450 -1 27.381673
149 151 -1 -1 29.651000
143 151 -1 -1 21.525909
143 149 151 -1 32.552871
362 381 -1 -1 29.334947
381 390 -1 -1 26.780497
362 381 390 -1 31.699005
381 406 -1 -1 23.368638
381 390 406 -1 28.997987
258 281 -1 -1 23.228568
281 297 -1 -1 28.177722
258 281 297 -1 33.100284
297 299 -1 -1 17.032388
121 127 -1 -1 40.677793
127 143 -1 -1 17.972801
121 127 143 -1 42.062860
151 176 -1 -1 27.881356
149 151 176 -1 34.440613
213 216 -1 -1 26.041308
213 239 -1 -1 31.306491
213 216 239 -1 33.726878
281 299 -1 -1 20.208858
281 297 299 -1 29.603569
299 330 -1 -1 27.940681
297 299 330 -1 31.144359
176 213 -1 -1 29.382075
176 213 216 -1 37.414673
320 330 -1 -1 17.717322
299 320 -1 -1 26.223561
299 320 330 -1 38.107625
348 351 -1 -1 22.960023
351 362 -1 -1 27.477999
348 351 362 -1 28.888934
127 151 -1 -1 22.034673
127 143 151 -1 24.490177
258 273 -1 -1 26.067959
273 281 -1 -1 12.359975
258 273 281 -1 27.228027
419 434 -1 -1 15.083749
254 258 -1 -1 30.229380
239 254 -1 -1 17.617971
239 254 258 -1 40.186535
213 254 -1 -1 35.372594
213 239 254 -1 39.350372
254 273 -1 -1 21.107469
254 258 273 -1 31.287517
330 351 -1 -1 24.997004
330 348 351 -1 29.834868
406 419 -1 -1 26.703564
406 419 434 -1 26.703564
273 299 -1 -1 22.150146
273 281 299 -1 22.415915
299 301 -1 -1 26.381710
301 320 -1 -1 14.476437
299 301 320 -1 28.851184
351 381 -1 -1 34.416900
351 362 381 -1 37.696680
273 301 -1 -1 29.672087
273 299 301 -1 34.481967
127 138 -1 -1 24.280817
138 151 -1 -1 22.181795
127 138 151 -1 27.684224
381 402 -1 -1 41.543422
402 406 -1 -1 43.835947
381 402 406 -1 43.896061
381 402 406 -1 43.896061
402 419 -1 -1 30.869861
402 406 419 -1 43.835947
402 406 419 -1 43.835947
213 241 -1 -1 23.351653
241 254 -1 -1 18.203656
213 241 254 -1 36.295388
351 372 -1 -1 28.951213
372 381 -1 -1 19.169625
351 372 381 -1 36.172083
254 262 -1 -1 22.771512
262 273 -1 -1 16.936064
254 262 273 -1 24.109655
381 405 -1 -1 21.288530
402 405 -1 -1 20.294721
381 402 405 -1 41.543422
372 405 -1 -1 23.655763
372 381 405 -1 30.719453
176 189 -1 -1 25.266456
241 262 -1 -1 25.369546
241 254 262 -1 30.415423
189 213 -1 -1 33.099636
176 189 213 -1 34.086944
273 286 -1 -1 29.512584
286 301 -1 -1 19.937272
273 286 301 -1 34.385151
151 169 -1 -1 27.004001
169 176 -1 -1 36.393239
151 169 176 -1 45.050008
138 169 -1 -1 21.411742
138 151 169 -1 29.103521
330 336 -1 -1 35.993147
336 351 -1 -1 25.830611
330 336 351 -1 36.811725
169 189 -1 -1 18.607031
169 176 189 -1 36.393239
351 361 -1 -1 28.467611
361 372 -1 -1 25.494996
351 361 372 -1 41.085325
262 286 -1 -1 22.235020
262 273 286 -1 31.508391
320 336 -1 -1 24.060310
320 330 336 -1 36.410601
419 437 -1 -1 27.701460
241 251 -1 -1 18.061200
251 262 -1 -1 15.167014
241 251 262 -1 25.369546
213 218 -1 -1 24.698728
218 241 -1 -1 24.797573
213 218 241 -1 28.442934
402 437 -1 -1 24.839409
402 419 437 -1 33.317803
372 402 -1 -1 26.282624
372 402 405 -1 26.766768
189 218 -1 -1 24.460339
189 213 218 -1 42.779322
336 361 -1 -1 23.907745
336 351 361 -1 29.556380
183 189 -1 -1 18.754253
183 218 -1 -1 23.037720
183 189 218 -1 30.856445
361 378 -1 -1 25.015734
372 378 -1 -1 23.974970
361 372 378 -1 36.806887
238 241 -1 -1 26.276385
218 238 -1 -1 21.062822
218 238 241 -1 28.225096
378 402 -1 -1 26.201521
372 378 402 -1 31.807079
238 251 -1 -1 16.018976
238 241 251 -1 26.417436
169 183 -1 -1 25.904499
169 183 189 -1 25.953807
138 139 -1 -1 25.586443
139 169 -1 -1 28.490956
138 139 169 -1 31.479770
301 322 -1 -1 32.558973
320 322 -1 -1 35.952664
301 320 322 -1 36.071490
322 336 -1 -1 25.993370
320 322 336 -1 36.182633
402 425 -1 -1 19.427987
425 437 -1 -1 14.781723
402 425 437 -1 24.839409
262 268 -1 -1 28.651508
268 286 -1 -1 23.365831
262 268 286 -1 29.968033
251 268 -1 -1 24.004132
251 262 268 -1 29.549977
296 301 -1 -1 34.341631
286 296 -1 -1 24.275005
286 296 301 -1 34.341631
296 322 -1 -1 20.753863
296 301 322 -1 36.144912
169 171 -1 -1 26.803557
171 183 -1 -1 20.369283
169 171 183 -1 30.198161
217 218 -1 -1 27.387392
217 238 -1 -1 23.079314
217 218 238 -1 32.422176
139 167 -1 -1 14.171592
167 169 -1 -1 26.264667
139 167 169 -1 28.615883
167 171 -1 -1 10.811868
167 169 171 -1 27.067047
322 344 -1 -1 19.803887
336 344 -1 -1 21.414679
322 336 344 -1 29.371589
183 217 -1 -1 29.710343
183 217 218 -1 31.888499
344 361 -1 -1 23.575268
336 344 361 -1 30.562567
238 255 -1 -1 14.487746
251 255 -1 -1 21.584345
238 251 255 -1 21.687581
255 268 -1 -1 19.217300
251 255 268 -1 26.485401
268 296 -1 -1 25.379784
268 286 296 -1 32.222252
402 413 -1 -1 33.534493
413 425 -1 -1 15.823548
402 413 425 -1 33.768155
425 441 -1 -1 14.858592
437 441 -1 -1 26.728765
425 437 441 -1 27.142171
361 366 -1 -1 28.548282
366 378 -1 -1 24.803765
361 366 378 -1 30.477097
425 436 -1 -1 31.593626
436 441 -1 -1 16.119315
425 436 441 -1 31.593626
378 393 -1 -1 28.677876
393 402 -1 -1 41.992155
378 393 402 -1 42.327473
183 184 -1 -1 25.813932
184 217 -1 -1 28.571541
183 184 217 -1 32.735125
393 413 -1 -1 20.168218
393 402 413 -1 42.346494
436 437 -1 -1 36.944304
436 437 441 -1 36.944304
436 437 441 -1 36.944304
413 436 -1 -1 31.559316
413 425 436 -1 37.737627
171 184 -1 -1 24.898353
171 183 184 -1 30.320411
139 171 -1 -1 27.581400
139 167 171 -1 27.581400
131 139 -1 -1 24.690048
344 350 -1 -1 18.081198
350 361 -1 -1 40.724219
344 350 361 -1 41.031029
350 366 -1 -1 24.637530
350 361 366 -1 41.686225
267 268 -1 -1 21.901920
255 267 -1 -1 22.092077
255 267 268 -1 27.214647
366 393 -1 -1 24.358094
366 378 393 -1 32.378781
139 158 -1 -1 30.526462
158 171 -1 -1 20.945384
139 158 171 -1 34.482104
235 238 -1 -1 34.056212
235 255 -1 -1 31.609951
235 238 255 -1 34.679452
217 235 -1 -1 28.273613
217 235 238 -1 35.121223
268 289 -1 -1 29.554153
289 296 -1 -1 23.219840
268 289 296 -1 31.225947
428 436 -1 -1 11.792830
413 428 -1 -1 18.478402
413 428 436 -1 31.559316
322 326 -1 -1 30.785856
326 344 -1 -1 34.700548
322 326 344 -1 35.277222
131 158 -1 -1 20.932971
131 139 158 -1 32.486351
235 267 -1 -1 25.218511
235 255 267 -1 34.938071
326 350 -1 -1 23.249692
326 344 350 -1 35.552019
296 321 -1 -1 29.980148
321 322 -1 -1 29.036532
296 321 322 -1 30.919113
267 289 -1 -1 22.934420
267 268 289 -1 31.520753
171 174 -1 -1 26.973031
158 174 -1 -1 16.660911
158 171 174 -1 28.417850
174 184 -1 -1 27.038637
171 174 184 -1 32.450901
321 326 -1 -1 19.670231
321 322 326 -1 33.937513
350 355 -1 -1 17.210552
355 366 -1 -1 24.292264
350 355 366 -1 28.566223
289 321 -1 -1 27.075431
289 296 321 -1 32.182892
393 399 -1 -1 17.336173
399 413 -1 -1 22.520981
393 399 413 -1 23.501734
399 428 -1 -1 24.074427
399 413 428 -1 26.702731
131 133 -1 -1 20.553370
133 158 -1 -1 23.729983
131 133 158 -1 33.183201
184 220 -1 -1 24.990161
217 220 -1 -1 30.873444
184 217 220 -1 32.060266
428 429 -1 -1 11.860004
399 429 -1 -1 21.420446
399 428 429 -1 31.324564
220 235 -1 -1 27.171199
217 220 235 -1 35.230955
429 436 -1 -1 24.013626
428 429 436 -1 24.013626
289 306 -1 -1 21.422706
306 321 -1 -1 24.600123
289 306 321 -1 27.186604
366 379 -1 -1 25.020592
379 393 -1 -1 28.319964
366 379 393 -1 30.132767
355 376 -1 -1 18.955437
366 376 -1 -1 24.445699
355 366 376 -1 24.875529
306 326 -1 -1 24.046588
306 321 326 -1 26.096975
376 379 -1 -1 20.247814
366 376 379 -1 27.042694
267 274 -1 -1 20.293066
274 289 -1 -1 19.563251
267 274 289 -1 24.126213
184 199 -1 -1 26.315519
199 220 -1 -1 16.624944
184 199 220 -1 30.468841
235 274 -1 -1 31.187041
235 267 274 -1 31.502822
379 399 -1 -1 27.924101
379 393 399 -1 29.207212
345 350 -1 -1 34.793360
326 345 -1 -1 23.864992
326 345 350 -1 35.137137
345 355 -1 -1 21.752414
345 350 355 -1 34.793360
133 161 -1 -1 22.850094
158 161 -1 -1 28.516816
133 158 161 -1 31.306080
161 174 -1 -1 17.850411
158 161 174 -1 28.516816
174 199 -1 -1 18.400461
174 184 199 -1 33.574924
414 429 -1 -1 26.056090
399 414 -1 -1 23.970640
399 414 429 -1 28.725697
379 401 -1 -1 17.555490
399 401 -1 -1 15.538206
379 399 401 -1 28.688012
235 245 -1 -1 33.096339
245 274 -1 -1 29.167688
235 245 274 -1 37.987500
274 306 -1 -1 28.088234
274 289 306 -1 28.536322
355 367 -1 -1 18.596434
367 376 -1 -1 13.309621
355 367 376 -1 22.819577
367 379 -1 -1 19.451823
367 376 379 -1 22.544907
401 414 -1 -1 22.759780
399 401 414 -1 26.635573
174 193 -1 -1 24.667597
193 199 -1 -1 12.602230
174 193 199 -1 24.667597
193 220 -1 -1 20.081054
193 199 220 -1 20.957493
220 232 -1 -1 22.801008
232 235 -1 -1 32.487233
220 232 235 -1 34.324638
306 313 -1 -1 17.178862
313 326 -1 -1 27.540928
306 313 326 -1 32.024801
274 293 -1 -1 20.958293
293 306 -1 -1 18.373568
274 293 306 -1 29.487732
161 193 -1 -1 26.658829
161 174 193 -1 30.833989
363 379 -1 -1 34.742614
363 367 -1 -1 23.788231
363 367 379 -1 34.946379
232 245 -1 -1 35.156764
232 235 245 -1 40.830170
313 345 -1 -1 23.022094
313 326 345 -1 30.809823
345 367 -1 -1 30.149323
345 355 367 -1 30.475253
161 186 -1 -1 22.927709
186 193 -1 -1 17.182015
161 186 193 -1 26.665574
193 205 -1 -1 24.270640
205 220 -1 -1 34.015643
193 205 220 -1 34.657516
205 232 -1 -1 28.068054
205 220 232 -1 34.585660
345 363 -1 -1 25.455172
345 363 367 -1 30.149323
133 144 -1 -1 27.127137
144 161 -1 -1 20.171322
133 144 161 -1 29.568201
245 293 -1 -1 33.342611
245 274 293 -1 35.430662
379 388 -1 -1 20.928480
363 388 -1 -1 21.089050
363 379 388 -1 34.742614
293 313 -1 -1 27.597044
293 306 313 -1 27.791651
379 397 -1 -1 32.850982
397 401 -1 -1 27.915220
379 397 401 -1 33.283895
388 397 -1 -1 19.840038
379 388 397 -1 34.376864
397 414 -1 -1 33.113117
397 401 414 -1 38.004307
186 205 -1 -1 21.771983
186 193 205 -1 26.726378
309 313 -1 -1 17.355375
293 309 -1 -1 21.967008
293 309 313 -1 29.614922
232 240 -1 -1 21.094646
205 240 -1 -1 23.020074
205 232 240 -1 34.322703
240 245 -1 -1 24.225728
232 240 245 -1 37.085973
285 293 -1 -1 15.131071
245 285 -1 -1 30.872194
245 285 293 -1 36.193832
313 331 -1 -1 30.648326
331 345 -1 -1 30.350097
313 331 345 -1 32.847865
414 423 -1 -1 21.911968
159 161 -1 -1 38.326287
159 186 -1 -1 33.468959
159 161 186 -1 40.760655
144 159 -1 -1 22.941205
144 159 161 -1 39.198090
285 309 -1 -1 19.802265
285 293 309 -1 23.507452
345 349 -1 -1 22.233800
349 363 -1 -1 23.171982
345 349 363 -1 29.288153
309 331 -1 -1 21.882897
309 313 331 -1 31.553671
331 349 -1 -1 15.483751
331 345 349 -1 30.655079
137 144 -1 -1 15.446716
397 423 -1 -1 32.084957
397 414 423 -1 37.260298
363 387 -1 -1 26.781212
387 388 -1 -1 24.660070
363 387 388 -1 27.761010
387 397 -1 -1 19.136409
387 388 397 -1 24.871800
186 197 -1 -1 23.565841
197 205 -1 -1 27.134219
186 197 205 -1 34.024804
159 197 -1 -1 25.580869
159 186 197 -1 34.856514
205 234 -1 -1 23.603420
234 240 -1 -1 12.924154
205 234 240 -1 26.155053
359 363 -1 -1 29.236522
359 387 -1 -1 30.143482
359 363 387 -1 46.989274
245 270 -1 -1 35.857840
270 285 -1 -1 21.276709
245 270 285 -1 37.446709
285 291 -1 -1 24.363290
291 309 -1 -1 21.830411
285 291 309 -1 26.917589
229 240 -1 -1 29.645706
229 245 -1 -1 39.794563
229 240 245 -1 39.794563
397 403 -1 -1 24.717660
403 423 -1 -1 25.934860
397 403 423 -1 32.432630
270 291 -1 -1 27.080498
270 285 291 -1 34.855882
349 359 -1 -1 26.399079
349 359 363 -1 37.573920
229 270 -1 -1 29.176011
229 245 270 -1 40.380407
309 319 -1 -1 21.557264
319 331 -1 -1 16.528233
309 319 331 -1 24.186503
423 451 -1 -1 28.475179
137 159 -1 -1 28.449093
137 144 159 -1 31.114447
205 219 -1 -1 26.266674
219 234 -1 -1 21.309088
205 219 234 -1 27.239813
229 234 -1 -1 22.124602
229 234 240 -1 29.956937
291 319 -1 -1 19.963637
291 309 319 -1 26.421088
132 137 -1 -1 18.147234
197 219 -1 -1 20.460232
197 205 219 -1 34.818166
219 229 -1 -1 19.786300
219 229 234 -1 26.075204
135 137 -1 -1 31.505502
135 159 -1 -1 31.025789
135 137 159 -1 34.204872
387 403 -1 -1 35.983090
387 397 403 -1 36.656525
403 451 -1 -1 35.047584
403 423 451 -1 39.594391
132 135 -1 -1 14.585063
132 135 137 -1 31.659144
159 181 -1 -1 25.589009
181 197 -1 -1 20.889845
159 181 197 -1 29.401627
270 275 -1 -1 27.648133
275 291 -1 -1 18.323362
270 275 291 -1 29.662744
327 331 -1 -1 32.384868
327 349 -1 -1 35.841976
327 331 349 -1 35.841976
327 359 -1 -1 30.578314
327 349 359 -1 40.017222
229 275 -1 -1 33.399771
229 270 275 -1 34.952401
387 396 -1 -1 22.374010
396 403 -1 -1 25.260154
387 396 403 -1 38.508425
229 247 -1 -1 27.836568
247 275 -1 -1 24.504509
229 247 275 -1 44.300877
319 327 -1 -1 20.686737
319 327 331 -1 35.499558
359 370 -1 -1 17.991197
370 387 -1 -1 23.994321
359 370 387 -1 33.395615
403 427 -1 -1 22.339787
427 451 -1 -1 26.454441
403 427 451 -1 35.876303
181 219 -1 -1 28.201219
181 197 219 -1 28.818797
370 396 -1 -1 23.989887
370 387 396 -1 27.099756
291 327 -1 -1 37.360964
291 319 327 -1 37.360964
159 166 -1 -1 37.696922
135 166 -1 -1 18.889015
135 159 166 -1 41.541183
291 305 -1 -1 30.161278
305 327 -1 -1 26.423245
291 305 327 -1 38.553929
214 219 -1 -1 19.282601
370 375 -1 -1 42.677886
375 396 -1 -1 38.397159
370 375 396 -1 52.534688
181 214 -1 -1 25.670455
181 214 219 -1 30.110777
166 181 -1 -1 26.214284
159 166 181 -1 41.372789
214 229 -1 -1 39.737025
214 219 229 -1 39.811971
275 305 -1 -1 26.366675
275 291 305 -1 30.424494
375 403 -1 -1 50.360173
375 396 403 -1 50.360173
226 229 -1 -1 35.537795
214 226 -1 -1 17.010973
214 226 229 -1 42.257944
327 347 -1 -1 18.344934
347 359 -1 -1 40.117260
327 347 359 -1 40.773955
135 155 -1 -1 17.980602
155 166 -1 -1 13.741475
135 155 166 -1 21.602992
375 427 -1 -1 49.441914
375 403 427 -1 54.222592
166 170 -1 -1 18.293556
170 181 -1 -1 25.575589
166 170 181 -1 28.322052
181 203 -1 -1 22.691712
203 214 -1 -1 12.032146
181 203 214 -1 27.650381
155 170 -1 -1 13.037842
155 166 170 -1 19.156890
226 247 -1 -1 34.539081
226 229 247 -1 36.872325
358 359 -1 -1 39.500046
358 370 -1 -1 25.550190
358 359 370 -1 39.511174
114 135 -1 -1 35.915647
170 187 -1 -1 18.839846
181 187 -1 -1 22.385056
170 181 187 -1 26.903182
275 292 -1 -1 24.756749
292 305 -1 -1 19.901913
275 292 305 -1 28.502515
187 203 -1 -1 13.529597
181 187 203 -1 25.213804
347 358 -1 -1 16.896330
347 358 359 -1 44.869893
358 375 -1 -1 44.753711
358 370 375 -1 51.084322
422 427 -1 -1 22.761163
375 422 -1 -1 38.223450
375 422 427 -1 49.441914
247 292 -1 -1 30.461842
247 275 292 -1 31.588121
305 310 -1 -1 25.216212
310 327 -1 -1 36.071940
305 310 327 -1 37.151043
114 155 -1 -1 37.967228
114 135 155 -1 40.062856
114 146 -1 -1 26.192065
146 155 -1 -1 21.436633
114 146 155 -1 37.967228
146 170 -1 -1 18.909988
146 155 170 -1 25.335310
310 347 -1 -1 35.578530
310 327 347 -1 39.353799
203 226 -1 -1 21.846574
203 214 226 -1 28.649452
163 170 -1 -1 21.265523
163 187 -1 -1 29.811894
163 170 187 -1 34.293713
187 211 -1 -1 18.048822
203 211 -1 -1 11.913943
187 203 211 -1 20.557037
422 453 -1 -1 30.063724
427 453 -1 -1 36.681099
422 427 453 -1 36.681099
226 242 -1 -1 43.921897
242 247 -1 -1 31.117843
226 242 247 -1 49.012861
292 310 -1 -1 24.128993
292 305 310 -1 27.390669
334 347 -1 -1 26.217895
334 358 -1 -1 28.954663
334 347 358 -1 33.462872
310 334 -1 -1 19.100814
310 334 347 -1 35.593250
211 226 -1 -1 21.077791
203 211 226 -1 31.325274
187 206 -1 -1 26.343031
206 211 -1 -1 15.914515
187 206 211 -1 27.691596
146 163 -1 -1 23.784046
146 163 170 -1 26.155035
163 198 -1 -1 21.448464
187 198 -1 -1 21.490820
163 187 198 -1 30.673853
226 230 -1 -1 24.515928
211 230 -1 -1 19.749676
211 226 230 -1 25.940972
230 242 -1 -1 29.254861
226 230 242 -1 43.921897
358 365 -1 -1 36.172990
365 375 -1 -1 37.941096
358 365 375 -1 46.934540
422 442 -1 -1 20.685463
442 453 -1 -1 20.241351
422 442 453 -1 30.063724
198 206 -1 -1 18.918703
187 198 206 -1 26.343031
206 230 -1 -1 18.435918
206 211 230 -1 22.976489
247 287 -1 -1 45.629204
287 292 -1 -1 21.386103
247 287 292 -1 46.529814
242 287 -1 -1 31.196474
242 247 287 -1 45.629204
287 310 -1 -1 26.167050
287 292 310 -1 30.225790
334 365 -1 -1 42.720096
334 358 365 -1 44.240197
114 129 -1 -1 29.763709
129 146 -1 -1 27.712247
114 129 146 -1 31.745555
334 338 -1 -1 37.390726
338 365 -1 -1 36.003715
334 338 365 -1 48.774873
375 411 -1 -1 49.293629
411 422 -1 -1 26.341368
375 411 422 -1 50.726068
129 163 -1 -1 33.993341
129 146 163 -1 34.287622
198 204 -1 -1 15.121579
204 206 -1 -1 15.993723
198 204 206 -1 20.409033
129 152 -1 -1 25.379110
152 163 -1 -1 25.651862
129 152 163 -1 38.177932
206 221 -1 -1 28.021394
221 230 -1 -1 31.373478
206 221 230 -1 35.684520
411 426 -1 -1 13.560864
422 426 -1 -1 32.224393
411 422 426 -1 32.224393
426 442 -1 -1 20.258952
422 426 442 -1 32.712509
221 242 -1 -1 34.937217
221 230 242 -1 35.958749
163 192 -1 -1 29.463873
192 198 -1 -1 27.312207
163 192 198 -1 29.463873
192 204 -1 -1 18.495967
192 198 204 -1 28.571145
365 394 -1 -1 25.121967
375 394 -1 -1 51.773420
365 375 394 -1 51.773420
204 221 -1 -1 22.466403
204 206 221 -1 30.123110
287 290 -1 -1 22.025805
290 310 -1 -1 39.257218
287 290 310 -1 39.257218
394 411 -1 -1 18.046860
375 394 411 -1 55.972509
307 310 -1 -1 39.329871
307 334 -1 -1 42.266334
307 310 334 -1 43.798408
442 445 -1 -1 22.268635
290 307 -1 -1 18.384104
290 307 310 -1 42.704440
152 192 -1 -1 23.964205
152 163 192 -1 35.336841
242 243 -1 -1 33.919645
221 243 -1 -1 27.323785
221 242 243 -1 48.211777
307 338 -1 -1 44.953352
307 334 338 -1 53.621760
426 445 -1 -1 16.486446
426 442 445 -1 24.080949
242 276 -1 -1 40.089285
276 287 -1 -1 30.990823
242 276 287 -1 43.542850
276 290 -1 -1 23.396091
276 287 290 -1 30.990823
192 221 -1 -1 25.277461
192 204 221 -1 25.704506
243 276 -1 -1 26.910276
242 243 276 -1 44.986722
365 382 -1 -1 38.663322
382 394 -1 -1 21.073391
365 382 394 -1 40.042912
129 147 -1 -1 28.492399
147 152 -1 -1 21.553203
129 147 152 -1 33.376086
338 382 -1 -1 47.785524
338 365 382 -1 49.746659
192 195 -1 -1 21.873573
195 221 -1 -1 28.099872
192 195 221 -1 33.374564
382 411 -1 -1 43.186843
382 394 411 -1 43.186843
382 426 -1 -1 44.861234
382 411 426 -1 45.791075
426 430 -1 -1 18.862527
430 445 -1 -1 17.840098
426 430 445 -1 26.121743
382 430 -1 -1 45.488178
382 426 430 -1 46.309962
114 -1 -1 -1 0.000000
121 -1 -1 -1 0.000000
127 -1 -1 -1 0.000000
129 -1 -1 -1 0.000000
131 -1 -1 -1 0.000000
132 -1 -1 -1 0.000000
133 -1 -1 -1 0.000000
135 -1 -1 -1 0.000000
137 -1 -1 -1 0.000000
138 -1 -1 -1 0.000000
139 -1 -1 -1 0.000000
143 -1 -1 -1 0.000000
144 -1 -1 -1 0.000000
145 -1 -1 -1 0.000000
146 -1 -1 -1 0.000000
147 -1 -1 -1 0.000000
149 -1 -1 -1 0.000000
151 -1 -1 -1 0.000000
152 -1 -1 -1 0.000000
155 -1 -1 -1 0.000000
158 -1 -1 -1 0.000000
159 -1 -1 -1 0.000000
161 -1 -1 -1 0.000000
163 -1 -1 -1 0.000000
166 -1 -1 -1 0.000000
167 -1 -1 -1 0.000000
169 -1 -1 -1 0.000000
170 -1 -1 -1 0.000000
171 -1 -1 -1 0.000000
174 -1 -1 -1 0.000000
176 -1 -1 -1 0.000000
181 -1 -1 -1 0.000000
182 -1 -1 -1 0.000000
183 -1 -1 -1 0.000000
184 -1 -1 -1 0.000000
186 -1 -1 -1 0.000000
187 -1 -1 -1 0.000000
189 -1 -1 -1 0.000000
191 -1 -1 -1 0.000000
192 -1 -1 -1 0.000000
193 -1 -1 -1 0.000000
195 -1 -1 -1 0.000000
197 -1 -1 -1 0.000000
198 -1 -1 -1 0.000000
199 -1 -1 -1 0.000000
203 -1 -1 -1 0.000000
204 -1 -1 -1 0.000000
205 -1 -1 -1 0.000000
206 -1 -1 -1 0.000000
208 -1 -1 -1 0.000000
211 -1 -1 -1 0.000000
213 -1 -1 -1 0.000000
214 -1 -1 -1 0.000000
216 -1 -1 -1 0.000000
217 -1 -1 -1 0.000000
218 -1 -1 -1 0.000000
219 -1 -1 -1 0.000000
220 -1 -1 -1 0.000000
221 -1 -1 -1 0.000000
226 -1 -1 -1 0.000000
229 -1 -1 -1 0.000000
230 -1 -1 -1 0.000000
232 -1 -1 -1 0.000000
233 -1 -1 -1 0.000000
234 -1 -1 -1 0.000000
235 -1 -1 -1 0.000000
238 -1 -1 -1 0.000000
239 -1 -1 -1 0.000000
240 -1 -1 -1 0.000000
241 -1 -1 -1 0.000000
242 -1 -1 -1 0.000000
243 -1 -1 -1 0.000000
245 -1 -1 -1 0.000000
247 -1 -1 -1 0.000000
251 -1 -1 -1 0.000000
254 -1 -1 -1 0.000000
255 -1 -1 -1 0.000000
258 -1 -1 -1 0.000000
262 -1 -1 -1 0.000000
265 -1 -1 -1 0.000000
267 -1 -1 -1 0.000000
268 -1 -1 -1 0.000000
270 -1 -1 -1 0.000000
272 -1 -1 -1 0.000000
273 -1 -1 -1 0.000000
274 -1 -1 -1 0.000000
275 -1 -1 -1 0.000000
276 -1 -1 -1 0.000000
280 -1 -1 -1 0.000000
281 -1 -1 -1 0.000000
285 -1 -1 -1 0.000000
286 -1 -1 -1 0.000000
287 -1 -1 -1 0.000000
289 -1 -1 -1 0.000000
290 -1 -1 -1 0.000000
291 -1 -1 -1 0.000000
292 -1 -1 -1 0.000000
293 -1 -1 -1 0.000000
295 -1 -1 -1 0.000000
296 -1 -1 -1 0.000000
297 -1 -1 -1 0.000000
299 -1 -1 -1 0.000000
301 -1 -1 -1 0.000000
304 -1 -1 -1 0.000000
305 -1 -1 -1 0.000000
306 -1 -1 -1 0.000000
307 -1 -1 -1 0.000000
309 -1 -1 -1 0.000000
310 -1 -1 -1 0.000000
313 -1 -1 -1 0.000000
318 -1 -1 -1 0.000000
319 -1 -1 -1 0.000000
320 -1 -1 -1 0.000000
321 -1 -1 -1 0.000000
322 -1 -1 -1 0.000000
323 -1 -1 -1 0.000000
326 -1 -1 -1 0.000000
327 -1 -1 -1 0.000000
330 -1 -1 -1 0.000000
331 -1 -1 -1 0.000000
334 -1 -1 -1 0.000000
336 -1 -1 -1 0.000000
338 -1 -1 -1 0.000000
342 -1 -1 -1 0.000000
344 -1 -1 -1 0.000000
345 -1 -1 -1 0.000000
347 -1 -1 -1 0.000000
348 -1 -1 -1 0.000000
349 -1 -1 -1 0.000000
350 -1 -1 -1 0.000000
351 -1 -1 -1 0.000000
353 -1 -1 -1 0.000000
355 -1 -1 -1 0.000000
358 -1 -1 -1 0.000000
359 -1 -1 -1 0.000000
361 -1 -1 -1 0.000000
362 -1 -1 -1 0.000000
363 -1 -1 -1 0.000000
365 -1 -1 -1 0.000000
366 -1 -1 -1 0.000000
367 -1 -1 -1 0.000000
370 -1 -1 -1 0.000000
372 -1 -1 -1 0.000000
375 -1 -1 -1 0.000000
376 -1 -1 -1 0.000000
377 -1 -1 -1 0.000000
378 -1 -1 -1 0.000000
379 -1 -1 -1 0.000000
381 -1 -1 -1 0.000000
382 -1 -1 -1 0.000000
387 -1 -1 -1 0.000000
388 -1 -1 -1 0.000000
390 -1 -1 -1 0.000000
393 -1 -1 -1 0.000000
394 -1 -1 -1 0.000000
396 -1 -1 -1 0.000000
397 -1 -1 -1 0.000000
399 -1 -1 -1 0.000000
400 -1 -1 -1 0.000000
401 -1 -1 -1 0.000000
402 -1 -1 -1 0.000000
403 -1 -1 -1 0.000000
405 -1 -1 -1 0.000000
406 -1 -1 -1 0.000000
411 -1 -1 -1 0.000000
413 -1 -1 -1 0.000000
414 -1 -1 -1 0.000000
419 -1 -1 -1 0.000000
420 -1 -1 -1 0.000000
422 -1 -1 -1 0.000000
423 -1 -1 -1 0.000000
425 -1 -1 -1 0.000000
426 -1 -1 -1 0.000000
427 -1 -1 -1 0.000000
428 -1 -1 -1 0.000000
429 -1 -1 -1 0.000000
430 -1 -1 -1 0.000000
434 -1 -1 -1 0.000000
436 -1 -1 -1 0.000000
437 -1 -1 -1 0.000000
439 -1 -1 -1 0.000000
441 -1 -1 -1 0.000000
442 -1 -1 -1 0.000000
445 -1 -1 -1 0.000000
450 -1 -1 -1 0.000000
451 -1 -1 -1 0.000000
453 -1 -1 -1 0.000000
