391 426 -1 -1 22.192981
352 391 -1 -1 25.445476
322 352 -1 -1 33.897728
426 443 -1 -1 27.154422
299 322 -1 -1 30.471790
265 299 -1 -1 20.146848
190 218 -1 -1 17.935629
352 353 -1 -1 19.348603
322 353 -1 -1 24.668362
322 352 353 -1 35.051605
231 253 -1 -1 25.601597
218 231 -1 -1 18.698278
352 386 -1 -1 33.221523
386 391 -1 -1 23.806329
352 386 391 -1 35.643223
253 265 -1 -1 22.382063
391 412 -1 -1 30.043772
412 426 -1 -1 28.240345
391 412 426 -1 36.035628
443 475 -1 -1 27.192728
475 508 -1 -1 25.444367
386 412 -1 -1 17.711556
386 391 412 -1 31.239346
231 265 -1 -1 29.204091
231 253 265 -1 34.512946
353 386 -1 -1 26.097014
352 353 386 -1 35.676724
508 520 -1 -1 20.891139
426 430 -1 -1 32.126591
412 430 -1 -1 20.179713
412 426 430 -1 43.505214
190 209 -1 -1 16.126106
209 218 -1 -1 17.618892
190 209 218 -1 23.053050
430 443 -1 -1 33.114701
426 430 443 -1 35.243319
181 190 -1 -1 21.459103
209 231 -1 -1 27.548845
209 218 231 -1 27.684300
299 309 -1 -1 28.635421
309 322 -1 -1 26.210581
299 309 322 -1 34.629825
346 353 -1 -1 18.169966
322 346 -1 -1 29.842398
322 346 353 -1 31.273705
231 240 -1 -1 17.486980
240 265 -1 -1 26.403634
231 240 265 -1 29.589576
475 520 -1 -1 28.770492
475 508 520 -1 32.097749
181 209 -1 -1 19.543539
181 190 209 -1 23.504288
353 370 -1 -1 22.365549
370 386 -1 -1 19.897351
353 370 386 -1 29.162013
265 303 -1 -1 41.226459
299 303 -1 -1 43.213733
265 299 303 -1 44.076788
265 299 303 -1 44.076788
299 303 -1 -1 43.635937
303 309 -1 -1 15.301522
299 303 309 -1 43.213733
299 303 309 -1 43.213733
209 212 -1 -1 16.326173
212 231 -1 -1 28.147797
209 212 231 -1 31.016522
443 455 -1 -1 32.540468
204 209 -1 -1 15.610081
181 204 -1 -1 13.985686
181 204 209 -1 19.543539
430 455 -1 -1 15.046553
430 443 455 -1 37.254476
509 520 -1 -1 19.004787
475 509 -1 -1 26.135281
475 509 520 -1 28.912397
204 212 -1 -1 16.442082
204 209 212 -1 24.742033
265 272 -1 -1 22.740197
240 272 -1 -1 20.726746
240 265 272 -1 30.338228
265 290 -1 -1 24.789797
290 303 -1 -1 30.001395
265 290 303 -1 41.896172
346 370 -1 -1 18.269502
346 353 370 -1 26.792946
455 475 -1 -1 36.567334
443 455 475 -1 41.148423
272 290 -1 -1 8.904780
265 272 290 -1 25.805547
470 475 -1 -1 22.343625
455 470 -1 -1 25.543948
455 470 475 -1 37.317916
212 240 -1 -1 27.048973
212 231 240 -1 31.096548
386 402 -1 -1 29.986875
402 412 -1 -1 23.984598
386 402 412 -1 30.341347
309 346 -1 -1 31.502811
309 322 346 -1 45.054157
370 402 -1 -1 22.400080
370 386 402 -1 32.218459
181 195 -1 -1 18.458936
195 204 -1 -1 14.376401
181 195 204 -1 19.008516
309 341 -1 -1 29.350022
341 346 -1 -1 24.245473
309 341 346 -1 33.308032
240 252 -1 -1 25.707953
252 272 -1 -1 25.275304
240 252 272 -1 33.037999
195 212 -1 -1 17.701893
195 204 212 -1 18.134338
212 216 -1 -1 28.121903
216 240 -1 -1 27.818611
212 216 240 -1 34.866589
412 418 -1 -1 32.926149
418 430 -1 -1 25.002550
412 418 430 -1 34.226440
272 303 -1 -1 29.153242
272 290 303 -1 30.001395
370 383 -1 -1 19.279306
383 402 -1 -1 13.372005
370 383 402 -1 24.133790
455 462 -1 -1 19.517948
462 470 -1 -1 17.023427
455 462 470 -1 25.543948
272 297 -1 -1 19.870382
297 303 -1 -1 14.492712
272 297 303 -1 29.153242
402 418 -1 -1 23.453061
402 412 418 -1 33.352520
341 370 -1 -1 33.726312
341 346 370 -1 33.726312
470 509 -1 -1 27.444395
470 475 509 -1 38.786622
430 462 -1 -1 34.012390
430 455 462 -1 34.012390
303 341 -1 -1 27.604677
303 309 341 -1 31.345831
364 370 -1 -1 27.195687
341 364 -1 -1 24.856498
341 364 370 -1 34.761731
505 509 -1 -1 22.497706
470 505 -1 -1 22.982779
470 505 509 -1 30.165399
195 216 -1 -1 34.727147
195 212 216 -1 37.327620
216 252 -1 -1 25.925109
216 240 252 -1 30.313373
364 383 -1 -1 18.686126
364 370 383 -1 27.427559
272 284 -1 -1 18.470595
252 284 -1 -1 23.227156
252 272 284 -1 26.153359
284 297 -1 -1 12.289586
272 284 297 -1 22.794860
383 399 -1 -1 17.945194
399 402 -1 -1 23.777533
383 399 402 -1 25.610363
186 195 -1 -1 19.678626
399 418 -1 -1 19.883980
399 402 418 -1 26.606997
430 448 -1 -1 41.132377
448 462 -1 -1 13.287196
430 448 462 -1 43.482983
195 206 -1 -1 20.957865
206 216 -1 -1 19.504766
195 206 216 -1 34.727147
418 448 -1 -1 27.154627
418 430 448 -1 41.132377
509 529 -1 -1 24.802338
505 529 -1 -1 16.024436
505 509 529 -1 24.802338
186 206 -1 -1 14.509904
186 195 206 -1 24.527321
284 287 -1 -1 18.466953
287 297 -1 -1 14.168593
284 287 297 -1 21.468189
252 287 -1 -1 24.992881
252 284 287 -1 25.751115
470 487 -1 -1 22.967657
462 487 -1 -1 22.291630
462 470 487 -1 23.265370
297 307 -1 -1 34.548742
303 307 -1 -1 28.522188
297 303 307 -1 34.937431
487 505 -1 -1 15.685387
470 487 505 -1 30.209676
364 399 -1 -1 22.836999
364 383 399 -1 23.500690
418 427 -1 -1 20.084493
427 448 -1 -1 21.958412
418 427 448 -1 30.204110
287 307 -1 -1 27.513846
287 297 307 -1 38.388497
307 341 -1 -1 30.869719
303 307 341 -1 40.910833
216 251 -1 -1 28.481226
251 252 -1 -1 24.250240
216 251 252 -1 30.258167
448 487 -1 -1 25.134945
448 462 487 -1 25.501264
334 341 -1 -1 27.687841
334 364 -1 -1 31.117897
334 341 364 -1 37.404359
252 263 -1 -1 27.782866
263 287 -1 -1 20.404939
252 263 287 -1 32.986532
505 521 -1 -1 30.551772
521 529 -1 -1 21.033093
505 521 529 -1 30.926119
186 210 -1 -1 24.687479
206 210 -1 -1 17.333132
186 206 210 -1 24.845899
307 334 -1 -1 23.114350
307 334 341 -1 35.804307
448 479 -1 -1 26.803347
479 487 -1 -1 18.986149
448 479 487 -1 28.544986
251 263 -1 -1 25.118760
251 252 263 -1 31.423261
364 381 -1 -1 22.499774
210 216 -1 -1 30.687582
206 210 216 -1 31.006132
364 400 -1 -1 32.055507
399 400 -1 -1 22.409188
364 399 400 -1 33.133121
287 296 -1 -1 27.533597
296 307 -1 -1 20.625795
287 296 307 -1 31.616649
427 450 -1 -1 20.761363
448 450 -1 -1 22.216870
427 448 450 -1 26.048627
450 479 -1 -1 16.396330
448 450 479 -1 30.156044
186 192 -1 -1 27.382618
192 210 -1 -1 17.435210
186 192 210 -1 30.583990
381 400 -1 -1 15.839097
364 381 400 -1 32.055507
361 364 -1 -1 25.547463
334 361 -1 -1 19.901845
334 361 364 -1 31.117897
399 417 -1 -1 25.216174
417 418 -1 -1 37.315591
399 417 418 -1 40.511040
417 427 -1 -1 24.813507
417 418 427 -1 37.315591
505 512 -1 -1 26.672638
512 521 -1 -1 25.465075
505 512 521 -1 33.417021
210 234 -1 -1 14.789765
216 234 -1 -1 35.237589
210 216 234 -1 35.392730
480 487 -1 -1 35.344281
480 505 -1 -1 42.684394
480 487 505 -1 42.766937
263 296 -1 -1 19.910347
263 287 296 -1 28.769156
480 512 -1 -1 29.194810
480 505 512 -1 43.021342
234 251 -1 -1 18.085773
216 234 251 -1 40.798758
361 381 -1 -1 17.855864
361 364 381 -1 27.449812
400 417 -1 -1 13.742693
399 400 417 -1 28.276620
479 480 -1 -1 16.574731
479 480 487 -1 35.476515
249 251 -1 -1 37.932934
249 263 -1 -1 19.026556
249 251 263 -1 38.265435
234 249 -1 -1 34.482340
234 249 251 -1 42.440288
417 421 -1 -1 27.607577
421 427 -1 -1 23.378733
417 421 427 -1 27.607577
400 421 -1 -1 19.722190
400 417 421 -1 29.619070
397 400 -1 -1 12.286740
381 397 -1 -1 21.502205
381 397 400 -1 23.130670
427 441 -1 -1 22.541798
441 450 -1 -1 21.912021
427 441 450 -1 25.107822
512 518 -1 -1 25.424109
518 521 -1 -1 18.125596
512 518 521 -1 26.719864
421 441 -1 -1 14.326347
421 427 441 -1 24.378143
361 378 -1 -1 15.151072
378 381 -1 -1 16.872478
361 378 381 -1 21.790419
480 518 -1 -1 23.976892
480 512 518 -1 29.817722
378 397 -1 -1 13.558644
378 381 397 -1 21.895222
192 221 -1 -1 20.676847
210 221 -1 -1 21.355873
192 210 221 -1 24.497810
221 234 -1 -1 19.064339
210 221 234 -1 24.678957
307 317 -1 -1 36.636086
317 334 -1 -1 27.258164
307 317 334 -1 37.073911
249 296 -1 -1 31.749003
249 263 296 -1 31.749003
334 350 -1 -1 28.119525
350 361 -1 -1 22.623387
334 350 361 -1 29.303420
296 317 -1 -1 28.529054
296 307 317 -1 39.374382
441 445 -1 -1 35.378795
445 450 -1 -1 25.394132
441 445 450 -1 37.563310
234 237 -1 -1 20.146676
221 237 -1 -1 13.496310
221 234 237 -1 20.824819
237 249 -1 -1 32.775809
234 237 249 -1 37.075898
445 479 -1 -1 29.093009
445 450 479 -1 30.281373
445 480 -1 -1 31.067741
445 479 480 -1 31.067741
397 421 -1 -1 21.474599
397 400 421 -1 31.499341
192 197 -1 -1 22.981104
421 445 -1 -1 35.862223
421 441 445 -1 37.164852
197 221 -1 -1 15.521368
192 197 221 -1 24.358604
237 247 -1 -1 6.799147
247 249 -1 -1 23.910694
237 247 249 -1 32.853994
397 416 -1 -1 30.214922
416 421 -1 -1 17.047168
397 416 421 -1 31.816322
317 350 -1 -1 28.245815
317 334 350 -1 34.312675
249 301 -1 -1 40.157895
296 301 -1 -1 40.471707
249 296 301 -1 46.517423
301 317 -1 -1 26.757330
296 301 317 -1 40.471707
374 378 -1 -1 28.745013
374 397 -1 -1 34.577717
374 378 397 -1 35.831697
361 374 -1 -1 36.317736
350 374 -1 -1 21.753975
350 378 -1 -1 23.660742
361 374 378 -1 36.317736
350 361 374 -1 36.317736
350 361 378 -1 29.620122
350 374 378 -1 36.317736
350 361 374 378 36.317736
480 497 -1 -1 22.494778
497 518 -1 -1 21.873792
480 497 518 -1 28.437618
416 445 -1 -1 26.499651
416 421 445 -1 36.228944
397 401 -1 -1 46.750535
374 401 -1 -1 21.104466
374 397 401 -1 48.848000
401 416 -1 -1 26.613797
397 401 416 -1 46.757781
235 237 -1 -1 11.775550
235 247 -1 -1 14.367596
235 237 247 -1 15.344452
221 235 -1 -1 19.210830
221 235 237 -1 19.210830
226 247 -1 -1 32.181560
226 249 -1 -1 34.035627
226 247 249 -1 34.873559
226 235 -1 -1 15.557918
226 235 247 -1 32.345756
249 270 -1 -1 32.964208
270 301 -1 -1 19.158849
249 270 301 -1 40.157895
179 197 -1 -1 14.309327
518 532 -1 -1 24.055791
497 532 -1 -1 21.410514
497 518 532 -1 28.038829
317 325 -1 -1 17.942969
301 325 -1 -1 17.038068
301 317 325 -1 26.757330
445 497 -1 -1 36.197971
445 480 497 -1 36.555586
226 270 -1 -1 31.859173
226 249 270 -1 38.967868
197 221 -1 -1 28.712969
221 235 -1 -1 28.869134
197 226 -1 -1 28.546408
197 226 -1 -1 28.818949
226 235 -1 -1 27.382117
317 344 -1 -1 34.231126
344 350 -1 -1 20.203394
317 344 350 -1 36.055267
416 429 -1 -1 19.776464
429 445 -1 -1 30.310685
416 429 445 -1 34.907268
445 456 -1 -1 22.659141
429 456 -1 -1 28.710308
429 445 456 -1 33.980398
325 344 -1 -1 28.428466
317 325 344 -1 34.231126
401 429 -1 -1 20.861064
401 416 429 -1 28.033138
497 499 -1 -1 14.238587
445 499 -1 -1 44.944328
445 497 499 -1 44.944328
344 374 -1 -1 25.652066
344 350 374 -1 30.112957
169 179 -1 -1 17.759513
226 255 -1 -1 25.659728
255 270 -1 -1 24.590178
226 255 270 -1 32.477471
325 337 -1 -1 40.024434
337 344 -1 -1 22.122905
325 337 344 -1 40.102739
445 491 -1 -1 44.790818
491 499 -1 -1 15.149159
445 491 499 -1 48.283548
497 524 -1 -1 24.836759
524 532 -1 -1 21.284401
497 524 532 -1 29.516347
197 219 -1 -1 38.886769
219 226 -1 -1 31.882585
197 219 226 -1 39.236370
456 491 -1 -1 24.013901
445 456 491 -1 44.790818
179 219 -1 -1 32.059234
179 197 219 -1 39.973595
301 337 -1 -1 37.125709
301 325 337 -1 42.176226
499 524 -1 -1 16.607364
497 499 524 -1 24.836759
429 444 -1 -1 16.010525
444 456 -1 -1 16.987837
429 444 456 -1 28.710308
270 275 -1 -1 14.656840
255 275 -1 -1 12.122289
255 270 275 -1 24.590178
344 371 -1 -1 26.694015
371 374 -1 -1 27.995140
344 371 374 -1 29.917513
169 219 -1 -1 34.205805
169 179 219 -1 34.328413
226 242 -1 -1 28.847324
242 255 -1 -1 15.888901
226 242 255 -1 30.121639
301 310 -1 -1 32.195392
310 337 -1 -1 23.843202
301 310 337 -1 40.661083
164 169 -1 -1 20.272026
371 401 -1 -1 31.897701
371 374 401 -1 39.997677
219 242 -1 -1 17.051806
219 226 242 -1 35.787210
337 371 -1 -1 27.636067
337 344 371 -1 28.775109
491 524 -1 -1 23.197146
491 499 524 -1 25.670069
401 424 -1 -1 36.174902
424 429 -1 -1 25.373498
401 424 429 -1 36.849272
270 310 -1 -1 41.259030
270 301 310 -1 41.259030
169 205 -1 -1 29.214017
205 219 -1 -1 17.312220
169 205 219 -1 36.625660
424 444 -1 -1 20.535161
424 429 444 -1 27.135784
444 451 -1 -1 17.296295
451 456 -1 -1 24.732945
444 451 456 -1 24.800915
384 401 -1 -1 33.509122
371 384 -1 -1 19.175098
371 384 401 -1 40.794181
456 482 -1 -1 32.377412
482 491 -1 -1 19.583755
456 482 491 -1 33.271179
451 482 -1 -1 19.537096
451 456 482 -1 33.286608
337 359 -1 -1 27.643282
359 371 -1 -1 22.250112
337 359 371 -1 34.041755
524 527 -1 -1 19.698900
270 302 -1 -1 42.833434
310 314 -1 -1 23.819718
314 337 -1 -1 27.180304
310 314 337 -1 32.012896
491 527 -1 -1 31.464562
491 524 527 -1 31.945087
275 302 -1 -1 22.403286
270 275 302 -1 42.833434
302 310 -1 -1 21.857147
270 302 310 -1 48.535168
164 205 -1 -1 28.762027
164 169 205 -1 30.545177
384 424 -1 -1 26.398032
384 401 424 -1 42.649972
275 281 -1 -1 17.662747
255 281 -1 -1 26.514545
255 275 281 -1 26.902004
281 302 -1 -1 11.572292
275 281 302 -1 23.933430
424 451 -1 -1 23.972437
424 444 451 -1 25.286990
491 507 -1 -1 22.106336
482 507 -1 -1 14.527906
482 491 507 -1 22.694448
359 384 -1 -1 25.642519
359 371 384 -1 27.846671
507 527 -1 -1 22.411394
491 507 527 -1 36.363954
507 522 -1 -1 18.754435
522 527 -1 -1 29.985973
507 522 527 -1 34.307215
242 243 -1 -1 31.705139
243 255 -1 -1 31.662333
242 243 255 -1 33.684438
384 410 -1 -1 33.924940
410 424 -1 -1 28.635775
384 410 424 -1 38.246914
243 281 -1 -1 30.460732
243 255 281 -1 34.480244
304 310 -1 -1 56.403973
302 304 -1 -1 55.596976
302 304 310 -1 56.570165
302 304 310 -1 56.570165
304 314 -1 -1 28.631717
304 310 314 -1 56.403973
304 310 314 -1 56.403973
281 304 -1 -1 49.770412
281 302 304 -1 56.622655
424 436 -1 -1 22.252849
436 451 -1 -1 24.077291
424 436 451 -1 26.741580
451 463 -1 -1 21.828942
463 482 -1 -1 17.999566
451 463 482 -1 25.619609
384 390 -1 -1 16.966605
390 410 -1 -1 20.114374
384 390 410 -1 34.027654
359 390 -1 -1 22.908542
359 384 390 -1 27.340653
219 243 -1 -1 48.804302
219 242 243 -1 49.150924
410 436 -1 -1 22.078292
410 424 436 -1 29.730161
219 224 -1 -1 40.494873
205 224 -1 -1 25.757052
205 219 224 -1 40.494873
164 173 -1 -1 27.611626
224 243 -1 -1 36.526061
219 224 243 -1 49.424529
243 304 -1 -1 40.433788
243 281 304 -1 49.770412
337 347 -1 -1 46.658020
314 347 -1 -1 29.071616
314 337 347 -1 46.658020
347 359 -1 -1 21.590110
337 347 359 -1 47.702509
436 463 -1 -1 25.612007
436 451 463 -1 27.418229
173 205 -1 -1 24.707364
164 173 205 -1 39.149028
359 382 -1 -1 24.539073
382 390 -1 -1 9.976649
359 382 390 -1 25.564019
482 500 -1 -1 28.360715
500 507 -1 -1 20.861805
482 500 507 -1 28.850038
173 224 -1 -1 33.464593
173 205 224 -1 34.647699
500 522 -1 -1 21.416543
500 507 522 -1 24.770080
463 500 -1 -1 25.356735
463 482 500 -1 31.268123
314 329 -1 -1 24.280496
220 224 -1 -1 15.394765
173 220 -1 -1 26.401167
173 220 224 -1 33.464593
329 347 -1 -1 16.452985
314 329 347 -1 31.003323
436 438 -1 -1 22.412827
438 463 -1 -1 27.951050
436 438 463 -1 29.423390
359 377 -1 -1 30.566658
377 382 -1 -1 12.913785
359 377 382 -1 30.898994
410 438 -1 -1 26.655188
410 436 438 -1 29.404968
243 276 -1 -1 30.456459
276 304 -1 -1 19.411996
243 276 304 -1 42.151055
304 329 -1 -1 21.610813
304 314 329 -1 30.592242
347 377 -1 -1 20.034847
347 359 377 -1 31.504610
224 236 -1 -1 30.486468
236 243 -1 -1 28.104537
224 236 243 -1 37.447820
382 410 -1 -1 27.841056
382 390 410 -1 27.841056
463 466 -1 -1 16.154213
438 466 -1 -1 19.969600
438 463 466 -1 29.623349
463 493 -1 -1 27.624481
493 500 -1 -1 13.262199
463 493 500 -1 29.458558
510 522 -1 -1 25.831399
500 510 -1 -1 15.457473
500 510 522 -1 27.056592
377 410 -1 -1 31.644976
377 382 410 -1 32.515502
466 493 -1 -1 17.117257
463 466 493 -1 27.624481
522 526 -1 -1 32.016406
220 236 -1 -1 25.231799
220 224 236 -1 32.235248
377 395 -1 -1 22.526579
395 410 -1 -1 29.997915
377 395 410 -1 39.088292
493 494 -1 -1 24.893183
494 500 -1 -1 26.581061
493 494 500 -1 31.460824
510 526 -1 -1 11.266296
510 522 526 -1 32.016406
410 420 -1 -1 30.028242
420 438 -1 -1 23.070452
410 420 438 -1 32.951667
494 510 -1 -1 16.716524
494 500 510 -1 26.886232
466 494 -1 -1 22.431239
466 493 494 -1 31.178442
276 285 -1 -1 15.789097
285 304 -1 -1 21.350395
276 285 304 -1 25.161832
304 331 -1 -1 27.295100
329 331 -1 -1 15.997239
304 329 331 -1 28.359641
173 199 -1 -1 31.502815
199 220 -1 -1 17.082977
173 199 220 -1 34.313117
347 358 -1 -1 34.358950
358 377 -1 -1 30.559767
347 358 377 -1 40.370316
526 530 -1 -1 24.820942
395 420 -1 -1 18.677422
395 410 420 -1 34.788076
438 457 -1 -1 28.405118
457 466 -1 -1 26.579940
438 457 466 -1 32.922708
173 184 -1 -1 32.245891
236 276 -1 -1 31.223406
236 243 276 -1 44.570946
457 494 -1 -1 27.917445
457 466 494 -1 35.083987
184 199 -1 -1 15.657286
173 184 199 -1 35.930151
236 260 -1 -1 24.465541
260 276 -1 -1 25.174003
236 260 276 -1 31.246885
329 349 -1 -1 29.012287
347 349 -1 -1 33.235389
329 347 349 -1 34.725150
349 358 -1 -1 29.496895
347 349 358 -1 38.601764
220 222 -1 -1 42.499654
222 236 -1 -1 28.146345
220 222 236 -1 43.292278
358 395 -1 -1 26.022058
358 377 395 -1 33.401401
199 222 -1 -1 33.108818
199 220 222 -1 43.280471
331 349 -1 -1 16.620501
329 331 349 -1 29.012287
260 285 -1 -1 19.616811
260 276 285 -1 26.221799
420 435 -1 -1 18.225384
435 438 -1 -1 27.941700
420 435 438 -1 31.604966
435 457 -1 -1 24.220515
435 438 457 -1 32.145550
510 511 -1 -1 39.281924
494 511 -1 -1 27.811987
494 510 511 -1 39.493436
511 526 -1 -1 37.154541
510 511 526 -1 39.281924
511 530 -1 -1 31.007938
511 526 530 -1 42.023132
199 207 -1 -1 17.028851
207 222 -1 -1 16.200490
199 207 222 -1 33.108818
331 335 -1 -1 21.616530
335 349 -1 -1 24.322727
331 335 349 -1 25.120232
285 286 -1 -1 19.248296
286 304 -1 -1 43.024960
285 286 304 -1 43.274679
335 358 -1 -1 25.386129
335 349 358 -1 30.458430
304 313 -1 -1 47.804571
313 331 -1 -1 23.532411
304 313 331 -1 50.643782
184 207 -1 -1 20.843092
184 199 207 -1 21.421081
286 313 -1 -1 16.612085
286 304 313 -1 47.804571
313 335 -1 -1 22.928567
313 331 335 -1 27.616185
174 184 -1 -1 25.993330
174 207 -1 -1 21.025899
174 184 207 -1 29.971873
457 471 -1 -1 23.924281
471 494 -1 -1 27.200519
457 471 494 -1 30.178249
260 286 -1 -1 22.690898
260 285 286 -1 24.454850
471 511 -1 -1 22.398199
471 494 511 -1 30.788579
236 241 -1 -1 41.789248
222 241 -1 -1 23.481956
222 236 241 -1 41.789248
222 236 241 -1 41.789248
236 241 -1 -1 41.838482
241 260 -1 -1 33.158591
236 241 260 -1 41.911524
236 241 260 -1 41.911524
392 395 -1 -1 31.809770
392 420 -1 -1 36.145670
392 395 420 -1 36.596482
358 392 -1 -1 34.191966
358 392 395 -1 36.150605
392 435 -1 -1 38.325554
392 420 435 -1 41.010588
241 264 -1 -1 18.060531
260 264 -1 -1 21.052250
241 260 264 -1 33.158591
392 428 -1 -1 23.001724
428 435 -1 -1 24.033021
392 428 435 -1 38.325554
264 286 -1 -1 22.076304
260 264 286 -1 27.148334
305 313 -1 -1 25.517580
305 335 -1 -1 33.035149
305 313 335 -1 36.088635
435 454 -1 -1 31.004289
454 457 -1 -1 34.212578
435 454 457 -1 35.875743
335 363 -1 -1 34.606554
358 363 -1 -1 31.193118
335 358 363 -1 37.208191
286 305 -1 -1 29.391201
286 305 313 -1 30.932938
335 342 -1 -1 23.696152
342 363 -1 -1 22.105442
335 342 363 -1 34.606554
454 471 -1 -1 31.062407
454 457 471 -1 37.423207
428 454 -1 -1 20.414000
428 435 454 -1 32.060066
264 266 -1 -1 31.537590
266 286 -1 -1 36.404366
264 266 286 -1 45.550419
305 342 -1 -1 23.472426
305 335 342 -1 33.202561
363 392 -1 -1 27.978273
358 363 392 -1 41.237966
174 222 -1 -1 32.615344
174 207 222 -1 32.615344
174 178 -1 -1 20.103842
266 305 -1 -1 25.809204
266 286 305 -1 36.751713
454 476 -1 -1 17.573761
471 476 -1 -1 20.015621
454 471 476 -1 32.578365
471 490 -1 -1 25.730210
490 511 -1 -1 31.034927
471 490 511 -1 31.544918
511 516 -1 -1 31.687525
222 228 -1 -1 35.038806
228 241 -1 -1 21.999208
222 228 241 -1 35.368439
200 222 -1 -1 42.170112
174 200 -1 -1 33.254994
174 200 222 -1 43.966198
476 490 -1 -1 20.512106
471 476 490 -1 26.001213
200 228 -1 -1 20.466092
200 222 228 -1 42.170112
490 516 -1 -1 21.323419
490 511 516 -1 35.864770
178 200 -1 -1 18.950187
174 178 200 -1 33.254994
241 266 -1 -1 33.828103
241 264 266 -1 36.051476
229 241 -1 -1 23.931908
228 229 -1 -1 21.958026
228 229 241 -1 26.809733
363 396 -1 -1 29.073310
392 396 -1 -1 28.428608
363 392 396 -1 33.950061
200 229 -1 -1 21.802635
200 228 229 -1 28.036854
428 431 -1 -1 28.534149
454 490 -1 -1 29.965154
454 476 490 -1 29.965154
431 454 -1 -1 26.000304
428 431 454 -1 30.157048
363 372 -1 -1 28.659090
372 396 -1 -1 16.479299
363 372 396 -1 33.424601
454 459 -1 -1 25.399332
459 490 -1 -1 25.146659
454 459 490 -1 31.469585
342 348 -1 -1 29.740189
348 363 -1 -1 32.224325
342 348 363 -1 34.915665
342 343 -1 -1 21.944639
392 411 -1 -1 42.852120
411 428 -1 -1 42.854808
392 411 428 -1 44.730867
305 318 -1 -1 28.116924
318 342 -1 -1 32.897690
305 318 342 -1 35.324650
318 343 -1 -1 18.218741
318 342 343 -1 32.897690
348 372 -1 -1 18.552328
348 363 372 -1 32.925709
343 348 -1 -1 15.364277
342 343 348 -1 30.014358
411 431 -1 -1 24.770209
411 428 431 -1 43.211912
396 411 -1 -1 25.516166
392 396 411 -1 42.905199
266 318 -1 -1 38.049616
266 305 318 -1 38.209528
431 459 -1 -1 23.369267
431 454 459 -1 34.604216
164 -1 -1 -1 0.000000
169 -1 -1 -1 0.000000
173 -1 -1 -1 0.000000
174 -1 -1 -1 0.000000
178 -1 -1 -1 0.000000
179 -1 -1 -1 0.000000
181 -1 -1 -1 0.000000
184 -1 -1 -1 0.000000
186 -1 -1 -1 0.000000
190 -1 -1 -1 0.000000
192 -1 -1 -1 0.000000
195 -1 -1 -1 0.000000
197 -1 -1 -1 0.000000
199 -1 -1 -1 0.000000
200 -1 -1 -1 0.000000
204 -1 -1 -1 0.000000
205 -1 -1 -1 0.000000
206 -1 -1 -1 0.000000
207 -1 -1 -1 0.000000
209 -1 -1 -1 0.000000
210 -1 -1 -1 0.000000
212 -1 -1 -1 0.000000
216 -1 -1 -1 0.000000
218 -1 -1 -1 0.000000
219 -1 -1 -1 0.000000
220 -1 -1 -1 0.000000
221 -1 -1 -1 0.000000
222 -1 -1 -1 0.000000
224 -1 -1 -1 0.000000
226 -1 -1 -1 0.000000
228 -1 -1 -1 0.000000
229 -1 -1 -1 0.000000
231 -1 -1 -1 0.000000
234 -1 -1 -1 0.000000
235 -1 -1 -1 0.000000
236 -1 -1 -1 0.000000
237 -1 -1 -1 0.000000
240 -1 -1 -1 0.000000
241 -1 -1 -1 0.000000
242 -1 -1 -1 0.000000
243 -1 -1 -1 0.000000
247 -1 -1 -1 0.000000
249 -1 -1 -1 0.000000
251 -1 -1 -1 0.000000
252 -1 -1 -1 0.000000
253 -1 -1 -1 0.000000
255 -1 -1 -1 0.000000
260 -1 -1 -1 0.000000
263 -1 -1 -1 0.000000
264 -1 -1 -1 0.000000
265 -1 -1 -1 0.000000
266 -1 -1 -1 0.000000
270 -1 -1 -1 0.000000
272 -1 -1 -1 0.000000
275 -1 -1 -1 0.000000
276 -1 -1 -1 0.000000
281 -1 -1 -1 0.000000
284 -1 -1 -1 0.000000
285 -1 -1 -1 0.000000
286 -1 -1 -1 0.000000
287 -1 -1 -1 0.000000
290 -1 -1 -1 0.000000
296 -1 -1 -1 0.000000
297 -1 -1 -1 0.000000
299 -1 -1 -1 0.000000
301 -1 -1 -1 0.000000
302 -1 -1 -1 0.000000
303 -1 -1 -1 0.000000
304 -1 -1 -1 0.000000
305 -1 -1 -1 0.000000
307 -1 -1 -1 0.000000
309 -1 -1 -1 0.000000
310 -1 -1 -1 0.000000
313 -1 -1 -1 0.000000
314 -1 -1 -1 0.000000
317 -1 -1 -1 0.000000
318 -1 -1 -1 0.000000
322 -1 -1 -1 0.000000
325 -1 -1 -1 0.000000
329 -1 -1 -1 0.000000
331 -1 -1 -1 0.000000
334 -1 -1 -1 0.000000
335 -1 -1 -1 0.000000
337 -1 -1 -1 0.000000
341 -1 -1 -1 0.000000
342 -1 -1 -1 0.000000
343 -1 -1 -1 0.000000
344 -1 -1 -1 0.000000
346 -1 -1 -1 0.000000
347 -1 -1 -1 0.000000
348 -1 -1 -1 0.000000
349 -1 -1 -1 0.000000
350 -1 -1 -1 0.000000
352 -1 -1 -1 0.000000
353 -1 -1 -1 0.000000
358 -1 -1 -1 0.000000
359 -1 -1 -1 0.000000
361 -1 -1 -1 0.000000
363 -1 -1 -1 0.000000
364 -1 -1 -1 0.000000
370 -1 -1 -1 0.000000
371 -1 -1 -1 0.000000
372 -1 -1 -1 0.000000
374 -1 -1 -1 0.000000
377 -1 -1 -1 0.000000
378 -1 -1 -1 0.000000
381 -1 -1 -1 0.000000
382 -1 -1 -1 0.000000
383 -1 -1 -1 0.000000
384 -1 -1 -1 0.000000
386 -1 -1 -1 0.000000
390 -1 -1 -1 0.000000
391 -1 -1 -1 0.000000
392 -1 -1 -1 0.000000
395 -1 -1 -1 0.000000
396 -1 -1 -1 0.000000
397 -1 -1 -1 0.000000
399 -1 -1 -1 0.000000
400 -1 -1 -1 0.000000
401 -1 -1 -1 0.000000
402 -1 -1 -1 0.000000
410 -1 -1 -1 0.000000
411 -1 -1 -1 0.000000
412 -1 -1 -1 0.000000
416 -1 -1 -1 0.000000
417 -1 -1 -1 0.000000
418 -1 -1 -1 0.000000
420 -1 -1 -1 0.000000
421 -1 -1 -1 0.000000
424 -1 -1 -1 0.000000
426 -1 -1 -1 0.000000
427 -1 -1 -1 0.000000
428 -1 -1 -1 0.000000
429 -1 -1 -1 0.000000
430 -1 -1 -1 0.000000
431 -1 -1 -1 0.000000
435 -1 -1 -1 0.000000
436 -1 -1 -1 0.000000
438 -1 -1 -1 0.000000
441 -1 -1 -1 0.000000
443 -1 -1 -1 0.000000
444 -1 -1 -1 0.000000
445 -1 -1 -1 0.000000
448 -1 -1 -1 0.000000
450 -1 -1 -1 0.000000
451 -1 -1 -1 0.000000
454 -1 -1 -1 0.000000
455 -1 -1 -1 0.000000
456 -1 -1 -1 0.000000
457 -1 -1 -1 0.000000
459 -1 -1 -1 0.000000
462 -1 -1 -1 0.000000
463 -1 -1 -1 0.000000
466 -1 -1 -1 0.000000
470 -1 -1 -1 0.000000
471 -1 -1 -1 0.000000
475 -1 -1 -1 0.000000
476 -1 -1 -1 0.000000
479 -1 -1 -1 0.000000
480 -1 -1 -1 0.000000
482 -1 -1 -1 0.000000
487 -1 -1 -1 0.000000
490 -1 -1 -1 0.000000
491 -1 -1 -1 0.000000
493 -1 -1 -1 0.000000
494 -1 -1 -1 0.000000
497 -1 -1 -1 0.000000
499 -1 -1 -1 0.000000
500 -1 -1 -1 0.000000
505 -1 -1 -1 0.000000
507 -1 -1 -1 0.000000
508 -1 -1 -1 0.000000
509 -1 -1 -1 0.000000
510 -1 -1 -1 0.000000
511 -1 -1 -1 0.000000
512 -1 -1 -1 0.000000
516 -1 -1 -1 0.000000
518 -1 -1 -1 0.000000
520 -1 -1 -1 0.000000
521 -1 -1 -1 0.000000
522 -1 -1 -1 0.000000
524 -1 -1 -1 0.000000
526 -1 -1 -1 0.000000
527 -1 -1 -1 0.000000
529 -1 -1 -1 0.000000
530 -1 -1 -1 0.000000
532 -1 -1 -1 0.000000
