247 263 -1 -1 21.712328
171 187 -1 -1 22.310996
187 214 -1 -1 28.871990
214 228 -1 -1 16.343651
263 283 -1 -1 19.207627
124 139 -1 -1 26.825692
283 299 -1 -1 20.088301
228 247 -1 -1 29.928036
379 396 -1 -1 22.263208
323 351 -1 -1 25.160293
187 206 -1 -1 30.057545
206 214 -1 -1 13.160144
187 206 214 -1 32.426054
299 323 -1 -1 26.126035
139 159 -1 -1 32.233983
159 171 -1 -1 17.653951
171 188 -1 -1 18.068519
187 188 -1 -1 22.765446
171 187 188 -1 26.696034
219 228 -1 -1 25.745219
214 219 -1 -1 21.827712
214 219 228 -1 30.037633
124 159 -1 -1 32.258410
124 139 159 -1 37.178723
351 379 -1 -1 28.673896
247 248 -1 -1 22.590845
228 248 -1 -1 28.236139
228 247 248 -1 34.123151
228 237 -1 -1 23.045329
237 248 -1 -1 13.522287
228 237 248 -1 28.236139
102 124 -1 -1 26.817393
187 203 -1 -1 32.294952
203 206 -1 -1 12.979617
187 203 206 -1 34.024360
219 237 -1 -1 13.540463
219 228 237 -1 25.745219
247 259 -1 -1 29.896410
259 263 -1 -1 20.365276
247 259 263 -1 29.896410
188 203 -1 -1 20.710983
187 188 203 -1 32.584487
206 219 -1 -1 15.499145
206 214 219 -1 22.677156
248 259 -1 -1 17.868026
247 248 259 -1 33.600143
396 400 -1 -1 25.276278
171 176 -1 -1 18.888781
176 188 -1 -1 14.329480
171 176 188 -1 21.858826
374 379 -1 -1 26.108440
374 396 -1 -1 33.500171
374 379 396 -1 34.832594
159 176 -1 -1 19.942148
159 171 176 -1 21.246104
351 374 -1 -1 31.218762
351 374 379 -1 36.718305
374 400 -1 -1 27.914878
374 396 400 -1 35.326841
188 195 -1 -1 37.897171
195 203 -1 -1 19.515873
188 195 203 -1 49.105357
263 276 -1 -1 47.623020
276 283 -1 -1 32.330505
263 276 283 -1 48.559727
259 276 -1 -1 30.286029
259 263 276 -1 48.507316
299 316 -1 -1 26.508111
316 323 -1 -1 23.996114
299 316 323 -1 31.647309
348 351 -1 -1 27.597188
124 150 -1 -1 33.295426
150 159 -1 -1 19.172630
124 150 159 -1 36.509276
348 374 -1 -1 29.236933
348 351 374 -1 40.985902
203 219 -1 -1 22.529865
203 206 219 -1 22.529865
323 348 -1 -1 31.504682
323 348 351 -1 34.204880
176 184 -1 -1 18.989607
184 188 -1 -1 24.995661
176 184 188 -1 26.128365
184 195 -1 -1 19.455143
184 188 195 -1 38.629306
374 399 -1 -1 27.898727
399 400 -1 -1 21.910943
374 399 400 -1 41.244452
203 216 -1 -1 26.758617
216 219 -1 -1 27.112267
203 216 219 -1 37.744979
150 176 -1 -1 26.023187
150 159 176 -1 31.091848
219 230 -1 -1 22.493239
230 237 -1 -1 19.374617
219 230 237 -1 23.472235
237 244 -1 -1 33.038191
244 248 -1 -1 27.528036
237 244 248 -1 36.564006
276 299 -1 -1 38.342558
276 283 299 -1 43.581804
119 124 -1 -1 35.683479
102 119 -1 -1 30.496622
102 119 124 -1 36.353696
299 303 -1 -1 36.240532
276 303 -1 -1 26.748287
276 299 303 -1 39.718969
303 316 -1 -1 16.287323
299 303 316 -1 36.861630
150 175 -1 -1 24.566322
175 176 -1 -1 24.502273
150 175 176 -1 29.473136
124 144 -1 -1 36.752747
144 150 -1 -1 25.360160
124 144 150 -1 39.644129
175 184 -1 -1 11.779333
175 176 184 -1 24.758794
119 144 -1 -1 22.648507
119 124 144 -1 38.247462
216 230 -1 -1 16.479144
216 219 230 -1 27.565479
137 144 -1 -1 28.378582
137 150 -1 -1 39.699283
137 144 150 -1 48.024113
230 244 -1 -1 22.203780
230 237 244 -1 33.718240
244 259 -1 -1 26.481340
244 248 259 -1 33.067949
259 261 -1 -1 22.810911
261 276 -1 -1 23.252134
259 261 276 -1 30.684568
323 335 -1 -1 40.774222
335 348 -1 -1 23.980099
323 335 348 -1 42.336031
316 335 -1 -1 18.694565
316 323 335 -1 42.479136
195 216 -1 -1 20.574373
195 203 216 -1 31.331071
348 369 -1 -1 21.031417
369 374 -1 -1 24.687625
348 369 374 -1 34.152919
244 261 -1 -1 20.299234
244 259 261 -1 28.991122
150 154 -1 -1 30.384530
137 154 -1 -1 20.792768
137 150 154 -1 39.699283
154 175 -1 -1 27.518953
150 154 175 -1 33.450356
374 381 -1 -1 39.387373
381 399 -1 -1 25.717996
374 381 399 -1 42.406325
119 137 -1 -1 17.830365
119 137 144 -1 28.990015
369 381 -1 -1 39.755654
369 374 381 -1 41.671380
230 231 -1 -1 27.100529
231 244 -1 -1 20.826411
230 231 244 -1 28.432297
316 322 -1 -1 28.215630
322 335 -1 -1 16.943363
316 322 335 -1 29.071880
216 231 -1 -1 25.120204
216 230 231 -1 30.433553
303 322 -1 -1 22.580643
303 316 322 -1 29.227066
184 198 -1 -1 26.995484
195 198 -1 -1 22.210135
184 195 198 -1 26.995484
348 364 -1 -1 29.734239
364 369 -1 -1 13.749161
348 364 369 -1 30.235632
335 339 -1 -1 18.959798
339 348 -1 -1 33.832060
335 339 348 -1 35.078075
175 177 -1 -1 22.781271
177 184 -1 -1 29.101483
175 177 184 -1 29.101483
244 257 -1 -1 29.179527
257 261 -1 -1 24.464826
244 257 261 -1 34.606764
177 198 -1 -1 21.371688
177 184 198 -1 31.145884
276 298 -1 -1 37.235037
298 303 -1 -1 22.193497
276 298 303 -1 40.201164
364 381 -1 -1 39.020839
364 369 381 -1 42.078431
154 177 -1 -1 26.674219
154 175 177 -1 32.202651
195 208 -1 -1 37.994782
208 216 -1 -1 30.489261
195 208 216 -1 39.990147
303 312 -1 -1 28.036065
312 322 -1 -1 19.989115
303 312 322 -1 31.009635
348 357 -1 -1 37.217188
357 364 -1 -1 20.067248
348 357 364 -1 37.700458
276 281 -1 -1 35.271464
281 298 -1 -1 24.411270
276 281 298 -1 38.368485
339 357 -1 -1 17.211001
339 348 357 -1 38.667523
257 276 -1 -1 42.770232
257 261 276 -1 42.770232
322 339 -1 -1 16.473263
322 335 339 -1 26.743116
257 281 -1 -1 23.501617
257 276 281 -1 45.310503
298 312 -1 -1 21.665778
298 303 312 -1 35.167156
154 167 -1 -1 21.095047
167 177 -1 -1 18.807087
154 167 177 -1 27.300735
364 373 -1 -1 12.495773
373 381 -1 -1 35.083499
364 373 381 -1 39.020839
208 231 -1 -1 26.876198
208 216 231 -1 41.055273
116 119 -1 -1 35.941427
198 202 -1 -1 45.262583
195 202 -1 -1 49.029965
195 198 202 -1 49.097794
244 249 -1 -1 38.706511
249 257 -1 -1 23.197423
244 249 257 -1 39.359759
357 373 -1 -1 19.978470
357 364 373 -1 22.270210
116 137 -1 -1 29.879648
116 119 137 -1 36.552916
202 208 -1 -1 19.580518
195 202 208 -1 49.835205
231 249 -1 -1 28.728667
231 244 249 -1 39.685213
177 202 -1 -1 39.232930
177 198 202 -1 46.382380
208 229 -1 -1 18.281878
229 231 -1 -1 19.884121
208 229 231 -1 28.078284
281 286 -1 -1 31.087725
286 298 -1 -1 43.110871
281 286 298 -1 43.904619
322 334 -1 -1 19.425702
334 339 -1 -1 18.937793
322 334 339 -1 22.771927
312 334 -1 -1 18.284250
312 322 334 -1 20.509625
373 376 -1 -1 20.114132
376 381 -1 -1 31.682914
373 376 381 -1 35.843962
286 312 -1 -1 30.789630
286 298 312 -1 44.435614
137 146 -1 -1 26.640405
146 154 -1 -1 31.765228
137 146 154 -1 34.286128
357 376 -1 -1 19.518637
357 373 376 -1 21.670711
177 183 -1 -1 24.351912
183 202 -1 -1 15.828046
177 183 202 -1 39.232930
381 402 -1 -1 54.644389
339 344 -1 -1 19.376454
344 357 -1 -1 19.929997
339 344 357 -1 21.811828
334 344 -1 -1 11.960660
334 339 344 -1 23.593302
146 149 -1 -1 20.655315
149 154 -1 -1 39.616762
146 149 154 -1 40.374688
149 167 -1 -1 30.620503
149 154 167 -1 39.634699
229 249 -1 -1 26.174681
229 231 249 -1 32.283782
116 146 -1 -1 26.268902
116 137 146 -1 41.186158
167 172 -1 -1 16.386539
172 177 -1 -1 28.689573
167 172 177 -1 29.609302
257 269 -1 -1 40.646365
269 281 -1 -1 47.969793
257 269 281 -1 47.969793
269 286 -1 -1 25.840655
269 281 286 -1 48.524935
376 386 -1 -1 21.698755
381 386 -1 -1 32.645201
376 381 386 -1 39.893403
172 183 -1 -1 17.485876
172 177 183 -1 31.744846
386 402 -1 -1 43.960713
381 386 402 -1 55.902664
353 357 -1 -1 32.379711
353 376 -1 -1 31.102510
353 357 376 -1 38.165495
312 318 -1 -1 38.763741
318 334 -1 -1 36.695038
312 318 334 -1 40.314383
318 344 -1 -1 39.951803
318 334 344 -1 41.486377
149 172 -1 -1 19.561029
149 167 172 -1 30.620503
229 238 -1 -1 35.676942
238 249 -1 -1 19.221012
229 238 249 -1 37.579069
249 269 -1 -1 30.775687
249 257 269 -1 45.589665
286 318 -1 -1 38.985834
286 312 318 -1 48.062226
344 353 -1 -1 39.407263
344 353 357 -1 40.503231
146 148 -1 -1 18.553511
116 148 -1 -1 29.476183
116 146 148 -1 30.125296
318 353 -1 -1 32.988070
318 344 353 -1 42.893040
376 384 -1 -1 36.605697
384 386 -1 -1 28.390761
376 384 386 -1 38.301645
148 149 -1 -1 17.903485
146 148 149 -1 23.001738
208 220 -1 -1 34.106004
220 229 -1 -1 26.600952
208 220 229 -1 35.365447
353 384 -1 -1 26.314089
353 376 384 -1 37.703384
384 402 -1 -1 30.354365
384 386 402 -1 44.180440
220 238 -1 -1 21.013616
220 229 238 -1 37.464958
286 305 -1 -1 32.659627
305 318 -1 -1 21.347310
286 305 318 -1 48.205922
202 220 -1 -1 30.389134
202 208 220 -1 44.005284
116 136 -1 -1 37.003591
136 148 -1 -1 31.952554
116 136 148 -1 39.214128
149 157 -1 -1 28.146367
157 172 -1 -1 37.430532
149 157 172 -1 39.061837
157 183 -1 -1 39.767357
157 172 183 -1 43.878025
116 118 -1 -1 38.193969
318 342 -1 -1 22.074907
342 353 -1 -1 26.442558
318 342 353 -1 39.591933
136 149 -1 -1 25.948887
136 148 149 -1 32.622469
201 202 -1 -1 40.384222
201 220 -1 -1 33.245823
201 202 220 -1 56.271902
118 136 -1 -1 21.206465
116 118 136 -1 40.052564
183 189 -1 -1 26.966622
189 202 -1 -1 30.848998
183 189 202 -1 31.341931
157 189 -1 -1 30.852222
157 183 189 -1 39.767357
238 269 -1 -1 34.471677
238 249 269 -1 45.252964
189 201 -1 -1 23.084042
189 201 202 -1 43.052003
238 250 -1 -1 21.116891
269 291 -1 -1 38.861445
286 291 -1 -1 47.742798
269 286 291 -1 48.181072
291 305 -1 -1 22.568114
286 291 305 -1 48.180283
118 127 -1 -1 18.008478
127 136 -1 -1 20.225298
118 127 136 -1 38.935836
220 250 -1 -1 37.181684
220 238 250 -1 37.181684
353 354 -1 -1 31.116377
342 354 -1 -1 24.660616
342 353 354 -1 38.817513
246 250 -1 -1 24.789123
220 246 -1 -1 36.846761
220 246 250 -1 38.496301
353 377 -1 -1 39.852054
377 384 -1 -1 27.845056
353 377 384 -1 40.526076
258 269 -1 -1 48.262325
238 258 -1 -1 59.903084
250 258 -1 -1 47.006091
250 269 -1 -1 33.749407
238 258 269 -1 59.903084
250 258 269 -1 59.903084
238 250 258 -1 59.903084
238 250 269 -1 48.257796
238 250 258 269 59.903084
136 157 -1 -1 34.529141
136 149 157 -1 42.770124
220 226 -1 -1 21.454742
384 397 -1 -1 32.881776
397 402 -1 -1 39.505988
384 397 402 -1 40.436220
201 226 -1 -1 30.245950
201 220 226 -1 34.144559
226 246 -1 -1 16.803728
220 226 246 -1 36.846761
157 181 -1 -1 29.152282
181 189 -1 -1 23.628112
157 181 189 -1 34.274495
269 279 -1 -1 39.353081
354 377 -1 -1 21.617207
353 354 377 -1 44.206320
258 279 -1 -1 37.005663
258 269 279 -1 48.262325
377 397 -1 -1 19.631712
377 384 397 -1 35.700923
279 291 -1 -1 27.496252
269 279 291 -1 46.617131
246 258 -1 -1 26.645613
246 250 258 -1 49.385609
136 143 -1 -1 27.291956
143 157 -1 -1 34.732859
136 143 157 -1 37.755007
201 224 -1 -1 25.188341
224 226 -1 -1 19.146056
201 224 226 -1 34.448176
305 326 -1 -1 34.167542
318 326 -1 -1 53.343988
305 318 326 -1 54.436135
326 342 -1 -1 30.511701
318 326 342 -1 54.052854
258 284 -1 -1 22.975336
279 284 -1 -1 35.984522
258 279 284 -1 39.067077
284 291 -1 -1 22.711765
279 284 291 -1 35.992534
181 201 -1 -1 31.898830
181 189 201 -1 33.922793
345 354 -1 -1 26.814186
342 345 -1 -1 38.160267
342 345 354 -1 44.250900
157 163 -1 -1 33.778011
163 181 -1 -1 25.207784
157 163 181 -1 39.126027
143 163 -1 -1 24.326625
143 157 163 -1 41.714604
127 143 -1 -1 21.428579
127 136 143 -1 42.906762
326 345 -1 -1 18.990412
326 342 345 -1 39.228998
109 118 -1 -1 42.458565
224 246 -1 -1 23.334201
224 226 246 -1 31.165769
370 377 -1 -1 37.899353
354 370 -1 -1 48.772390
354 370 377 -1 56.988966
109 127 -1 -1 29.010828
109 118 127 -1 45.881704
127 131 -1 -1 27.635067
131 143 -1 -1 23.097117
127 131 143 -1 34.470238
224 243 -1 -1 22.548154
243 246 -1 -1 27.494692
224 243 246 -1 32.158939
291 297 -1 -1 32.200603
297 305 -1 -1 54.886069
291 297 305 -1 54.886069
297 326 -1 -1 26.656261
297 305 326 -1 58.399442
370 397 -1 -1 41.850587
370 377 397 -1 43.967196
109 131 -1 -1 19.359943
109 127 131 -1 30.973852
201 204 -1 -1 38.699578
397 404 -1 -1 30.563540
178 181 -1 -1 34.659499
178 201 -1 -1 47.020933
178 181 201 -1 48.709226
178 204 -1 -1 23.719878
178 201 204 -1 47.865035
163 178 -1 -1 29.178031
163 178 181 -1 40.114465
246 253 -1 -1 35.453731
253 258 -1 -1 27.652265
246 253 258 -1 36.209943
370 404 -1 -1 33.531135
370 397 404 -1 43.142663
201 222 -1 -1 47.526277
222 224 -1 -1 23.973283
201 222 224 -1 47.883959
243 253 -1 -1 15.237788
243 246 253 -1 36.020985
345 370 -1 -1 50.804321
345 354 370 -1 52.313024
143 152 -1 -1 24.678019
152 163 -1 -1 24.104070
143 152 163 -1 27.367078
345 360 -1 -1 21.989127
360 370 -1 -1 23.483645
345 360 370 -1 50.804321
204 222 -1 -1 22.646502
201 204 222 -1 52.602796
284 297 -1 -1 24.896985
284 291 297 -1 44.538710
135 143 -1 -1 39.232419
135 152 -1 -1 39.538853
135 143 152 -1 41.433721
131 135 -1 -1 21.783048
131 135 143 -1 39.243120
297 302 -1 -1 22.705586
302 326 -1 -1 34.896701
297 302 326 -1 38.276222
224 239 -1 -1 33.972282
239 243 -1 -1 12.178372
224 239 243 -1 34.424102
135 163 -1 -1 39.911783
135 152 163 -1 43.035179
222 239 -1 -1 14.840766
222 224 239 -1 34.300522
277 284 -1 -1 31.016823
277 297 -1 -1 30.816324
277 284 297 -1 39.673785
258 277 -1 -1 44.700106
258 277 284 -1 44.700106
370 401 -1 -1 30.354618
401 404 -1 -1 24.109189
370 401 404 -1 41.747663
163 164 -1 -1 31.520666
135 164 -1 -1 25.142564
135 163 164 -1 39.911783
326 338 -1 -1 38.166067
338 345 -1 -1 29.829823
326 338 345 -1 39.791791
302 338 -1 -1 27.237033
302 326 338 -1 38.763920
164 178 -1 -1 25.478007
163 164 178 -1 38.607354
109 113 -1 -1 30.045303
113 131 -1 -1 32.489784
109 113 131 -1 36.696247
277 302 -1 -1 33.109976
277 297 302 -1 34.043020
338 340 -1 -1 35.615913
340 345 -1 -1 37.790481
338 340 345 -1 39.391972
340 360 -1 -1 26.960925
340 345 360 -1 40.812585
253 264 -1 -1 30.708309
258 264 -1 -1 61.670484
253 258 264 -1 61.828320
113 135 -1 -1 30.911722
113 131 135 -1 35.720397
264 277 -1 -1 21.176330
258 264 277 -1 64.539287
302 340 -1 -1 31.660912
302 338 340 -1 37.219059
243 245 -1 -1 38.742632
245 253 -1 -1 29.174697
243 245 253 -1 38.974011
239 245 -1 -1 40.200925
239 243 245 -1 41.390399
204 213 -1 -1 32.257704
213 222 -1 -1 25.263324
204 213 222 -1 36.043217
222 245 -1 -1 40.789780
222 239 245 -1 42.491922
360 362 -1 -1 26.732661
362 370 -1 -1 34.208682
360 362 370 -1 34.847167
178 199 -1 -1 34.167919
199 204 -1 -1 33.482303
178 199 204 -1 36.138379
277 292 -1 -1 29.340833
292 302 -1 -1 26.999677
277 292 302 -1 42.514870
213 245 -1 -1 31.630879
213 222 245 -1 41.450796
199 213 -1 -1 21.971712
199 204 213 -1 39.116351
302 324 -1 -1 23.875449
324 340 -1 -1 18.456242
302 324 340 -1 34.587856
245 264 -1 -1 20.890439
245 253 264 -1 33.064800
340 362 -1 -1 24.797178
340 360 362 -1 34.962971
113 122 -1 -1 26.838700
122 135 -1 -1 36.306556
113 122 135 -1 49.860990
135 155 -1 -1 23.935031
155 164 -1 -1 26.330307
135 155 164 -1 28.285133
178 192 -1 -1 61.644224
192 199 -1 -1 25.184440
178 192 199 -1 62.550999
164 168 -1 -1 34.379658
168 178 -1 -1 44.208788
164 168 178 -1 45.121034
155 166 -1 -1 7.484913
164 166 -1 -1 22.857510
155 164 166 -1 27.660728
168 192 -1 -1 22.241878
168 178 192 -1 62.327942
370 393 -1 -1 54.839796
393 401 -1 -1 27.452432
370 393 401 -1 55.724510
166 168 -1 -1 37.358130
164 166 168 -1 37.737399
213 227 -1 -1 29.109672
227 245 -1 -1 22.859285
213 227 245 -1 37.023467
135 142 -1 -1 46.252077
142 155 -1 -1 46.942412
135 142 155 -1 50.133840
142 166 -1 -1 48.102982
142 155 166 -1 49.436985
362 393 -1 -1 38.582500
362 370 393 -1 61.667916
142 168 -1 -1 31.642394
142 166 168 -1 50.060041
292 324 -1 -1 28.975468
292 302 324 -1 39.052049
122 142 -1 -1 27.116834
122 135 142 -1 47.939576
340 350 -1 -1 38.290207
350 362 -1 -1 37.473124
340 350 362 -1 47.381141
264 278 -1 -1 28.697644
277 278 -1 -1 46.878882
264 277 278 -1 47.189711
278 292 -1 -1 26.639761
277 278 292 -1 49.398786
362 382 -1 -1 28.031369
382 393 -1 -1 20.844468
362 382 393 -1 38.582500
262 264 -1 -1 27.550170
245 262 -1 -1 32.159725
245 262 264 -1 32.546592
324 336 -1 -1 24.599492
336 340 -1 -1 37.007778
324 336 340 -1 38.034136
199 209 -1 -1 28.358881
199 210 -1 -1 56.181986
209 210 -1 -1 38.452020
209 213 -1 -1 37.700019
210 213 -1 -1 49.544640
199 209 210 -1 56.181986
199 209 213 -1 37.700019
199 210 213 -1 56.181986
209 210 213 -1 56.181986
199 209 210 213 56.181986
192 209 -1 -1 19.818769
192 199 209 -1 28.358881
262 278 -1 -1 18.913516
262 264 278 -1 33.228089
113 114 -1 -1 45.735821
350 382 -1 -1 30.714407
350 362 382 -1 39.366815
292 308 -1 -1 31.906954
308 324 -1 -1 32.082312
292 308 324 -1 35.027833
114 122 -1 -1 23.433551
113 114 122 -1 47.175406
324 327 -1 -1 25.561960
327 336 -1 -1 17.302224
324 327 336 -1 26.737411
336 350 -1 -1 28.986199
336 340 350 -1 41.989021
308 327 -1 -1 24.670049
308 324 327 -1 32.707477
213 221 -1 -1 61.337757
221 227 -1 -1 32.386926
213 221 227 -1 61.778610
210 221 -1 -1 19.174206
210 213 221 -1 62.024926
393 407 -1 -1 32.999692
192 210 -1 -1 26.916865
192 209 210 -1 39.012061
290 292 -1 -1 46.682734
278 290 -1 -1 29.523320
278 290 292 -1 46.928835
290 308 -1 -1 24.868266
290 292 308 -1 47.127880
327 332 -1 -1 11.320740
332 336 -1 -1 14.163972
308 332 -1 -1 18.127698
308 336 -1 -1 26.743213
327 332 336 -1 19.462086
308 327 332 -1 26.743213
308 327 336 -1 26.743213
308 332 336 -1 26.743213
308 327 332 336 26.743213
227 242 -1 -1 28.511753
242 245 -1 -1 49.459335
227 242 245 -1 49.459335
242 262 -1 -1 33.197641
242 245 262 -1 50.525011
262 270 -1 -1 20.370279
270 278 -1 -1 22.767829
262 270 278 -1 29.112183
242 270 -1 -1 27.088522
242 262 270 -1 34.054235
142 160 -1 -1 37.808058
160 168 -1 -1 41.090522
142 160 168 -1 46.020825
328 332 -1 -1 37.652019
328 336 -1 -1 25.795696
328 332 336 -1 38.057375
308 328 -1 -1 25.740165
308 328 332 -1 38.659227
375 382 -1 -1 26.032427
350 375 -1 -1 34.320003
350 375 382 -1 37.471396
221 242 -1 -1 29.064414
221 227 242 -1 39.665485
270 290 -1 -1 21.682117
270 278 290 -1 30.227033
375 393 -1 -1 41.267773
375 382 393 -1 42.117678
168 186 -1 -1 48.663445
186 192 -1 -1 36.722436
168 186 192 -1 50.762612
114 120 -1 -1 25.409958
120 122 -1 -1 47.146934
114 120 122 -1 47.184264
375 407 -1 -1 34.800824
375 393 407 -1 48.976287
120 142 -1 -1 45.569583
120 122 142 -1 49.002867
160 186 -1 -1 25.319521
160 168 186 -1 51.605741
336 347 -1 -1 36.326820
347 350 -1 -1 35.007592
336 347 350 -1 40.087900
328 347 -1 -1 16.493807
328 336 347 -1 37.653192
290 307 -1 -1 24.189394
307 308 -1 -1 29.054589
290 307 308 -1 33.013796
142 145 -1 -1 45.087284
307 328 -1 -1 22.184090
307 308 328 -1 33.379458
375 390 -1 -1 36.402611
390 407 -1 -1 38.412774
375 390 407 -1 56.016295
120 145 -1 -1 43.414481
120 142 145 -1 51.262340
145 160 -1 -1 26.538513
142 145 160 -1 45.353015
242 267 -1 -1 38.465969
267 270 -1 -1 34.614137
242 267 270 -1 48.528316
221 241 -1 -1 34.309461
241 242 -1 -1 29.962438
221 241 242 -1 42.699541
350 361 -1 -1 44.297834
361 375 -1 -1 31.090308
350 361 375 -1 45.205925
186 210 -1 -1 28.196013
186 192 210 -1 60.439584
267 290 -1 -1 30.151158
267 270 290 -1 39.350448
347 361 -1 -1 21.935804
347 350 361 -1 46.669371
120 129 -1 -1 35.560078
129 145 -1 -1 22.775162
120 129 145 -1 62.827716
241 267 -1 -1 28.738286
241 242 267 -1 40.088681
210 212 -1 -1 55.565830
186 212 -1 -1 48.171164
186 210 212 -1 68.255619
108 120 -1 -1 32.354506
325 328 -1 -1 30.147945
307 325 -1 -1 27.355957
307 325 328 -1 31.671540
361 390 -1 -1 37.384078
361 375 390 -1 40.613859
212 221 -1 -1 47.109221
210 212 221 -1 55.565830
290 295 -1 -1 38.225041
295 307 -1 -1 24.754986
290 295 307 -1 38.458205
328 346 -1 -1 38.854044
346 347 -1 -1 25.318643
328 346 347 -1 39.293973
361 372 -1 -1 26.882074
372 390 -1 -1 28.284186
361 372 390 -1 45.686387
325 346 -1 -1 17.003456
325 328 346 -1 40.797472
267 295 -1 -1 33.616888
267 290 295 -1 47.501056
160 173 -1 -1 34.981743
173 186 -1 -1 30.802096
160 173 186 -1 45.481986
346 361 -1 -1 25.885693
346 347 361 -1 32.640758
145 173 -1 -1 27.274761
145 160 173 -1 38.781119
221 233 -1 -1 54.637790
233 241 -1 -1 25.364620
221 233 241 -1 55.161346
186 194 -1 -1 36.369956
194 212 -1 -1 24.475275
186 194 212 -1 48.171164
108 129 -1 -1 25.950171
108 120 129 -1 38.574848
212 233 -1 -1 25.610551
212 221 233 -1 57.025662
173 194 -1 -1 26.993809
173 186 194 -1 37.863924
295 325 -1 -1 25.326920
295 307 325 -1 34.771740
241 265 -1 -1 39.729449
265 267 -1 -1 29.427588
241 265 267 -1 39.802571
267 274 -1 -1 41.701845
295 296 -1 -1 21.926876
274 295 -1 -1 45.848334
267 296 -1 -1 47.367684
274 296 -1 -1 23.112377
267 295 296 -1 47.367684
274 295 296 -1 45.848334
267 274 295 -1 47.367684
267 274 296 -1 47.367684
267 274 295 296 47.367684
319 325 -1 -1 26.354640
295 319 -1 -1 29.658558
295 319 325 -1 35.198925
241 255 -1 -1 41.100586
255 265 -1 -1 17.885612
241 255 265 -1 43.268590
265 274 -1 -1 19.115368
265 267 274 -1 41.701845
346 352 -1 -1 54.401899
352 361 -1 -1 56.073704
346 352 361 -1 60.265104
145 158 -1 -1 46.122639
158 173 -1 -1 28.059699
145 158 173 -1 48.232541
173 180 -1 -1 29.783266
180 194 -1 -1 18.507746
173 180 194 -1 31.362050
233 255 -1 -1 25.179932
233 241 255 -1 41.114948
352 372 -1 -1 43.906832
352 361 372 -1 56.671517
129 158 -1 -1 35.279229
129 145 158 -1 47.144764
325 352 -1 -1 55.350064
325 346 352 -1 56.771351
319 352 -1 -1 44.235249
319 325 352 -1 55.350064
158 180 -1 -1 24.208835
158 173 180 -1 32.314509
296 319 -1 -1 24.511030
295 296 319 -1 35.600147
102 -1 -1 -1 0.000000
108 -1 -1 -1 0.000000
109 -1 -1 -1 0.000000
113 -1 -1 -1 0.000000
114 -1 -1 -1 0.000000
116 -1 -1 -1 0.000000
118 -1 -1 -1 0.000000
119 -1 -1 -1 0.000000
120 -1 -1 -1 0.000000
122 -1 -1 -1 0.000000
124 -1 -1 -1 0.000000
127 -1 -1 -1 0.000000
129 -1 -1 -1 0.000000
131 -1 -1 -1 0.000000
135 -1 -1 -1 0.000000
136 -1 -1 -1 0.000000
137 -1 -1 -1 0.000000
139 -1 -1 -1 0.000000
142 -1 -1 -1 0.000000
143 -1 -1 -1 0.000000
144 -1 -1 -1 0.000000
145 -1 -1 -1 0.000000
146 -1 -1 -1 0.000000
148 -1 -1 -1 0.000000
149 -1 -1 -1 0.000000
150 -1 -1 -1 0.000000
152 -1 -1 -1 0.000000
154 -1 -1 -1 0.000000
155 -1 -1 -1 0.000000
157 -1 -1 -1 0.000000
158 -1 -1 -1 0.000000
159 -1 -1 -1 0.000000
160 -1 -1 -1 0.000000
163 -1 -1 -1 0.000000
164 -1 -1 -1 0.000000
166 -1 -1 -1 0.000000
167 -1 -1 -1 0.000000
168 -1 -1 -1 0.000000
171 -1 -1 -1 0.000000
172 -1 -1 -1 0.000000
173 -1 -1 -1 0.000000
175 -1 -1 -1 0.000000
176 -1 -1 -1 0.000000
177 -1 -1 -1 0.000000
178 -1 -1 -1 0.000000
180 -1 -1 -1 0.000000
181 -1 -1 -1 0.000000
183 -1 -1 -1 0.000000
184 -1 -1 -1 0.000000
186 -1 -1 -1 0.000000
187 -1 -1 -1 0.000000
188 -1 -1 -1 0.000000
189 -1 -1 -1 0.000000
192 -1 -1 -1 0.000000
194 -1 -1 -1 0.000000
195 -1 -1 -1 0.000000
198 -1 -1 -1 0.000000
199 -1 -1 -1 0.000000
201 -1 -1 -1 0.000000
202 -1 -1 -1 0.000000
203 -1 -1 -1 0.000000
204 -1 -1 -1 0.000000
206 -1 -1 -1 0.000000
208 -1 -1 -1 0.000000
209 -1 -1 -1 0.000000
210 -1 -1 -1 0.000000
212 -1 -1 -1 0.000000
213 -1 -1 -1 0.000000
214 -1 -1 -1 0.000000
216 -1 -1 -1 0.000000
219 -1 -1 -1 0.000000
220 -1 -1 -1 0.000000
221 -1 -1 -1 0.000000
222 -1 -1 -1 0.000000
224 -1 -1 -1 0.000000
226 -1 -1 -1 0.000000
227 -1 -1 -1 0.000000
228 -1 -1 -1 0.000000
229 -1 -1 -1 0.000000
230 -1 -1 -1 0.000000
231 -1 -1 -1 0.000000
233 -1 -1 -1 0.000000
237 -1 -1 -1 0.000000
238 -1 -1 -1 0.000000
239 -1 -1 -1 0.000000
241 -1 -1 -1 0.000000
242 -1 -1 -1 0.000000
243 -1 -1 -1 0.000000
244 -1 -1 -1 0.000000
245 -1 -1 -1 0.000000
246 -1 -1 -1 0.000000
247 -1 -1 -1 0.000000
248 -1 -1 -1 0.000000
249 -1 -1 -1 0.000000
250 -1 -1 -1 0.000000
253 -1 -1 -1 0.000000
255 -1 -1 -1 0.000000
257 -1 -1 -1 0.000000
258 -1 -1 -1 0.000000
259 -1 -1 -1 0.000000
261 -1 -1 -1 0.000000
262 -1 -1 -1 0.000000
263 -1 -1 -1 0.000000
264 -1 -1 -1 0.000000
265 -1 -1 -1 0.000000
267 -1 -1 -1 0.000000
269 -1 -1 -1 0.000000
270 -1 -1 -1 0.000000
274 -1 -1 -1 0.000000
276 -1 -1 -1 0.000000
277 -1 -1 -1 0.000000
278 -1 -1 -1 0.000000
279 -1 -1 -1 0.000000
281 -1 -1 -1 0.000000
283 -1 -1 -1 0.000000
284 -1 -1 -1 0.000000
286 -1 -1 -1 0.000000
290 -1 -1 -1 0.000000
291 -1 -1 -1 0.000000
292 -1 -1 -1 0.000000
295 -1 -1 -1 0.000000
296 -1 -1 -1 0.000000
297 -1 -1 -1 0.000000
298 -1 -1 -1 0.000000
299 -1 -1 -1 0.000000
302 -1 -1 -1 0.000000
303 -1 -1 -1 0.000000
305 -1 -1 -1 0.000000
307 -1 -1 -1 0.000000
308 -1 -1 -1 0.000000
312 -1 -1 -1 0.000000
316 -1 -1 -1 0.000000
318 -1 -1 -1 0.000000
319 -1 -1 -1 0.000000
322 -1 -1 -1 0.000000
323 -1 -1 -1 0.000000
324 -1 -1 -1 0.000000
325 -1 -1 -1 0.000000
326 -1 -1 -1 0.000000
327 -1 -1 -1 0.000000
328 -1 -1 -1 0.000000
332 -1 -1 -1 0.000000
334 -1 -1 -1 0.000000
335 -1 -1 -1 0.000000
336 -1 -1 -1 0.000000
338 -1 -1 -1 0.000000
339 -1 -1 -1 0.000000
340 -1 -1 -1 0.000000
342 -1 -1 -1 0.000000
344 -1 -1 -1 0.000000
345 -1 -1 -1 0.000000
346 -1 -1 -1 0.000000
347 -1 -1 -1 0.000000
348 -1 -1 -1 0.000000
350 -1 -1 -1 0.000000
351 -1 -1 -1 0.000000
352 -1 -1 -1 0.000000
353 -1 -1 -1 0.000000
354 -1 -1 -1 0.000000
357 -1 -1 -1 0.000000
360 -1 -1 -1 0.000000
361 -1 -1 -1 0.000000
362 -1 -1 -1 0.000000
364 -1 -1 -1 0.000000
369 -1 -1 -1 0.000000
370 -1 -1 -1 0.000000
372 -1 -1 -1 0.000000
373 -1 -1 -1 0.000000
374 -1 -1 -1 0.000000
375 -1 -1 -1 0.000000
376 -1 -1 -1 0.000000
377 -1 -1 -1 0.000000
379 -1 -1 -1 0.000000
381 -1 -1 -1 0.000000
382 -1 -1 -1 0.000000
384 -1 -1 -1 0.000000
386 -1 -1 -1 0.000000
390 -1 -1 -1 0.000000
393 -1 -1 -1 0.000000
396 -1 -1 -1 0.000000
397 -1 -1 -1 0.000000
399 -1 -1 -1 0.000000
400 -1 -1 -1 0.000000
401 -1 -1 -1 0.000000
402 -1 -1 -1 0.000000
404 -1 -1 -1 0.000000
407 -1 -1 -1 0.000000
