190 216 -1 -1 20.142327
395 428 -1 -1 24.218151
248 287 -1 -1 31.810808
328 334 -1 -1 14.291262
216 248 -1 -1 27.313517
287 328 -1 -1 27.774733
248 276 -1 -1 23.737319
276 287 -1 -1 17.654203
248 276 287 -1 32.687806
334 364 -1 -1 19.855184
523 544 -1 -1 25.920374
428 462 -1 -1 20.035342
364 367 -1 -1 16.882894
367 395 -1 -1 26.666096
462 481 -1 -1 28.474606
395 410 -1 -1 24.732746
410 428 -1 -1 17.142465
395 410 428 -1 26.495382
481 523 -1 -1 28.977840
544 549 -1 -1 15.016954
328 336 -1 -1 16.252944
334 336 -1 -1 15.528859
328 334 336 -1 17.902205
190 202 -1 -1 29.368575
202 216 -1 -1 21.389381
190 202 216 -1 37.190225
336 364 -1 -1 20.138985
334 336 364 -1 27.506397
216 233 -1 -1 27.132134
233 248 -1 -1 27.231690
216 233 248 -1 31.256712
287 305 -1 -1 22.659431
305 328 -1 -1 15.517664
287 305 328 -1 35.969043
523 549 -1 -1 27.263059
523 544 549 -1 28.006171
248 253 -1 -1 17.515759
336 367 -1 -1 27.084669
336 364 367 -1 29.741455
453 481 -1 -1 24.864670
453 462 -1 -1 13.114106
453 462 481 -1 29.008232
202 233 -1 -1 20.068604
202 216 233 -1 28.794330
253 276 -1 -1 18.875031
248 253 276 -1 25.437052
367 410 -1 -1 30.695781
367 395 410 -1 34.599847
233 253 -1 -1 16.785858
233 248 253 -1 27.264194
276 305 -1 -1 22.964132
276 287 305 -1 24.729825
305 336 -1 -1 21.038527
305 328 336 -1 21.456529
481 487 -1 -1 23.456442
453 487 -1 -1 20.068560
453 481 487 -1 28.047150
481 510 -1 -1 25.433787
510 523 -1 -1 18.899595
481 510 523 -1 32.001178
428 453 -1 -1 28.171039
428 453 462 -1 28.807734
510 549 -1 -1 31.757215
510 523 549 -1 31.757215
542 549 -1 -1 19.596740
510 542 -1 -1 22.804488
510 542 549 -1 31.858831
336 353 -1 -1 14.113614
353 367 -1 -1 19.604759
336 353 367 -1 27.580350
410 453 -1 -1 34.304693
410 428 453 -1 34.315652
487 510 -1 -1 24.043453
481 487 510 -1 28.271466
305 333 -1 -1 20.253637
333 336 -1 -1 14.032261
305 333 336 -1 23.424498
367 387 -1 -1 21.133960
387 410 -1 -1 18.894372
367 387 410 -1 30.768930
276 303 -1 -1 37.988449
303 305 -1 -1 25.268376
276 303 305 -1 38.205911
333 353 -1 -1 13.350215
333 336 353 -1 18.635075
275 276 -1 -1 17.208718
253 275 -1 -1 22.639874
253 275 276 -1 23.735115
275 303 -1 -1 23.472282
275 276 303 -1 40.226472
303 333 -1 -1 24.143333
303 305 333 -1 28.207135
199 202 -1 -1 14.137429
410 433 -1 -1 23.881919
433 453 -1 -1 20.027267
410 433 453 -1 36.063007
202 224 -1 -1 23.226269
224 233 -1 -1 15.090931
202 224 233 -1 24.163371
224 253 -1 -1 25.551410
224 233 253 -1 25.551410
353 376 -1 -1 20.501054
367 376 -1 -1 24.032204
353 367 376 -1 25.092508
376 387 -1 -1 22.700233
367 376 387 -1 35.710399
199 224 -1 -1 25.764257
199 202 224 -1 30.600683
253 265 -1 -1 20.235901
265 275 -1 -1 20.686734
253 265 275 -1 30.862450
224 265 -1 -1 28.180594
224 253 265 -1 30.564860
387 433 -1 -1 33.342605
387 410 433 -1 33.916949
350 353 -1 -1 23.386901
350 376 -1 -1 12.848914
350 353 376 -1 25.531513
333 350 -1 -1 26.343484
333 350 353 -1 27.697552
433 457 -1 -1 20.755311
453 457 -1 -1 24.297752
433 453 457 -1 37.439794
457 487 -1 -1 20.402490
453 457 487 -1 26.383038
503 510 -1 -1 17.973567
487 503 -1 -1 20.227520
487 503 510 -1 28.097131
387 399 -1 -1 14.517465
376 399 -1 -1 24.175666
376 387 399 -1 30.494048
275 281 -1 -1 13.173119
265 281 -1 -1 25.233092
265 275 281 -1 26.203020
265 268 -1 -1 16.313864
268 281 -1 -1 10.263696
265 268 281 -1 25.233092
199 217 -1 -1 19.454588
217 224 -1 -1 19.500932
199 217 224 -1 26.455749
224 244 -1 -1 20.819014
244 265 -1 -1 19.895009
224 244 265 -1 28.639466
303 350 -1 -1 36.586207
303 333 350 -1 37.358514
399 433 -1 -1 30.220622
387 399 433 -1 36.798141
503 542 -1 -1 26.980063
503 510 542 -1 29.227272
244 268 -1 -1 17.198771
244 265 268 -1 24.873562
431 433 -1 -1 20.045571
399 431 -1 -1 25.588054
399 431 433 -1 30.918458
534 542 -1 -1 20.648321
503 534 -1 -1 29.198068
503 534 542 -1 30.448174
281 303 -1 -1 27.561714
275 281 303 -1 28.607207
303 325 -1 -1 31.904951
325 350 -1 -1 17.500641
303 325 350 -1 38.194068
457 503 -1 -1 27.645533
457 487 503 -1 28.494213
431 457 -1 -1 31.413599
431 433 457 -1 32.768235
217 244 -1 -1 29.662878
217 224 244 -1 30.445150
457 496 -1 -1 23.495051
496 503 -1 -1 17.166299
457 496 503 -1 28.344311
281 298 -1 -1 15.737893
298 303 -1 -1 29.534625
281 298 303 -1 32.427048
457 458 -1 -1 12.473183
431 458 -1 -1 17.369981
431 457 458 -1 31.887479
184 217 -1 -1 28.451176
268 298 -1 -1 21.433177
268 281 298 -1 21.932818
376 392 -1 -1 36.210966
392 399 -1 -1 18.845260
376 392 399 -1 36.210966
392 431 -1 -1 20.831038
392 399 431 -1 26.111838
350 392 -1 -1 38.486544
350 376 392 -1 39.855869
503 518 -1 -1 19.213148
518 534 -1 -1 33.420855
503 518 534 -1 35.082680
217 223 -1 -1 21.798550
223 244 -1 -1 22.626171
217 223 244 -1 30.510088
298 325 -1 -1 41.185338
298 303 325 -1 42.261181
496 518 -1 -1 16.172831
496 503 518 -1 19.896990
534 539 -1 -1 16.339840
518 539 -1 -1 11.341835
518 534 539 -1 33.625238
457 470 -1 -1 19.770907
470 496 -1 -1 19.859155
457 470 496 -1 28.186330
268 280 -1 -1 25.359239
280 298 -1 -1 15.584582
268 280 298 -1 26.047328
458 470 -1 -1 15.889417
457 458 470 -1 19.770907
244 280 -1 -1 38.061980
244 268 280 -1 38.964291
184 223 -1 -1 30.820403
184 217 223 -1 38.975760
244 252 -1 -1 13.209253
223 252 -1 -1 20.835028
223 244 252 -1 29.319035
534 556 -1 -1 17.488982
252 280 -1 -1 19.751154
244 252 280 -1 38.444727
350 381 -1 -1 34.621458
381 392 -1 -1 20.463787
350 381 392 -1 38.992269
298 307 -1 -1 16.896485
307 325 -1 -1 24.053661
298 307 325 -1 41.210217
325 381 -1 -1 40.506531
325 350 381 -1 44.843062
539 556 -1 -1 16.508527
534 539 556 -1 18.743230
431 437 -1 -1 22.238474
437 458 -1 -1 28.672739
431 437 458 -1 30.316754
437 470 -1 -1 26.498508
437 458 470 -1 29.621978
496 499 -1 -1 18.777211
499 518 -1 -1 16.788441
496 499 518 -1 19.958394
470 499 -1 -1 24.191522
470 496 499 -1 25.870305
280 307 -1 -1 21.536130
280 298 307 -1 24.051228
392 437 -1 -1 34.210923
392 431 437 -1 34.565789
539 541 -1 -1 26.442379
541 556 -1 -1 17.413685
539 541 556 -1 26.565501
392 394 -1 -1 18.464485
381 394 -1 -1 20.460443
381 392 394 -1 24.226597
252 261 -1 -1 26.520126
223 261 -1 -1 29.112823
223 252 261 -1 33.947572
261 280 -1 -1 18.757960
252 261 280 -1 26.835091
499 539 -1 -1 27.022615
499 518 539 -1 27.022615
184 185 -1 -1 20.274075
185 223 -1 -1 25.109075
184 185 223 -1 33.264168
307 331 -1 -1 20.001131
325 331 -1 -1 20.513293
307 325 331 -1 25.581775
499 541 -1 -1 34.409584
499 539 541 -1 38.596693
437 468 -1 -1 20.608583
468 470 -1 -1 16.251293
437 468 470 -1 27.017321
325 358 -1 -1 37.051954
358 381 -1 -1 23.311049
325 358 381 -1 43.684879
468 499 -1 -1 24.183099
468 470 499 -1 28.595482
331 358 -1 -1 20.947365
325 331 358 -1 37.051954
223 237 -1 -1 20.415474
358 394 -1 -1 22.858630
358 381 394 -1 29.408921
237 261 -1 -1 22.128489
223 237 261 -1 30.017538
280 300 -1 -1 22.578127
300 307 -1 -1 17.195985
280 300 307 -1 24.596827
185 237 -1 -1 35.532971
185 223 237 -1 36.173038
392 412 -1 -1 37.612940
412 437 -1 -1 22.456772
392 412 437 -1 40.726599
394 412 -1 -1 21.608912
392 394 412 -1 37.612940
300 331 -1 -1 24.896866
300 307 331 -1 27.265594
499 511 -1 -1 27.623332
511 541 -1 -1 25.058691
499 511 541 -1 34.584586
261 300 -1 -1 30.247611
261 280 300 -1 30.886254
331 332 -1 -1 16.710663
300 332 -1 -1 24.200146
300 331 332 -1 28.352955
465 468 -1 -1 17.089300
465 499 -1 -1 28.811804
465 468 499 -1 28.811804
332 358 -1 -1 21.203911
331 332 358 -1 28.816199
465 511 -1 -1 30.244002
465 499 511 -1 42.518874
290 300 -1 -1 12.548050
261 290 -1 -1 26.784309
261 290 300 -1 31.712753
541 559 -1 -1 26.381580
185 209 -1 -1 23.191327
209 237 -1 -1 26.218071
185 209 237 -1 37.346141
358 379 -1 -1 23.256530
379 394 -1 -1 22.844191
358 379 394 -1 29.169791
437 465 -1 -1 36.023481
437 465 468 -1 36.023481
379 412 -1 -1 24.523443
379 394 412 -1 34.833438
511 559 -1 -1 32.681479
511 541 559 -1 37.292259
412 465 -1 -1 44.373677
412 437 465 -1 44.661558
261 263 -1 -1 24.703022
237 263 -1 -1 34.669476
237 261 263 -1 35.268015
263 290 -1 -1 18.814027
261 263 290 -1 29.263153
300 311 -1 -1 31.355732
311 332 -1 -1 27.155605
300 311 332 -1 33.219678
412 434 -1 -1 19.463275
434 465 -1 -1 32.111095
412 434 465 -1 44.373677
290 311 -1 -1 27.333502
290 300 311 -1 32.468577
209 238 -1 -1 21.301006
237 238 -1 -1 26.700504
209 237 238 -1 32.170131
332 363 -1 -1 23.661182
358 363 -1 -1 24.570856
332 358 363 -1 28.785611
238 263 -1 -1 26.960624
237 238 263 -1 40.313239
363 379 -1 -1 24.333239
358 363 379 -1 33.269017
332 344 -1 -1 16.366672
311 344 -1 -1 21.339490
311 332 344 -1 27.801450
454 465 -1 -1 25.023887
434 454 -1 -1 17.016893
434 454 465 -1 32.619545
344 363 -1 -1 12.872596
332 344 363 -1 24.354689
263 311 -1 -1 34.992284
263 290 311 -1 36.152736
465 493 -1 -1 19.102383
493 511 -1 -1 29.037639
465 493 511 -1 38.753039
379 419 -1 -1 28.862700
412 419 -1 -1 27.671797
379 412 419 -1 33.490633
419 434 -1 -1 17.694520
412 419 434 -1 28.637236
363 377 -1 -1 27.376939
377 379 -1 -1 26.076061
363 377 379 -1 31.758856
454 493 -1 -1 27.822675
454 465 493 -1 30.251895
193 209 -1 -1 24.542139
493 514 -1 -1 15.156135
511 514 -1 -1 25.789042
493 511 514 -1 30.744694
344 348 -1 -1 15.066127
348 363 -1 -1 26.071986
344 348 363 -1 26.071986
514 540 -1 -1 20.527481
511 540 -1 -1 27.754477
511 514 540 -1 27.843302
559 560 -1 -1 21.632589
511 560 -1 -1 37.196509
511 559 560 -1 37.196509
540 560 -1 -1 12.806585
511 540 560 -1 37.948482
348 377 -1 -1 20.779786
348 363 377 -1 28.551108
454 479 -1 -1 17.222938
479 493 -1 -1 14.604155
454 479 493 -1 28.229304
263 271 -1 -1 18.569823
379 408 -1 -1 24.629083
408 419 -1 -1 16.220591
379 408 419 -1 32.181218
238 271 -1 -1 32.135931
238 263 271 -1 34.663941
377 408 -1 -1 19.586371
377 379 408 -1 28.506754
209 221 -1 -1 28.762437
221 238 -1 -1 20.646483
209 221 238 -1 30.644887
419 454 -1 -1 24.471425
419 434 454 -1 24.890176
193 221 -1 -1 22.673870
193 209 221 -1 29.619096
263 308 -1 -1 39.847124
271 308 -1 -1 25.846140
271 311 -1 -1 35.921388
308 311 -1 -1 19.413901
263 271 308 -1 39.847124
263 271 311 -1 39.847124
263 308 311 -1 39.847124
271 308 311 -1 35.921388
263 271 308 311 39.847124
311 348 -1 -1 35.456729
311 344 348 -1 35.456729
479 514 -1 -1 24.118438
479 493 514 -1 24.331475
186 193 -1 -1 23.355811
227 238 -1 -1 30.512650
227 271 -1 -1 32.284664
227 238 271 -1 35.669413
514 525 -1 -1 30.209569
525 540 -1 -1 16.069604
514 525 540 -1 31.611316
221 227 -1 -1 26.706519
221 227 238 -1 32.431417
406 408 -1 -1 22.041096
406 419 -1 -1 26.276348
406 408 419 -1 29.253564
479 494 -1 -1 20.534756
494 514 -1 -1 17.584822
479 494 514 -1 26.624047
308 317 -1 -1 17.461170
311 317 -1 -1 27.780540
308 311 317 -1 27.780540
454 471 -1 -1 21.921435
471 479 -1 -1 16.679571
454 471 479 -1 24.779402
419 446 -1 -1 27.310488
446 454 -1 -1 27.941371
419 446 454 -1 32.269229
317 348 -1 -1 25.865273
311 317 348 -1 39.081131
271 292 -1 -1 19.789561
292 308 -1 -1 22.085610
271 292 308 -1 35.400393
494 525 -1 -1 23.393874
494 514 525 -1 33.386203
406 446 -1 -1 24.513331
406 419 446 -1 31.154615
446 471 -1 -1 17.720118
446 454 471 -1 28.614393
377 406 -1 -1 31.650233
377 406 408 -1 33.521480
471 494 -1 -1 30.779160
471 479 494 -1 35.181802
292 317 -1 -1 20.255370
292 308 317 -1 25.597575
345 348 -1 -1 20.269216
317 345 -1 -1 24.667369
317 345 348 -1 29.836515
345 377 -1 -1 25.784274
345 348 377 -1 28.575697
186 221 -1 -1 25.519323
186 193 221 -1 31.605845
227 292 -1 -1 38.745544
227 271 292 -1 39.437204
377 382 -1 -1 30.130046
345 382 -1 -1 27.426766
345 377 382 -1 41.064399
478 494 -1 -1 19.141155
471 478 -1 -1 16.400917
471 478 494 -1 30.800709
382 406 -1 -1 21.877381
377 382 406 -1 37.885145
186 227 -1 -1 44.564213
186 221 227 -1 50.012654
446 478 -1 -1 23.124110
446 471 478 -1 26.068469
494 531 -1 -1 26.445602
525 531 -1 -1 14.361647
494 525 531 -1 35.698630
494 509 -1 -1 24.908587
317 324 -1 -1 17.527287
324 345 -1 -1 21.638389
317 324 345 -1 27.991116
227 277 -1 -1 30.855548
277 292 -1 -1 19.241267
227 277 292 -1 48.393394
478 509 -1 -1 30.286953
478 494 509 -1 35.247518
509 531 -1 -1 14.128515
494 509 531 -1 26.445602
292 312 -1 -1 22.889159
312 317 -1 -1 26.204752
292 312 317 -1 31.580927
525 551 -1 -1 28.936149
312 324 -1 -1 14.001699
312 317 324 -1 30.579044
531 551 -1 -1 20.238531
525 531 551 -1 28.936149
277 312 -1 -1 24.167394
277 292 312 -1 25.771504
446 451 -1 -1 19.689167
451 478 -1 -1 19.206226
446 451 478 -1 27.185309
406 430 -1 -1 27.622774
430 446 -1 -1 24.367545
406 430 446 -1 34.872654
186 228 -1 -1 39.134736
227 228 -1 -1 24.569726
186 227 228 -1 46.280318
430 451 -1 -1 18.928595
430 446 451 -1 24.434592
228 277 -1 -1 33.706042
227 228 277 -1 36.427505
277 291 -1 -1 14.664914
291 312 -1 -1 15.245204
277 291 312 -1 24.167394
345 354 -1 -1 24.145619
478 488 -1 -1 17.595274
488 509 -1 -1 17.264491
478 488 509 -1 30.739546
354 382 -1 -1 22.088579
345 354 382 -1 32.284289
382 430 -1 -1 35.796934
382 406 430 -1 37.232847
324 354 -1 -1 31.436784
324 345 354 -1 33.271268
451 488 -1 -1 26.744675
451 478 488 -1 28.066182
509 551 -1 -1 30.382197
509 531 551 -1 32.257748
451 459 -1 -1 16.301283
459 488 -1 -1 18.039775
451 459 488 -1 26.744675
430 459 -1 -1 35.638389
430 451 459 -1 36.381151
228 267 -1 -1 28.485748
267 277 -1 -1 26.476599
228 267 277 -1 37.495039
267 291 -1 -1 21.328942
267 277 291 -1 29.055029
382 413 -1 -1 29.376037
413 430 -1 -1 16.576805
382 413 430 -1 37.689883
430 435 -1 -1 32.338650
435 459 -1 -1 15.169450
430 435 459 -1 35.950583
186 195 -1 -1 43.991859
324 335 -1 -1 25.184444
335 354 -1 -1 20.011971
324 335 354 -1 35.829616
186 226 -1 -1 49.005428
195 226 -1 -1 24.786772
186 195 226 -1 49.005428
226 228 -1 -1 22.415714
186 226 228 -1 50.088483
312 335 -1 -1 31.991231
312 324 335 -1 32.716703
291 299 -1 -1 23.589661
299 312 -1 -1 29.182583
291 299 312 -1 29.396422
551 554 -1 -1 17.221252
299 335 -1 -1 27.532183
299 312 335 -1 32.995870
509 554 -1 -1 36.823697
509 551 554 -1 36.823697
488 505 -1 -1 14.490800
505 509 -1 -1 21.745346
488 505 509 -1 30.125828
509 526 -1 -1 22.375482
459 505 -1 -1 25.630190
459 488 505 -1 25.630190
526 554 -1 -1 18.545367
509 526 554 -1 38.724953
505 526 -1 -1 19.355031
505 509 526 -1 25.501572
354 413 -1 -1 40.977194
354 382 413 -1 40.977194
354 382 413 -1 40.977194
354 368 -1 -1 22.450300
368 413 -1 -1 29.924857
354 368 413 -1 41.213612
354 368 413 -1 41.213612
267 299 -1 -1 26.423244
267 291 299 -1 34.058654
497 505 -1 -1 10.581918
459 497 -1 -1 26.746574
459 497 505 -1 27.651107
413 435 -1 -1 43.130359
413 430 435 -1 43.815349
226 229 -1 -1 18.569291
228 229 -1 -1 27.589507
226 228 229 -1 28.595232
229 267 -1 -1 30.262758
228 229 267 -1 33.860157
335 368 -1 -1 29.360480
335 354 368 -1 30.094198
413 427 -1 -1 30.287570
427 435 -1 -1 18.578116
413 427 435 -1 43.322744
526 535 -1 -1 10.050233
435 497 -1 -1 40.704781
435 459 497 -1 40.704781
520 526 -1 -1 21.053537
520 535 -1 -1 10.487841
505 520 -1 -1 19.742418
505 535 -1 -1 22.339326
520 526 535 -1 21.053537
505 520 526 -1 22.339326
505 520 535 -1 22.339326
505 526 535 -1 22.339326
505 520 526 535 22.339326
526 548 -1 -1 22.484255
368 427 -1 -1 37.259253
368 413 427 -1 37.724150
497 520 -1 -1 18.081008
497 505 520 -1 24.312975
535 548 -1 -1 29.167837
526 535 548 -1 30.010970
435 489 -1 -1 37.141059
489 497 -1 -1 12.708490
435 489 497 -1 48.113538
258 267 -1 -1 24.976893
229 258 -1 -1 21.779294
229 258 267 -1 31.429096
368 384 -1 -1 21.691471
384 427 -1 -1 29.922799
368 384 427 -1 38.015404
258 299 -1 -1 38.012819
258 267 299 -1 43.971670
335 341 -1 -1 23.029622
341 368 -1 -1 30.888238
335 341 368 -1 40.264943
195 229 -1 -1 32.245971
195 226 229 -1 32.649638
299 302 -1 -1 16.829887
435 467 -1 -1 18.648167
520 548 -1 -1 24.177236
520 535 548 -1 31.139337
299 341 -1 -1 38.177564
299 335 341 -1 39.392231
427 467 -1 -1 24.882923
427 435 467 -1 25.145435
182 195 -1 -1 23.855642
258 302 -1 -1 37.738304
258 299 302 -1 38.885600
302 341 -1 -1 24.393661
299 302 341 -1 38.177564
467 489 -1 -1 20.760947
435 467 489 -1 37.700824
489 520 -1 -1 19.996443
489 497 520 -1 23.586149
258 285 -1 -1 19.969768
285 302 -1 -1 19.994040
258 285 302 -1 38.043629
520 527 -1 -1 14.818875
527 548 -1 -1 19.941228
520 527 548 -1 28.428860
182 229 -1 -1 36.149692
182 195 229 -1 38.261198
489 512 -1 -1 19.607674
512 520 -1 -1 20.672006
489 512 520 -1 24.734127
486 489 -1 -1 13.160555
467 486 -1 -1 19.127449
467 486 489 -1 21.357702
512 527 -1 -1 17.192688
512 520 527 -1 24.853032
548 561 -1 -1 19.969282
527 561 -1 -1 21.015144
527 548 561 -1 28.698841
359 384 -1 -1 39.338286
341 384 -1 -1 47.917645
359 368 -1 -1 34.657712
341 359 -1 -1 14.462341
359 368 384 -1 47.917645
341 359 384 -1 47.917645
341 368 384 -1 47.917645
341 359 368 -1 34.657712
341 359 368 384 47.917645
229 230 -1 -1 24.442697
182 230 -1 -1 36.466821
182 229 230 -1 41.281445
302 322 -1 -1 34.710129
322 341 -1 -1 22.556945
302 322 341 -1 35.025970
285 315 -1 -1 17.293317
302 315 -1 -1 14.701281
285 302 315 -1 26.087824
427 463 -1 -1 32.082995
463 467 -1 -1 14.345453
427 463 467 -1 33.555503
486 512 -1 -1 17.842035
486 489 512 -1 20.927259
427 445 -1 -1 23.118712
315 322 -1 -1 34.071146
302 315 322 -1 38.803865
230 258 -1 -1 34.772152
229 230 258 -1 34.772152
384 445 -1 -1 39.817178
384 427 445 -1 41.158544
445 463 -1 -1 12.797392
427 445 463 -1 32.082995
322 359 -1 -1 19.767338
322 341 359 -1 24.721799
463 486 -1 -1 20.234265
463 467 486 -1 21.158660
477 486 -1 -1 14.272954
463 477 -1 -1 15.828202
463 477 486 -1 20.712372
527 533 -1 -1 21.584896
258 264 -1 -1 22.113444
264 285 -1 -1 19.210966
258 264 285 -1 28.996183
533 561 -1 -1 19.662307
527 533 561 -1 23.133505
512 533 -1 -1 22.121191
512 527 533 -1 26.163114
384 405 -1 -1 17.667158
359 383 -1 -1 25.843804
383 384 -1 -1 31.592828
359 383 384 -1 42.723778
384 425 -1 -1 37.657951
425 445 -1 -1 23.941911
384 425 445 -1 44.638101
506 512 -1 -1 15.196272
486 506 -1 -1 21.160513
486 506 512 -1 22.330326
230 264 -1 -1 37.812020
230 258 264 -1 39.055364
322 383 -1 -1 38.190212
322 359 383 -1 42.167847
182 214 -1 -1 29.961805
214 230 -1 -1 18.247410
182 214 230 -1 36.978262
405 425 -1 -1 18.997573
384 405 425 -1 37.657951
445 450 -1 -1 27.517838
450 463 -1 -1 15.042535
445 450 463 -1 27.744654
264 315 -1 -1 39.375707
264 285 315 -1 39.375707
383 405 -1 -1 17.210542
383 384 405 -1 31.592828
425 450 -1 -1 19.260631
425 445 450 -1 32.117908
477 506 -1 -1 21.607881
477 486 506 -1 24.089653
264 296 -1 -1 29.943530
296 315 -1 -1 29.966181
264 296 315 -1 42.806436
296 322 -1 -1 27.158824
296 315 322 -1 44.333759
450 477 -1 -1 15.017410
450 463 477 -1 20.970581
230 255 -1 -1 33.419763
255 264 -1 -1 19.619522
230 255 264 -1 39.528289
506 533 -1 -1 21.673848
506 512 533 -1 24.288714
214 255 -1 -1 27.390654
214 230 255 -1 36.340285
477 483 -1 -1 18.290055
483 506 -1 -1 17.399730
477 483 506 -1 21.815918
322 365 -1 -1 36.253722
365 383 -1 -1 20.441562
322 365 383 -1 41.621175
403 405 -1 -1 24.373925
403 425 -1 -1 20.066408
403 405 425 -1 28.745194
383 403 -1 -1 22.005353
383 403 405 -1 29.893259
450 483 -1 -1 24.499586
450 477 483 -1 27.408025
189 214 -1 -1 21.713357
322 347 -1 -1 22.458201
296 347 -1 -1 36.441378
296 322 347 -1 41.704607
506 537 -1 -1 26.507141
533 537 -1 -1 17.296907
506 533 537 -1 27.018586
506 513 -1 -1 19.641549
513 537 -1 -1 16.096089
506 513 537 -1 26.911718
347 365 -1 -1 21.717621
322 347 365 -1 36.454180
425 439 -1 -1 23.771510
439 450 -1 -1 24.578917
425 439 450 -1 32.321714
483 513 -1 -1 21.547726
483 506 513 -1 25.578065
255 296 -1 -1 43.909491
255 264 296 -1 44.670511
365 403 -1 -1 25.882896
365 383 403 -1 29.787540
403 439 -1 -1 29.277322
403 425 439 -1 35.056110
450 476 -1 -1 32.528112
439 476 -1 -1 20.935066
439 450 476 -1 35.302752
476 483 -1 -1 18.464540
450 476 483 -1 32.528112
288 296 -1 -1 24.612842
255 288 -1 -1 36.322885
255 288 296 -1 44.428171
214 246 -1 -1 29.935196
246 255 -1 -1 17.419245
214 246 255 -1 35.631122
537 547 -1 -1 32.895645
296 326 -1 -1 29.029559
326 347 -1 -1 23.110742
296 326 347 -1 38.231035
189 246 -1 -1 41.741416
189 214 246 -1 42.529668
483 500 -1 -1 16.848564
500 513 -1 -1 15.888977
483 500 513 -1 25.779588
326 365 -1 -1 26.270107
326 347 365 -1 28.181013
513 547 -1 -1 41.346350
513 537 547 -1 43.880575
476 500 -1 -1 14.347853
476 483 500 -1 21.934456
403 429 -1 -1 27.360388
429 439 -1 -1 15.964145
403 429 439 -1 29.890257
390 403 -1 -1 19.696162
365 390 -1 -1 26.834391
365 390 403 -1 28.990239
288 326 -1 -1 28.020862
288 296 326 -1 40.148365
390 429 -1 -1 24.600316
390 403 429 -1 33.528585
182 -1 -1 -1 0.000000
184 -1 -1 -1 0.000000
185 -1 -1 -1 0.000000
186 -1 -1 -1 0.000000
189 -1 -1 -1 0.000000
190 -1 -1 -1 0.000000
193 -1 -1 -1 0.000000
195 -1 -1 -1 0.000000
199 -1 -1 -1 0.000000
202 -1 -1 -1 0.000000
209 -1 -1 -1 0.000000
214 -1 -1 -1 0.000000
216 -1 -1 -1 0.000000
217 -1 -1 -1 0.000000
221 -1 -1 -1 0.000000
223 -1 -1 -1 0.000000
224 -1 -1 -1 0.000000
226 -1 -1 -1 0.000000
227 -1 -1 -1 0.000000
228 -1 -1 -1 0.000000
229 -1 -1 -1 0.000000
230 -1 -1 -1 0.000000
233 -1 -1 -1 0.000000
237 -1 -1 -1 0.000000
238 -1 -1 -1 0.000000
244 -1 -1 -1 0.000000
246 -1 -1 -1 0.000000
248 -1 -1 -1 0.000000
252 -1 -1 -1 0.000000
253 -1 -1 -1 0.000000
255 -1 -1 -1 0.000000
258 -1 -1 -1 0.000000
261 -1 -1 -1 0.000000
263 -1 -1 -1 0.000000
264 -1 -1 -1 0.000000
265 -1 -1 -1 0.000000
267 -1 -1 -1 0.000000
268 -1 -1 -1 0.000000
271 -1 -1 -1 0.000000
275 -1 -1 -1 0.000000
276 -1 -1 -1 0.000000
277 -1 -1 -1 0.000000
280 -1 -1 -1 0.000000
281 -1 -1 -1 0.000000
285 -1 -1 -1 0.000000
287 -1 -1 -1 0.000000
288 -1 -1 -1 0.000000
290 -1 -1 -1 0.000000
291 -1 -1 -1 0.000000
292 -1 -1 -1 0.000000
296 -1 -1 -1 0.000000
298 -1 -1 -1 0.000000
299 -1 -1 -1 0.000000
300 -1 -1 -1 0.000000
302 -1 -1 -1 0.000000
303 -1 -1 -1 0.000000
305 -1 -1 -1 0.000000
307 -1 -1 -1 0.000000
308 -1 -1 -1 0.000000
311 -1 -1 -1 0.000000
312 -1 -1 -1 0.000000
315 -1 -1 -1 0.000000
317 -1 -1 -1 0.000000
322 -1 -1 -1 0.000000
324 -1 -1 -1 0.000000
325 -1 -1 -1 0.000000
326 -1 -1 -1 0.000000
328 -1 -1 -1 0.000000
331 -1 -1 -1 0.000000
332 -1 -1 -1 0.000000
333 -1 -1 -1 0.000000
334 -1 -1 -1 0.000000
335 -1 -1 -1 0.000000
336 -1 -1 -1 0.000000
341 -1 -1 -1 0.000000
344 -1 -1 -1 0.000000
345 -1 -1 -1 0.000000
347 -1 -1 -1 0.000000
348 -1 -1 -1 0.000000
350 -1 -1 -1 0.000000
353 -1 -1 -1 0.000000
354 -1 -1 -1 0.000000
358 -1 -1 -1 0.000000
359 -1 -1 -1 0.000000
363 -1 -1 -1 0.000000
364 -1 -1 -1 0.000000
365 -1 -1 -1 0.000000
367 -1 -1 -1 0.000000
368 -1 -1 -1 0.000000
376 -1 -1 -1 0.000000
377 -1 -1 -1 0.000000
379 -1 -1 -1 0.000000
381 -1 -1 -1 0.000000
382 -1 -1 -1 0.000000
383 -1 -1 -1 0.000000
384 -1 -1 -1 0.000000
387 -1 -1 -1 0.000000
390 -1 -1 -1 0.000000
392 -1 -1 -1 0.000000
394 -1 -1 -1 0.000000
395 -1 -1 -1 0.000000
399 -1 -1 -1 0.000000
403 -1 -1 -1 0.000000
405 -1 -1 -1 0.000000
406 -1 -1 -1 0.000000
408 -1 -1 -1 0.000000
410 -1 -1 -1 0.000000
412 -1 -1 -1 0.000000
413 -1 -1 -1 0.000000
419 -1 -1 -1 0.000000
425 -1 -1 -1 0.000000
427 -1 -1 -1 0.000000
428 -1 -1 -1 0.000000
429 -1 -1 -1 0.000000
430 -1 -1 -1 0.000000
431 -1 -1 -1 0.000000
433 -1 -1 -1 0.000000
434 -1 -1 -1 0.000000
435 -1 -1 -1 0.000000
437 -1 -1 -1 0.000000
439 -1 -1 -1 0.000000
445 -1 -1 -1 0.000000
446 -1 -1 -1 0.000000
450 -1 -1 -1 0.000000
451 -1 -1 -1 0.000000
453 -1 -1 -1 0.000000
454 -1 -1 -1 0.000000
457 -1 -1 -1 0.000000
458 -1 -1 -1 0.000000
459 -1 -1 -1 0.000000
462 -1 -1 -1 0.000000
463 -1 -1 -1 0.000000
465 -1 -1 -1 0.000000
467 -1 -1 -1 0.000000
468 -1 -1 -1 0.000000
470 -1 -1 -1 0.000000
471 -1 -1 -1 0.000000
476 -1 -1 -1 0.000000
477 -1 -1 -1 0.000000
478 -1 -1 -1 0.000000
479 -1 -1 -1 0.000000
481 -1 -1 -1 0.000000
483 -1 -1 -1 0.000000
486 -1 -1 -1 0.000000
487 -1 -1 -1 0.000000
488 -1 -1 -1 0.000000
489 -1 -1 -1 0.000000
493 -1 -1 -1 0.000000
494 -1 -1 -1 0.000000
496 -1 -1 -1 0.000000
497 -1 -1 -1 0.000000
499 -1 -1 -1 0.000000
500 -1 -1 -1 0.000000
503 -1 -1 -1 0.000000
505 -1 -1 -1 0.000000
506 -1 -1 -1 0.000000
509 -1 -1 -1 0.000000
510 -1 -1 -1 0.000000
511 -1 -1 -1 0.000000
512 -1 -1 -1 0.000000
513 -1 -1 -1 0.000000
514 -1 -1 -1 0.000000
518 -1 -1 -1 0.000000
520 -1 -1 -1 0.000000
523 -1 -1 -1 0.000000
525 -1 -1 -1 0.000000
526 -1 -1 -1 0.000000
527 -1 -1 -1 0.000000
531 -1 -1 -1 0.000000
533 -1 -1 -1 0.000000
534 -1 -1 -1 0.000000
535 -1 -1 -1 0.000000
537 -1 -1 -1 0.000000
539 -1 -1 -1 0.000000
540 -1 -1 -1 0.000000
541 -1 -1 -1 0.000000
542 -1 -1 -1 0.000000
544 -1 -1 -1 0.000000
547 -1 -1 -1 0.000000
548 -1 -1 -1 0.000000
549 -1 -1 -1 0.000000
551 -1 -1 -1 0.000000
554 -1 -1 -1 0.000000
556 -1 -1 -1 0.000000
559 -1 -1 -1 0.000000
560 -1 -1 -1 0.000000
561 -1 -1 -1 0.000000
