121 144 -1 -1 23.782932
144 170 -1 -1 18.448778
328 353 -1 -1 20.128852
170 183 -1 -1 22.033469
311 328 -1 -1 28.804093
353 372 -1 -1 16.781850
208 226 -1 -1 19.390072
226 242 -1 -1 18.016839
372 387 -1 -1 16.356526
277 293 -1 -1 14.795380
328 331 -1 -1 16.882705
311 331 -1 -1 16.178440
311 328 331 -1 29.037215
183 208 -1 -1 24.214805
105 121 -1 -1 25.237817
269 277 -1 -1 17.917356
293 311 -1 -1 20.048522
242 255 -1 -1 21.436440
387 410 -1 -1 21.481488
121 135 -1 -1 32.399859
135 144 -1 -1 26.256566
121 135 144 -1 33.983024
255 269 -1 -1 15.660858
328 346 -1 -1 25.497095
346 353 -1 -1 15.052417
328 346 353 -1 27.173338
331 346 -1 -1 19.826168
328 331 346 -1 25.497095
269 293 -1 -1 21.013609
269 277 293 -1 21.831023
387 395 -1 -1 15.411815
395 410 -1 -1 16.303747
387 395 410 -1 24.919925
105 135 -1 -1 29.989200
105 121 135 -1 34.172203
144 158 -1 -1 35.666283
135 158 -1 -1 24.272890
135 144 158 -1 35.666283
158 170 -1 -1 26.461819
144 158 170 -1 36.576994
158 183 -1 -1 27.947438
158 170 183 -1 30.371840
207 208 -1 -1 26.782823
183 207 -1 -1 24.422910
183 207 208 -1 29.229683
353 367 -1 -1 24.895668
367 372 -1 -1 21.494235
353 367 372 -1 26.655921
367 387 -1 -1 20.947706
367 372 387 -1 23.392320
208 224 -1 -1 26.943220
224 226 -1 -1 18.197703
208 224 226 -1 27.092678
291 293 -1 -1 16.066913
291 311 -1 -1 24.437459
291 293 311 -1 26.130848
207 224 -1 -1 17.748273
207 208 224 -1 29.784265
226 243 -1 -1 24.764237
242 243 -1 -1 28.668878
226 242 243 -1 29.426507
243 255 -1 -1 17.307274
242 243 255 -1 28.668878
346 367 -1 -1 24.163676
346 353 367 -1 26.627463
269 291 -1 -1 21.410788
269 291 293 -1 24.414082
158 184 -1 -1 19.701814
183 184 -1 -1 22.088487
158 183 184 -1 28.292280
331 333 -1 -1 21.589884
333 346 -1 -1 16.778759
331 333 346 -1 23.128435
291 306 -1 -1 21.844406
306 311 -1 -1 20.756636
291 306 311 -1 25.519910
184 207 -1 -1 19.267536
183 184 207 -1 26.716449
306 331 -1 -1 26.306148
306 311 331 -1 26.804817
367 395 -1 -1 23.775255
367 387 395 -1 26.068987
224 243 -1 -1 23.342190
224 226 243 -1 26.448526
346 357 -1 -1 20.639447
357 367 -1 -1 18.173814
346 357 367 -1 25.262602
306 333 -1 -1 24.453207
306 331 333 -1 28.052496
105 117 -1 -1 24.924943
117 135 -1 -1 27.362073
105 117 135 -1 33.162339
267 269 -1 -1 22.161806
255 267 -1 -1 22.378891
255 267 269 -1 24.214871
267 291 -1 -1 25.754725
267 269 291 -1 28.243390
333 357 -1 -1 22.120452
333 346 357 -1 23.778421
367 375 -1 -1 21.436039
375 395 -1 -1 29.954136
367 375 395 -1 29.954136
395 396 -1 -1 20.978898
375 396 -1 -1 18.604444
375 395 396 -1 31.361836
281 291 -1 -1 22.812551
267 281 -1 -1 19.225220
267 281 291 -1 28.204909
224 227 -1 -1 19.630141
227 243 -1 -1 19.100664
224 227 243 -1 24.179374
243 267 -1 -1 26.890293
243 255 267 -1 27.079916
281 306 -1 -1 26.153283
281 291 306 -1 27.957490
306 325 -1 -1 22.433159
325 333 -1 -1 16.095223
306 325 333 -1 25.238196
357 375 -1 -1 21.047394
357 367 375 -1 23.744416
117 136 -1 -1 23.011289
135 136 -1 -1 27.777729
117 135 136 -1 30.426599
136 158 -1 -1 31.048241
135 136 158 -1 34.565804
243 252 -1 -1 24.617602
252 267 -1 -1 20.036341
243 252 267 -1 28.260635
209 224 -1 -1 25.003157
207 209 -1 -1 25.008839
207 209 224 -1 27.008773
136 159 -1 -1 21.513543
158 159 -1 -1 26.662843
136 158 159 -1 34.008558
209 227 -1 -1 19.844061
209 224 227 -1 26.441220
159 184 -1 -1 29.462675
158 159 184 -1 31.376614
184 185 -1 -1 19.914926
185 207 -1 -1 28.504845
184 185 207 -1 28.578221
281 300 -1 -1 19.255692
300 306 -1 -1 24.097834
281 300 306 -1 28.244045
159 185 -1 -1 22.637624
159 184 185 -1 30.071385
333 349 -1 -1 26.713677
349 357 -1 -1 18.985083
333 349 357 -1 28.416695
185 209 -1 -1 26.363878
185 207 209 -1 30.943017
300 325 -1 -1 24.182949
300 306 325 -1 29.251866
325 349 -1 -1 23.631409
325 333 349 -1 27.027858
227 252 -1 -1 27.862452
227 243 252 -1 30.047955
349 375 -1 -1 30.037318
349 357 375 -1 30.807828
227 235 -1 -1 21.013777
235 252 -1 -1 21.927165
227 235 252 -1 30.353865
375 388 -1 -1 19.789482
388 396 -1 -1 20.760944
375 388 396 -1 24.480962
267 272 -1 -1 29.366031
272 281 -1 -1 24.563337
267 272 281 -1 29.762858
300 320 -1 -1 20.611329
320 325 -1 -1 16.857024
300 320 325 -1 25.653422
252 272 -1 -1 24.468666
252 267 272 -1 30.706013
349 360 -1 -1 18.281184
360 375 -1 -1 24.450713
349 360 375 -1 30.427476
116 117 -1 -1 27.834760
116 136 -1 -1 24.820284
116 117 136 -1 29.565606
185 187 -1 -1 18.911402
187 209 -1 -1 25.994943
185 187 209 -1 28.492915
209 235 -1 -1 30.351801
209 227 235 -1 30.351801
320 349 -1 -1 28.377559
320 325 349 -1 29.333783
360 388 -1 -1 23.377171
360 375 388 -1 26.651670
272 300 -1 -1 30.947940
272 281 300 -1 32.074776
388 399 -1 -1 20.344596
209 214 -1 -1 19.908244
187 214 -1 -1 23.054563
187 209 214 -1 30.300565
214 235 -1 -1 24.355236
209 214 235 -1 31.827653
272 292 -1 -1 21.603981
292 300 -1 -1 24.253743
272 292 300 -1 31.329140
136 143 -1 -1 27.142113
143 159 -1 -1 25.262882
136 143 159 -1 30.588961
102 116 -1 -1 21.747783
320 338 -1 -1 24.131987
338 349 -1 -1 25.818527
320 338 349 -1 31.411769
116 143 -1 -1 26.047149
116 136 143 -1 30.079589
159 187 -1 -1 34.146938
159 185 187 -1 34.629523
235 250 -1 -1 25.209353
250 252 -1 -1 26.944670
235 250 252 -1 28.925232
250 272 -1 -1 22.462872
250 252 272 -1 28.556617
159 175 -1 -1 31.073244
175 187 -1 -1 18.442553
159 175 187 -1 34.146938
338 360 -1 -1 26.927157
338 349 360 -1 28.561194
292 320 -1 -1 31.604613
292 300 320 -1 32.948267
143 175 -1 -1 30.229350
143 159 175 -1 34.014257
319 320 -1 -1 23.478753
292 319 -1 -1 25.485547
292 319 320 -1 33.660222
360 381 -1 -1 24.242602
381 388 -1 -1 24.284008
360 381 388 -1 28.323372
319 338 -1 -1 20.354628
319 320 338 -1 26.767245
381 399 -1 -1 21.187322
381 388 399 -1 26.731486
214 228 -1 -1 26.191245
228 235 -1 -1 29.120850
214 228 235 -1 31.955594
338 356 -1 -1 21.068069
356 360 -1 -1 23.984720
338 356 360 -1 28.385906
228 250 -1 -1 27.440092
228 235 250 -1 33.090155
356 381 -1 -1 21.727023
356 360 381 -1 29.602795
143 160 -1 -1 21.505757
160 175 -1 -1 17.484344
143 160 175 -1 30.660532
187 204 -1 -1 25.423033
204 214 -1 -1 21.473360
187 204 214 -1 26.742757
175 204 -1 -1 28.053999
175 187 204 -1 29.557914
272 276 -1 -1 32.817502
276 292 -1 -1 26.824580
272 276 292 -1 33.792079
116 126 -1 -1 32.946860
126 143 -1 -1 32.474488
116 126 143 -1 36.405626
204 228 -1 -1 25.815696
204 214 228 -1 28.696507
250 276 -1 -1 31.488605
250 272 276 -1 34.998714
102 126 -1 -1 30.586276
102 116 126 -1 34.127324
292 303 -1 -1 22.781107
303 319 -1 -1 23.449830
292 303 319 -1 27.693095
126 145 -1 -1 19.368621
143 145 -1 -1 24.126552
126 143 145 -1 33.163886
145 160 -1 -1 17.741438
143 145 160 -1 24.685652
228 248 -1 -1 25.156203
248 250 -1 -1 22.386333
228 248 250 -1 30.165693
276 303 -1 -1 23.927480
276 292 303 -1 29.103160
248 276 -1 -1 29.090510
248 250 276 -1 35.520475
381 386 -1 -1 19.988790
386 399 -1 -1 31.061362
381 386 399 -1 32.631387
175 191 -1 -1 27.064551
191 204 -1 -1 20.531777
175 191 204 -1 31.464554
338 339 -1 -1 32.413201
339 356 -1 -1 29.916467
338 339 356 -1 33.994916
319 339 -1 -1 33.253474
319 338 339 -1 35.583155
102 106 -1 -1 30.897812
106 126 -1 -1 22.231816
102 106 126 -1 33.553331
303 312 -1 -1 18.343148
312 319 -1 -1 27.174468
303 312 319 -1 28.273702
160 165 -1 -1 17.386197
165 175 -1 -1 30.195044
160 165 175 -1 30.441943
165 191 -1 -1 23.415624
165 175 191 -1 30.195044
312 339 -1 -1 24.701378
312 319 339 -1 34.742570
356 365 -1 -1 26.277067
365 381 -1 -1 31.628691
356 365 381 -1 31.986331
365 386 -1 -1 23.113430
365 381 386 -1 32.737726
386 397 -1 -1 17.689176
204 212 -1 -1 25.624092
212 228 -1 -1 29.649468
204 212 228 -1 31.698585
339 365 -1 -1 25.352134
339 356 365 -1 32.926674
145 165 -1 -1 22.717829
145 160 165 -1 24.814216
191 212 -1 -1 26.844916
191 204 212 -1 29.647399
212 237 -1 -1 25.447477
228 237 -1 -1 35.971974
212 228 237 -1 37.818804
237 248 -1 -1 26.913464
228 237 248 -1 36.793107
126 138 -1 -1 26.087146
138 145 -1 -1 19.998205
126 138 145 -1 27.241654
248 260 -1 -1 23.274467
260 276 -1 -1 27.260668
248 260 276 -1 31.705166
138 165 -1 -1 26.292802
138 145 165 -1 27.097836
276 284 -1 -1 27.900232
284 303 -1 -1 28.219042
276 284 303 -1 33.411905
165 188 -1 -1 27.679327
188 191 -1 -1 17.943146
165 188 191 -1 28.308031
284 312 -1 -1 30.091960
284 303 312 -1 32.309759
106 113 -1 -1 21.698399
113 126 -1 -1 31.582824
106 113 126 -1 32.331589
237 260 -1 -1 24.615453
237 248 260 -1 31.074904
113 138 -1 -1 22.630522
113 126 138 -1 32.393688
138 162 -1 -1 22.004205
162 165 -1 -1 16.465684
138 162 165 -1 27.622041
260 284 -1 -1 27.417919
260 276 284 -1 32.014570
188 212 -1 -1 29.978642
188 191 212 -1 30.660852
162 188 -1 -1 26.180671
162 165 188 -1 29.254512
365 378 -1 -1 25.185273
378 386 -1 -1 32.042513
365 378 386 -1 33.904319
378 397 -1 -1 25.353438
378 386 397 -1 32.637822
312 314 -1 -1 20.980427
314 339 -1 -1 30.612411
312 314 339 -1 31.719681
284 314 -1 -1 27.027494
284 312 314 -1 31.432203
339 350 -1 -1 30.633124
350 365 -1 -1 28.112258
339 350 365 -1 34.575502
162 182 -1 -1 21.068323
182 188 -1 -1 16.792472
162 182 188 -1 27.146791
212 220 -1 -1 26.877725
220 237 -1 -1 23.708264
212 220 237 -1 29.925620
138 142 -1 -1 19.889105
142 162 -1 -1 23.386859
138 142 162 -1 25.538577
350 378 -1 -1 26.680752
350 365 378 -1 31.805354
314 329 -1 -1 21.090245
329 339 -1 -1 36.376978
314 329 339 -1 36.550102
329 350 -1 -1 22.076440
329 339 350 -1 36.940902
199 212 -1 -1 35.755331
188 199 -1 -1 26.544198
188 199 212 -1 37.561867
397 401 -1 -1 28.674359
113 142 -1 -1 26.331964
113 138 142 -1 27.226852
260 274 -1 -1 26.115820
274 284 -1 -1 23.856501
260 274 284 -1 31.248880
199 220 -1 -1 25.019965
199 212 220 -1 37.222052
378 401 -1 -1 27.558728
378 397 401 -1 32.700912
249 260 -1 -1 25.253114
237 249 -1 -1 27.475137
237 249 260 -1 30.766965
162 166 -1 -1 18.600914
142 166 -1 -1 20.136581
142 162 166 -1 24.218601
166 182 -1 -1 16.089512
162 166 182 -1 21.854478
182 199 -1 -1 22.029486
182 188 199 -1 27.910066
284 298 -1 -1 29.230472
298 314 -1 -1 25.579570
284 298 314 -1 32.818336
249 274 -1 -1 22.843154
249 260 274 -1 28.733393
113 120 -1 -1 20.605402
120 142 -1 -1 24.229156
113 120 142 -1 29.493452
274 298 -1 -1 24.646692
274 284 298 -1 31.103806
366 378 -1 -1 24.099418
350 366 -1 -1 25.468994
350 366 378 -1 29.933632
220 249 -1 -1 33.201275
220 237 249 -1 36.189093
120 134 -1 -1 18.409978
134 142 -1 -1 20.960088
120 134 142 -1 26.128164
298 329 -1 -1 30.361695
298 314 329 -1 31.541556
142 156 -1 -1 23.195286
156 166 -1 -1 19.395348
142 156 166 -1 26.090373
378 394 -1 -1 30.806756
394 401 -1 -1 22.922415
378 394 401 -1 32.721831
179 182 -1 -1 22.183494
166 179 -1 -1 23.691911
166 179 182 -1 25.417027
179 199 -1 -1 23.047957
179 182 199 -1 26.596146
220 244 -1 -1 32.466279
244 249 -1 -1 18.312692
220 244 249 -1 34.432497
366 394 -1 -1 22.838817
366 378 394 -1 33.622902
134 156 -1 -1 17.869012
134 142 156 -1 25.442291
107 120 -1 -1 18.232701
211 220 -1 -1 23.997914
199 211 -1 -1 25.468631
199 211 220 -1 30.190705
156 179 -1 -1 25.413878
156 166 179 -1 27.763598
298 316 -1 -1 23.465189
316 329 -1 -1 23.572387
298 316 329 -1 31.830632
329 344 -1 -1 26.449905
344 350 -1 -1 33.168522
329 344 350 -1 34.493194
211 244 -1 -1 31.251160
211 220 244 -1 34.899972
249 271 -1 -1 31.331620
271 274 -1 -1 22.504922
249 271 274 -1 31.331620
271 298 -1 -1 30.625733
271 274 298 -1 32.764599
344 366 -1 -1 27.284475
344 350 366 -1 35.499617
401 411 -1 -1 26.291766
394 411 -1 -1 20.376574
394 401 411 -1 28.053201
244 271 -1 -1 30.796734
244 249 271 -1 32.457505
316 344 -1 -1 25.857925
316 329 344 -1 30.020817
107 129 -1 -1 21.846321
120 129 -1 -1 27.030188
107 120 129 -1 27.672173
129 134 -1 -1 18.890167
120 129 134 -1 27.345070
156 167 -1 -1 23.643778
167 179 -1 -1 21.136362
156 167 179 -1 28.588869
104 107 -1 -1 16.005958
179 189 -1 -1 22.017093
189 199 -1 -1 34.499977
179 189 199 -1 34.773111
189 211 -1 -1 29.458406
189 199 211 -1 34.540615
211 241 -1 -1 30.200402
241 244 -1 -1 17.696345
211 241 244 -1 32.019711
282 298 -1 -1 36.348041
271 282 -1 -1 20.510160
271 282 298 -1 37.194783
298 307 -1 -1 31.600801
307 316 -1 -1 22.471073
298 307 316 -1 32.719191
344 369 -1 -1 26.366577
366 369 -1 -1 22.844609
344 366 369 -1 30.666492
369 394 -1 -1 25.726397
366 369 394 -1 28.722562
282 307 -1 -1 18.641811
282 298 307 -1 36.348041
134 148 -1 -1 27.878900
148 156 -1 -1 25.037397
134 148 156 -1 28.817856
129 148 -1 -1 22.702207
129 134 148 -1 29.239931
148 167 -1 -1 19.046346
148 156 167 -1 27.752475
167 189 -1 -1 23.030920
167 179 189 -1 25.457117
104 129 -1 -1 23.923359
104 107 129 -1 24.906256
211 221 -1 -1 21.179577
221 241 -1 -1 22.512616
211 221 241 -1 30.716147
316 327 -1 -1 22.105573
327 344 -1 -1 25.695807
316 327 344 -1 29.759530
369 389 -1 -1 21.762361
389 394 -1 -1 26.935305
369 389 394 -1 29.616581
241 271 -1 -1 35.838738
241 244 271 -1 38.251033
389 411 -1 -1 28.574963
389 394 411 -1 31.655362
241 270 -1 -1 34.212859
270 271 -1 -1 26.174190
241 270 271 -1 37.231782
189 221 -1 -1 29.797233
189 211 221 -1 33.630109
241 253 -1 -1 19.225353
253 270 -1 -1 17.448704
241 253 270 -1 35.535342
307 327 -1 -1 24.736244
307 316 327 -1 26.782905
344 352 -1 -1 26.437158
352 369 -1 -1 21.687656
344 352 369 -1 29.439550
270 282 -1 -1 19.277539
270 271 282 -1 27.415206
189 201 -1 -1 20.870623
201 221 -1 -1 23.351456
189 201 221 -1 33.074110
104 130 -1 -1 32.163053
129 130 -1 -1 22.673834
104 129 130 -1 32.163053
130 148 -1 -1 23.729494
129 130 148 -1 27.289889
103 104 -1 -1 21.267459
103 130 -1 -1 24.347722
103 104 130 -1 32.260861
327 352 -1 -1 26.111514
327 344 352 -1 32.020626
167 177 -1 -1 32.512802
177 189 -1 -1 28.435619
167 177 189 -1 33.980410
221 229 -1 -1 18.992787
229 241 -1 -1 23.989635
221 229 241 -1 26.550233
148 177 -1 -1 35.637109
148 167 177 -1 36.162124
148 149 -1 -1 21.262161
149 177 -1 -1 25.617760
148 149 177 -1 36.113314
177 201 -1 -1 23.470112
177 189 201 -1 29.190792
229 253 -1 -1 22.243152
229 241 253 -1 26.441053
307 323 -1 -1 29.359596
323 327 -1 -1 17.733863
307 323 327 -1 29.359596
282 296 -1 -1 25.544747
296 307 -1 -1 24.402429
282 296 307 -1 28.638300
130 149 -1 -1 26.067103
130 148 149 -1 28.749563
323 352 -1 -1 28.852032
323 327 352 -1 30.519341
369 380 -1 -1 33.468914
380 389 -1 -1 24.481973
369 380 389 -1 34.241155
352 380 -1 -1 29.797231
352 369 380 -1 34.254112
201 215 -1 -1 21.186893
215 221 -1 -1 28.398069
201 215 221 -1 28.616464
215 229 -1 -1 18.977464
215 221 229 -1 28.499552
296 323 -1 -1 26.838883
296 307 323 -1 32.036509
282 287 -1 -1 30.951292
270 287 -1 -1 27.214895
270 282 287 -1 31.399432
287 296 -1 -1 18.077054
282 287 296 -1 32.675518
389 404 -1 -1 26.489301
103 108 -1 -1 18.701143
108 130 -1 -1 22.696763
103 108 130 -1 26.608072
229 240 -1 -1 16.392973
240 253 -1 -1 21.229584
229 240 253 -1 24.321308
380 404 -1 -1 21.880864
380 389 404 -1 29.537445
253 264 -1 -1 23.855820
264 270 -1 -1 23.637943
253 264 270 -1 26.827707
323 351 -1 -1 32.090543
351 352 -1 -1 20.736562
323 351 352 -1 34.502730
351 380 -1 -1 22.729359
351 352 380 -1 31.580410
264 287 -1 -1 19.073181
264 270 287 -1 28.967734
128 130 -1 -1 28.231560
128 149 -1 -1 29.992809
128 130 149 -1 32.588980
108 128 -1 -1 19.418192
108 128 130 -1 30.947561
240 264 -1 -1 27.085091
240 253 264 -1 28.500361
296 318 -1 -1 24.282438
318 323 -1 -1 20.899679
296 318 323 -1 29.051444
215 240 -1 -1 23.446859
215 229 240 -1 23.850730
323 340 -1 -1 32.845991
340 351 -1 -1 21.124277
323 340 351 -1 35.672281
240 251 -1 -1 17.611933
251 264 -1 -1 18.641921
240 251 264 -1 29.110218
201 203 -1 -1 29.416374
203 215 -1 -1 19.501616
201 203 215 -1 29.562661
177 203 -1 -1 33.187130
177 201 203 -1 34.315235
128 151 -1 -1 24.841753
149 151 -1 -1 20.959717
128 149 151 -1 32.413431
318 340 -1 -1 23.727809
318 323 340 -1 34.193067
151 177 -1 -1 32.125285
149 151 177 -1 33.626124
173 177 -1 -1 26.220910
151 173 -1 -1 22.003752
151 173 177 -1 33.530038
173 203 -1 -1 28.752244
173 177 203 -1 34.992315
215 230 -1 -1 26.075406
230 240 -1 -1 22.909146
215 230 240 -1 28.162526
296 304 -1 -1 28.802732
304 318 -1 -1 19.537708
296 304 318 -1 29.561355
287 304 -1 -1 29.067330
287 296 304 -1 30.775915
264 278 -1 -1 24.210652
278 287 -1 -1 17.787919
264 278 287 -1 25.307706
278 304 -1 -1 19.865554
278 287 304 -1 30.164424
368 380 -1 -1 25.686660
351 368 -1 -1 29.162506
351 368 380 -1 31.192136
230 251 -1 -1 21.993322
230 240 251 -1 25.807067
203 230 -1 -1 30.241054
203 215 230 -1 31.110095
368 404 -1 -1 34.909238
368 380 404 -1 35.505064
404 405 -1 -1 28.402413
258 264 -1 -1 26.381861
251 258 -1 -1 19.896740
251 258 264 -1 26.952815
258 278 -1 -1 25.796094
258 264 278 -1 30.643406
368 405 -1 -1 31.470255
368 404 405 -1 37.204790
173 186 -1 -1 19.542881
186 203 -1 -1 23.592707
173 186 203 -1 29.492082
340 368 -1 -1 33.412730
340 351 368 -1 34.092814
128 139 -1 -1 22.290602
139 151 -1 -1 22.739098
128 139 151 -1 28.101521
115 128 -1 -1 26.254989
304 315 -1 -1 22.683737
315 318 -1 -1 27.717081
304 315 318 -1 28.228016
315 340 -1 -1 29.957622
315 318 340 -1 31.823999
203 210 -1 -1 24.022298
210 230 -1 -1 25.674550
203 210 230 -1 34.220430
115 139 -1 -1 20.711334
115 128 139 -1 27.025119
151 153 -1 -1 27.041344
153 173 -1 -1 29.819540
151 153 173 -1 31.034458
139 153 -1 -1 18.475550
139 151 153 -1 28.520384
186 210 -1 -1 24.737944
186 203 210 -1 29.420370
340 341 -1 -1 32.033200
341 368 -1 -1 33.865043
340 341 368 -1 39.949587
230 258 -1 -1 33.572355
230 251 258 -1 33.572355
278 279 -1 -1 24.598694
279 304 -1 -1 25.294285
278 279 304 -1 27.792977
258 279 -1 -1 28.845818
258 278 279 -1 31.870451
230 232 -1 -1 23.453266
232 258 -1 -1 31.637433
230 232 258 -1 35.657954
315 341 -1 -1 30.753619
315 340 341 -1 37.523577
210 232 -1 -1 26.065775
210 230 232 -1 31.465999
153 174 -1 -1 21.437363
173 174 -1 -1 33.443734
153 173 174 -1 34.764670
174 186 -1 -1 21.811221
173 174 186 -1 33.443734
368 374 -1 -1 25.818824
374 405 -1 -1 32.216245
368 374 405 -1 36.333213
405 412 -1 -1 28.165622
279 315 -1 -1 33.774523
279 304 315 -1 34.382457
232 257 -1 -1 27.647453
257 258 -1 -1 26.209354
232 257 258 -1 34.183299
341 374 -1 -1 31.626303
341 368 374 -1 36.113886
186 200 -1 -1 21.397656
200 210 -1 -1 21.771345
186 200 210 -1 26.978311
257 279 -1 -1 29.897407
257 258 279 -1 33.659684
115 127 -1 -1 23.976461
127 139 -1 -1 26.275469
115 127 139 -1 28.915584
174 200 -1 -1 20.114319
174 186 200 -1 24.707875
374 412 -1 -1 33.651329
374 405 412 -1 38.856792
127 153 -1 -1 31.125087
127 139 153 -1 31.369149
309 315 -1 -1 26.788042
279 309 -1 -1 35.511948
279 309 315 -1 38.137235
309 341 -1 -1 36.688603
309 315 341 -1 37.367146
153 154 -1 -1 21.371547
127 154 -1 -1 25.664466
127 153 154 -1 32.006726
154 174 -1 -1 22.609831
153 154 174 -1 25.104694
205 210 -1 -1 29.946228
200 205 -1 -1 18.686943
200 205 210 -1 32.806616
205 232 -1 -1 36.110324
205 210 232 -1 36.475284
257 275 -1 -1 25.535574
275 279 -1 -1 25.503491
257 275 279 -1 32.328453
232 233 -1 -1 26.124525
205 233 -1 -1 29.980266
205 232 233 -1 39.765453
233 257 -1 -1 30.489048
232 233 257 -1 34.166804
275 309 -1 -1 32.927852
275 279 309 -1 37.262779
99 127 -1 -1 29.261045
309 336 -1 -1 32.164547
336 341 -1 -1 30.313364
309 336 341 -1 39.952225
341 373 -1 -1 41.356644
373 374 -1 -1 23.302874
341 373 374 -1 43.310642
373 412 -1 -1 37.726522
373 374 412 -1 39.170958
336 373 -1 -1 34.717484
336 341 373 -1 41.697423
154 172 -1 -1 22.756372
172 174 -1 -1 25.202257
154 172 174 -1 28.454300
172 200 -1 -1 32.436529
172 174 200 -1 33.128777
172 193 -1 -1 19.223488
193 200 -1 -1 29.943005
172 193 200 -1 32.607201
127 131 -1 -1 21.919231
131 154 -1 -1 31.718800
127 131 154 -1 32.448501
193 205 -1 -1 23.766891
193 200 205 -1 36.236835
150 154 -1 -1 21.358134
131 150 -1 -1 17.411715
131 150 154 -1 31.718800
254 257 -1 -1 33.624647
233 254 -1 -1 33.179781
233 254 257 -1 38.500519
254 275 -1 -1 28.030767
254 257 275 -1 34.619994
99 131 -1 -1 29.937629
99 127 131 -1 31.835912
275 294 -1 -1 23.803565
294 309 -1 -1 28.870717
275 294 309 -1 34.647057
150 172 -1 -1 24.506053
150 154 172 -1 26.676551
254 294 -1 -1 36.247397
254 275 294 -1 36.426141
99 -1 -1 -1 0.000000
102 -1 -1 -1 0.000000
103 -1 -1 -1 0.000000
104 -1 -1 -1 0.000000
105 -1 -1 -1 0.000000
106 -1 -1 -1 0.000000
107 -1 -1 -1 0.000000
108 -1 -1 -1 0.000000
113 -1 -1 -1 0.000000
115 -1 -1 -1 0.000000
116 -1 -1 -1 0.000000
117 -1 -1 -1 0.000000
120 -1 -1 -1 0.000000
121 -1 -1 -1 0.000000
126 -1 -1 -1 0.000000
127 -1 -1 -1 0.000000
128 -1 -1 -1 0.000000
129 -1 -1 -1 0.000000
130 -1 -1 -1 0.000000
131 -1 -1 -1 0.000000
134 -1 -1 -1 0.000000
135 -1 -1 -1 0.000000
136 -1 -1 -1 0.000000
138 -1 -1 -1 0.000000
139 -1 -1 -1 0.000000
142 -1 -1 -1 0.000000
143 -1 -1 -1 0.000000
144 -1 -1 -1 0.000000
145 -1 -1 -1 0.000000
148 -1 -1 -1 0.000000
149 -1 -1 -1 0.000000
150 -1 -1 -1 0.000000
151 -1 -1 -1 0.000000
153 -1 -1 -1 0.000000
154 -1 -1 -1 0.000000
156 -1 -1 -1 0.000000
158 -1 -1 -1 0.000000
159 -1 -1 -1 0.000000
160 -1 -1 -1 0.000000
162 -1 -1 -1 0.000000
165 -1 -1 -1 0.000000
166 -1 -1 -1 0.000000
167 -1 -1 -1 0.000000
170 -1 -1 -1 0.000000
172 -1 -1 -1 0.000000
173 -1 -1 -1 0.000000
174 -1 -1 -1 0.000000
175 -1 -1 -1 0.000000
177 -1 -1 -1 0.000000
179 -1 -1 -1 0.000000
182 -1 -1 -1 0.000000
183 -1 -1 -1 0.000000
184 -1 -1 -1 0.000000
185 -1 -1 -1 0.000000
186 -1 -1 -1 0.000000
187 -1 -1 -1 0.000000
188 -1 -1 -1 0.000000
189 -1 -1 -1 0.000000
191 -1 -1 -1 0.000000
193 -1 -1 -1 0.000000
199 -1 -1 -1 0.000000
200 -1 -1 -1 0.000000
201 -1 -1 -1 0.000000
203 -1 -1 -1 0.000000
204 -1 -1 -1 0.000000
205 -1 -1 -1 0.000000
207 -1 -1 -1 0.000000
208 -1 -1 -1 0.000000
209 -1 -1 -1 0.000000
210 -1 -1 -1 0.000000
211 -1 -1 -1 0.000000
212 -1 -1 -1 0.000000
214 -1 -1 -1 0.000000
215 -1 -1 -1 0.000000
220 -1 -1 -1 0.000000
221 -1 -1 -1 0.000000
224 -1 -1 -1 0.000000
226 -1 -1 -1 0.000000
227 -1 -1 -1 0.000000
228 -1 -1 -1 0.000000
229 -1 -1 -1 0.000000
230 -1 -1 -1 0.000000
232 -1 -1 -1 0.000000
233 -1 -1 -1 0.000000
235 -1 -1 -1 0.000000
237 -1 -1 -1 0.000000
240 -1 -1 -1 0.000000
241 -1 -1 -1 0.000000
242 -1 -1 -1 0.000000
243 -1 -1 -1 0.000000
244 -1 -1 -1 0.000000
248 -1 -1 -1 0.000000
249 -1 -1 -1 0.000000
250 -1 -1 -1 0.000000
251 -1 -1 -1 0.000000
252 -1 -1 -1 0.000000
253 -1 -1 -1 0.000000
254 -1 -1 -1 0.000000
255 -1 -1 -1 0.000000
257 -1 -1 -1 0.000000
258 -1 -1 -1 0.000000
260 -1 -1 -1 0.000000
264 -1 -1 -1 0.000000
267 -1 -1 -1 0.000000
269 -1 -1 -1 0.000000
270 -1 -1 -1 0.000000
271 -1 -1 -1 0.000000
272 -1 -1 -1 0.000000
274 -1 -1 -1 0.000000
275 -1 -1 -1 0.000000
276 -1 -1 -1 0.000000
277 -1 -1 -1 0.000000
278 -1 -1 -1 0.000000
279 -1 -1 -1 0.000000
281 -1 -1 -1 0.000000
282 -1 -1 -1 0.000000
284 -1 -1 -1 0.000000
287 -1 -1 -1 0.000000
291 -1 -1 -1 0.000000
292 -1 -1 -1 0.000000
293 -1 -1 -1 0.000000
294 -1 -1 -1 0.000000
296 -1 -1 -1 0.000000
298 -1 -1 -1 0.000000
300 -1 -1 -1 0.000000
303 -1 -1 -1 0.000000
304 -1 -1 -1 0.000000
306 -1 -1 -1 0.000000
307 -1 -1 -1 0.000000
309 -1 -1 -1 0.000000
311 -1 -1 -1 0.000000
312 -1 -1 -1 0.000000
314 -1 -1 -1 0.000000
315 -1 -1 -1 0.000000
316 -1 -1 -1 0.000000
318 -1 -1 -1 0.000000
319 -1 -1 -1 0.000000
320 -1 -1 -1 0.000000
323 -1 -1 -1 0.000000
325 -1 -1 -1 0.000000
327 -1 -1 -1 0.000000
328 -1 -1 -1 0.000000
329 -1 -1 -1 0.000000
331 -1 -1 -1 0.000000
333 -1 -1 -1 0.000000
336 -1 -1 -1 0.000000
338 -1 -1 -1 0.000000
339 -1 -1 -1 0.000000
340 -1 -1 -1 0.000000
341 -1 -1 -1 0.000000
344 -1 -1 -1 0.000000
346 -1 -1 -1 0.000000
349 -1 -1 -1 0.000000
350 -1 -1 -1 0.000000
351 -1 -1 -1 0.000000
352 -1 -1 -1 0.000000
353 -1 -1 -1 0.000000
356 -1 -1 -1 0.000000
357 -1 -1 -1 0.000000
360 -1 -1 -1 0.000000
365 -1 -1 -1 0.000000
366 -1 -1 -1 0.000000
367 -1 -1 -1 0.000000
368 -1 -1 -1 0.000000
369 -1 -1 -1 0.000000
372 -1 -1 -1 0.000000
373 -1 -1 -1 0.000000
374 -1 -1 -1 0.000000
375 -1 -1 -1 0.000000
378 -1 -1 -1 0.000000
380 -1 -1 -1 0.000000
381 -1 -1 -1 0.000000
386 -1 -1 -1 0.000000
387 -1 -1 -1 0.000000
388 -1 -1 -1 0.000000
389 -1 -1 -1 0.000000
394 -1 -1 -1 0.000000
395 -1 -1 -1 0.000000
396 -1 -1 -1 0.000000
397 -1 -1 -1 0.000000
399 -1 -1 -1 0.000000
401 -1 -1 -1 0.000000
404 -1 -1 -1 0.000000
405 -1 -1 -1 0.000000
410 -1 -1 -1 0.000000
411 -1 -1 -1 0.000000
412 -1 -1 -1 0.000000
