396 409 -1 -1 19.705989
117 139 -1 -1 15.661983
342 366 -1 -1 28.847687
262 273 -1 -1 24.967917
409 414 -1 -1 21.453311
139 146 -1 -1 20.147796
146 159 -1 -1 16.905358
179 191 -1 -1 19.759541
191 209 -1 -1 25.692467
159 179 -1 -1 31.605771
273 310 -1 -1 25.680291
327 342 -1 -1 27.886897
310 327 -1 -1 21.770953
366 396 -1 -1 28.899079
224 234 -1 -1 23.655825
209 224 -1 -1 23.622998
234 262 -1 -1 37.746472
117 120 -1 -1 20.027474
135 139 -1 -1 21.741222
117 135 -1 -1 24.285210
117 135 139 -1 26.380839
135 146 -1 -1 12.187836
135 139 146 -1 24.179960
159 173 -1 -1 31.862800
173 179 -1 -1 17.644839
159 173 179 -1 33.857762
179 209 -1 -1 32.202391
179 191 209 -1 32.268724
146 173 -1 -1 30.159135
146 159 173 -1 33.059674
234 266 -1 -1 46.491140
262 266 -1 -1 38.556593
234 262 266 -1 48.685686
266 273 -1 -1 25.896877
262 266 273 -1 46.826440
120 135 -1 -1 18.378261
117 120 135 -1 24.688595
146 166 -1 -1 35.148828
166 173 -1 -1 13.344609
146 166 173 -1 37.132117
234 254 -1 -1 27.704649
254 266 -1 -1 16.122672
234 254 266 -1 46.491140
135 166 -1 -1 31.581567
135 146 166 -1 36.149367
396 414 -1 -1 37.375497
396 409 414 -1 48.055937
134 135 -1 -1 10.117367
134 166 -1 -1 20.817792
134 135 166 -1 31.581567
179 196 -1 -1 21.060575
173 196 -1 -1 16.202572
173 179 196 -1 26.676671
326 327 -1 -1 31.279947
326 342 -1 -1 34.908446
326 327 342 -1 36.930472
179 205 -1 -1 39.998429
196 205 -1 -1 30.549597
179 196 205 -1 41.778576
205 209 -1 -1 25.247979
179 205 209 -1 39.998429
365 396 -1 -1 46.401678
365 366 -1 -1 23.522929
365 366 396 -1 51.220743
342 365 -1 -1 43.501722
342 365 366 -1 43.764046
326 365 -1 -1 37.114613
326 342 365 -1 46.687217
396 410 -1 -1 41.478487
365 410 -1 -1 56.628783
365 396 410 -1 57.154101
410 414 -1 -1 22.408625
396 410 414 -1 47.243530
120 134 -1 -1 26.727210
120 134 135 -1 26.769086
365 388 -1 -1 32.804970
388 410 -1 -1 29.685621
365 388 410 -1 56.628783
205 224 -1 -1 26.523902
205 209 224 -1 31.669678
310 326 -1 -1 31.879018
310 326 327 -1 33.619147
120 131 -1 -1 22.339146
131 134 -1 -1 9.824991
120 131 134 -1 30.413231
131 166 -1 -1 24.767517
131 134 166 -1 25.927543
120 126 -1 -1 24.929720
126 131 -1 -1 19.317780
120 126 131 -1 25.606730
234 243 -1 -1 37.433706
243 254 -1 -1 20.760809
234 243 254 -1 38.066885
266 310 -1 -1 41.944668
266 273 310 -1 46.768436
131 137 -1 -1 6.161490
126 137 -1 -1 13.170083
126 131 137 -1 20.007986
131 149 -1 -1 20.684390
149 166 -1 -1 20.407804
131 149 166 -1 25.490160
224 243 -1 -1 34.879392
224 234 243 -1 43.221286
137 149 -1 -1 13.703092
131 137 149 -1 20.839204
266 275 -1 -1 37.036880
275 310 -1 -1 42.682803
266 275 310 -1 46.583300
362 365 -1 -1 20.057281
362 388 -1 -1 26.542670
362 365 388 -1 47.645916
254 275 -1 -1 37.869421
254 266 275 -1 39.795873
410 411 -1 -1 31.095781
388 411 -1 -1 26.770099
388 410 411 -1 44.425483
243 267 -1 -1 22.936548
254 267 -1 -1 30.910761
243 254 267 -1 40.325276
186 196 -1 -1 24.059240
186 205 -1 -1 28.312283
186 196 205 -1 34.005559
173 186 -1 -1 38.223809
173 186 196 -1 38.843129
224 239 -1 -1 39.090283
239 243 -1 -1 15.269277
224 239 243 -1 39.090283
166 186 -1 -1 32.610391
166 173 186 -1 38.223809
126 149 -1 -1 21.935146
126 137 149 -1 22.196661
267 275 -1 -1 28.460762
254 267 275 -1 47.977644
224 225 -1 -1 44.943203
205 225 -1 -1 38.255947
205 224 225 -1 44.946507
225 239 -1 -1 24.665053
224 225 239 -1 46.118557
149 163 -1 -1 14.614389
163 166 -1 -1 24.424844
149 163 166 -1 24.813072
326 362 -1 -1 33.638615
326 362 365 -1 48.952746
302 310 -1 -1 45.954215
302 326 -1 -1 34.782649
302 310 326 -1 51.372222
163 186 -1 -1 28.648931
163 166 186 -1 33.435416
275 302 -1 -1 41.308406
275 302 310 -1 49.872934
115 126 -1 -1 27.467399
205 206 -1 -1 27.111198
206 225 -1 -1 22.449124
205 206 225 -1 39.418548
186 206 -1 -1 25.751911
186 205 206 -1 34.001736
115 149 -1 -1 31.613686
115 126 149 -1 33.127559
362 369 -1 -1 16.627980
369 388 -1 -1 31.076936
362 369 388 -1 39.320501
115 142 -1 -1 23.874469
142 149 -1 -1 28.394534
115 142 149 -1 32.360876
142 163 -1 -1 23.665097
142 149 163 -1 30.134239
302 362 -1 -1 58.956300
302 326 362 -1 59.607458
302 357 -1 -1 48.727782
357 362 -1 -1 34.087702
302 357 362 -1 58.956300
357 369 -1 -1 21.698895
357 362 369 -1 40.461393
163 167 -1 -1 12.794599
167 186 -1 -1 29.823000
163 167 186 -1 30.297137
142 167 -1 -1 18.963376
142 163 167 -1 23.665097
182 186 -1 -1 23.359111
167 182 -1 -1 25.474774
167 182 186 -1 31.285352
239 267 -1 -1 32.628294
239 243 267 -1 40.665610
369 385 -1 -1 17.865831
385 388 -1 -1 34.335830
369 385 388 -1 35.641209
385 411 -1 -1 31.949749
385 388 411 -1 36.443574
385 403 -1 -1 27.869404
403 411 -1 -1 26.668560
385 403 411 -1 39.159181
239 247 -1 -1 27.712352
247 267 -1 -1 21.663977
239 247 267 -1 37.465333
182 206 -1 -1 32.313142
182 186 206 -1 32.313142
206 207 -1 -1 16.792216
207 225 -1 -1 24.309279
206 207 225 -1 27.162088
225 247 -1 -1 47.698083
225 239 247 -1 49.419161
182 207 -1 -1 26.730133
182 206 207 -1 34.520517
167 169 -1 -1 25.964292
169 182 -1 -1 20.956915
167 169 182 -1 29.261363
225 233 -1 -1 29.519312
233 247 -1 -1 25.884776
225 233 247 -1 47.863148
357 385 -1 -1 30.675170
357 369 385 -1 30.849841
142 169 -1 -1 25.998229
142 167 169 -1 27.743625
247 275 -1 -1 44.595814
247 267 275 -1 44.595814
182 204 -1 -1 25.454691
204 207 -1 -1 21.292901
182 204 207 -1 28.222156
113 115 -1 -1 31.061094
113 142 -1 -1 35.612630
113 115 142 -1 36.460126
113 143 -1 -1 23.135755
142 143 -1 -1 36.729228
113 142 143 -1 48.323428
182 192 -1 -1 24.823275
192 204 -1 -1 13.022442
182 192 204 -1 33.287272
275 295 -1 -1 50.524933
295 302 -1 -1 61.718530
275 295 302 -1 64.672586
204 216 -1 -1 21.874954
207 216 -1 -1 28.118171
204 207 216 -1 36.419107
216 225 -1 -1 38.976962
207 216 225 -1 38.976962
247 295 -1 -1 49.258994
247 275 295 -1 53.288031
302 306 -1 -1 31.699095
295 306 -1 -1 28.345310
295 302 306 -1 61.718530
306 357 -1 -1 52.079264
302 306 357 -1 53.456617
143 169 -1 -1 28.905851
142 143 169 -1 38.319455
247 276 -1 -1 42.372205
276 295 -1 -1 19.688585
247 276 295 -1 49.654708
306 349 -1 -1 48.894199
349 357 -1 -1 36.502957
306 349 357 -1 52.079264
169 192 -1 -1 24.611928
169 182 192 -1 28.424517
385 386 -1 -1 32.851162
357 386 -1 -1 44.350173
357 385 386 -1 44.350173
386 403 -1 -1 26.624277
385 386 403 -1 32.881194
306 337 -1 -1 26.617249
337 349 -1 -1 11.293252
306 337 349 -1 48.894199
349 358 -1 -1 37.833723
357 358 -1 -1 22.711233
349 357 358 -1 38.398745
358 386 -1 -1 34.661205
357 358 386 -1 44.848139
233 248 -1 -1 26.319876
247 248 -1 -1 21.992921
233 247 248 -1 29.673727
349 359 -1 -1 13.475884
358 359 -1 -1 16.625607
349 358 359 -1 39.247254
248 276 -1 -1 24.638038
247 248 276 -1 47.270776
216 233 -1 -1 31.516267
216 225 233 -1 48.196467
216 228 -1 -1 35.270272
228 233 -1 -1 28.506436
216 228 233 -1 43.171107
228 248 -1 -1 28.700648
228 233 248 -1 38.092571
165 169 -1 -1 28.174435
165 192 -1 -1 29.607122
165 169 192 -1 33.098917
100 113 -1 -1 22.693952
358 376 -1 -1 25.284866
376 386 -1 -1 18.929042
358 376 386 -1 34.661205
143 165 -1 -1 28.130923
143 165 169 -1 31.892725
359 376 -1 -1 24.087737
358 359 376 -1 29.229187
295 307 -1 -1 28.564880
306 307 -1 -1 31.127493
295 306 307 -1 32.320113
248 251 -1 -1 26.621442
251 276 -1 -1 30.896696
248 251 276 -1 38.648320
216 220 -1 -1 38.191532
220 228 -1 -1 25.292276
216 220 228 -1 39.278055
192 197 -1 -1 26.673276
197 204 -1 -1 35.763039
192 197 204 -1 35.763039
197 216 -1 -1 32.740836
197 204 216 -1 36.784240
165 197 -1 -1 27.626692
165 192 197 -1 37.843933
197 220 -1 -1 33.917344
197 216 220 -1 42.799282
306 333 -1 -1 38.007450
333 337 -1 -1 37.097574
306 333 337 -1 38.007450
307 333 -1 -1 30.073940
306 307 333 -1 40.537986
337 338 -1 -1 19.466430
333 338 -1 -1 14.997013
333 337 338 -1 37.097574
338 349 -1 -1 21.282979
337 338 349 -1 22.722544
100 143 -1 -1 41.489744
100 113 143 -1 43.850889
251 278 -1 -1 19.972826
276 278 -1 -1 21.880863
251 276 278 -1 30.896696
228 251 -1 -1 35.175224
228 248 251 -1 37.886160
349 352 -1 -1 24.558038
352 359 -1 -1 25.077518
349 352 359 -1 26.162376
100 107 -1 -1 16.978543
107 143 -1 -1 36.402760
100 107 143 -1 46.518863
338 352 -1 -1 17.277281
338 349 352 -1 25.140501
386 404 -1 -1 37.923759
359 370 -1 -1 28.304865
370 376 -1 -1 17.663457
359 370 376 -1 29.834867
352 370 -1 -1 24.812105
352 359 370 -1 30.158391
307 312 -1 -1 29.480520
312 333 -1 -1 23.419996
307 312 333 -1 44.307529
276 300 -1 -1 35.123875
295 300 -1 -1 39.364801
276 295 300 -1 39.652757
300 307 -1 -1 22.583560
295 300 307 -1 40.085817
381 386 -1 -1 39.278877
376 404 -1 -1 43.510100
381 404 -1 -1 32.636148
376 381 -1 -1 40.696793
376 386 404 -1 43.510100
381 386 404 -1 39.968388
376 381 386 -1 43.510100
376 381 404 -1 43.510100
376 381 386 404 43.510100
143 157 -1 -1 46.285072
157 165 -1 -1 31.591954
143 157 165 -1 46.285072
370 381 -1 -1 16.730843
370 376 381 -1 49.555119
276 292 -1 -1 34.576070
292 300 -1 -1 8.647618
276 292 300 -1 36.175593
197 210 -1 -1 24.551100
210 220 -1 -1 27.989930
197 210 220 -1 33.917344
107 157 -1 -1 46.215239
107 143 157 -1 50.278355
165 190 -1 -1 28.754005
190 197 -1 -1 21.090154
165 190 197 -1 32.112824
276 277 -1 -1 35.078036
277 278 -1 -1 15.607129
276 277 278 -1 35.078036
277 292 -1 -1 13.928805
276 277 292 -1 36.295277
333 352 -1 -1 18.400140
333 338 352 -1 19.215190
104 107 -1 -1 13.170929
104 157 -1 -1 61.991785
104 107 157 -1 62.142648
157 190 -1 -1 30.772177
157 165 190 -1 35.708026
104 121 -1 -1 18.521264
121 157 -1 -1 40.165228
104 121 157 -1 61.991785
228 244 -1 -1 41.290038
244 251 -1 -1 24.372973
228 244 251 -1 41.353490
197 202 -1 -1 34.984764
202 210 -1 -1 12.834129
197 202 210 -1 36.491992
190 202 -1 -1 13.357338
190 197 202 -1 34.984764
220 244 -1 -1 39.280825
220 228 244 -1 43.642129
102 104 -1 -1 26.416100
102 121 -1 -1 14.980030
102 104 121 -1 33.489534
251 277 -1 -1 28.506305
251 277 278 -1 28.506305
346 352 -1 -1 32.517158
346 370 -1 -1 44.668043
346 352 370 -1 46.437206
300 312 -1 -1 31.819618
300 307 312 -1 33.201821
102 157 -1 -1 40.433201
102 121 157 -1 43.430284
381 383 -1 -1 15.660751
383 404 -1 -1 34.882567
381 383 404 -1 34.882567
220 230 -1 -1 32.050843
230 244 -1 -1 28.860978
220 230 244 -1 40.861383
346 381 -1 -1 45.224695
346 370 381 -1 47.235460
346 383 -1 -1 43.137233
346 381 383 -1 45.987547
244 277 -1 -1 35.092342
244 251 277 -1 40.958423
333 346 -1 -1 33.259677
333 346 352 -1 34.718626
208 210 -1 -1 28.496178
208 220 -1 -1 42.016864
208 210 220 -1 42.016864
208 230 -1 -1 23.562662
208 220 230 -1 51.657280
102 140 -1 -1 32.788550
140 157 -1 -1 28.809573
102 140 157 -1 41.912323
401 404 -1 -1 25.619268
244 263 -1 -1 32.961368
263 277 -1 -1 36.602590
244 263 277 -1 40.634810
263 292 -1 -1 43.260201
263 277 292 -1 43.260201
297 300 -1 -1 41.685130
297 312 -1 -1 24.906312
297 300 312 -1 41.685130
312 346 -1 -1 35.553062
312 333 346 -1 38.062438
263 300 -1 -1 47.138112
263 292 300 -1 47.856104
263 297 -1 -1 39.371435
263 297 300 -1 49.184850
383 401 -1 -1 32.493726
383 401 404 -1 45.908180
230 231 -1 -1 22.169523
231 244 -1 -1 25.287624
230 231 244 -1 36.518793
346 356 -1 -1 26.412054
356 383 -1 -1 42.566716
346 356 383 -1 43.773878
102 110 -1 -1 24.097815
110 140 -1 -1 26.986298
102 110 140 -1 34.169441
202 208 -1 -1 29.837069
202 208 210 -1 38.006495
356 390 -1 -1 30.016271
383 390 -1 -1 35.732295
356 383 390 -1 57.147833
390 401 -1 -1 22.534690
383 390 401 -1 35.732295
140 174 -1 -1 45.159541
157 174 -1 -1 39.027980
140 157 174 -1 52.167199
174 190 -1 -1 42.011643
157 174 190 -1 57.051400
174 202 -1 -1 34.572569
174 190 202 -1 44.812001
297 346 -1 -1 41.499473
297 312 346 -1 44.771859
174 208 -1 -1 31.415943
174 202 208 -1 35.748972
110 124 -1 -1 21.174162
124 140 -1 -1 25.897364
110 124 140 -1 36.114197
140 158 -1 -1 27.320035
158 174 -1 -1 33.730276
140 158 174 -1 45.159541
231 263 -1 -1 37.202217
231 244 263 -1 43.707595
263 286 -1 -1 28.378152
286 297 -1 -1 41.471724
263 286 297 -1 45.929456
297 301 -1 -1 24.612242
286 301 -1 -1 28.100439
286 297 301 -1 42.615297
231 249 -1 -1 26.348165
249 263 -1 -1 39.838896
231 249 263 -1 42.198621
215 230 -1 -1 43.913528
215 231 -1 -1 28.198690
215 230 231 -1 43.913528
297 345 -1 -1 57.062498
301 345 -1 -1 41.955592
297 301 345 -1 57.062498
345 346 -1 -1 49.771246
297 345 346 -1 57.958021
208 215 -1 -1 34.526650
208 215 230 -1 46.863665
215 249 -1 -1 40.719377
215 231 249 -1 53.077497
345 356 -1 -1 43.053098
345 346 356 -1 50.658968
155 158 -1 -1 10.409345
155 174 -1 -1 28.695094
155 158 174 -1 35.174286
263 272 -1 -1 35.397506
272 286 -1 -1 17.769556
263 272 286 -1 35.397506
301 332 -1 -1 27.802773
332 345 -1 -1 25.985633
301 332 345 -1 43.512337
356 373 -1 -1 31.444974
373 390 -1 -1 21.030201
356 373 390 -1 42.290833
140 155 -1 -1 45.447308
124 155 -1 -1 33.552649
124 158 -1 -1 29.418687
124 140 155 -1 45.447308
140 155 158 -1 45.447308
124 140 158 -1 45.447308
124 155 158 -1 33.552649
124 140 155 158 45.447308
249 272 -1 -1 34.890699
249 263 272 -1 42.382292
174 215 -1 -1 49.564663
174 208 215 -1 50.914440
249 253 -1 -1 23.134127
253 272 -1 -1 19.200704
249 253 272 -1 39.902486
94 124 -1 -1 29.509618
214 215 -1 -1 19.362054
214 249 -1 -1 40.503413
214 215 249 -1 47.766437
373 415 -1 -1 37.008523
152 155 -1 -1 20.990919
152 174 -1 -1 32.437443
152 155 174 -1 41.830669
124 152 -1 -1 65.681620
124 152 155 -1 65.943081
301 317 -1 -1 29.557245
317 332 -1 -1 12.823030
301 317 332 -1 37.001154
152 215 -1 -1 53.685613
152 174 215 -1 55.722581
299 301 -1 -1 21.067610
299 317 -1 -1 13.367436
299 301 317 -1 30.112406
286 299 -1 -1 26.937922
286 299 301 -1 31.388902
94 152 -1 -1 67.685061
94 124 152 -1 67.959633
152 153 -1 -1 21.538333
94 153 -1 -1 50.955566
94 152 153 -1 67.685061
152 214 -1 -1 52.479649
152 214 215 -1 53.685613
272 299 -1 -1 26.603240
272 286 299 -1 28.988302
345 373 -1 -1 59.346155
345 356 373 -1 60.450405
94 111 -1 -1 21.594650
111 153 -1 -1 32.438280
94 111 153 -1 50.955566
373 397 -1 -1 18.550770
397 415 -1 -1 21.917692
373 397 415 -1 37.008523
345 354 -1 -1 33.520275
354 373 -1 -1 60.476176
345 354 373 -1 60.476176
354 375 -1 -1 30.037371
373 375 -1 -1 28.683281
354 373 375 -1 60.692583
375 397 -1 -1 20.477405
373 375 397 -1 31.213442
152 193 -1 -1 34.730784
193 214 -1 -1 47.769286
152 193 214 -1 54.136140
193 218 -1 -1 37.395764
214 218 -1 -1 29.693899
193 214 218 -1 58.009339
272 287 -1 -1 28.644620
287 299 -1 -1 23.958628
272 287 299 -1 29.866640
249 250 -1 -1 36.512166
250 253 -1 -1 22.141527
249 250 253 -1 36.512166
218 249 -1 -1 43.980359
214 218 249 -1 43.980359
218 250 -1 -1 37.167706
218 249 250 -1 45.758974
287 317 -1 -1 23.350688
287 299 317 -1 26.166902
153 193 -1 -1 41.204627
152 153 193 -1 53.677827
253 287 -1 -1 34.649453
253 272 287 -1 36.810502
253 271 -1 -1 32.946506
271 287 -1 -1 19.351151
253 271 287 -1 34.755051
316 317 -1 -1 25.432451
316 332 -1 -1 30.500613
316 317 332 -1 31.284513
332 336 -1 -1 30.406040
316 336 -1 -1 19.148764
316 332 336 -1 33.291640
336 345 -1 -1 41.494304
332 336 345 -1 46.691936
336 354 -1 -1 26.576091
336 345 354 -1 42.358181
147 153 -1 -1 18.692259
153 175 -1 -1 40.272637
147 175 -1 -1 22.178206
147 153 175 -1 43.271483
175 193 -1 -1 30.074051
153 175 193 -1 42.054475
111 147 -1 -1 29.378739
111 147 153 -1 37.850783
397 402 -1 -1 25.574500
402 415 -1 -1 40.563776
397 402 415 -1 42.440011
250 271 -1 -1 35.417246
250 253 271 -1 36.999547
375 402 -1 -1 35.853775
375 397 402 -1 38.044614
287 316 -1 -1 26.261378
287 316 317 -1 31.880228
250 252 -1 -1 17.684766
252 271 -1 -1 23.639395
250 252 271 -1 35.417246
193 217 -1 -1 34.446777
217 218 -1 -1 32.407441
193 217 218 -1 51.213384
354 379 -1 -1 26.787873
375 379 -1 -1 25.913462
354 375 379 -1 30.772171
111 118 -1 -1 32.620940
375 395 -1 -1 28.869785
395 402 -1 -1 17.633551
375 395 402 -1 37.165439
379 395 -1 -1 16.191960
375 379 395 -1 29.648559
118 147 -1 -1 38.907245
111 118 147 -1 38.907245
147 148 -1 -1 14.578225
118 148 -1 -1 29.690739
118 147 148 -1 39.275210
148 175 -1 -1 25.621087
147 148 175 -1 30.481080
218 235 -1 -1 38.972489
235 250 -1 -1 29.073218
218 235 250 -1 46.119335
235 252 -1 -1 21.929996
235 250 252 -1 29.073218
193 200 -1 -1 30.029292
200 217 -1 -1 23.157350
193 200 217 -1 34.446777
287 303 -1 -1 45.712760
303 316 -1 -1 32.145699
287 303 316 -1 45.712760
271 303 -1 -1 44.516441
271 287 303 -1 49.105069
402 406 -1 -1 17.062999
377 379 -1 -1 13.904546
377 395 -1 -1 18.867088
377 379 395 -1 18.867088
395 406 -1 -1 17.593427
395 402 406 -1 23.113823
252 258 -1 -1 14.554459
258 271 -1 -1 24.704994
252 258 271 -1 26.471931
395 399 -1 -1 12.214882
399 406 -1 -1 11.833599
395 399 406 -1 19.177352
217 235 -1 -1 33.834592
217 218 235 -1 42.306895
235 258 -1 -1 24.861565
235 252 258 -1 25.732097
148 160 -1 -1 14.932921
160 175 -1 -1 19.013248
148 160 175 -1 26.200356
377 399 -1 -1 16.622793
377 395 399 -1 20.841985
303 336 -1 -1 39.946965
303 316 336 -1 39.946965
354 377 -1 -1 35.525588
354 377 379 -1 36.031779
271 285 -1 -1 35.330954
285 303 -1 -1 31.230377
271 285 303 -1 44.516441
336 341 -1 -1 29.795544
341 354 -1 -1 40.780736
336 341 354 -1 46.146142
175 180 -1 -1 19.654797
180 193 -1 -1 45.909914
175 180 193 -1 46.733073
303 341 -1 -1 33.228168
303 336 341 -1 47.679694
258 285 -1 -1 36.411839
258 271 285 -1 39.938951
145 148 -1 -1 22.436187
118 145 -1 -1 28.362865
118 145 148 -1 31.487552
354 374 -1 -1 42.113414
374 377 -1 -1 15.086550
354 374 377 -1 42.447159
374 399 -1 -1 22.539079
374 377 399 -1 23.176983
145 160 -1 -1 12.985086
145 148 160 -1 26.330420
399 405 -1 -1 25.800097
405 406 -1 -1 16.049663
399 405 406 -1 27.405255
258 264 -1 -1 24.298532
264 285 -1 -1 23.226437
258 264 285 -1 37.703441
217 232 -1 -1 38.063640
232 235 -1 -1 15.269990
217 232 235 -1 39.754785
354 368 -1 -1 47.558365
341 368 -1 -1 29.322968
341 354 368 -1 47.558365
368 374 -1 -1 22.581761
354 368 374 -1 48.039780
374 391 -1 -1 17.064649
391 399 -1 -1 24.188201
374 391 399 -1 25.474502
160 180 -1 -1 20.162816
160 175 180 -1 27.984461
180 200 -1 -1 21.230303
180 193 200 -1 50.906993
391 405 -1 -1 19.647425
391 399 405 -1 27.461776
118 136 -1 -1 30.802365
136 145 -1 -1 12.512426
118 136 145 -1 30.802365
235 264 -1 -1 37.669981
235 258 264 -1 37.669981
180 194 -1 -1 17.160845
194 200 -1 -1 17.323132
180 194 200 -1 21.819864
217 229 -1 -1 36.020619
229 232 -1 -1 19.429865
217 229 232 -1 40.365895
232 264 -1 -1 28.965316
232 235 264 -1 38.518045
160 168 -1 -1 28.350501
168 180 -1 -1 23.928149
160 168 180 -1 29.158869
118 125 -1 -1 29.871345
125 136 -1 -1 12.560253
118 125 136 -1 31.598433
145 168 -1 -1 24.319145
145 160 168 -1 29.441058
168 194 -1 -1 24.540742
168 180 194 -1 27.727956
194 217 -1 -1 40.672939
194 200 217 -1 40.672939
340 341 -1 -1 21.196216
340 368 -1 -1 27.927424
340 341 368 -1 32.269101
392 405 -1 -1 37.669321
303 340 -1 -1 36.648684
303 340 341 -1 39.520277
391 392 -1 -1 32.854001
391 392 405 -1 37.843207
212 217 -1 -1 40.440064
212 229 -1 -1 33.676406
212 217 229 -1 42.744707
168 195 -1 -1 23.624337
194 195 -1 -1 8.694055
168 194 195 -1 25.217163
194 212 -1 -1 36.843141
195 212 -1 -1 29.580884
195 217 -1 -1 44.849596
194 195 212 -1 36.843141
194 195 217 -1 44.849596
194 212 217 -1 44.849596
195 212 217 -1 44.849596
194 195 212 217 44.849596
368 391 -1 -1 25.043216
368 374 391 -1 33.330940
136 168 -1 -1 26.004438
136 145 168 -1 28.949654
229 264 -1 -1 43.400651
229 232 264 -1 43.400651
285 304 -1 -1 39.677482
303 304 -1 -1 37.652477
285 303 304 -1 46.263727
304 340 -1 -1 29.545966
303 304 340 -1 43.668121
125 129 -1 -1 15.803340
368 392 -1 -1 34.111086
368 391 392 -1 36.625159
187 195 -1 -1 29.230034
187 212 -1 -1 23.207449
187 195 212 -1 39.136686
136 150 -1 -1 25.636946
150 168 -1 -1 22.762460
136 150 168 -1 28.501786
168 187 -1 -1 30.519734
168 187 195 -1 35.187908
264 269 -1 -1 26.229961
269 285 -1 -1 34.802663
264 269 285 -1 39.392008
242 264 -1 -1 36.531714
229 242 -1 -1 24.842963
229 242 264 -1 47.685690
242 269 -1 -1 27.410201
242 264 269 -1 38.225763
285 294 -1 -1 37.086097
294 304 -1 -1 31.669268
285 294 304 -1 42.754828
304 344 -1 -1 27.515940
340 344 -1 -1 18.063790
304 340 344 -1 32.367601
125 150 -1 -1 33.434833
125 136 150 -1 34.748585
269 294 -1 -1 26.044653
269 285 294 -1 38.254911
344 368 -1 -1 32.696294
340 344 368 -1 33.225502
129 150 -1 -1 24.785017
125 129 150 -1 33.434833
150 187 -1 -1 36.515779
150 168 187 -1 36.853994
94 -1 -1 -1 0.000000
100 -1 -1 -1 0.000000
102 -1 -1 -1 0.000000
104 -1 -1 -1 0.000000
107 -1 -1 -1 0.000000
110 -1 -1 -1 0.000000
111 -1 -1 -1 0.000000
113 -1 -1 -1 0.000000
115 -1 -1 -1 0.000000
117 -1 -1 -1 0.000000
118 -1 -1 -1 0.000000
120 -1 -1 -1 0.000000
121 -1 -1 -1 0.000000
124 -1 -1 -1 0.000000
125 -1 -1 -1 0.000000
126 -1 -1 -1 0.000000
129 -1 -1 -1 0.000000
131 -1 -1 -1 0.000000
134 -1 -1 -1 0.000000
135 -1 -1 -1 0.000000
136 -1 -1 -1 0.000000
137 -1 -1 -1 0.000000
139 -1 -1 -1 0.000000
140 -1 -1 -1 0.000000
142 -1 -1 -1 0.000000
143 -1 -1 -1 0.000000
145 -1 -1 -1 0.000000
146 -1 -1 -1 0.000000
147 -1 -1 -1 0.000000
148 -1 -1 -1 0.000000
149 -1 -1 -1 0.000000
150 -1 -1 -1 0.000000
152 -1 -1 -1 0.000000
153 -1 -1 -1 0.000000
155 -1 -1 -1 0.000000
157 -1 -1 -1 0.000000
158 -1 -1 -1 0.000000
159 -1 -1 -1 0.000000
160 -1 -1 -1 0.000000
163 -1 -1 -1 0.000000
165 -1 -1 -1 0.000000
166 -1 -1 -1 0.000000
167 -1 -1 -1 0.000000
168 -1 -1 -1 0.000000
169 -1 -1 -1 0.000000
173 -1 -1 -1 0.000000
174 -1 -1 -1 0.000000
175 -1 -1 -1 0.000000
179 -1 -1 -1 0.000000
180 -1 -1 -1 0.000000
182 -1 -1 -1 0.000000
186 -1 -1 -1 0.000000
187 -1 -1 -1 0.000000
190 -1 -1 -1 0.000000
191 -1 -1 -1 0.000000
192 -1 -1 -1 0.000000
193 -1 -1 -1 0.000000
194 -1 -1 -1 0.000000
195 -1 -1 -1 0.000000
196 -1 -1 -1 0.000000
197 -1 -1 -1 0.000000
200 -1 -1 -1 0.000000
202 -1 -1 -1 0.000000
204 -1 -1 -1 0.000000
205 -1 -1 -1 0.000000
206 -1 -1 -1 0.000000
207 -1 -1 -1 0.000000
208 -1 -1 -1 0.000000
209 -1 -1 -1 0.000000
210 -1 -1 -1 0.000000
212 -1 -1 -1 0.000000
214 -1 -1 -1 0.000000
215 -1 -1 -1 0.000000
216 -1 -1 -1 0.000000
217 -1 -1 -1 0.000000
218 -1 -1 -1 0.000000
220 -1 -1 -1 0.000000
224 -1 -1 -1 0.000000
225 -1 -1 -1 0.000000
228 -1 -1 -1 0.000000
229 -1 -1 -1 0.000000
230 -1 -1 -1 0.000000
231 -1 -1 -1 0.000000
232 -1 -1 -1 0.000000
233 -1 -1 -1 0.000000
234 -1 -1 -1 0.000000
235 -1 -1 -1 0.000000
239 -1 -1 -1 0.000000
242 -1 -1 -1 0.000000
243 -1 -1 -1 0.000000
244 -1 -1 -1 0.000000
247 -1 -1 -1 0.000000
248 -1 -1 -1 0.000000
249 -1 -1 -1 0.000000
250 -1 -1 -1 0.000000
251 -1 -1 -1 0.000000
252 -1 -1 -1 0.000000
253 -1 -1 -1 0.000000
254 -1 -1 -1 0.000000
258 -1 -1 -1 0.000000
262 -1 -1 -1 0.000000
263 -1 -1 -1 0.000000
264 -1 -1 -1 0.000000
266 -1 -1 -1 0.000000
267 -1 -1 -1 0.000000
269 -1 -1 -1 0.000000
271 -1 -1 -1 0.000000
272 -1 -1 -1 0.000000
273 -1 -1 -1 0.000000
275 -1 -1 -1 0.000000
276 -1 -1 -1 0.000000
277 -1 -1 -1 0.000000
278 -1 -1 -1 0.000000
285 -1 -1 -1 0.000000
286 -1 -1 -1 0.000000
287 -1 -1 -1 0.000000
292 -1 -1 -1 0.000000
294 -1 -1 -1 0.000000
295 -1 -1 -1 0.000000
297 -1 -1 -1 0.000000
299 -1 -1 -1 0.000000
300 -1 -1 -1 0.000000
301 -1 -1 -1 0.000000
302 -1 -1 -1 0.000000
303 -1 -1 -1 0.000000
304 -1 -1 -1 0.000000
306 -1 -1 -1 0.000000
307 -1 -1 -1 0.000000
310 -1 -1 -1 0.000000
312 -1 -1 -1 0.000000
316 -1 -1 -1 0.000000
317 -1 -1 -1 0.000000
326 -1 -1 -1 0.000000
327 -1 -1 -1 0.000000
332 -1 -1 -1 0.000000
333 -1 -1 -1 0.000000
336 -1 -1 -1 0.000000
337 -1 -1 -1 0.000000
338 -1 -1 -1 0.000000
340 -1 -1 -1 0.000000
341 -1 -1 -1 0.000000
342 -1 -1 -1 0.000000
344 -1 -1 -1 0.000000
345 -1 -1 -1 0.000000
346 -1 -1 -1 0.000000
349 -1 -1 -1 0.000000
352 -1 -1 -1 0.000000
354 -1 -1 -1 0.000000
356 -1 -1 -1 0.000000
357 -1 -1 -1 0.000000
358 -1 -1 -1 0.000000
359 -1 -1 -1 0.000000
362 -1 -1 -1 0.000000
365 -1 -1 -1 0.000000
366 -1 -1 -1 0.000000
368 -1 -1 -1 0.000000
369 -1 -1 -1 0.000000
370 -1 -1 -1 0.000000
373 -1 -1 -1 0.000000
374 -1 -1 -1 0.000000
375 -1 -1 -1 0.000000
376 -1 -1 -1 0.000000
377 -1 -1 -1 0.000000
379 -1 -1 -1 0.000000
381 -1 -1 -1 0.000000
383 -1 -1 -1 0.000000
385 -1 -1 -1 0.000000
386 -1 -1 -1 0.000000
388 -1 -1 -1 0.000000
390 -1 -1 -1 0.000000
391 -1 -1 -1 0.000000
392 -1 -1 -1 0.000000
395 -1 -1 -1 0.000000
396 -1 -1 -1 0.000000
397 -1 -1 -1 0.000000
399 -1 -1 -1 0.000000
401 -1 -1 -1 0.000000
402 -1 -1 -1 0.000000
403 -1 -1 -1 0.000000
404 -1 -1 -1 0.000000
405 -1 -1 -1 0.000000
406 -1 -1 -1 0.000000
409 -1 -1 -1 0.000000
410 -1 -1 -1 0.000000
411 -1 -1 -1 0.000000
414 -1 -1 -1 0.000000
415 -1 -1 -1 0.000000
