334 359 -1 -1 21.887961
379 404 -1 -1 37.669309
102 123 -1 -1 24.483131
272 306 -1 -1 48.455057
272 280 -1 -1 29.659702
280 306 -1 -1 29.929704
272 280 306 -1 51.465612
178 185 -1 -1 11.429761
202 223 -1 -1 20.869107
256 272 -1 -1 23.294998
123 142 -1 -1 17.949371
185 202 -1 -1 14.802313
359 379 -1 -1 32.548377
306 334 -1 -1 37.840099
148 178 -1 -1 31.565895
223 256 -1 -1 31.494805
142 148 -1 -1 23.028208
377 379 -1 -1 23.676137
377 404 -1 -1 22.587803
377 379 404 -1 44.465749
98 102 -1 -1 40.253529
148 176 -1 -1 45.368936
176 178 -1 -1 15.637605
148 176 178 -1 47.955902
256 280 -1 -1 28.534152
256 272 280 -1 31.285597
98 123 -1 -1 30.704657
98 102 123 -1 41.096247
148 173 -1 -1 52.072589
173 176 -1 -1 16.186745
148 173 176 -1 54.100850
215 223 -1 -1 16.820817
215 256 -1 -1 41.523441
215 223 256 -1 41.831092
255 256 -1 -1 16.451086
215 255 -1 -1 39.538763
215 255 256 -1 41.523441
359 377 -1 -1 41.255064
359 377 379 -1 43.799015
148 163 -1 -1 17.691397
163 173 -1 -1 20.041951
148 163 173 -1 52.072589
202 215 -1 -1 21.983062
202 215 223 -1 37.961458
215 247 -1 -1 29.838545
247 255 -1 -1 21.033013
215 247 255 -1 39.538763
342 359 -1 -1 28.235630
342 377 -1 -1 42.735386
342 359 377 -1 43.427088
137 142 -1 -1 13.923427
137 148 -1 -1 26.459619
137 142 148 -1 30.480711
215 225 -1 -1 13.435690
225 247 -1 -1 15.104143
215 225 247 -1 32.608127
334 342 -1 -1 34.991304
334 342 359 -1 38.309530
123 137 -1 -1 24.481847
123 137 142 -1 25.151252
306 313 -1 -1 29.809535
313 334 -1 -1 42.294839
306 313 334 -1 45.920352
185 215 -1 -1 38.268473
185 202 215 -1 38.268473
313 342 -1 -1 45.081677
313 334 342 -1 56.571899
123 129 -1 -1 36.058991
129 137 -1 -1 30.199772
123 129 137 -1 36.058991
98 129 -1 -1 30.303500
98 123 129 -1 39.852711
137 149 -1 -1 30.716991
148 149 -1 -1 39.263729
137 148 149 -1 39.263729
149 163 -1 -1 30.859189
148 149 163 -1 39.717246
185 188 -1 -1 41.968473
188 215 -1 -1 37.923314
185 188 215 -1 44.566570
255 280 -1 -1 27.357731
255 256 280 -1 38.167561
178 188 -1 -1 49.587654
178 185 188 -1 53.222200
176 188 -1 -1 27.010757
176 178 188 -1 49.587654
188 225 -1 -1 36.288510
188 215 225 -1 39.116076
129 149 -1 -1 20.278314
129 137 149 -1 34.676820
163 164 -1 -1 14.251095
149 164 -1 -1 19.534672
149 163 164 -1 30.859189
239 247 -1 -1 14.479193
239 255 -1 -1 22.859564
239 247 255 -1 22.859564
255 274 -1 -1 49.881114
274 280 -1 -1 49.313483
255 274 280 -1 54.784911
313 333 -1 -1 21.465190
333 342 -1 -1 41.541611
313 333 342 -1 45.496669
164 173 -1 -1 18.806576
163 164 173 -1 21.825236
225 239 -1 -1 17.630865
225 239 247 -1 23.124028
161 164 -1 -1 23.182311
149 161 -1 -1 17.267804
149 161 164 -1 26.708760
161 173 -1 -1 18.215883
161 164 173 -1 25.981050
362 377 -1 -1 38.569635
342 362 -1 -1 31.792078
342 362 377 -1 56.211250
239 244 -1 -1 12.893081
244 255 -1 -1 21.399629
239 244 255 -1 33.799197
244 274 -1 -1 32.328354
244 255 274 -1 51.002870
377 397 -1 -1 51.944452
397 404 -1 -1 50.460661
377 397 404 -1 51.944452
302 306 -1 -1 49.759281
302 313 -1 -1 29.955135
302 306 313 -1 49.759281
333 340 -1 -1 15.931220
340 342 -1 -1 36.069592
333 340 342 -1 42.293793
188 209 -1 -1 24.086347
209 225 -1 -1 26.880353
188 209 225 -1 39.580164
280 302 -1 -1 42.571264
280 302 306 -1 57.239002
377 382 -1 -1 50.357107
362 382 -1 -1 20.576068
362 377 382 -1 50.357107
382 397 -1 -1 24.377997
377 382 397 -1 55.390038
209 239 -1 -1 24.794870
209 225 239 -1 29.658539
274 302 -1 -1 39.584169
274 280 302 -1 51.372477
173 188 -1 -1 31.027709
173 176 188 -1 34.660406
98 107 -1 -1 34.160806
107 129 -1 -1 32.845737
98 107 129 -1 42.031740
340 362 -1 -1 36.917619
340 342 362 -1 39.547594
209 244 -1 -1 37.407712
209 239 244 -1 37.407712
274 289 -1 -1 25.797716
289 302 -1 -1 32.747520
274 289 302 -1 46.286896
209 245 -1 -1 28.805048
244 245 -1 -1 19.981903
209 244 245 -1 37.943392
245 274 -1 -1 27.312121
244 245 274 -1 33.147322
313 324 -1 -1 31.791659
324 333 -1 -1 17.133744
313 324 333 -1 32.113702
155 173 -1 -1 33.791798
313 317 -1 -1 34.598434
302 317 -1 -1 27.946956
302 313 317 -1 35.083037
317 324 -1 -1 7.986199
313 317 324 -1 34.598434
155 161 -1 -1 25.682088
155 161 173 -1 35.889952
155 188 -1 -1 46.717924
155 173 188 -1 46.717924
155 190 -1 -1 37.754399
188 190 -1 -1 29.090624
155 188 190 -1 48.085696
340 349 -1 -1 20.047386
349 362 -1 -1 34.367775
340 349 362 -1 39.248288
190 209 -1 -1 30.921487
188 190 209 -1 33.375657
129 130 -1 -1 47.525075
107 130 -1 -1 39.060092
107 129 130 -1 51.406158
149 155 -1 -1 35.847089
149 155 161 -1 35.847089
130 149 -1 -1 47.190811
129 130 149 -1 47.722875
209 211 -1 -1 18.313081
190 211 -1 -1 23.130066
190 209 211 -1 30.921487
130 155 -1 -1 32.005121
130 149 155 -1 48.656887
362 366 -1 -1 22.761214
366 382 -1 -1 19.956534
362 366 382 -1 23.765338
209 238 -1 -1 34.187602
238 245 -1 -1 17.990922
209 238 245 -1 34.919340
349 366 -1 -1 20.072586
349 362 366 -1 34.367775
289 317 -1 -1 35.924179
289 302 317 -1 37.906631
211 238 -1 -1 36.217151
209 211 238 -1 36.936393
211 222 -1 -1 10.958465
222 238 -1 -1 27.672863
211 222 238 -1 36.217151
155 184 -1 -1 27.219027
184 190 -1 -1 22.311244
155 184 190 -1 38.855911
310 324 -1 -1 23.994348
310 333 -1 -1 38.210891
310 324 333 -1 38.617618
333 337 -1 -1 38.591493
310 337 -1 -1 22.066036
310 333 337 -1 40.525530
337 340 -1 -1 32.902141
333 337 340 -1 38.591493
310 317 -1 -1 19.124404
310 317 324 -1 23.994348
289 310 -1 -1 25.699693
289 310 317 -1 38.209263
337 349 -1 -1 23.552339
337 340 349 -1 33.899448
366 373 -1 -1 29.301372
373 382 -1 -1 27.521081
366 373 382 -1 31.885819
190 222 -1 -1 31.333650
190 211 222 -1 31.333650
105 107 -1 -1 37.390294
105 130 -1 -1 30.499957
105 107 130 -1 44.086109
190 201 -1 -1 27.408332
201 222 -1 -1 27.899504
190 201 222 -1 32.924612
238 274 -1 -1 45.359696
238 245 274 -1 45.359696
155 166 -1 -1 26.906111
166 184 -1 -1 19.141215
155 166 184 -1 31.573558
373 397 -1 -1 39.458180
373 382 397 -1 39.458180
349 356 -1 -1 25.337742
356 366 -1 -1 32.613554
349 356 366 -1 32.613554
356 373 -1 -1 24.677280
356 366 373 -1 42.152401
184 201 -1 -1 22.955173
184 190 201 -1 31.765738
201 216 -1 -1 18.784130
216 222 -1 -1 33.626432
201 216 222 -1 33.626432
222 236 -1 -1 26.400010
216 236 -1 -1 10.184098
216 222 236 -1 34.749864
236 238 -1 -1 33.572653
222 236 238 -1 34.890927
236 241 -1 -1 3.686574
238 241 -1 -1 28.095161
236 238 241 -1 34.066228
241 243 -1 -1 30.764559
238 243 -1 -1 20.970762
238 241 243 -1 36.994630
243 274 -1 -1 55.374857
238 243 274 -1 56.278258
289 292 -1 -1 30.992294
292 310 -1 -1 17.648594
289 292 310 -1 42.676844
130 166 -1 -1 36.298311
130 155 166 -1 44.494315
337 356 -1 -1 30.014740
337 349 356 -1 31.993586
268 274 -1 -1 59.216792
243 268 -1 -1 36.142712
243 268 274 -1 60.107019
268 289 -1 -1 46.539945
268 274 289 -1 60.003359
373 398 -1 -1 28.685190
397 398 -1 -1 56.690589
373 397 398 -1 56.919181
292 337 -1 -1 36.952577
292 310 337 -1 37.139203
268 292 -1 -1 38.398021
268 289 292 -1 47.047511
373 380 -1 -1 25.092405
380 398 -1 -1 19.976527
373 380 398 -1 32.215681
130 162 -1 -1 46.195296
162 166 -1 -1 20.364267
130 162 166 -1 46.908692
166 181 -1 -1 23.646746
181 184 -1 -1 24.830678
166 181 184 -1 30.598697
181 201 -1 -1 28.515061
181 184 201 -1 31.338200
162 181 -1 -1 21.427681
162 166 181 -1 29.602502
292 300 -1 -1 12.491811
268 300 -1 -1 47.146009
268 292 300 -1 51.496682
300 337 -1 -1 40.771436
292 300 337 -1 55.612050
192 201 -1 -1 43.343029
181 192 -1 -1 30.752532
181 192 201 -1 50.547340
337 352 -1 -1 45.900147
352 356 -1 -1 37.266689
337 352 356 -1 46.629135
356 380 -1 -1 34.454509
356 373 380 -1 38.419185
130 135 -1 -1 45.281171
135 162 -1 -1 25.996474
130 135 162 -1 50.132668
322 337 -1 -1 40.031615
300 322 -1 -1 29.969330
300 322 337 -1 48.066018
322 352 -1 -1 22.575689
322 337 352 -1 46.442957
105 135 -1 -1 41.549856
105 130 135 -1 48.212699
192 216 -1 -1 41.213723
192 201 216 -1 44.054013
243 249 -1 -1 23.089093
249 268 -1 -1 36.428201
243 249 268 -1 38.209717
300 303 -1 -1 20.755520
268 303 -1 -1 34.759014
268 300 303 -1 47.250477
356 370 -1 -1 32.585543
370 380 -1 -1 20.411912
356 370 380 -1 35.454904
352 370 -1 -1 21.094913
352 356 370 -1 44.713643
228 241 -1 -1 25.160411
228 236 -1 -1 24.785111
228 236 241 -1 25.426593
228 243 -1 -1 30.883994
228 241 243 -1 40.908749
228 249 -1 -1 19.986065
228 243 249 -1 30.883994
216 228 -1 -1 22.116328
216 228 236 -1 26.766012
303 322 -1 -1 27.575446
300 303 322 -1 39.885646
104 105 -1 -1 41.950191
192 228 -1 -1 30.534930
192 216 228 -1 42.729246
104 135 -1 -1 36.668782
104 105 135 -1 49.672606
162 169 -1 -1 22.812265
169 181 -1 -1 25.524679
162 169 181 -1 28.577757
395 398 -1 -1 29.248247
169 192 -1 -1 30.520642
169 181 192 -1 32.334361
135 169 -1 -1 35.301841
135 162 169 -1 36.147813
370 371 -1 -1 19.044476
371 380 -1 -1 26.535242
370 371 380 -1 28.377068
380 395 -1 -1 31.615126
380 395 398 -1 38.727472
249 252 -1 -1 24.508539
252 268 -1 -1 42.488901
249 252 268 -1 43.326173
104 138 -1 -1 32.826623
135 138 -1 -1 18.795959
104 135 138 -1 36.668782
268 296 -1 -1 48.993245
296 303 -1 -1 24.927574
268 296 303 -1 49.824567
371 395 -1 -1 24.368040
371 380 395 -1 31.933657
138 169 -1 -1 40.010147
135 138 169 -1 41.544407
268 275 -1 -1 35.510454
275 296 -1 -1 19.887046
268 275 296 -1 49.653663
138 156 -1 -1 25.645085
156 169 -1 -1 24.542549
138 156 169 -1 40.853517
220 228 -1 -1 21.504683
220 249 -1 -1 28.579803
220 228 249 -1 31.212790
303 314 -1 -1 34.192012
314 322 -1 -1 26.959242
303 314 322 -1 40.494470
296 314 -1 -1 29.761911
296 303 314 -1 42.847607
192 220 -1 -1 32.182507
192 220 228 -1 32.182507
220 252 -1 -1 26.216752
220 249 252 -1 30.999718
252 275 -1 -1 37.645405
252 268 275 -1 50.011175
273 275 -1 -1 12.955682
252 273 -1 -1 18.959528
252 273 275 -1 37.820468
127 138 -1 -1 21.440144
127 156 -1 -1 30.043681
127 138 156 -1 37.159222
104 127 -1 -1 33.870829
104 127 138 -1 34.051288
273 296 -1 -1 33.237728
273 275 296 -1 34.344396
165 169 -1 -1 50.755668
156 165 -1 -1 24.574433
156 165 169 -1 50.755668
169 183 -1 -1 43.448136
165 183 -1 -1 17.461297
165 169 183 -1 53.390721
183 192 -1 -1 42.109434
169 183 192 -1 45.730710
314 352 -1 -1 47.563629
314 322 352 -1 47.675879
269 273 -1 -1 9.828537
269 296 -1 -1 27.309869
269 273 296 -1 33.398034
352 371 -1 -1 45.311505
352 370 371 -1 45.311505
127 146 -1 -1 16.816116
146 156 -1 -1 18.240694
127 146 156 -1 30.043681
314 335 -1 -1 28.403229
335 352 -1 -1 46.459483
314 335 352 -1 49.350699
352 363 -1 -1 49.783527
363 371 -1 -1 36.543968
352 363 371 -1 49.783527
363 395 -1 -1 50.097353
363 371 395 -1 50.122047
192 199 -1 -1 41.681983
192 221 -1 -1 48.777440
199 220 -1 -1 39.221935
199 221 -1 -1 32.653004
220 221 -1 -1 17.725520
192 199 220 -1 44.236658
192 199 221 -1 48.777440
192 220 221 -1 48.777440
199 220 221 -1 48.777440
192 199 220 221 48.777440
392 395 -1 -1 44.922259
335 363 -1 -1 41.932309
335 352 363 -1 59.401966
183 199 -1 -1 22.192660
183 192 199 -1 44.793102
252 269 -1 -1 28.711840
252 269 273 -1 29.015308
363 392 -1 -1 36.497064
363 392 395 -1 55.249194
221 252 -1 -1 26.747290
220 221 252 -1 33.871256
269 297 -1 -1 27.228241
296 297 -1 -1 21.411164
269 296 297 -1 30.249075
297 314 -1 -1 32.468045
296 297 314 -1 32.468045
269 291 -1 -1 23.543064
291 297 -1 -1 11.863243
269 291 297 -1 27.228241
252 263 -1 -1 31.207531
263 269 -1 -1 11.617297
252 263 269 -1 35.828024
263 291 -1 -1 30.706943
263 269 291 -1 31.978601
297 312 -1 -1 21.911328
312 314 -1 -1 28.220857
297 312 314 -1 35.329370
104 111 -1 -1 49.732685
111 127 -1 -1 23.772271
104 111 127 -1 50.285647
221 263 -1 -1 41.385979
221 252 263 -1 41.385979
221 227 -1 -1 18.840529
199 227 -1 -1 21.035174
199 221 227 -1 32.704804
263 279 -1 -1 17.537335
279 291 -1 -1 12.717040
263 279 291 -1 30.706943
312 335 -1 -1 34.467589
312 314 335 -1 36.642511
221 259 -1 -1 39.973248
259 263 -1 -1 20.550393
221 259 263 -1 42.377864
111 146 -1 -1 26.621253
111 127 146 -1 29.613442
291 312 -1 -1 26.367853
291 297 312 -1 27.080260
111 156 -1 -1 49.306875
111 146 156 -1 49.306875
221 240 -1 -1 20.196122
240 259 -1 -1 31.348549
221 240 259 -1 40.665280
111 165 -1 -1 52.715092
111 156 165 -1 53.084403
227 240 -1 -1 18.528156
221 227 240 -1 21.692878
346 363 -1 -1 34.778081
335 346 -1 -1 32.709335
335 346 363 -1 44.378580
259 279 -1 -1 19.909432
259 263 279 -1 21.654342
111 145 -1 -1 34.009001
145 165 -1 -1 27.865241
111 145 165 -1 54.485229
291 293 -1 -1 19.488293
293 312 -1 -1 17.529963
291 293 312 -1 29.689195
110 111 -1 -1 52.682324
392 402 -1 -1 28.625152
183 189 -1 -1 31.991304
189 199 -1 -1 28.290940
183 189 199 -1 34.075531
110 112 -1 -1 38.612528
111 112 -1 -1 20.813271
110 111 112 -1 52.682324
279 293 -1 -1 24.668386
279 291 293 -1 27.227874
233 240 -1 -1 19.807219
233 259 -1 -1 35.835975
233 240 259 -1 38.429832
312 315 -1 -1 36.349858
315 335 -1 -1 45.316109
312 315 335 -1 46.165971
112 115 -1 -1 15.533351
110 115 -1 -1 13.049862
110 112 115 -1 45.715022
293 315 -1 -1 23.263745
293 312 315 -1 36.349858
315 327 -1 -1 15.723639
327 335 -1 -1 41.473328
315 327 335 -1 46.688041
189 227 -1 -1 30.431853
189 199 227 -1 44.821598
227 233 -1 -1 24.383112
227 233 240 -1 31.409816
233 246 -1 -1 18.108958
246 259 -1 -1 37.720052
233 246 259 -1 40.317001
259 293 -1 -1 40.000642
259 279 293 -1 40.000642
112 145 -1 -1 32.216990
111 112 145 -1 36.705437
259 290 -1 -1 40.008905
290 293 -1 -1 27.475473
259 290 293 -1 40.944969
174 183 -1 -1 46.760355
174 189 -1 -1 25.908868
174 183 189 -1 46.760355
189 233 -1 -1 33.823432
189 227 233 -1 34.779555
259 264 -1 -1 22.632361
246 264 -1 -1 23.755278
246 259 264 -1 38.600636
327 346 -1 -1 39.369268
327 335 346 -1 42.789445
290 315 -1 -1 25.511416
290 293 315 -1 36.644060
165 174 -1 -1 48.297597
165 174 183 -1 56.017280
145 174 -1 -1 34.841989
145 165 174 -1 51.134884
346 376 -1 -1 35.270268
363 376 -1 -1 57.064918
346 363 376 -1 57.064918
363 388 -1 -1 59.666747
376 388 -1 -1 19.794755
363 376 388 -1 59.666747
388 392 -1 -1 53.541668
363 388 392 -1 60.703808
264 290 -1 -1 28.926320
259 264 290 -1 43.635054
189 204 -1 -1 26.892331
204 233 -1 -1 24.513275
189 204 233 -1 37.376091
388 402 -1 -1 41.502268
388 392 402 -1 53.893606
112 133 -1 -1 36.307555
133 145 -1 -1 28.625565
112 133 145 -1 38.953260
174 204 -1 -1 38.224900
174 189 204 -1 47.880288
115 133 -1 -1 38.853514
112 115 133 -1 41.767281
320 327 -1 -1 33.659971
320 346 -1 -1 46.894761
320 327 346 -1 48.813936
346 358 -1 -1 31.454984
358 376 -1 -1 21.199612
346 358 376 -1 36.639857
133 174 -1 -1 43.324690
133 145 174 -1 47.130075
264 276 -1 -1 29.008890
276 290 -1 -1 38.191581
264 276 290 -1 39.457354
320 358 -1 -1 30.490158
320 346 358 -1 48.610621
204 246 -1 -1 33.294361
204 233 246 -1 35.454012
286 290 -1 -1 35.857370
276 286 -1 -1 15.147389
276 286 290 -1 42.379592
204 229 -1 -1 22.913910
229 246 -1 -1 27.297734
204 229 246 -1 33.817775
253 264 -1 -1 32.935885
253 276 -1 -1 19.101690
253 264 276 -1 40.741269
174 175 -1 -1 24.230148
175 204 -1 -1 33.716151
174 175 204 -1 38.910611
246 253 -1 -1 29.587578
246 253 264 -1 35.497615
290 307 -1 -1 47.637388
286 307 -1 -1 32.207511
286 290 307 -1 60.332316
315 320 -1 -1 38.697909
315 320 327 -1 39.283286
133 175 -1 -1 45.043125
133 174 175 -1 48.144636
204 208 -1 -1 15.354571
175 208 -1 -1 33.763868
175 204 208 -1 35.364355
208 229 -1 -1 18.900593
204 208 229 -1 26.547291
99 110 -1 -1 35.174158
99 115 -1 -1 30.447904
99 110 115 -1 37.880566
307 315 -1 -1 43.554440
290 307 315 -1 47.637388
376 381 -1 -1 20.179542
381 388 -1 -1 23.220774
376 381 388 -1 25.541062
99 133 -1 -1 42.012939
99 115 133 -1 47.238695
229 253 -1 -1 26.219026
229 246 253 -1 34.516794
307 320 -1 -1 29.918071
307 315 320 -1 44.341613
133 167 -1 -1 51.090378
167 175 -1 -1 28.020411
133 167 175 -1 54.262747
208 212 -1 -1 14.703069
212 229 -1 -1 22.612642
208 212 229 -1 28.253544
175 212 -1 -1 39.000605
175 208 212 -1 39.491073
320 347 -1 -1 26.239652
347 358 -1 -1 18.996218
320 347 358 -1 32.586600
347 376 -1 -1 37.256405
347 358 376 -1 38.117638
383 388 -1 -1 27.661387
99 132 -1 -1 35.209521
132 133 -1 -1 32.733272
99 132 133 -1 42.620938
229 231 -1 -1 23.890048
231 253 -1 -1 24.402262
229 231 253 -1 34.811388
132 167 -1 -1 40.394549
132 133 167 -1 52.494083
175 200 -1 -1 30.633539
200 212 -1 -1 25.872297
175 200 212 -1 40.130773
381 383 -1 -1 24.541418
381 383 388 -1 41.002137
344 347 -1 -1 14.689737
344 376 -1 -1 42.886686
344 347 376 -1 43.453227
383 399 -1 -1 22.647336
344 381 -1 -1 38.752575
344 376 381 -1 44.825482
212 231 -1 -1 27.059132
212 229 231 -1 27.679395
344 383 -1 -1 43.961578
344 381 383 -1 44.361485
344 384 -1 -1 40.474233
383 384 -1 -1 14.624259
344 383 384 -1 43.961578
384 399 -1 -1 22.845670
383 384 399 -1 32.380537
99 101 -1 -1 23.920653
101 132 -1 -1 32.824858
99 101 132 -1 36.179554
200 231 -1 -1 31.781498
200 212 231 -1 32.586388
167 200 -1 -1 33.469288
167 175 200 -1 34.561663
261 276 -1 -1 30.686303
261 286 -1 -1 30.404255
261 276 286 -1 31.174377
253 261 -1 -1 35.613464
253 261 276 -1 41.545981
132 153 -1 -1 29.419938
153 167 -1 -1 29.552784
132 153 167 -1 40.394549
320 344 -1 -1 47.680925
320 344 347 -1 47.680925
344 345 -1 -1 21.567996
345 384 -1 -1 37.252957
344 345 384 -1 40.893002
261 282 -1 -1 33.897184
282 286 -1 -1 38.768115
261 282 286 -1 40.411997
282 307 -1 -1 32.541957
282 286 307 -1 40.982820
231 261 -1 -1 36.159519
231 253 261 -1 42.416796
384 387 -1 -1 16.230659
387 399 -1 -1 19.696172
384 387 399 -1 37.162426
200 206 -1 -1 27.691810
206 231 -1 -1 20.671331
200 206 231 -1 38.221124
345 387 -1 -1 35.595689
345 384 387 -1 39.336170
320 341 -1 -1 59.677076
341 344 -1 -1 56.509067
320 341 344 -1 59.723660
206 261 -1 -1 46.869803
206 231 261 -1 48.222116
307 341 -1 -1 56.081026
307 320 341 -1 60.731884
341 345 -1 -1 64.620981
341 344 345 -1 71.074997
307 329 -1 -1 54.540119
329 341 -1 -1 13.959191
307 329 341 -1 57.558570
345 348 -1 -1 25.276210
341 348 -1 -1 18.968395
341 345 348 -1 64.620981
387 389 -1 -1 16.543397
132 141 -1 -1 30.920432
141 153 -1 -1 19.487304
132 141 153 -1 31.761368
206 257 -1 -1 35.534531
257 261 -1 -1 25.679811
206 257 261 -1 46.869803
345 389 -1 -1 40.693295
345 387 389 -1 43.236266
200 203 -1 -1 47.806693
167 203 -1 -1 55.399019
167 200 203 -1 56.908370
203 206 -1 -1 42.308177
200 203 206 -1 51.528302
282 329 -1 -1 44.983293
282 307 329 -1 55.309657
101 116 -1 -1 33.842355
116 132 -1 -1 48.510963
101 116 132 -1 50.662534
167 179 -1 -1 39.520002
179 203 -1 -1 25.656247
167 179 203 -1 56.020349
116 134 -1 -1 16.754547
132 134 -1 -1 46.566067
116 132 134 -1 49.347302
134 141 -1 -1 16.307893
132 134 141 -1 46.566067
153 179 -1 -1 29.270168
153 167 179 -1 41.601672
203 213 -1 -1 17.904074
206 213 -1 -1 16.264380
203 206 213 -1 42.308177
206 251 -1 -1 31.216511
251 257 -1 -1 21.611514
206 251 257 -1 36.386285
213 251 -1 -1 28.191190
206 213 251 -1 35.606005
257 282 -1 -1 46.605488
257 261 282 -1 50.109166
282 309 -1 -1 30.609665
309 329 -1 -1 28.767431
282 309 329 -1 49.833764
389 393 -1 -1 19.472268
345 374 -1 -1 32.117935
374 389 -1 -1 40.247833
345 374 389 -1 43.211584
374 393 -1 -1 33.849211
374 389 393 -1 43.844862
213 234 -1 -1 19.094035
234 251 -1 -1 18.447076
213 234 251 -1 38.743116
153 171 -1 -1 30.883169
171 179 -1 -1 24.477752
153 171 179 -1 32.948647
257 277 -1 -1 26.297121
277 282 -1 -1 32.127206
257 277 282 -1 47.358350
150 153 -1 -1 27.690324
141 150 -1 -1 22.461966
141 150 153 -1 28.666171
348 374 -1 -1 29.258073
345 348 374 -1 35.820220
150 171 -1 -1 17.138845
150 153 171 -1 31.558339
134 144 -1 -1 20.210220
141 144 -1 -1 25.560169
134 141 144 -1 27.245281
179 186 -1 -1 22.240629
186 203 -1 -1 19.666458
179 186 203 -1 26.886320
144 150 -1 -1 16.893387
141 144 150 -1 25.632686
277 309 -1 -1 30.076191
277 282 309 -1 35.344140
309 325 -1 -1 21.336171
325 329 -1 -1 23.645361
309 325 329 -1 44.639859
116 121 -1 -1 23.411789
121 134 -1 -1 18.992989
116 121 134 -1 25.602803
203 234 -1 -1 26.974572
203 213 234 -1 26.974572
257 258 -1 -1 28.296110
251 258 -1 -1 17.739655
251 257 258 -1 32.193801
258 277 -1 -1 29.107686
257 258 277 -1 30.989273
171 186 -1 -1 23.202088
171 179 186 -1 33.212082
277 299 -1 -1 26.960321
299 309 -1 -1 23.574777
277 299 309 -1 40.224852
393 394 -1 -1 21.116534
374 394 -1 -1 28.373024
374 393 394 -1 36.528028
98 -1 -1 -1 0.000000
99 -1 -1 -1 0.000000
101 -1 -1 -1 0.000000
102 -1 -1 -1 0.000000
104 -1 -1 -1 0.000000
105 -1 -1 -1 0.000000
107 -1 -1 -1 0.000000
110 -1 -1 -1 0.000000
111 -1 -1 -1 0.000000
112 -1 -1 -1 0.000000
115 -1 -1 -1 0.000000
116 -1 -1 -1 0.000000
121 -1 -1 -1 0.000000
123 -1 -1 -1 0.000000
127 -1 -1 -1 0.000000
129 -1 -1 -1 0.000000
130 -1 -1 -1 0.000000
132 -1 -1 -1 0.000000
133 -1 -1 -1 0.000000
134 -1 -1 -1 0.000000
135 -1 -1 -1 0.000000
137 -1 -1 -1 0.000000
138 -1 -1 -1 0.000000
141 -1 -1 -1 0.000000
142 -1 -1 -1 0.000000
144 -1 -1 -1 0.000000
145 -1 -1 -1 0.000000
146 -1 -1 -1 0.000000
148 -1 -1 -1 0.000000
149 -1 -1 -1 0.000000
150 -1 -1 -1 0.000000
153 -1 -1 -1 0.000000
155 -1 -1 -1 0.000000
156 -1 -1 -1 0.000000
161 -1 -1 -1 0.000000
162 -1 -1 -1 0.000000
163 -1 -1 -1 0.000000
164 -1 -1 -1 0.000000
165 -1 -1 -1 0.000000
166 -1 -1 -1 0.000000
167 -1 -1 -1 0.000000
169 -1 -1 -1 0.000000
171 -1 -1 -1 0.000000
173 -1 -1 -1 0.000000
174 -1 -1 -1 0.000000
175 -1 -1 -1 0.000000
176 -1 -1 -1 0.000000
178 -1 -1 -1 0.000000
179 -1 -1 -1 0.000000
181 -1 -1 -1 0.000000
183 -1 -1 -1 0.000000
184 -1 -1 -1 0.000000
185 -1 -1 -1 0.000000
186 -1 -1 -1 0.000000
188 -1 -1 -1 0.000000
189 -1 -1 -1 0.000000
190 -1 -1 -1 0.000000
192 -1 -1 -1 0.000000
199 -1 -1 -1 0.000000
200 -1 -1 -1 0.000000
201 -1 -1 -1 0.000000
202 -1 -1 -1 0.000000
203 -1 -1 -1 0.000000
204 -1 -1 -1 0.000000
206 -1 -1 -1 0.000000
208 -1 -1 -1 0.000000
209 -1 -1 -1 0.000000
211 -1 -1 -1 0.000000
212 -1 -1 -1 0.000000
213 -1 -1 -1 0.000000
215 -1 -1 -1 0.000000
216 -1 -1 -1 0.000000
220 -1 -1 -1 0.000000
221 -1 -1 -1 0.000000
222 -1 -1 -1 0.000000
223 -1 -1 -1 0.000000
225 -1 -1 -1 0.000000
227 -1 -1 -1 0.000000
228 -1 -1 -1 0.000000
229 -1 -1 -1 0.000000
231 -1 -1 -1 0.000000
233 -1 -1 -1 0.000000
234 -1 -1 -1 0.000000
236 -1 -1 -1 0.000000
238 -1 -1 -1 0.000000
239 -1 -1 -1 0.000000
240 -1 -1 -1 0.000000
241 -1 -1 -1 0.000000
243 -1 -1 -1 0.000000
244 -1 -1 -1 0.000000
245 -1 -1 -1 0.000000
246 -1 -1 -1 0.000000
247 -1 -1 -1 0.000000
249 -1 -1 -1 0.000000
251 -1 -1 -1 0.000000
252 -1 -1 -1 0.000000
253 -1 -1 -1 0.000000
255 -1 -1 -1 0.000000
256 -1 -1 -1 0.000000
257 -1 -1 -1 0.000000
258 -1 -1 -1 0.000000
259 -1 -1 -1 0.000000
261 -1 -1 -1 0.000000
263 -1 -1 -1 0.000000
264 -1 -1 -1 0.000000
268 -1 -1 -1 0.000000
269 -1 -1 -1 0.000000
272 -1 -1 -1 0.000000
273 -1 -1 -1 0.000000
274 -1 -1 -1 0.000000
275 -1 -1 -1 0.000000
276 -1 -1 -1 0.000000
277 -1 -1 -1 0.000000
279 -1 -1 -1 0.000000
280 -1 -1 -1 0.000000
282 -1 -1 -1 0.000000
286 -1 -1 -1 0.000000
289 -1 -1 -1 0.000000
290 -1 -1 -1 0.000000
291 -1 -1 -1 0.000000
292 -1 -1 -1 0.000000
293 -1 -1 -1 0.000000
296 -1 -1 -1 0.000000
297 -1 -1 -1 0.000000
299 -1 -1 -1 0.000000
300 -1 -1 -1 0.000000
302 -1 -1 -1 0.000000
303 -1 -1 -1 0.000000
306 -1 -1 -1 0.000000
307 -1 -1 -1 0.000000
309 -1 -1 -1 0.000000
310 -1 -1 -1 0.000000
312 -1 -1 -1 0.000000
313 -1 -1 -1 0.000000
314 -1 -1 -1 0.000000
315 -1 -1 -1 0.000000
317 -1 -1 -1 0.000000
320 -1 -1 -1 0.000000
322 -1 -1 -1 0.000000
324 -1 -1 -1 0.000000
325 -1 -1 -1 0.000000
327 -1 -1 -1 0.000000
329 -1 -1 -1 0.000000
333 -1 -1 -1 0.000000
334 -1 -1 -1 0.000000
335 -1 -1 -1 0.000000
337 -1 -1 -1 0.000000
340 -1 -1 -1 0.000000
341 -1 -1 -1 0.000000
342 -1 -1 -1 0.000000
344 -1 -1 -1 0.000000
345 -1 -1 -1 0.000000
346 -1 -1 -1 0.000000
347 -1 -1 -1 0.000000
348 -1 -1 -1 0.000000
349 -1 -1 -1 0.000000
352 -1 -1 -1 0.000000
356 -1 -1 -1 0.000000
358 -1 -1 -1 0.000000
359 -1 -1 -1 0.000000
362 -1 -1 -1 0.000000
363 -1 -1 -1 0.000000
366 -1 -1 -1 0.000000
370 -1 -1 -1 0.000000
371 -1 -1 -1 0.000000
373 -1 -1 -1 0.000000
374 -1 -1 -1 0.000000
376 -1 -1 -1 0.000000
377 -1 -1 -1 0.000000
379 -1 -1 -1 0.000000
380 -1 -1 -1 0.000000
381 -1 -1 -1 0.000000
382 -1 -1 -1 0.000000
383 -1 -1 -1 0.000000
384 -1 -1 -1 0.000000
387 -1 -1 -1 0.000000
388 -1 -1 -1 0.000000
389 -1 -1 -1 0.000000
392 -1 -1 -1 0.000000
393 -1 -1 -1 0.000000
394 -1 -1 -1 0.000000
395 -1 -1 -1 0.000000
397 -1 -1 -1 0.000000
398 -1 -1 -1 0.000000
399 -1 -1 -1 0.000000
402 -1 -1 -1 0.000000
404 -1 -1 -1 0.000000
