158 182 -1 -1 24.200607
108 130 -1 -1 25.266627
130 158 -1 -1 31.339252
327 345 -1 -1 24.367879
345 369 -1 -1 27.377033
309 327 -1 -1 28.223780
286 309 -1 -1 30.480110
252 286 -1 -1 35.805120
96 108 -1 -1 26.909532
252 279 -1 -1 27.782295
279 286 -1 -1 24.314148
252 279 286 -1 36.980213
130 145 -1 -1 26.302219
145 158 -1 -1 28.930613
130 145 158 -1 34.187287
232 252 -1 -1 27.845686
182 203 -1 -1 30.435803
203 232 -1 -1 23.346415
369 387 -1 -1 27.902818
108 120 -1 -1 32.720960
120 130 -1 -1 28.604294
108 120 130 -1 34.799513
96 120 -1 -1 28.074373
96 108 120 -1 34.615062
158 166 -1 -1 32.366741
166 182 -1 -1 35.748101
158 166 182 -1 39.639533
182 191 -1 -1 32.628498
191 203 -1 -1 22.890441
182 191 203 -1 34.630280
145 166 -1 -1 23.105757
145 158 166 -1 34.081591
166 191 -1 -1 21.096996
166 182 191 -1 36.755343
279 309 -1 -1 35.488784
279 286 309 -1 36.710683
232 250 -1 -1 22.476552
250 252 -1 -1 21.857913
232 250 252 -1 29.467988
309 328 -1 -1 29.564678
327 328 -1 -1 36.425985
309 327 328 -1 39.652124
328 345 -1 -1 27.083809
327 328 345 -1 36.425985
120 145 -1 -1 26.859300
120 130 145 -1 31.719269
345 359 -1 -1 24.274714
359 369 -1 -1 31.660310
345 359 369 -1 32.711946
250 279 -1 -1 28.334278
250 252 279 -1 31.747283
279 291 -1 -1 23.389462
291 309 -1 -1 29.353384
279 291 309 -1 35.984168
359 387 -1 -1 28.480017
359 369 387 -1 35.229422
250 277 -1 -1 26.249980
277 279 -1 -1 26.647376
250 277 279 -1 33.092112
203 204 -1 -1 23.998903
191 204 -1 -1 23.667943
191 203 204 -1 27.532299
204 232 -1 -1 32.247530
203 204 232 -1 32.891053
96 109 -1 -1 30.000749
109 120 -1 -1 22.755642
96 109 120 -1 34.132318
291 311 -1 -1 21.291912
309 311 -1 -1 30.157922
291 309 311 -1 33.395350
311 328 -1 -1 25.068676
309 311 328 -1 33.626766
228 232 -1 -1 27.715396
204 228 -1 -1 20.022881
204 228 232 -1 33.283418
228 250 -1 -1 29.977538
228 232 250 -1 32.465653
250 255 -1 -1 18.544018
255 277 -1 -1 16.954042
250 255 277 -1 27.469076
120 137 -1 -1 32.137872
137 145 -1 -1 28.673708
120 137 145 -1 34.691627
277 291 -1 -1 24.072060
277 279 291 -1 28.895351
328 359 -1 -1 35.063201
328 345 359 -1 36.839377
384 387 -1 -1 27.119466
359 384 -1 -1 28.038031
359 384 387 -1 32.341401
328 338 -1 -1 22.837503
338 359 -1 -1 31.381023
328 338 359 -1 35.462936
228 255 -1 -1 30.256633
228 250 255 -1 31.492379
137 166 -1 -1 35.245959
137 145 166 -1 35.811682
228 244 -1 -1 21.992065
244 255 -1 -1 16.471963
228 244 255 -1 34.535733
109 137 -1 -1 31.991567
109 120 137 -1 34.151366
137 165 -1 -1 26.757390
165 166 -1 -1 26.170802
137 165 166 -1 36.822587
165 191 -1 -1 31.279448
165 166 191 -1 33.614814
102 109 -1 -1 20.834730
165 188 -1 -1 25.530849
188 191 -1 -1 32.373811
165 188 191 -1 34.103334
188 204 -1 -1 27.155194
188 191 204 -1 34.279583
338 364 -1 -1 21.969104
359 364 -1 -1 27.400755
338 359 364 -1 32.829933
364 384 -1 -1 28.725313
359 364 384 -1 33.420620
275 277 -1 -1 21.755463
275 291 -1 -1 30.009455
275 277 291 -1 30.628330
109 123 -1 -1 26.321824
123 137 -1 -1 24.915235
109 123 137 -1 33.179653
318 328 -1 -1 36.354849
311 318 -1 -1 23.599102
311 318 328 -1 37.021900
318 338 -1 -1 26.241875
318 328 338 -1 36.354849
364 382 -1 -1 21.067618
382 384 -1 -1 20.753331
364 382 384 -1 30.656760
188 205 -1 -1 22.301227
204 205 -1 -1 31.416095
188 204 205 -1 33.034763
205 228 -1 -1 31.603325
204 205 228 -1 33.916797
275 299 -1 -1 26.821922
291 299 -1 -1 38.202350
275 291 299 -1 38.777068
299 311 -1 -1 31.163624
291 299 311 -1 38.202350
255 275 -1 -1 32.367480
255 275 277 -1 33.033356
102 123 -1 -1 27.484164
102 109 123 -1 29.148233
228 230 -1 -1 29.453083
230 244 -1 -1 24.194016
228 230 244 -1 29.547215
205 230 -1 -1 22.658023
205 228 230 -1 34.554954
299 318 -1 -1 23.447542
299 311 318 -1 33.458899
244 275 -1 -1 35.870079
244 255 275 -1 36.030701
137 160 -1 -1 34.876671
160 165 -1 -1 23.008778
137 160 165 -1 35.048532
244 254 -1 -1 32.614700
254 275 -1 -1 33.155187
244 254 275 -1 39.711523
338 351 -1 -1 25.245448
351 364 -1 -1 22.803581
338 351 364 -1 27.894923
160 188 -1 -1 28.637142
160 165 188 -1 31.553971
137 139 -1 -1 33.392069
123 139 -1 -1 24.291045
123 137 139 -1 33.657950
139 160 -1 -1 26.311311
137 139 160 -1 37.096108
318 330 -1 -1 19.648347
330 338 -1 -1 29.526561
318 330 338 -1 31.324734
330 351 -1 -1 19.110580
330 338 351 -1 30.005389
230 254 -1 -1 26.910611
230 244 254 -1 34.935260
102 103 -1 -1 22.472069
103 123 -1 -1 30.871877
102 103 123 -1 33.234757
364 371 -1 -1 30.033297
371 382 -1 -1 21.887647
364 371 382 -1 31.579630
275 278 -1 -1 30.383874
278 299 -1 -1 28.286252
275 278 299 -1 34.651431
351 371 -1 -1 24.099116
351 364 371 -1 31.199573
185 188 -1 -1 29.308419
160 185 -1 -1 31.095916
160 185 188 -1 34.985103
185 205 -1 -1 26.116521
185 188 205 -1 31.421807
254 278 -1 -1 25.484380
254 275 278 -1 36.188091
116 123 -1 -1 24.918391
103 116 -1 -1 19.877659
103 116 123 -1 30.871877
116 139 -1 -1 27.529352
116 123 139 -1 30.607085
299 317 -1 -1 31.960968
317 318 -1 -1 33.669451
299 317 318 -1 34.744586
317 330 -1 -1 24.374602
317 318 330 -1 33.669451
205 221 -1 -1 36.596367
221 230 -1 -1 26.166356
205 221 230 -1 36.596367
139 162 -1 -1 30.841337
160 162 -1 -1 22.811327
139 160 162 -1 32.714852
162 185 -1 -1 28.349573
160 162 185 -1 32.807683
330 343 -1 -1 21.600189
343 351 -1 -1 23.028703
330 343 351 -1 24.749419
221 254 -1 -1 31.995692
221 230 254 -1 33.836052
185 221 -1 -1 39.696500
185 205 221 -1 42.080983
296 299 -1 -1 33.824819
278 296 -1 -1 25.742574
278 296 299 -1 35.580913
343 371 -1 -1 30.835218
343 351 371 -1 30.835218
371 396 -1 -1 33.326442
296 317 -1 -1 23.451201
296 299 317 -1 35.233030
116 126 -1 -1 20.254971
126 139 -1 -1 28.816044
116 126 139 -1 31.394410
317 343 -1 -1 25.942212
317 330 343 -1 28.031254
371 374 -1 -1 22.389906
374 396 -1 -1 21.356045
371 374 396 -1 36.204994
139 147 -1 -1 30.069253
147 162 -1 -1 20.842668
139 147 162 -1 33.023227
185 200 -1 -1 25.735920
200 221 -1 -1 29.396066
185 200 221 -1 40.020095
103 106 -1 -1 31.646404
106 116 -1 -1 28.152196
103 106 116 -1 32.919104
126 147 -1 -1 24.871267
126 139 147 -1 33.328799
343 374 -1 -1 30.887243
343 371 374 -1 34.369740
254 263 -1 -1 38.404921
263 278 -1 -1 29.458945
254 263 278 -1 39.178024
176 185 -1 -1 30.225192
162 176 -1 -1 25.985706
162 176 185 -1 34.031884
221 242 -1 -1 31.642555
242 254 -1 -1 46.007386
221 242 254 -1 46.007386
242 263 -1 -1 24.937524
242 254 263 -1 46.477637
106 126 -1 -1 27.865969
106 116 126 -1 31.415810
343 344 -1 -1 22.434588
344 374 -1 -1 29.662503
343 344 374 -1 35.336146
176 200 -1 -1 24.434539
176 185 200 -1 31.549134
263 296 -1 -1 31.864740
263 278 296 -1 34.770602
317 344 -1 -1 37.045801
317 343 344 -1 37.790551
317 322 -1 -1 30.255479
322 344 -1 -1 25.769326
317 322 344 -1 37.316932
147 176 -1 -1 31.450027
147 162 176 -1 32.459692
200 220 -1 -1 25.318865
220 221 -1 -1 31.305923
200 220 221 -1 33.919060
126 136 -1 -1 25.438391
136 147 -1 -1 22.192862
126 136 147 -1 28.286105
296 322 -1 -1 35.990585
296 317 322 -1 36.575107
220 242 -1 -1 26.101399
220 221 242 -1 35.296218
106 115 -1 -1 26.269517
115 126 -1 -1 30.572431
106 115 126 -1 32.960568
147 163 -1 -1 27.706222
163 176 -1 -1 23.846244
147 163 176 -1 33.680905
292 296 -1 -1 24.205330
263 292 -1 -1 31.458803
263 292 296 -1 34.976576
292 322 -1 -1 34.033976
292 296 322 -1 41.269322
344 362 -1 -1 26.422794
362 374 -1 -1 28.600639
344 362 374 -1 32.302856
396 397 -1 -1 28.456011
115 136 -1 -1 24.416584
115 126 136 -1 32.961374
362 396 -1 -1 37.044566
362 374 396 -1 37.634761
91 106 -1 -1 30.096984
136 163 -1 -1 26.821119
136 147 163 -1 30.330637
176 198 -1 -1 28.658718
198 200 -1 -1 27.944290
176 198 200 -1 33.462360
362 397 -1 -1 31.860339
362 396 397 -1 38.562702
198 220 -1 -1 24.882805
198 200 220 -1 30.300905
91 115 -1 -1 28.431182
91 106 115 -1 34.533136
163 178 -1 -1 20.474094
176 178 -1 -1 28.334777
163 176 178 -1 29.631306
292 302 -1 -1 20.818935
302 322 -1 -1 26.691183
292 302 322 -1 34.038546
178 198 -1 -1 22.871725
176 178 198 -1 31.426898
322 337 -1 -1 28.770436
337 344 -1 -1 31.312186
322 337 344 -1 34.525320
136 150 -1 -1 28.523837
150 163 -1 -1 21.751675
136 150 163 -1 32.923950
337 362 -1 -1 31.073644
337 344 362 -1 36.219128
242 267 -1 -1 35.311181
263 267 -1 -1 35.914785
242 263 267 -1 39.376280
267 292 -1 -1 32.404328
263 267 292 -1 41.037754
115 125 -1 -1 24.249605
125 136 -1 -1 28.566959
115 125 136 -1 29.896919
362 381 -1 -1 26.645487
381 397 -1 -1 28.334307
362 381 397 -1 34.488142
220 237 -1 -1 32.547180
237 242 -1 -1 32.644583
220 237 242 -1 38.139364
125 150 -1 -1 25.575230
125 136 150 -1 32.537648
215 220 -1 -1 26.902533
198 215 -1 -1 26.036656
198 215 220 -1 31.049838
237 267 -1 -1 31.399584
237 242 267 -1 38.088213
215 237 -1 -1 25.164917
215 220 237 -1 33.598325
315 322 -1 -1 36.850484
302 315 -1 -1 19.659032
302 315 322 -1 36.899823
315 337 -1 -1 28.755021
315 322 337 -1 36.866499
150 178 -1 -1 26.258451
150 163 178 -1 30.403685
178 196 -1 -1 24.693455
196 198 -1 -1 23.166273
178 196 198 -1 28.202580
267 302 -1 -1 39.792909
267 292 302 -1 40.049828
91 100 -1 -1 24.851943
100 115 -1 -1 35.397626
91 100 115 -1 38.209440
337 360 -1 -1 27.717053
360 362 -1 -1 32.910130
337 360 362 -1 36.168964
196 215 -1 -1 23.266761
196 198 215 -1 28.105060
360 381 -1 -1 23.293682
360 362 381 -1 34.396637
100 125 -1 -1 32.912364
100 115 125 -1 37.469513
267 289 -1 -1 29.503201
289 302 -1 -1 29.999435
267 289 302 -1 39.792909
177 178 -1 -1 27.647222
177 196 -1 -1 19.875008
177 178 196 -1 28.495909
150 177 -1 -1 33.860377
150 177 178 -1 35.315156
289 315 -1 -1 30.205934
289 302 315 -1 34.210164
150 155 -1 -1 28.525676
155 177 -1 -1 27.379211
150 155 177 -1 36.863599
260 267 -1 -1 31.800019
237 260 -1 -1 28.481146
237 260 267 -1 36.839456
100 122 -1 -1 30.354580
122 125 -1 -1 22.143194
100 122 125 -1 34.446938
337 339 -1 -1 27.923864
315 339 -1 -1 28.936732
315 337 339 -1 34.444176
339 360 -1 -1 23.664190
337 339 360 -1 31.162169
125 155 -1 -1 35.546645
125 150 155 -1 35.667396
122 155 -1 -1 31.319946
122 125 155 -1 36.233299
196 202 -1 -1 24.556399
202 215 -1 -1 26.628206
196 202 215 -1 29.738252
215 234 -1 -1 30.271344
234 237 -1 -1 27.965878
215 234 237 -1 36.018501
381 386 -1 -1 26.819804
260 289 -1 -1 33.774149
260 267 289 -1 39.043704
202 234 -1 -1 26.517730
202 215 234 -1 33.156859
234 260 -1 -1 26.767683
234 237 260 -1 31.902827
360 386 -1 -1 31.843630
360 381 386 -1 32.745108
289 314 -1 -1 30.354665
314 315 -1 -1 23.451849
289 314 315 -1 32.663996
314 339 -1 -1 30.430224
314 315 339 -1 34.602267
100 101 -1 -1 24.452844
101 122 -1 -1 27.284904
100 101 122 -1 32.715513
177 202 -1 -1 32.208482
177 196 202 -1 32.444357
360 373 -1 -1 28.829199
373 386 -1 -1 20.906173
360 373 386 -1 33.162105
260 284 -1 -1 32.214069
284 289 -1 -1 25.940479
260 284 289 -1 38.032060
173 177 -1 -1 23.350497
155 173 -1 -1 29.806943
155 173 177 -1 32.409335
314 333 -1 -1 23.588756
333 339 -1 -1 20.443576
314 333 339 -1 30.535037
122 127 -1 -1 22.919414
127 155 -1 -1 34.391209
122 127 155 -1 36.545896
173 202 -1 -1 34.661300
173 177 202 -1 36.826580
339 373 -1 -1 37.308507
339 360 373 -1 37.308507
284 314 -1 -1 32.425226
284 289 314 -1 35.999278
339 354 -1 -1 30.151459
354 373 -1 -1 22.913333
339 354 373 -1 38.299768
173 199 -1 -1 27.165231
199 202 -1 -1 23.994269
173 199 202 -1 35.811915
234 258 -1 -1 29.723424
258 260 -1 -1 23.018103
234 258 260 -1 34.198045
258 284 -1 -1 28.449819
258 260 284 -1 32.351370
333 354 -1 -1 21.862448
333 339 354 -1 30.151459
95 101 -1 -1 18.973235
101 127 -1 -1 31.545798
101 122 127 -1 32.572900
146 155 -1 -1 30.374102
127 146 -1 -1 23.212043
127 146 155 -1 35.866151
202 229 -1 -1 32.255761
229 234 -1 -1 22.960852
202 229 234 -1 33.885002
146 173 -1 -1 29.989045
146 155 173 -1 35.451855
229 258 -1 -1 27.872346
229 234 258 -1 32.001989
310 314 -1 -1 24.899971
284 310 -1 -1 29.507726
284 310 314 -1 33.768705
199 229 -1 -1 29.138226
199 202 229 -1 34.325243
386 395 -1 -1 32.578939
310 333 -1 -1 30.287730
310 314 333 -1 30.882649
373 395 -1 -1 32.027166
373 386 395 -1 34.590136
332 333 -1 -1 19.991745
310 332 -1 -1 21.596120
310 332 333 -1 32.187124
101 117 -1 -1 38.538834
117 127 -1 -1 31.666246
101 117 127 -1 41.001616
146 175 -1 -1 27.894579
173 175 -1 -1 21.578106
146 173 175 -1 32.440435
175 199 -1 -1 26.641929
173 175 199 -1 31.373494
258 261 -1 -1 17.154625
261 284 -1 -1 31.649774
258 261 284 -1 34.182485
332 354 -1 -1 26.176688
332 333 354 -1 27.971821
354 372 -1 -1 23.787736
372 373 -1 -1 25.241051
354 372 373 -1 28.809072
95 117 -1 -1 29.436040
95 101 117 -1 38.538834
284 287 -1 -1 24.491809
261 287 -1 -1 24.688129
261 284 287 -1 33.078431
287 310 -1 -1 26.540537
284 287 310 -1 31.471484
372 395 -1 -1 28.572523
372 373 395 -1 33.516716
229 261 -1 -1 31.860698
229 258 261 -1 31.948131
199 213 -1 -1 24.397386
213 229 -1 -1 25.118685
199 213 229 -1 31.342970
229 238 -1 -1 23.914164
238 261 -1 -1 24.635626
229 238 261 -1 33.252216
95 98 -1 -1 16.926367
117 131 -1 -1 18.455686
127 131 -1 -1 28.439432
117 127 131 -1 32.364977
131 146 -1 -1 30.403686
127 131 146 -1 33.364826
98 117 -1 -1 23.852825
95 98 117 -1 30.299735
349 354 -1 -1 26.680843
332 349 -1 -1 22.993499
332 349 354 -1 31.116360
287 304 -1 -1 22.156221
304 310 -1 -1 21.512278
287 304 310 -1 29.114133
146 170 -1 -1 27.672997
170 175 -1 -1 20.620346
146 170 175 -1 30.225301
146 151 -1 -1 24.114590
131 151 -1 -1 18.530577
131 146 151 -1 31.801671
175 183 -1 -1 20.389555
183 199 -1 -1 31.749624
175 183 199 -1 33.245847
213 238 -1 -1 25.232840
213 229 238 -1 28.358857
349 372 -1 -1 26.264792
349 354 372 -1 30.629258
151 170 -1 -1 17.471825
146 151 170 -1 28.303453
183 213 -1 -1 29.251395
183 199 213 -1 33.085542
261 264 -1 -1 15.638787
264 287 -1 -1 24.372561
261 264 287 -1 26.049799
383 395 -1 -1 25.771645
372 383 -1 -1 24.325776
372 383 395 -1 32.354197
238 264 -1 -1 26.004715
238 261 264 -1 27.443611
310 320 -1 -1 33.374664
320 332 -1 -1 28.114082
310 320 332 -1 34.905588
304 320 -1 -1 26.874024
304 310 320 -1 33.965407
238 257 -1 -1 20.144570
257 264 -1 -1 16.672481
238 257 264 -1 26.261959
320 349 -1 -1 25.454479
320 332 349 -1 31.901546
170 183 -1 -1 22.142245
170 175 183 -1 24.381509
183 201 -1 -1 18.735504
201 213 -1 -1 22.516979
183 201 213 -1 31.003257
264 290 -1 -1 22.431789
287 290 -1 -1 21.312813
264 287 290 -1 27.965925
290 304 -1 -1 21.915426
287 290 304 -1 26.068050
94 98 -1 -1 20.170425
349 352 -1 -1 19.330086
352 372 -1 -1 27.745932
349 352 372 -1 30.209134
94 117 -1 -1 28.308692
94 98 117 -1 30.221102
213 236 -1 -1 29.567250
236 238 -1 -1 19.759275
213 236 238 -1 30.559537
264 276 -1 -1 16.418104
276 290 -1 -1 16.177558
264 276 290 -1 22.660069
213 222 -1 -1 23.389346
222 236 -1 -1 16.928327
213 222 236 -1 30.865480
352 383 -1 -1 30.854496
352 372 383 -1 33.002593
236 257 -1 -1 17.219900
236 238 257 -1 22.281349
131 144 -1 -1 22.924204
144 151 -1 -1 18.074409
131 144 151 -1 23.622470
201 222 -1 -1 17.992296
201 213 222 -1 25.341116
257 276 -1 -1 18.356912
257 264 276 -1 20.842714
290 297 -1 -1 26.309562
297 304 -1 -1 23.322851
290 297 304 -1 28.257662
144 167 -1 -1 23.378178
151 167 -1 -1 27.891631
144 151 167 -1 28.474755
167 170 -1 -1 20.190297
151 167 170 -1 28.458466
167 183 -1 -1 29.040301
167 170 183 -1 29.988698
117 129 -1 -1 34.883767
129 131 -1 -1 28.561410
117 129 131 -1 36.249568
297 320 -1 -1 28.835696
297 304 320 -1 30.379596
129 144 -1 -1 18.348220
129 131 144 -1 28.561410
352 376 -1 -1 21.126310
376 383 -1 -1 25.462378
352 376 383 -1 31.964201
117 118 -1 -1 39.860413
94 118 -1 -1 33.760984
94 117 118 -1 40.272904
118 129 -1 -1 18.046879
117 118 129 -1 39.991567
183 186 -1 -1 23.791473
186 201 -1 -1 19.542758
183 186 201 -1 25.055419
167 186 -1 -1 21.059052
167 183 186 -1 30.719727
320 352 -1 -1 34.912169
320 349 352 -1 34.912169
248 257 -1 -1 19.465080
236 248 -1 -1 17.748067
236 248 257 -1 21.808192
257 265 -1 -1 20.272834
265 276 -1 -1 17.931931
257 265 276 -1 22.300539
383 394 -1 -1 25.017246
94 104 -1 -1 21.437548
104 118 -1 -1 16.996810
94 104 118 -1 33.760984
248 265 -1 -1 13.816838
248 257 265 -1 22.834903
276 280 -1 -1 15.892046
280 290 -1 -1 23.315050
276 280 290 -1 24.626351
320 321 -1 -1 26.321523
320 353 -1 -1 37.566299
321 352 -1 -1 38.958558
352 353 -1 -1 21.311907
321 353 -1 -1 26.348066
320 321 352 -1 38.958558
320 352 353 -1 38.065043
320 321 353 -1 38.958558
321 352 353 -1 38.958558
320 321 352 353 38.958558
280 297 -1 -1 30.915651
280 290 297 -1 33.667572
376 394 -1 -1 20.048719
376 383 394 -1 27.645109
144 152 -1 -1 21.127657
152 167 -1 -1 21.584549
144 152 167 -1 25.612866
235 236 -1 -1 23.164588
222 235 -1 -1 22.425590
222 235 236 -1 24.786084
265 280 -1 -1 19.957271
265 276 280 -1 23.338227
201 214 -1 -1 24.623193
214 222 -1 -1 19.242008
201 214 222 -1 25.780659
235 248 -1 -1 15.669893
235 236 248 -1 23.744253
297 321 -1 -1 30.782752
297 320 321 -1 34.442637
353 376 -1 -1 22.880378
352 353 376 -1 27.018809
194 201 -1 -1 29.173181
186 194 -1 -1 16.897888
186 194 201 -1 29.882193
194 214 -1 -1 21.139832
194 201 214 -1 29.180397
214 235 -1 -1 19.768569
214 222 235 -1 24.230962
129 152 -1 -1 27.608246
129 144 152 -1 27.966680
280 298 -1 -1 26.693785
297 298 -1 -1 20.163933
280 297 298 -1 32.417360
167 169 -1 -1 21.781099
169 186 -1 -1 24.379777
167 169 186 -1 27.463858
152 169 -1 -1 20.327562
152 167 169 -1 25.658075
129 135 -1 -1 25.301508
135 152 -1 -1 16.520976
129 135 152 -1 30.167836
280 288 -1 -1 17.773192
288 298 -1 -1 17.198630
280 288 298 -1 26.693785
248 251 -1 -1 17.388792
251 265 -1 -1 18.529603
248 251 265 -1 20.912053
169 194 -1 -1 24.403264
169 186 194 -1 25.729163
298 321 -1 -1 35.725440
297 298 321 -1 35.725440
265 270 -1 -1 20.362751
270 280 -1 -1 21.823638
265 270 280 -1 25.517036
235 251 -1 -1 19.754885
235 248 251 -1 20.987862
298 305 -1 -1 22.194229
305 321 -1 -1 31.268900
298 305 321 -1 39.830849
376 377 -1 -1 25.232219
377 394 -1 -1 25.372376
376 377 394 -1 28.095091
251 270 -1 -1 17.107307
251 265 270 -1 22.470344
118 135 -1 -1 30.290976
118 129 135 -1 31.358369
270 288 -1 -1 15.822524
270 280 288 -1 22.028271
353 377 -1 -1 32.892257
353 376 377 -1 34.107496
194 211 -1 -1 19.642497
211 214 -1 -1 19.984123
194 211 214 -1 23.557216
214 227 -1 -1 22.704006
227 235 -1 -1 21.340437
214 227 235 -1 26.064911
118 128 -1 -1 29.356552
128 135 -1 -1 17.661085
118 128 135 -1 30.968192
353 355 -1 -1 23.375577
355 377 -1 -1 25.476503
353 355 377 -1 32.892504
169 190 -1 -1 24.131370
190 194 -1 -1 17.445159
169 190 194 -1 27.684443
104 105 -1 -1 29.234556
105 118 -1 -1 30.650515
104 105 118 -1 31.821716
211 227 -1 -1 17.414447
211 214 227 -1 23.711886
321 355 -1 -1 36.381631
321 353 355 -1 36.381631
235 245 -1 -1 25.098957
245 251 -1 -1 17.614774
235 245 251 -1 25.469929
227 245 -1 -1 18.123648
227 235 245 -1 26.585380
190 211 -1 -1 18.873281
190 194 211 -1 23.725776
321 329 -1 -1 27.294499
329 355 -1 -1 24.577015
321 329 355 -1 38.137252
305 329 -1 -1 24.645888
305 321 329 -1 31.940877
152 164 -1 -1 31.264208
164 169 -1 -1 19.678399
152 164 169 -1 33.101603
105 128 -1 -1 32.881490
105 118 128 -1 36.722856
135 164 -1 -1 32.432835
135 152 164 -1 34.122670
164 190 -1 -1 25.359976
164 169 190 -1 28.688577
251 262 -1 -1 23.342378
262 270 -1 -1 19.045316
251 262 270 -1 24.162443
245 262 -1 -1 18.194441
245 251 262 -1 25.386284
270 281 -1 -1 24.881586
281 288 -1 -1 20.725099
270 281 288 -1 25.571103
135 148 -1 -1 29.148513
148 164 -1 -1 18.283963
135 148 164 -1 32.966508
281 298 -1 -1 30.321019
281 288 298 -1 31.130116
281 305 -1 -1 30.957371
281 298 305 -1 32.722128
128 148 -1 -1 27.726298
128 135 148 -1 33.121086
262 281 -1 -1 26.926533
262 270 281 -1 29.324708
105 114 -1 -1 24.352722
114 128 -1 -1 25.570786
105 114 128 -1 34.334556
164 180 -1 -1 21.700916
180 190 -1 -1 20.489073
164 180 190 -1 26.096388
355 367 -1 -1 25.809002
367 377 -1 -1 25.203757
355 367 377 -1 29.225257
207 211 -1 -1 20.098254
207 227 -1 -1 24.713579
207 211 227 -1 24.885813
190 207 -1 -1 25.795509
190 207 211 -1 25.877184
227 231 -1 -1 23.020828
231 245 -1 -1 23.407873
227 231 245 -1 25.813960
180 207 -1 -1 24.900420
180 190 207 -1 28.789333
207 231 -1 -1 21.844860
207 227 231 -1 27.865465
329 340 -1 -1 22.763316
340 355 -1 -1 27.525672
329 340 355 -1 30.253284
281 295 -1 -1 27.216990
295 305 -1 -1 33.192929
281 295 305 -1 35.878556
340 367 -1 -1 33.136534
340 355 367 -1 35.616581
91 -1 -1 -1 0.000000
94 -1 -1 -1 0.000000
95 -1 -1 -1 0.000000
96 -1 -1 -1 0.000000
98 -1 -1 -1 0.000000
100 -1 -1 -1 0.000000
101 -1 -1 -1 0.000000
102 -1 -1 -1 0.000000
103 -1 -1 -1 0.000000
104 -1 -1 -1 0.000000
105 -1 -1 -1 0.000000
106 -1 -1 -1 0.000000
108 -1 -1 -1 0.000000
109 -1 -1 -1 0.000000
114 -1 -1 -1 0.000000
115 -1 -1 -1 0.000000
116 -1 -1 -1 0.000000
117 -1 -1 -1 0.000000
118 -1 -1 -1 0.000000
120 -1 -1 -1 0.000000
122 -1 -1 -1 0.000000
123 -1 -1 -1 0.000000
125 -1 -1 -1 0.000000
126 -1 -1 -1 0.000000
127 -1 -1 -1 0.000000
128 -1 -1 -1 0.000000
129 -1 -1 -1 0.000000
130 -1 -1 -1 0.000000
131 -1 -1 -1 0.000000
135 -1 -1 -1 0.000000
136 -1 -1 -1 0.000000
137 -1 -1 -1 0.000000
139 -1 -1 -1 0.000000
144 -1 -1 -1 0.000000
145 -1 -1 -1 0.000000
146 -1 -1 -1 0.000000
147 -1 -1 -1 0.000000
148 -1 -1 -1 0.000000
150 -1 -1 -1 0.000000
151 -1 -1 -1 0.000000
152 -1 -1 -1 0.000000
155 -1 -1 -1 0.000000
158 -1 -1 -1 0.000000
160 -1 -1 -1 0.000000
162 -1 -1 -1 0.000000
163 -1 -1 -1 0.000000
164 -1 -1 -1 0.000000
165 -1 -1 -1 0.000000
166 -1 -1 -1 0.000000
167 -1 -1 -1 0.000000
169 -1 -1 -1 0.000000
170 -1 -1 -1 0.000000
173 -1 -1 -1 0.000000
175 -1 -1 -1 0.000000
176 -1 -1 -1 0.000000
177 -1 -1 -1 0.000000
178 -1 -1 -1 0.000000
180 -1 -1 -1 0.000000
182 -1 -1 -1 0.000000
183 -1 -1 -1 0.000000
185 -1 -1 -1 0.000000
186 -1 -1 -1 0.000000
188 -1 -1 -1 0.000000
190 -1 -1 -1 0.000000
191 -1 -1 -1 0.000000
194 -1 -1 -1 0.000000
196 -1 -1 -1 0.000000
198 -1 -1 -1 0.000000
199 -1 -1 -1 0.000000
200 -1 -1 -1 0.000000
201 -1 -1 -1 0.000000
202 -1 -1 -1 0.000000
203 -1 -1 -1 0.000000
204 -1 -1 -1 0.000000
205 -1 -1 -1 0.000000
207 -1 -1 -1 0.000000
211 -1 -1 -1 0.000000
213 -1 -1 -1 0.000000
214 -1 -1 -1 0.000000
215 -1 -1 -1 0.000000
220 -1 -1 -1 0.000000
221 -1 -1 -1 0.000000
222 -1 -1 -1 0.000000
227 -1 -1 -1 0.000000
228 -1 -1 -1 0.000000
229 -1 -1 -1 0.000000
230 -1 -1 -1 0.000000
231 -1 -1 -1 0.000000
232 -1 -1 -1 0.000000
234 -1 -1 -1 0.000000
235 -1 -1 -1 0.000000
236 -1 -1 -1 0.000000
237 -1 -1 -1 0.000000
238 -1 -1 -1 0.000000
242 -1 -1 -1 0.000000
244 -1 -1 -1 0.000000
245 -1 -1 -1 0.000000
248 -1 -1 -1 0.000000
250 -1 -1 -1 0.000000
251 -1 -1 -1 0.000000
252 -1 -1 -1 0.000000
254 -1 -1 -1 0.000000
255 -1 -1 -1 0.000000
257 -1 -1 -1 0.000000
258 -1 -1 -1 0.000000
260 -1 -1 -1 0.000000
261 -1 -1 -1 0.000000
262 -1 -1 -1 0.000000
263 -1 -1 -1 0.000000
264 -1 -1 -1 0.000000
265 -1 -1 -1 0.000000
267 -1 -1 -1 0.000000
270 -1 -1 -1 0.000000
275 -1 -1 -1 0.000000
276 -1 -1 -1 0.000000
277 -1 -1 -1 0.000000
278 -1 -1 -1 0.000000
279 -1 -1 -1 0.000000
280 -1 -1 -1 0.000000
281 -1 -1 -1 0.000000
284 -1 -1 -1 0.000000
286 -1 -1 -1 0.000000
287 -1 -1 -1 0.000000
288 -1 -1 -1 0.000000
289 -1 -1 -1 0.000000
290 -1 -1 -1 0.000000
291 -1 -1 -1 0.000000
292 -1 -1 -1 0.000000
295 -1 -1 -1 0.000000
296 -1 -1 -1 0.000000
297 -1 -1 -1 0.000000
298 -1 -1 -1 0.000000
299 -1 -1 -1 0.000000
302 -1 -1 -1 0.000000
304 -1 -1 -1 0.000000
305 -1 -1 -1 0.000000
309 -1 -1 -1 0.000000
310 -1 -1 -1 0.000000
311 -1 -1 -1 0.000000
314 -1 -1 -1 0.000000
315 -1 -1 -1 0.000000
317 -1 -1 -1 0.000000
318 -1 -1 -1 0.000000
320 -1 -1 -1 0.000000
321 -1 -1 -1 0.000000
322 -1 -1 -1 0.000000
327 -1 -1 -1 0.000000
328 -1 -1 -1 0.000000
329 -1 -1 -1 0.000000
330 -1 -1 -1 0.000000
332 -1 -1 -1 0.000000
333 -1 -1 -1 0.000000
337 -1 -1 -1 0.000000
338 -1 -1 -1 0.000000
339 -1 -1 -1 0.000000
340 -1 -1 -1 0.000000
343 -1 -1 -1 0.000000
344 -1 -1 -1 0.000000
345 -1 -1 -1 0.000000
349 -1 -1 -1 0.000000
351 -1 -1 -1 0.000000
352 -1 -1 -1 0.000000
353 -1 -1 -1 0.000000
354 -1 -1 -1 0.000000
355 -1 -1 -1 0.000000
359 -1 -1 -1 0.000000
360 -1 -1 -1 0.000000
362 -1 -1 -1 0.000000
364 -1 -1 -1 0.000000
367 -1 -1 -1 0.000000
369 -1 -1 -1 0.000000
371 -1 -1 -1 0.000000
372 -1 -1 -1 0.000000
373 -1 -1 -1 0.000000
374 -1 -1 -1 0.000000
376 -1 -1 -1 0.000000
377 -1 -1 -1 0.000000
381 -1 -1 -1 0.000000
382 -1 -1 -1 0.000000
383 -1 -1 -1 0.000000
384 -1 -1 -1 0.000000
386 -1 -1 -1 0.000000
387 -1 -1 -1 0.000000
394 -1 -1 -1 0.000000
395 -1 -1 -1 0.000000
396 -1 -1 -1 0.000000
397 -1 -1 -1 0.000000
