295 316 -1 -1 20.864363
152 175 -1 -1 29.918304
316 338 -1 -1 22.388327
121 152 -1 -1 27.758071
175 204 -1 -1 32.183753
273 295 -1 -1 18.977251
338 364 -1 -1 26.806538
84 110 -1 -1 30.562569
234 266 -1 -1 25.735922
266 273 -1 -1 17.100207
338 360 -1 -1 21.463825
360 364 -1 -1 19.245291
338 360 364 -1 27.815686
364 379 -1 -1 21.003539
110 121 -1 -1 26.649474
204 234 -1 -1 35.177089
295 298 -1 -1 18.238885
298 316 -1 -1 21.713911
295 298 316 -1 25.720042
273 298 -1 -1 20.033271
273 295 298 -1 23.425688
360 379 -1 -1 18.925904
360 364 379 -1 23.286203
379 385 -1 -1 15.769861
84 91 -1 -1 21.451791
91 110 -1 -1 22.013396
84 91 110 -1 31.531929
316 333 -1 -1 25.380864
333 338 -1 -1 18.577884
316 333 338 -1 28.271907
333 360 -1 -1 22.377638
333 338 360 -1 27.445760
152 158 -1 -1 30.749147
158 175 -1 -1 35.694612
152 158 175 -1 38.087247
175 186 -1 -1 27.204334
186 204 -1 -1 33.045817
175 186 204 -1 36.216609
204 212 -1 -1 28.624674
212 234 -1 -1 30.247694
204 212 234 -1 38.389218
298 307 -1 -1 18.073462
307 316 -1 -1 25.094091
298 307 316 -1 26.129392
121 128 -1 -1 20.721579
128 152 -1 -1 34.213895
121 128 152 -1 34.647615
307 333 -1 -1 23.943778
307 316 333 -1 29.608534
110 128 -1 -1 27.210860
110 121 128 -1 29.977951
273 279 -1 -1 24.599063
279 298 -1 -1 21.946051
273 279 298 -1 26.228840
128 158 -1 -1 32.827469
128 152 158 -1 39.703151
266 279 -1 -1 22.897976
266 273 279 -1 26.899456
158 186 -1 -1 35.064564
158 175 186 -1 39.406318
355 360 -1 -1 17.985602
333 355 -1 -1 25.662653
333 355 360 -1 27.118471
355 379 -1 -1 25.128814
355 360 379 -1 26.084118
186 212 -1 -1 33.376117
186 204 212 -1 37.962230
234 248 -1 -1 29.783855
248 266 -1 -1 26.331483
234 248 266 -1 31.929380
307 327 -1 -1 19.447156
327 333 -1 -1 21.325379
307 327 333 -1 25.642740
279 307 -1 -1 27.414710
279 298 307 -1 27.882158
355 385 -1 -1 25.712507
355 379 385 -1 30.403884
248 279 -1 -1 28.830377
248 266 279 -1 31.094057
91 104 -1 -1 29.299809
104 110 -1 -1 28.521630
91 104 110 -1 33.063172
128 132 -1 -1 20.253817
132 158 -1 -1 29.855305
128 132 158 -1 33.215112
279 285 -1 -1 20.482877
285 307 -1 -1 26.604051
279 285 307 -1 29.216989
327 355 -1 -1 30.557965
327 333 355 -1 31.006312
104 128 -1 -1 34.109090
104 110 128 -1 36.771248
212 248 -1 -1 39.925348
212 234 248 -1 40.742946
158 171 -1 -1 31.504353
171 186 -1 -1 23.361318
158 171 186 -1 37.762965
327 349 -1 -1 27.079848
349 355 -1 -1 23.646507
327 349 355 -1 33.952677
355 377 -1 -1 27.292545
377 385 -1 -1 25.348423
355 377 385 -1 29.865806
104 132 -1 -1 36.254078
104 128 132 -1 37.678182
212 213 -1 -1 24.514479
213 248 -1 -1 36.789143
212 213 248 -1 42.661320
285 327 -1 -1 31.911350
285 307 327 -1 32.755261
349 377 -1 -1 25.889429
349 355 377 -1 31.985620
171 212 -1 -1 47.939312
171 186 212 -1 48.306680
248 285 -1 -1 37.869296
248 279 285 -1 37.928303
171 213 -1 -1 47.329741
171 212 213 -1 48.926124
285 323 -1 -1 30.804545
323 327 -1 -1 20.871336
285 323 327 -1 33.621468
323 349 -1 -1 27.596825
323 327 349 -1 31.600058
171 201 -1 -1 30.806784
201 213 -1 -1 28.871791
171 201 213 -1 47.329741
95 104 -1 -1 31.063476
132 153 -1 -1 38.664957
153 158 -1 -1 41.303935
132 153 158 -1 42.137426
247 248 -1 -1 25.582736
213 247 -1 -1 32.736037
213 247 248 -1 38.906950
104 113 -1 -1 23.181803
113 132 -1 -1 34.859290
104 113 132 -1 38.105294
153 171 -1 -1 36.193737
153 158 171 -1 43.759387
132 137 -1 -1 24.320564
137 153 -1 -1 22.072815
132 137 153 -1 45.097344
247 285 -1 -1 40.603045
247 248 285 -1 42.395236
113 137 -1 -1 29.002250
113 132 137 -1 35.383187
285 286 -1 -1 19.404520
247 286 -1 -1 35.602545
247 285 286 -1 40.603045
286 323 -1 -1 32.613251
285 286 323 -1 34.634846
349 372 -1 -1 33.166115
372 377 -1 -1 21.586374
349 372 377 -1 33.315938
95 113 -1 -1 29.031930
95 104 113 -1 32.817181
153 180 -1 -1 25.270917
171 180 -1 -1 24.768773
153 171 180 -1 37.291137
180 201 -1 -1 26.195701
171 180 201 -1 33.850639
349 361 -1 -1 29.660676
361 372 -1 -1 22.122888
349 361 372 -1 34.512740
323 342 -1 -1 24.644308
342 349 -1 -1 30.794741
323 342 349 -1 34.260141
342 361 -1 -1 17.016089
342 349 361 -1 33.550362
286 321 -1 -1 28.853845
321 323 -1 -1 22.041584
286 321 323 -1 34.123717
247 272 -1 -1 28.304678
272 286 -1 -1 24.192384
247 272 286 -1 35.873449
213 222 -1 -1 28.663147
222 247 -1 -1 32.193807
213 222 247 -1 37.012933
321 342 -1 -1 19.986109
321 323 342 -1 26.015509
201 222 -1 -1 30.743702
201 213 222 -1 34.158798
372 390 -1 -1 25.516602
113 117 -1 -1 22.455210
117 137 -1 -1 31.999978
113 117 137 -1 34.801239
286 302 -1 -1 24.319803
302 321 -1 -1 17.908495
286 302 321 -1 30.250514
86 95 -1 -1 27.635121
86 113 -1 -1 37.612284
86 95 113 -1 38.194129
272 302 -1 -1 24.100172
272 286 302 -1 28.033583
86 117 -1 -1 31.694456
86 113 117 -1 38.481025
247 250 -1 -1 31.865263
250 272 -1 -1 21.909836
247 250 272 -1 32.854256
222 250 -1 -1 31.000457
222 247 250 -1 36.879321
124 137 -1 -1 39.421889
117 124 -1 -1 20.761458
117 124 137 -1 39.421889
199 201 -1 -1 29.529636
180 199 -1 -1 32.761439
180 199 201 -1 38.230231
153 177 -1 -1 36.180846
177 180 -1 -1 25.231323
153 177 180 -1 36.519177
361 370 -1 -1 26.915561
370 372 -1 -1 28.304972
361 370 372 -1 31.669058
370 390 -1 -1 21.456993
370 372 390 -1 28.891242
137 142 -1 -1 41.444872
124 142 -1 -1 15.618568
124 137 142 -1 42.658166
153 157 -1 -1 30.197300
157 177 -1 -1 22.574822
153 157 177 -1 36.630751
142 153 -1 -1 41.960642
137 142 153 -1 46.244277
199 222 -1 -1 34.279384
199 201 222 -1 37.852256
321 329 -1 -1 23.496578
329 342 -1 -1 23.064676
321 329 342 -1 26.169917
142 157 -1 -1 20.976929
142 153 157 -1 41.960642
177 199 -1 -1 25.786981
177 180 199 -1 33.815730
342 350 -1 -1 31.986180
350 361 -1 -1 28.796194
342 350 361 -1 32.660716
350 370 -1 -1 22.488276
350 361 370 -1 31.150453
329 350 -1 -1 22.469425
329 342 350 -1 32.186393
86 105 -1 -1 26.871055
105 117 -1 -1 25.228605
86 105 117 -1 32.763677
272 289 -1 -1 28.590346
289 302 -1 -1 18.243562
272 289 302 -1 30.105583
302 329 -1 -1 29.126047
302 321 329 -1 31.308124
222 226 -1 -1 25.213743
226 250 -1 -1 27.166629
222 226 250 -1 34.371337
208 222 -1 -1 38.151850
199 208 -1 -1 22.156051
199 208 222 -1 38.406492
208 226 -1 -1 22.984565
208 222 226 -1 38.770733
289 329 -1 -1 33.806778
289 302 329 -1 35.147357
105 124 -1 -1 25.191632
105 117 124 -1 28.662045
289 310 -1 -1 23.886414
310 329 -1 -1 26.162462
289 310 329 -1 33.806778
250 289 -1 -1 38.863244
250 272 289 -1 38.863244
370 386 -1 -1 24.148303
386 390 -1 -1 32.154697
370 386 390 -1 33.218346
250 280 -1 -1 37.572077
280 289 -1 -1 18.874683
250 280 289 -1 40.588606
226 249 -1 -1 24.577762
249 250 -1 -1 24.498993
226 249 250 -1 30.653451
177 190 -1 -1 30.019378
190 199 -1 -1 30.900017
177 190 199 -1 34.991483
363 370 -1 -1 26.924348
350 363 -1 -1 22.569555
350 363 370 -1 28.021644
151 157 -1 -1 26.447531
142 151 -1 -1 22.334971
142 151 157 -1 27.802025
172 177 -1 -1 29.091808
157 172 -1 -1 32.194355
157 172 177 -1 33.150092
249 280 -1 -1 32.323740
249 250 280 -1 37.617368
329 336 -1 -1 26.637889
336 350 -1 -1 25.042231
329 336 350 -1 29.821411
363 386 -1 -1 22.552331
363 370 386 -1 28.733085
172 190 -1 -1 19.895655
172 177 190 -1 33.058107
310 336 -1 -1 22.591248
310 329 336 -1 30.274694
151 172 -1 -1 22.313771
151 157 172 -1 32.587914
190 208 -1 -1 25.220473
190 199 208 -1 32.773424
105 109 -1 -1 18.970158
109 124 -1 -1 30.543171
105 109 124 -1 32.177032
249 261 -1 -1 18.987408
261 280 -1 -1 21.508368
249 261 280 -1 32.323740
280 310 -1 -1 28.810786
280 289 310 -1 29.569078
208 223 -1 -1 23.634592
223 226 -1 -1 25.253438
208 223 226 -1 29.441694
223 249 -1 -1 26.982090
223 226 249 -1 29.901463
336 363 -1 -1 25.768790
336 350 363 -1 29.833213
124 135 -1 -1 39.154311
109 135 -1 -1 30.895975
109 124 135 -1 40.663630
135 142 -1 -1 33.856894
124 135 142 -1 39.154311
135 151 -1 -1 26.068461
135 142 151 -1 33.856894
190 200 -1 -1 23.577815
200 208 -1 -1 29.311337
190 200 208 -1 30.651117
310 314 -1 -1 22.825433
314 336 -1 -1 23.426066
310 314 336 -1 26.588644
336 348 -1 -1 22.375646
348 363 -1 -1 23.657112
336 348 363 -1 27.579008
363 375 -1 -1 21.397307
375 386 -1 -1 27.586998
363 375 386 -1 29.705539
200 223 -1 -1 28.498354
200 208 223 -1 31.997224
386 391 -1 -1 26.616424
375 391 -1 -1 15.200888
375 386 391 -1 28.899294
109 111 -1 -1 16.368844
111 135 -1 -1 26.058991
109 111 135 -1 30.895975
287 310 -1 -1 35.585650
280 314 -1 -1 40.151035
280 287 -1 -1 24.634158
287 314 -1 -1 28.830400
280 310 314 -1 40.151035
280 287 310 -1 40.151035
287 310 314 -1 35.729537
280 287 314 -1 40.151035
280 287 310 314 40.151035
243 249 -1 -1 30.932759
223 243 -1 -1 23.958582
223 243 249 -1 32.944867
261 287 -1 -1 26.021869
261 280 287 -1 29.149985
92 109 -1 -1 37.030456
92 111 -1 -1 27.207087
92 109 111 -1 37.030456
151 155 -1 -1 31.002010
155 172 -1 -1 31.083630
151 155 172 -1 33.919811
243 261 -1 -1 27.452270
243 249 261 -1 30.932759
348 375 -1 -1 23.331893
348 363 375 -1 27.489945
135 155 -1 -1 30.307587
135 151 155 -1 35.826189
314 348 -1 -1 30.322495
314 336 348 -1 31.487396
200 221 -1 -1 23.101149
221 223 -1 -1 21.884374
200 221 223 -1 30.408404
172 183 -1 -1 37.829755
183 190 -1 -1 35.491464
172 183 190 -1 37.996077
183 200 -1 -1 25.366585
183 190 200 -1 35.898450
243 263 -1 -1 18.697053
261 263 -1 -1 18.849359
243 261 263 -1 28.140649
221 243 -1 -1 21.599970
221 223 243 -1 26.281867
155 183 -1 -1 30.297608
155 172 183 -1 39.348038
263 287 -1 -1 27.937859
261 263 287 -1 28.796898
111 116 -1 -1 20.185235
116 135 -1 -1 29.871845
111 116 135 -1 30.763306
311 314 -1 -1 20.571451
287 311 -1 -1 28.187046
287 311 314 -1 31.499429
314 337 -1 -1 28.848462
337 348 -1 -1 26.262787
314 337 348 -1 34.277379
92 116 -1 -1 29.472869
92 111 116 -1 31.958411
348 362 -1 -1 20.997283
362 375 -1 -1 25.439361
348 362 375 -1 29.367082
375 382 -1 -1 21.040642
382 391 -1 -1 23.689335
375 382 391 -1 24.250353
311 337 -1 -1 22.396552
311 314 337 -1 30.259857
362 382 -1 -1 18.557655
362 375 382 -1 26.758069
263 267 -1 -1 15.481177
267 287 -1 -1 29.230729
263 267 287 -1 31.170553
337 362 -1 -1 19.446448
337 348 362 -1 27.628261
287 292 -1 -1 23.666816
292 311 -1 -1 22.364197
287 292 311 -1 31.174933
382 392 -1 -1 15.860958
391 392 -1 -1 25.871406
382 391 392 -1 26.475743
135 136 -1 -1 33.688763
136 155 -1 -1 30.890035
135 136 155 -1 37.260975
200 207 -1 -1 28.996104
207 221 -1 -1 22.960711
200 207 221 -1 29.757762
235 243 -1 -1 21.780334
221 235 -1 -1 21.266061
221 235 243 -1 25.139940
116 136 -1 -1 32.874018
116 135 136 -1 37.294626
267 292 -1 -1 23.995984
267 287 292 -1 30.769516
183 207 -1 -1 32.511422
183 200 207 -1 34.438631
243 251 -1 -1 27.397614
251 263 -1 -1 24.908268
243 251 263 -1 29.804259
235 251 -1 -1 17.659935
235 243 251 -1 27.871998
251 267 -1 -1 21.143801
251 263 267 -1 27.761433
87 92 -1 -1 26.274572
155 162 -1 -1 32.729112
162 183 -1 -1 31.322969
155 162 183 -1 37.476291
207 235 -1 -1 26.706468
207 221 235 -1 28.550533
87 116 -1 -1 35.961513
87 92 116 -1 37.583025
115 116 -1 -1 23.176789
87 115 -1 -1 30.187844
87 115 116 -1 36.536829
136 162 -1 -1 33.771141
136 155 162 -1 39.184390
115 136 -1 -1 31.566678
115 116 136 -1 35.884650
267 270 -1 -1 17.375237
270 292 -1 -1 24.228783
267 270 292 -1 26.400736
358 362 -1 -1 22.195209
358 382 -1 -1 26.596545
358 362 382 -1 27.498105
292 309 -1 -1 26.359555
309 311 -1 -1 23.573923
292 309 311 -1 28.592195
309 337 -1 -1 28.399899
309 311 337 -1 30.534448
382 383 -1 -1 25.558345
383 392 -1 -1 21.561698
382 383 392 -1 25.815788
183 195 -1 -1 36.876904
195 207 -1 -1 25.635350
183 195 207 -1 38.295137
251 270 -1 -1 21.539956
251 267 270 -1 24.258181
337 358 -1 -1 29.906215
337 358 362 -1 30.557681
358 383 -1 -1 22.600355
358 382 383 -1 31.124142
229 235 -1 -1 17.797343
229 251 -1 -1 20.167813
229 235 251 -1 21.617959
207 229 -1 -1 29.817532
207 229 235 -1 30.398503
337 339 -1 -1 26.833793
339 358 -1 -1 19.884615
337 339 358 -1 30.892910
162 195 -1 -1 39.208056
162 183 195 -1 43.540811
309 339 -1 -1 26.041166
309 337 339 -1 31.737911
270 284 -1 -1 22.075858
284 292 -1 -1 24.976716
270 284 292 -1 27.146300
284 309 -1 -1 28.676379
284 292 309 -1 31.051194
251 254 -1 -1 22.282413
254 270 -1 -1 19.445732
251 254 270 -1 24.994301
229 254 -1 -1 26.186477
229 251 254 -1 28.953095
115 133 -1 -1 30.407283
133 136 -1 -1 28.830752
115 133 136 -1 37.527144
195 229 -1 -1 37.240980
195 207 229 -1 39.227369
87 100 -1 -1 31.289392
100 115 -1 -1 23.936039
87 100 115 -1 33.799956
133 162 -1 -1 41.045482
133 136 162 -1 41.635909
195 225 -1 -1 35.350661
225 229 -1 -1 16.293536
195 225 229 -1 37.240980
225 254 -1 -1 28.952362
225 229 254 -1 30.980048
162 168 -1 -1 27.141048
168 195 -1 -1 37.849050
162 168 195 -1 41.757932
284 308 -1 -1 27.634133
308 309 -1 -1 21.955209
284 308 309 -1 31.897824
358 367 -1 -1 29.271965
367 383 -1 -1 27.016571
358 367 383 -1 31.036359
270 274 -1 -1 25.646173
254 274 -1 -1 21.328069
254 270 274 -1 26.068624
274 284 -1 -1 21.225817
270 274 284 -1 31.370537
308 339 -1 -1 28.882355
308 309 339 -1 31.256834
100 133 -1 -1 36.273420
100 115 133 -1 37.923979
146 162 -1 -1 43.634263
133 146 -1 -1 23.291699
133 146 162 -1 44.482038
146 168 -1 -1 28.934459
146 162 168 -1 43.634263
225 245 -1 -1 22.576885
245 254 -1 -1 17.350518
225 245 254 -1 29.104919
339 367 -1 -1 35.403064
339 358 367 -1 35.671229
168 191 -1 -1 27.899479
191 195 -1 -1 27.709557
168 191 195 -1 37.927222
339 343 -1 -1 20.307899
343 367 -1 -1 27.606133
339 343 367 -1 36.422620
195 218 -1 -1 36.633176
218 225 -1 -1 22.714802
195 218 225 -1 39.437293
308 343 -1 -1 29.256524
308 339 343 -1 32.087434
284 293 -1 -1 27.658707
293 308 -1 -1 23.039222
284 293 308 -1 31.330074
245 274 -1 -1 24.984607
245 254 274 -1 25.981823
274 293 -1 -1 23.101938
274 284 293 -1 29.256943
191 218 -1 -1 29.219880
191 195 218 -1 37.341037
367 388 -1 -1 26.067255
100 123 -1 -1 32.694126
123 133 -1 -1 31.368461
100 123 133 -1 39.500049
308 326 -1 -1 21.815380
326 343 -1 -1 21.251895
308 326 343 -1 29.308822
218 245 -1 -1 28.040037
218 225 245 -1 29.752301
245 269 -1 -1 22.787135
269 274 -1 -1 16.116078
245 269 274 -1 26.088356
99 100 -1 -1 22.934939
218 244 -1 -1 25.054937
244 245 -1 -1 16.366933
218 244 245 -1 28.510913
99 123 -1 -1 27.236064
99 100 123 -1 33.490234
123 146 -1 -1 29.491535
123 133 146 -1 32.788600
343 351 -1 -1 23.331317
351 367 -1 -1 27.019511
343 351 367 -1 30.967043
244 269 -1 -1 24.696775
244 245 269 -1 27.093972
269 293 -1 -1 25.621813
269 274 293 -1 26.749858
293 326 -1 -1 30.622563
293 308 326 -1 31.076649
146 156 -1 -1 23.132297
156 168 -1 -1 35.758336
146 156 168 -1 36.862966
191 214 -1 -1 30.408979
214 218 -1 -1 22.116199
191 214 218 -1 32.550823
293 317 -1 -1 28.652196
317 326 -1 -1 16.998268
293 317 326 -1 31.511315
326 351 -1 -1 30.066508
326 343 351 -1 31.780592
156 173 -1 -1 20.521918
168 173 -1 -1 32.258408
156 168 173 -1 36.967313
173 191 -1 -1 32.834511
168 173 191 -1 37.410129
244 255 -1 -1 20.651618
255 269 -1 -1 18.359337
244 255 269 -1 24.861032
93 99 -1 -1 23.312993
367 374 -1 -1 35.653312
374 388 -1 -1 23.141930
367 374 388 -1 36.066845
269 277 -1 -1 21.962758
277 293 -1 -1 26.596433
269 277 293 -1 29.738546
351 374 -1 -1 29.578619
351 367 374 -1 36.848436
293 299 -1 -1 24.349510
299 317 -1 -1 20.676701
293 299 317 -1 29.425853
173 197 -1 -1 29.538230
191 197 -1 -1 28.536986
173 191 197 -1 35.901040
197 214 -1 -1 22.197683
191 197 214 -1 32.338960
218 238 -1 -1 36.072375
238 244 -1 -1 23.737060
218 238 244 -1 37.541615
255 277 -1 -1 19.683244
255 269 277 -1 24.017448
214 238 -1 -1 27.515503
214 218 238 -1 36.072375
277 299 -1 -1 18.404228
277 293 299 -1 28.123699
99 114 -1 -1 24.905129
114 123 -1 -1 28.647025
99 114 123 -1 32.924317
146 148 -1 -1 33.633169
123 148 -1 -1 34.788895
123 146 148 -1 37.984511
238 255 -1 -1 17.441909
238 244 255 -1 24.616464
148 156 -1 -1 18.106691
146 148 156 -1 33.633169
123 129 -1 -1 22.263041
129 148 -1 -1 20.411902
123 129 148 -1 35.380641
326 340 -1 -1 33.719488
340 351 -1 -1 22.714933
326 340 351 -1 35.101321
114 129 -1 -1 20.396095
114 123 129 -1 28.647025
317 340 -1 -1 29.637169
317 326 340 -1 35.395842
93 114 -1 -1 23.754208
93 99 114 -1 27.762409
173 181 -1 -1 19.133301
181 197 -1 -1 19.697339
173 181 197 -1 31.746603
214 231 -1 -1 26.493719
231 238 -1 -1 16.935879
214 231 238 -1 28.588467
340 374 -1 -1 36.145583
340 351 374 -1 36.756809
255 262 -1 -1 26.484314
262 277 -1 -1 22.052361
255 262 277 -1 27.811821
299 312 -1 -1 23.088805
312 317 -1 -1 20.819994
299 312 317 -1 25.141435
129 134 -1 -1 16.603821
134 148 -1 -1 17.970990
129 134 148 -1 22.287785
312 340 -1 -1 29.505644
312 317 340 -1 32.016978
238 262 -1 -1 29.197616
238 255 262 -1 29.944434
340 368 -1 -1 35.651594
368 374 -1 -1 21.851194
340 368 374 -1 38.318944
93 94 -1 -1 22.735579
114 119 -1 -1 20.240222
119 129 -1 -1 25.073739
114 119 129 -1 26.583820
197 210 -1 -1 27.959807
210 214 -1 -1 29.553594
197 210 214 -1 31.417254
210 231 -1 -1 21.691988
210 214 231 -1 32.022743
156 167 -1 -1 31.569557
167 173 -1 -1 35.882981
156 167 173 -1 37.431842
94 114 -1 -1 30.753260
93 94 114 -1 32.456083
119 134 -1 -1 18.857477
119 129 134 -1 25.972532
167 181 -1 -1 23.470947
167 173 181 -1 35.882981
148 167 -1 -1 32.185628
148 156 167 -1 34.043670
262 299 -1 -1 35.043947
262 277 299 -1 35.636466
296 299 -1 -1 23.716144
262 296 -1 -1 29.267397
262 296 299 -1 35.043947
296 312 -1 -1 21.888998
296 299 312 -1 28.232375
148 154 -1 -1 23.312677
154 167 -1 -1 19.379890
148 154 167 -1 32.185628
94 119 -1 -1 31.409187
94 114 119 -1 32.959718
181 188 -1 -1 21.963221
188 197 -1 -1 28.170214
181 188 197 -1 29.229742
312 334 -1 -1 27.651246
334 340 -1 -1 27.110159
312 334 340 -1 33.094517
237 238 -1 -1 34.047339
231 237 -1 -1 19.905802
231 237 238 -1 34.047339
237 262 -1 -1 28.193351
237 238 262 -1 35.342134
134 154 -1 -1 23.487658
134 148 154 -1 26.279148
340 359 -1 -1 30.933621
359 368 -1 -1 21.954276
340 359 368 -1 37.147334
94 102 -1 -1 21.634900
102 119 -1 -1 19.926212
94 102 119 -1 31.409187
188 210 -1 -1 29.685308
188 197 210 -1 33.823433
130 134 -1 -1 17.572319
130 154 -1 -1 19.776771
130 134 154 -1 27.470196
167 188 -1 -1 28.046730
167 181 188 -1 31.276610
262 282 -1 -1 24.971978
282 296 -1 -1 17.134045
262 282 296 -1 30.279062
334 359 -1 -1 22.224353
334 340 359 -1 32.490770
119 130 -1 -1 22.254163
119 130 134 -1 22.938722
312 315 -1 -1 23.206154
315 334 -1 -1 19.588621
312 315 334 -1 28.036364
296 315 -1 -1 24.098013
296 312 315 -1 26.499981
210 237 -1 -1 30.560411
210 231 237 -1 30.560411
237 264 -1 -1 24.153382
262 264 -1 -1 24.531513
237 262 264 -1 30.280707
264 282 -1 -1 18.486459
262 264 282 -1 26.793932
202 210 -1 -1 25.582047
188 202 -1 -1 23.157445
188 202 210 -1 30.426174
368 380 -1 -1 27.907593
359 380 -1 -1 27.099316
359 368 380 -1 30.956017
102 125 -1 -1 32.559101
119 125 -1 -1 34.949352
102 119 125 -1 36.946183
125 130 -1 -1 24.153071
119 125 130 -1 34.949352
167 176 -1 -1 31.083285
176 188 -1 -1 25.635424
167 176 188 -1 32.988576
210 217 -1 -1 28.411484
217 237 -1 -1 30.330187
210 217 237 -1 35.940332
130 149 -1 -1 23.135997
149 154 -1 -1 21.304032
130 149 154 -1 25.627255
296 305 -1 -1 28.552946
305 315 -1 -1 16.975117
296 305 315 -1 29.593645
202 217 -1 -1 20.655082
202 210 217 -1 31.225061
149 167 -1 -1 29.927028
149 154 167 -1 30.469506
282 305 -1 -1 24.624922
282 296 305 -1 29.005108
102 108 -1 -1 25.201128
108 125 -1 -1 22.520150
102 108 125 -1 36.687812
149 163 -1 -1 19.165145
163 167 -1 -1 32.003012
149 163 167 -1 32.747509
163 176 -1 -1 20.672585
163 167 176 -1 34.347102
125 149 -1 -1 23.847908
125 130 149 -1 29.938588
217 239 -1 -1 22.037337
237 239 -1 -1 23.460528
217 237 239 -1 33.024301
176 202 -1 -1 27.797013
176 188 202 -1 30.252402
239 264 -1 -1 27.147222
237 239 264 -1 30.726363
334 347 -1 -1 30.311519
347 359 -1 -1 24.230379
334 347 359 -1 31.740176
282 288 -1 -1 25.907549
288 305 -1 -1 19.386900
282 288 305 -1 28.402678
259 264 -1 -1 18.899327
239 259 -1 -1 23.141851
239 259 264 -1 29.398681
264 288 -1 -1 31.064298
264 282 288 -1 31.208742
315 319 -1 -1 28.850552
319 334 -1 -1 34.575732
315 319 334 -1 34.875394
347 380 -1 -1 28.871781
347 359 380 -1 32.130703
319 347 -1 -1 29.123620
319 334 347 -1 37.693173
305 319 -1 -1 22.116392
305 315 319 -1 29.124374
259 288 -1 -1 24.496536
259 264 288 -1 31.064298
288 319 -1 -1 32.984689
288 305 319 -1 32.984689
84 -1 -1 -1 0.000000
86 -1 -1 -1 0.000000
87 -1 -1 -1 0.000000
91 -1 -1 -1 0.000000
92 -1 -1 -1 0.000000
93 -1 -1 -1 0.000000
94 -1 -1 -1 0.000000
95 -1 -1 -1 0.000000
99 -1 -1 -1 0.000000
100 -1 -1 -1 0.000000
102 -1 -1 -1 0.000000
104 -1 -1 -1 0.000000
105 -1 -1 -1 0.000000
108 -1 -1 -1 0.000000
109 -1 -1 -1 0.000000
110 -1 -1 -1 0.000000
111 -1 -1 -1 0.000000
113 -1 -1 -1 0.000000
114 -1 -1 -1 0.000000
115 -1 -1 -1 0.000000
116 -1 -1 -1 0.000000
117 -1 -1 -1 0.000000
119 -1 -1 -1 0.000000
121 -1 -1 -1 0.000000
123 -1 -1 -1 0.000000
124 -1 -1 -1 0.000000
125 -1 -1 -1 0.000000
128 -1 -1 -1 0.000000
129 -1 -1 -1 0.000000
130 -1 -1 -1 0.000000
132 -1 -1 -1 0.000000
133 -1 -1 -1 0.000000
134 -1 -1 -1 0.000000
135 -1 -1 -1 0.000000
136 -1 -1 -1 0.000000
137 -1 -1 -1 0.000000
142 -1 -1 -1 0.000000
146 -1 -1 -1 0.000000
148 -1 -1 -1 0.000000
149 -1 -1 -1 0.000000
151 -1 -1 -1 0.000000
152 -1 -1 -1 0.000000
153 -1 -1 -1 0.000000
154 -1 -1 -1 0.000000
155 -1 -1 -1 0.000000
156 -1 -1 -1 0.000000
157 -1 -1 -1 0.000000
158 -1 -1 -1 0.000000
162 -1 -1 -1 0.000000
163 -1 -1 -1 0.000000
167 -1 -1 -1 0.000000
168 -1 -1 -1 0.000000
171 -1 -1 -1 0.000000
172 -1 -1 -1 0.000000
173 -1 -1 -1 0.000000
175 -1 -1 -1 0.000000
176 -1 -1 -1 0.000000
177 -1 -1 -1 0.000000
180 -1 -1 -1 0.000000
181 -1 -1 -1 0.000000
183 -1 -1 -1 0.000000
186 -1 -1 -1 0.000000
188 -1 -1 -1 0.000000
190 -1 -1 -1 0.000000
191 -1 -1 -1 0.000000
195 -1 -1 -1 0.000000
197 -1 -1 -1 0.000000
199 -1 -1 -1 0.000000
200 -1 -1 -1 0.000000
201 -1 -1 -1 0.000000
202 -1 -1 -1 0.000000
204 -1 -1 -1 0.000000
207 -1 -1 -1 0.000000
208 -1 -1 -1 0.000000
210 -1 -1 -1 0.000000
212 -1 -1 -1 0.000000
213 -1 -1 -1 0.000000
214 -1 -1 -1 0.000000
217 -1 -1 -1 0.000000
218 -1 -1 -1 0.000000
221 -1 -1 -1 0.000000
222 -1 -1 -1 0.000000
223 -1 -1 -1 0.000000
225 -1 -1 -1 0.000000
226 -1 -1 -1 0.000000
229 -1 -1 -1 0.000000
231 -1 -1 -1 0.000000
234 -1 -1 -1 0.000000
235 -1 -1 -1 0.000000
237 -1 -1 -1 0.000000
238 -1 -1 -1 0.000000
239 -1 -1 -1 0.000000
243 -1 -1 -1 0.000000
244 -1 -1 -1 0.000000
245 -1 -1 -1 0.000000
247 -1 -1 -1 0.000000
248 -1 -1 -1 0.000000
249 -1 -1 -1 0.000000
250 -1 -1 -1 0.000000
251 -1 -1 -1 0.000000
254 -1 -1 -1 0.000000
255 -1 -1 -1 0.000000
259 -1 -1 -1 0.000000
261 -1 -1 -1 0.000000
262 -1 -1 -1 0.000000
263 -1 -1 -1 0.000000
264 -1 -1 -1 0.000000
266 -1 -1 -1 0.000000
267 -1 -1 -1 0.000000
269 -1 -1 -1 0.000000
270 -1 -1 -1 0.000000
272 -1 -1 -1 0.000000
273 -1 -1 -1 0.000000
274 -1 -1 -1 0.000000
277 -1 -1 -1 0.000000
279 -1 -1 -1 0.000000
280 -1 -1 -1 0.000000
282 -1 -1 -1 0.000000
284 -1 -1 -1 0.000000
285 -1 -1 -1 0.000000
286 -1 -1 -1 0.000000
287 -1 -1 -1 0.000000
288 -1 -1 -1 0.000000
289 -1 -1 -1 0.000000
292 -1 -1 -1 0.000000
293 -1 -1 -1 0.000000
295 -1 -1 -1 0.000000
296 -1 -1 -1 0.000000
298 -1 -1 -1 0.000000
299 -1 -1 -1 0.000000
302 -1 -1 -1 0.000000
305 -1 -1 -1 0.000000
307 -1 -1 -1 0.000000
308 -1 -1 -1 0.000000
309 -1 -1 -1 0.000000
310 -1 -1 -1 0.000000
311 -1 -1 -1 0.000000
312 -1 -1 -1 0.000000
314 -1 -1 -1 0.000000
315 -1 -1 -1 0.000000
316 -1 -1 -1 0.000000
317 -1 -1 -1 0.000000
319 -1 -1 -1 0.000000
321 -1 -1 -1 0.000000
323 -1 -1 -1 0.000000
326 -1 -1 -1 0.000000
327 -1 -1 -1 0.000000
329 -1 -1 -1 0.000000
333 -1 -1 -1 0.000000
334 -1 -1 -1 0.000000
336 -1 -1 -1 0.000000
337 -1 -1 -1 0.000000
338 -1 -1 -1 0.000000
339 -1 -1 -1 0.000000
340 -1 -1 -1 0.000000
342 -1 -1 -1 0.000000
343 -1 -1 -1 0.000000
347 -1 -1 -1 0.000000
348 -1 -1 -1 0.000000
349 -1 -1 -1 0.000000
350 -1 -1 -1 0.000000
351 -1 -1 -1 0.000000
355 -1 -1 -1 0.000000
358 -1 -1 -1 0.000000
359 -1 -1 -1 0.000000
360 -1 -1 -1 0.000000
361 -1 -1 -1 0.000000
362 -1 -1 -1 0.000000
363 -1 -1 -1 0.000000
364 -1 -1 -1 0.000000
367 -1 -1 -1 0.000000
368 -1 -1 -1 0.000000
370 -1 -1 -1 0.000000
372 -1 -1 -1 0.000000
374 -1 -1 -1 0.000000
375 -1 -1 -1 0.000000
377 -1 -1 -1 0.000000
379 -1 -1 -1 0.000000
380 -1 -1 -1 0.000000
382 -1 -1 -1 0.000000
383 -1 -1 -1 0.000000
385 -1 -1 -1 0.000000
386 -1 -1 -1 0.000000
388 -1 -1 -1 0.000000
390 -1 -1 -1 0.000000
391 -1 -1 -1 0.000000
392 -1 -1 -1 0.000000
