296 316 -1 -1 21.980456
124 154 -1 -1 27.335977
154 178 -1 -1 29.309557
316 340 -1 -1 22.301910
340 365 -1 -1 26.036616
275 296 -1 -1 19.085723
178 205 -1 -1 33.172220
86 111 -1 -1 30.041183
340 357 -1 -1 20.268062
357 365 -1 -1 19.188255
340 357 365 -1 26.718355
365 380 -1 -1 20.010815
111 124 -1 -1 26.742554
266 275 -1 -1 17.907640
234 266 -1 -1 25.608143
205 234 -1 -1 33.455388
296 298 -1 -1 19.236487
298 316 -1 -1 21.839681
296 298 316 -1 25.786216
275 298 -1 -1 19.738426
275 296 298 -1 22.972355
357 380 -1 -1 21.502375
357 365 380 -1 23.739600
86 91 -1 -1 21.171570
91 111 -1 -1 23.157239
86 91 111 -1 31.111034
316 333 -1 -1 25.235481
333 340 -1 -1 19.551949
316 333 340 -1 27.932786
333 357 -1 -1 21.722911
333 340 357 -1 25.586633
178 186 -1 -1 27.549426
186 205 -1 -1 32.161215
178 186 205 -1 36.123409
380 384 -1 -1 17.526126
154 159 -1 -1 30.116381
159 178 -1 -1 34.796557
154 159 178 -1 37.638834
298 308 -1 -1 18.138874
308 316 -1 -1 25.729740
298 308 316 -1 26.220502
205 213 -1 -1 28.695783
213 234 -1 -1 29.132847
205 213 234 -1 36.265186
124 129 -1 -1 21.884289
129 154 -1 -1 33.655428
124 129 154 -1 34.941166
308 333 -1 -1 23.977250
308 316 333 -1 30.094330
111 129 -1 -1 27.270112
111 124 129 -1 30.481395
275 280 -1 -1 25.221837
280 298 -1 -1 23.147911
275 280 298 -1 27.417176
266 280 -1 -1 24.120218
266 275 280 -1 26.993988
129 159 -1 -1 33.128221
129 154 159 -1 39.735739
159 186 -1 -1 35.690069
159 178 186 -1 39.432237
355 357 -1 -1 19.484471
355 380 -1 -1 28.599206
355 357 380 -1 28.653810
186 213 -1 -1 30.460741
186 205 213 -1 35.779767
333 355 -1 -1 25.085987
333 355 357 -1 26.839245
355 384 -1 -1 25.578099
355 380 384 -1 29.698930
234 248 -1 -1 29.628902
248 266 -1 -1 26.209214
234 248 266 -1 32.857337
308 327 -1 -1 20.195853
327 333 -1 -1 20.866412
308 327 333 -1 25.993543
280 308 -1 -1 28.364137
280 298 308 -1 28.854033
91 107 -1 -1 29.949394
107 111 -1 -1 28.566931
91 107 111 -1 33.039154
248 280 -1 -1 28.892780
248 266 280 -1 31.868177
107 129 -1 -1 33.175467
107 111 129 -1 35.010898
129 134 -1 -1 21.143180
134 159 -1 -1 29.495742
129 134 159 -1 33.795921
327 355 -1 -1 30.177682
327 333 355 -1 30.568829
213 248 -1 -1 38.928231
213 234 248 -1 39.678248
280 284 -1 -1 19.784836
284 308 -1 -1 26.278993
280 284 308 -1 29.987532
173 186 -1 -1 24.049809
159 173 -1 -1 30.191037
159 173 186 -1 37.508078
355 379 -1 -1 25.848706
379 384 -1 -1 23.732219
355 379 384 -1 28.823633
350 355 -1 -1 22.898049
327 350 -1 -1 26.760803
327 350 355 -1 33.004217
107 134 -1 -1 35.466266
107 129 134 -1 36.973317
213 215 -1 -1 24.201112
215 248 -1 -1 33.717657
213 215 248 -1 40.867266
284 327 -1 -1 32.515576
284 308 327 -1 33.421691
350 379 -1 -1 26.334496
350 355 379 -1 31.606848
173 213 -1 -1 47.858392
173 186 213 -1 48.119665
248 284 -1 -1 38.467174
248 280 284 -1 38.467174
173 202 -1 -1 30.616764
202 213 -1 -1 44.377981
173 202 213 -1 47.858392
202 215 -1 -1 28.095091
202 213 215 -1 46.630485
284 324 -1 -1 30.365037
324 327 -1 -1 19.651248
284 324 327 -1 33.615273
324 350 -1 -1 27.885084
324 327 350 -1 30.682657
96 107 -1 -1 30.533451
134 157 -1 -1 32.631843
157 159 -1 -1 38.848338
134 157 159 -1 39.872829
107 115 -1 -1 23.359253
115 134 -1 -1 34.229896
107 115 134 -1 37.751316
157 173 -1 -1 34.360725
157 159 173 -1 41.522453
248 249 -1 -1 24.847610
215 249 -1 -1 32.561094
215 248 249 -1 37.616968
249 284 -1 -1 40.331680
248 249 284 -1 41.960817
115 138 -1 -1 27.098464
134 138 -1 -1 26.909252
115 134 138 -1 37.475229
138 157 -1 -1 23.387056
134 138 157 -1 38.774905
249 286 -1 -1 34.661893
284 286 -1 -1 18.681830
249 284 286 -1 40.331680
286 324 -1 -1 32.747551
284 286 324 -1 35.065315
96 115 -1 -1 26.928459
96 107 115 -1 31.500140
350 375 -1 -1 32.834666
375 379 -1 -1 21.445679
350 375 379 -1 32.834666
173 180 -1 -1 24.617913
157 180 -1 -1 25.202962
157 173 180 -1 36.037378
324 341 -1 -1 24.599803
341 350 -1 -1 29.237017
324 341 350 -1 32.787336
180 202 -1 -1 26.855182
173 180 202 -1 32.868275
350 363 -1 -1 28.398427
363 375 -1 -1 22.670984
350 363 375 -1 33.719789
341 363 -1 -1 17.626351
341 350 363 -1 31.639979
317 324 -1 -1 21.023629
286 317 -1 -1 28.584293
286 317 324 -1 33.293512
215 223 -1 -1 27.876043
223 249 -1 -1 31.758099
215 223 249 -1 35.778304
249 273 -1 -1 27.946426
273 286 -1 -1 23.965262
249 273 286 -1 35.043670
202 223 -1 -1 30.511056
202 215 223 -1 34.073433
317 341 -1 -1 20.445383
317 324 341 -1 26.144954
375 391 -1 -1 24.190408
115 116 -1 -1 21.413708
116 138 -1 -1 30.464929
115 116 138 -1 32.616878
286 303 -1 -1 24.203848
303 317 -1 -1 18.000726
286 303 317 -1 30.426486
85 96 -1 -1 27.011391
85 115 -1 -1 38.979160
85 96 115 -1 39.148764
85 116 -1 -1 32.530287
85 115 116 -1 38.979160
273 303 -1 -1 23.785133
273 286 303 -1 28.239972
249 251 -1 -1 31.163035
251 273 -1 -1 21.469856
249 251 273 -1 32.137136
223 251 -1 -1 31.221602
223 249 251 -1 36.224791
201 202 -1 -1 29.461570
180 201 -1 -1 32.175649
180 201 202 -1 37.405609
126 138 -1 -1 37.412844
116 126 -1 -1 21.685851
116 126 138 -1 37.412844
155 157 -1 -1 31.103381
155 180 -1 -1 33.668260
155 157 180 -1 37.056679
363 371 -1 -1 25.635276
371 375 -1 -1 28.024097
363 371 375 -1 31.385798
201 223 -1 -1 33.442901
201 202 223 -1 37.679251
371 391 -1 -1 22.053272
371 375 391 -1 28.857539
138 155 -1 -1 38.194941
138 155 157 -1 42.851898
155 181 -1 -1 22.984367
180 181 -1 -1 25.343017
155 180 181 -1 34.943592
138 143 -1 -1 39.567450
126 143 -1 -1 15.842789
126 138 143 -1 40.257839
143 155 -1 -1 21.161952
138 143 155 -1 40.105768
181 201 -1 -1 25.541827
180 181 201 -1 34.220694
317 330 -1 -1 24.430807
330 341 -1 -1 24.468559
317 330 341 -1 27.134886
341 351 -1 -1 30.257256
351 363 -1 -1 27.308500
341 351 363 -1 31.333109
85 104 -1 -1 26.446194
104 116 -1 -1 24.364620
85 104 116 -1 33.620678
330 351 -1 -1 23.068153
330 341 351 -1 31.672524
351 371 -1 -1 22.266650
351 363 371 -1 29.221818
303 330 -1 -1 28.181972
303 317 330 -1 29.799454
223 227 -1 -1 24.977734
227 251 -1 -1 26.579607
223 227 251 -1 33.360844
273 287 -1 -1 27.214206
287 303 -1 -1 18.229930
273 287 303 -1 28.808601
201 227 -1 -1 35.155291
201 223 227 -1 36.797084
201 209 -1 -1 22.991450
209 227 -1 -1 23.686172
201 209 227 -1 36.410179
104 126 -1 -1 26.111942
104 116 126 -1 28.599625
287 330 -1 -1 33.437857
287 303 330 -1 34.288759
371 387 -1 -1 23.774813
387 391 -1 -1 30.794651
371 387 391 -1 31.753966
251 287 -1 -1 38.549456
251 273 287 -1 38.584913
287 310 -1 -1 23.971334
310 330 -1 -1 25.505522
287 310 330 -1 34.101755
251 281 -1 -1 37.436642
281 287 -1 -1 18.776917
251 281 287 -1 39.507292
227 250 -1 -1 24.836363
250 251 -1 -1 23.986291
227 250 251 -1 30.017828
181 190 -1 -1 29.395232
190 201 -1 -1 31.632657
181 190 201 -1 36.248250
351 364 -1 -1 22.985610
364 371 -1 -1 26.758444
351 364 371 -1 28.759027
250 281 -1 -1 31.003015
250 251 281 -1 37.566832
143 151 -1 -1 23.142169
151 155 -1 -1 28.193889
143 151 155 -1 29.784903
155 172 -1 -1 34.073565
172 181 -1 -1 29.775320
155 172 181 -1 34.998337
330 336 -1 -1 26.321565
336 351 -1 -1 24.693042
330 336 351 -1 29.110656
190 209 -1 -1 24.410696
190 201 209 -1 32.332082
364 387 -1 -1 22.714599
364 371 387 -1 28.702629
104 112 -1 -1 20.493033
112 126 -1 -1 27.832619
104 112 126 -1 31.957273
151 172 -1 -1 22.009626
151 155 172 -1 34.886004
172 190 -1 -1 20.356157
172 181 190 -1 33.551367
310 336 -1 -1 23.551069
310 330 336 -1 29.771711
209 224 -1 -1 23.295410
224 227 -1 -1 25.530219
209 224 227 -1 28.914847
281 310 -1 -1 28.652162
281 287 310 -1 29.415413
250 262 -1 -1 19.185177
262 281 -1 -1 20.654845
250 262 281 -1 31.003015
336 364 -1 -1 25.412807
336 351 364 -1 29.155785
224 250 -1 -1 26.987188
224 227 250 -1 30.295331
112 136 -1 -1 29.632243
126 136 -1 -1 38.946505
112 126 136 -1 40.250022
136 143 -1 -1 34.631915
126 136 143 -1 39.080065
136 151 -1 -1 25.096392
136 143 151 -1 35.113302
200 209 -1 -1 28.875649
190 200 -1 -1 23.493527
190 200 209 -1 30.335555
310 318 -1 -1 22.667240
318 336 -1 -1 23.606446
310 318 336 -1 27.828561
336 348 -1 -1 22.283970
348 364 -1 -1 24.849020
336 348 364 -1 28.090422
364 373 -1 -1 20.899636
373 387 -1 -1 28.863217
364 373 387 -1 30.569031
387 392 -1 -1 25.399890
373 392 -1 -1 16.879204
373 387 392 -1 29.122607
200 224 -1 -1 28.994401
200 209 224 -1 32.476402
281 288 -1 -1 25.226617
288 310 -1 -1 32.708681
281 288 310 -1 36.782036
224 245 -1 -1 23.264634
245 250 -1 -1 29.765299
224 245 250 -1 32.249210
110 112 -1 -1 17.450736
110 136 -1 -1 27.816517
110 112 136 -1 31.523355
288 318 -1 -1 27.608721
288 310 318 -1 33.637369
245 262 -1 -1 26.450560
245 250 262 -1 30.169144
262 288 -1 -1 26.457827
262 281 288 -1 28.399134
348 373 -1 -1 22.932547
348 364 373 -1 27.877101
92 110 -1 -1 27.107051
151 156 -1 -1 29.486034
156 172 -1 -1 29.760618
151 156 172 -1 32.285404
318 348 -1 -1 28.464329
318 336 348 -1 29.807281
200 222 -1 -1 22.269729
222 224 -1 -1 21.911233
200 222 224 -1 30.657347
136 156 -1 -1 30.400484
136 151 156 -1 34.196666
172 183 -1 -1 36.041113
183 190 -1 -1 35.483547
172 183 190 -1 38.362611
245 267 -1 -1 19.221418
262 267 -1 -1 18.024245
245 262 267 -1 27.606941
183 200 -1 -1 26.058701
183 190 200 -1 35.816278
222 245 -1 -1 22.502812
222 224 245 -1 26.677384
267 288 -1 -1 27.597457
262 267 288 -1 29.152122
156 183 -1 -1 29.489269
156 172 183 -1 38.451159
110 117 -1 -1 20.022666
117 136 -1 -1 30.039209
110 117 136 -1 31.786863
288 312 -1 -1 27.250466
312 318 -1 -1 20.478432
288 312 318 -1 30.563910
318 337 -1 -1 29.094361
337 348 -1 -1 25.939061
318 337 348 -1 33.111124
348 360 -1 -1 21.271464
360 373 -1 -1 25.072448
348 360 373 -1 28.297591
373 381 -1 -1 21.433731
381 392 -1 -1 25.010537
373 381 392 -1 25.613005
92 117 -1 -1 30.546189
92 110 117 -1 32.181256
267 270 -1 -1 15.784627
270 288 -1 -1 28.851439
267 270 288 -1 30.945300
312 337 -1 -1 21.774498
312 318 337 -1 29.663680
360 381 -1 -1 18.039491
360 373 381 -1 26.500993
136 140 -1 -1 33.155876
140 156 -1 -1 29.298421
136 140 156 -1 36.618034
222 233 -1 -1 20.428481
233 245 -1 -1 22.731699
222 233 245 -1 25.903698
337 360 -1 -1 19.503063
337 348 360 -1 27.558329
200 207 -1 -1 28.731637
207 222 -1 -1 23.520096
200 207 222 -1 30.274877
288 293 -1 -1 24.647935
293 312 -1 -1 21.549580
288 293 312 -1 29.290455
381 393 -1 -1 16.506033
117 140 -1 -1 31.352194
117 136 140 -1 37.297256
270 293 -1 -1 22.341763
270 288 293 -1 30.360201
183 207 -1 -1 31.119477
183 200 207 -1 33.456309
245 252 -1 -1 28.359640
252 267 -1 -1 25.352910
245 252 267 -1 30.635123
233 252 -1 -1 19.023524
233 245 252 -1 28.677658
252 270 -1 -1 21.549080
252 267 270 -1 27.177525
87 92 -1 -1 26.077829
156 164 -1 -1 31.859002
164 183 -1 -1 30.446906
156 164 183 -1 36.001158
207 233 -1 -1 26.488323
207 222 233 -1 29.013325
87 117 -1 -1 35.798185
87 92 117 -1 37.060091
140 164 -1 -1 32.571303
140 156 164 -1 37.799657
117 118 -1 -1 22.861488
87 118 -1 -1 30.775172
87 117 118 -1 37.277441
118 140 -1 -1 31.145713
117 118 140 -1 34.029884
270 272 -1 -1 18.244869
272 293 -1 -1 23.925558
270 272 293 -1 24.960500
311 312 -1 -1 23.517047
293 311 -1 -1 25.591826
293 311 312 -1 27.731111
311 337 -1 -1 26.952024
311 312 337 -1 29.797581
360 361 -1 -1 23.070375
361 381 -1 -1 26.633217
360 361 381 -1 27.245721
252 272 -1 -1 21.774915
252 270 272 -1 24.470680
183 194 -1 -1 35.628373
194 207 -1 -1 25.408901
183 194 207 -1 37.154038
381 385 -1 -1 25.627742
385 393 -1 -1 21.155580
381 385 393 -1 25.627742
337 361 -1 -1 30.082221
337 360 361 -1 30.748887
229 233 -1 -1 17.899470
207 229 -1 -1 28.340740
207 229 233 -1 29.540014
229 252 -1 -1 21.509204
229 233 252 -1 23.480000
361 385 -1 -1 21.695495
361 381 385 -1 29.621894
337 338 -1 -1 25.607422
338 361 -1 -1 20.931697
337 338 361 -1 30.487846
164 194 -1 -1 37.667260
164 183 194 -1 41.738156
311 338 -1 -1 24.341424
311 337 338 -1 29.775162
272 289 -1 -1 22.491859
289 293 -1 -1 24.352946
272 289 293 -1 27.949292
289 311 -1 -1 26.038992
289 293 311 -1 28.946994
252 254 -1 -1 22.183091
254 272 -1 -1 19.407095
252 254 272 -1 25.238316
133 140 -1 -1 27.942430
118 133 -1 -1 29.523403
118 133 140 -1 36.567540
229 254 -1 -1 26.054334
229 252 254 -1 27.680715
87 100 -1 -1 30.844984
100 118 -1 -1 23.733220
87 100 118 -1 34.181191
194 229 -1 -1 38.361198
194 207 229 -1 38.778196
194 226 -1 -1 34.420021
226 229 -1 -1 16.501914
194 226 229 -1 38.361198
133 164 -1 -1 39.704185
133 140 164 -1 41.310057
164 168 -1 -1 26.470120
168 194 -1 -1 35.383657
164 168 194 -1 40.878485
226 254 -1 -1 30.091847
226 229 254 -1 31.612137
272 274 -1 -1 23.925664
274 289 -1 -1 21.197477
272 274 289 -1 28.851354
289 309 -1 -1 25.931208
309 311 -1 -1 21.890571
289 309 311 -1 30.086075
254 274 -1 -1 22.103300
254 272 274 -1 25.759868
309 338 -1 -1 27.611967
309 311 338 -1 29.333421
361 369 -1 -1 28.311668
369 385 -1 -1 25.828537
361 369 385 -1 29.687245
149 164 -1 -1 42.062580
133 149 -1 -1 23.879554
133 149 164 -1 42.547431
149 168 -1 -1 28.020243
149 164 168 -1 42.537242
100 133 -1 -1 36.749999
100 118 133 -1 37.684085
226 246 -1 -1 24.277269
246 254 -1 -1 16.685905
226 246 254 -1 30.757483
338 343 -1 -1 20.515315
343 361 -1 -1 29.832777
338 343 361 -1 33.396494
343 369 -1 -1 27.296253
343 361 369 -1 33.544788
168 192 -1 -1 27.960550
192 194 -1 -1 27.055398
168 192 194 -1 36.176687
194 219 -1 -1 35.838292
219 226 -1 -1 20.834637
194 219 226 -1 38.570041
309 343 -1 -1 30.247796
309 338 343 -1 32.321943
289 297 -1 -1 27.668529
297 309 -1 -1 23.250374
289 297 309 -1 29.874195
246 274 -1 -1 25.527251
246 254 274 -1 26.703965
100 123 -1 -1 32.884647
123 133 -1 -1 29.508332
100 123 133 -1 38.963438
192 219 -1 -1 28.329794
192 194 219 -1 36.699757
274 297 -1 -1 23.997809
274 289 297 -1 28.912374
309 328 -1 -1 22.136163
328 343 -1 -1 21.889649
309 328 343 -1 31.016895
369 388 -1 -1 25.363901
269 274 -1 -1 17.082151
246 269 -1 -1 23.346326
246 269 274 -1 27.172204
219 246 -1 -1 30.550939
219 226 246 -1 31.473088
100 101 -1 -1 21.655975
219 243 -1 -1 25.448425
243 246 -1 -1 17.823093
219 243 246 -1 30.550939
101 123 -1 -1 27.948500
100 101 123 -1 33.545992
123 149 -1 -1 28.377974
123 133 149 -1 31.625704
343 352 -1 -1 23.830695
352 369 -1 -1 26.380062
343 352 369 -1 30.446291
269 297 -1 -1 25.765841
269 274 297 -1 26.443421
243 269 -1 -1 27.062555
243 246 269 -1 29.122452
297 328 -1 -1 30.736130
297 309 328 -1 31.408537
168 174 -1 -1 29.585144
174 192 -1 -1 30.210690
168 174 192 -1 35.805524
149 158 -1 -1 24.110992
158 168 -1 -1 35.276976
149 158 168 -1 36.858241
158 174 -1 -1 21.337052
158 168 174 -1 35.276976
328 352 -1 -1 29.792232
328 343 352 -1 31.350536
297 319 -1 -1 28.469496
319 328 -1 -1 17.080338
297 319 328 -1 31.688535
192 214 -1 -1 31.186054
214 219 -1 -1 22.472724
192 214 219 -1 32.122729
243 257 -1 -1 20.997506
257 269 -1 -1 18.654799
243 257 269 -1 27.089860
95 101 -1 -1 23.804488
369 376 -1 -1 35.037091
376 388 -1 -1 22.431480
369 376 388 -1 35.142024
279 297 -1 -1 26.549375
269 279 -1 -1 21.985749
269 279 297 -1 29.606306
352 376 -1 -1 27.406273
352 369 376 -1 35.579126
214 243 -1 -1 30.465215
214 219 243 -1 34.080698
192 198 -1 -1 28.200881
198 214 -1 -1 22.032415
192 198 214 -1 32.301362
297 301 -1 -1 24.283939
301 319 -1 -1 20.966863
297 301 319 -1 29.128297
101 113 -1 -1 24.446417
113 123 -1 -1 30.466477
101 113 123 -1 33.480262
123 147 -1 -1 36.133981
147 149 -1 -1 33.211108
123 147 149 -1 38.025096
174 198 -1 -1 27.581318
174 192 198 -1 34.135161
147 158 -1 -1 17.830991
147 149 158 -1 33.211108
257 279 -1 -1 19.473920
257 269 279 -1 24.428079
279 301 -1 -1 18.204154
279 297 301 -1 27.806511
123 130 -1 -1 22.718951
130 147 -1 -1 21.004791
123 130 147 -1 36.133981
113 130 -1 -1 21.366164
113 123 130 -1 30.466477
239 243 -1 -1 22.199662
214 239 -1 -1 26.877566
214 239 243 -1 32.044871
239 257 -1 -1 17.534473
239 243 257 -1 23.913372
328 345 -1 -1 34.066972
345 352 -1 -1 23.046410
328 345 352 -1 34.629292
95 113 -1 -1 23.062715
95 101 113 -1 27.134093
319 345 -1 -1 29.957031
319 328 345 -1 35.269349
174 179 -1 -1 21.154699
179 198 -1 -1 21.168646
174 179 198 -1 29.203344
214 231 -1 -1 25.601101
231 239 -1 -1 17.141183
214 231 239 -1 28.541184
345 376 -1 -1 35.443540
345 352 376 -1 35.443540
257 261 -1 -1 25.035650
261 279 -1 -1 22.489699
257 261 279 -1 26.485200
301 315 -1 -1 24.707838
315 319 -1 -1 21.118917
301 315 319 -1 26.571868
315 345 -1 -1 28.442157
315 319 345 -1 31.446297
130 135 -1 -1 17.655162
135 147 -1 -1 18.840666
130 135 147 -1 23.315101
239 261 -1 -1 28.394080
239 257 261 -1 29.115093
158 179 -1 -1 31.703187
158 174 179 -1 38.077315
113 120 -1 -1 20.612457
120 130 -1 -1 26.290405
113 120 130 -1 27.884969
345 370 -1 -1 34.689871
370 376 -1 -1 21.930204
345 370 376 -1 37.871957
158 169 -1 -1 32.391572
169 179 -1 -1 22.070064
158 169 179 -1 33.900531
210 214 -1 -1 28.747935
198 210 -1 -1 28.073540
198 210 214 -1 31.518131
94 95 -1 -1 23.628424
94 113 -1 -1 30.176624
94 95 113 -1 32.108136
210 231 -1 -1 21.622549
210 214 231 -1 30.662518
120 135 -1 -1 19.529853
120 130 135 -1 26.290405
147 169 -1 -1 33.136372
147 158 169 -1 34.985435
279 295 -1 -1 30.465426
295 301 -1 -1 22.717798
279 295 301 -1 31.764513
295 315 -1 -1 22.791496
295 301 315 -1 28.394134
261 295 -1 -1 28.520186
261 279 295 -1 32.704534
147 152 -1 -1 23.723899
152 169 -1 -1 19.718464
147 152 169 -1 33.136372
94 120 -1 -1 31.087852
94 113 120 -1 33.233819
179 189 -1 -1 20.880120
189 198 -1 -1 28.477997
179 189 198 -1 29.214767
135 152 -1 -1 23.228599
135 147 152 -1 26.430906
238 239 -1 -1 33.389159
231 238 -1 -1 20.000615
231 238 239 -1 33.389159
238 261 -1 -1 28.002778
238 239 261 -1 34.211064
315 335 -1 -1 27.079535
335 345 -1 -1 26.992146
315 335 345 -1 31.786696
345 362 -1 -1 28.997672
362 370 -1 -1 22.453191
345 362 370 -1 35.355775
189 210 -1 -1 27.792847
189 198 210 -1 33.415039
94 103 -1 -1 22.491198
103 120 -1 -1 19.099972
94 103 120 -1 31.269002
335 362 -1 -1 21.221761
335 345 362 -1 31.141880
131 135 -1 -1 18.523639
131 152 -1 -1 21.717980
131 135 152 -1 26.718543
169 189 -1 -1 26.837869
169 179 189 -1 28.440565
261 283 -1 -1 26.223840
283 295 -1 -1 18.262126
261 283 295 -1 29.634134
120 131 -1 -1 22.252996
120 131 135 -1 24.318345
313 315 -1 -1 22.884467
295 313 -1 -1 25.381334
295 313 315 -1 27.766433
313 335 -1 -1 18.921483
313 315 335 -1 27.289156
261 263 -1 -1 23.525943
238 263 -1 -1 23.348840
238 261 263 -1 29.587092
210 238 -1 -1 30.579490
210 231 238 -1 30.579490
263 283 -1 -1 19.702912
261 263 283 -1 27.233452
189 203 -1 -1 21.408485
203 210 -1 -1 25.209182
189 203 210 -1 29.368638
370 382 -1 -1 27.160497
210 218 -1 -1 27.725208
218 238 -1 -1 28.970649
210 218 238 -1 35.639571
362 382 -1 -1 26.345420
362 370 382 -1 29.599150
103 131 -1 -1 32.231776
103 120 131 -1 32.231776
131 150 -1 -1 23.170077
150 152 -1 -1 21.516885
131 150 152 -1 26.143456
169 182 -1 -1 30.126795
182 189 -1 -1 25.082817
169 182 189 -1 32.558170
283 306 -1 -1 23.941637
295 306 -1 -1 29.931562
283 295 306 -1 30.292338
306 313 -1 -1 17.481565
295 306 313 -1 31.084528
150 169 -1 -1 29.302848
150 152 169 -1 29.732320
203 218 -1 -1 20.482668
203 210 218 -1 30.036996
103 127 -1 -1 32.987635
127 131 -1 -1 23.459118
103 127 131 -1 35.835913
165 169 -1 -1 30.638969
150 165 -1 -1 19.660752
150 165 169 -1 32.301160
165 182 -1 -1 19.878974
165 169 182 -1 33.037297
103 108 -1 -1 25.726978
108 127 -1 -1 23.016305
103 108 127 -1 36.001384
182 203 -1 -1 26.233432
182 189 203 -1 28.429582
218 240 -1 -1 22.130386
238 240 -1 -1 23.999503
218 238 240 -1 31.708380
127 150 -1 -1 24.780082
127 131 150 -1 29.432151
240 263 -1 -1 26.725710
238 240 263 -1 30.231207
335 349 -1 -1 28.732530
349 362 -1 -1 23.895826
335 349 362 -1 30.849279
283 291 -1 -1 24.656929
291 306 -1 -1 19.068280
283 291 306 -1 27.225622
349 382 -1 -1 28.654378
349 362 382 -1 31.374242
313 321 -1 -1 27.625878
321 335 -1 -1 33.679969
313 321 335 -1 34.365901
240 264 -1 -1 23.657571
263 264 -1 -1 19.581339
240 263 264 -1 28.282213
263 291 -1 -1 31.263340
263 283 291 -1 31.410486
264 291 -1 -1 22.592591
263 264 291 -1 31.263340
321 349 -1 -1 28.302259
321 335 349 -1 35.689019
306 321 -1 -1 22.239248
306 313 321 -1 28.180661
291 321 -1 -1 34.517244
291 306 321 -1 34.517244
85 -1 -1 -1 0.000000
86 -1 -1 -1 0.000000
87 -1 -1 -1 0.000000
91 -1 -1 -1 0.000000
92 -1 -1 -1 0.000000
94 -1 -1 -1 0.000000
95 -1 -1 -1 0.000000
96 -1 -1 -1 0.000000
100 -1 -1 -1 0.000000
101 -1 -1 -1 0.000000
103 -1 -1 -1 0.000000
104 -1 -1 -1 0.000000
107 -1 -1 -1 0.000000
108 -1 -1 -1 0.000000
110 -1 -1 -1 0.000000
111 -1 -1 -1 0.000000
112 -1 -1 -1 0.000000
113 -1 -1 -1 0.000000
115 -1 -1 -1 0.000000
116 -1 -1 -1 0.000000
117 -1 -1 -1 0.000000
118 -1 -1 -1 0.000000
120 -1 -1 -1 0.000000
123 -1 -1 -1 0.000000
124 -1 -1 -1 0.000000
126 -1 -1 -1 0.000000
127 -1 -1 -1 0.000000
129 -1 -1 -1 0.000000
130 -1 -1 -1 0.000000
131 -1 -1 -1 0.000000
133 -1 -1 -1 0.000000
134 -1 -1 -1 0.000000
135 -1 -1 -1 0.000000
136 -1 -1 -1 0.000000
138 -1 -1 -1 0.000000
140 -1 -1 -1 0.000000
143 -1 -1 -1 0.000000
147 -1 -1 -1 0.000000
149 -1 -1 -1 0.000000
150 -1 -1 -1 0.000000
151 -1 -1 -1 0.000000
152 -1 -1 -1 0.000000
154 -1 -1 -1 0.000000
155 -1 -1 -1 0.000000
156 -1 -1 -1 0.000000
157 -1 -1 -1 0.000000
158 -1 -1 -1 0.000000
159 -1 -1 -1 0.000000
164 -1 -1 -1 0.000000
165 -1 -1 -1 0.000000
168 -1 -1 -1 0.000000
169 -1 -1 -1 0.000000
172 -1 -1 -1 0.000000
173 -1 -1 -1 0.000000
174 -1 -1 -1 0.000000
178 -1 -1 -1 0.000000
179 -1 -1 -1 0.000000
180 -1 -1 -1 0.000000
181 -1 -1 -1 0.000000
182 -1 -1 -1 0.000000
183 -1 -1 -1 0.000000
186 -1 -1 -1 0.000000
189 -1 -1 -1 0.000000
190 -1 -1 -1 0.000000
192 -1 -1 -1 0.000000
194 -1 -1 -1 0.000000
198 -1 -1 -1 0.000000
200 -1 -1 -1 0.000000
201 -1 -1 -1 0.000000
202 -1 -1 -1 0.000000
203 -1 -1 -1 0.000000
205 -1 -1 -1 0.000000
207 -1 -1 -1 0.000000
209 -1 -1 -1 0.000000
210 -1 -1 -1 0.000000
213 -1 -1 -1 0.000000
214 -1 -1 -1 0.000000
215 -1 -1 -1 0.000000
218 -1 -1 -1 0.000000
219 -1 -1 -1 0.000000
222 -1 -1 -1 0.000000
223 -1 -1 -1 0.000000
224 -1 -1 -1 0.000000
226 -1 -1 -1 0.000000
227 -1 -1 -1 0.000000
229 -1 -1 -1 0.000000
231 -1 -1 -1 0.000000
233 -1 -1 -1 0.000000
234 -1 -1 -1 0.000000
238 -1 -1 -1 0.000000
239 -1 -1 -1 0.000000
240 -1 -1 -1 0.000000
243 -1 -1 -1 0.000000
245 -1 -1 -1 0.000000
246 -1 -1 -1 0.000000
248 -1 -1 -1 0.000000
249 -1 -1 -1 0.000000
250 -1 -1 -1 0.000000
251 -1 -1 -1 0.000000
252 -1 -1 -1 0.000000
254 -1 -1 -1 0.000000
257 -1 -1 -1 0.000000
261 -1 -1 -1 0.000000
262 -1 -1 -1 0.000000
263 -1 -1 -1 0.000000
264 -1 -1 -1 0.000000
266 -1 -1 -1 0.000000
267 -1 -1 -1 0.000000
269 -1 -1 -1 0.000000
270 -1 -1 -1 0.000000
272 -1 -1 -1 0.000000
273 -1 -1 -1 0.000000
274 -1 -1 -1 0.000000
275 -1 -1 -1 0.000000
279 -1 -1 -1 0.000000
280 -1 -1 -1 0.000000
281 -1 -1 -1 0.000000
283 -1 -1 -1 0.000000
284 -1 -1 -1 0.000000
286 -1 -1 -1 0.000000
287 -1 -1 -1 0.000000
288 -1 -1 -1 0.000000
289 -1 -1 -1 0.000000
291 -1 -1 -1 0.000000
293 -1 -1 -1 0.000000
295 -1 -1 -1 0.000000
296 -1 -1 -1 0.000000
297 -1 -1 -1 0.000000
298 -1 -1 -1 0.000000
301 -1 -1 -1 0.000000
303 -1 -1 -1 0.000000
306 -1 -1 -1 0.000000
308 -1 -1 -1 0.000000
309 -1 -1 -1 0.000000
310 -1 -1 -1 0.000000
311 -1 -1 -1 0.000000
312 -1 -1 -1 0.000000
313 -1 -1 -1 0.000000
315 -1 -1 -1 0.000000
316 -1 -1 -1 0.000000
317 -1 -1 -1 0.000000
318 -1 -1 -1 0.000000
319 -1 -1 -1 0.000000
321 -1 -1 -1 0.000000
324 -1 -1 -1 0.000000
327 -1 -1 -1 0.000000
328 -1 -1 -1 0.000000
330 -1 -1 -1 0.000000
333 -1 -1 -1 0.000000
335 -1 -1 -1 0.000000
336 -1 -1 -1 0.000000
337 -1 -1 -1 0.000000
338 -1 -1 -1 0.000000
340 -1 -1 -1 0.000000
341 -1 -1 -1 0.000000
343 -1 -1 -1 0.000000
345 -1 -1 -1 0.000000
348 -1 -1 -1 0.000000
349 -1 -1 -1 0.000000
350 -1 -1 -1 0.000000
351 -1 -1 -1 0.000000
352 -1 -1 -1 0.000000
355 -1 -1 -1 0.000000
357 -1 -1 -1 0.000000
360 -1 -1 -1 0.000000
361 -1 -1 -1 0.000000
362 -1 -1 -1 0.000000
363 -1 -1 -1 0.000000
364 -1 -1 -1 0.000000
365 -1 -1 -1 0.000000
369 -1 -1 -1 0.000000
370 -1 -1 -1 0.000000
371 -1 -1 -1 0.000000
373 -1 -1 -1 0.000000
375 -1 -1 -1 0.000000
376 -1 -1 -1 0.000000
379 -1 -1 -1 0.000000
380 -1 -1 -1 0.000000
381 -1 -1 -1 0.000000
382 -1 -1 -1 0.000000
384 -1 -1 -1 0.000000
385 -1 -1 -1 0.000000
387 -1 -1 -1 0.000000
388 -1 -1 -1 0.000000
391 -1 -1 -1 0.000000
392 -1 -1 -1 0.000000
393 -1 -1 -1 0.000000
