236 259 -1 -1 22.903892
301 316 -1 -1 20.610555
351 370 -1 -1 21.292371
137 159 -1 -1 23.724339
217 236 -1 -1 22.602632
122 137 -1 -1 21.436884
334 351 -1 -1 23.044038
200 217 -1 -1 21.677770
159 181 -1 -1 23.915315
181 200 -1 -1 20.839428
259 274 -1 -1 27.066943
316 334 -1 -1 19.907944
274 295 -1 -1 22.271607
295 301 -1 -1 21.841685
99 122 -1 -1 25.272183
236 257 -1 -1 27.135491
257 259 -1 -1 25.167545
236 257 259 -1 30.094376
257 274 -1 -1 27.506891
257 259 274 -1 31.207900
295 316 -1 -1 23.427038
295 301 316 -1 26.155607
334 349 -1 -1 21.885421
349 351 -1 -1 23.713274
334 349 351 -1 27.277573
349 370 -1 -1 27.096681
349 351 370 -1 28.330745
159 179 -1 -1 27.311911
179 181 -1 -1 17.133095
159 179 181 -1 27.415190
217 235 -1 -1 24.178649
235 236 -1 -1 24.106600
217 235 236 -1 29.077496
235 257 -1 -1 18.804034
235 236 257 -1 28.253830
370 378 -1 -1 19.575855
137 157 -1 -1 26.617285
157 159 -1 -1 24.039714
137 157 159 -1 29.796396
257 268 -1 -1 17.640942
268 274 -1 -1 18.604705
257 268 274 -1 27.613084
157 179 -1 -1 19.339726
157 159 179 -1 28.732841
181 199 -1 -1 25.366480
199 200 -1 -1 21.548979
181 199 200 -1 27.778586
199 217 -1 -1 26.561409
199 200 217 -1 27.733354
99 115 -1 -1 21.852295
115 122 -1 -1 19.676659
99 115 122 -1 26.864084
349 378 -1 -1 25.511412
349 370 378 -1 28.789617
216 217 -1 -1 20.110550
199 216 -1 -1 18.195836
199 216 217 -1 27.164454
179 199 -1 -1 27.108669
179 181 199 -1 29.402382
216 235 -1 -1 24.079075
216 217 235 -1 28.457436
122 133 -1 -1 26.043260
133 137 -1 -1 27.759734
122 133 137 -1 30.290680
316 317 -1 -1 20.301390
317 334 -1 -1 25.484862
316 317 334 -1 27.642169
295 317 -1 -1 25.617530
295 316 317 -1 28.021849
137 146 -1 -1 26.904379
146 157 -1 -1 18.117609
137 146 157 -1 28.941553
115 133 -1 -1 18.169473
115 122 133 -1 26.075972
133 146 -1 -1 17.129343
133 137 146 -1 29.835839
274 279 -1 -1 23.570561
279 295 -1 -1 26.170243
274 279 295 -1 29.301573
268 279 -1 -1 15.429485
268 274 279 -1 24.434059
179 187 -1 -1 21.033897
187 199 -1 -1 19.431653
179 187 199 -1 27.314416
317 329 -1 -1 18.350305
329 334 -1 -1 28.111949
317 329 334 -1 29.160135
216 224 -1 -1 15.473569
224 235 -1 -1 20.930724
216 224 235 -1 24.116386
329 349 -1 -1 29.295332
329 334 349 -1 31.568213
99 104 -1 -1 26.134032
104 115 -1 -1 20.537116
99 104 115 -1 27.148771
295 307 -1 -1 23.923771
307 317 -1 -1 19.211638
295 307 317 -1 27.462220
288 295 -1 -1 26.035541
279 288 -1 -1 14.599821
279 288 295 -1 27.950163
349 365 -1 -1 23.319000
365 378 -1 -1 24.277547
349 365 378 -1 28.527113
257 258 -1 -1 24.534727
258 268 -1 -1 19.818980
257 258 268 -1 25.473487
288 307 -1 -1 15.629955
288 295 307 -1 26.991231
235 258 -1 -1 28.959519
235 257 258 -1 31.113766
329 346 -1 -1 16.461612
346 349 -1 -1 23.826463
329 346 349 -1 30.567342
157 169 -1 -1 28.389654
169 179 -1 -1 27.272800
157 169 179 -1 29.899548
169 187 -1 -1 19.599844
169 179 187 -1 28.223423
235 240 -1 -1 27.375060
240 258 -1 -1 20.092090
235 240 258 -1 30.681069
346 365 -1 -1 19.388857
346 349 365 -1 26.932907
224 240 -1 -1 18.184150
224 235 240 -1 27.574389
198 199 -1 -1 29.055830
198 216 -1 -1 31.104665
198 199 216 -1 32.154880
115 116 -1 -1 22.951098
104 116 -1 -1 18.106775
104 115 116 -1 28.695466
116 133 -1 -1 21.235082
115 116 133 -1 25.370135
187 198 -1 -1 20.939641
187 198 199 -1 29.162915
258 279 -1 -1 26.503140
258 268 279 -1 26.760018
146 169 -1 -1 33.860196
146 157 169 -1 34.395264
198 224 -1 -1 31.297731
198 216 224 -1 33.667325
144 146 -1 -1 21.840420
144 169 -1 -1 28.553289
144 146 169 -1 34.869016
307 313 -1 -1 21.522178
313 317 -1 -1 27.377675
307 313 317 -1 27.547832
313 329 -1 -1 23.032916
313 317 329 -1 27.941951
220 224 -1 -1 20.337810
198 220 -1 -1 22.786318
198 220 224 -1 31.297731
258 276 -1 -1 27.917558
276 279 -1 -1 22.945591
258 276 279 -1 30.383993
133 144 -1 -1 31.696612
133 144 146 -1 31.696612
276 288 -1 -1 20.874171
276 279 288 -1 23.846068
365 374 -1 -1 20.381012
116 129 -1 -1 21.196733
129 133 -1 -1 32.526545
116 129 133 -1 32.526545
129 144 -1 -1 22.929214
129 133 144 -1 34.475689
220 240 -1 -1 21.212934
220 224 240 -1 23.606566
258 265 -1 -1 24.666405
265 276 -1 -1 15.733873
258 265 276 -1 30.094206
288 290 -1 -1 22.234960
290 307 -1 -1 26.307883
288 290 307 -1 26.646716
104 111 -1 -1 28.881150
111 116 -1 -1 21.029091
104 111 116 -1 28.881150
346 354 -1 -1 20.489536
354 365 -1 -1 24.782652
346 354 365 -1 27.176841
240 248 -1 -1 22.323432
248 258 -1 -1 27.160352
240 248 258 -1 28.012916
144 160 -1 -1 25.697746
160 169 -1 -1 22.677548
144 160 169 -1 31.988484
169 198 -1 -1 33.057625
169 187 198 -1 33.057625
276 290 -1 -1 18.979164
276 288 290 -1 25.116507
329 330 -1 -1 28.117053
330 346 -1 -1 26.299001
329 330 346 -1 29.088660
248 265 -1 -1 16.917549
248 258 265 -1 28.569038
290 313 -1 -1 26.250265
290 307 313 -1 29.680707
313 330 -1 -1 22.322425
313 329 330 -1 29.451483
354 374 -1 -1 21.515625
354 365 374 -1 26.120233
330 354 -1 -1 21.328515
330 346 354 -1 27.833965
169 189 -1 -1 37.046644
189 198 -1 -1 29.689781
169 189 198 -1 39.085400
111 129 -1 -1 25.474873
111 116 129 -1 26.055222
290 302 -1 -1 17.910395
302 313 -1 -1 21.997717
290 302 313 -1 27.123187
160 189 -1 -1 29.412015
160 169 189 -1 38.025468
220 234 -1 -1 25.498729
234 240 -1 -1 31.879745
220 234 240 -1 31.879745
234 248 -1 -1 22.775335
234 240 248 -1 32.774211
198 212 -1 -1 28.077033
212 220 -1 -1 22.757353
198 212 220 -1 28.668246
189 212 -1 -1 25.630926
189 198 212 -1 34.195500
354 369 -1 -1 20.733084
369 374 -1 -1 18.867604
354 369 374 -1 24.991825
129 139 -1 -1 28.976066
139 144 -1 -1 32.472615
129 139 144 -1 33.444428
212 234 -1 -1 23.344177
212 220 234 -1 28.878203
139 160 -1 -1 31.568078
139 144 160 -1 36.075465
302 330 -1 -1 31.628533
302 313 330 -1 32.336968
265 272 -1 -1 26.552935
272 276 -1 -1 27.090142
265 272 276 -1 28.358001
272 290 -1 -1 26.927410
272 276 290 -1 29.469055
302 322 -1 -1 21.404072
322 330 -1 -1 23.995417
302 322 330 -1 31.671296
111 114 -1 -1 27.406593
114 129 -1 -1 27.875560
111 114 129 -1 31.144808
330 352 -1 -1 25.997268
352 354 -1 -1 20.483756
330 352 354 -1 26.597159
352 369 -1 -1 18.160812
352 354 369 -1 24.428359
160 164 -1 -1 25.003697
164 189 -1 -1 27.866054
160 164 189 -1 32.980319
114 139 -1 -1 28.727237
114 129 139 -1 33.561177
93 111 -1 -1 31.373878
244 248 -1 -1 24.584391
234 244 -1 -1 22.412634
234 244 248 -1 27.819768
244 265 -1 -1 32.089043
244 248 265 -1 33.103626
244 272 -1 -1 30.783645
244 265 272 -1 35.532837
272 302 -1 -1 32.822542
272 290 302 -1 33.092385
330 335 -1 -1 28.306608
335 352 -1 -1 21.459121
330 335 352 -1 31.053578
139 164 -1 -1 30.022225
139 160 164 -1 35.520637
93 114 -1 -1 28.385592
93 111 114 -1 35.373320
322 335 -1 -1 18.950740
322 330 335 -1 30.136173
272 300 -1 -1 30.278556
300 302 -1 -1 21.312461
272 300 302 -1 33.760002
300 322 -1 -1 22.465601
300 302 322 -1 26.552774
367 369 -1 -1 18.969616
352 367 -1 -1 22.762941
352 367 369 -1 23.546520
211 212 -1 -1 24.658734
211 234 -1 -1 28.194100
211 212 234 -1 31.705161
189 211 -1 -1 36.716656
189 211 212 -1 36.910503
244 262 -1 -1 23.813017
262 272 -1 -1 24.829608
244 262 272 -1 32.711092
189 195 -1 -1 32.195238
195 211 -1 -1 24.584482
189 195 211 -1 37.623953
272 285 -1 -1 28.871777
285 300 -1 -1 21.480533
272 285 300 -1 32.569427
352 353 -1 -1 25.192361
335 353 -1 -1 22.358284
335 352 353 -1 27.036460
353 367 -1 -1 21.069776
352 353 367 -1 26.547280
164 195 -1 -1 35.704726
164 189 195 -1 36.967409
211 244 -1 -1 37.573078
211 234 244 -1 37.573078
211 238 -1 -1 27.473411
238 244 -1 -1 24.250888
211 238 244 -1 38.123615
139 154 -1 -1 32.177483
154 164 -1 -1 28.210670
139 154 164 -1 35.082157
262 285 -1 -1 24.919958
262 272 285 -1 32.024670
114 134 -1 -1 34.516415
134 139 -1 -1 34.170639
114 134 139 -1 37.971604
93 112 -1 -1 30.622065
112 114 -1 -1 26.243687
93 112 114 -1 33.848570
164 177 -1 -1 26.097320
177 195 -1 -1 22.981003
164 177 195 -1 36.701500
314 322 -1 -1 27.644755
300 314 -1 -1 26.336768
300 314 322 -1 30.820236
314 335 -1 -1 29.489121
314 322 335 -1 31.041640
112 134 -1 -1 22.920510
112 114 134 -1 35.546497
134 154 -1 -1 23.892260
134 139 154 -1 37.411547
367 372 -1 -1 18.165479
238 262 -1 -1 29.327841
238 244 262 -1 30.059272
353 372 -1 -1 20.256842
353 367 372 -1 23.506750
92 93 -1 -1 26.394770
154 177 -1 -1 25.035417
154 164 177 -1 31.023062
92 112 -1 -1 25.709345
92 93 112 -1 33.662588
335 340 -1 -1 26.472744
340 353 -1 -1 19.960612
335 340 353 -1 26.968245
314 340 -1 -1 25.492747
314 335 340 -1 32.190017
285 314 -1 -1 32.424893
285 300 314 -1 32.860879
211 227 -1 -1 27.742279
227 238 -1 -1 20.782000
211 227 238 -1 30.796705
238 255 -1 -1 23.195635
255 262 -1 -1 22.660202
238 255 262 -1 30.211707
209 211 -1 -1 33.262254
195 209 -1 -1 28.762226
195 209 211 -1 35.393430
209 227 -1 -1 21.214674
209 211 227 -1 33.262254
262 271 -1 -1 26.500892
271 285 -1 -1 30.143922
262 271 285 -1 32.242079
285 306 -1 -1 28.095607
306 314 -1 -1 25.107084
285 306 314 -1 34.060431
255 271 -1 -1 18.437770
255 262 271 -1 27.403771
285 286 -1 -1 27.400898
271 286 -1 -1 16.926612
271 285 286 -1 32.970720
353 363 -1 -1 28.677595
363 372 -1 -1 23.559270
353 363 372 -1 29.943785
286 306 -1 -1 18.830455
285 286 306 -1 31.997195
340 363 -1 -1 29.532563
340 353 363 -1 32.622543
177 188 -1 -1 26.371358
188 195 -1 -1 32.340011
177 188 195 -1 33.918644
92 102 -1 -1 25.076126
102 112 -1 -1 27.142141
92 102 112 -1 31.017715
154 165 -1 -1 31.031900
165 177 -1 -1 28.203172
154 165 177 -1 34.057753
188 209 -1 -1 24.286139
188 195 209 -1 34.513267
227 245 -1 -1 26.519928
238 245 -1 -1 31.686867
227 238 245 -1 31.686867
245 255 -1 -1 18.180628
238 245 255 -1 32.328041
134 138 -1 -1 28.559307
138 154 -1 -1 31.435209
134 138 154 -1 34.099058
314 319 -1 -1 27.576330
319 340 -1 -1 30.527207
314 319 340 -1 34.002086
306 319 -1 -1 21.552009
306 314 319 -1 30.271240
340 342 -1 -1 20.138370
319 342 -1 -1 22.863262
319 340 342 -1 31.477231
342 363 -1 -1 23.912628
340 342 363 -1 31.603878
102 134 -1 -1 39.404229
102 112 134 -1 40.157176
165 188 -1 -1 23.114825
165 177 188 -1 30.658631
138 165 -1 -1 27.286668
138 154 165 -1 34.444700
102 120 -1 -1 24.297699
120 134 -1 -1 37.341689
102 120 134 -1 40.363400
120 138 -1 -1 25.419218
120 134 138 -1 37.358884
209 225 -1 -1 25.874136
225 227 -1 -1 24.028448
209 225 227 -1 27.873298
245 271 -1 -1 28.373923
245 255 271 -1 28.756204
225 245 -1 -1 27.549283
225 227 245 -1 30.894753
245 263 -1 -1 25.289835
263 271 -1 -1 24.818532
245 263 271 -1 30.619736
363 382 -1 -1 25.334670
188 202 -1 -1 23.499732
202 209 -1 -1 24.350477
188 202 209 -1 28.536117
225 242 -1 -1 21.923384
242 245 -1 -1 18.062353
225 242 245 -1 31.114905
96 102 -1 -1 26.036456
286 296 -1 -1 26.663610
296 306 -1 -1 26.003010
286 296 306 -1 30.386137
360 363 -1 -1 24.104354
342 360 -1 -1 24.146869
342 360 363 -1 27.622163
202 225 -1 -1 23.016853
202 209 225 -1 29.256985
263 286 -1 -1 33.132183
263 271 286 -1 34.134295
296 319 -1 -1 28.251067
296 306 319 -1 30.935614
360 382 -1 -1 18.574404
360 363 382 -1 26.864757
138 149 -1 -1 24.957793
149 165 -1 -1 24.159689
138 149 165 -1 30.113098
282 286 -1 -1 33.807412
263 282 -1 -1 22.112162
263 282 286 -1 36.097137
319 338 -1 -1 28.069111
338 342 -1 -1 22.684474
319 338 342 -1 28.889801
282 296 -1 -1 21.270569
282 286 296 -1 34.164518
242 263 -1 -1 24.906600
242 245 263 -1 27.471755
338 360 -1 -1 20.531632
338 342 360 -1 28.079722
188 190 -1 -1 28.612381
190 202 -1 -1 20.168917
188 190 202 -1 29.366721
165 190 -1 -1 36.091512
165 188 190 -1 36.840270
96 120 -1 -1 31.404967
96 102 120 -1 32.746436
296 318 -1 -1 25.839419
318 319 -1 -1 27.212153
296 318 319 -1 31.964792
318 338 -1 -1 21.858321
318 319 338 -1 31.182405
165 173 -1 -1 31.581793
173 190 -1 -1 19.903318
165 173 190 -1 36.778440
149 173 -1 -1 24.561854
149 165 173 -1 31.840433
213 225 -1 -1 25.131257
202 213 -1 -1 20.759359
202 213 225 -1 27.144847
120 125 -1 -1 22.312867
125 138 -1 -1 34.191801
120 125 138 -1 34.984819
125 149 -1 -1 30.490865
125 138 149 -1 35.586131
225 232 -1 -1 24.797125
232 242 -1 -1 22.491616
225 232 242 -1 27.054065
213 232 -1 -1 18.113265
213 225 232 -1 27.681698
242 246 -1 -1 25.165261
246 263 -1 -1 31.790797
242 246 263 -1 32.194243
232 246 -1 -1 19.211273
232 242 246 -1 27.462348
96 125 -1 -1 38.408477
96 120 125 -1 39.719271
246 264 -1 -1 21.517152
263 264 -1 -1 26.148036
246 263 264 -1 33.071486
359 360 -1 -1 23.353352
190 213 -1 -1 27.088634
190 202 213 -1 28.615694
264 282 -1 -1 24.418397
263 264 282 -1 28.403947
296 299 -1 -1 26.569811
299 318 -1 -1 25.495912
296 299 318 -1 30.118939
125 150 -1 -1 27.785421
149 150 -1 -1 18.671905
125 149 150 -1 31.735496
338 359 -1 -1 28.501304
338 359 360 -1 29.621865
96 108 -1 -1 31.591373
108 125 -1 -1 28.503439
96 108 125 -1 39.134400
282 299 -1 -1 27.095261
282 296 299 -1 29.758612
150 173 -1 -1 23.727929
149 150 173 -1 27.218239
336 338 -1 -1 26.420696
336 359 -1 -1 22.964069
336 338 359 -1 31.477866
318 336 -1 -1 28.348699
318 336 338 -1 29.787901
190 203 -1 -1 30.246502
203 213 -1 -1 23.939314
190 203 213 -1 32.296563
125 142 -1 -1 27.088494
142 150 -1 -1 22.028929
125 142 150 -1 31.166000
108 130 -1 -1 20.478200
125 130 -1 -1 21.413386
108 125 130 -1 29.145953
173 182 -1 -1 26.166698
182 190 -1 -1 30.065950
173 182 190 -1 30.886756
281 282 -1 -1 31.321977
281 299 -1 -1 25.310791
281 282 299 -1 33.640903
264 281 -1 -1 26.793988
264 281 282 -1 33.411842
130 142 -1 -1 16.870047
125 130 142 -1 28.335917
182 203 -1 -1 25.182999
182 190 203 -1 33.789131
299 312 -1 -1 23.638745
312 318 -1 -1 31.788817
299 312 318 -1 31.948658
312 336 -1 -1 28.115251
312 318 336 -1 35.342461
203 228 -1 -1 27.389120
213 228 -1 -1 32.799140
203 213 228 -1 34.992372
228 232 -1 -1 27.581364
213 228 232 -1 32.799140
228 246 -1 -1 27.139271
228 232 246 -1 29.494800
150 158 -1 -1 17.189347
158 173 -1 -1 31.737319
150 158 173 -1 32.496123
162 173 -1 -1 31.246543
158 162 -1 -1 12.782561
158 162 173 -1 33.021566
142 158 -1 -1 16.122431
142 150 158 -1 22.110989
162 182 -1 -1 24.139928
162 173 182 -1 34.045763
246 252 -1 -1 29.570938
252 264 -1 -1 26.280697
246 252 264 -1 30.971756
359 375 -1 -1 29.107848
336 356 -1 -1 28.202192
356 359 -1 -1 30.532886
336 356 359 -1 32.445860
228 252 -1 -1 29.412547
228 246 252 -1 33.844027
356 375 -1 -1 18.496433
356 359 375 -1 32.240260
252 281 -1 -1 31.292317
252 264 281 -1 34.587889
88 108 -1 -1 28.970434
312 331 -1 -1 24.018013
331 336 -1 -1 27.362275
312 331 336 -1 31.357614
331 356 -1 -1 22.824985
331 336 356 -1 32.203112
281 298 -1 -1 28.559487
298 299 -1 -1 37.163011
281 298 299 -1 37.373749
298 312 -1 -1 30.104174
298 299 312 -1 37.449683
108 121 -1 -1 31.585485
121 130 -1 -1 24.145022
108 121 130 -1 32.716132
182 196 -1 -1 30.549844
196 203 -1 -1 28.266404
182 196 203 -1 32.855478
121 142 -1 -1 29.523703
121 130 142 -1 30.987358
162 167 -1 -1 15.898394
167 182 -1 -1 27.980895
162 167 182 -1 27.980895
142 145 -1 -1 28.507340
145 158 -1 -1 27.743947
142 145 158 -1 29.730848
196 228 -1 -1 37.040083
196 203 228 -1 38.132635
88 121 -1 -1 36.543341
88 108 121 -1 38.848994
145 162 -1 -1 28.423977
145 158 162 -1 30.237811
273 281 -1 -1 28.587729
252 273 -1 -1 29.984185
252 273 281 -1 34.645845
121 145 -1 -1 27.477213
121 142 145 -1 33.309625
196 223 -1 -1 27.435237
223 228 -1 -1 26.438125
196 223 228 -1 37.609555
145 167 -1 -1 23.371006
145 162 167 -1 28.423977
273 298 -1 -1 24.674752
273 281 298 -1 33.225702
167 171 -1 -1 16.461515
171 182 -1 -1 34.967610
167 171 182 -1 34.967610
171 196 -1 -1 29.952688
171 182 196 -1 38.316086
223 252 -1 -1 38.553176
223 228 252 -1 39.703042
298 311 -1 -1 21.223616
311 312 -1 -1 32.328027
298 311 312 -1 33.408462
88 98 -1 -1 24.170597
98 121 -1 -1 29.816976
88 98 121 -1 37.234812
311 331 -1 -1 28.752343
311 312 331 -1 34.385320
249 252 -1 -1 25.855185
223 249 -1 -1 28.220521
223 249 252 -1 38.553176
249 273 -1 -1 30.130378
249 252 273 -1 33.801089
375 379 -1 -1 30.290274
356 379 -1 -1 32.266907
356 375 379 -1 32.825832
331 355 -1 -1 30.583746
355 356 -1 -1 28.007391
331 355 356 -1 31.824661
355 379 -1 -1 21.400003
355 356 379 -1 33.683672
331 332 -1 -1 27.041561
311 332 -1 -1 22.878194
311 331 332 -1 31.527281
332 355 -1 -1 20.695693
331 332 355 -1 32.613206
121 127 -1 -1 27.927407
127 145 -1 -1 27.953528
121 127 145 -1 32.913705
171 183 -1 -1 22.704554
183 196 -1 -1 28.416988
171 183 196 -1 32.490899
98 127 -1 -1 32.931301
98 121 127 -1 35.094022
145 148 -1 -1 30.953619
148 167 -1 -1 38.455495
145 148 167 -1 38.455495
148 171 -1 -1 35.532681
148 167 171 -1 39.700374
249 261 -1 -1 27.131550
261 273 -1 -1 26.440726
249 261 273 -1 32.719683
196 208 -1 -1 35.152600
208 223 -1 -1 32.699830
196 208 223 -1 37.369630
223 233 -1 -1 27.702893
233 249 -1 -1 25.817253
223 233 249 -1 32.289598
94 98 -1 -1 28.333409
183 208 -1 -1 25.663023
183 196 208 -1 36.768555
127 148 -1 -1 25.597229
127 145 148 -1 33.884890
273 287 -1 -1 35.886001
287 298 -1 -1 36.944712
273 287 298 -1 39.539204
287 311 -1 -1 34.239222
287 298 311 -1 38.045516
208 233 -1 -1 27.734665
208 223 233 -1 35.202997
261 287 -1 -1 27.186240
261 273 287 -1 36.573847
98 113 -1 -1 32.906338
113 127 -1 -1 25.992433
98 113 127 -1 35.737204
170 171 -1 -1 31.915816
148 170 -1 -1 24.559542
148 170 171 -1 37.258609
170 183 -1 -1 24.547681
170 171 183 -1 34.906543
311 315 -1 -1 26.276447
315 332 -1 -1 27.585229
311 315 332 -1 30.505544
287 315 -1 -1 25.703567
287 311 315 -1 35.813219
94 113 -1 -1 28.189435
94 98 113 -1 35.757055
355 362 -1 -1 28.920027
362 379 -1 -1 31.476034
355 362 379 -1 32.586879
233 261 -1 -1 37.266610
233 249 261 -1 37.274622
233 251 -1 -1 26.574674
251 261 -1 -1 27.844257
233 251 261 -1 37.403323
332 337 -1 -1 28.136268
337 355 -1 -1 33.353166
332 337 355 -1 34.442095
337 362 -1 -1 22.948175
337 355 362 -1 34.363315
315 337 -1 -1 27.872427
315 332 337 -1 32.798731
183 186 -1 -1 30.566714
186 208 -1 -1 31.339882
183 186 208 -1 34.993693
170 186 -1 -1 24.624668
170 183 186 -1 31.746393
208 226 -1 -1 29.774725
226 233 -1 -1 24.790849
208 226 233 -1 32.914991
113 124 -1 -1 24.643104
124 127 -1 -1 41.716103
113 124 127 -1 43.825265
124 148 -1 -1 40.744692
124 127 148 -1 43.000512
261 269 -1 -1 31.253310
269 287 -1 -1 32.992616
261 269 287 -1 36.141971
251 269 -1 -1 24.129876
251 261 269 -1 34.678984
226 251 -1 -1 26.762135
226 233 251 -1 31.071412
148 155 -1 -1 31.405684
155 170 -1 -1 25.192011
148 155 170 -1 32.049693
315 320 -1 -1 26.639293
320 337 -1 -1 24.696007
315 320 337 -1 30.681082
124 155 -1 -1 35.612959
124 148 155 -1 43.516115
186 207 -1 -1 23.054369
207 208 -1 -1 34.709445
186 207 208 -1 36.595976
207 226 -1 -1 26.132844
207 208 226 -1 36.464915
287 291 -1 -1 30.667768
291 315 -1 -1 34.197869
287 291 315 -1 39.082128
362 371 -1 -1 25.830624
91 94 -1 -1 33.012786
91 113 -1 -1 36.907663
91 94 113 -1 39.048860
269 291 -1 -1 27.362556
269 287 291 -1 35.870561
291 320 -1 -1 29.023368
291 315 320 -1 37.511973
155 186 -1 -1 34.468676
155 170 186 -1 35.704887
91 124 -1 -1 39.018734
91 113 124 -1 40.873694
337 343 -1 -1 30.901147
343 362 -1 -1 34.828140
337 343 362 -1 35.288590
226 243 -1 -1 27.505729
243 251 -1 -1 27.194184
226 243 251 -1 32.182326
343 371 -1 -1 30.745256
343 362 371 -1 37.330492
124 136 -1 -1 26.525852
136 155 -1 -1 29.323246
124 136 155 -1 37.080818
218 226 -1 -1 26.970145
207 218 -1 -1 21.968687
207 218 226 -1 30.945534
320 343 -1 -1 31.258943
320 337 343 -1 34.704678
243 269 -1 -1 33.947791
243 251 269 -1 35.909212
185 186 -1 -1 26.451468
155 185 -1 -1 37.133556
155 185 186 -1 39.035487
185 207 -1 -1 25.818797
185 186 207 -1 29.563775
218 243 -1 -1 24.938910
218 226 243 -1 30.981971
291 309 -1 -1 26.907003
309 320 -1 -1 22.569159
291 309 320 -1 31.287513
269 280 -1 -1 29.690914
280 291 -1 -1 26.759929
269 280 291 -1 33.846145
155 166 -1 -1 29.513308
166 185 -1 -1 22.233930
155 166 185 -1 38.484961
91 106 -1 -1 32.647750
106 124 -1 -1 34.602067
91 106 124 -1 42.516959
243 253 -1 -1 21.255651
253 269 -1 -1 35.903478
243 253 269 -1 37.096734
253 280 -1 -1 29.546585
253 269 280 -1 38.062554
136 166 -1 -1 30.101606
136 155 166 -1 35.215521
309 343 -1 -1 39.456526
309 320 343 -1 40.357399
106 136 -1 -1 34.522935
106 124 136 -1 37.376487
280 309 -1 -1 33.822009
280 291 309 -1 35.435572
88 -1 -1 -1 0.000000
91 -1 -1 -1 0.000000
92 -1 -1 -1 0.000000
93 -1 -1 -1 0.000000
94 -1 -1 -1 0.000000
96 -1 -1 -1 0.000000
98 -1 -1 -1 0.000000
99 -1 -1 -1 0.000000
102 -1 -1 -1 0.000000
104 -1 -1 -1 0.000000
106 -1 -1 -1 0.000000
108 -1 -1 -1 0.000000
111 -1 -1 -1 0.000000
112 -1 -1 -1 0.000000
113 -1 -1 -1 0.000000
114 -1 -1 -1 0.000000
115 -1 -1 -1 0.000000
116 -1 -1 -1 0.000000
120 -1 -1 -1 0.000000
121 -1 -1 -1 0.000000
122 -1 -1 -1 0.000000
124 -1 -1 -1 0.000000
125 -1 -1 -1 0.000000
127 -1 -1 -1 0.000000
129 -1 -1 -1 0.000000
130 -1 -1 -1 0.000000
133 -1 -1 -1 0.000000
134 -1 -1 -1 0.000000
136 -1 -1 -1 0.000000
137 -1 -1 -1 0.000000
138 -1 -1 -1 0.000000
139 -1 -1 -1 0.000000
142 -1 -1 -1 0.000000
144 -1 -1 -1 0.000000
145 -1 -1 -1 0.000000
146 -1 -1 -1 0.000000
148 -1 -1 -1 0.000000
149 -1 -1 -1 0.000000
150 -1 -1 -1 0.000000
154 -1 -1 -1 0.000000
155 -1 -1 -1 0.000000
157 -1 -1 -1 0.000000
158 -1 -1 -1 0.000000
159 -1 -1 -1 0.000000
160 -1 -1 -1 0.000000
162 -1 -1 -1 0.000000
164 -1 -1 -1 0.000000
165 -1 -1 -1 0.000000
166 -1 -1 -1 0.000000
167 -1 -1 -1 0.000000
169 -1 -1 -1 0.000000
170 -1 -1 -1 0.000000
171 -1 -1 -1 0.000000
173 -1 -1 -1 0.000000
177 -1 -1 -1 0.000000
179 -1 -1 -1 0.000000
181 -1 -1 -1 0.000000
182 -1 -1 -1 0.000000
183 -1 -1 -1 0.000000
185 -1 -1 -1 0.000000
186 -1 -1 -1 0.000000
187 -1 -1 -1 0.000000
188 -1 -1 -1 0.000000
189 -1 -1 -1 0.000000
190 -1 -1 -1 0.000000
195 -1 -1 -1 0.000000
196 -1 -1 -1 0.000000
198 -1 -1 -1 0.000000
199 -1 -1 -1 0.000000
200 -1 -1 -1 0.000000
202 -1 -1 -1 0.000000
203 -1 -1 -1 0.000000
207 -1 -1 -1 0.000000
208 -1 -1 -1 0.000000
209 -1 -1 -1 0.000000
211 -1 -1 -1 0.000000
212 -1 -1 -1 0.000000
213 -1 -1 -1 0.000000
216 -1 -1 -1 0.000000
217 -1 -1 -1 0.000000
218 -1 -1 -1 0.000000
220 -1 -1 -1 0.000000
223 -1 -1 -1 0.000000
224 -1 -1 -1 0.000000
225 -1 -1 -1 0.000000
226 -1 -1 -1 0.000000
227 -1 -1 -1 0.000000
228 -1 -1 -1 0.000000
232 -1 -1 -1 0.000000
233 -1 -1 -1 0.000000
234 -1 -1 -1 0.000000
235 -1 -1 -1 0.000000
236 -1 -1 -1 0.000000
238 -1 -1 -1 0.000000
240 -1 -1 -1 0.000000
242 -1 -1 -1 0.000000
243 -1 -1 -1 0.000000
244 -1 -1 -1 0.000000
245 -1 -1 -1 0.000000
246 -1 -1 -1 0.000000
248 -1 -1 -1 0.000000
249 -1 -1 -1 0.000000
251 -1 -1 -1 0.000000
252 -1 -1 -1 0.000000
253 -1 -1 -1 0.000000
255 -1 -1 -1 0.000000
257 -1 -1 -1 0.000000
258 -1 -1 -1 0.000000
259 -1 -1 -1 0.000000
261 -1 -1 -1 0.000000
262 -1 -1 -1 0.000000
263 -1 -1 -1 0.000000
264 -1 -1 -1 0.000000
265 -1 -1 -1 0.000000
268 -1 -1 -1 0.000000
269 -1 -1 -1 0.000000
271 -1 -1 -1 0.000000
272 -1 -1 -1 0.000000
273 -1 -1 -1 0.000000
274 -1 -1 -1 0.000000
276 -1 -1 -1 0.000000
279 -1 -1 -1 0.000000
280 -1 -1 -1 0.000000
281 -1 -1 -1 0.000000
282 -1 -1 -1 0.000000
285 -1 -1 -1 0.000000
286 -1 -1 -1 0.000000
287 -1 -1 -1 0.000000
288 -1 -1 -1 0.000000
290 -1 -1 -1 0.000000
291 -1 -1 -1 0.000000
295 -1 -1 -1 0.000000
296 -1 -1 -1 0.000000
298 -1 -1 -1 0.000000
299 -1 -1 -1 0.000000
300 -1 -1 -1 0.000000
301 -1 -1 -1 0.000000
302 -1 -1 -1 0.000000
306 -1 -1 -1 0.000000
307 -1 -1 -1 0.000000
309 -1 -1 -1 0.000000
311 -1 -1 -1 0.000000
312 -1 -1 -1 0.000000
313 -1 -1 -1 0.000000
314 -1 -1 -1 0.000000
315 -1 -1 -1 0.000000
316 -1 -1 -1 0.000000
317 -1 -1 -1 0.000000
318 -1 -1 -1 0.000000
319 -1 -1 -1 0.000000
320 -1 -1 -1 0.000000
322 -1 -1 -1 0.000000
329 -1 -1 -1 0.000000
330 -1 -1 -1 0.000000
331 -1 -1 -1 0.000000
332 -1 -1 -1 0.000000
334 -1 -1 -1 0.000000
335 -1 -1 -1 0.000000
336 -1 -1 -1 0.000000
337 -1 -1 -1 0.000000
338 -1 -1 -1 0.000000
340 -1 -1 -1 0.000000
342 -1 -1 -1 0.000000
343 -1 -1 -1 0.000000
346 -1 -1 -1 0.000000
349 -1 -1 -1 0.000000
351 -1 -1 -1 0.000000
352 -1 -1 -1 0.000000
353 -1 -1 -1 0.000000
354 -1 -1 -1 0.000000
355 -1 -1 -1 0.000000
356 -1 -1 -1 0.000000
359 -1 -1 -1 0.000000
360 -1 -1 -1 0.000000
362 -1 -1 -1 0.000000
363 -1 -1 -1 0.000000
365 -1 -1 -1 0.000000
367 -1 -1 -1 0.000000
369 -1 -1 -1 0.000000
370 -1 -1 -1 0.000000
371 -1 -1 -1 0.000000
372 -1 -1 -1 0.000000
374 -1 -1 -1 0.000000
375 -1 -1 -1 0.000000
378 -1 -1 -1 0.000000
379 -1 -1 -1 0.000000
382 -1 -1 -1 0.000000
