197 233 -1 -1 53.399524
154 197 -1 -1 45.767846
197 229 -1 -1 51.181505
229 233 -1 -1 36.689806
197 229 233 -1 65.324122
130 154 -1 -1 46.688462
130 144 -1 -1 21.614201
144 154 -1 -1 33.456151
130 144 154 -1 54.767989
320 345 -1 -1 23.645373
197 203 -1 -1 27.636664
203 229 -1 -1 37.255348
197 203 229 -1 51.181505
285 290 -1 -1 16.949053
290 320 -1 -1 32.237392
109 130 -1 -1 27.121514
233 270 -1 -1 49.074102
88 109 -1 -1 24.399872
270 285 -1 -1 23.896187
345 360 -1 -1 34.290806
154 177 -1 -1 30.596133
177 197 -1 -1 50.011762
154 177 197 -1 53.221390
360 379 -1 -1 34.433555
144 156 -1 -1 16.292978
154 156 -1 -1 30.659004
144 154 156 -1 40.987846
233 259 -1 -1 45.014368
259 270 -1 -1 19.334171
233 259 270 -1 50.833502
229 259 -1 -1 31.627993
229 233 259 -1 45.014368
285 320 -1 -1 32.741636
285 290 320 -1 36.850790
177 203 -1 -1 36.823794
177 197 203 -1 51.003166
203 204 -1 -1 24.335590
204 229 -1 -1 28.505873
203 204 229 -1 41.425356
85 88 -1 -1 18.646533
156 177 -1 -1 22.983985
154 156 177 -1 33.467130
319 320 -1 -1 19.899039
319 345 -1 -1 23.185181
319 320 345 -1 29.986074
285 319 -1 -1 45.702654
285 319 320 -1 47.241900
319 360 -1 -1 35.849188
319 345 360 -1 40.641758
85 109 -1 -1 38.047219
85 88 109 -1 38.255932
103 109 -1 -1 28.791958
103 130 -1 -1 38.328448
103 109 130 -1 39.808429
85 103 -1 -1 25.965616
85 103 109 -1 41.619856
285 317 -1 -1 41.796976
317 319 -1 -1 20.838511
285 317 319 -1 48.151723
282 285 -1 -1 23.638015
282 317 -1 -1 39.725063
282 285 317 -1 44.371157
120 130 -1 -1 38.626508
103 120 -1 -1 25.431123
103 120 130 -1 41.527957
270 282 -1 -1 30.827530
270 282 285 -1 32.937681
177 204 -1 -1 47.660406
177 203 204 -1 47.739247
177 193 -1 -1 29.128008
193 204 -1 -1 26.022367
177 193 204 -1 47.660406
259 282 -1 -1 31.714093
259 270 282 -1 34.071843
282 294 -1 -1 20.759284
294 317 -1 -1 24.421224
282 294 317 -1 45.717053
319 352 -1 -1 30.669203
352 360 -1 -1 35.849699
319 352 360 -1 41.172729
120 144 -1 -1 37.934465
120 130 144 -1 49.850673
253 259 -1 -1 26.754675
253 282 -1 -1 28.112293
253 259 282 -1 33.684757
317 352 -1 -1 37.458796
317 319 352 -1 37.991720
360 380 -1 -1 36.361608
317 338 -1 -1 29.134127
338 352 -1 -1 19.166047
317 338 352 -1 37.458796
229 253 -1 -1 50.426258
229 253 259 -1 50.840020
177 179 -1 -1 32.437019
179 193 -1 -1 18.382447
177 179 193 -1 39.273932
120 137 -1 -1 25.682184
137 144 -1 -1 41.656277
120 137 144 -1 42.802444
204 224 -1 -1 36.030129
224 229 -1 -1 46.757777
204 224 229 -1 48.310422
137 156 -1 -1 41.674151
137 144 156 -1 43.012263
156 161 -1 -1 45.100306
161 177 -1 -1 44.272868
156 161 177 -1 45.235517
137 161 -1 -1 20.955057
137 156 161 -1 47.326737
161 179 -1 -1 21.696973
161 177 179 -1 44.518742
204 211 -1 -1 30.211004
211 224 -1 -1 20.019201
204 211 224 -1 37.532718
229 244 -1 -1 51.532044
244 253 -1 -1 21.705478
229 244 253 -1 53.174147
352 380 -1 -1 27.022916
352 360 380 -1 42.288703
224 244 -1 -1 22.416794
224 229 244 -1 52.109468
103 105 -1 -1 29.262448
193 211 -1 -1 29.166864
193 204 211 -1 36.724533
317 333 -1 -1 28.730527
333 338 -1 -1 10.955006
317 333 338 -1 30.561300
352 378 -1 -1 31.078431
378 380 -1 -1 23.755316
352 378 380 -1 33.573418
105 120 -1 -1 36.631692
103 105 120 -1 37.506926
352 357 -1 -1 22.732923
357 378 -1 -1 12.851091
352 357 378 -1 31.078431
278 282 -1 -1 34.437796
253 278 -1 -1 27.670024
253 278 282 -1 36.369264
313 317 -1 -1 30.344645
294 313 -1 -1 27.857565
294 313 317 -1 36.110521
313 333 -1 -1 26.942499
313 317 333 -1 33.177335
278 294 -1 -1 24.479097
278 282 294 -1 35.824077
378 386 -1 -1 7.654637
380 386 -1 -1 21.515961
378 380 386 -1 23.755316
386 394 -1 -1 23.492831
380 394 -1 -1 18.480432
380 386 394 -1 25.649244
394 397 -1 -1 5.039905
386 397 -1 -1 10.458425
386 394 397 -1 24.153173
179 211 -1 -1 38.603663
179 193 211 -1 38.628387
333 352 -1 -1 31.992020
333 338 352 -1 31.992020
333 357 -1 -1 20.440899
333 352 357 -1 34.063647
179 192 -1 -1 23.984469
192 211 -1 -1 31.353619
179 192 211 -1 40.197263
120 129 -1 -1 35.003984
129 137 -1 -1 30.718854
120 129 137 -1 36.233694
192 212 -1 -1 19.892156
211 212 -1 -1 22.841800
192 211 212 -1 35.153578
97 105 -1 -1 18.202007
105 112 -1 -1 29.137573
112 120 -1 -1 43.460131
105 112 120 -1 44.899690
112 129 -1 -1 17.302107
112 120 129 -1 43.460131
81 97 -1 -1 20.801327
385 397 -1 -1 21.638550
161 192 -1 -1 29.374165
161 179 192 -1 30.022110
385 386 -1 -1 20.754005
385 386 397 -1 22.723160
333 349 -1 -1 31.754973
349 357 -1 -1 21.784678
333 349 357 -1 32.140557
244 278 -1 -1 37.069163
244 253 278 -1 41.320961
97 112 -1 -1 20.091682
97 105 112 -1 31.305374
244 273 -1 -1 48.253000
273 278 -1 -1 25.959784
244 273 278 -1 48.981185
273 294 -1 -1 39.264094
273 278 294 -1 40.924383
313 349 -1 -1 38.557733
313 333 349 -1 39.176509
211 221 -1 -1 31.387250
221 224 -1 -1 31.854893
211 221 224 -1 35.656744
273 313 -1 -1 39.409427
273 294 313 -1 41.969749
349 378 -1 -1 23.788264
349 357 378 -1 24.837992
212 221 -1 -1 17.950588
211 212 221 -1 31.620262
378 385 -1 -1 26.080450
378 385 386 -1 26.734691
161 166 -1 -1 32.405658
166 192 -1 -1 35.273374
161 166 192 -1 40.686398
129 138 -1 -1 32.087169
137 138 -1 -1 36.157620
129 137 138 -1 43.390010
244 263 -1 -1 32.895934
263 273 -1 -1 30.506246
244 263 273 -1 48.253000
224 225 -1 -1 42.764984
221 225 -1 -1 17.754487
221 224 225 -1 42.764984
225 244 -1 -1 33.250629
224 225 244 -1 44.043326
312 313 -1 -1 26.330442
312 349 -1 -1 31.664495
312 313 349 -1 40.144095
244 255 -1 -1 31.504891
255 263 -1 -1 13.970730
244 255 263 -1 34.921753
273 312 -1 -1 47.935893
273 312 313 -1 49.303445
138 161 -1 -1 42.681543
137 138 161 -1 47.347671
225 255 -1 -1 21.912468
225 244 255 -1 34.759139
349 385 -1 -1 34.951704
349 378 385 -1 34.951704
112 132 -1 -1 19.521480
129 132 -1 -1 20.709753
112 129 132 -1 24.443987
97 108 -1 -1 40.858265
108 112 -1 -1 21.822110
97 108 112 -1 40.858265
138 166 -1 -1 29.259256
138 161 166 -1 47.551189
349 375 -1 -1 35.659085
375 385 -1 -1 21.546528
349 375 385 -1 37.675009
132 138 -1 -1 29.200102
129 132 138 -1 33.154753
81 108 -1 -1 40.600367
81 97 108 -1 43.105644
178 192 -1 -1 38.158011
178 212 -1 -1 40.267035
178 192 212 -1 41.361807
166 178 -1 -1 27.460497
166 178 192 -1 43.380033
81 91 -1 -1 25.366918
91 108 -1 -1 25.908220
81 91 108 -1 41.255431
273 307 -1 -1 38.557580
307 312 -1 -1 27.426324
273 307 312 -1 51.533872
108 132 -1 -1 23.872906
108 112 132 -1 32.770336
178 221 -1 -1 45.082164
178 212 221 -1 46.500981
349 366 -1 -1 45.747939
366 375 -1 -1 30.350747
349 366 375 -1 49.419361
312 366 -1 -1 47.304380
312 349 366 -1 51.531073
220 221 -1 -1 34.468170
220 225 -1 -1 24.737168
220 221 225 -1 36.972417
225 247 -1 -1 32.136537
247 255 -1 -1 22.176870
225 247 255 -1 34.175155
273 279 -1 -1 37.894995
279 307 -1 -1 33.698587
273 279 307 -1 50.063830
178 220 -1 -1 40.746251
178 220 221 -1 46.844806
263 279 -1 -1 36.604916
263 273 279 -1 40.511643
312 330 -1 -1 22.692125
307 330 -1 -1 18.416682
307 312 330 -1 29.017844
312 344 -1 -1 41.132149
344 366 -1 -1 18.592101
312 344 366 -1 48.676202
247 263 -1 -1 24.661818
247 255 263 -1 30.127946
220 247 -1 -1 31.454063
220 225 247 -1 35.501866
330 344 -1 -1 16.693205
312 330 344 -1 41.132149
375 395 -1 -1 26.394706
395 399 -1 -1 19.042981
375 399 -1 -1 45.761457
375 395 399 -1 45.841127
366 395 -1 -1 19.392322
366 375 395 -1 33.263223
247 279 -1 -1 36.611905
247 263 279 -1 38.698622
132 133 -1 -1 39.847189
108 133 -1 -1 41.397245
108 132 133 -1 42.498675
133 138 -1 -1 31.844358
132 133 138 -1 42.846778
133 166 -1 -1 44.294116
133 138 166 -1 44.294116
91 96 -1 -1 29.375530
96 108 -1 -1 40.021706
91 96 108 -1 40.359654
108 114 -1 -1 34.990580
96 114 -1 -1 19.329316
96 108 114 -1 40.762150
114 133 -1 -1 41.216058
108 114 133 -1 45.243918
178 217 -1 -1 44.953822
217 220 -1 -1 31.185815
178 217 220 -1 46.962133
133 178 -1 -1 61.486204
133 166 178 -1 61.626449
168 178 -1 -1 59.581044
133 168 -1 -1 59.182314
133 168 178 -1 62.289058
133 162 -1 -1 29.452693
162 168 -1 -1 13.104383
133 162 168 -1 59.182314
330 332 -1 -1 33.881630
332 344 -1 -1 23.410895
330 332 344 -1 36.366957
178 182 -1 -1 28.671033
168 182 -1 -1 44.039623
168 178 182 -1 59.581044
182 217 -1 -1 28.661387
178 182 217 -1 45.410473
114 122 -1 -1 19.097267
122 133 -1 -1 31.829094
114 122 133 -1 48.199206
307 332 -1 -1 37.705141
307 330 332 -1 38.058713
247 260 -1 -1 24.341564
260 279 -1 -1 40.610083
247 260 279 -1 42.990873
220 240 -1 -1 35.547148
240 247 -1 -1 29.000777
220 240 247 -1 39.903073
240 260 -1 -1 21.822362
240 247 260 -1 34.792757
307 309 -1 -1 26.921905
279 309 -1 -1 38.122508
279 307 309 -1 38.976339
307 329 -1 -1 29.631081
309 329 -1 -1 14.218669
307 309 329 -1 29.631081
329 332 -1 -1 10.462202
307 329 332 -1 38.399427
344 354 -1 -1 27.946784
354 366 -1 -1 25.666016
344 354 366 -1 29.698235
332 354 -1 -1 22.043792
332 344 354 -1 33.234435
182 185 -1 -1 20.364035
168 185 -1 -1 19.390853
168 182 185 -1 44.039623
217 240 -1 -1 34.340210
217 220 240 -1 37.978913
133 143 -1 -1 29.393084
143 162 -1 -1 16.697139
133 143 162 -1 39.488940
260 276 -1 -1 28.785378
276 279 -1 -1 35.944405
260 276 279 -1 42.660251
279 298 -1 -1 47.228399
298 309 -1 -1 22.227111
279 298 309 -1 47.274153
89 96 -1 -1 38.861586
276 298 -1 -1 37.933168
276 279 298 -1 48.458207
347 354 -1 -1 29.055001
347 366 -1 -1 54.946973
347 354 366 -1 54.946973
347 395 -1 -1 50.378455
347 366 395 -1 56.789120
347 399 -1 -1 51.347216
347 395 399 -1 53.595843
399 403 -1 -1 43.312291
240 243 -1 -1 22.710659
243 260 -1 -1 23.169049
240 243 260 -1 29.532811
298 329 -1 -1 22.570629
298 309 329 -1 31.446729
243 276 -1 -1 35.066460
243 260 276 -1 35.574256
347 403 -1 -1 35.895303
347 399 403 -1 54.896444
243 248 -1 -1 16.029551
248 276 -1 -1 28.029115
243 248 276 -1 35.066460
122 143 -1 -1 33.018136
122 133 143 -1 49.193848
217 234 -1 -1 37.833572
234 240 -1 -1 31.591534
217 234 240 -1 40.949350
168 186 -1 -1 27.968615
185 186 -1 -1 16.148038
168 185 186 -1 34.895310
234 243 -1 -1 21.842485
234 240 243 -1 31.739862
298 332 -1 -1 36.272220
298 329 332 -1 36.391999
89 114 -1 -1 44.436440
89 96 114 -1 46.065422
118 122 -1 -1 34.935875
118 143 -1 -1 49.971944
118 122 143 -1 52.751816
217 227 -1 -1 54.399698
227 234 -1 -1 19.487842
217 227 234 -1 55.138024
208 217 -1 -1 35.797214
208 227 -1 -1 24.759847
208 217 227 -1 54.399698
234 248 -1 -1 21.677149
234 243 248 -1 35.515856
182 208 -1 -1 52.721728
182 208 217 -1 52.721728
332 347 -1 -1 51.794784
332 347 354 -1 52.156966
182 186 -1 -1 52.699419
182 185 186 -1 52.699419
298 347 -1 -1 57.157994
298 332 347 -1 57.362971
186 208 -1 -1 32.946464
182 186 208 -1 55.666539
89 122 -1 -1 42.630988
89 114 122 -1 58.155133
276 277 -1 -1 27.364829
276 286 -1 -1 46.415673
277 286 -1 -1 16.837291
276 277 286 -1 46.415673
286 298 -1 -1 46.629192
276 286 298 -1 46.629192
298 299 -1 -1 23.207881
286 299 -1 -1 28.042987
286 298 299 -1 46.863081
89 118 -1 -1 40.541377
89 118 122 -1 45.334536
118 146 -1 -1 34.793028
143 146 -1 -1 32.898271
118 143 146 -1 52.358693
168 172 -1 -1 30.293840
172 186 -1 -1 13.448907
168 172 186 -1 31.229297
298 341 -1 -1 47.010277
341 347 -1 -1 26.348628
298 341 347 -1 61.279034
146 162 -1 -1 51.894331
143 146 162 -1 51.894331
146 168 -1 -1 36.007783
146 162 168 -1 52.697523
146 172 -1 -1 36.922827
146 168 172 -1 39.128220
248 277 -1 -1 28.936956
248 276 277 -1 43.380641
298 334 -1 -1 46.252806
334 341 -1 -1 20.423986
298 334 341 -1 48.151415
248 250 -1 -1 21.368321
234 250 -1 -1 28.288073
234 248 250 -1 31.982336
250 277 -1 -1 26.452463
248 250 277 -1 30.736622
146 165 -1 -1 15.427722
165 172 -1 -1 18.970962
146 165 172 -1 36.922827
299 334 -1 -1 36.722748
298 299 334 -1 46.252806
172 208 -1 -1 35.837441
172 186 208 -1 37.058530
347 398 -1 -1 43.551772
398 403 -1 -1 29.529468
347 398 403 -1 48.914379
250 264 -1 -1 17.487959
264 277 -1 -1 23.150685
250 264 277 -1 29.795449
347 372 -1 -1 31.587835
341 372 -1 -1 25.700101
341 347 372 -1 34.438483
372 398 -1 -1 29.148866
347 372 398 -1 43.551772
172 201 -1 -1 55.435598
201 208 -1 -1 36.692448
172 201 208 -1 58.260716
169 172 -1 -1 22.021295
169 201 -1 -1 35.405671
169 172 201 -1 55.799056
299 327 -1 -1 33.739111
327 334 -1 -1 21.626598
299 327 334 -1 43.124615
231 234 -1 -1 34.687056
231 250 -1 -1 22.501165
231 234 250 -1 35.203888
227 231 -1 -1 19.273633
227 231 234 -1 35.802304
165 169 -1 -1 19.271442
165 169 172 -1 22.829981
334 372 -1 -1 26.224288
334 341 372 -1 26.920446
299 315 -1 -1 39.331328
315 327 -1 -1 18.221125
299 315 327 -1 46.017675
299 300 -1 -1 26.983649
286 300 -1 -1 26.592900
286 299 300 -1 38.044035
300 315 -1 -1 11.541599
299 300 315 -1 39.331328
284 286 -1 -1 26.436660
284 300 -1 -1 17.686518
284 286 300 -1 30.959714
89 98 -1 -1 54.018325
98 118 -1 -1 55.125745
89 98 118 -1 59.546933
264 286 -1 -1 28.799090
264 277 286 -1 36.171380
372 389 -1 -1 19.606366
389 398 -1 -1 24.540898
372 389 398 -1 35.841977
118 134 -1 -1 39.079579
134 146 -1 -1 28.700991
118 134 146 -1 43.605002
264 284 -1 -1 27.664085
264 284 286 -1 33.275486
231 264 -1 -1 31.550022
231 250 264 -1 31.550022
98 124 -1 -1 34.222626
118 124 -1 -1 42.183464
98 118 124 -1 55.623985
124 134 -1 -1 25.938140
118 124 134 -1 45.695342
134 165 -1 -1 28.623522
134 146 165 -1 33.953831
134 169 -1 -1 36.706654
134 165 169 -1 39.739883
258 264 -1 -1 18.231116
231 258 -1 -1 27.261978
231 258 264 -1 31.769292
369 372 -1 -1 25.335010
369 389 -1 -1 19.271474
369 372 389 -1 27.210967
334 369 -1 -1 36.550863
334 369 372 -1 40.692164
201 227 -1 -1 43.227603
201 208 227 -1 56.891123
201 231 -1 -1 43.818127
201 227 231 -1 44.868076
264 266 -1 -1 26.761500
266 284 -1 -1 24.203364
264 266 284 -1 33.030732
258 266 -1 -1 17.472131
258 264 266 -1 26.970868
201 226 -1 -1 40.618186
226 231 -1 -1 24.607691
201 226 231 -1 43.818127
169 171 -1 -1 23.438034
134 171 -1 -1 30.493433
134 169 171 -1 37.581178
226 258 -1 -1 31.451494
226 231 258 -1 34.735113
369 396 -1 -1 15.544509
389 396 -1 -1 9.472268
369 389 396 -1 19.271474
334 350 -1 -1 33.334371
350 369 -1 -1 16.483437
334 350 369 -1 37.404994
327 350 -1 -1 28.155808
327 334 350 -1 34.888081
396 398 -1 -1 35.686030
389 396 398 -1 35.686030
396 400 -1 -1 11.414505
398 400 -1 -1 37.183444
396 398 400 -1 37.183444
171 201 -1 -1 37.399666
169 171 201 -1 39.934798
323 327 -1 -1 26.805205
323 350 -1 -1 23.358558
323 327 350 -1 34.921995
134 157 -1 -1 30.636655
157 171 -1 -1 27.803404
134 157 171 -1 35.178752
201 214 -1 -1 43.743896
214 226 -1 -1 37.894428
201 214 226 -1 49.453290
266 280 -1 -1 27.181430
280 284 -1 -1 27.616632
266 280 284 -1 30.395842
369 392 -1 -1 22.920691
392 396 -1 -1 21.311516
369 392 396 -1 22.920691
392 400 -1 -1 16.058139
392 396 400 -1 29.015586
124 140 -1 -1 34.209330
134 140 -1 -1 28.142823
124 134 140 -1 37.032040
226 266 -1 -1 40.755060
226 258 266 -1 40.755060
140 157 -1 -1 14.192502
134 140 157 -1 31.902664
171 174 -1 -1 18.603020
157 174 -1 -1 29.433107
157 171 174 -1 37.691007
315 323 -1 -1 31.859587
315 323 327 -1 44.259400
280 300 -1 -1 40.481748
280 284 300 -1 40.641799
226 245 -1 -1 32.106688
245 266 -1 -1 35.685466
226 245 266 -1 42.792283
174 201 -1 -1 43.266384
171 174 201 -1 43.822472
280 315 -1 -1 35.804972
280 300 315 -1 46.134014
308 315 -1 -1 48.229525
308 323 -1 -1 28.017513
308 315 323 -1 48.229525
350 355 -1 -1 28.888845
355 369 -1 -1 36.400789
350 355 369 -1 37.383387
280 308 -1 -1 38.649016
280 308 315 -1 52.343975
323 355 -1 -1 27.883212
323 350 355 -1 35.658902
355 392 -1 -1 34.539047
355 369 392 -1 39.361879
245 280 -1 -1 38.893294
245 266 280 -1 41.762193
188 201 -1 -1 51.766460
174 188 -1 -1 25.223646
174 188 201 -1 52.591086
214 245 -1 -1 39.326894
214 226 245 -1 43.496872
188 214 -1 -1 38.572025
188 201 214 -1 52.643545
98 113 -1 -1 44.885797
113 124 -1 -1 36.990112
98 113 124 -1 46.395215
140 141 -1 -1 21.449948
141 157 -1 -1 21.379195
140 141 157 -1 22.282755
141 174 -1 -1 29.216054
141 157 174 -1 30.128586
382 392 -1 -1 21.097577
245 271 -1 -1 34.923641
271 280 -1 -1 22.436620
245 271 280 -1 40.680401
355 382 -1 -1 26.536076
355 382 392 -1 34.686796
113 140 -1 -1 37.793206
113 124 140 -1 50.994277
113 141 -1 -1 35.568959
113 140 141 -1 37.793206
82 98 -1 -1 52.277231
308 355 -1 -1 42.978964
308 323 355 -1 43.229995
141 151 -1 -1 19.516874
151 174 -1 -1 35.682319
141 151 174 -1 39.680957
151 188 -1 -1 35.012027
151 174 188 -1 39.269144
271 308 -1 -1 40.250004
271 280 308 -1 40.272613
355 364 -1 -1 23.965020
364 382 -1 -1 16.419413
355 364 382 -1 32.207672
82 113 -1 -1 42.958633
82 98 113 -1 63.283496
188 209 -1 -1 37.322524
209 214 -1 -1 38.680279
188 209 214 -1 42.404140
82 92 -1 -1 19.082585
92 113 -1 -1 39.142286
82 92 113 -1 42.958633
245 257 -1 -1 33.561792
257 271 -1 -1 23.446935
245 257 271 -1 41.578004
113 151 -1 -1 44.282806
113 141 151 -1 44.282806
188 198 -1 -1 24.713585
198 209 -1 -1 17.214771
188 198 209 -1 37.322524
214 241 -1 -1 52.883330
241 245 -1 -1 40.527110
214 241 245 -1 56.584670
214 237 -1 -1 42.817395
237 241 -1 -1 14.546188
214 237 241 -1 53.602710
241 257 -1 -1 27.136086
241 245 257 -1 40.987089
113 136 -1 -1 35.819899
136 151 -1 -1 31.374211
113 136 151 -1 45.671336
214 223 -1 -1 42.227802
223 237 -1 -1 11.409382
214 223 237 -1 43.485280
303 308 -1 -1 28.590808
303 355 -1 -1 56.328962
303 308 355 -1 62.205213
355 361 -1 -1 45.397252
303 361 -1 -1 52.476578
303 355 361 -1 57.198499
361 364 -1 -1 26.403183
355 361 364 -1 45.397252
209 223 -1 -1 19.721732
209 214 223 -1 43.095132
271 303 -1 -1 53.807169
271 303 308 -1 54.729721
257 274 -1 -1 30.279659
271 274 -1 -1 44.547292
257 271 274 -1 48.985209
274 303 -1 -1 48.796682
271 274 303 -1 54.925410
151 184 -1 -1 28.445362
184 188 -1 -1 42.929829
151 184 188 -1 45.551327
188 196 -1 -1 40.157036
184 196 -1 -1 13.341645
184 188 196 -1 43.101551
196 198 -1 -1 17.910484
188 196 198 -1 40.157036
113 117 -1 -1 31.161341
92 117 -1 -1 32.645383
92 113 117 -1 43.029301
117 136 -1 -1 20.427949
113 117 136 -1 37.014234
136 155 -1 -1 18.943801
151 155 -1 -1 22.941031
136 151 155 -1 32.523492
151 170 -1 -1 26.672630
170 184 -1 -1 10.784419
151 170 184 -1 29.909448
155 170 -1 -1 14.338157
151 155 170 -1 30.133549
361 391 -1 -1 27.023498
92 116 -1 -1 35.166431
116 117 -1 -1 15.101712
92 116 117 -1 37.204651
92 100 -1 -1 20.922562
100 116 -1 -1 19.490358
92 100 116 -1 35.166431
209 222 -1 -1 22.054752
222 223 -1 -1 19.561108
209 222 223 -1 22.827674
241 265 -1 -1 30.496443
257 265 -1 -1 28.966392
241 257 265 -1 33.236427
196 209 -1 -1 31.872306
196 198 209 -1 31.872306
265 274 -1 -1 31.918174
257 265 274 -1 43.980463
241 246 -1 -1 22.801632
246 265 -1 -1 17.816910
241 246 265 -1 31.591611
303 304 -1 -1 26.417801
304 361 -1 -1 52.292955
303 304 361 -1 60.600940
184 189 -1 -1 19.239186
189 196 -1 -1 14.762623
184 189 196 -1 19.275114
189 209 -1 -1 35.712478
189 196 209 -1 36.437528
222 237 -1 -1 27.594183
222 223 237 -1 27.986437
209 215 -1 -1 29.304471
215 222 -1 -1 22.619204
209 215 222 -1 29.531745
194 209 -1 -1 37.493101
189 194 -1 -1 23.649841
189 194 209 -1 37.955393
304 359 -1 -1 43.507475
359 361 -1 -1 31.912189
304 359 361 -1 54.280756
170 189 -1 -1 22.716394
170 184 189 -1 24.752760
237 239 -1 -1 33.561368
222 239 -1 -1 31.146727
222 237 239 -1 33.644745
239 241 -1 -1 33.551117
237 239 241 -1 34.155881
361 381 -1 -1 34.880656
381 391 -1 -1 17.588404
361 381 391 -1 40.376120
158 170 -1 -1 23.419847
158 189 -1 -1 22.164815
158 170 189 -1 27.840275
274 304 -1 -1 55.558570
274 303 304 -1 56.624386
222 232 -1 -1 24.388647
232 239 -1 -1 13.521189
222 232 239 -1 32.954479
359 381 -1 -1 22.761809
359 361 381 -1 41.019972
194 215 -1 -1 27.103409
194 209 215 -1 39.291838
155 158 -1 -1 29.032057
155 158 170 -1 29.154232
239 246 -1 -1 16.172902
239 241 246 -1 35.687126
100 104 -1 -1 15.874110
104 116 -1 -1 17.664262
100 104 116 -1 21.991554
215 232 -1 -1 23.082308
215 222 232 -1 27.072037
116 123 -1 -1 23.069296
117 123 -1 -1 41.838487
116 117 123 -1 41.838487
123 136 -1 -1 40.250759
117 123 136 -1 43.243482
158 194 -1 -1 25.077890
158 189 194 -1 29.922116
104 123 -1 -1 25.154010
104 116 123 -1 25.206819
81 -1 -1 -1 0.000000
82 -1 -1 -1 0.000000
85 -1 -1 -1 0.000000
88 -1 -1 -1 0.000000
89 -1 -1 -1 0.000000
91 -1 -1 -1 0.000000
92 -1 -1 -1 0.000000
96 -1 -1 -1 0.000000
97 -1 -1 -1 0.000000
98 -1 -1 -1 0.000000
100 -1 -1 -1 0.000000
103 -1 -1 -1 0.000000
104 -1 -1 -1 0.000000
105 -1 -1 -1 0.000000
108 -1 -1 -1 0.000000
109 -1 -1 -1 0.000000
112 -1 -1 -1 0.000000
113 -1 -1 -1 0.000000
114 -1 -1 -1 0.000000
116 -1 -1 -1 0.000000
117 -1 -1 -1 0.000000
118 -1 -1 -1 0.000000
120 -1 -1 -1 0.000000
122 -1 -1 -1 0.000000
123 -1 -1 -1 0.000000
124 -1 -1 -1 0.000000
129 -1 -1 -1 0.000000
130 -1 -1 -1 0.000000
132 -1 -1 -1 0.000000
133 -1 -1 -1 0.000000
134 -1 -1 -1 0.000000
136 -1 -1 -1 0.000000
137 -1 -1 -1 0.000000
138 -1 -1 -1 0.000000
140 -1 -1 -1 0.000000
141 -1 -1 -1 0.000000
143 -1 -1 -1 0.000000
144 -1 -1 -1 0.000000
146 -1 -1 -1 0.000000
151 -1 -1 -1 0.000000
154 -1 -1 -1 0.000000
155 -1 -1 -1 0.000000
156 -1 -1 -1 0.000000
157 -1 -1 -1 0.000000
158 -1 -1 -1 0.000000
161 -1 -1 -1 0.000000
162 -1 -1 -1 0.000000
165 -1 -1 -1 0.000000
166 -1 -1 -1 0.000000
168 -1 -1 -1 0.000000
169 -1 -1 -1 0.000000
170 -1 -1 -1 0.000000
171 -1 -1 -1 0.000000
172 -1 -1 -1 0.000000
174 -1 -1 -1 0.000000
177 -1 -1 -1 0.000000
178 -1 -1 -1 0.000000
179 -1 -1 -1 0.000000
182 -1 -1 -1 0.000000
184 -1 -1 -1 0.000000
185 -1 -1 -1 0.000000
186 -1 -1 -1 0.000000
188 -1 -1 -1 0.000000
189 -1 -1 -1 0.000000
192 -1 -1 -1 0.000000
193 -1 -1 -1 0.000000
194 -1 -1 -1 0.000000
196 -1 -1 -1 0.000000
197 -1 -1 -1 0.000000
198 -1 -1 -1 0.000000
201 -1 -1 -1 0.000000
203 -1 -1 -1 0.000000
204 -1 -1 -1 0.000000
208 -1 -1 -1 0.000000
209 -1 -1 -1 0.000000
211 -1 -1 -1 0.000000
212 -1 -1 -1 0.000000
214 -1 -1 -1 0.000000
215 -1 -1 -1 0.000000
217 -1 -1 -1 0.000000
220 -1 -1 -1 0.000000
221 -1 -1 -1 0.000000
222 -1 -1 -1 0.000000
223 -1 -1 -1 0.000000
224 -1 -1 -1 0.000000
225 -1 -1 -1 0.000000
226 -1 -1 -1 0.000000
227 -1 -1 -1 0.000000
229 -1 -1 -1 0.000000
231 -1 -1 -1 0.000000
232 -1 -1 -1 0.000000
233 -1 -1 -1 0.000000
234 -1 -1 -1 0.000000
237 -1 -1 -1 0.000000
239 -1 -1 -1 0.000000
240 -1 -1 -1 0.000000
241 -1 -1 -1 0.000000
243 -1 -1 -1 0.000000
244 -1 -1 -1 0.000000
245 -1 -1 -1 0.000000
246 -1 -1 -1 0.000000
247 -1 -1 -1 0.000000
248 -1 -1 -1 0.000000
250 -1 -1 -1 0.000000
253 -1 -1 -1 0.000000
255 -1 -1 -1 0.000000
257 -1 -1 -1 0.000000
258 -1 -1 -1 0.000000
259 -1 -1 -1 0.000000
260 -1 -1 -1 0.000000
263 -1 -1 -1 0.000000
264 -1 -1 -1 0.000000
265 -1 -1 -1 0.000000
266 -1 -1 -1 0.000000
270 -1 -1 -1 0.000000
271 -1 -1 -1 0.000000
273 -1 -1 -1 0.000000
274 -1 -1 -1 0.000000
276 -1 -1 -1 0.000000
277 -1 -1 -1 0.000000
278 -1 -1 -1 0.000000
279 -1 -1 -1 0.000000
280 -1 -1 -1 0.000000
282 -1 -1 -1 0.000000
284 -1 -1 -1 0.000000
285 -1 -1 -1 0.000000
286 -1 -1 -1 0.000000
290 -1 -1 -1 0.000000
294 -1 -1 -1 0.000000
298 -1 -1 -1 0.000000
299 -1 -1 -1 0.000000
300 -1 -1 -1 0.000000
303 -1 -1 -1 0.000000
304 -1 -1 -1 0.000000
307 -1 -1 -1 0.000000
308 -1 -1 -1 0.000000
309 -1 -1 -1 0.000000
312 -1 -1 -1 0.000000
313 -1 -1 -1 0.000000
315 -1 -1 -1 0.000000
317 -1 -1 -1 0.000000
319 -1 -1 -1 0.000000
320 -1 -1 -1 0.000000
323 -1 -1 -1 0.000000
327 -1 -1 -1 0.000000
329 -1 -1 -1 0.000000
330 -1 -1 -1 0.000000
332 -1 -1 -1 0.000000
333 -1 -1 -1 0.000000
334 -1 -1 -1 0.000000
338 -1 -1 -1 0.000000
341 -1 -1 -1 0.000000
344 -1 -1 -1 0.000000
345 -1 -1 -1 0.000000
347 -1 -1 -1 0.000000
349 -1 -1 -1 0.000000
350 -1 -1 -1 0.000000
352 -1 -1 -1 0.000000
354 -1 -1 -1 0.000000
355 -1 -1 -1 0.000000
357 -1 -1 -1 0.000000
359 -1 -1 -1 0.000000
360 -1 -1 -1 0.000000
361 -1 -1 -1 0.000000
364 -1 -1 -1 0.000000
366 -1 -1 -1 0.000000
369 -1 -1 -1 0.000000
372 -1 -1 -1 0.000000
375 -1 -1 -1 0.000000
378 -1 -1 -1 0.000000
379 -1 -1 -1 0.000000
380 -1 -1 -1 0.000000
381 -1 -1 -1 0.000000
382 -1 -1 -1 0.000000
385 -1 -1 -1 0.000000
386 -1 -1 -1 0.000000
389 -1 -1 -1 0.000000
391 -1 -1 -1 0.000000
392 -1 -1 -1 0.000000
394 -1 -1 -1 0.000000
395 -1 -1 -1 0.000000
396 -1 -1 -1 0.000000
397 -1 -1 -1 0.000000
398 -1 -1 -1 0.000000
399 -1 -1 -1 0.000000
400 -1 -1 -1 0.000000
403 -1 -1 -1 0.000000
