338 366 -1 -1 37.170702
202 214 -1 -1 21.381052
214 233 -1 -1 17.873706
251 267 -1 -1 22.207067
202 208 -1 -1 11.794895
208 214 -1 -1 15.347008
202 208 214 -1 23.399969
188 202 -1 -1 17.412948
233 251 -1 -1 18.003988
267 301 -1 -1 31.103022
109 127 -1 -1 23.259073
267 272 -1 -1 15.634374
272 301 -1 -1 22.286548
267 272 301 -1 31.103022
301 324 -1 -1 19.828772
324 338 -1 -1 31.980055
366 397 -1 -1 46.772821
157 188 -1 -1 32.202507
127 157 -1 -1 31.099028
251 272 -1 -1 27.713887
251 267 272 -1 28.349817
338 342 -1 -1 36.975943
342 366 -1 -1 54.060424
338 342 366 -1 54.587130
207 214 -1 -1 21.838499
207 208 -1 -1 12.674713
207 208 214 -1 21.943196
207 233 -1 -1 29.403346
207 214 233 -1 30.428871
366 380 -1 -1 39.869191
380 397 -1 -1 25.224145
366 380 397 -1 51.489707
127 132 -1 -1 25.012370
132 157 -1 -1 27.526095
127 132 157 -1 31.829478
232 233 -1 -1 19.414099
207 232 -1 -1 23.365469
207 232 233 -1 30.296459
232 251 -1 -1 22.134439
232 233 251 -1 23.616927
109 132 -1 -1 23.153026
109 127 132 -1 32.759330
251 263 -1 -1 19.407216
263 272 -1 -1 17.463124
251 263 272 -1 29.312832
342 380 -1 -1 37.358908
342 366 380 -1 56.888508
157 160 -1 -1 11.500364
160 188 -1 -1 33.995904
157 160 188 -1 35.387693
272 285 -1 -1 13.589926
285 301 -1 -1 21.105085
272 285 301 -1 23.328908
160 179 -1 -1 22.693691
179 188 -1 -1 22.970049
160 179 188 -1 34.069313
188 208 -1 -1 27.442179
188 202 208 -1 30.994963
132 160 -1 -1 25.888469
132 157 160 -1 31.303325
232 237 -1 -1 15.914019
237 251 -1 -1 30.983722
232 237 251 -1 32.061806
263 285 -1 -1 20.676033
263 272 285 -1 22.589349
188 207 -1 -1 34.370579
188 207 208 -1 34.370579
237 263 -1 -1 23.115297
237 251 263 -1 32.692506
263 264 -1 -1 11.977563
264 285 -1 -1 17.478698
263 264 285 -1 26.982669
278 285 -1 -1 16.056669
278 301 -1 -1 33.576416
278 285 301 -1 33.576416
188 200 -1 -1 47.290353
200 207 -1 -1 38.166547
188 200 207 -1 47.673289
179 200 -1 -1 31.820837
179 188 200 -1 48.604083
132 146 -1 -1 16.980728
146 160 -1 -1 19.914485
132 146 160 -1 26.232251
324 342 -1 -1 41.627394
324 338 342 -1 50.304770
109 111 -1 -1 18.813458
111 132 -1 -1 25.012886
109 111 132 -1 28.184898
207 215 -1 -1 31.819553
215 232 -1 -1 23.788751
207 215 232 -1 33.585383
301 304 -1 -1 32.778971
278 304 -1 -1 26.585061
278 301 304 -1 37.139404
200 215 -1 -1 21.515336
200 207 215 -1 41.503254
304 324 -1 -1 31.539301
301 304 324 -1 36.036245
237 264 -1 -1 22.851510
237 263 264 -1 23.452688
146 165 -1 -1 17.083476
160 165 -1 -1 21.578217
146 160 165 -1 24.602018
165 179 -1 -1 25.815736
160 165 179 -1 32.621128
304 342 -1 -1 45.839000
304 324 342 -1 48.268744
215 237 -1 -1 27.243149
215 232 237 -1 27.903823
264 278 -1 -1 22.743800
264 278 285 -1 28.558264
230 237 -1 -1 28.717397
230 264 -1 -1 43.719936
230 237 264 -1 43.763940
144 146 -1 -1 13.483111
144 165 -1 -1 21.124370
144 146 165 -1 25.094381
179 180 -1 -1 23.614332
180 200 -1 -1 24.239947
179 180 200 -1 31.820837
165 180 -1 -1 27.414673
165 179 180 -1 30.414965
110 132 -1 -1 34.234778
110 111 -1 -1 18.257884
110 111 132 -1 36.837534
264 270 -1 -1 34.951646
230 270 -1 -1 28.257300
230 264 270 -1 49.223333
270 278 -1 -1 27.714710
264 270 278 -1 34.951646
342 375 -1 -1 39.788446
375 380 -1 -1 26.930430
342 375 380 -1 40.918200
132 144 -1 -1 36.240243
110 144 -1 -1 33.302404
110 132 144 -1 36.366206
132 144 146 -1 36.240243
375 397 -1 -1 45.497894
375 380 397 -1 51.635040
304 326 -1 -1 33.540375
326 342 -1 -1 42.190385
304 326 342 -1 48.613963
215 230 -1 -1 32.937426
215 230 237 -1 35.908203
390 397 -1 -1 48.744758
375 390 -1 -1 20.773547
375 390 397 -1 51.413222
144 159 -1 -1 12.873215
159 165 -1 -1 18.619932
144 159 165 -1 22.454227
278 287 -1 -1 28.184468
270 287 -1 -1 18.390546
270 278 287 -1 29.872210
287 304 -1 -1 35.873341
278 287 304 -1 41.304370
103 110 -1 -1 27.562168
165 173 -1 -1 27.969127
173 180 -1 -1 21.916684
159 173 -1 -1 20.444755
159 180 -1 -1 34.064056
165 173 180 -1 34.064056
159 165 173 -1 27.969127
159 165 180 -1 34.064056
159 173 180 -1 34.064056
159 165 173 180 34.064056
110 141 -1 -1 31.870049
141 144 -1 -1 20.814332
110 141 144 -1 35.273489
144 150 -1 -1 14.273244
141 150 -1 -1 6.752217
141 144 150 -1 21.268630
150 159 -1 -1 13.914365
144 150 159 -1 23.632671
342 356 -1 -1 45.442494
356 375 -1 -1 30.632965
342 356 375 -1 48.417824
304 317 -1 -1 31.588751
317 326 -1 -1 20.990648
304 317 326 -1 39.570034
110 128 -1 -1 29.169652
128 141 -1 -1 22.954783
110 128 141 -1 37.073371
150 162 -1 -1 11.215548
159 162 -1 -1 9.698313
150 159 162 -1 16.794367
180 184 -1 -1 36.773806
184 200 -1 -1 46.289261
180 184 200 -1 46.628162
326 356 -1 -1 39.708208
326 342 356 -1 49.835642
162 173 -1 -1 17.653320
159 162 173 -1 21.232396
287 317 -1 -1 27.548641
287 304 317 -1 38.758730
209 215 -1 -1 43.233350
209 230 -1 -1 37.982359
209 215 230 -1 45.568551
200 209 -1 -1 43.465508
200 209 215 -1 47.256934
103 128 -1 -1 28.085613
103 110 128 -1 34.191333
173 184 -1 -1 34.404340
173 180 184 -1 38.641923
184 209 -1 -1 30.091378
184 200 209 -1 51.370210
390 406 -1 -1 43.142282
356 390 -1 -1 45.324799
356 375 390 -1 45.324799
287 291 -1 -1 17.199097
291 317 -1 -1 25.230030
287 291 317 -1 29.929681
141 154 -1 -1 13.752979
150 154 -1 -1 21.979726
141 150 154 -1 24.219505
154 162 -1 -1 16.105368
150 154 162 -1 23.108846
356 391 -1 -1 31.216721
390 391 -1 -1 28.607802
356 390 391 -1 46.341603
391 406 -1 -1 22.428711
390 391 406 -1 43.925586
128 154 -1 -1 20.441493
128 141 154 -1 24.048556
151 162 -1 -1 23.914725
151 154 -1 -1 11.099500
151 154 162 -1 23.914725
151 173 -1 -1 24.790522
151 162 173 -1 26.176287
209 236 -1 -1 29.710052
230 236 -1 -1 36.780167
209 230 236 -1 40.931029
230 256 -1 -1 37.271648
256 270 -1 -1 29.129481
230 256 270 -1 38.484757
256 287 -1 -1 32.543292
256 270 287 -1 34.399040
236 256 -1 -1 28.079833
230 236 256 -1 40.108006
256 291 -1 -1 26.232635
256 287 291 -1 32.543292
326 350 -1 -1 48.640910
350 356 -1 -1 25.726759
326 350 356 -1 49.043964
166 173 -1 -1 35.071905
151 166 -1 -1 34.491468
151 166 173 -1 37.354880
166 184 -1 -1 34.344205
166 173 184 -1 41.962367
291 312 -1 -1 19.358162
312 317 -1 -1 21.578832
291 312 317 -1 27.289301
312 328 -1 -1 19.434216
317 328 -1 -1 21.347090
312 317 328 -1 26.479472
326 328 -1 -1 40.369335
317 326 328 -1 40.893205
128 151 -1 -1 24.960605
128 151 154 -1 24.960605
328 350 -1 -1 43.892922
326 328 350 -1 50.660089
236 241 -1 -1 13.288272
241 256 -1 -1 22.643580
236 241 256 -1 29.493449
103 115 -1 -1 41.257303
115 128 -1 -1 34.425674
103 115 128 -1 42.177560
151 152 -1 -1 35.834729
152 166 -1 -1 22.400549
151 152 166 -1 38.655603
256 289 -1 -1 28.397304
289 291 -1 -1 18.098726
256 289 291 -1 29.537782
289 312 -1 -1 17.899926
289 291 312 -1 24.015591
328 340 -1 -1 15.971516
340 350 -1 -1 41.947773
328 340 350 -1 43.892922
340 348 -1 -1 18.032743
348 350 -1 -1 21.269240
340 348 350 -1 41.947773
128 152 -1 -1 43.874459
115 151 -1 -1 39.747981
115 152 -1 -1 33.568101
115 128 151 -1 39.747981
115 128 152 -1 43.874459
128 151 152 -1 43.874459
115 151 152 -1 43.874459
115 128 151 152 43.874459
241 245 -1 -1 15.238172
245 256 -1 -1 26.012619
241 245 256 -1 27.713398
92 115 -1 -1 31.233145
184 198 -1 -1 36.607614
198 209 -1 -1 34.010349
184 198 209 -1 52.066481
312 313 -1 -1 16.819187
313 328 -1 -1 23.655455
312 313 328 -1 24.558651
256 276 -1 -1 32.154727
276 289 -1 -1 21.275415
256 276 289 -1 33.940305
198 236 -1 -1 35.191787
198 209 236 -1 41.677820
356 376 -1 -1 62.849284
376 391 -1 -1 45.170036
350 391 -1 -1 50.782695
350 376 -1 -1 40.090475
356 376 391 -1 62.849284
350 356 391 -1 62.849284
350 356 376 -1 62.849284
350 376 391 -1 50.782695
350 356 376 391 62.849284
289 313 -1 -1 22.526258
289 312 313 -1 24.688306
328 335 -1 -1 21.072872
335 340 -1 -1 10.998870
328 335 340 -1 21.314997
289 307 -1 -1 18.550501
307 313 -1 -1 15.892652
289 307 313 -1 22.526258
245 276 -1 -1 23.760692
245 256 276 -1 34.406971
313 335 -1 -1 15.518120
313 328 335 -1 27.347694
376 406 -1 -1 44.416001
376 391 406 -1 46.052404
276 307 -1 -1 23.851489
276 289 307 -1 26.855948
166 198 -1 -1 50.379582
166 184 198 -1 57.187574
198 241 -1 -1 44.619132
198 236 241 -1 44.619132
313 332 -1 -1 23.578096
332 335 -1 -1 19.782084
313 332 335 -1 25.484367
340 343 -1 -1 23.594620
335 343 -1 -1 22.662225
335 340 343 -1 25.297085
343 348 -1 -1 18.282905
340 343 348 -1 23.594620
166 171 -1 -1 41.248556
171 198 -1 -1 52.362259
166 171 198 -1 52.381775
171 199 -1 -1 39.454105
198 199 -1 -1 25.122482
171 198 199 -1 52.362259
311 313 -1 -1 20.393035
307 311 -1 -1 15.669684
307 311 313 -1 20.483041
231 241 -1 -1 34.391030
198 231 -1 -1 41.418124
198 231 241 -1 46.711451
231 245 -1 -1 23.176570
231 241 245 -1 34.391030
311 332 -1 -1 16.845846
311 313 332 -1 23.578096
332 343 -1 -1 16.267183
332 335 343 -1 23.776500
245 260 -1 -1 24.867134
260 276 -1 -1 22.557569
245 260 276 -1 28.308233
152 171 -1 -1 38.964343
152 166 171 -1 45.067942
199 231 -1 -1 33.528481
198 199 231 -1 46.443800
348 369 -1 -1 41.255491
350 369 -1 -1 41.627581
348 350 369 -1 42.240621
369 376 -1 -1 36.163383
350 369 376 -1 46.987066
348 349 -1 -1 28.799562
349 369 -1 -1 15.904390
348 349 369 -1 41.255491
245 253 -1 -1 23.614660
253 260 -1 -1 14.343945
245 253 260 -1 27.484407
231 253 -1 -1 17.958864
231 245 253 -1 24.169507
343 349 -1 -1 17.844422
343 348 349 -1 29.536480
92 93 -1 -1 18.329906
93 115 -1 -1 41.404345
92 93 115 -1 43.277767
115 156 -1 -1 47.164400
152 156 -1 -1 38.699182
115 152 156 -1 50.900331
276 281 -1 -1 21.838776
281 307 -1 -1 23.520294
276 281 307 -1 31.070454
115 147 -1 -1 43.080738
147 156 -1 -1 18.851947
115 147 156 -1 48.509765
156 171 -1 -1 34.595458
152 156 171 -1 47.368058
93 102 -1 -1 15.541937
102 115 -1 -1 37.171400
93 102 115 -1 44.218304
281 311 -1 -1 25.686470
281 307 311 -1 26.866573
260 281 -1 -1 22.979381
260 276 281 -1 26.148997
115 135 -1 -1 40.683864
135 147 -1 -1 8.484139
115 135 147 -1 43.399671
115 121 -1 -1 39.181084
102 121 -1 -1 18.375335
102 115 121 -1 39.911684
121 135 -1 -1 13.387455
115 121 135 -1 40.683864
281 309 -1 -1 28.743595
309 311 -1 -1 20.162297
281 309 311 -1 34.706561
231 250 -1 -1 29.191975
250 253 -1 -1 15.566632
231 250 253 -1 31.201057
309 332 -1 -1 27.680874
309 311 332 -1 28.370679
199 218 -1 -1 30.587803
218 231 -1 -1 31.153982
199 218 231 -1 34.707909
218 250 -1 -1 27.987695
218 231 250 -1 35.389006
334 343 -1 -1 27.296750
334 349 -1 -1 24.324765
334 343 349 -1 29.418227
332 334 -1 -1 28.637596
332 334 343 -1 29.978545
309 334 -1 -1 25.856733
309 332 334 -1 32.152528
260 261 -1 -1 23.722895
261 281 -1 -1 28.340227
260 261 281 -1 29.109705
281 284 -1 -1 16.391192
261 284 -1 -1 23.075094
261 281 284 -1 28.775665
171 186 -1 -1 33.990088
186 199 -1 -1 40.704345
171 186 199 -1 48.997972
284 309 -1 -1 29.740568
281 284 309 -1 31.186936
369 373 -1 -1 21.311882
373 376 -1 -1 41.144564
369 373 376 -1 43.263206
186 218 -1 -1 36.297135
186 199 218 -1 42.632068
250 260 -1 -1 33.656313
250 253 260 -1 33.656313
284 302 -1 -1 22.320625
302 309 -1 -1 20.218179
284 302 309 -1 30.803525
250 261 -1 -1 18.334566
250 260 261 -1 36.270909
284 292 -1 -1 9.195140
261 292 -1 -1 22.998470
261 284 292 -1 23.895065
292 302 -1 -1 22.639123
284 292 302 -1 24.143709
334 345 -1 -1 20.659881
345 349 -1 -1 29.516788
334 345 349 -1 34.134340
345 369 -1 -1 31.470891
345 349 369 -1 35.487965
106 121 -1 -1 26.671357
373 382 -1 -1 21.998592
261 273 -1 -1 16.705922
273 292 -1 -1 22.810819
261 273 292 -1 24.317619
302 334 -1 -1 31.805620
302 309 334 -1 33.983079
345 373 -1 -1 35.940268
345 369 373 -1 35.940268
273 302 -1 -1 25.847151
273 292 302 -1 27.545012
120 121 -1 -1 28.276601
106 120 -1 -1 24.098053
106 120 121 -1 32.153617
140 156 -1 -1 35.519405
140 171 -1 -1 50.884304
140 156 171 -1 51.431236
345 362 -1 -1 25.606917
362 373 -1 -1 26.648360
345 362 373 -1 36.448587
120 135 -1 -1 28.069256
120 121 135 -1 32.032668
250 254 -1 -1 37.491995
254 261 -1 -1 26.870706
250 254 261 -1 37.491995
218 223 -1 -1 30.771780
223 250 -1 -1 39.773245
218 223 250 -1 39.773245
223 254 -1 -1 20.802527
223 250 254 -1 41.579071
302 333 -1 -1 32.632739
333 334 -1 -1 24.442666
302 333 334 -1 36.604279
293 302 -1 -1 21.165637
293 333 -1 -1 31.744317
293 302 333 -1 39.539971
333 345 -1 -1 22.441635
333 334 345 -1 28.090257
140 147 -1 -1 36.245359
140 147 156 -1 44.031748
273 293 -1 -1 28.088790
273 293 302 -1 30.032062
345 352 -1 -1 16.302854
333 352 -1 -1 17.476987
333 345 352 -1 23.763117
140 186 -1 -1 56.708179
140 171 186 -1 57.571575
186 223 -1 -1 43.437375
186 218 223 -1 44.878978
135 140 -1 -1 39.513277
135 140 147 -1 43.139180
254 273 -1 -1 22.826696
254 261 273 -1 27.228053
352 362 -1 -1 21.075725
345 352 362 -1 26.981780
140 172 -1 -1 26.398533
172 186 -1 -1 49.764040
140 172 186 -1 57.042264
120 140 -1 -1 36.481201
120 135 140 -1 41.833799
89 106 -1 -1 25.153943
362 382 -1 -1 28.242524
362 373 382 -1 29.614196
186 190 -1 -1 29.749011
172 190 -1 -1 19.588402
172 186 190 -1 50.071220
89 120 -1 -1 30.485710
89 106 120 -1 31.594755
293 322 -1 -1 32.241922
322 333 -1 -1 16.964397
293 322 333 -1 33.755871
186 219 -1 -1 42.671565
219 223 -1 -1 22.990736
186 219 223 -1 46.110346
271 273 -1 -1 26.002401
254 271 -1 -1 22.664532
254 271 273 -1 28.199514
271 293 -1 -1 31.741187
271 273 293 -1 39.263254
120 137 -1 -1 28.474517
137 140 -1 -1 18.600866
120 137 140 -1 42.387566
137 172 -1 -1 28.796570
137 140 172 -1 37.182265
186 206 -1 -1 41.676168
206 219 -1 -1 16.678761
186 206 219 -1 44.633771
186 191 -1 -1 40.991277
190 191 -1 -1 15.717291
186 190 191 -1 40.991277
191 206 -1 -1 16.625820
186 191 206 -1 47.125984
382 403 -1 -1 25.922054
293 297 -1 -1 24.093188
271 297 -1 -1 19.524278
271 293 297 -1 32.313693
322 352 -1 -1 25.111910
322 333 352 -1 32.508211
89 118 -1 -1 37.315479
118 120 -1 -1 32.731657
89 118 120 -1 38.472091
89 98 -1 -1 17.432181
98 118 -1 -1 23.846300
89 98 118 -1 38.927169
293 305 -1 -1 37.531564
305 322 -1 -1 33.737129
293 305 322 -1 39.563233
322 362 -1 -1 37.463397
322 352 362 -1 37.569072
362 365 -1 -1 22.463966
365 382 -1 -1 35.855933
362 365 382 -1 36.648775
297 305 -1 -1 14.628218
293 297 305 -1 37.531564
365 383 -1 -1 17.864346
382 383 -1 -1 28.317199
365 382 383 -1 37.121588
118 137 -1 -1 30.290031
118 120 137 -1 36.179571
322 347 -1 -1 28.786527
347 362 -1 -1 35.450702
322 347 362 -1 38.503422
347 365 -1 -1 32.794106
347 362 365 -1 36.469745
382 393 -1 -1 30.884111
383 393 -1 -1 16.613549
382 383 393 -1 35.782603
305 325 -1 -1 18.713034
322 325 -1 -1 17.280791
305 322 325 -1 33.737129
393 403 -1 -1 23.901779
382 393 403 -1 34.856253
347 364 -1 -1 10.504308
364 365 -1 -1 17.743099
347 364 365 -1 38.660688
137 139 -1 -1 22.122312
139 172 -1 -1 35.443555
137 139 172 -1 35.448832
139 174 -1 -1 26.467833
172 174 -1 -1 24.923869
139 172 174 -1 35.494668
219 234 -1 -1 21.995999
223 234 -1 -1 30.963129
219 223 234 -1 31.456864
118 139 -1 -1 28.536561
118 137 139 -1 34.419123
172 191 -1 -1 29.706831
172 190 191 -1 32.416880
223 247 -1 -1 38.892809
247 254 -1 -1 39.141524
223 247 254 -1 46.421617
234 247 -1 -1 17.781023
223 234 247 -1 38.892809
254 268 -1 -1 40.263763
247 268 -1 -1 20.554328
247 254 268 -1 40.263763
268 271 -1 -1 21.764330
254 268 271 -1 40.354021
174 191 -1 -1 29.729196
172 174 191 -1 33.349272
325 347 -1 -1 26.288385
322 325 347 -1 29.761375
365 377 -1 -1 18.925413
377 383 -1 -1 14.827743
365 377 383 -1 21.781497
219 226 -1 -1 22.230107
226 234 -1 -1 10.250269
219 226 234 -1 23.662708
206 217 -1 -1 14.570219
217 219 -1 -1 23.099312
206 217 219 -1 24.162618
268 297 -1 -1 25.870425
268 271 297 -1 30.182741
189 191 -1 -1 25.084745
189 206 -1 -1 26.967188
189 191 206 -1 30.309951
217 226 -1 -1 10.171280
217 219 226 -1 30.095398
363 365 -1 -1 35.880838
363 377 -1 -1 25.825994
363 365 377 -1 36.109959
363 364 -1 -1 25.744103
363 364 365 -1 36.630092
325 327 -1 -1 22.638088
327 347 -1 -1 23.635417
325 327 347 -1 28.970789
94 98 -1 -1 28.126872
288 297 -1 -1 31.288121
268 288 -1 -1 20.327984
268 288 297 -1 32.291346
174 189 -1 -1 28.928696
174 189 191 -1 35.721734
288 305 -1 -1 28.224198
288 297 305 -1 31.854887
377 393 -1 -1 25.209250
377 383 393 -1 32.009482
94 118 -1 -1 32.651141
94 98 118 -1 36.943296
247 255 -1 -1 19.829135
255 268 -1 -1 21.183350
247 255 268 -1 24.441284
305 327 -1 -1 35.421792
305 325 327 -1 36.220903
118 119 -1 -1 35.789508
119 139 -1 -1 44.836660
118 119 139 -1 46.354126
384 393 -1 -1 34.510826
139 142 -1 -1 26.992026
119 142 -1 -1 29.608190
119 139 142 -1 47.769737
305 306 -1 -1 28.465397
306 327 -1 -1 25.719135
305 306 327 -1 35.666550
213 217 -1 -1 15.066186
213 226 -1 -1 15.536653
213 217 226 -1 16.275887
255 288 -1 -1 26.222252
255 268 288 -1 28.693744
288 306 -1 -1 23.152942
288 305 306 -1 31.767506
206 213 -1 -1 35.958757
206 213 217 -1 35.958757
94 119 -1 -1 30.206515
94 118 119 -1 42.889098
142 174 -1 -1 29.299327
139 142 174 -1 36.645814
189 213 -1 -1 33.028652
189 206 213 -1 36.090893
213 234 -1 -1 24.762582
213 226 234 -1 24.762582
255 283 -1 -1 20.639388
283 288 -1 -1 12.912020
255 283 288 -1 26.222252
227 234 -1 -1 35.204421
213 227 -1 -1 26.276566
213 227 234 -1 37.118626
227 247 -1 -1 30.701434
227 234 247 -1 35.351676
377 384 -1 -1 35.724838
377 384 393 -1 37.351739
363 384 -1 -1 34.359256
363 377 384 -1 36.455102
189 203 -1 -1 25.144009
203 213 -1 -1 18.573450
189 203 213 -1 33.311311
168 174 -1 -1 44.549788
168 189 -1 -1 34.376701
168 174 189 -1 45.134829
142 168 -1 -1 29.267963
142 168 174 -1 44.888863
347 363 -1 -1 43.051933
347 363 364 -1 43.051933
227 255 -1 -1 28.442400
227 247 255 -1 33.841883
327 363 -1 -1 38.016167
327 347 363 -1 45.817578
327 330 -1 -1 20.929616
330 363 -1 -1 37.355918
327 330 363 -1 39.430039
255 257 -1 -1 23.608018
257 283 -1 -1 24.269703
255 257 283 -1 26.453726
283 306 -1 -1 25.287869
283 288 306 -1 25.461137
306 330 -1 -1 30.191987
306 327 330 -1 30.742353
203 227 -1 -1 27.826423
203 213 227 -1 29.073880
168 203 -1 -1 37.105364
168 189 203 -1 39.343948
227 257 -1 -1 36.487791
227 255 257 -1 37.869992
330 357 -1 -1 24.840509
357 363 -1 -1 32.022254
330 357 363 -1 41.962801
257 306 -1 -1 39.366155
257 283 306 -1 39.946213
119 126 -1 -1 27.639275
126 142 -1 -1 33.094522
119 126 142 -1 37.282258
363 374 -1 -1 48.725807
374 384 -1 -1 45.307537
363 374 384 -1 49.496799
168 197 -1 -1 37.235998
197 203 -1 -1 29.156296
168 197 203 -1 46.525167
357 374 -1 -1 22.477191
357 363 374 -1 49.637255
303 306 -1 -1 34.514328
303 330 -1 -1 32.423240
303 306 330 -1 38.677422
384 388 -1 -1 24.697225
374 388 -1 -1 26.883662
374 384 388 -1 56.077065
257 303 -1 -1 39.534434
257 303 306 -1 43.556843
197 227 -1 -1 38.778283
197 203 227 -1 39.355999
330 337 -1 -1 20.159388
337 357 -1 -1 24.026156
330 337 357 -1 29.883349
225 227 -1 -1 35.793895
225 257 -1 -1 45.023503
225 227 257 -1 47.576161
126 168 -1 -1 41.642786
126 142 168 -1 42.924205
257 265 -1 -1 23.108621
265 303 -1 -1 33.401948
257 265 303 -1 39.669861
225 265 -1 -1 37.091307
225 257 265 -1 46.773606
104 119 -1 -1 46.122899
197 225 -1 -1 36.116022
197 225 227 -1 44.812874
337 346 -1 -1 10.938014
346 357 -1 -1 22.907989
337 346 357 -1 24.250044
104 126 -1 -1 35.735804
104 119 126 -1 46.122899
303 337 -1 -1 31.117718
303 330 337 -1 37.863265
126 161 -1 -1 39.076178
161 168 -1 -1 33.372433
126 161 168 -1 45.103578
161 197 -1 -1 46.348224
161 168 197 -1 47.531529
265 277 -1 -1 23.370824
277 303 -1 -1 27.072761
265 277 303 -1 35.254923
331 346 -1 -1 30.258675
331 357 -1 -1 33.275958
331 346 357 -1 33.671704
331 337 -1 -1 31.406447
331 337 346 -1 31.406447
303 331 -1 -1 38.964788
303 331 337 -1 42.207719
161 183 -1 -1 28.116834
183 197 -1 -1 33.595828
161 183 197 -1 46.447539
126 131 -1 -1 32.604290
131 161 -1 -1 28.805678
126 131 161 -1 41.197081
331 374 -1 -1 44.695142
331 357 374 -1 47.149170
104 131 -1 -1 38.656143
104 126 131 -1 42.621655
374 385 -1 -1 31.517756
385 388 -1 -1 36.170577
374 385 388 -1 41.639220
194 197 -1 -1 47.038979
183 194 -1 -1 26.937997
183 194 197 -1 47.907178
194 225 -1 -1 46.017393
194 197 225 -1 50.705505
225 228 -1 -1 30.305857
228 265 -1 -1 37.957859
225 228 265 -1 45.262561
331 358 -1 -1 32.758964
358 374 -1 -1 33.882694
331 358 374 -1 44.695142
228 277 -1 -1 43.333664
228 265 277 -1 44.706669
358 385 -1 -1 25.147581
358 374 385 -1 35.084612
277 331 -1 -1 46.574346
277 303 331 -1 50.703771
104 107 -1 -1 25.782144
104 114 -1 -1 34.438273
107 114 -1 -1 14.381128
104 107 114 -1 34.438273
114 131 -1 -1 32.845769
104 114 131 -1 39.577777
277 296 -1 -1 58.432434
296 331 -1 -1 51.398370
277 296 331 -1 62.350122
228 279 -1 -1 42.419346
277 279 -1 -1 25.692167
228 277 279 -1 43.415273
279 296 -1 -1 39.387682
277 279 296 -1 58.584404
194 228 -1 -1 44.833808
194 225 228 -1 52.177670
89 -1 -1 -1 0.000000
92 -1 -1 -1 0.000000
93 -1 -1 -1 0.000000
94 -1 -1 -1 0.000000
98 -1 -1 -1 0.000000
102 -1 -1 -1 0.000000
103 -1 -1 -1 0.000000
104 -1 -1 -1 0.000000
106 -1 -1 -1 0.000000
107 -1 -1 -1 0.000000
109 -1 -1 -1 0.000000
110 -1 -1 -1 0.000000
111 -1 -1 -1 0.000000
114 -1 -1 -1 0.000000
115 -1 -1 -1 0.000000
118 -1 -1 -1 0.000000
119 -1 -1 -1 0.000000
120 -1 -1 -1 0.000000
121 -1 -1 -1 0.000000
126 -1 -1 -1 0.000000
127 -1 -1 -1 0.000000
128 -1 -1 -1 0.000000
131 -1 -1 -1 0.000000
132 -1 -1 -1 0.000000
135 -1 -1 -1 0.000000
137 -1 -1 -1 0.000000
139 -1 -1 -1 0.000000
140 -1 -1 -1 0.000000
141 -1 -1 -1 0.000000
142 -1 -1 -1 0.000000
144 -1 -1 -1 0.000000
146 -1 -1 -1 0.000000
147 -1 -1 -1 0.000000
150 -1 -1 -1 0.000000
151 -1 -1 -1 0.000000
152 -1 -1 -1 0.000000
154 -1 -1 -1 0.000000
156 -1 -1 -1 0.000000
157 -1 -1 -1 0.000000
159 -1 -1 -1 0.000000
160 -1 -1 -1 0.000000
161 -1 -1 -1 0.000000
162 -1 -1 -1 0.000000
165 -1 -1 -1 0.000000
166 -1 -1 -1 0.000000
168 -1 -1 -1 0.000000
171 -1 -1 -1 0.000000
172 -1 -1 -1 0.000000
173 -1 -1 -1 0.000000
174 -1 -1 -1 0.000000
179 -1 -1 -1 0.000000
180 -1 -1 -1 0.000000
183 -1 -1 -1 0.000000
184 -1 -1 -1 0.000000
186 -1 -1 -1 0.000000
188 -1 -1 -1 0.000000
189 -1 -1 -1 0.000000
190 -1 -1 -1 0.000000
191 -1 -1 -1 0.000000
194 -1 -1 -1 0.000000
197 -1 -1 -1 0.000000
198 -1 -1 -1 0.000000
199 -1 -1 -1 0.000000
200 -1 -1 -1 0.000000
202 -1 -1 -1 0.000000
203 -1 -1 -1 0.000000
206 -1 -1 -1 0.000000
207 -1 -1 -1 0.000000
208 -1 -1 -1 0.000000
209 -1 -1 -1 0.000000
213 -1 -1 -1 0.000000
214 -1 -1 -1 0.000000
215 -1 -1 -1 0.000000
217 -1 -1 -1 0.000000
218 -1 -1 -1 0.000000
219 -1 -1 -1 0.000000
223 -1 -1 -1 0.000000
225 -1 -1 -1 0.000000
226 -1 -1 -1 0.000000
227 -1 -1 -1 0.000000
228 -1 -1 -1 0.000000
230 -1 -1 -1 0.000000
231 -1 -1 -1 0.000000
232 -1 -1 -1 0.000000
233 -1 -1 -1 0.000000
234 -1 -1 -1 0.000000
236 -1 -1 -1 0.000000
237 -1 -1 -1 0.000000
241 -1 -1 -1 0.000000
245 -1 -1 -1 0.000000
247 -1 -1 -1 0.000000
250 -1 -1 -1 0.000000
251 -1 -1 -1 0.000000
253 -1 -1 -1 0.000000
254 -1 -1 -1 0.000000
255 -1 -1 -1 0.000000
256 -1 -1 -1 0.000000
257 -1 -1 -1 0.000000
260 -1 -1 -1 0.000000
261 -1 -1 -1 0.000000
263 -1 -1 -1 0.000000
264 -1 -1 -1 0.000000
265 -1 -1 -1 0.000000
267 -1 -1 -1 0.000000
268 -1 -1 -1 0.000000
270 -1 -1 -1 0.000000
271 -1 -1 -1 0.000000
272 -1 -1 -1 0.000000
273 -1 -1 -1 0.000000
276 -1 -1 -1 0.000000
277 -1 -1 -1 0.000000
278 -1 -1 -1 0.000000
279 -1 -1 -1 0.000000
281 -1 -1 -1 0.000000
283 -1 -1 -1 0.000000
284 -1 -1 -1 0.000000
285 -1 -1 -1 0.000000
287 -1 -1 -1 0.000000
288 -1 -1 -1 0.000000
289 -1 -1 -1 0.000000
291 -1 -1 -1 0.000000
292 -1 -1 -1 0.000000
293 -1 -1 -1 0.000000
296 -1 -1 -1 0.000000
297 -1 -1 -1 0.000000
301 -1 -1 -1 0.000000
302 -1 -1 -1 0.000000
303 -1 -1 -1 0.000000
304 -1 -1 -1 0.000000
305 -1 -1 -1 0.000000
306 -1 -1 -1 0.000000
307 -1 -1 -1 0.000000
309 -1 -1 -1 0.000000
311 -1 -1 -1 0.000000
312 -1 -1 -1 0.000000
313 -1 -1 -1 0.000000
317 -1 -1 -1 0.000000
322 -1 -1 -1 0.000000
324 -1 -1 -1 0.000000
325 -1 -1 -1 0.000000
326 -1 -1 -1 0.000000
327 -1 -1 -1 0.000000
328 -1 -1 -1 0.000000
330 -1 -1 -1 0.000000
331 -1 -1 -1 0.000000
332 -1 -1 -1 0.000000
333 -1 -1 -1 0.000000
334 -1 -1 -1 0.000000
335 -1 -1 -1 0.000000
337 -1 -1 -1 0.000000
338 -1 -1 -1 0.000000
340 -1 -1 -1 0.000000
342 -1 -1 -1 0.000000
343 -1 -1 -1 0.000000
345 -1 -1 -1 0.000000
346 -1 -1 -1 0.000000
347 -1 -1 -1 0.000000
348 -1 -1 -1 0.000000
349 -1 -1 -1 0.000000
350 -1 -1 -1 0.000000
352 -1 -1 -1 0.000000
356 -1 -1 -1 0.000000
357 -1 -1 -1 0.000000
358 -1 -1 -1 0.000000
362 -1 -1 -1 0.000000
363 -1 -1 -1 0.000000
364 -1 -1 -1 0.000000
365 -1 -1 -1 0.000000
366 -1 -1 -1 0.000000
369 -1 -1 -1 0.000000
373 -1 -1 -1 0.000000
374 -1 -1 -1 0.000000
375 -1 -1 -1 0.000000
376 -1 -1 -1 0.000000
377 -1 -1 -1 0.000000
380 -1 -1 -1 0.000000
382 -1 -1 -1 0.000000
383 -1 -1 -1 0.000000
384 -1 -1 -1 0.000000
385 -1 -1 -1 0.000000
388 -1 -1 -1 0.000000
390 -1 -1 -1 0.000000
391 -1 -1 -1 0.000000
393 -1 -1 -1 0.000000
397 -1 -1 -1 0.000000
403 -1 -1 -1 0.000000
406 -1 -1 -1 0.000000
