380 406 -1 -1 27.810551
311 331 -1 -1 17.755075
180 204 -1 -1 25.229031
152 180 -1 -1 25.408663
331 349 -1 -1 17.976115
133 152 -1 -1 22.531272
108 133 -1 -1 27.848403
272 295 -1 -1 21.286742
295 311 -1 -1 22.947448
364 380 -1 -1 24.976583
249 272 -1 -1 25.220758
241 249 -1 -1 18.401253
108 109 -1 -1 19.966752
349 364 -1 -1 18.966474
204 221 -1 -1 26.730560
311 319 -1 -1 20.223589
319 331 -1 -1 18.802650
311 319 331 -1 22.603588
221 241 -1 -1 20.183919
331 345 -1 -1 20.775943
345 349 -1 -1 14.690527
331 345 349 -1 21.493880
380 386 -1 -1 22.022246
386 406 -1 -1 34.986250
380 386 406 -1 37.011761
364 386 -1 -1 23.285676
364 380 386 -1 26.892883
406 410 -1 -1 32.532611
180 196 -1 -1 26.871406
196 204 -1 -1 24.407713
180 196 204 -1 30.108188
249 257 -1 -1 25.088696
257 272 -1 -1 22.547135
249 257 272 -1 29.000476
319 345 -1 -1 22.297055
319 331 345 -1 25.441438
386 410 -1 -1 25.028042
386 406 410 -1 37.507607
109 133 -1 -1 26.896338
108 109 133 -1 30.789455
295 319 -1 -1 26.570131
295 311 319 -1 28.101951
241 257 -1 -1 19.862042
241 249 257 -1 26.546737
345 364 -1 -1 22.041261
345 349 364 -1 22.234176
152 166 -1 -1 32.063875
166 180 -1 -1 25.493108
152 166 180 -1 33.838139
196 221 -1 -1 25.178836
196 204 221 -1 29.831102
295 303 -1 -1 20.431792
303 319 -1 -1 22.921301
295 303 319 -1 28.298539
272 277 -1 -1 22.203514
277 295 -1 -1 23.754887
272 277 295 -1 25.899056
133 166 -1 -1 37.358230
133 152 166 -1 37.698898
166 196 -1 -1 28.682197
166 180 196 -1 32.191661
257 277 -1 -1 21.220559
257 272 277 -1 27.438954
345 350 -1 -1 19.671416
350 364 -1 -1 25.310761
345 350 364 -1 26.675912
364 370 -1 -1 19.367904
370 386 -1 -1 25.174714
364 370 386 -1 27.350722
133 137 -1 -1 22.556050
137 166 -1 -1 30.271399
133 137 166 -1 38.416979
319 326 -1 -1 19.985326
326 345 -1 -1 23.687977
319 326 345 -1 25.681540
109 110 -1 -1 18.370104
110 133 -1 -1 30.625607
109 110 133 -1 31.713746
350 370 -1 -1 20.193260
350 364 370 -1 26.247316
326 350 -1 -1 19.479852
326 345 350 -1 25.216628
110 137 -1 -1 28.775416
110 133 137 -1 34.145034
386 392 -1 -1 21.438335
392 410 -1 -1 23.063539
386 392 410 -1 27.161115
241 245 -1 -1 24.910608
245 257 -1 -1 21.841007
241 245 257 -1 26.148316
277 303 -1 -1 26.011922
277 295 303 -1 29.328999
303 326 -1 -1 24.877121
303 319 326 -1 26.772940
221 245 -1 -1 30.708824
221 241 245 -1 31.085127
196 223 -1 -1 30.585654
221 223 -1 -1 23.359961
196 221 223 -1 31.595238
223 245 -1 -1 22.644609
221 223 245 -1 32.124380
370 392 -1 -1 25.522891
370 386 392 -1 29.247339
193 196 -1 -1 21.497255
166 193 -1 -1 32.818333
166 193 196 -1 33.247249
193 223 -1 -1 26.673342
193 196 223 -1 32.520351
277 287 -1 -1 22.290437
287 303 -1 -1 25.165810
277 287 303 -1 28.600361
137 159 -1 -1 27.411884
159 166 -1 -1 22.877789
137 159 166 -1 32.495018
257 266 -1 -1 26.840840
266 277 -1 -1 24.128563
257 266 277 -1 28.186126
303 312 -1 -1 19.744832
312 326 -1 -1 20.138738
303 312 326 -1 26.639414
245 266 -1 -1 24.244140
245 257 266 -1 29.134536
266 287 -1 -1 22.581304
266 277 287 -1 27.454941
350 362 -1 -1 23.262820
362 370 -1 -1 17.523924
350 362 370 -1 26.544565
110 114 -1 -1 19.020829
114 137 -1 -1 29.412952
110 114 137 -1 31.028783
362 392 -1 -1 27.991364
362 370 392 -1 28.529112
287 312 -1 -1 27.414484
287 303 312 -1 29.446704
326 336 -1 -1 26.039352
336 350 -1 -1 26.964530
326 336 350 -1 28.550182
159 193 -1 -1 33.979792
159 166 193 -1 36.802030
336 362 -1 -1 26.079492
336 350 362 -1 32.079763
392 393 -1 -1 17.677958
312 336 -1 -1 27.514564
312 326 336 -1 30.445741
362 393 -1 -1 26.299779
362 392 393 -1 29.765046
136 137 -1 -1 25.616040
114 136 -1 -1 22.607184
114 136 137 -1 31.573170
159 187 -1 -1 26.844596
187 193 -1 -1 21.962830
159 187 193 -1 34.051517
136 159 -1 -1 28.174263
136 137 159 -1 32.241639
245 252 -1 -1 24.194351
252 266 -1 -1 19.426839
245 252 266 -1 27.060441
193 211 -1 -1 25.148981
211 223 -1 -1 27.088802
193 211 223 -1 31.643650
223 230 -1 -1 25.822842
230 245 -1 -1 29.804524
223 230 245 -1 31.512805
308 312 -1 -1 19.512102
287 308 -1 -1 26.112490
287 308 312 -1 29.266097
230 252 -1 -1 22.744161
230 245 252 -1 31.076847
211 230 -1 -1 19.881996
211 223 230 -1 29.836183
362 367 -1 -1 16.629211
367 393 -1 -1 23.146431
362 367 393 -1 28.430664
187 211 -1 -1 22.881907
187 193 211 -1 28.218664
308 336 -1 -1 33.893314
308 312 336 -1 35.531533
266 278 -1 -1 27.413580
278 287 -1 -1 22.926763
266 278 287 -1 31.094229
336 367 -1 -1 31.239981
336 362 367 -1 31.948813
114 115 -1 -1 19.025586
136 153 -1 -1 19.766736
153 159 -1 -1 26.751208
136 153 159 -1 30.055721
159 175 -1 -1 24.965632
175 187 -1 -1 19.098900
159 175 187 -1 28.405972
278 308 -1 -1 26.725537
278 287 308 -1 31.205117
308 320 -1 -1 20.358942
320 336 -1 -1 30.366119
308 320 336 -1 34.455062
115 136 -1 -1 25.997956
114 115 136 -1 27.608429
153 175 -1 -1 18.025848
153 159 175 -1 28.671232
336 358 -1 -1 27.095328
358 367 -1 -1 16.097570
336 358 367 -1 31.690465
252 278 -1 -1 32.081417
252 266 278 -1 32.728850
389 393 -1 -1 21.213472
367 389 -1 -1 25.356431
367 389 393 -1 27.950105
320 332 -1 -1 17.742179
332 336 -1 -1 33.386403
320 332 336 -1 34.207807
332 358 -1 -1 24.692666
332 336 358 -1 35.473860
230 247 -1 -1 25.709003
247 252 -1 -1 20.290760
230 247 252 -1 27.970827
247 278 -1 -1 35.617664
247 252 278 -1 37.574098
187 198 -1 -1 27.055404
198 211 -1 -1 23.957582
187 198 211 -1 29.504466
115 120 -1 -1 20.060723
120 136 -1 -1 31.653842
115 120 136 -1 32.010739
247 269 -1 -1 23.577650
269 278 -1 -1 23.649353
247 269 278 -1 35.617664
136 149 -1 -1 32.743716
149 153 -1 -1 18.066541
136 149 153 -1 32.743716
297 308 -1 -1 30.007840
278 297 -1 -1 26.553396
278 297 308 -1 32.432148
120 149 -1 -1 25.629317
120 136 149 -1 36.035196
211 222 -1 -1 31.029848
222 230 -1 -1 28.228854
211 222 230 -1 32.356010
358 389 -1 -1 33.312296
358 367 389 -1 33.312296
297 320 -1 -1 27.695485
297 308 320 -1 31.964761
175 198 -1 -1 32.208710
175 187 198 -1 33.050100
198 222 -1 -1 24.238244
198 211 222 -1 31.838436
222 247 -1 -1 28.726044
222 230 247 -1 33.179825
358 387 -1 -1 32.394043
387 389 -1 -1 16.668293
358 387 389 -1 33.828903
173 175 -1 -1 20.753630
173 198 -1 -1 24.956093
173 175 198 -1 32.208710
103 115 -1 -1 29.607647
358 361 -1 -1 19.682063
361 387 -1 -1 21.507611
358 361 387 -1 33.377531
103 120 -1 -1 22.062573
103 115 120 -1 30.743606
269 297 -1 -1 27.630927
269 278 297 -1 31.047175
153 173 -1 -1 31.197317
153 173 175 -1 31.258932
389 408 -1 -1 30.630218
149 173 -1 -1 30.534819
149 153 173 -1 32.343929
332 361 -1 -1 26.651457
332 358 361 -1 27.871144
387 408 -1 -1 23.735534
387 389 408 -1 31.418440
222 244 -1 -1 27.116805
244 247 -1 -1 24.241544
222 244 247 -1 32.177902
120 130 -1 -1 21.640287
130 149 -1 -1 19.450096
120 130 149 -1 27.745343
244 269 -1 -1 28.148367
244 247 269 -1 29.635263
332 338 -1 -1 23.007422
338 361 -1 -1 23.570913
332 338 361 -1 28.739962
297 300 -1 -1 24.436001
300 320 -1 -1 40.401210
297 300 320 -1 40.401210
149 167 -1 -1 31.436454
167 173 -1 -1 20.483196
149 167 173 -1 32.950771
173 194 -1 -1 27.461444
194 198 -1 -1 24.536667
173 194 198 -1 29.940969
300 332 -1 -1 41.802282
300 320 332 -1 43.360426
361 379 -1 -1 22.577601
379 387 -1 -1 17.825489
361 379 387 -1 24.691656
194 222 -1 -1 33.085727
194 198 222 -1 34.168644
379 408 -1 -1 25.361828
379 387 408 -1 27.204859
268 269 -1 -1 24.137537
268 297 -1 -1 34.278877
268 269 297 -1 34.608954
300 338 -1 -1 40.305494
300 332 338 -1 43.332083
244 268 -1 -1 30.267884
244 268 269 -1 34.146657
116 120 -1 -1 35.333424
103 116 -1 -1 28.867878
103 116 120 -1 35.343090
116 130 -1 -1 23.341270
116 120 130 -1 35.576931
130 147 -1 -1 17.563594
147 149 -1 -1 31.193132
130 147 149 -1 33.452423
147 167 -1 -1 22.601475
147 149 167 -1 33.726632
222 228 -1 -1 26.135445
228 244 -1 -1 21.727573
222 228 244 -1 30.307333
300 325 -1 -1 25.056474
325 338 -1 -1 24.286004
300 325 338 -1 40.305494
167 194 -1 -1 28.574968
167 173 194 -1 30.284486
194 208 -1 -1 19.979173
208 222 -1 -1 33.410027
194 208 222 -1 35.233603
268 300 -1 -1 33.984657
268 297 300 -1 37.354897
208 228 -1 -1 21.073237
208 222 228 -1 33.410027
361 365 -1 -1 31.422877
365 379 -1 -1 21.698048
361 365 379 -1 31.422877
338 365 -1 -1 28.634438
338 361 365 -1 33.010424
379 396 -1 -1 23.392084
396 408 -1 -1 22.579924
379 396 408 -1 28.492025
167 181 -1 -1 23.484587
181 194 -1 -1 26.968442
167 181 194 -1 30.980368
244 256 -1 -1 29.172958
256 268 -1 -1 27.183229
244 256 268 -1 35.817268
116 147 -1 -1 28.160366
116 130 147 -1 28.489836
365 396 -1 -1 29.818834
365 379 396 -1 30.823754
228 256 -1 -1 30.251816
228 244 256 -1 31.986635
268 281 -1 -1 28.784342
281 300 -1 -1 33.831526
268 281 300 -1 37.597410
338 339 -1 -1 29.916808
325 339 -1 -1 22.387812
325 338 339 -1 34.768148
339 365 -1 -1 26.191983
338 339 365 -1 32.940352
147 148 -1 -1 17.457582
148 167 -1 -1 27.472564
147 148 167 -1 28.770593
228 233 -1 -1 21.155193
233 256 -1 -1 22.441945
228 233 256 -1 31.708559
148 181 -1 -1 29.183447
148 167 181 -1 31.292115
181 208 -1 -1 31.496081
181 194 208 -1 33.189703
116 148 -1 -1 38.634701
116 147 148 -1 39.267193
208 233 -1 -1 28.510564
208 228 233 -1 28.737694
256 281 -1 -1 30.724827
256 268 281 -1 34.518523
300 307 -1 -1 33.405646
307 325 -1 -1 29.349912
300 307 325 -1 36.169362
281 307 -1 -1 28.176371
281 300 307 -1 37.341330
116 126 -1 -1 27.587045
126 148 -1 -1 37.048304
116 126 148 -1 39.223234
208 209 -1 -1 19.876372
209 233 -1 -1 25.939213
208 209 233 -1 30.752683
181 209 -1 -1 32.309608
181 208 209 -1 34.571548
365 395 -1 -1 34.623570
395 396 -1 -1 24.793101
365 395 396 -1 35.293903
126 150 -1 -1 19.330824
148 150 -1 -1 18.060604
126 148 150 -1 37.069566
365 376 -1 -1 24.490660
376 395 -1 -1 22.530600
365 376 395 -1 35.187696
101 116 -1 -1 33.631581
101 126 -1 -1 19.577525
101 116 126 -1 35.225827
339 376 -1 -1 29.942323
339 365 376 -1 31.434334
181 183 -1 -1 19.587518
183 209 -1 -1 28.431273
181 183 209 -1 34.177825
307 339 -1 -1 35.878420
307 325 339 -1 36.187436
256 263 -1 -1 23.757607
263 281 -1 -1 27.718220
256 263 281 -1 32.880985
148 160 -1 -1 26.248092
160 181 -1 -1 33.155067
148 160 181 -1 35.570548
160 183 -1 -1 22.775112
160 181 183 -1 33.155067
233 237 -1 -1 20.911428
237 256 -1 -1 30.427668
233 237 256 -1 31.603190
339 342 -1 -1 18.643731
342 376 -1 -1 29.705113
339 342 376 -1 33.210282
150 160 -1 -1 21.588325
148 150 160 -1 27.309748
183 202 -1 -1 21.810642
202 209 -1 -1 22.921446
183 202 209 -1 31.016765
237 263 -1 -1 25.829325
237 256 263 -1 31.172476
307 342 -1 -1 35.627938
307 339 342 -1 38.214983
209 224 -1 -1 23.466780
224 233 -1 -1 28.892681
209 224 233 -1 32.275634
224 237 -1 -1 20.950934
224 233 237 -1 30.966425
202 224 -1 -1 20.174168
202 209 224 -1 26.547502
307 328 -1 -1 31.462040
328 342 -1 -1 25.960415
307 328 342 -1 37.941483
281 286 -1 -1 35.610650
263 286 -1 -1 27.814655
263 281 286 -1 36.621519
286 307 -1 -1 39.918216
281 286 307 -1 41.115767
366 376 -1 -1 25.476344
342 366 -1 -1 24.637415
342 366 376 -1 31.792992
376 391 -1 -1 27.555800
391 395 -1 -1 24.519078
376 391 395 -1 30.260999
126 135 -1 -1 27.335048
135 150 -1 -1 21.446839
126 135 150 -1 29.028483
307 309 -1 -1 26.780461
286 309 -1 -1 23.816549
286 307 309 -1 39.918216
135 160 -1 -1 25.490948
135 150 160 -1 27.203732
309 328 -1 -1 20.017128
307 309 328 -1 31.832004
160 184 -1 -1 24.520140
183 184 -1 -1 21.661641
160 183 184 -1 27.575272
184 202 -1 -1 20.493373
183 184 202 -1 24.732483
101 117 -1 -1 31.466613
117 126 -1 -1 33.333060
101 117 126 -1 35.325281
366 391 -1 -1 24.979008
366 376 391 -1 30.367208
117 135 -1 -1 24.217997
117 126 135 -1 33.665167
262 263 -1 -1 20.041131
262 286 -1 -1 21.439357
262 263 286 -1 30.534215
328 348 -1 -1 17.995207
342 348 -1 -1 20.908601
328 342 348 -1 27.990270
237 262 -1 -1 28.852399
237 262 263 -1 32.545236
348 366 -1 -1 20.211803
342 348 366 -1 25.927469
224 236 -1 -1 24.342146
236 237 -1 -1 24.230218
224 236 237 -1 27.211638
236 262 -1 -1 26.798030
236 237 262 -1 33.260462
160 165 -1 -1 25.432898
165 184 -1 -1 20.001786
160 165 184 -1 27.364260
391 411 -1 -1 23.931051
135 165 -1 -1 30.265805
135 160 165 -1 32.775897
202 212 -1 -1 26.186977
212 224 -1 -1 23.756311
202 212 224 -1 27.621499
212 236 -1 -1 25.195397
212 224 236 -1 29.596181
184 188 -1 -1 23.280855
188 202 -1 -1 34.277126
184 188 202 -1 34.277126
188 212 -1 -1 25.173444
188 202 212 -1 35.770790
366 383 -1 -1 22.423431
383 391 -1 -1 21.203030
366 383 391 -1 29.147848
135 157 -1 -1 28.474851
157 165 -1 -1 17.829546
135 157 165 -1 32.248539
286 292 -1 -1 22.769780
292 309 -1 -1 22.362313
286 292 309 -1 26.864130
117 134 -1 -1 23.208274
134 135 -1 -1 22.481930
117 134 135 -1 27.259295
236 253 -1 -1 24.267749
253 262 -1 -1 19.694853
236 253 262 -1 27.815129
134 157 -1 -1 17.163119
134 135 157 -1 29.453050
391 402 -1 -1 26.598044
402 411 -1 -1 16.984466
391 402 411 -1 27.814077
383 402 -1 -1 17.981415
383 391 402 -1 26.952087
165 188 -1 -1 24.943118
165 184 188 -1 27.730881
366 368 -1 -1 26.357468
368 383 -1 -1 20.274296
366 368 383 -1 27.873850
328 343 -1 -1 27.557099
343 348 -1 -1 19.226455
328 343 348 -1 28.262092
348 368 -1 -1 28.358652
348 366 368 -1 30.919809
104 117 -1 -1 25.494668
309 317 -1 -1 31.794396
317 328 -1 -1 30.242127
309 317 328 -1 34.149947
343 368 -1 -1 23.405493
343 348 368 -1 30.695915
292 317 -1 -1 22.965293
292 309 317 -1 31.794396
253 286 -1 -1 37.788266
253 262 286 -1 37.788266
317 343 -1 -1 23.726333
317 328 343 -1 33.361500
253 275 -1 -1 21.656952
275 286 -1 -1 38.405753
253 275 286 -1 41.161665
275 292 -1 -1 34.179428
275 286 292 -1 38.405753
117 124 -1 -1 29.823297
124 134 -1 -1 21.296522
117 124 134 -1 30.992896
212 218 -1 -1 24.169933
218 236 -1 -1 33.296020
212 218 236 -1 33.296020
236 239 -1 -1 26.979094
239 253 -1 -1 23.059183
236 239 253 -1 30.536747
275 293 -1 -1 12.772715
292 293 -1 -1 20.374571
275 292 293 -1 34.402001
104 124 -1 -1 21.475433
104 117 124 -1 30.894273
218 239 -1 -1 19.099442
218 236 239 -1 34.028774
402 407 -1 -1 14.493403
407 411 -1 -1 26.655247
402 407 411 -1 26.655247
163 165 -1 -1 28.700120
157 163 -1 -1 22.737906
157 163 165 -1 28.718243
163 188 -1 -1 29.490460
163 165 188 -1 32.848858
188 197 -1 -1 25.584485
197 212 -1 -1 32.494070
188 197 212 -1 33.314408
368 384 -1 -1 21.139278
383 384 -1 -1 20.709453
368 383 384 -1 23.975456
384 402 -1 -1 20.663012
383 384 402 -1 24.770034
197 218 -1 -1 21.413785
197 212 218 -1 33.226479
292 298 -1 -1 24.210795
293 298 -1 -1 14.609463
292 293 298 -1 24.588618
298 317 -1 -1 26.284188
292 298 317 -1 29.286136
384 407 -1 -1 20.892278
384 402 407 -1 22.664069
253 259 -1 -1 23.921147
259 275 -1 -1 17.114730
253 259 275 -1 25.933623
343 344 -1 -1 19.410178
344 368 -1 -1 25.873621
343 344 368 -1 28.806111
317 344 -1 -1 28.723058
317 343 344 -1 30.976339
239 259 -1 -1 22.661947
239 253 259 -1 27.295482
134 144 -1 -1 33.333545
144 157 -1 -1 31.005548
134 144 157 -1 33.991824
124 144 -1 -1 28.009882
124 134 144 -1 34.329298
144 163 -1 -1 25.345518
144 157 163 -1 32.303406
163 197 -1 -1 34.366576
163 188 197 -1 35.647610
163 174 -1 -1 21.644639
174 197 -1 -1 27.433659
163 174 197 -1 38.876240
368 369 -1 -1 25.779517
369 384 -1 -1 20.026409
368 369 384 -1 26.941625
298 315 -1 -1 17.164239
315 317 -1 -1 22.352126
298 315 317 -1 28.398553
384 394 -1 -1 19.301518
394 407 -1 -1 21.941396
384 394 407 -1 24.840414
344 369 -1 -1 26.224208
344 368 369 -1 29.738595
315 344 -1 -1 30.994496
315 317 344 -1 32.725574
315 327 -1 -1 17.687515
327 344 -1 -1 23.271770
315 327 344 -1 31.857998
119 124 -1 -1 27.145051
239 242 -1 -1 24.679004
242 259 -1 -1 21.861208
239 242 259 -1 27.568965
369 394 -1 -1 23.769885
369 384 394 -1 25.304074
119 144 -1 -1 26.027607
119 124 144 -1 31.287146
218 225 -1 -1 30.212724
225 239 -1 -1 33.966283
218 225 239 -1 33.966283
225 242 -1 -1 21.000250
225 239 242 -1 34.688565
288 293 -1 -1 27.838417
288 298 -1 -1 20.243216
288 293 298 -1 27.903736
197 225 -1 -1 32.954019
197 218 225 -1 34.451462
275 288 -1 -1 34.168549
275 288 293 -1 34.168549
267 275 -1 -1 32.693745
259 267 -1 -1 22.599140
259 267 275 -1 32.768962
344 347 -1 -1 21.558875
347 369 -1 -1 25.198142
344 347 369 -1 29.520289
267 288 -1 -1 24.711240
267 275 288 -1 35.552174
327 347 -1 -1 17.457446
327 344 347 -1 24.873956
288 315 -1 -1 25.652429
288 298 315 -1 26.352603
197 199 -1 -1 27.436567
199 225 -1 -1 23.301369
197 199 225 -1 33.783168
174 199 -1 -1 26.456716
174 197 199 -1 32.291929
242 267 -1 -1 23.727357
242 259 267 -1 26.832208
144 174 -1 -1 35.856659
144 163 174 -1 39.657844
363 369 -1 -1 21.291289
347 363 -1 -1 19.835545
347 363 369 -1 28.701236
369 388 -1 -1 28.526392
388 394 -1 -1 24.109855
369 388 394 -1 30.805283
288 310 -1 -1 25.853241
310 315 -1 -1 26.585185
288 310 315 -1 30.207791
310 327 -1 -1 22.086608
310 315 327 -1 27.177167
141 144 -1 -1 30.130278
141 174 -1 -1 42.761733
141 144 174 -1 44.831964
363 388 -1 -1 22.998293
363 369 388 -1 28.862669
119 141 -1 -1 31.153280
119 141 144 -1 34.653157
141 169 -1 -1 26.373056
169 174 -1 -1 27.242871
141 169 174 -1 42.761733
267 279 -1 -1 21.735094
279 288 -1 -1 20.486261
267 279 288 -1 26.260244
242 243 -1 -1 25.042454
243 267 -1 -1 26.056297
242 243 267 -1 29.323297
102 119 -1 -1 27.148571
169 199 -1 -1 33.332704
169 174 199 -1 35.532245
225 243 -1 -1 30.563172
225 242 243 -1 31.050129
327 340 -1 -1 30.125600
340 347 -1 -1 22.169621
327 340 347 -1 31.439105
340 363 -1 -1 23.636673
340 347 363 -1 25.691969
310 340 -1 -1 31.774244
310 327 340 -1 34.003924
279 310 -1 -1 31.018839
279 288 310 -1 32.211440
102 141 -1 -1 33.558195
102 119 141 -1 36.698624
169 200 -1 -1 29.018389
199 200 -1 -1 21.440008
169 199 200 -1 34.528422
216 225 -1 -1 30.403967
199 216 -1 -1 32.923620
199 216 225 -1 35.245680
363 371 -1 -1 26.282913
371 388 -1 -1 24.872907
363 371 388 -1 29.193401
216 243 -1 -1 30.283725
216 225 243 -1 35.984946
304 310 -1 -1 24.954300
279 304 -1 -1 24.987276
279 304 310 -1 32.269367
200 216 -1 -1 22.080947
199 200 216 -1 32.923620
243 279 -1 -1 35.474863
243 267 279 -1 35.552364
388 397 -1 -1 26.822910
310 333 -1 -1 33.033905
333 340 -1 -1 20.515915
310 333 340 -1 34.824060
340 371 -1 -1 28.798870
340 363 371 -1 32.033822
310 321 -1 -1 24.031780
321 333 -1 -1 16.368716
310 321 333 -1 33.387350
243 264 -1 -1 25.477599
264 279 -1 -1 30.940596
243 264 279 -1 36.903896
304 321 -1 -1 15.877679
304 310 321 -1 27.596915
169 179 -1 -1 23.038920
179 200 -1 -1 24.155288
169 179 200 -1 30.528386
264 283 -1 -1 20.697468
279 283 -1 -1 19.635005
264 279 283 -1 31.403056
283 304 -1 -1 18.772910
279 283 304 -1 27.161888
371 397 -1 -1 28.023710
371 388 397 -1 31.013377
125 141 -1 -1 34.463706
102 125 -1 -1 26.390153
102 125 141 -1 37.263231
216 235 -1 -1 21.659347
235 243 -1 -1 24.953117
216 235 243 -1 30.957932
141 151 -1 -1 35.834370
151 169 -1 -1 37.119043
141 151 169 -1 39.754905
340 351 -1 -1 28.005551
351 371 -1 -1 26.631835
340 351 371 -1 32.900019
125 151 -1 -1 26.547712
125 141 151 -1 39.567717
235 264 -1 -1 25.979880
235 243 264 -1 29.998408
151 179 -1 -1 30.698954
151 169 179 -1 37.119043
333 351 -1 -1 23.878064
333 340 351 -1 29.579596
179 190 -1 -1 18.697132
190 200 -1 -1 23.692056
179 190 200 -1 29.983634
371 398 -1 -1 34.934613
397 398 -1 -1 21.375793
371 397 398 -1 34.934613
190 216 -1 -1 35.215567
190 200 216 -1 35.215567
371 373 -1 -1 25.122581
373 398 -1 -1 25.364678
371 373 398 -1 35.682502
351 373 -1 -1 21.812733
351 371 373 -1 29.028691
301 304 -1 -1 23.238563
283 301 -1 -1 28.967299
283 301 304 -1 29.677512
301 321 -1 -1 24.648391
301 304 321 -1 28.143548
264 274 -1 -1 23.659363
274 283 -1 -1 22.169282
264 274 283 -1 27.385486
190 214 -1 -1 26.332465
214 216 -1 -1 30.751365
190 214 216 -1 37.825706
235 246 -1 -1 18.871332
246 264 -1 -1 24.761157
235 246 264 -1 27.762316
214 235 -1 -1 27.894667
214 216 235 -1 32.612128
274 301 -1 -1 24.696425
274 283 301 -1 30.733166
177 179 -1 -1 23.659931
151 177 -1 -1 28.104438
151 177 179 -1 32.245237
177 190 -1 -1 20.062638
177 179 190 -1 33.284557
329 333 -1 -1 24.116920
329 351 -1 -1 22.610268
329 333 351 -1 27.933377
321 329 -1 -1 33.436220
321 329 333 -1 33.436220
301 329 -1 -1 31.474296
301 321 329 -1 34.680304
246 274 -1 -1 31.778149
246 264 274 -1 31.951012
101 -1 -1 -1 0.000000
102 -1 -1 -1 0.000000
103 -1 -1 -1 0.000000
104 -1 -1 -1 0.000000
108 -1 -1 -1 0.000000
109 -1 -1 -1 0.000000
110 -1 -1 -1 0.000000
114 -1 -1 -1 0.000000
115 -1 -1 -1 0.000000
116 -1 -1 -1 0.000000
117 -1 -1 -1 0.000000
119 -1 -1 -1 0.000000
120 -1 -1 -1 0.000000
124 -1 -1 -1 0.000000
125 -1 -1 -1 0.000000
126 -1 -1 -1 0.000000
130 -1 -1 -1 0.000000
133 -1 -1 -1 0.000000
134 -1 -1 -1 0.000000
135 -1 -1 -1 0.000000
136 -1 -1 -1 0.000000
137 -1 -1 -1 0.000000
141 -1 -1 -1 0.000000
144 -1 -1 -1 0.000000
147 -1 -1 -1 0.000000
148 -1 -1 -1 0.000000
149 -1 -1 -1 0.000000
150 -1 -1 -1 0.000000
151 -1 -1 -1 0.000000
152 -1 -1 -1 0.000000
153 -1 -1 -1 0.000000
157 -1 -1 -1 0.000000
159 -1 -1 -1 0.000000
160 -1 -1 -1 0.000000
163 -1 -1 -1 0.000000
165 -1 -1 -1 0.000000
166 -1 -1 -1 0.000000
167 -1 -1 -1 0.000000
169 -1 -1 -1 0.000000
173 -1 -1 -1 0.000000
174 -1 -1 -1 0.000000
175 -1 -1 -1 0.000000
177 -1 -1 -1 0.000000
179 -1 -1 -1 0.000000
180 -1 -1 -1 0.000000
181 -1 -1 -1 0.000000
183 -1 -1 -1 0.000000
184 -1 -1 -1 0.000000
187 -1 -1 -1 0.000000
188 -1 -1 -1 0.000000
190 -1 -1 -1 0.000000
193 -1 -1 -1 0.000000
194 -1 -1 -1 0.000000
196 -1 -1 -1 0.000000
197 -1 -1 -1 0.000000
198 -1 -1 -1 0.000000
199 -1 -1 -1 0.000000
200 -1 -1 -1 0.000000
202 -1 -1 -1 0.000000
204 -1 -1 -1 0.000000
208 -1 -1 -1 0.000000
209 -1 -1 -1 0.000000
211 -1 -1 -1 0.000000
212 -1 -1 -1 0.000000
214 -1 -1 -1 0.000000
216 -1 -1 -1 0.000000
218 -1 -1 -1 0.000000
221 -1 -1 -1 0.000000
222 -1 -1 -1 0.000000
223 -1 -1 -1 0.000000
224 -1 -1 -1 0.000000
225 -1 -1 -1 0.000000
228 -1 -1 -1 0.000000
230 -1 -1 -1 0.000000
233 -1 -1 -1 0.000000
235 -1 -1 -1 0.000000
236 -1 -1 -1 0.000000
237 -1 -1 -1 0.000000
239 -1 -1 -1 0.000000
241 -1 -1 -1 0.000000
242 -1 -1 -1 0.000000
243 -1 -1 -1 0.000000
244 -1 -1 -1 0.000000
245 -1 -1 -1 0.000000
246 -1 -1 -1 0.000000
247 -1 -1 -1 0.000000
249 -1 -1 -1 0.000000
252 -1 -1 -1 0.000000
253 -1 -1 -1 0.000000
256 -1 -1 -1 0.000000
257 -1 -1 -1 0.000000
259 -1 -1 -1 0.000000
262 -1 -1 -1 0.000000
263 -1 -1 -1 0.000000
264 -1 -1 -1 0.000000
266 -1 -1 -1 0.000000
267 -1 -1 -1 0.000000
268 -1 -1 -1 0.000000
269 -1 -1 -1 0.000000
272 -1 -1 -1 0.000000
274 -1 -1 -1 0.000000
275 -1 -1 -1 0.000000
277 -1 -1 -1 0.000000
278 -1 -1 -1 0.000000
279 -1 -1 -1 0.000000
281 -1 -1 -1 0.000000
283 -1 -1 -1 0.000000
286 -1 -1 -1 0.000000
287 -1 -1 -1 0.000000
288 -1 -1 -1 0.000000
292 -1 -1 -1 0.000000
293 -1 -1 -1 0.000000
295 -1 -1 -1 0.000000
297 -1 -1 -1 0.000000
298 -1 -1 -1 0.000000
300 -1 -1 -1 0.000000
301 -1 -1 -1 0.000000
303 -1 -1 -1 0.000000
304 -1 -1 -1 0.000000
307 -1 -1 -1 0.000000
308 -1 -1 -1 0.000000
309 -1 -1 -1 0.000000
310 -1 -1 -1 0.000000
311 -1 -1 -1 0.000000
312 -1 -1 -1 0.000000
315 -1 -1 -1 0.000000
317 -1 -1 -1 0.000000
319 -1 -1 -1 0.000000
320 -1 -1 -1 0.000000
321 -1 -1 -1 0.000000
325 -1 -1 -1 0.000000
326 -1 -1 -1 0.000000
327 -1 -1 -1 0.000000
328 -1 -1 -1 0.000000
329 -1 -1 -1 0.000000
331 -1 -1 -1 0.000000
332 -1 -1 -1 0.000000
333 -1 -1 -1 0.000000
336 -1 -1 -1 0.000000
338 -1 -1 -1 0.000000
339 -1 -1 -1 0.000000
340 -1 -1 -1 0.000000
342 -1 -1 -1 0.000000
343 -1 -1 -1 0.000000
344 -1 -1 -1 0.000000
345 -1 -1 -1 0.000000
347 -1 -1 -1 0.000000
348 -1 -1 -1 0.000000
349 -1 -1 -1 0.000000
350 -1 -1 -1 0.000000
351 -1 -1 -1 0.000000
358 -1 -1 -1 0.000000
361 -1 -1 -1 0.000000
362 -1 -1 -1 0.000000
363 -1 -1 -1 0.000000
364 -1 -1 -1 0.000000
365 -1 -1 -1 0.000000
366 -1 -1 -1 0.000000
367 -1 -1 -1 0.000000
368 -1 -1 -1 0.000000
369 -1 -1 -1 0.000000
370 -1 -1 -1 0.000000
371 -1 -1 -1 0.000000
373 -1 -1 -1 0.000000
376 -1 -1 -1 0.000000
379 -1 -1 -1 0.000000
380 -1 -1 -1 0.000000
383 -1 -1 -1 0.000000
384 -1 -1 -1 0.000000
386 -1 -1 -1 0.000000
387 -1 -1 -1 0.000000
388 -1 -1 -1 0.000000
389 -1 -1 -1 0.000000
391 -1 -1 -1 0.000000
392 -1 -1 -1 0.000000
393 -1 -1 -1 0.000000
394 -1 -1 -1 0.000000
395 -1 -1 -1 0.000000
396 -1 -1 -1 0.000000
397 -1 -1 -1 0.000000
398 -1 -1 -1 0.000000
402 -1 -1 -1 0.000000
406 -1 -1 -1 0.000000
407 -1 -1 -1 0.000000
408 -1 -1 -1 0.000000
410 -1 -1 -1 0.000000
411 -1 -1 -1 0.000000
