219 237 -1 -1 17.587075
237 254 -1 -1 22.722931
107 128 -1 -1 20.244100
199 219 -1 -1 27.729620
254 268 -1 -1 21.972372
149 166 -1 -1 16.279113
128 149 -1 -1 23.160362
185 199 -1 -1 21.896170
199 208 -1 -1 23.803411
208 219 -1 -1 23.134022
199 208 219 -1 29.471449
166 185 -1 -1 25.271975
237 241 -1 -1 22.720409
241 254 -1 -1 25.445038
237 241 254 -1 27.300254
346 364 -1 -1 22.870064
364 388 -1 -1 25.580603
268 295 -1 -1 26.013258
322 346 -1 -1 25.543998
295 322 -1 -1 27.928350
128 131 -1 -1 18.851909
131 149 -1 -1 17.122745
128 131 149 -1 25.040910
241 268 -1 -1 27.112260
241 254 268 -1 29.779018
107 131 -1 -1 23.179770
107 128 131 -1 24.334415
185 208 -1 -1 24.983873
185 199 208 -1 27.471611
219 241 -1 -1 31.405421
219 237 241 -1 32.467578
166 171 -1 -1 22.224409
171 185 -1 -1 18.488662
166 171 185 -1 26.517804
149 171 -1 -1 21.251997
149 166 171 -1 24.074873
219 227 -1 -1 29.624427
227 241 -1 -1 22.908297
219 227 241 -1 32.609513
107 111 -1 -1 21.966906
111 131 -1 -1 21.104140
107 111 131 -1 26.690626
208 227 -1 -1 24.886979
208 219 227 -1 31.373831
241 255 -1 -1 24.294741
255 268 -1 -1 24.732778
241 255 268 -1 29.436058
131 150 -1 -1 20.487581
149 150 -1 -1 17.588994
131 149 150 -1 21.396701
150 171 -1 -1 18.832932
149 150 171 -1 22.995980
268 278 -1 -1 28.779159
278 295 -1 -1 27.984900
268 278 295 -1 31.790284
364 367 -1 -1 20.029199
367 388 -1 -1 28.149480
364 367 388 -1 29.253989
295 304 -1 -1 31.206656
304 322 -1 -1 25.846023
295 304 322 -1 33.656530
185 190 -1 -1 22.202908
190 208 -1 -1 26.573356
185 190 208 -1 28.758926
322 337 -1 -1 27.217561
337 346 -1 -1 33.060635
322 337 346 -1 33.737647
255 278 -1 -1 22.358322
255 268 278 -1 31.309323
111 129 -1 -1 18.446888
129 131 -1 -1 16.595951
111 129 131 -1 22.689314
129 150 -1 -1 18.834953
129 131 150 -1 22.149251
337 364 -1 -1 38.932667
337 346 364 -1 39.648064
388 409 -1 -1 30.427173
171 190 -1 -1 23.844167
171 185 190 -1 25.689567
337 367 -1 -1 32.931712
337 364 367 -1 39.644090
278 304 -1 -1 26.672964
278 295 304 -1 34.708067
208 210 -1 -1 25.398950
210 227 -1 -1 21.786075
208 210 227 -1 27.863093
190 210 -1 -1 24.484617
190 208 210 -1 31.603144
150 167 -1 -1 18.706776
167 171 -1 -1 18.053396
150 167 171 -1 22.027991
238 241 -1 -1 28.830372
227 238 -1 -1 23.395446
227 238 241 -1 29.544705
238 255 -1 -1 22.725821
238 241 255 -1 30.526180
386 388 -1 -1 32.648213
367 386 -1 -1 26.379876
367 386 388 -1 34.120289
386 409 -1 -1 25.591915
386 388 409 -1 35.173189
167 190 -1 -1 24.850351
167 171 190 -1 26.905263
304 337 -1 -1 30.591638
304 322 337 -1 33.443169
129 141 -1 -1 14.824654
141 150 -1 -1 17.737453
129 141 150 -1 21.090311
337 356 -1 -1 25.175484
356 367 -1 -1 22.796104
337 356 367 -1 33.028206
111 123 -1 -1 25.607510
123 129 -1 -1 19.420097
111 123 129 -1 25.607510
141 167 -1 -1 24.488851
141 150 167 -1 25.655349
123 141 -1 -1 19.201231
123 129 141 -1 21.797643
167 188 -1 -1 25.559614
188 190 -1 -1 21.485272
167 188 190 -1 28.960861
255 265 -1 -1 26.654053
265 278 -1 -1 28.300806
255 265 278 -1 31.459862
141 144 -1 -1 15.934327
144 167 -1 -1 28.579690
141 144 167 -1 28.726188
188 210 -1 -1 31.314488
188 190 210 -1 31.314488
278 289 -1 -1 30.401717
289 304 -1 -1 29.101886
278 289 304 -1 33.314293
144 170 -1 -1 20.373345
167 170 -1 -1 15.904834
144 167 170 -1 29.238540
170 188 -1 -1 19.626390
167 170 188 -1 25.645821
210 224 -1 -1 27.845791
224 227 -1 -1 36.978300
210 224 227 -1 37.171897
224 238 -1 -1 27.451222
224 227 238 -1 36.978300
238 265 -1 -1 29.639315
238 255 265 -1 31.460515
356 386 -1 -1 34.094247
356 367 386 -1 34.592267
188 204 -1 -1 20.867833
204 210 -1 -1 21.211869
188 204 210 -1 32.109219
304 321 -1 -1 30.132903
321 337 -1 -1 31.016011
304 321 337 -1 36.518739
406 409 -1 -1 27.541971
386 406 -1 -1 26.543427
386 406 409 -1 30.431041
265 289 -1 -1 27.042926
265 278 289 -1 33.977870
123 144 -1 -1 21.993430
123 141 144 -1 23.286059
356 374 -1 -1 21.760765
374 386 -1 -1 27.767715
356 374 386 -1 35.277114
204 224 -1 -1 22.857578
204 210 224 -1 29.955490
289 321 -1 -1 28.075887
289 304 321 -1 34.930441
224 245 -1 -1 22.309931
238 245 -1 -1 23.140901
224 238 245 -1 32.142172
245 265 -1 -1 25.955955
238 245 265 -1 31.283652
337 344 -1 -1 37.655727
344 356 -1 -1 26.469479
337 344 356 -1 38.567609
321 344 -1 -1 27.420986
321 337 344 -1 38.419180
112 123 -1 -1 21.807928
112 144 -1 -1 28.987993
112 123 144 -1 30.838063
144 163 -1 -1 22.537883
163 170 -1 -1 17.853853
144 163 170 -1 23.989406
386 387 -1 -1 33.041126
374 387 -1 -1 21.114711
374 386 387 -1 33.235205
387 406 -1 -1 27.115020
386 387 406 -1 34.567509
163 188 -1 -1 28.368878
163 170 188 -1 28.771617
112 138 -1 -1 22.713580
138 144 -1 -1 23.967205
112 138 144 -1 30.777034
163 182 -1 -1 23.605679
182 188 -1 -1 21.839572
163 182 188 -1 29.777997
182 204 -1 -1 26.484090
182 188 204 -1 28.115257
344 374 -1 -1 27.787799
344 356 374 -1 30.664374
138 163 -1 -1 20.979015
138 144 163 -1 26.646373
204 209 -1 -1 21.916399
209 224 -1 -1 24.203803
204 209 224 -1 27.148907
259 265 -1 -1 24.453847
245 259 -1 -1 29.103254
245 259 265 -1 32.414235
259 289 -1 -1 33.823910
259 265 289 -1 34.724489
182 209 -1 -1 29.115463
182 204 209 -1 31.796983
387 408 -1 -1 22.010503
406 408 -1 -1 23.933289
387 406 408 -1 29.731084
224 230 -1 -1 28.438267
230 245 -1 -1 24.386450
224 230 245 -1 31.056228
289 290 -1 -1 27.106669
289 320 -1 -1 36.793995
290 320 -1 -1 22.957363
289 290 320 -1 36.793995
320 321 -1 -1 27.889501
289 320 321 -1 38.379010
259 290 -1 -1 29.571146
259 289 290 -1 35.663745
344 369 -1 -1 29.654731
369 374 -1 -1 26.102630
344 369 374 -1 33.007408
209 230 -1 -1 29.212789
209 224 230 -1 32.623619
320 344 -1 -1 34.290502
320 321 344 -1 35.707468
230 259 -1 -1 33.202691
230 245 259 -1 35.165239
162 163 -1 -1 21.727219
162 182 -1 -1 25.941727
162 163 182 -1 27.529529
112 117 -1 -1 23.639965
117 138 -1 -1 22.303057
112 117 138 -1 27.733264
182 201 -1 -1 23.523122
201 209 -1 -1 20.204856
182 201 209 -1 29.770823
138 162 -1 -1 24.971063
138 162 163 -1 27.360009
369 387 -1 -1 26.059695
369 374 387 -1 28.880795
320 330 -1 -1 18.157212
330 344 -1 -1 30.615979
320 330 344 -1 34.428451
330 349 -1 -1 16.965744
344 349 -1 -1 26.251222
330 344 349 -1 31.445776
349 369 -1 -1 25.203224
344 349 369 -1 31.441138
162 178 -1 -1 20.276573
178 182 -1 -1 27.151767
162 178 182 -1 28.933063
178 201 -1 -1 18.898825
178 182 201 -1 28.952129
251 259 -1 -1 23.486984
230 251 -1 -1 26.948514
230 251 259 -1 34.921982
209 216 -1 -1 25.574793
216 230 -1 -1 27.273572
209 216 230 -1 31.826151
138 140 -1 -1 27.547554
140 162 -1 -1 22.025110
138 140 162 -1 29.085793
259 276 -1 -1 29.442947
276 290 -1 -1 22.041727
259 276 290 -1 31.722796
117 140 -1 -1 23.504905
117 138 140 -1 30.215798
387 397 -1 -1 28.336593
397 408 -1 -1 25.515073
387 397 408 -1 30.562072
201 216 -1 -1 22.505910
201 209 216 -1 27.859178
369 397 -1 -1 31.522647
369 387 397 -1 33.851234
251 276 -1 -1 25.729586
251 259 276 -1 31.452666
369 381 -1 -1 24.000325
381 397 -1 -1 21.013887
369 381 397 -1 32.008187
357 369 -1 -1 25.410926
349 357 -1 -1 18.968414
349 357 369 -1 27.941640
216 231 -1 -1 23.114377
230 231 -1 -1 25.955288
216 230 231 -1 30.269323
231 251 -1 -1 24.591042
230 231 251 -1 30.710292
290 302 -1 -1 34.589006
302 320 -1 -1 33.081731
290 302 320 -1 37.344504
162 164 -1 -1 28.599213
164 178 -1 -1 24.007336
162 164 178 -1 29.883546
140 164 -1 -1 24.633374
140 162 164 -1 30.562129
357 381 -1 -1 20.956614
357 369 381 -1 27.252744
117 124 -1 -1 27.468705
124 140 -1 -1 21.795861
117 124 140 -1 29.159849
276 302 -1 -1 27.781627
276 290 302 -1 34.968533
194 201 -1 -1 24.818138
178 194 -1 -1 23.957630
178 194 201 -1 26.656134
302 330 -1 -1 30.842831
302 320 330 -1 34.578881
194 216 -1 -1 25.627810
194 201 216 -1 28.130091
330 333 -1 -1 20.241890
333 349 -1 -1 26.966731
330 333 349 -1 26.966731
302 333 -1 -1 24.666060
302 330 333 -1 31.517820
251 272 -1 -1 26.604559
272 276 -1 -1 21.313427
251 272 276 -1 29.280950
333 357 -1 -1 26.775262
333 349 357 -1 30.423892
248 251 -1 -1 26.492511
231 248 -1 -1 22.545882
231 248 251 -1 29.096162
164 194 -1 -1 31.670983
164 178 194 -1 32.095446
216 221 -1 -1 28.563388
221 231 -1 -1 22.503838
216 221 231 -1 29.067228
248 272 -1 -1 22.618486
248 251 272 -1 30.969823
133 140 -1 -1 29.825066
124 133 -1 -1 19.954996
124 133 140 -1 29.910864
194 221 -1 -1 32.480010
194 216 221 -1 35.645160
276 284 -1 -1 29.037682
284 302 -1 -1 25.891527
276 284 302 -1 31.866197
381 389 -1 -1 24.335136
389 397 -1 -1 28.061906
381 389 397 -1 29.175230
105 124 -1 -1 21.680350
133 164 -1 -1 26.470941
133 140 164 -1 31.761455
272 284 -1 -1 18.321411
272 276 284 -1 30.982314
397 410 -1 -1 33.016412
164 179 -1 -1 23.769257
179 194 -1 -1 23.061250
164 179 194 -1 32.195828
333 352 -1 -1 26.093003
352 357 -1 -1 26.165628
333 352 357 -1 31.556434
389 410 -1 -1 22.743314
389 397 410 -1 33.812871
357 372 -1 -1 26.270649
372 381 -1 -1 24.112316
357 372 381 -1 28.170650
352 372 -1 -1 18.562122
352 357 372 -1 29.031496
194 205 -1 -1 25.722178
205 221 -1 -1 22.976886
194 205 221 -1 32.742563
372 389 -1 -1 23.145844
372 381 389 -1 28.027297
221 248 -1 -1 29.804163
221 231 248 -1 31.491441
327 333 -1 -1 20.032113
302 327 -1 -1 30.486854
302 327 333 -1 30.664935
327 352 -1 -1 20.065847
327 333 352 -1 27.044235
284 296 -1 -1 17.572214
296 302 -1 -1 27.832258
284 296 302 -1 29.213748
179 205 -1 -1 24.960966
179 194 205 -1 29.695106
133 158 -1 -1 25.234067
158 164 -1 -1 29.341099
133 158 164 -1 32.055329
158 179 -1 -1 22.786450
158 164 179 -1 30.552139
105 113 -1 -1 20.281885
113 124 -1 -1 30.843651
105 113 124 -1 31.244918
113 133 -1 -1 24.941723
113 124 133 -1 31.555092
302 319 -1 -1 35.058723
319 327 -1 -1 17.340734
302 319 327 -1 35.461434
296 319 -1 -1 23.026581
296 302 319 -1 35.581007
248 271 -1 -1 31.206020
271 272 -1 -1 25.983605
248 271 272 -1 32.276775
271 284 -1 -1 21.915585
271 272 284 -1 26.139182
221 246 -1 -1 32.787247
246 248 -1 -1 23.313068
221 246 248 -1 33.975249
246 271 -1 -1 25.604835
246 248 271 -1 32.598842
372 375 -1 -1 23.632053
375 389 -1 -1 27.101351
372 375 389 -1 29.144486
221 222 -1 -1 26.910393
222 246 -1 -1 25.636756
221 222 246 -1 34.154362
205 222 -1 -1 26.428460
205 221 222 -1 29.598619
389 402 -1 -1 28.909412
402 410 -1 -1 22.363873
389 402 410 -1 31.376278
179 183 -1 -1 22.368041
183 205 -1 -1 26.480248
179 183 205 -1 29.126027
271 296 -1 -1 25.870203
271 284 296 -1 27.195818
113 136 -1 -1 23.219422
133 136 -1 -1 28.038854
113 133 136 -1 30.179632
136 158 -1 -1 24.062713
133 136 158 -1 30.059017
327 340 -1 -1 29.410885
340 352 -1 -1 29.791347
327 340 352 -1 31.920363
158 183 -1 -1 26.246619
158 179 183 -1 28.841636
375 402 -1 -1 31.711752
375 389 402 -1 35.411790
340 372 -1 -1 39.766291
340 352 372 -1 39.766291
340 375 -1 -1 34.887695
340 372 375 -1 40.536786
319 340 -1 -1 28.952473
319 327 340 -1 31.930072
296 300 -1 -1 23.375403
300 319 -1 -1 21.406927
296 300 319 -1 26.239295
205 207 -1 -1 29.760104
183 207 -1 -1 25.295468
183 205 207 -1 32.334027
207 222 -1 -1 24.208478
205 207 222 -1 31.369764
110 113 -1 -1 25.702874
246 266 -1 -1 31.254353
266 271 -1 -1 23.994841
246 266 271 -1 31.863791
271 300 -1 -1 36.507801
271 296 300 -1 36.507801
110 136 -1 -1 25.630056
110 113 136 -1 30.366150
222 234 -1 -1 25.301718
234 246 -1 -1 25.190093
222 234 246 -1 29.839479
266 300 -1 -1 37.265634
266 271 300 -1 41.252854
136 152 -1 -1 21.870987
152 158 -1 -1 27.538414
136 152 158 -1 29.850365
375 394 -1 -1 27.998159
394 402 -1 -1 24.513602
375 394 402 -1 33.029273
152 183 -1 -1 32.033601
152 158 183 -1 34.100638
340 361 -1 -1 27.510877
361 375 -1 -1 25.592457
340 361 375 -1 35.531247
234 266 -1 -1 29.409067
234 246 266 -1 33.966862
266 283 -1 -1 22.901624
283 300 -1 -1 22.570285
266 283 300 -1 37.265634
152 184 -1 -1 27.190564
183 184 -1 -1 24.788656
152 183 184 -1 36.852296
300 340 -1 -1 41.427854
300 319 340 -1 41.427854
300 316 -1 -1 24.272739
316 340 -1 -1 32.710203
300 316 340 -1 41.585799
184 207 -1 -1 25.014312
183 184 207 -1 30.108009
361 394 -1 -1 30.290292
361 375 394 -1 32.972104
207 213 -1 -1 22.567301
213 222 -1 -1 34.116635
207 213 222 -1 34.670755
213 234 -1 -1 29.547439
213 222 234 -1 35.132004
122 136 -1 -1 32.020181
110 122 -1 -1 24.428765
110 122 136 -1 32.800083
122 152 -1 -1 32.327286
122 136 152 -1 35.046626
340 347 -1 -1 31.501895
347 361 -1 -1 25.026005
340 347 361 -1 32.912363
316 347 -1 -1 30.092570
316 340 347 -1 37.609469
283 316 -1 -1 32.316134
283 300 316 -1 33.777902
234 243 -1 -1 22.093595
243 266 -1 -1 33.437925
234 243 266 -1 34.335620
361 382 -1 -1 25.986718
382 394 -1 -1 21.095882
361 382 394 -1 31.666716
122 156 -1 -1 27.587697
152 156 -1 -1 22.063428
122 152 156 -1 33.954876
156 184 -1 -1 29.115180
152 156 184 -1 32.008097
108 110 -1 -1 32.590283
266 273 -1 -1 30.145215
273 283 -1 -1 23.302091
266 273 283 -1 32.403541
108 122 -1 -1 23.792138
108 110 122 -1 35.622687
184 213 -1 -1 38.060159
184 207 213 -1 38.184065
213 243 -1 -1 32.180235
213 234 243 -1 33.287739
243 273 -1 -1 30.238050
243 266 273 -1 36.877306
394 416 -1 -1 34.940024
283 298 -1 -1 23.063793
298 316 -1 -1 29.340523
283 298 316 -1 33.591365
156 181 -1 -1 28.890633
181 184 -1 -1 25.651476
156 181 184 -1 33.701612
181 213 -1 -1 38.655514
181 184 213 -1 40.654308
382 416 -1 -1 34.285578
382 394 416 -1 36.683498
316 331 -1 -1 26.645066
331 347 -1 -1 23.301819
316 331 347 -1 31.474681
361 368 -1 -1 33.730362
368 382 -1 -1 24.259979
361 368 382 -1 34.224080
273 298 -1 -1 23.797791
273 283 298 -1 27.283300
347 368 -1 -1 29.534900
347 361 368 -1 34.702049
213 214 -1 -1 20.334920
181 214 -1 -1 31.170101
181 213 214 -1 39.834678
382 398 -1 -1 21.233499
398 416 -1 -1 23.585827
382 398 416 -1 34.731658
243 263 -1 -1 27.079167
263 273 -1 -1 19.019572
243 263 273 -1 31.546130
214 243 -1 -1 37.824188
213 214 243 -1 38.582141
298 312 -1 -1 20.294071
312 316 -1 -1 33.526701
298 312 316 -1 34.101442
122 148 -1 -1 31.040124
148 156 -1 -1 18.108657
122 148 156 -1 33.688781
312 331 -1 -1 20.299901
312 316 331 -1 33.966475
242 243 -1 -1 24.882768
214 242 -1 -1 33.204524
214 242 243 -1 38.445242
148 181 -1 -1 30.715463
148 156 181 -1 31.861011
118 122 -1 -1 30.358735
108 118 -1 -1 24.073440
108 118 122 -1 31.018038
118 148 -1 -1 27.874282
118 122 148 -1 34.879063
242 263 -1 -1 24.518202
242 243 263 -1 29.774138
368 398 -1 -1 28.738988
368 382 398 -1 29.271938
347 351 -1 -1 33.684505
351 368 -1 -1 24.873178
347 351 368 -1 35.513541
273 287 -1 -1 30.289247
287 298 -1 -1 23.189370
273 287 298 -1 32.377264
181 193 -1 -1 25.004046
193 214 -1 -1 28.418499
181 193 214 -1 33.513691
331 351 -1 -1 27.032547
331 347 351 -1 34.998876
214 220 -1 -1 21.888360
220 242 -1 -1 27.053858
214 220 242 -1 35.899553
287 312 -1 -1 22.598545
287 298 312 -1 25.640913
263 287 -1 -1 27.252489
263 273 287 -1 32.230308
398 407 -1 -1 21.480976
407 416 -1 -1 32.602723
398 407 416 -1 33.604305
148 173 -1 -1 33.318349
173 181 -1 -1 34.122897
148 173 181 -1 38.371263
368 390 -1 -1 29.994951
390 398 -1 -1 23.798044
368 390 398 -1 33.605526
118 151 -1 -1 27.492566
148 151 -1 -1 17.419519
118 148 151 -1 29.844971
151 173 -1 -1 20.454885
148 151 173 -1 33.318349
173 193 -1 -1 25.131137
173 181 193 -1 35.154504
331 334 -1 -1 25.872100
334 351 -1 -1 21.392741
331 334 351 -1 30.250276
193 220 -1 -1 26.549418
193 214 220 -1 30.724802
312 334 -1 -1 26.154449
312 331 334 -1 29.136202
368 373 -1 -1 24.425015
351 373 -1 -1 21.616282
351 368 373 -1 27.792964
373 390 -1 -1 17.668106
368 373 390 -1 30.782207
242 253 -1 -1 26.348033
253 263 -1 -1 22.543206
242 253 263 -1 29.973970
390 407 -1 -1 21.625519
390 398 407 -1 26.662474
263 279 -1 -1 33.958975
279 287 -1 -1 19.974074
263 279 287 -1 34.594401
253 279 -1 -1 25.219096
253 263 279 -1 34.926952
309 312 -1 -1 24.431865
287 309 -1 -1 26.642608
287 309 312 -1 29.053023
309 334 -1 -1 23.843154
309 312 334 -1 30.567314
118 142 -1 -1 25.984180
142 151 -1 -1 18.202104
118 142 151 -1 29.272553
220 232 -1 -1 23.532458
232 242 -1 -1 27.553436
220 232 242 -1 30.831299
115 118 -1 -1 26.521286
232 253 -1 -1 24.965905
232 242 253 -1 31.273420
115 142 -1 -1 20.322466
115 118 142 -1 29.163285
279 309 -1 -1 27.140987
279 287 309 -1 29.710576
351 365 -1 -1 27.581449
365 373 -1 -1 16.650394
351 365 373 -1 28.655318
193 198 -1 -1 24.471225
173 198 -1 -1 26.062496
173 193 198 -1 30.286882
193 218 -1 -1 37.793635
198 218 -1 -1 22.707798
193 198 218 -1 38.222702
218 220 -1 -1 29.227446
193 218 220 -1 37.793635
390 401 -1 -1 22.961712
401 407 -1 -1 19.494339
390 401 407 -1 26.672522
334 341 -1 -1 23.329061
341 351 -1 -1 31.472537
334 341 351 -1 32.584333
151 160 -1 -1 29.314945
160 173 -1 -1 27.592286
151 160 173 -1 31.078776
218 232 -1 -1 25.351260
218 220 232 -1 31.267513
142 160 -1 -1 22.566308
142 151 160 -1 29.899844
341 365 -1 -1 26.278798
341 351 365 -1 33.771551
365 390 -1 -1 27.976450
365 373 390 -1 28.574396
253 261 -1 -1 20.833776
261 279 -1 -1 23.491185
253 261 279 -1 27.618239
365 385 -1 -1 24.815178
385 390 -1 -1 24.264439
365 385 390 -1 29.305655
385 401 -1 -1 18.860331
385 390 401 -1 25.667249
173 177 -1 -1 25.885203
177 198 -1 -1 23.071723
173 177 198 -1 30.247455
160 177 -1 -1 18.240508
160 173 177 -1 29.362051
232 261 -1 -1 31.535268
232 253 261 -1 32.319061
309 311 -1 -1 21.634937
311 334 -1 -1 32.364944
309 311 334 -1 33.326068
311 341 -1 -1 27.661006
311 334 341 -1 33.733262
279 285 -1 -1 26.840803
285 309 -1 -1 33.549903
279 285 309 -1 34.883593
115 135 -1 -1 24.484641
135 142 -1 -1 20.119730
115 135 142 -1 26.353628
232 239 -1 -1 21.883467
239 261 -1 -1 25.430010
232 239 261 -1 32.437713
285 311 -1 -1 25.872848
285 309 311 -1 35.390912
135 160 -1 -1 19.147313
135 142 160 -1 24.596629
261 285 -1 -1 26.780218
261 279 285 -1 31.073590
363 365 -1 -1 17.857149
341 363 -1 -1 25.481918
341 363 365 -1 27.528949
363 385 -1 -1 24.729692
363 365 385 -1 27.152348
401 404 -1 -1 19.473334
115 119 -1 -1 26.802885
119 135 -1 -1 18.888102
115 119 135 -1 28.862821
218 239 -1 -1 30.775380
218 232 239 -1 32.372816
177 195 -1 -1 24.829508
195 198 -1 -1 21.942153
177 195 198 -1 27.340039
195 218 -1 -1 26.049223
195 198 218 -1 27.564692
385 404 -1 -1 24.847072
385 401 404 -1 25.578459
218 228 -1 -1 27.976726
228 239 -1 -1 21.443649
218 228 239 -1 31.929419
257 261 -1 -1 20.491000
239 257 -1 -1 23.529683
239 257 261 -1 27.500632
339 341 -1 -1 22.575448
311 339 -1 -1 28.854096
311 339 341 -1 32.403183
257 285 -1 -1 28.280829
257 261 285 -1 30.688393
384 385 -1 -1 22.196016
363 384 -1 -1 26.296965
363 384 385 -1 28.305308
384 404 -1 -1 23.765828
384 385 404 -1 28.218366
339 363 -1 -1 29.394555
339 341 363 -1 32.318958
135 143 -1 -1 18.339902
143 160 -1 -1 25.575328
135 143 160 -1 27.305778
160 169 -1 -1 25.850193
169 177 -1 -1 23.712976
160 169 177 -1 27.080619
404 413 -1 -1 19.033873
143 169 -1 -1 22.822922
143 160 169 -1 30.582086
119 143 -1 -1 22.083044
119 135 143 -1 23.875947
177 191 -1 -1 27.267761
191 195 -1 -1 18.241602
177 191 195 -1 30.937628
212 218 -1 -1 36.196128
195 212 -1 -1 27.619212
195 212 218 -1 36.196128
212 228 -1 -1 21.243494
212 218 228 -1 36.974596
311 313 -1 -1 22.893880
313 339 -1 -1 25.131097
311 313 339 -1 30.130886
285 313 -1 -1 30.862957
285 311 313 -1 32.753560
362 363 -1 -1 23.180032
339 362 -1 -1 27.193591
339 362 363 -1 32.370419
362 384 -1 -1 24.202911
362 363 384 -1 30.225347
169 191 -1 -1 21.150682
169 177 191 -1 29.068288
285 292 -1 -1 25.637749
292 313 -1 -1 23.932300
285 292 313 -1 32.855647
257 267 -1 -1 17.867209
267 285 -1 -1 33.017948
257 267 285 -1 33.835594
267 292 -1 -1 23.463437
267 285 292 -1 33.706232
228 235 -1 -1 23.584173
235 239 -1 -1 30.463842
228 235 239 -1 32.839308
235 257 -1 -1 28.934830
235 239 257 -1 32.714966
191 212 -1 -1 25.476580
191 195 212 -1 29.528619
384 413 -1 -1 30.719641
384 404 413 -1 30.995106
119 130 -1 -1 24.428430
130 143 -1 -1 20.110122
119 130 143 -1 27.119327
384 393 -1 -1 24.403242
393 413 -1 -1 26.489793
384 393 413 -1 33.328710
143 153 -1 -1 19.164270
153 169 -1 -1 21.065661
143 153 169 -1 25.303674
339 343 -1 -1 21.792827
343 362 -1 -1 24.622921
339 343 362 -1 30.574733
235 267 -1 -1 26.959899
235 257 267 -1 29.990643
130 153 -1 -1 19.873143
130 143 153 -1 23.095847
313 343 -1 -1 32.266497
313 339 343 -1 33.093113
362 393 -1 -1 34.745945
362 384 393 -1 35.372656
212 235 -1 -1 36.852342
212 228 235 -1 37.746744
105 -1 -1 -1 0.000000
107 -1 -1 -1 0.000000
108 -1 -1 -1 0.000000
110 -1 -1 -1 0.000000
111 -1 -1 -1 0.000000
112 -1 -1 -1 0.000000
113 -1 -1 -1 0.000000
115 -1 -1 -1 0.000000
117 -1 -1 -1 0.000000
118 -1 -1 -1 0.000000
119 -1 -1 -1 0.000000
122 -1 -1 -1 0.000000
123 -1 -1 -1 0.000000
124 -1 -1 -1 0.000000
128 -1 -1 -1 0.000000
129 -1 -1 -1 0.000000
130 -1 -1 -1 0.000000
131 -1 -1 -1 0.000000
133 -1 -1 -1 0.000000
135 -1 -1 -1 0.000000
136 -1 -1 -1 0.000000
138 -1 -1 -1 0.000000
140 -1 -1 -1 0.000000
141 -1 -1 -1 0.000000
142 -1 -1 -1 0.000000
143 -1 -1 -1 0.000000
144 -1 -1 -1 0.000000
148 -1 -1 -1 0.000000
149 -1 -1 -1 0.000000
150 -1 -1 -1 0.000000
151 -1 -1 -1 0.000000
152 -1 -1 -1 0.000000
153 -1 -1 -1 0.000000
156 -1 -1 -1 0.000000
158 -1 -1 -1 0.000000
160 -1 -1 -1 0.000000
162 -1 -1 -1 0.000000
163 -1 -1 -1 0.000000
164 -1 -1 -1 0.000000
166 -1 -1 -1 0.000000
167 -1 -1 -1 0.000000
169 -1 -1 -1 0.000000
170 -1 -1 -1 0.000000
171 -1 -1 -1 0.000000
173 -1 -1 -1 0.000000
177 -1 -1 -1 0.000000
178 -1 -1 -1 0.000000
179 -1 -1 -1 0.000000
181 -1 -1 -1 0.000000
182 -1 -1 -1 0.000000
183 -1 -1 -1 0.000000
184 -1 -1 -1 0.000000
185 -1 -1 -1 0.000000
188 -1 -1 -1 0.000000
190 -1 -1 -1 0.000000
191 -1 -1 -1 0.000000
193 -1 -1 -1 0.000000
194 -1 -1 -1 0.000000
195 -1 -1 -1 0.000000
198 -1 -1 -1 0.000000
199 -1 -1 -1 0.000000
201 -1 -1 -1 0.000000
204 -1 -1 -1 0.000000
205 -1 -1 -1 0.000000
207 -1 -1 -1 0.000000
208 -1 -1 -1 0.000000
209 -1 -1 -1 0.000000
210 -1 -1 -1 0.000000
212 -1 -1 -1 0.000000
213 -1 -1 -1 0.000000
214 -1 -1 -1 0.000000
216 -1 -1 -1 0.000000
218 -1 -1 -1 0.000000
219 -1 -1 -1 0.000000
220 -1 -1 -1 0.000000
221 -1 -1 -1 0.000000
222 -1 -1 -1 0.000000
224 -1 -1 -1 0.000000
227 -1 -1 -1 0.000000
228 -1 -1 -1 0.000000
230 -1 -1 -1 0.000000
231 -1 -1 -1 0.000000
232 -1 -1 -1 0.000000
234 -1 -1 -1 0.000000
235 -1 -1 -1 0.000000
237 -1 -1 -1 0.000000
238 -1 -1 -1 0.000000
239 -1 -1 -1 0.000000
241 -1 -1 -1 0.000000
242 -1 -1 -1 0.000000
243 -1 -1 -1 0.000000
245 -1 -1 -1 0.000000
246 -1 -1 -1 0.000000
248 -1 -1 -1 0.000000
251 -1 -1 -1 0.000000
253 -1 -1 -1 0.000000
254 -1 -1 -1 0.000000
255 -1 -1 -1 0.000000
257 -1 -1 -1 0.000000
259 -1 -1 -1 0.000000
261 -1 -1 -1 0.000000
263 -1 -1 -1 0.000000
265 -1 -1 -1 0.000000
266 -1 -1 -1 0.000000
267 -1 -1 -1 0.000000
268 -1 -1 -1 0.000000
271 -1 -1 -1 0.000000
272 -1 -1 -1 0.000000
273 -1 -1 -1 0.000000
276 -1 -1 -1 0.000000
278 -1 -1 -1 0.000000
279 -1 -1 -1 0.000000
283 -1 -1 -1 0.000000
284 -1 -1 -1 0.000000
285 -1 -1 -1 0.000000
287 -1 -1 -1 0.000000
289 -1 -1 -1 0.000000
290 -1 -1 -1 0.000000
292 -1 -1 -1 0.000000
295 -1 -1 -1 0.000000
296 -1 -1 -1 0.000000
298 -1 -1 -1 0.000000
300 -1 -1 -1 0.000000
302 -1 -1 -1 0.000000
304 -1 -1 -1 0.000000
309 -1 -1 -1 0.000000
311 -1 -1 -1 0.000000
312 -1 -1 -1 0.000000
313 -1 -1 -1 0.000000
316 -1 -1 -1 0.000000
319 -1 -1 -1 0.000000
320 -1 -1 -1 0.000000
321 -1 -1 -1 0.000000
322 -1 -1 -1 0.000000
327 -1 -1 -1 0.000000
330 -1 -1 -1 0.000000
331 -1 -1 -1 0.000000
333 -1 -1 -1 0.000000
334 -1 -1 -1 0.000000
337 -1 -1 -1 0.000000
339 -1 -1 -1 0.000000
340 -1 -1 -1 0.000000
341 -1 -1 -1 0.000000
343 -1 -1 -1 0.000000
344 -1 -1 -1 0.000000
346 -1 -1 -1 0.000000
347 -1 -1 -1 0.000000
349 -1 -1 -1 0.000000
351 -1 -1 -1 0.000000
352 -1 -1 -1 0.000000
356 -1 -1 -1 0.000000
357 -1 -1 -1 0.000000
361 -1 -1 -1 0.000000
362 -1 -1 -1 0.000000
363 -1 -1 -1 0.000000
364 -1 -1 -1 0.000000
365 -1 -1 -1 0.000000
367 -1 -1 -1 0.000000
368 -1 -1 -1 0.000000
369 -1 -1 -1 0.000000
372 -1 -1 -1 0.000000
373 -1 -1 -1 0.000000
374 -1 -1 -1 0.000000
375 -1 -1 -1 0.000000
381 -1 -1 -1 0.000000
382 -1 -1 -1 0.000000
384 -1 -1 -1 0.000000
385 -1 -1 -1 0.000000
386 -1 -1 -1 0.000000
387 -1 -1 -1 0.000000
388 -1 -1 -1 0.000000
389 -1 -1 -1 0.000000
390 -1 -1 -1 0.000000
393 -1 -1 -1 0.000000
394 -1 -1 -1 0.000000
397 -1 -1 -1 0.000000
398 -1 -1 -1 0.000000
401 -1 -1 -1 0.000000
402 -1 -1 -1 0.000000
404 -1 -1 -1 0.000000
406 -1 -1 -1 0.000000
407 -1 -1 -1 0.000000
408 -1 -1 -1 0.000000
409 -1 -1 -1 0.000000
410 -1 -1 -1 0.000000
413 -1 -1 -1 0.000000
416 -1 -1 -1 0.000000
