156 179 -1 -1 23.467588
280 292 -1 -1 14.481230
258 280 -1 -1 21.462234
390 409 -1 -1 18.388569
179 197 -1 -1 23.736102
106 123 -1 -1 29.987746
197 219 -1 -1 20.883564
292 311 -1 -1 28.414853
311 340 -1 -1 29.155890
151 156 -1 -1 25.215029
340 366 -1 -1 25.079790
366 390 -1 -1 29.083239
123 151 -1 -1 30.385562
245 258 -1 -1 22.445616
219 245 -1 -1 24.894255
258 269 -1 -1 18.490096
269 280 -1 -1 21.266221
258 269 280 -1 24.626804
366 392 -1 -1 20.133744
390 392 -1 -1 22.801432
366 390 392 -1 29.142142
392 409 -1 -1 19.818759
390 392 409 -1 24.484744
151 179 -1 -1 37.223596
151 156 179 -1 37.223596
177 179 -1 -1 29.855445
177 197 -1 -1 23.172705
177 179 197 -1 30.946852
280 311 -1 -1 35.316287
280 292 311 -1 35.498758
102 106 -1 -1 24.230482
151 177 -1 -1 31.961792
151 177 179 -1 38.399811
280 284 -1 -1 20.684110
284 311 -1 -1 30.834406
280 284 311 -1 35.316287
219 224 -1 -1 21.549618
224 245 -1 -1 18.740428
219 224 245 -1 26.605105
269 284 -1 -1 17.369262
269 280 284 -1 23.771149
245 269 -1 -1 21.462616
245 258 269 -1 26.297814
340 342 -1 -1 21.106117
311 342 -1 -1 32.047322
311 340 342 -1 33.359876
102 123 -1 -1 31.140247
102 106 123 -1 33.909023
342 366 -1 -1 21.874499
340 342 366 -1 28.183522
197 224 -1 -1 28.509931
197 219 224 -1 30.648840
284 297 -1 -1 14.968750
297 311 -1 -1 26.996155
284 297 311 -1 31.525210
197 200 -1 -1 25.280300
200 224 -1 -1 22.026653
197 200 224 -1 31.705937
311 332 -1 -1 27.688426
332 342 -1 -1 16.609382
311 332 342 -1 32.047322
177 200 -1 -1 24.502625
177 197 200 -1 28.661769
392 405 -1 -1 21.299505
405 409 -1 -1 28.224563
392 405 409 -1 28.748939
245 256 -1 -1 23.639978
256 269 -1 -1 24.046746
245 256 269 -1 27.120653
151 163 -1 -1 28.253590
163 177 -1 -1 21.492223
151 163 177 -1 33.989264
123 133 -1 -1 27.714312
133 151 -1 -1 29.579283
123 133 151 -1 34.948523
366 376 -1 -1 24.705893
376 392 -1 -1 24.048307
366 376 392 -1 27.073355
297 309 -1 -1 16.389516
309 311 -1 -1 29.243919
297 309 311 -1 30.218754
309 332 -1 -1 21.263427
309 311 332 -1 31.731604
256 284 -1 -1 29.367275
256 269 284 -1 30.904030
356 366 -1 -1 31.822462
342 356 -1 -1 22.733918
342 356 366 -1 32.405351
356 376 -1 -1 21.980041
356 366 376 -1 31.844322
376 405 -1 -1 27.715752
376 392 405 -1 29.797662
102 107 -1 -1 24.261129
107 123 -1 -1 38.243339
102 107 123 -1 39.560276
224 231 -1 -1 21.432828
231 245 -1 -1 30.326357
224 231 245 -1 30.874445
231 256 -1 -1 26.358560
231 245 256 -1 31.897546
256 276 -1 -1 21.188983
276 284 -1 -1 27.807755
256 276 284 -1 31.415586
107 133 -1 -1 32.409860
107 123 133 -1 39.677444
133 154 -1 -1 25.956370
151 154 -1 -1 38.670581
133 151 154 -1 39.014620
154 163 -1 -1 20.918991
151 154 163 -1 38.670581
276 297 -1 -1 24.759439
276 284 297 -1 27.890982
332 356 -1 -1 25.338959
332 342 356 -1 27.129254
200 231 -1 -1 28.164086
200 224 231 -1 29.049372
177 182 -1 -1 31.891470
163 182 -1 -1 22.783804
163 177 182 -1 31.897735
182 200 -1 -1 30.093718
177 182 200 -1 34.637665
376 394 -1 -1 21.813358
394 405 -1 -1 19.906828
376 394 405 -1 28.319123
200 207 -1 -1 23.034026
207 231 -1 -1 24.962083
200 207 231 -1 30.547374
332 335 -1 -1 20.413225
309 335 -1 -1 24.129023
309 332 335 -1 26.376042
182 207 -1 -1 21.540590
182 200 207 -1 31.293664
335 356 -1 -1 23.332269
332 335 356 -1 27.740648
107 125 -1 -1 28.382888
125 133 -1 -1 23.532176
107 125 133 -1 34.410667
276 309 -1 -1 33.839609
276 297 309 -1 33.839609
231 241 -1 -1 22.224378
241 256 -1 -1 27.040433
231 241 256 -1 30.206308
276 291 -1 -1 20.496720
291 309 -1 -1 31.588857
276 291 309 -1 34.833167
97 107 -1 -1 23.766431
309 314 -1 -1 20.363790
314 335 -1 -1 21.096670
309 314 335 -1 25.812123
291 314 -1 -1 19.672732
291 309 314 -1 31.588857
376 386 -1 -1 28.770853
386 394 -1 -1 18.934865
376 386 394 -1 29.295407
356 357 -1 -1 20.275709
357 376 -1 -1 30.081550
356 357 376 -1 30.602177
241 276 -1 -1 31.224854
241 256 276 -1 31.744638
357 386 -1 -1 24.310011
357 376 386 -1 32.813321
125 154 -1 -1 31.590286
125 133 154 -1 33.176536
154 182 -1 -1 30.327559
154 163 182 -1 32.679302
207 216 -1 -1 22.561196
216 231 -1 -1 28.285688
207 216 231 -1 30.278650
241 268 -1 -1 21.737207
268 276 -1 -1 24.682190
241 268 276 -1 32.817612
335 357 -1 -1 28.238795
335 356 357 -1 30.863242
216 241 -1 -1 24.608237
216 231 241 -1 30.425053
154 169 -1 -1 30.028024
169 182 -1 -1 28.050479
154 169 182 -1 33.715506
268 291 -1 -1 21.892273
268 276 291 -1 26.419783
314 328 -1 -1 22.560916
328 335 -1 -1 18.414637
314 328 335 -1 24.674432
328 357 -1 -1 27.687609
328 335 357 -1 29.915376
97 125 -1 -1 35.347534
97 107 125 -1 37.789962
182 193 -1 -1 26.686879
193 207 -1 -1 25.828061
182 193 207 -1 29.548673
125 149 -1 -1 31.726739
149 154 -1 -1 30.393856
125 149 154 -1 35.862079
149 169 -1 -1 20.970659
149 154 169 -1 34.303275
169 193 -1 -1 24.535216
169 182 193 -1 31.350139
193 216 -1 -1 25.867658
193 207 216 -1 29.143062
306 314 -1 -1 20.763388
291 306 -1 -1 23.121924
291 306 314 -1 24.651301
328 350 -1 -1 20.683844
350 357 -1 -1 22.756780
328 350 357 -1 29.847518
357 373 -1 -1 23.835242
373 386 -1 -1 23.177061
357 373 386 -1 27.734990
97 124 -1 -1 39.238412
124 125 -1 -1 24.148368
97 124 125 -1 39.513562
306 328 -1 -1 24.480247
306 314 328 -1 26.569064
92 97 -1 -1 16.207715
92 124 -1 -1 33.467774
92 97 124 -1 39.238412
124 149 -1 -1 28.536673
124 125 149 -1 34.927312
241 253 -1 -1 26.729969
253 268 -1 -1 21.515720
241 253 268 -1 28.694220
278 291 -1 -1 26.001804
268 278 -1 -1 20.788185
268 278 291 -1 27.634906
233 241 -1 -1 32.194687
216 233 -1 -1 22.818235
216 233 241 -1 32.622071
233 253 -1 -1 18.803444
233 241 253 -1 32.701236
350 373 -1 -1 23.326222
350 357 373 -1 27.949822
386 396 -1 -1 29.203496
291 301 -1 -1 28.193997
278 301 -1 -1 19.328800
278 291 301 -1 30.158833
301 306 -1 -1 16.681065
291 301 306 -1 28.294963
373 396 -1 -1 25.340239
373 386 396 -1 31.131166
306 325 -1 -1 20.377108
325 328 -1 -1 21.313161
306 325 328 -1 27.060012
325 350 -1 -1 22.969875
325 328 350 -1 26.510277
193 209 -1 -1 26.469529
209 216 -1 -1 30.896148
193 209 216 -1 32.401283
253 278 -1 -1 23.498972
253 268 278 -1 26.355226
209 233 -1 -1 23.069755
209 216 233 -1 32.678493
169 181 -1 -1 26.036025
181 193 -1 -1 24.980328
169 181 193 -1 30.711689
92 93 -1 -1 16.067545
92 115 -1 -1 34.146051
115 124 -1 -1 25.533384
92 115 124 -1 35.790761
93 115 -1 -1 23.804771
92 93 115 -1 34.876536
181 209 -1 -1 24.910658
181 193 209 -1 29.223519
124 140 -1 -1 30.761794
140 149 -1 -1 30.014161
124 140 149 -1 36.443685
278 289 -1 -1 18.079026
289 301 -1 -1 15.723846
278 289 301 -1 21.395673
351 373 -1 -1 28.417211
350 351 -1 -1 21.117362
350 351 373 -1 29.829706
373 377 -1 -1 24.672894
377 396 -1 -1 26.755697
373 377 396 -1 30.297976
301 325 -1 -1 27.334005
301 306 325 -1 29.039543
164 169 -1 -1 34.162028
149 164 -1 -1 34.348709
149 164 169 -1 37.283013
325 351 -1 -1 27.780178
325 350 351 -1 29.824485
164 181 -1 -1 22.880402
164 169 181 -1 34.549382
253 261 -1 -1 23.905666
261 278 -1 -1 26.155202
253 261 278 -1 29.204894
351 377 -1 -1 24.191132
351 373 377 -1 31.183948
93 95 -1 -1 18.725409
140 164 -1 -1 25.993694
140 149 164 -1 35.658861
396 407 -1 -1 21.025618
261 289 -1 -1 25.607828
261 278 289 -1 29.380876
301 304 -1 -1 20.060884
304 325 -1 -1 30.512224
301 304 325 -1 31.121432
304 326 -1 -1 26.044058
325 326 -1 -1 18.690998
304 325 326 -1 32.866967
326 351 -1 -1 24.280749
325 326 351 -1 28.183918
115 140 -1 -1 31.642011
115 124 140 -1 34.638819
289 304 -1 -1 16.309099
289 301 304 -1 22.423381
209 229 -1 -1 24.894200
229 233 -1 -1 22.575940
209 229 233 -1 27.759840
229 253 -1 -1 34.870893
229 233 253 -1 34.870893
229 261 -1 -1 30.180008
229 253 261 -1 35.647578
377 407 -1 -1 26.196580
377 396 407 -1 29.977257
279 289 -1 -1 20.681644
261 279 -1 -1 18.722875
261 279 289 -1 30.907385
95 115 -1 -1 26.131639
93 95 115 -1 27.122272
181 186 -1 -1 22.205028
186 209 -1 -1 27.183105
181 186 209 -1 31.045797
115 120 -1 -1 21.249736
120 140 -1 -1 25.639146
115 120 140 -1 32.009488
304 317 -1 -1 17.577339
317 326 -1 -1 17.928210
304 317 326 -1 26.044058
164 186 -1 -1 26.560682
164 181 186 -1 27.933998
279 304 -1 -1 22.346283
279 289 304 -1 23.642893
229 248 -1 -1 20.889469
248 261 -1 -1 21.234373
229 248 261 -1 30.908906
326 344 -1 -1 27.394369
344 351 -1 -1 21.841626
326 344 351 -1 29.215549
203 209 -1 -1 31.599558
186 203 -1 -1 19.248160
186 203 209 -1 32.556231
203 229 -1 -1 28.756058
203 209 229 -1 33.605865
344 377 -1 -1 32.250392
344 351 377 -1 32.796580
377 400 -1 -1 29.651136
400 407 -1 -1 18.069568
377 400 407 -1 31.061814
375 377 -1 -1 24.052948
344 375 -1 -1 26.114288
344 375 377 -1 33.029384
375 400 -1 -1 24.116467
375 377 400 -1 33.122983
95 103 -1 -1 31.557824
103 115 -1 -1 37.917920
95 103 115 -1 39.701270
103 120 -1 -1 30.938917
103 115 120 -1 38.298096
140 146 -1 -1 31.501710
146 164 -1 -1 30.482349
140 146 164 -1 35.846577
298 304 -1 -1 26.983355
279 298 -1 -1 28.753909
279 298 304 -1 30.973558
298 317 -1 -1 20.301567
298 304 317 -1 27.237043
317 324 -1 -1 21.475701
324 326 -1 -1 30.532342
317 324 326 -1 30.532342
324 344 -1 -1 25.461503
324 326 344 -1 32.251510
164 175 -1 -1 30.982207
175 186 -1 -1 22.317613
164 175 186 -1 32.883935
203 220 -1 -1 17.735213
220 229 -1 -1 26.415177
203 220 229 -1 30.343976
248 279 -1 -1 30.391409
248 261 279 -1 34.515816
120 146 -1 -1 33.651641
120 140 146 -1 36.379256
220 248 -1 -1 28.755593
220 229 248 -1 30.763239
146 175 -1 -1 31.598511
146 164 175 -1 36.504865
248 267 -1 -1 21.369084
267 279 -1 -1 32.121255
248 267 279 -1 32.211244
267 281 -1 -1 17.929305
279 281 -1 -1 29.953962
267 279 281 -1 35.433757
281 298 -1 -1 18.611414
279 281 298 -1 30.777108
103 122 -1 -1 24.145595
120 122 -1 -1 18.556748
103 120 122 -1 31.611407
175 203 -1 -1 28.305363
175 186 203 -1 29.493531
122 146 -1 -1 32.231654
120 122 146 -1 36.411166
248 250 -1 -1 18.657867
220 250 -1 -1 21.496940
220 248 250 -1 29.718731
298 324 -1 -1 27.240923
298 317 324 -1 28.475700
400 401 -1 -1 18.730995
344 345 -1 -1 25.012048
345 375 -1 -1 31.183444
344 345 375 -1 32.862614
250 267 -1 -1 17.214837
248 250 267 -1 23.000544
375 401 -1 -1 30.016199
375 400 401 -1 30.189039
324 345 -1 -1 27.089434
324 344 345 -1 30.672732
189 203 -1 -1 27.508459
175 189 -1 -1 24.166655
175 189 203 -1 31.175221
375 379 -1 -1 23.663286
379 401 -1 -1 23.809650
375 379 401 -1 31.686114
220 230 -1 -1 16.348049
230 250 -1 -1 17.768581
220 230 250 -1 24.773475
122 127 -1 -1 21.714672
127 146 -1 -1 31.902692
122 127 146 -1 35.327813
146 158 -1 -1 25.933078
158 175 -1 -1 25.124985
146 158 175 -1 33.700243
298 312 -1 -1 26.802127
312 324 -1 -1 22.680768
298 312 324 -1 30.567141
345 379 -1 -1 28.994390
345 375 379 -1 33.575292
189 220 -1 -1 30.140432
189 203 220 -1 31.183728
213 220 -1 -1 31.157282
189 213 -1 -1 20.598986
189 213 220 -1 32.875016
213 230 -1 -1 20.402655
213 220 230 -1 31.157282
250 255 -1 -1 20.634207
255 267 -1 -1 21.345926
250 255 267 -1 24.013599
312 345 -1 -1 35.808315
312 324 345 -1 36.361499
281 290 -1 -1 26.583263
290 298 -1 -1 34.286369
281 290 298 -1 34.425519
290 312 -1 -1 25.806974
290 298 312 -1 34.798235
401 406 -1 -1 17.699043
379 406 -1 -1 25.189406
379 401 406 -1 27.168281
158 189 -1 -1 31.616568
158 175 189 -1 32.440616
103 104 -1 -1 29.756399
104 122 -1 -1 35.748438
103 104 122 -1 37.601591
230 255 -1 -1 25.626697
230 250 255 -1 27.333013
127 158 -1 -1 36.506439
127 146 158 -1 37.903154
104 127 -1 -1 33.995130
104 122 127 -1 38.211169
312 333 -1 -1 24.528835
333 345 -1 -1 27.605068
312 333 345 -1 36.784794
345 361 -1 -1 25.075101
361 379 -1 -1 24.737408
345 361 379 -1 31.048802
230 242 -1 -1 23.000322
242 255 -1 -1 16.525312
230 242 255 -1 25.626697
266 267 -1 -1 36.886757
266 281 -1 -1 37.693811
266 267 281 -1 38.072301
255 266 -1 -1 21.365777
255 266 267 -1 36.886757
266 290 -1 -1 20.730014
266 281 290 -1 38.155877
127 143 -1 -1 26.262533
143 158 -1 -1 25.970797
127 143 158 -1 36.749029
187 189 -1 -1 18.961435
158 187 -1 -1 31.926039
158 187 189 -1 33.338256
213 228 -1 -1 15.425134
228 230 -1 -1 23.752250
213 228 230 -1 25.273431
228 242 -1 -1 14.596730
228 230 242 -1 25.640822
187 213 -1 -1 20.644146
187 189 213 -1 23.969264
158 168 -1 -1 21.565433
168 187 -1 -1 23.758669
158 168 187 -1 32.743816
333 361 -1 -1 28.108488
333 345 361 -1 31.769723
379 385 -1 -1 25.626484
385 406 -1 -1 24.249505
379 385 406 -1 30.180910
361 385 -1 -1 22.161408
361 379 385 -1 29.249022
104 108 -1 -1 19.712168
108 127 -1 -1 36.258341
104 108 127 -1 36.918226
290 305 -1 -1 22.669879
305 312 -1 -1 26.072586
290 305 312 -1 30.062788
108 131 -1 -1 20.103809
127 131 -1 -1 25.575994
108 127 131 -1 36.258341
143 168 -1 -1 24.079866
143 158 168 -1 28.000938
305 333 -1 -1 27.717767
305 312 333 -1 30.284908
131 143 -1 -1 24.361150
127 131 143 -1 29.599560
333 348 -1 -1 23.064053
348 361 -1 -1 24.086486
333 348 361 -1 30.046541
187 214 -1 -1 28.716150
213 214 -1 -1 27.343461
187 213 214 -1 31.305155
214 228 -1 -1 21.732142
213 214 228 -1 27.343461
242 266 -1 -1 29.238318
242 255 266 -1 29.602862
168 188 -1 -1 25.594892
187 188 -1 -1 19.594731
168 187 188 -1 27.289172
228 239 -1 -1 25.409656
239 242 -1 -1 24.356923
228 239 242 -1 26.630300
239 266 -1 -1 31.671619
239 242 266 -1 33.658517
188 214 -1 -1 21.300431
187 188 214 -1 29.633690
305 323 -1 -1 22.246472
323 333 -1 -1 27.998152
305 323 333 -1 31.892856
361 371 -1 -1 28.905333
371 385 -1 -1 22.809243
361 371 385 -1 31.427174
214 239 -1 -1 25.341219
214 228 239 -1 28.628347
290 293 -1 -1 35.480730
293 305 -1 -1 24.667118
290 293 305 -1 35.570549
348 371 -1 -1 24.055056
348 361 371 -1 30.041711
99 104 -1 -1 42.696325
99 108 -1 -1 26.966612
99 104 108 -1 42.696325
168 176 -1 -1 24.956425
176 188 -1 -1 17.438014
168 176 188 -1 27.348265
266 293 -1 -1 33.160064
266 290 293 -1 38.904010
323 348 -1 -1 25.886204
323 333 348 -1 30.192586
131 137 -1 -1 22.576712
137 143 -1 -1 26.976148
131 137 143 -1 29.521559
143 160 -1 -1 27.686709
160 168 -1 -1 27.820246
143 160 168 -1 32.472569
257 266 -1 -1 29.477565
239 257 -1 -1 25.768083
239 257 266 -1 34.226976
385 398 -1 -1 28.418874
137 160 -1 -1 20.325953
137 143 160 -1 29.624937
160 176 -1 -1 20.905146
160 168 176 -1 29.499189
257 293 -1 -1 27.999166
257 266 293 -1 37.808045
371 398 -1 -1 29.520812
371 385 398 -1 33.763654
108 119 -1 -1 29.535538
119 131 -1 -1 29.704551
108 119 131 -1 31.622319
293 323 -1 -1 32.475465
293 305 323 -1 33.528697
99 119 -1 -1 25.441111
99 108 119 -1 34.645760
188 198 -1 -1 27.846526
198 214 -1 -1 32.073438
188 198 214 -1 33.570132
323 331 -1 -1 18.541633
331 348 -1 -1 27.193455
323 331 348 -1 28.443028
119 137 -1 -1 25.729831
119 131 137 -1 31.687085
348 362 -1 -1 25.196626
362 371 -1 -1 19.706172
348 362 371 -1 30.308266
214 223 -1 -1 28.756148
223 239 -1 -1 28.134806
214 223 239 -1 31.806215
176 198 -1 -1 27.024745
176 188 198 -1 29.591793
198 223 -1 -1 23.684784
198 214 223 -1 36.146379
331 362 -1 -1 30.247197
331 348 362 -1 33.213374
371 391 -1 -1 26.908508
391 398 -1 -1 24.163725
371 391 398 -1 31.661407
293 300 -1 -1 24.690221
300 323 -1 -1 31.761065
293 300 323 -1 36.716699
223 257 -1 -1 37.823359
223 239 257 -1 37.987808
160 165 -1 -1 24.263932
165 176 -1 -1 23.542966
160 165 176 -1 26.510345
331 354 -1 -1 18.928651
354 362 -1 -1 16.958193
331 354 362 -1 30.247197
362 391 -1 -1 25.290825
362 371 391 -1 28.782061
223 244 -1 -1 22.733485
244 257 -1 -1 30.007172
223 244 257 -1 38.847743
300 331 -1 -1 29.813812
300 323 331 -1 33.473122
136 137 -1 -1 22.618413
119 136 -1 -1 25.271393
119 136 137 -1 28.705205
136 160 -1 -1 30.433691
136 137 160 -1 31.805695
165 198 -1 -1 29.792733
165 176 198 -1 32.459932
257 272 -1 -1 28.649907
272 293 -1 -1 34.367998
257 272 293 -1 35.973573
362 374 -1 -1 18.706133
374 391 -1 -1 18.325973
362 374 391 -1 26.069821
272 300 -1 -1 32.329321
272 293 300 -1 37.826354
136 165 -1 -1 36.380798
136 160 165 -1 37.103255
244 272 -1 -1 23.949291
244 257 272 -1 33.349025
136 147 -1 -1 21.149763
147 165 -1 -1 25.904451
136 147 165 -1 36.380798
99 112 -1 -1 36.888738
112 119 -1 -1 26.165202
99 112 119 -1 37.740279
354 374 -1 -1 20.671215
354 362 374 -1 22.228125
330 331 -1 -1 22.779218
300 330 -1 -1 29.837144
300 330 331 -1 32.344137
330 354 -1 -1 19.898940
330 331 354 -1 24.155772
112 136 -1 -1 33.082860
112 119 136 -1 35.492845
165 174 -1 -1 21.604212
174 198 -1 -1 29.651213
165 174 198 -1 33.733081
198 212 -1 -1 32.635496
212 223 -1 -1 29.141900
198 212 223 -1 37.230309
272 286 -1 -1 24.039453
286 300 -1 -1 26.772665
272 286 300 -1 34.084781
354 363 -1 -1 21.905465
363 374 -1 -1 17.179222
354 363 374 -1 23.562008
87 112 -1 -1 28.181244
212 244 -1 -1 28.374585
212 223 244 -1 32.711691
374 383 -1 -1 24.382699
383 391 -1 -1 27.975114
374 383 391 -1 28.654821
174 212 -1 -1 38.721283
174 198 212 -1 39.629189
300 319 -1 -1 29.390933
319 330 -1 -1 20.819230
300 319 330 -1 31.607116
174 191 -1 -1 19.792250
191 212 -1 -1 23.714880
174 191 212 -1 38.721283
112 128 -1 -1 26.074468
128 136 -1 -1 29.290794
112 128 136 -1 35.418656
363 383 -1 -1 20.513116
363 374 383 -1 27.554955
147 174 -1 -1 33.151841
147 165 174 -1 33.665393
330 363 -1 -1 30.179285
330 354 363 -1 30.210216
128 147 -1 -1 27.449836
128 136 147 -1 31.376150
286 319 -1 -1 26.057433
286 300 319 -1 32.385612
330 347 -1 -1 26.008949
347 363 -1 -1 24.081389
330 347 363 -1 31.504853
147 162 -1 -1 27.649494
162 174 -1 -1 25.816886
147 162 174 -1 34.536249
244 249 -1 -1 28.474048
249 272 -1 -1 34.435340
244 249 272 -1 35.913014
212 249 -1 -1 30.607131
212 244 249 -1 33.523159
271 272 -1 -1 34.773474
271 286 -1 -1 26.437803
271 272 286 -1 35.291537
249 271 -1 -1 22.544907
249 271 272 -1 37.706364
319 347 -1 -1 31.634864
319 330 347 -1 32.401061
145 147 -1 -1 28.539332
128 145 -1 -1 24.604766
128 145 147 -1 32.971924
145 162 -1 -1 22.863021
145 147 162 -1 33.706085
363 372 -1 -1 26.626954
372 383 -1 -1 22.251811
363 372 383 -1 30.563736
110 112 -1 -1 35.380966
87 110 -1 -1 30.094559
87 110 112 -1 36.607640
212 226 -1 -1 27.162054
226 249 -1 -1 23.710433
212 226 249 -1 33.523660
347 372 -1 -1 25.807392
347 363 372 -1 31.311570
383 404 -1 -1 28.070957
110 128 -1 -1 31.242383
110 112 128 -1 37.871837
162 191 -1 -1 30.631430
162 174 191 -1 33.210256
286 295 -1 -1 24.397264
295 319 -1 -1 30.989454
286 295 319 -1 34.098523
191 226 -1 -1 31.874358
191 212 226 -1 34.701048
271 295 -1 -1 22.728369
271 286 295 -1 28.904122
295 321 -1 -1 25.117084
319 321 -1 -1 21.955084
295 319 321 -1 33.033818
321 347 -1 -1 31.413625
319 321 347 -1 35.884569
372 404 -1 -1 28.927363
372 383 404 -1 31.931486
191 196 -1 -1 19.894643
196 226 -1 -1 25.737641
191 196 226 -1 32.795479
128 134 -1 -1 25.726352
134 145 -1 -1 20.277249
128 134 145 -1 28.055461
162 178 -1 -1 27.077801
178 191 -1 -1 34.087048
162 178 191 -1 36.409356
110 134 -1 -1 28.460583
110 128 134 -1 33.551211
178 196 -1 -1 21.379341
178 191 196 -1 34.096108
321 353 -1 -1 34.959051
347 353 -1 -1 24.625632
321 347 353 -1 37.703041
353 372 -1 -1 24.559413
347 353 372 -1 29.864734
372 381 -1 -1 19.105029
381 404 -1 -1 23.362040
372 381 404 -1 29.467211
145 157 -1 -1 22.267527
157 162 -1 -1 27.038247
145 157 162 -1 28.782314
238 249 -1 -1 31.715004
226 238 -1 -1 22.753314
226 238 249 -1 32.361384
321 336 -1 -1 20.808831
336 353 -1 -1 19.623509
321 336 353 -1 34.959051
249 265 -1 -1 34.339082
265 271 -1 -1 23.496855
249 265 271 -1 35.067862
157 178 -1 -1 23.581377
157 162 178 -1 30.737301
196 204 -1 -1 17.621139
204 226 -1 -1 24.015246
196 204 226 -1 27.217728
238 265 -1 -1 24.300087
238 249 265 -1 35.752621
265 295 -1 -1 31.992168
265 271 295 -1 33.301177
295 296 -1 -1 22.199219
296 321 -1 -1 30.869133
295 296 321 -1 31.818623
353 381 -1 -1 30.894056
353 372 381 -1 31.009946
134 157 -1 -1 29.721463
134 145 157 -1 30.915458
204 238 -1 -1 27.074555
204 226 238 -1 28.622432
110 126 -1 -1 31.792312
126 134 -1 -1 20.594527
110 126 134 -1 33.838919
265 296 -1 -1 29.226591
265 295 296 -1 33.368884
101 110 -1 -1 29.475194
321 322 -1 -1 26.539162
296 322 -1 -1 24.987150
296 321 322 -1 32.228953
322 336 -1 -1 19.147125
321 322 336 -1 26.605934
178 204 -1 -1 29.926755
178 196 204 -1 30.430150
101 126 -1 -1 29.868946
101 110 126 -1 36.100646
87 -1 -1 -1 0.000000
92 -1 -1 -1 0.000000
93 -1 -1 -1 0.000000
95 -1 -1 -1 0.000000
97 -1 -1 -1 0.000000
99 -1 -1 -1 0.000000
101 -1 -1 -1 0.000000
102 -1 -1 -1 0.000000
103 -1 -1 -1 0.000000
104 -1 -1 -1 0.000000
106 -1 -1 -1 0.000000
107 -1 -1 -1 0.000000
108 -1 -1 -1 0.000000
110 -1 -1 -1 0.000000
112 -1 -1 -1 0.000000
115 -1 -1 -1 0.000000
119 -1 -1 -1 0.000000
120 -1 -1 -1 0.000000
122 -1 -1 -1 0.000000
123 -1 -1 -1 0.000000
124 -1 -1 -1 0.000000
125 -1 -1 -1 0.000000
126 -1 -1 -1 0.000000
127 -1 -1 -1 0.000000
128 -1 -1 -1 0.000000
131 -1 -1 -1 0.000000
133 -1 -1 -1 0.000000
134 -1 -1 -1 0.000000
136 -1 -1 -1 0.000000
137 -1 -1 -1 0.000000
140 -1 -1 -1 0.000000
143 -1 -1 -1 0.000000
145 -1 -1 -1 0.000000
146 -1 -1 -1 0.000000
147 -1 -1 -1 0.000000
149 -1 -1 -1 0.000000
151 -1 -1 -1 0.000000
154 -1 -1 -1 0.000000
156 -1 -1 -1 0.000000
157 -1 -1 -1 0.000000
158 -1 -1 -1 0.000000
160 -1 -1 -1 0.000000
162 -1 -1 -1 0.000000
163 -1 -1 -1 0.000000
164 -1 -1 -1 0.000000
165 -1 -1 -1 0.000000
168 -1 -1 -1 0.000000
169 -1 -1 -1 0.000000
174 -1 -1 -1 0.000000
175 -1 -1 -1 0.000000
176 -1 -1 -1 0.000000
177 -1 -1 -1 0.000000
178 -1 -1 -1 0.000000
179 -1 -1 -1 0.000000
181 -1 -1 -1 0.000000
182 -1 -1 -1 0.000000
186 -1 -1 -1 0.000000
187 -1 -1 -1 0.000000
188 -1 -1 -1 0.000000
189 -1 -1 -1 0.000000
191 -1 -1 -1 0.000000
193 -1 -1 -1 0.000000
196 -1 -1 -1 0.000000
197 -1 -1 -1 0.000000
198 -1 -1 -1 0.000000
200 -1 -1 -1 0.000000
203 -1 -1 -1 0.000000
204 -1 -1 -1 0.000000
207 -1 -1 -1 0.000000
209 -1 -1 -1 0.000000
212 -1 -1 -1 0.000000
213 -1 -1 -1 0.000000
214 -1 -1 -1 0.000000
216 -1 -1 -1 0.000000
219 -1 -1 -1 0.000000
220 -1 -1 -1 0.000000
223 -1 -1 -1 0.000000
224 -1 -1 -1 0.000000
226 -1 -1 -1 0.000000
228 -1 -1 -1 0.000000
229 -1 -1 -1 0.000000
230 -1 -1 -1 0.000000
231 -1 -1 -1 0.000000
233 -1 -1 -1 0.000000
238 -1 -1 -1 0.000000
239 -1 -1 -1 0.000000
241 -1 -1 -1 0.000000
242 -1 -1 -1 0.000000
244 -1 -1 -1 0.000000
245 -1 -1 -1 0.000000
248 -1 -1 -1 0.000000
249 -1 -1 -1 0.000000
250 -1 -1 -1 0.000000
253 -1 -1 -1 0.000000
255 -1 -1 -1 0.000000
256 -1 -1 -1 0.000000
257 -1 -1 -1 0.000000
258 -1 -1 -1 0.000000
261 -1 -1 -1 0.000000
265 -1 -1 -1 0.000000
266 -1 -1 -1 0.000000
267 -1 -1 -1 0.000000
268 -1 -1 -1 0.000000
269 -1 -1 -1 0.000000
271 -1 -1 -1 0.000000
272 -1 -1 -1 0.000000
276 -1 -1 -1 0.000000
278 -1 -1 -1 0.000000
279 -1 -1 -1 0.000000
280 -1 -1 -1 0.000000
281 -1 -1 -1 0.000000
284 -1 -1 -1 0.000000
286 -1 -1 -1 0.000000
289 -1 -1 -1 0.000000
290 -1 -1 -1 0.000000
291 -1 -1 -1 0.000000
292 -1 -1 -1 0.000000
293 -1 -1 -1 0.000000
295 -1 -1 -1 0.000000
296 -1 -1 -1 0.000000
297 -1 -1 -1 0.000000
298 -1 -1 -1 0.000000
300 -1 -1 -1 0.000000
301 -1 -1 -1 0.000000
304 -1 -1 -1 0.000000
305 -1 -1 -1 0.000000
306 -1 -1 -1 0.000000
309 -1 -1 -1 0.000000
311 -1 -1 -1 0.000000
312 -1 -1 -1 0.000000
314 -1 -1 -1 0.000000
317 -1 -1 -1 0.000000
319 -1 -1 -1 0.000000
321 -1 -1 -1 0.000000
322 -1 -1 -1 0.000000
323 -1 -1 -1 0.000000
324 -1 -1 -1 0.000000
325 -1 -1 -1 0.000000
326 -1 -1 -1 0.000000
328 -1 -1 -1 0.000000
330 -1 -1 -1 0.000000
331 -1 -1 -1 0.000000
332 -1 -1 -1 0.000000
333 -1 -1 -1 0.000000
335 -1 -1 -1 0.000000
336 -1 -1 -1 0.000000
340 -1 -1 -1 0.000000
342 -1 -1 -1 0.000000
344 -1 -1 -1 0.000000
345 -1 -1 -1 0.000000
347 -1 -1 -1 0.000000
348 -1 -1 -1 0.000000
350 -1 -1 -1 0.000000
351 -1 -1 -1 0.000000
353 -1 -1 -1 0.000000
354 -1 -1 -1 0.000000
356 -1 -1 -1 0.000000
357 -1 -1 -1 0.000000
361 -1 -1 -1 0.000000
362 -1 -1 -1 0.000000
363 -1 -1 -1 0.000000
366 -1 -1 -1 0.000000
371 -1 -1 -1 0.000000
372 -1 -1 -1 0.000000
373 -1 -1 -1 0.000000
374 -1 -1 -1 0.000000
375 -1 -1 -1 0.000000
376 -1 -1 -1 0.000000
377 -1 -1 -1 0.000000
379 -1 -1 -1 0.000000
381 -1 -1 -1 0.000000
383 -1 -1 -1 0.000000
385 -1 -1 -1 0.000000
386 -1 -1 -1 0.000000
390 -1 -1 -1 0.000000
391 -1 -1 -1 0.000000
392 -1 -1 -1 0.000000
394 -1 -1 -1 0.000000
396 -1 -1 -1 0.000000
398 -1 -1 -1 0.000000
400 -1 -1 -1 0.000000
401 -1 -1 -1 0.000000
404 -1 -1 -1 0.000000
405 -1 -1 -1 0.000000
406 -1 -1 -1 0.000000
407 -1 -1 -1 0.000000
409 -1 -1 -1 0.000000
