158 176 -1 -1 18.547183
193 210 -1 -1 16.678379
210 229 -1 -1 21.895209
329 357 -1 -1 28.639028
176 193 -1 -1 17.518037
253 272 -1 -1 23.136567
103 116 -1 -1 21.004688
357 381 -1 -1 28.442496
381 402 -1 -1 26.510807
229 253 -1 -1 28.069766
140 158 -1 -1 20.497451
116 140 -1 -1 21.155135
272 301 -1 -1 34.978094
301 329 -1 -1 31.392610
272 283 -1 -1 29.220910
283 301 -1 -1 23.969833
272 283 301 -1 35.673947
210 211 -1 -1 19.714564
211 229 -1 -1 25.569078
210 211 229 -1 26.877943
229 238 -1 -1 26.310842
238 253 -1 -1 22.765316
229 238 253 -1 31.141893
158 162 -1 -1 22.544724
162 176 -1 -1 22.990702
158 162 176 -1 26.167740
253 283 -1 -1 32.158538
253 272 283 -1 33.834131
100 103 -1 -1 32.473683
100 116 -1 -1 25.644563
100 103 116 -1 32.721756
211 238 -1 -1 25.334523
211 229 238 -1 30.018099
377 381 -1 -1 25.877669
357 377 -1 -1 33.822665
357 377 381 -1 34.885386
140 162 -1 -1 28.871499
140 158 162 -1 30.494018
176 184 -1 -1 27.035458
184 193 -1 -1 25.409457
176 184 193 -1 28.399178
329 349 -1 -1 32.651399
349 357 -1 -1 25.842179
329 349 357 -1 35.235544
381 400 -1 -1 34.162001
400 402 -1 -1 26.791517
381 400 402 -1 34.377796
301 316 -1 -1 23.844952
316 329 -1 -1 30.181227
301 316 329 -1 33.927419
253 263 -1 -1 22.973240
263 283 -1 -1 21.910657
253 263 283 -1 32.880559
377 400 -1 -1 25.423033
377 381 400 -1 35.144722
134 140 -1 -1 20.252078
116 134 -1 -1 22.847376
116 134 140 -1 24.512194
193 211 -1 -1 32.375017
193 210 211 -1 33.736173
162 184 -1 -1 25.737016
162 176 184 -1 29.310137
184 211 -1 -1 27.833143
184 193 211 -1 33.651501
134 162 -1 -1 30.724824
134 140 162 -1 31.776943
238 263 -1 -1 23.934675
238 253 263 -1 27.144170
349 377 -1 -1 33.332011
349 357 377 -1 36.537064
149 162 -1 -1 18.069763
134 149 -1 -1 18.852357
134 149 162 -1 30.724824
316 349 -1 -1 33.742248
316 329 349 -1 37.905740
211 214 -1 -1 16.299904
214 238 -1 -1 23.576503
211 214 238 -1 27.113740
100 115 -1 -1 25.712265
115 116 -1 -1 31.977409
100 115 116 -1 33.141464
115 134 -1 -1 23.856874
115 116 134 -1 32.025001
184 196 -1 -1 22.151361
196 211 -1 -1 29.777806
184 196 211 -1 30.846067
196 214 -1 -1 21.824334
196 211 214 -1 30.783538
316 326 -1 -1 19.473070
326 349 -1 -1 28.412637
316 326 349 -1 33.742248
162 174 -1 -1 27.142872
174 184 -1 -1 22.912711
162 174 184 -1 29.853326
283 289 -1 -1 26.339058
289 301 -1 -1 34.300706
283 289 301 -1 35.505598
214 239 -1 -1 20.692852
238 239 -1 -1 21.132191
214 238 239 -1 25.672320
239 263 -1 -1 27.066735
238 239 263 -1 28.054398
349 365 -1 -1 27.224374
365 377 -1 -1 23.455022
349 365 377 -1 33.917925
289 316 -1 -1 31.770335
289 301 316 -1 35.585849
149 174 -1 -1 27.073035
149 162 174 -1 29.970211
239 261 -1 -1 24.958375
261 263 -1 -1 18.470083
239 261 263 -1 29.110592
149 160 -1 -1 18.025204
160 174 -1 -1 18.843797
149 160 174 -1 27.073035
261 283 -1 -1 35.252224
261 263 283 -1 35.252224
174 196 -1 -1 24.353860
174 184 196 -1 27.567921
344 349 -1 -1 27.452078
326 344 -1 -1 20.325918
326 344 349 -1 30.638203
115 138 -1 -1 24.508189
134 138 -1 -1 31.218451
115 134 138 -1 32.009471
138 149 -1 -1 27.429339
134 138 149 -1 31.287858
261 289 -1 -1 34.536917
261 283 289 -1 37.750951
377 398 -1 -1 38.211011
398 400 -1 -1 28.291087
377 398 400 -1 38.660394
214 219 -1 -1 21.450689
219 239 -1 -1 20.435035
214 219 239 -1 23.815121
344 365 -1 -1 26.018948
344 349 365 -1 32.442490
196 219 -1 -1 25.331567
196 214 219 -1 27.952565
377 382 -1 -1 36.639512
365 382 -1 -1 23.335779
365 377 382 -1 37.000750
382 398 -1 -1 23.284848
377 382 398 -1 39.209335
138 160 -1 -1 22.483853
138 149 160 -1 28.647984
261 271 -1 -1 22.004014
271 289 -1 -1 29.230562
261 271 289 -1 36.437963
289 306 -1 -1 23.583608
306 316 -1 -1 35.555944
289 306 316 -1 37.475281
306 326 -1 -1 29.628978
306 316 326 -1 35.555944
100 108 -1 -1 39.267315
108 115 -1 -1 24.667867
100 108 115 -1 39.383888
239 245 -1 -1 22.743934
245 261 -1 -1 22.702380
239 245 261 -1 29.195379
174 185 -1 -1 23.390838
185 196 -1 -1 24.202210
174 185 196 -1 28.867111
196 207 -1 -1 25.393253
207 219 -1 -1 20.833315
196 207 219 -1 27.794978
219 245 -1 -1 24.466920
219 239 245 -1 26.486148
306 331 -1 -1 22.030475
326 331 -1 -1 22.844219
306 326 331 -1 30.774794
185 207 -1 -1 21.193180
185 196 207 -1 28.555866
160 161 -1 -1 20.365515
161 174 -1 -1 28.703770
160 161 174 -1 28.703770
331 344 -1 -1 26.461524
326 331 344 -1 28.005341
344 363 -1 -1 27.539211
363 365 -1 -1 26.716964
344 363 365 -1 32.040165
108 138 -1 -1 31.050467
108 115 138 -1 32.522968
245 271 -1 -1 25.323869
245 261 271 -1 26.496093
161 185 -1 -1 27.774847
161 174 185 -1 33.097521
363 382 -1 -1 23.732343
363 365 382 -1 28.785416
138 161 -1 -1 27.924693
138 160 161 -1 28.276460
280 289 -1 -1 34.511020
271 280 -1 -1 20.623789
271 280 289 -1 35.563353
280 306 -1 -1 28.747740
280 289 306 -1 35.065121
344 345 -1 -1 22.945239
345 363 -1 -1 19.827414
344 345 363 -1 28.483667
219 225 -1 -1 22.568336
207 225 -1 -1 19.026302
207 219 225 -1 25.242224
225 245 -1 -1 25.762305
219 225 245 -1 28.805705
331 345 -1 -1 22.657641
331 344 345 -1 29.227863
127 138 -1 -1 27.038164
108 127 -1 -1 29.882497
108 127 138 -1 34.575217
127 161 -1 -1 32.186903
127 138 161 -1 35.146962
225 246 -1 -1 21.304567
245 246 -1 -1 18.471907
225 245 246 -1 27.943694
161 181 -1 -1 24.551576
181 185 -1 -1 22.906813
161 181 185 -1 29.364157
306 311 -1 -1 23.084381
311 331 -1 -1 22.863471
306 311 331 -1 27.880461
246 271 -1 -1 31.348982
245 246 271 -1 32.312070
363 379 -1 -1 26.028032
379 382 -1 -1 25.254296
363 379 382 -1 30.030227
379 398 -1 -1 39.531660
379 382 398 -1 39.911316
185 199 -1 -1 28.966302
199 207 -1 -1 23.800982
185 199 207 -1 30.875621
280 311 -1 -1 29.690714
280 306 311 -1 31.973633
181 199 -1 -1 21.093822
181 185 199 -1 30.939950
246 256 -1 -1 19.186026
256 271 -1 -1 33.680498
246 256 271 -1 35.808332
154 161 -1 -1 24.474297
127 154 -1 -1 27.901483
127 154 161 -1 33.599140
331 335 -1 -1 28.984137
335 345 -1 -1 23.019961
331 335 345 -1 30.026940
199 225 -1 -1 28.297818
199 207 225 -1 28.628402
256 280 -1 -1 31.873313
256 271 280 -1 34.824449
104 108 -1 -1 32.611190
104 127 -1 -1 31.331706
104 108 127 -1 37.207352
154 181 -1 -1 25.711710
154 161 181 -1 30.212596
311 335 -1 -1 26.010215
311 331 335 -1 31.134570
379 395 -1 -1 24.113768
220 225 -1 -1 18.893565
199 220 -1 -1 19.246824
199 220 225 -1 29.462999
280 293 -1 -1 22.708411
293 311 -1 -1 23.414202
280 293 311 -1 30.913777
345 355 -1 -1 27.909693
355 363 -1 -1 30.690922
345 355 363 -1 31.755587
220 246 -1 -1 28.931893
220 225 246 -1 28.931893
355 379 -1 -1 32.406306
355 363 379 -1 35.158038
220 233 -1 -1 18.131073
233 246 -1 -1 24.655854
220 233 246 -1 29.986111
335 355 -1 -1 25.039923
335 345 355 -1 31.093296
256 273 -1 -1 20.900386
273 280 -1 -1 29.835819
256 273 280 -1 33.652824
233 256 -1 -1 27.271735
233 246 256 -1 28.870560
273 293 -1 -1 23.521060
273 280 293 -1 30.884415
311 317 -1 -1 22.863558
317 335 -1 -1 21.930763
311 317 335 -1 27.927836
104 126 -1 -1 28.283589
126 127 -1 -1 28.780842
104 126 127 -1 35.011315
293 317 -1 -1 24.579480
293 311 317 -1 27.936258
126 154 -1 -1 32.488258
126 127 154 -1 35.261234
181 182 -1 -1 25.040772
182 199 -1 -1 27.318242
181 182 199 -1 29.156006
154 182 -1 -1 30.850461
154 181 182 -1 31.807503
199 205 -1 -1 21.885242
205 220 -1 -1 21.924959
199 205 220 -1 25.543922
379 380 -1 -1 28.313751
355 380 -1 -1 32.339353
355 379 380 -1 37.011136
380 395 -1 -1 25.301805
379 380 395 -1 29.781110
182 205 -1 -1 24.905451
182 199 205 -1 29.506572
154 157 -1 -1 23.355928
126 157 -1 -1 28.057089
126 154 157 -1 33.271048
157 182 -1 -1 26.421400
154 157 182 -1 32.859860
233 249 -1 -1 22.973596
249 256 -1 -1 27.841695
233 249 256 -1 32.213380
205 233 -1 -1 28.661732
205 220 233 -1 28.661732
293 299 -1 -1 24.042416
299 317 -1 -1 22.035858
293 299 317 -1 27.876153
317 330 -1 -1 21.318448
330 335 -1 -1 28.685119
317 330 335 -1 30.552250
205 221 -1 -1 20.770688
221 233 -1 -1 22.304474
205 221 233 -1 29.423986
249 273 -1 -1 28.846330
249 256 273 -1 30.876424
330 355 -1 -1 36.083925
330 335 355 -1 36.488531
355 360 -1 -1 24.056451
360 380 -1 -1 22.420911
355 360 380 -1 32.339353
273 299 -1 -1 32.915170
273 293 299 -1 34.354937
104 106 -1 -1 34.406073
106 126 -1 -1 32.998032
104 106 126 -1 37.671508
273 275 -1 -1 21.935861
275 299 -1 -1 25.058518
273 275 299 -1 33.626020
221 249 -1 -1 26.148775
221 233 249 -1 28.036347
330 346 -1 -1 23.661805
346 355 -1 -1 39.507497
330 346 355 -1 40.777325
346 360 -1 -1 21.622258
346 355 360 -1 39.740334
182 194 -1 -1 27.780352
194 205 -1 -1 25.965391
182 194 205 -1 30.253560
126 137 -1 -1 24.789116
137 157 -1 -1 27.997586
126 137 157 -1 33.302701
157 171 -1 -1 25.467398
171 182 -1 -1 26.157041
157 171 182 -1 29.921270
249 275 -1 -1 32.485374
249 273 275 -1 33.962946
299 330 -1 -1 29.773484
299 317 330 -1 30.090429
249 266 -1 -1 23.233726
266 275 -1 -1 20.300537
249 266 275 -1 32.485374
380 389 -1 -1 30.770376
194 221 -1 -1 28.356643
194 205 221 -1 30.719215
106 137 -1 -1 30.284733
106 126 137 -1 35.390571
171 194 -1 -1 23.452530
171 182 194 -1 30.200259
247 249 -1 -1 23.092306
221 247 -1 -1 28.323836
221 247 249 -1 32.374341
275 295 -1 -1 23.341540
295 299 -1 -1 19.515877
275 295 299 -1 27.800799
360 366 -1 -1 23.846891
366 380 -1 -1 33.331999
360 366 380 -1 33.573068
137 152 -1 -1 24.521426
152 157 -1 -1 31.671763
137 152 157 -1 33.880249
152 171 -1 -1 21.289147
152 157 171 -1 31.986508
194 217 -1 -1 24.019185
217 221 -1 -1 19.457067
194 217 221 -1 29.606293
247 266 -1 -1 19.419220
247 249 266 -1 26.471663
366 389 -1 -1 25.705313
366 380 389 -1 36.666536
299 322 -1 -1 33.804204
322 330 -1 -1 25.542164
299 322 330 -1 35.970521
217 247 -1 -1 25.608824
217 221 247 -1 31.370598
295 322 -1 -1 27.537412
295 299 322 -1 35.096691
106 119 -1 -1 25.755430
119 137 -1 -1 22.914631
106 119 137 -1 31.154777
322 346 -1 -1 27.709798
322 330 346 -1 29.810052
346 366 -1 -1 28.462655
346 360 366 -1 30.437237
266 278 -1 -1 20.921780
275 278 -1 -1 25.727864
266 275 278 -1 27.537059
278 295 -1 -1 25.158163
275 278 295 -1 28.971955
171 180 -1 -1 27.108696
180 194 -1 -1 30.527830
171 180 194 -1 32.337712
194 202 -1 -1 27.521217
202 217 -1 -1 24.975425
194 202 217 -1 29.953323
217 231 -1 -1 19.871404
231 247 -1 -1 21.574937
217 231 247 -1 27.104623
295 303 -1 -1 18.300288
303 322 -1 -1 25.212692
295 303 322 -1 28.272568
180 202 -1 -1 21.065228
180 194 202 -1 32.378595
259 266 -1 -1 25.147503
247 259 -1 -1 25.319909
247 259 266 -1 27.498619
322 337 -1 -1 28.819998
337 346 -1 -1 29.674482
322 337 346 -1 33.980971
137 142 -1 -1 33.795226
119 142 -1 -1 26.406585
119 137 142 -1 34.146094
142 152 -1 -1 25.083978
137 142 152 -1 34.248786
152 180 -1 -1 29.990347
152 171 180 -1 31.316938
278 303 -1 -1 26.674906
278 295 303 -1 28.912173
259 278 -1 -1 22.220209
259 266 278 -1 26.766936
337 366 -1 -1 36.734771
337 346 366 -1 38.485603
202 231 -1 -1 26.748951
202 217 231 -1 28.563054
231 259 -1 -1 28.319937
231 247 259 -1 29.679724
278 287 -1 -1 19.057429
287 303 -1 -1 19.064339
278 287 303 -1 27.346232
337 367 -1 -1 30.876030
366 367 -1 -1 24.972075
337 366 367 -1 38.538026
367 389 -1 -1 38.612601
366 367 389 -1 38.612601
113 119 -1 -1 21.311418
315 322 -1 -1 27.058841
303 315 -1 -1 25.305356
303 315 322 -1 30.160591
388 389 -1 -1 33.791934
152 166 -1 -1 31.621857
166 180 -1 -1 22.168238
152 166 180 -1 33.363028
367 388 -1 -1 26.665588
367 388 389 -1 39.195597
142 166 -1 -1 26.108493
142 152 166 -1 33.521482
315 337 -1 -1 29.964235
315 322 337 -1 33.497776
231 242 -1 -1 20.288045
242 259 -1 -1 22.416891
231 242 259 -1 28.695952
113 142 -1 -1 29.173713
113 119 142 -1 31.611921
202 212 -1 -1 21.973446
212 231 -1 -1 24.516585
202 212 231 -1 28.408928
259 287 -1 -1 30.134012
259 278 287 -1 30.654175
259 281 -1 -1 29.338857
281 287 -1 -1 18.572616
259 281 287 -1 31.281604
212 242 -1 -1 24.215386
212 231 242 -1 28.492037
298 303 -1 -1 30.827122
287 298 -1 -1 24.391973
287 298 303 -1 30.827122
298 315 -1 -1 24.252667
298 303 315 -1 33.664313
259 260 -1 -1 23.094903
260 281 -1 -1 20.677731
259 260 281 -1 30.805553
242 260 -1 -1 20.108504
242 259 260 -1 25.410755
337 354 -1 -1 27.378330
354 367 -1 -1 27.713829
337 354 367 -1 33.499128
180 188 -1 -1 32.356800
188 202 -1 -1 31.031524
180 188 202 -1 34.565066
113 122 -1 -1 20.245111
122 142 -1 -1 29.127039
113 122 142 -1 33.480375
188 212 -1 -1 25.714891
188 202 212 -1 32.105636
105 113 -1 -1 27.652435
166 188 -1 -1 30.717509
166 180 188 -1 34.407462
142 146 -1 -1 28.672946
146 166 -1 -1 26.164886
142 146 166 -1 31.265040
281 298 -1 -1 24.277302
281 287 298 -1 27.270736
315 327 -1 -1 27.880828
327 337 -1 -1 35.181822
315 327 337 -1 38.669937
122 146 -1 -1 26.299616
122 142 146 -1 34.169280
105 122 -1 -1 24.566294
105 113 122 -1 31.795651
212 232 -1 -1 23.045033
232 242 -1 -1 21.826335
212 232 242 -1 26.760841
327 354 -1 -1 26.432661
327 337 354 -1 35.839348
367 372 -1 -1 31.267457
372 388 -1 -1 34.462599
367 372 388 -1 37.218895
354 372 -1 -1 25.324567
354 367 372 -1 33.572646
166 170 -1 -1 29.298168
170 188 -1 -1 24.822140
166 170 188 -1 34.088169
232 260 -1 -1 28.764132
232 242 260 -1 29.566913
298 327 -1 -1 33.324546
298 315 327 -1 34.995544
146 170 -1 -1 27.748320
146 166 170 -1 32.793814
209 212 -1 -1 26.684686
188 209 -1 -1 25.918175
188 209 212 -1 30.916458
372 387 -1 -1 21.355731
387 388 -1 -1 31.886286
372 387 388 -1 36.161280
209 232 -1 -1 19.653362
209 212 232 -1 28.507398
260 269 -1 -1 21.815217
269 281 -1 -1 23.850571
260 269 281 -1 26.034032
232 248 -1 -1 21.051527
248 260 -1 -1 26.565112
232 248 260 -1 31.855708
298 312 -1 -1 27.573497
312 327 -1 -1 25.621793
298 312 327 -1 36.668255
281 292 -1 -1 27.937629
292 298 -1 -1 24.793748
281 292 298 -1 30.229884
269 292 -1 -1 21.445649
269 281 292 -1 30.279805
248 269 -1 -1 21.255758
248 260 269 -1 28.231982
105 120 -1 -1 27.796919
120 122 -1 -1 24.617041
105 120 122 -1 30.202554
120 146 -1 -1 32.123390
120 122 146 -1 33.343060
292 312 -1 -1 23.010066
292 298 312 -1 30.614309
350 354 -1 -1 26.637913
327 350 -1 -1 28.686484
327 350 354 -1 32.473605
350 372 -1 -1 29.224067
350 354 372 -1 31.673648
188 198 -1 -1 32.572381
198 209 -1 -1 19.999707
188 198 209 -1 33.326632
120 145 -1 -1 29.269394
145 146 -1 -1 28.259419
120 145 146 -1 35.674225
170 198 -1 -1 32.848433
170 188 198 -1 35.246146
145 170 -1 -1 30.649659
145 146 170 -1 33.821282
230 232 -1 -1 29.493904
209 230 -1 -1 26.288668
209 230 232 -1 30.361327
230 248 -1 -1 23.863279
230 232 248 -1 29.776821
312 320 -1 -1 25.252185
320 327 -1 -1 33.049784
312 320 327 -1 34.829495
170 173 -1 -1 24.883633
173 198 -1 -1 24.348780
170 173 198 -1 33.984713
320 350 -1 -1 29.367742
320 327 350 -1 35.612197
269 270 -1 -1 22.643474
270 292 -1 -1 26.578069
269 270 292 -1 28.243515
369 372 -1 -1 29.444587
350 369 -1 -1 27.472893
350 369 372 -1 33.962608
107 120 -1 -1 25.021494
248 270 -1 -1 30.181895
248 269 270 -1 31.367951
369 387 -1 -1 32.613369
369 372 387 -1 34.533454
145 173 -1 -1 31.410390
145 170 173 -1 35.038590
198 230 -1 -1 30.321127
198 209 230 -1 31.834200
387 393 -1 -1 25.803753
248 251 -1 -1 27.014119
251 270 -1 -1 20.067865
248 251 270 -1 30.957670
369 393 -1 -1 26.386907
369 387 393 -1 33.256584
291 292 -1 -1 28.491007
291 312 -1 -1 31.713209
291 292 312 -1 33.026045
230 251 -1 -1 23.999667
230 248 251 -1 29.978770
270 291 -1 -1 24.493632
270 291 292 -1 32.392724
320 341 -1 -1 23.657466
341 350 -1 -1 23.337971
320 341 350 -1 30.880606
198 206 -1 -1 22.964257
206 230 -1 -1 22.891458
198 206 230 -1 32.017391
120 131 -1 -1 33.236611
131 145 -1 -1 26.344420
120 131 145 -1 37.007378
107 131 -1 -1 29.286612
107 120 131 -1 35.557612
341 369 -1 -1 27.360759
341 350 369 -1 30.955461
309 312 -1 -1 40.900155
291 309 -1 -1 28.743481
291 309 312 -1 41.596532
309 320 -1 -1 24.448431
309 312 320 -1 40.900155
145 165 -1 -1 32.007859
165 173 -1 -1 22.138043
145 165 173 -1 34.515335
393 401 -1 -1 23.385232
173 206 -1 -1 35.355916
173 198 206 -1 35.792068
369 375 -1 -1 22.024293
375 393 -1 -1 24.975835
369 375 393 -1 28.954472
230 235 -1 -1 27.917535
235 251 -1 -1 20.878273
230 235 251 -1 29.710813
173 192 -1 -1 31.951635
192 206 -1 -1 21.198267
173 192 206 -1 36.530756
131 165 -1 -1 33.897213
131 145 165 -1 35.869914
206 235 -1 -1 30.012331
206 230 235 -1 33.564433
251 267 -1 -1 27.327560
267 270 -1 -1 28.540494
251 267 270 -1 30.543204
267 291 -1 -1 30.413992
267 270 291 -1 32.256478
102 107 -1 -1 22.736642
165 192 -1 -1 31.713999
165 173 192 -1 34.364889
102 131 -1 -1 31.363528
102 107 131 -1 33.151856
340 369 -1 -1 39.470210
340 341 -1 -1 18.660266
340 375 -1 -1 36.213298
341 375 -1 -1 36.252230
340 341 369 -1 39.470210
340 369 375 -1 39.470210
341 369 375 -1 37.140146
340 341 375 -1 39.470210
340 341 369 375 39.470210
375 401 -1 -1 31.992580
375 393 401 -1 33.108259
320 340 -1 -1 39.210055
320 340 341 -1 39.210055
206 222 -1 -1 25.841759
222 235 -1 -1 18.951510
206 222 235 -1 30.949891
309 340 -1 -1 37.565241
309 320 340 -1 41.106912
131 159 -1 -1 32.220078
159 165 -1 -1 22.102294
131 159 165 -1 35.620106
235 267 -1 -1 32.727706
235 251 267 -1 33.460617
290 291 -1 -1 32.520856
290 309 -1 -1 28.270146
290 291 309 -1 36.406716
267 290 -1 -1 27.371222
267 290 291 -1 35.310396
375 384 -1 -1 24.094100
384 401 -1 -1 27.549012
375 384 401 -1 33.116305
192 222 -1 -1 28.618130
192 206 222 -1 30.816840
340 361 -1 -1 24.546650
361 375 -1 -1 27.364809
340 361 375 -1 36.347390
131 132 -1 -1 24.675315
102 132 -1 -1 30.260306
102 131 132 -1 35.245078
132 159 -1 -1 24.603842
131 132 159 -1 32.330663
165 183 -1 -1 30.258877
183 192 -1 -1 22.645792
165 183 192 -1 34.588370
309 338 -1 -1 40.353439
338 340 -1 -1 24.154335
309 338 340 -1 41.666843
235 257 -1 -1 29.928241
257 267 -1 -1 23.217641
235 257 267 -1 34.856210
309 318 -1 -1 28.243813
318 338 -1 -1 20.282584
309 318 338 -1 40.353439
361 384 -1 -1 25.395732
361 375 384 -1 30.479286
159 183 -1 -1 27.025835
159 165 183 -1 32.206154
290 318 -1 -1 28.859651
290 309 318 -1 34.098838
102 109 -1 -1 24.388492
109 132 -1 -1 27.776059
102 109 132 -1 33.176529
192 215 -1 -1 32.184249
215 222 -1 -1 17.994458
192 215 222 -1 33.697126
235 240 -1 -1 32.309879
222 240 -1 -1 25.830746
222 235 240 -1 34.717931
240 257 -1 -1 22.215905
235 240 257 -1 33.302016
192 200 -1 -1 30.944201
200 215 -1 -1 16.379540
192 200 215 -1 33.742496
183 200 -1 -1 24.333280
183 192 200 -1 31.993789
338 361 -1 -1 30.994103
338 340 361 -1 32.260633
257 290 -1 -1 36.304764
257 267 290 -1 36.767859
257 277 -1 -1 26.490187
277 290 -1 -1 27.727054
257 277 290 -1 36.528759
129 132 -1 -1 20.621471
109 129 -1 -1 21.456589
109 129 132 -1 27.776059
132 151 -1 -1 28.975732
151 159 -1 -1 22.960959
132 151 159 -1 30.685030
215 240 -1 -1 20.691590
215 222 240 -1 26.315400
159 169 -1 -1 27.734008
169 183 -1 -1 23.909416
159 169 183 -1 31.579556
384 399 -1 -1 28.373468
351 361 -1 -1 30.009709
338 351 -1 -1 24.032726
338 351 361 -1 34.728678
129 151 -1 -1 21.776151
129 132 151 -1 29.245411
361 376 -1 -1 26.520064
376 384 -1 -1 28.979142
361 376 384 -1 32.097263
151 169 -1 -1 19.026740
151 159 169 -1 28.072054
290 304 -1 -1 28.848067
304 318 -1 -1 24.438106
290 304 318 -1 33.778029
277 304 -1 -1 25.834081
277 290 304 -1 31.938130
376 399 -1 -1 31.096625
376 384 399 -1 34.737033
183 186 -1 -1 26.453855
186 200 -1 -1 20.740459
183 186 200 -1 29.385664
250 257 -1 -1 24.478941
240 250 -1 -1 20.570258
240 250 257 -1 26.640933
169 186 -1 -1 18.921440
169 183 186 -1 28.145226
351 376 -1 -1 26.876583
351 361 376 -1 32.647844
250 277 -1 -1 26.921346
250 257 277 -1 30.741839
215 223 -1 -1 23.035957
223 240 -1 -1 24.452810
215 223 240 -1 27.459388
109 114 -1 -1 25.249022
114 129 -1 -1 26.482769
109 114 129 -1 28.528347
200 223 -1 -1 27.163371
200 215 223 -1 27.447605
129 139 -1 -1 19.334804
139 151 -1 -1 23.349223
129 139 151 -1 25.974930
318 321 -1 -1 33.908069
321 338 -1 -1 35.857241
318 321 338 -1 37.743610
304 321 -1 -1 26.222724
304 318 321 -1 34.873550
186 197 -1 -1 17.309815
197 200 -1 -1 22.701420
186 197 200 -1 24.032719
321 351 -1 -1 32.760866
321 338 351 -1 37.330262
376 390 -1 -1 26.863232
390 399 -1 -1 23.626371
376 390 399 -1 32.256009
114 139 -1 -1 24.204512
114 129 139 -1 28.079869
197 223 -1 -1 23.013077
197 200 223 -1 29.230784
250 264 -1 -1 17.233345
264 277 -1 -1 26.644202
250 264 277 -1 29.562435
223 250 -1 -1 30.202503
223 240 250 -1 31.685730
100 -1 -1 -1 0.000000
102 -1 -1 -1 0.000000
103 -1 -1 -1 0.000000
104 -1 -1 -1 0.000000
105 -1 -1 -1 0.000000
106 -1 -1 -1 0.000000
107 -1 -1 -1 0.000000
108 -1 -1 -1 0.000000
109 -1 -1 -1 0.000000
113 -1 -1 -1 0.000000
114 -1 -1 -1 0.000000
115 -1 -1 -1 0.000000
116 -1 -1 -1 0.000000
119 -1 -1 -1 0.000000
120 -1 -1 -1 0.000000
122 -1 -1 -1 0.000000
126 -1 -1 -1 0.000000
127 -1 -1 -1 0.000000
129 -1 -1 -1 0.000000
131 -1 -1 -1 0.000000
132 -1 -1 -1 0.000000
134 -1 -1 -1 0.000000
137 -1 -1 -1 0.000000
138 -1 -1 -1 0.000000
139 -1 -1 -1 0.000000
140 -1 -1 -1 0.000000
142 -1 -1 -1 0.000000
145 -1 -1 -1 0.000000
146 -1 -1 -1 0.000000
149 -1 -1 -1 0.000000
151 -1 -1 -1 0.000000
152 -1 -1 -1 0.000000
154 -1 -1 -1 0.000000
157 -1 -1 -1 0.000000
158 -1 -1 -1 0.000000
159 -1 -1 -1 0.000000
160 -1 -1 -1 0.000000
161 -1 -1 -1 0.000000
162 -1 -1 -1 0.000000
165 -1 -1 -1 0.000000
166 -1 -1 -1 0.000000
169 -1 -1 -1 0.000000
170 -1 -1 -1 0.000000
171 -1 -1 -1 0.000000
173 -1 -1 -1 0.000000
174 -1 -1 -1 0.000000
176 -1 -1 -1 0.000000
180 -1 -1 -1 0.000000
181 -1 -1 -1 0.000000
182 -1 -1 -1 0.000000
183 -1 -1 -1 0.000000
184 -1 -1 -1 0.000000
185 -1 -1 -1 0.000000
186 -1 -1 -1 0.000000
188 -1 -1 -1 0.000000
192 -1 -1 -1 0.000000
193 -1 -1 -1 0.000000
194 -1 -1 -1 0.000000
196 -1 -1 -1 0.000000
197 -1 -1 -1 0.000000
198 -1 -1 -1 0.000000
199 -1 -1 -1 0.000000
200 -1 -1 -1 0.000000
202 -1 -1 -1 0.000000
205 -1 -1 -1 0.000000
206 -1 -1 -1 0.000000
207 -1 -1 -1 0.000000
209 -1 -1 -1 0.000000
210 -1 -1 -1 0.000000
211 -1 -1 -1 0.000000
212 -1 -1 -1 0.000000
214 -1 -1 -1 0.000000
215 -1 -1 -1 0.000000
217 -1 -1 -1 0.000000
219 -1 -1 -1 0.000000
220 -1 -1 -1 0.000000
221 -1 -1 -1 0.000000
222 -1 -1 -1 0.000000
223 -1 -1 -1 0.000000
225 -1 -1 -1 0.000000
229 -1 -1 -1 0.000000
230 -1 -1 -1 0.000000
231 -1 -1 -1 0.000000
232 -1 -1 -1 0.000000
233 -1 -1 -1 0.000000
235 -1 -1 -1 0.000000
238 -1 -1 -1 0.000000
239 -1 -1 -1 0.000000
240 -1 -1 -1 0.000000
242 -1 -1 -1 0.000000
245 -1 -1 -1 0.000000
246 -1 -1 -1 0.000000
247 -1 -1 -1 0.000000
248 -1 -1 -1 0.000000
249 -1 -1 -1 0.000000
250 -1 -1 -1 0.000000
251 -1 -1 -1 0.000000
253 -1 -1 -1 0.000000
256 -1 -1 -1 0.000000
257 -1 -1 -1 0.000000
259 -1 -1 -1 0.000000
260 -1 -1 -1 0.000000
261 -1 -1 -1 0.000000
263 -1 -1 -1 0.000000
264 -1 -1 -1 0.000000
266 -1 -1 -1 0.000000
267 -1 -1 -1 0.000000
269 -1 -1 -1 0.000000
270 -1 -1 -1 0.000000
271 -1 -1 -1 0.000000
272 -1 -1 -1 0.000000
273 -1 -1 -1 0.000000
275 -1 -1 -1 0.000000
277 -1 -1 -1 0.000000
278 -1 -1 -1 0.000000
280 -1 -1 -1 0.000000
281 -1 -1 -1 0.000000
283 -1 -1 -1 0.000000
287 -1 -1 -1 0.000000
289 -1 -1 -1 0.000000
290 -1 -1 -1 0.000000
291 -1 -1 -1 0.000000
292 -1 -1 -1 0.000000
293 -1 -1 -1 0.000000
295 -1 -1 -1 0.000000
298 -1 -1 -1 0.000000
299 -1 -1 -1 0.000000
301 -1 -1 -1 0.000000
303 -1 -1 -1 0.000000
304 -1 -1 -1 0.000000
306 -1 -1 -1 0.000000
309 -1 -1 -1 0.000000
311 -1 -1 -1 0.000000
312 -1 -1 -1 0.000000
315 -1 -1 -1 0.000000
316 -1 -1 -1 0.000000
317 -1 -1 -1 0.000000
318 -1 -1 -1 0.000000
320 -1 -1 -1 0.000000
321 -1 -1 -1 0.000000
322 -1 -1 -1 0.000000
326 -1 -1 -1 0.000000
327 -1 -1 -1 0.000000
329 -1 -1 -1 0.000000
330 -1 -1 -1 0.000000
331 -1 -1 -1 0.000000
335 -1 -1 -1 0.000000
337 -1 -1 -1 0.000000
338 -1 -1 -1 0.000000
340 -1 -1 -1 0.000000
341 -1 -1 -1 0.000000
344 -1 -1 -1 0.000000
345 -1 -1 -1 0.000000
346 -1 -1 -1 0.000000
349 -1 -1 -1 0.000000
350 -1 -1 -1 0.000000
351 -1 -1 -1 0.000000
354 -1 -1 -1 0.000000
355 -1 -1 -1 0.000000
357 -1 -1 -1 0.000000
360 -1 -1 -1 0.000000
361 -1 -1 -1 0.000000
363 -1 -1 -1 0.000000
365 -1 -1 -1 0.000000
366 -1 -1 -1 0.000000
367 -1 -1 -1 0.000000
369 -1 -1 -1 0.000000
372 -1 -1 -1 0.000000
375 -1 -1 -1 0.000000
376 -1 -1 -1 0.000000
377 -1 -1 -1 0.000000
379 -1 -1 -1 0.000000
380 -1 -1 -1 0.000000
381 -1 -1 -1 0.000000
382 -1 -1 -1 0.000000
384 -1 -1 -1 0.000000
387 -1 -1 -1 0.000000
388 -1 -1 -1 0.000000
389 -1 -1 -1 0.000000
390 -1 -1 -1 0.000000
393 -1 -1 -1 0.000000
395 -1 -1 -1 0.000000
398 -1 -1 -1 0.000000
399 -1 -1 -1 0.000000
400 -1 -1 -1 0.000000
401 -1 -1 -1 0.000000
402 -1 -1 -1 0.000000
