108 131 -1 -1 27.372338
278 317 -1 -1 39.863417
172 193 -1 -1 27.520405
358 383 -1 -1 25.323823
131 153 -1 -1 24.725332
193 217 -1 -1 26.143220
278 306 -1 -1 32.368367
306 317 -1 -1 23.527423
278 306 317 -1 40.668818
153 172 -1 -1 20.690731
317 337 -1 -1 32.879335
337 358 -1 -1 26.710622
272 278 -1 -1 25.944866
172 181 -1 -1 17.316390
181 193 -1 -1 26.138101
172 181 193 -1 29.894430
217 243 -1 -1 28.144007
243 272 -1 -1 28.182131
131 133 -1 -1 25.855163
108 133 -1 -1 27.556348
108 131 133 -1 31.713152
133 153 -1 -1 21.284467
131 133 153 -1 28.547899
306 337 -1 -1 30.335676
306 317 337 -1 34.841428
193 203 -1 -1 28.551141
203 217 -1 -1 24.858576
193 203 217 -1 30.814347
181 203 -1 -1 20.698133
181 193 203 -1 30.159535
383 395 -1 -1 25.704617
153 155 -1 -1 20.869744
155 172 -1 -1 28.900964
153 155 172 -1 30.132914
105 108 -1 -1 23.651388
155 181 -1 -1 25.246331
155 172 181 -1 29.555725
272 303 -1 -1 37.771068
278 303 -1 -1 42.871548
272 278 303 -1 43.551719
303 306 -1 -1 22.060301
278 303 306 -1 42.961268
358 377 -1 -1 33.236371
377 383 -1 -1 31.305476
358 377 383 -1 35.315783
105 133 -1 -1 29.141331
105 108 133 -1 31.629128
217 222 -1 -1 24.557589
222 243 -1 -1 27.840877
217 222 243 -1 30.946435
133 155 -1 -1 27.207384
133 153 155 -1 28.348026
377 395 -1 -1 20.947420
377 383 395 -1 32.110967
203 222 -1 -1 24.129506
203 217 222 -1 29.963169
337 361 -1 -1 32.105924
358 361 -1 -1 33.880516
337 358 361 -1 36.698503
361 377 -1 -1 23.608192
358 361 377 -1 36.420275
243 254 -1 -1 27.286244
254 272 -1 -1 28.357603
243 254 272 -1 32.260383
272 285 -1 -1 26.762561
285 303 -1 -1 24.204328
272 285 303 -1 37.851538
303 337 -1 -1 36.047809
303 306 337 -1 38.007613
155 180 -1 -1 24.465671
180 181 -1 -1 21.560314
155 180 181 -1 27.792536
180 203 -1 -1 24.328242
180 181 203 -1 26.448760
105 128 -1 -1 26.379561
128 133 -1 -1 23.169505
105 128 133 -1 31.567213
128 155 -1 -1 30.301799
128 133 155 -1 31.907656
333 337 -1 -1 28.381232
303 333 -1 -1 31.234388
303 333 337 -1 38.621726
222 254 -1 -1 34.860677
222 243 254 -1 37.496849
128 154 -1 -1 22.666380
154 155 -1 -1 19.682564
128 154 155 -1 30.700105
333 361 -1 -1 26.181725
333 337 361 -1 34.368388
222 231 -1 -1 21.649945
231 254 -1 -1 25.121364
222 231 254 -1 34.860677
200 203 -1 -1 27.451504
180 200 -1 -1 23.709196
180 200 203 -1 29.328298
200 222 -1 -1 29.043483
200 203 222 -1 31.386348
254 285 -1 -1 31.529882
254 272 285 -1 33.933988
154 180 -1 -1 28.412600
154 155 180 -1 30.042631
105 111 -1 -1 26.867171
111 128 -1 -1 22.593130
105 111 128 -1 30.017417
154 174 -1 -1 24.539028
174 180 -1 -1 21.215751
154 174 180 -1 29.574173
377 391 -1 -1 30.224451
303 313 -1 -1 28.622128
313 333 -1 -1 26.647798
303 313 333 -1 34.248623
200 231 -1 -1 31.806633
200 222 231 -1 32.618169
254 273 -1 -1 28.999236
273 285 -1 -1 25.033858
254 273 285 -1 33.768654
285 313 -1 -1 33.436477
285 303 313 -1 34.303008
174 200 -1 -1 26.783953
174 180 200 -1 28.231838
361 370 -1 -1 28.831780
370 377 -1 -1 30.779819
361 370 377 -1 34.538990
200 214 -1 -1 20.948851
214 231 -1 -1 23.233520
200 214 231 -1 31.843118
370 391 -1 -1 22.792459
370 377 391 -1 32.804924
128 146 -1 -1 34.245891
146 154 -1 -1 22.447886
128 146 154 -1 34.245891
231 241 -1 -1 21.993541
241 254 -1 -1 28.525425
231 241 254 -1 30.774617
285 294 -1 -1 30.310830
294 313 -1 -1 22.393531
285 294 313 -1 35.146290
333 354 -1 -1 33.236368
354 361 -1 -1 33.241645
333 354 361 -1 36.743172
128 135 -1 -1 33.668335
111 135 -1 -1 26.565315
111 128 135 -1 35.930029
135 146 -1 -1 19.447167
128 135 146 -1 36.759864
241 273 -1 -1 26.788676
241 254 273 -1 32.608392
146 174 -1 -1 25.831055
146 154 174 -1 28.460292
354 370 -1 -1 23.296306
354 361 370 -1 34.246081
273 294 -1 -1 24.787169
273 285 294 -1 32.577861
313 332 -1 -1 24.366462
332 333 -1 -1 28.456437
313 332 333 -1 30.824522
332 354 -1 -1 20.750421
332 333 354 -1 34.370491
174 196 -1 -1 26.742539
196 200 -1 -1 28.268002
174 196 200 -1 33.119070
110 111 -1 -1 21.900492
196 214 -1 -1 23.549319
196 200 214 -1 28.605590
214 241 -1 -1 31.787314
214 231 241 -1 31.815055
110 135 -1 -1 21.802503
110 111 135 -1 28.331938
214 229 -1 -1 21.913635
229 241 -1 -1 24.018566
214 229 241 -1 31.791020
146 169 -1 -1 25.391570
169 174 -1 -1 21.867510
146 169 174 -1 29.462206
169 196 -1 -1 21.455879
169 174 196 -1 30.631952
241 260 -1 -1 19.315125
260 273 -1 -1 22.954604
241 260 273 -1 28.148831
370 384 -1 -1 24.349851
384 391 -1 -1 21.764054
370 384 391 -1 27.331090
354 364 -1 -1 23.088760
364 370 -1 -1 27.562244
354 364 370 -1 29.984390
196 206 -1 -1 20.036659
206 214 -1 -1 24.257232
196 206 214 -1 26.730120
313 319 -1 -1 34.230660
319 332 -1 -1 25.256442
313 319 332 -1 35.556141
294 319 -1 -1 30.491716
294 313 319 -1 35.800764
364 384 -1 -1 24.343062
364 370 384 -1 30.321702
206 229 -1 -1 21.381075
206 214 229 -1 26.475273
273 286 -1 -1 32.328083
286 294 -1 -1 26.849440
273 286 294 -1 34.817810
146 161 -1 -1 30.641281
161 169 -1 -1 21.750654
146 161 169 -1 31.258408
260 286 -1 -1 26.642170
260 273 286 -1 32.745542
135 138 -1 -1 23.596028
138 146 -1 -1 30.565637
135 138 146 -1 32.597204
138 161 -1 -1 20.824533
138 146 161 -1 33.329959
229 260 -1 -1 30.370851
229 241 260 -1 32.142684
106 110 -1 -1 21.149625
110 122 -1 -1 23.611162
122 135 -1 -1 28.660255
110 122 135 -1 29.774068
294 297 -1 -1 28.090480
297 319 -1 -1 20.082498
294 297 319 -1 32.714946
229 238 -1 -1 21.300829
238 260 -1 -1 26.619620
229 238 260 -1 31.342738
286 297 -1 -1 19.114644
286 294 297 -1 30.899692
122 138 -1 -1 21.904458
122 135 138 -1 29.837952
332 335 -1 -1 27.850356
335 354 -1 -1 34.141611
332 335 354 -1 34.788540
260 266 -1 -1 19.937342
266 286 -1 -1 18.648668
260 266 286 -1 29.109882
106 122 -1 -1 16.517861
106 110 122 -1 24.050946
319 335 -1 -1 21.967714
319 332 335 -1 29.075755
364 382 -1 -1 21.524864
382 384 -1 -1 20.096835
364 382 384 -1 26.378048
169 185 -1 -1 27.247959
185 196 -1 -1 27.631310
169 185 196 -1 29.706444
354 356 -1 -1 34.291310
335 356 -1 -1 19.953735
335 354 356 -1 35.629063
356 364 -1 -1 20.483917
354 356 364 -1 34.291310
185 206 -1 -1 25.780914
185 196 206 -1 29.979834
161 185 -1 -1 26.727913
161 169 185 -1 30.538593
238 266 -1 -1 24.880955
238 260 266 -1 28.908568
211 229 -1 -1 30.118084
206 211 -1 -1 17.499691
206 211 229 -1 30.119382
211 238 -1 -1 29.067154
211 229 238 -1 32.122743
185 211 -1 -1 24.861094
185 206 211 -1 28.575500
122 127 -1 -1 18.946603
127 138 -1 -1 22.770695
122 127 138 -1 25.662707
364 372 -1 -1 29.071885
372 382 -1 -1 19.980055
364 372 382 -1 29.833727
382 396 -1 -1 25.712559
356 372 -1 -1 23.403898
356 364 372 -1 29.509312
161 168 -1 -1 24.419397
168 185 -1 -1 22.922320
161 168 185 -1 29.330111
106 107 -1 -1 20.695733
107 122 -1 -1 24.408018
106 107 122 -1 25.804698
138 147 -1 -1 28.183233
147 161 -1 -1 29.189355
138 147 161 -1 31.009313
211 219 -1 -1 19.137786
219 238 -1 -1 29.789686
211 219 238 -1 31.768456
238 265 -1 -1 28.543508
265 266 -1 -1 20.737102
238 265 266 -1 29.445724
319 320 -1 -1 30.855531
320 335 -1 -1 28.555797
319 320 335 -1 32.903744
297 320 -1 -1 31.170906
297 319 320 -1 34.174103
127 147 -1 -1 22.249009
127 138 147 -1 29.588212
107 127 -1 -1 22.017315
107 122 127 -1 25.932766
147 168 -1 -1 23.828469
147 161 168 -1 30.671711
266 282 -1 -1 32.995872
282 286 -1 -1 32.867340
266 282 286 -1 34.463567
282 297 -1 -1 34.494350
282 286 297 -1 35.138377
297 299 -1 -1 24.680839
299 320 -1 -1 19.978584
297 299 320 -1 32.518329
238 244 -1 -1 21.767725
244 265 -1 -1 19.753577
238 244 265 -1 28.993722
265 282 -1 -1 21.066439
265 266 282 -1 33.737631
282 299 -1 -1 20.069130
282 297 299 -1 35.030226
219 244 -1 -1 21.504027
219 238 244 -1 30.486498
372 396 -1 -1 26.909801
372 382 396 -1 29.147358
335 342 -1 -1 25.138234
342 356 -1 -1 25.317776
335 342 356 -1 29.432662
185 191 -1 -1 27.610377
191 211 -1 -1 26.887674
185 191 211 -1 31.785211
320 342 -1 -1 22.428912
320 335 342 -1 30.488721
168 191 -1 -1 27.621961
168 185 191 -1 30.295957
356 359 -1 -1 27.612452
359 372 -1 -1 23.343840
356 359 372 -1 29.245007
191 219 -1 -1 25.529383
191 211 219 -1 29.177566
342 359 -1 -1 20.133420
342 356 359 -1 29.172359
127 134 -1 -1 16.948434
134 147 -1 -1 20.373088
127 134 147 -1 23.490601
107 112 -1 -1 18.422030
112 127 -1 -1 24.670476
107 112 127 -1 26.980080
112 134 -1 -1 18.156802
112 127 134 -1 25.712873
372 380 -1 -1 27.080687
380 396 -1 -1 30.783885
372 380 396 -1 33.213228
147 164 -1 -1 24.857488
164 168 -1 -1 19.711756
147 164 168 -1 29.009325
164 191 -1 -1 28.975308
164 168 191 -1 30.609428
219 234 -1 -1 22.690373
234 244 -1 -1 19.840589
219 234 244 -1 24.813184
359 380 -1 -1 25.748848
359 372 380 -1 31.800707
396 397 -1 -1 27.652083
380 397 -1 -1 20.898120
380 396 397 -1 32.110524
244 261 -1 -1 27.794938
261 265 -1 -1 25.720523
244 261 265 -1 29.187271
261 282 -1 -1 28.760131
261 265 282 -1 30.967187
320 329 -1 -1 27.084890
329 342 -1 -1 23.137053
320 329 342 -1 28.703344
101 112 -1 -1 16.880066
215 219 -1 -1 26.767166
191 215 -1 -1 28.230198
191 215 219 -1 32.196039
234 261 -1 -1 24.406403
234 244 261 -1 29.801749
215 234 -1 -1 21.341924
215 219 234 -1 28.962615
299 300 -1 -1 27.357829
300 320 -1 -1 32.617491
299 300 320 -1 33.346640
112 129 -1 -1 21.255227
129 134 -1 -1 15.168950
112 129 134 -1 22.050922
129 147 -1 -1 32.279848
129 134 147 -1 32.554966
129 152 -1 -1 20.191356
147 152 -1 -1 31.165531
129 147 152 -1 32.279848
152 164 -1 -1 25.406023
147 152 164 -1 32.071671
282 300 -1 -1 32.923083
282 299 300 -1 33.958311
164 194 -1 -1 29.724888
191 194 -1 -1 24.069300
164 191 194 -1 32.442969
329 359 -1 -1 31.112160
329 342 359 -1 31.937173
300 329 -1 -1 30.544099
300 320 329 -1 35.499716
277 282 -1 -1 28.043839
261 277 -1 -1 23.716156
261 277 282 -1 31.667672
277 300 -1 -1 24.377199
277 282 300 -1 33.771618
194 215 -1 -1 21.693410
191 194 215 -1 29.354765
359 360 -1 -1 22.394764
360 380 -1 -1 24.541276
359 360 380 -1 27.890408
164 173 -1 -1 17.192088
173 194 -1 -1 20.657690
164 173 194 -1 30.608755
329 360 -1 -1 32.418300
329 359 360 -1 34.338428
101 129 -1 -1 27.524261
101 112 129 -1 27.611186
152 173 -1 -1 23.643056
152 164 173 -1 26.454981
94 101 -1 -1 20.342215
234 236 -1 -1 20.652186
215 236 -1 -1 24.105789
215 234 236 -1 26.664744
236 261 -1 -1 27.902726
234 236 261 -1 29.013137
101 125 -1 -1 27.663900
125 129 -1 -1 15.391406
101 125 129 -1 29.216804
300 316 -1 -1 23.897688
316 329 -1 -1 24.368158
300 316 329 -1 31.657698
125 152 -1 -1 22.826811
125 129 152 -1 24.338838
329 343 -1 -1 26.525533
343 360 -1 -1 25.251180
329 343 360 -1 33.736357
152 162 -1 -1 21.603550
162 173 -1 -1 18.402077
152 162 173 -1 25.001590
194 207 -1 -1 24.025054
207 215 -1 -1 22.789466
194 207 215 -1 26.844704
236 256 -1 -1 24.401198
256 261 -1 -1 28.283917
236 256 261 -1 31.305116
366 380 -1 -1 40.719461
360 366 -1 -1 23.108298
360 366 380 -1 40.719461
380 389 -1 -1 42.100823
389 397 -1 -1 36.734486
380 389 397 -1 42.100823
94 125 -1 -1 34.031275
94 101 125 -1 34.504084
256 277 -1 -1 30.495366
256 261 277 -1 32.256155
366 389 -1 -1 25.926492
366 380 389 -1 43.637131
120 125 -1 -1 18.891448
94 120 -1 -1 26.616007
94 120 125 -1 34.031275
173 184 -1 -1 22.497812
184 194 -1 -1 23.680458
173 184 194 -1 27.150923
316 343 -1 -1 25.292424
316 329 343 -1 30.235503
207 236 -1 -1 28.114959
207 215 236 -1 30.727909
162 184 -1 -1 20.731243
162 173 184 -1 25.416935
139 152 -1 -1 27.755695
125 139 -1 -1 23.878927
125 139 152 -1 29.852724
277 280 -1 -1 23.044179
280 300 -1 -1 35.028588
277 280 300 -1 36.192168
184 207 -1 -1 25.864146
184 194 207 -1 28.951144
139 162 -1 -1 24.273188
139 152 162 -1 29.826823
207 225 -1 -1 20.587619
225 236 -1 -1 21.719171
207 225 236 -1 29.108491
256 280 -1 -1 29.941005
256 277 280 -1 34.202759
343 366 -1 -1 28.025928
343 360 366 -1 30.617924
280 307 -1 -1 30.228451
300 307 -1 -1 38.269380
280 300 307 -1 38.984087
307 316 -1 -1 19.328779
300 307 316 -1 38.269380
120 139 -1 -1 23.809971
120 125 139 -1 26.422680
184 192 -1 -1 17.558826
192 207 -1 -1 22.031090
184 192 207 -1 27.419487
94 98 -1 -1 27.848093
98 120 -1 -1 28.423665
94 98 120 -1 33.781987
225 256 -1 -1 31.600030
225 236 256 -1 31.880064
162 163 -1 -1 19.934720
139 163 -1 -1 23.032046
139 162 163 -1 25.957321
163 184 -1 -1 24.246698
162 163 184 -1 25.792669
225 240 -1 -1 20.667186
240 256 -1 -1 25.544163
225 240 256 -1 33.155530
316 338 -1 -1 34.290790
338 343 -1 -1 23.000087
316 338 343 -1 34.925946
307 338 -1 -1 32.860116
307 316 338 -1 36.018746
192 210 -1 -1 17.825491
207 210 -1 -1 25.798009
192 207 210 -1 26.587771
210 225 -1 -1 21.722792
207 210 225 -1 27.068640
338 366 -1 -1 33.612445
338 343 366 -1 34.452294
256 268 -1 -1 29.536961
268 280 -1 -1 27.719671
256 268 280 -1 35.102147
98 115 -1 -1 23.914221
115 120 -1 -1 24.748098
98 115 120 -1 30.390265
115 139 -1 -1 29.684073
115 120 139 -1 30.697224
280 292 -1 -1 23.915916
292 307 -1 -1 29.454220
280 292 307 -1 33.169509
366 368 -1 -1 26.240196
368 389 -1 -1 30.537536
366 368 389 -1 32.588894
163 176 -1 -1 20.175634
176 184 -1 -1 29.981693
163 176 184 -1 30.408934
176 192 -1 -1 25.850855
176 184 192 -1 30.460272
240 268 -1 -1 26.785485
240 256 268 -1 32.366326
139 142 -1 -1 26.034548
142 163 -1 -1 23.596452
139 142 163 -1 28.474165
338 368 -1 -1 35.956155
338 366 368 -1 38.691441
268 292 -1 -1 21.530208
268 280 292 -1 28.557255
307 310 -1 -1 19.349986
292 310 -1 -1 21.015639
292 307 310 -1 29.642459
115 142 -1 -1 27.402694
115 139 142 -1 33.222091
389 394 -1 -1 32.293776
307 325 -1 -1 31.104035
325 338 -1 -1 24.862303
307 325 338 -1 35.789154
224 225 -1 -1 30.177038
210 224 -1 -1 19.688558
210 224 225 -1 30.242924
224 240 -1 -1 25.297940
224 225 240 -1 30.958064
368 394 -1 -1 27.965836
368 389 394 -1 35.168117
310 325 -1 -1 20.731728
307 310 325 -1 31.104035
338 348 -1 -1 24.310276
348 368 -1 -1 25.858917
338 348 368 -1 35.956155
192 197 -1 -1 28.889100
197 210 -1 -1 22.086832
192 197 210 -1 29.319194
176 197 -1 -1 23.763280
176 192 197 -1 30.886528
240 250 -1 -1 21.471113
250 268 -1 -1 21.351336
240 250 268 -1 27.473177
142 176 -1 -1 29.814712
142 163 176 -1 30.060293
197 224 -1 -1 24.344473
197 210 224 -1 26.583080
325 348 -1 -1 27.772959
325 338 348 -1 30.220685
224 250 -1 -1 28.043101
224 240 250 -1 29.219882
292 298 -1 -1 24.872237
298 310 -1 -1 18.644255
292 298 310 -1 25.760833
113 115 -1 -1 21.817202
113 142 -1 -1 31.723559
113 115 142 -1 32.481686
142 171 -1 -1 34.798686
171 176 -1 -1 24.690234
142 171 176 -1 35.713816
171 197 -1 -1 28.002671
171 176 197 -1 31.437637
268 274 -1 -1 31.046174
274 292 -1 -1 34.032303
268 274 292 -1 36.693312
113 140 -1 -1 26.787268
140 142 -1 -1 22.433762
113 140 142 -1 32.333799
224 227 -1 -1 18.380776
227 250 -1 -1 27.268778
224 227 250 -1 29.962750
274 293 -1 -1 16.987867
292 293 -1 -1 29.601941
274 292 293 -1 34.505255
293 298 -1 -1 18.596353
292 293 298 -1 31.304181
140 171 -1 -1 29.551456
140 142 171 -1 36.993619
250 274 -1 -1 27.038303
250 268 274 -1 31.810327
298 325 -1 -1 28.131731
298 310 325 -1 28.131731
348 373 -1 -1 28.615397
368 373 -1 -1 30.494497
348 368 373 -1 33.214123
373 394 -1 -1 34.057708
368 373 394 -1 36.377945
325 331 -1 -1 21.236601
331 348 -1 -1 28.833629
325 331 348 -1 30.885215
102 113 -1 -1 22.124580
250 252 -1 -1 18.499377
227 252 -1 -1 21.773509
227 250 252 -1 27.268778
388 394 -1 -1 29.470547
373 388 -1 -1 21.158957
373 388 394 -1 35.210114
252 274 -1 -1 20.957169
250 252 274 -1 27.038303
197 199 -1 -1 22.872795
199 224 -1 -1 32.899946
197 199 224 -1 33.545862
199 227 -1 -1 28.029071
199 224 227 -1 33.899849
331 351 -1 -1 21.174298
348 351 -1 -1 21.904514
331 348 351 -1 30.125118
298 311 -1 -1 22.869069
311 325 -1 -1 34.168518
298 311 325 -1 34.402225
311 331 -1 -1 23.648668
311 325 331 -1 34.980429
351 373 -1 -1 24.215651
348 351 373 -1 29.954206
171 199 -1 -1 29.115224
171 197 199 -1 31.532336
140 150 -1 -1 20.363153
150 171 -1 -1 28.306108
140 150 171 -1 32.030048
293 311 -1 -1 27.049293
293 298 311 -1 28.053254
199 220 -1 -1 23.622725
220 227 -1 -1 21.433544
199 220 227 -1 29.224299
227 245 -1 -1 23.960015
245 252 -1 -1 18.840180
227 245 252 -1 26.362681
252 267 -1 -1 23.677293
267 274 -1 -1 22.542252
252 267 274 -1 26.042411
113 123 -1 -1 37.354956
102 123 -1 -1 26.897287
102 113 123 -1 38.627867
123 140 -1 -1 33.100864
113 123 140 -1 40.151714
171 183 -1 -1 27.830177
183 199 -1 -1 24.225013
171 183 199 -1 33.026097
220 245 -1 -1 20.319928
220 227 245 -1 26.782701
123 150 -1 -1 27.022653
123 140 150 -1 33.364660
290 293 -1 -1 24.400752
290 311 -1 -1 26.006302
290 293 311 -1 30.208202
351 353 -1 -1 18.813297
353 373 -1 -1 29.788530
351 353 373 -1 30.618879
150 183 -1 -1 31.746955
150 171 183 -1 34.288150
245 267 -1 -1 23.675139
245 252 267 -1 27.375552
274 290 -1 -1 33.836222
274 290 293 -1 33.836222
330 331 -1 -1 24.009527
311 330 -1 -1 25.833805
311 330 331 -1 28.527375
330 351 -1 -1 30.220013
330 331 351 -1 30.445937
267 290 -1 -1 26.590861
267 274 290 -1 34.126628
330 353 -1 -1 24.805026
330 351 353 -1 30.297706
150 157 -1 -1 19.469146
157 183 -1 -1 22.644225
150 157 183 -1 33.103054
353 371 -1 -1 21.121292
371 373 -1 -1 33.038107
353 371 373 -1 34.227697
371 388 -1 -1 34.538045
371 373 388 -1 36.290154
371 390 -1 -1 18.789910
388 390 -1 -1 27.344435
371 388 390 -1 35.215711
183 195 -1 -1 21.591521
195 199 -1 -1 30.298054
183 195 199 -1 31.349566
199 218 -1 -1 32.601541
218 220 -1 -1 18.993168
199 218 220 -1 32.601541
195 218 -1 -1 17.909347
195 199 218 -1 33.755067
96 102 -1 -1 31.303338
245 246 -1 -1 20.248538
246 267 -1 -1 23.284836
245 246 267 -1 25.649295
290 308 -1 -1 25.598491
308 311 -1 -1 27.805672
290 308 311 -1 30.812258
308 330 -1 -1 26.183952
308 311 330 -1 31.340765
96 123 -1 -1 33.063538
96 102 123 -1 35.326585
267 270 -1 -1 23.168251
270 290 -1 -1 27.758802
267 270 290 -1 31.403420
220 246 -1 -1 32.509416
220 245 246 -1 33.198542
123 144 -1 -1 28.829260
144 150 -1 -1 34.742831
123 144 150 -1 35.394604
144 157 -1 -1 25.409421
144 150 157 -1 34.930006
220 233 -1 -1 29.809059
233 246 -1 -1 18.316342
220 233 246 -1 32.509416
246 270 -1 -1 21.658696
246 267 270 -1 27.218628
218 233 -1 -1 20.796458
218 220 233 -1 30.386266
347 353 -1 -1 23.213627
330 347 -1 -1 29.629717
330 347 353 -1 31.109196
96 118 -1 -1 23.183188
118 123 -1 -1 26.415473
96 118 123 -1 34.225599
347 371 -1 -1 24.036309
347 353 371 -1 27.557850
157 175 -1 -1 22.795987
175 183 -1 -1 30.721474
157 175 183 -1 31.437990
288 290 -1 -1 25.403054
270 288 -1 -1 21.047588
270 288 290 -1 29.154741
327 330 -1 -1 23.224333
308 327 -1 -1 22.470540
308 327 330 -1 28.595049
288 308 -1 -1 24.388502
288 290 308 -1 29.795796
175 195 -1 -1 24.669221
175 183 195 -1 32.197230
327 347 -1 -1 24.844925
327 330 347 -1 31.591344
118 144 -1 -1 26.302612
118 123 144 -1 31.691141
195 202 -1 -1 20.394156
202 218 -1 -1 23.316585
195 202 218 -1 25.245893
371 378 -1 -1 26.786065
378 390 -1 -1 24.344366
371 378 390 -1 29.161972
144 175 -1 -1 32.267197
144 157 175 -1 32.842497
175 202 -1 -1 23.867370
175 195 202 -1 26.834856
144 158 -1 -1 23.423639
158 175 -1 -1 19.310097
144 158 175 -1 32.267197
246 249 -1 -1 29.026902
249 270 -1 -1 30.629707
246 249 270 -1 32.441561
218 221 -1 -1 30.900313
221 233 -1 -1 22.904836
218 221 233 -1 30.900313
233 249 -1 -1 24.569998
233 246 249 -1 29.792103
202 221 -1 -1 22.354104
202 218 221 -1 32.338295
347 378 -1 -1 33.727132
347 371 378 -1 34.834294
308 318 -1 -1 27.194351
318 327 -1 -1 23.421713
308 318 327 -1 29.253958
96 97 -1 -1 29.805055
97 118 -1 -1 28.477580
96 97 118 -1 32.868808
288 295 -1 -1 20.127501
288 318 -1 -1 31.816839
295 308 -1 -1 32.608732
295 318 -1 -1 18.927017
288 295 308 -1 32.608732
288 295 318 -1 32.455304
288 308 318 -1 32.608732
295 308 318 -1 32.608732
288 295 308 318 32.608732
327 340 -1 -1 21.397741
340 347 -1 -1 23.848870
327 340 347 -1 27.925216
347 363 -1 -1 25.198841
363 378 -1 -1 24.680404
347 363 378 -1 34.177425
270 275 -1 -1 26.353573
275 288 -1 -1 25.805572
270 275 288 -1 29.891728
249 275 -1 -1 23.072084
249 270 275 -1 32.701626
118 124 -1 -1 22.464327
124 144 -1 -1 29.042678
118 124 144 -1 30.558922
340 363 -1 -1 22.397626
340 347 363 -1 28.521621
175 190 -1 -1 29.151579
190 202 -1 -1 18.634633
175 190 202 -1 29.151579
221 249 -1 -1 29.424658
221 233 249 -1 30.709607
275 295 -1 -1 23.440540
275 288 295 -1 27.042485
97 124 -1 -1 28.491700
97 118 124 -1 31.717467
318 340 -1 -1 28.466195
318 327 340 -1 29.327706
190 221 -1 -1 25.910274
190 202 221 -1 26.667575
94 -1 -1 -1 0.000000
96 -1 -1 -1 0.000000
97 -1 -1 -1 0.000000
98 -1 -1 -1 0.000000
101 -1 -1 -1 0.000000
102 -1 -1 -1 0.000000
105 -1 -1 -1 0.000000
106 -1 -1 -1 0.000000
107 -1 -1 -1 0.000000
108 -1 -1 -1 0.000000
110 -1 -1 -1 0.000000
111 -1 -1 -1 0.000000
112 -1 -1 -1 0.000000
113 -1 -1 -1 0.000000
115 -1 -1 -1 0.000000
118 -1 -1 -1 0.000000
120 -1 -1 -1 0.000000
122 -1 -1 -1 0.000000
123 -1 -1 -1 0.000000
124 -1 -1 -1 0.000000
125 -1 -1 -1 0.000000
127 -1 -1 -1 0.000000
128 -1 -1 -1 0.000000
129 -1 -1 -1 0.000000
131 -1 -1 -1 0.000000
133 -1 -1 -1 0.000000
134 -1 -1 -1 0.000000
135 -1 -1 -1 0.000000
138 -1 -1 -1 0.000000
139 -1 -1 -1 0.000000
140 -1 -1 -1 0.000000
142 -1 -1 -1 0.000000
144 -1 -1 -1 0.000000
146 -1 -1 -1 0.000000
147 -1 -1 -1 0.000000
150 -1 -1 -1 0.000000
152 -1 -1 -1 0.000000
153 -1 -1 -1 0.000000
154 -1 -1 -1 0.000000
155 -1 -1 -1 0.000000
157 -1 -1 -1 0.000000
158 -1 -1 -1 0.000000
161 -1 -1 -1 0.000000
162 -1 -1 -1 0.000000
163 -1 -1 -1 0.000000
164 -1 -1 -1 0.000000
168 -1 -1 -1 0.000000
169 -1 -1 -1 0.000000
171 -1 -1 -1 0.000000
172 -1 -1 -1 0.000000
173 -1 -1 -1 0.000000
174 -1 -1 -1 0.000000
175 -1 -1 -1 0.000000
176 -1 -1 -1 0.000000
180 -1 -1 -1 0.000000
181 -1 -1 -1 0.000000
183 -1 -1 -1 0.000000
184 -1 -1 -1 0.000000
185 -1 -1 -1 0.000000
190 -1 -1 -1 0.000000
191 -1 -1 -1 0.000000
192 -1 -1 -1 0.000000
193 -1 -1 -1 0.000000
194 -1 -1 -1 0.000000
195 -1 -1 -1 0.000000
196 -1 -1 -1 0.000000
197 -1 -1 -1 0.000000
199 -1 -1 -1 0.000000
200 -1 -1 -1 0.000000
202 -1 -1 -1 0.000000
203 -1 -1 -1 0.000000
206 -1 -1 -1 0.000000
207 -1 -1 -1 0.000000
210 -1 -1 -1 0.000000
211 -1 -1 -1 0.000000
214 -1 -1 -1 0.000000
215 -1 -1 -1 0.000000
217 -1 -1 -1 0.000000
218 -1 -1 -1 0.000000
219 -1 -1 -1 0.000000
220 -1 -1 -1 0.000000
221 -1 -1 -1 0.000000
222 -1 -1 -1 0.000000
224 -1 -1 -1 0.000000
225 -1 -1 -1 0.000000
227 -1 -1 -1 0.000000
229 -1 -1 -1 0.000000
231 -1 -1 -1 0.000000
233 -1 -1 -1 0.000000
234 -1 -1 -1 0.000000
236 -1 -1 -1 0.000000
238 -1 -1 -1 0.000000
240 -1 -1 -1 0.000000
241 -1 -1 -1 0.000000
243 -1 -1 -1 0.000000
244 -1 -1 -1 0.000000
245 -1 -1 -1 0.000000
246 -1 -1 -1 0.000000
249 -1 -1 -1 0.000000
250 -1 -1 -1 0.000000
252 -1 -1 -1 0.000000
254 -1 -1 -1 0.000000
256 -1 -1 -1 0.000000
260 -1 -1 -1 0.000000
261 -1 -1 -1 0.000000
265 -1 -1 -1 0.000000
266 -1 -1 -1 0.000000
267 -1 -1 -1 0.000000
268 -1 -1 -1 0.000000
270 -1 -1 -1 0.000000
272 -1 -1 -1 0.000000
273 -1 -1 -1 0.000000
274 -1 -1 -1 0.000000
275 -1 -1 -1 0.000000
277 -1 -1 -1 0.000000
278 -1 -1 -1 0.000000
280 -1 -1 -1 0.000000
282 -1 -1 -1 0.000000
285 -1 -1 -1 0.000000
286 -1 -1 -1 0.000000
288 -1 -1 -1 0.000000
290 -1 -1 -1 0.000000
292 -1 -1 -1 0.000000
293 -1 -1 -1 0.000000
294 -1 -1 -1 0.000000
295 -1 -1 -1 0.000000
297 -1 -1 -1 0.000000
298 -1 -1 -1 0.000000
299 -1 -1 -1 0.000000
300 -1 -1 -1 0.000000
303 -1 -1 -1 0.000000
306 -1 -1 -1 0.000000
307 -1 -1 -1 0.000000
308 -1 -1 -1 0.000000
310 -1 -1 -1 0.000000
311 -1 -1 -1 0.000000
313 -1 -1 -1 0.000000
316 -1 -1 -1 0.000000
317 -1 -1 -1 0.000000
318 -1 -1 -1 0.000000
319 -1 -1 -1 0.000000
320 -1 -1 -1 0.000000
325 -1 -1 -1 0.000000
327 -1 -1 -1 0.000000
329 -1 -1 -1 0.000000
330 -1 -1 -1 0.000000
331 -1 -1 -1 0.000000
332 -1 -1 -1 0.000000
333 -1 -1 -1 0.000000
335 -1 -1 -1 0.000000
337 -1 -1 -1 0.000000
338 -1 -1 -1 0.000000
340 -1 -1 -1 0.000000
342 -1 -1 -1 0.000000
343 -1 -1 -1 0.000000
347 -1 -1 -1 0.000000
348 -1 -1 -1 0.000000
351 -1 -1 -1 0.000000
353 -1 -1 -1 0.000000
354 -1 -1 -1 0.000000
356 -1 -1 -1 0.000000
358 -1 -1 -1 0.000000
359 -1 -1 -1 0.000000
360 -1 -1 -1 0.000000
361 -1 -1 -1 0.000000
363 -1 -1 -1 0.000000
364 -1 -1 -1 0.000000
366 -1 -1 -1 0.000000
368 -1 -1 -1 0.000000
370 -1 -1 -1 0.000000
371 -1 -1 -1 0.000000
372 -1 -1 -1 0.000000
373 -1 -1 -1 0.000000
377 -1 -1 -1 0.000000
378 -1 -1 -1 0.000000
380 -1 -1 -1 0.000000
382 -1 -1 -1 0.000000
383 -1 -1 -1 0.000000
384 -1 -1 -1 0.000000
388 -1 -1 -1 0.000000
389 -1 -1 -1 0.000000
390 -1 -1 -1 0.000000
391 -1 -1 -1 0.000000
394 -1 -1 -1 0.000000
395 -1 -1 -1 0.000000
396 -1 -1 -1 0.000000
397 -1 -1 -1 0.000000
