159 176 -1 -1 18.525121
330 357 -1 -1 28.518366
192 209 -1 -1 16.092291
176 192 -1 -1 17.638266
209 229 -1 -1 22.874027
253 271 -1 -1 23.051940
107 117 -1 -1 20.773317
382 402 -1 -1 26.801657
357 382 -1 -1 28.515046
229 253 -1 -1 28.202284
117 141 -1 -1 20.864595
141 159 -1 -1 20.478000
302 330 -1 -1 31.141151
271 302 -1 -1 36.482580
271 283 -1 -1 30.636361
283 302 -1 -1 24.677013
271 283 302 -1 37.021954
209 211 -1 -1 18.615811
211 229 -1 -1 24.417892
209 211 229 -1 26.163095
229 239 -1 -1 27.147765
239 253 -1 -1 24.026224
229 239 253 -1 31.498576
253 283 -1 -1 31.646119
253 271 283 -1 34.761477
100 107 -1 -1 32.504528
159 160 -1 -1 21.470739
160 176 -1 -1 23.568853
159 160 176 -1 26.083980
382 400 -1 -1 35.396133
400 402 -1 -1 27.773063
382 400 402 -1 36.344748
100 117 -1 -1 26.656601
100 107 117 -1 33.560930
357 378 -1 -1 33.594652
378 382 -1 -1 26.461415
357 378 382 -1 35.070793
211 239 -1 -1 24.888435
211 229 239 -1 29.552408
141 160 -1 -1 29.510896
141 159 160 -1 30.768105
330 350 -1 -1 33.405578
350 357 -1 -1 26.196326
330 350 357 -1 35.481466
378 400 -1 -1 25.700790
378 382 400 -1 36.074052
176 184 -1 -1 27.332614
184 192 -1 -1 26.142821
176 184 192 -1 28.975025
117 134 -1 -1 23.083122
134 141 -1 -1 20.661579
117 134 141 -1 25.806763
302 316 -1 -1 24.947660
316 330 -1 -1 31.292952
302 316 330 -1 35.775094
253 263 -1 -1 22.245937
263 283 -1 -1 23.253923
253 263 283 -1 32.891021
134 160 -1 -1 28.815906
134 141 160 -1 30.996720
160 184 -1 -1 26.381726
160 176 184 -1 31.465106
184 209 -1 -1 35.609507
184 192 209 -1 35.609507
184 211 -1 -1 29.533138
184 209 211 -1 35.727803
239 263 -1 -1 24.002969
239 253 263 -1 27.942612
350 378 -1 -1 33.288517
350 357 378 -1 36.953652
134 149 -1 -1 18.551320
149 160 -1 -1 16.661556
134 149 160 -1 28.815906
211 217 -1 -1 15.273822
217 239 -1 -1 22.326775
211 217 239 -1 26.118178
316 350 -1 -1 34.342610
316 330 350 -1 38.217173
100 116 -1 -1 26.284934
116 117 -1 -1 31.866357
100 116 117 -1 34.164535
116 134 -1 -1 23.391223
116 117 134 -1 31.866357
184 196 -1 -1 21.332707
196 211 -1 -1 29.584088
184 196 211 -1 32.302961
196 217 -1 -1 23.590531
196 211 217 -1 30.479116
160 174 -1 -1 28.014499
174 184 -1 -1 22.086098
160 174 184 -1 29.672118
283 289 -1 -1 27.347846
289 302 -1 -1 35.151212
283 289 302 -1 35.832037
217 240 -1 -1 19.710159
239 240 -1 -1 20.396141
217 239 240 -1 25.081706
316 326 -1 -1 20.123698
326 350 -1 -1 28.178095
316 326 350 -1 34.569870
350 365 -1 -1 27.456735
365 378 -1 -1 24.163387
350 365 378 -1 34.836859
240 263 -1 -1 26.985644
239 240 263 -1 28.214886
289 316 -1 -1 31.622384
289 302 316 -1 36.418229
149 174 -1 -1 27.155133
149 160 174 -1 30.254693
240 258 -1 -1 23.810181
258 263 -1 -1 17.727590
240 258 263 -1 29.076337
149 162 -1 -1 18.298990
162 174 -1 -1 18.016047
149 162 174 -1 27.155133
174 196 -1 -1 25.560935
174 184 196 -1 27.427465
134 139 -1 -1 30.328064
139 149 -1 -1 27.343347
134 139 149 -1 31.298185
258 283 -1 -1 37.552952
258 263 283 -1 37.552952
116 139 -1 -1 24.411027
116 134 139 -1 31.449923
343 350 -1 -1 28.102266
326 343 -1 -1 18.531531
326 343 350 -1 30.090865
378 398 -1 -1 38.260163
398 400 -1 -1 29.964884
378 398 400 -1 38.598522
217 219 -1 -1 22.641104
219 240 -1 -1 20.472855
217 219 240 -1 24.462979
196 219 -1 -1 25.885348
196 217 219 -1 29.968301
258 289 -1 -1 38.240298
258 283 289 -1 40.473091
139 162 -1 -1 21.220364
139 149 162 -1 29.164490
258 272 -1 -1 23.103476
272 289 -1 -1 29.266433
258 272 289 -1 40.120196
378 383 -1 -1 37.486658
383 398 -1 -1 23.387521
378 383 398 -1 39.771222
365 383 -1 -1 22.995582
365 378 383 -1 37.841755
343 365 -1 -1 28.987229
343 350 365 -1 33.044782
100 108 -1 -1 38.387516
108 116 -1 -1 25.766033
100 108 116 -1 38.745424
289 307 -1 -1 24.964874
307 316 -1 -1 35.764663
289 307 316 -1 37.558119
307 326 -1 -1 29.783487
307 316 326 -1 36.255951
240 245 -1 -1 23.983442
245 258 -1 -1 20.963995
240 245 258 -1 29.791228
174 185 -1 -1 24.628691
185 196 -1 -1 24.110546
174 185 196 -1 30.785456
219 245 -1 -1 25.066845
219 240 245 -1 27.425500
196 208 -1 -1 26.074021
208 219 -1 -1 20.492348
196 208 219 -1 28.065846
307 332 -1 -1 20.285360
326 332 -1 -1 22.137616
307 326 332 -1 31.668558
185 208 -1 -1 20.992834
185 196 208 -1 28.746945
161 162 -1 -1 20.517329
161 174 -1 -1 28.165566
161 162 174 -1 28.165566
363 365 -1 -1 25.469299
343 363 -1 -1 28.705506
343 363 365 -1 33.695579
245 272 -1 -1 25.248591
245 258 272 -1 28.465538
332 343 -1 -1 26.452791
326 332 343 -1 27.695033
108 139 -1 -1 33.545504
108 116 139 -1 34.751587
161 185 -1 -1 28.025678
161 174 185 -1 33.362354
363 383 -1 -1 22.529205
363 365 383 -1 27.792970
139 161 -1 -1 27.643070
139 161 162 -1 27.970420
272 280 -1 -1 20.848553
280 289 -1 -1 33.498033
272 280 289 -1 34.850068
343 345 -1 -1 21.385278
345 363 -1 -1 19.240631
343 345 363 -1 29.661339
128 139 -1 -1 28.661216
108 128 -1 -1 30.308771
108 128 139 -1 37.394429
280 307 -1 -1 29.327329
280 289 307 -1 35.082303
208 222 -1 -1 18.305329
219 222 -1 -1 25.361891
208 219 222 -1 27.542452
222 245 -1 -1 27.501040
219 222 245 -1 30.347718
332 345 -1 -1 23.535498
332 343 345 -1 28.679648
128 161 -1 -1 32.359295
128 139 161 -1 35.881493
245 246 -1 -1 18.119633
222 246 -1 -1 22.052356
222 245 246 -1 29.677259
161 180 -1 -1 24.673073
180 185 -1 -1 21.787529
161 180 185 -1 28.931928
307 311 -1 -1 21.902956
311 332 -1 -1 22.084729
307 311 332 -1 26.976284
246 272 -1 -1 32.592197
245 246 272 -1 33.412130
363 379 -1 -1 27.239354
379 383 -1 -1 25.047813
363 379 383 -1 30.104605
379 398 -1 -1 39.195473
379 383 398 -1 39.596186
280 311 -1 -1 30.315802
280 307 311 -1 31.982592
185 198 -1 -1 30.223988
198 208 -1 -1 24.863894
185 198 208 -1 32.800614
180 198 -1 -1 21.576071
180 185 198 -1 30.223988
332 335 -1 -1 29.009914
335 345 -1 -1 24.204359
332 335 345 -1 30.464517
254 272 -1 -1 36.304664
246 254 -1 -1 19.369215
246 254 272 -1 37.477398
128 154 -1 -1 28.579875
154 161 -1 -1 25.270620
128 154 161 -1 33.446297
198 222 -1 -1 27.330124
198 208 222 -1 28.479750
103 108 -1 -1 33.441117
103 128 -1 -1 32.037926
103 108 128 -1 37.364696
311 335 -1 -1 25.116158
311 332 335 -1 30.810591
154 180 -1 -1 26.121778
154 161 180 -1 30.472137
254 280 -1 -1 34.031376
254 272 280 -1 37.818989
379 395 -1 -1 24.400401
280 293 -1 -1 22.666457
293 311 -1 -1 23.785097
280 293 311 -1 31.704488
222 223 -1 -1 18.153407
198 223 -1 -1 19.319919
198 222 223 -1 28.249911
345 354 -1 -1 29.101910
354 363 -1 -1 31.598234
345 354 363 -1 32.005745
354 379 -1 -1 32.499809
354 363 379 -1 35.627790
335 354 -1 -1 24.810244
335 345 354 -1 31.789399
222 233 -1 -1 27.687682
223 233 -1 -1 17.235418
222 223 233 -1 27.789377
233 246 -1 -1 24.728943
222 233 246 -1 28.130191
254 274 -1 -1 22.683892
274 280 -1 -1 30.300198
254 274 280 -1 35.722053
233 254 -1 -1 27.352002
233 246 254 -1 29.017068
274 293 -1 -1 24.393254
274 280 293 -1 31.756481
311 317 -1 -1 22.995510
317 335 -1 -1 22.004891
311 317 335 -1 27.408718
293 317 -1 -1 24.600998
293 311 317 -1 27.878066
125 128 -1 -1 31.565904
103 125 -1 -1 30.018774
103 125 128 -1 37.698441
180 182 -1 -1 25.552220
182 198 -1 -1 26.929078
180 182 198 -1 29.353275
125 154 -1 -1 33.193584
125 128 154 -1 36.395816
154 182 -1 -1 31.543076
154 180 182 -1 33.605111
198 206 -1 -1 20.820877
206 223 -1 -1 20.888791
198 206 223 -1 25.569823
354 380 -1 -1 32.297649
379 380 -1 -1 27.601588
354 379 380 -1 36.499450
380 395 -1 -1 26.124605
379 380 395 -1 30.403920
182 206 -1 -1 24.529320
182 198 206 -1 28.513595
154 158 -1 -1 22.573360
125 158 -1 -1 28.491017
125 154 158 -1 34.153441
158 182 -1 -1 26.868853
154 158 182 -1 32.585100
206 233 -1 -1 26.680888
206 223 233 -1 27.442622
233 248 -1 -1 24.316918
248 254 -1 -1 27.323481
233 248 254 -1 32.727509
293 298 -1 -1 24.431637
298 317 -1 -1 22.470265
293 298 317 -1 28.035352
317 327 -1 -1 21.336070
327 335 -1 -1 30.627603
317 327 335 -1 31.047527
206 221 -1 -1 19.995325
221 233 -1 -1 22.418014
206 221 233 -1 27.562185
248 274 -1 -1 30.259711
248 254 274 -1 30.922864
327 354 -1 -1 37.321224
327 335 354 -1 38.156118
354 361 -1 -1 25.601611
361 380 -1 -1 22.153435
354 361 380 -1 33.276611
274 298 -1 -1 32.766767
274 293 298 -1 33.497979
221 248 -1 -1 26.612412
221 233 248 -1 29.418469
347 354 -1 -1 37.443808
327 347 -1 -1 22.772335
327 347 354 -1 41.860353
103 104 -1 -1 35.329072
104 125 -1 -1 34.055313
103 104 125 -1 38.378136
274 275 -1 -1 23.430537
275 298 -1 -1 25.075175
274 275 298 -1 33.534041
347 361 -1 -1 20.724931
347 354 361 -1 38.185673
182 193 -1 -1 27.031384
193 206 -1 -1 27.680891
182 193 206 -1 31.052779
158 169 -1 -1 26.309524
169 182 -1 -1 26.651986
158 169 182 -1 30.765199
298 327 -1 -1 29.068634
298 317 327 -1 29.730084
125 137 -1 -1 23.754909
137 158 -1 -1 29.555672
125 137 158 -1 34.036123
248 275 -1 -1 33.644363
248 274 275 -1 35.977146
393 395 -1 -1 40.111274
380 393 -1 -1 30.673897
380 393 395 -1 40.111274
193 221 -1 -1 27.546086
193 206 221 -1 31.814434
248 267 -1 -1 24.333308
267 275 -1 -1 20.446482
248 267 275 -1 33.644363
169 193 -1 -1 24.936126
169 182 193 -1 30.789032
104 137 -1 -1 30.779917
104 125 137 -1 36.032116
361 368 -1 -1 22.581897
368 380 -1 -1 32.026921
361 368 380 -1 32.234218
137 153 -1 -1 23.965900
153 158 -1 -1 32.780954
137 153 158 -1 33.890314
153 169 -1 -1 20.667990
153 158 169 -1 34.068714
295 298 -1 -1 20.311206
275 295 -1 -1 22.967577
275 295 298 -1 27.876646
368 393 -1 -1 25.483198
368 380 393 -1 37.055816
221 249 -1 -1 29.691908
248 249 -1 -1 22.853201
221 248 249 -1 33.583750
249 267 -1 -1 18.717023
248 249 267 -1 27.906533
193 215 -1 -1 25.085718
215 221 -1 -1 19.630129
193 215 221 -1 29.209706
215 249 -1 -1 25.846250
215 221 249 -1 33.255016
298 320 -1 -1 33.407619
320 327 -1 -1 24.886297
298 320 327 -1 34.542995
295 320 -1 -1 27.921865
295 298 320 -1 35.440591
104 119 -1 -1 27.454101
119 137 -1 -1 23.093436
104 119 137 -1 32.405714
320 347 -1 -1 29.353522
320 327 347 -1 32.992352
267 277 -1 -1 20.541186
275 277 -1 -1 24.833340
267 275 277 -1 26.611172
347 368 -1 -1 29.571272
347 361 368 -1 33.372794
277 295 -1 -1 25.049429
275 277 295 -1 28.551502
169 181 -1 -1 28.531261
181 193 -1 -1 33.115898
169 181 193 -1 33.812356
193 202 -1 -1 28.961047
202 215 -1 -1 26.375567
193 202 215 -1 31.171740
215 230 -1 -1 19.316652
230 249 -1 -1 22.067838
215 230 249 -1 27.489953
181 202 -1 -1 20.768015
181 193 202 -1 35.115119
295 303 -1 -1 17.268675
303 320 -1 -1 26.123760
295 303 320 -1 28.878375
320 337 -1 -1 29.625778
337 347 -1 -1 32.851257
320 337 347 -1 36.018420
137 145 -1 -1 34.317222
119 145 -1 -1 26.159916
119 137 145 -1 34.854696
145 153 -1 -1 25.980079
137 145 153 -1 34.317222
249 259 -1 -1 24.652162
259 267 -1 -1 24.638262
249 259 267 -1 27.053115
277 303 -1 -1 26.044200
277 295 303 -1 28.224525
153 181 -1 -1 31.656956
153 169 181 -1 33.112168
259 277 -1 -1 21.835165
259 267 277 -1 27.229219
337 368 -1 -1 39.211421
337 347 368 -1 41.371343
202 230 -1 -1 26.935541
202 215 230 -1 29.093080
337 369 -1 -1 31.935670
368 369 -1 -1 27.073732
337 368 369 -1 42.404182
230 259 -1 -1 28.127261
230 249 259 -1 29.550086
277 285 -1 -1 18.797771
285 303 -1 -1 18.128254
277 285 303 -1 26.044200
369 393 -1 -1 38.436082
368 369 393 -1 38.436082
153 166 -1 -1 32.703622
166 181 -1 -1 21.807323
153 166 181 -1 35.141000
314 320 -1 -1 26.600508
303 314 -1 -1 24.994440
303 314 320 -1 30.483527
388 393 -1 -1 34.546438
113 119 -1 -1 20.350443
369 388 -1 -1 28.404421
369 388 393 -1 40.113118
145 166 -1 -1 26.036575
145 153 166 -1 34.464667
230 242 -1 -1 20.773155
242 259 -1 -1 21.865236
230 242 259 -1 29.096606
314 337 -1 -1 31.600357
314 320 337 -1 34.721134
202 212 -1 -1 21.635552
212 230 -1 -1 24.142774
202 212 230 -1 29.263477
113 145 -1 -1 28.764868
113 119 145 -1 30.673006
259 285 -1 -1 31.378978
259 277 285 -1 31.518488
259 281 -1 -1 29.020813
281 285 -1 -1 18.229456
259 281 285 -1 31.396103
212 242 -1 -1 23.558939
212 230 242 -1 27.234400
285 314 -1 -1 32.630447
285 303 314 -1 32.799440
259 261 -1 -1 23.103099
261 281 -1 -1 21.339508
259 261 281 -1 30.597374
285 299 -1 -1 23.250268
299 314 -1 -1 23.917691
285 299 314 -1 33.605442
242 261 -1 -1 20.630040
242 259 261 -1 25.496977
337 355 -1 -1 29.110491
355 369 -1 -1 28.139259
337 355 369 -1 34.889674
105 113 -1 -1 31.618400
181 188 -1 -1 34.050833
188 202 -1 -1 33.035987
181 188 202 -1 36.225415
145 146 -1 -1 28.758993
146 166 -1 -1 26.094256
145 146 166 -1 31.769843
188 212 -1 -1 26.188505
188 202 212 -1 33.663191
281 299 -1 -1 22.876841
281 285 299 -1 26.126275
113 120 -1 -1 19.140717
120 145 -1 -1 32.845982
113 120 145 -1 36.471899
105 120 -1 -1 23.582048
105 113 120 -1 36.200132
166 188 -1 -1 32.711730
166 181 188 -1 37.821391
314 328 -1 -1 30.599389
328 337 -1 -1 36.481467
314 328 337 -1 40.691329
120 146 -1 -1 28.558080
120 145 146 -1 36.186868
212 232 -1 -1 22.848523
232 242 -1 -1 22.831574
212 232 242 -1 26.803278
328 355 -1 -1 27.369481
328 337 355 -1 37.284804
369 373 -1 -1 33.993493
373 388 -1 -1 36.230233
369 373 388 -1 40.507110
166 171 -1 -1 30.549744
171 188 -1 -1 24.838699
166 171 188 -1 35.577537
355 373 -1 -1 25.212964
355 369 373 -1 35.258206
299 328 -1 -1 34.311267
299 314 328 -1 36.203983
232 261 -1 -1 29.962562
232 242 261 -1 30.943424
188 210 -1 -1 25.127161
210 212 -1 -1 28.014209
188 210 212 -1 32.742859
146 171 -1 -1 29.711518
146 166 171 -1 35.724731
210 232 -1 -1 19.626200
210 212 232 -1 28.785903
299 312 -1 -1 27.549590
312 328 -1 -1 24.612591
299 312 328 -1 38.677878
232 247 -1 -1 20.395191
247 261 -1 -1 26.480801
232 247 261 -1 33.573471
270 281 -1 -1 24.530308
261 270 -1 -1 21.370835
261 270 281 -1 26.472687
387 388 -1 -1 33.543937
373 387 -1 -1 21.191072
373 387 388 -1 38.059388
281 292 -1 -1 28.511891
292 299 -1 -1 24.114003
281 292 299 -1 29.409224
270 292 -1 -1 21.510755
270 281 292 -1 30.968655
247 270 -1 -1 21.579846
247 261 270 -1 27.998483
118 120 -1 -1 23.353539
118 146 -1 -1 33.177570
118 120 146 -1 35.021502
105 118 -1 -1 26.894509
105 118 120 -1 29.615966
292 312 -1 -1 22.250639
292 299 312 -1 30.020826
328 351 -1 -1 29.314819
351 355 -1 -1 26.618186
328 351 355 -1 33.583414
351 373 -1 -1 28.439035
351 355 373 -1 31.659533
143 146 -1 -1 29.041547
118 143 -1 -1 30.779234
118 143 146 -1 37.461288
188 199 -1 -1 32.307327
199 210 -1 -1 19.307495
188 199 210 -1 32.722045
143 171 -1 -1 32.035100
143 146 171 -1 35.260590
171 199 -1 -1 34.574799
171 188 199 -1 35.688735
231 232 -1 -1 30.912497
210 231 -1 -1 26.144179
210 231 232 -1 31.686429
231 247 -1 -1 24.570439
231 232 247 -1 31.175282
171 173 -1 -1 24.069491
173 199 -1 -1 25.960572
171 173 199 -1 35.707769
312 323 -1 -1 28.427555
323 328 -1 -1 33.692534
312 323 328 -1 36.727734
323 351 -1 -1 30.410347
323 328 351 -1 36.248391
268 270 -1 -1 22.949735
268 292 -1 -1 27.076234
268 270 292 -1 28.289141
106 118 -1 -1 26.006589
247 268 -1 -1 30.572890
247 268 270 -1 31.289675
370 373 -1 -1 30.516047
351 370 -1 -1 28.043320
351 370 373 -1 35.193960
370 387 -1 -1 31.641289
370 373 387 -1 33.766126
143 173 -1 -1 32.770234
143 171 173 -1 36.036535
199 231 -1 -1 28.671197
199 210 231 -1 30.688584
247 252 -1 -1 28.129342
252 268 -1 -1 19.544502
247 252 268 -1 31.668270
290 292 -1 -1 28.837967
268 290 -1 -1 24.177330
268 290 292 -1 33.572333
290 312 -1 -1 33.596412
290 292 312 -1 33.893574
387 392 -1 -1 26.587517
370 392 -1 -1 25.808064
370 387 392 -1 33.010595
231 252 -1 -1 23.775422
231 247 252 -1 30.432879
323 342 -1 -1 23.706357
342 351 -1 -1 23.223610
323 342 351 -1 31.813574
199 205 -1 -1 21.574574
205 231 -1 -1 22.348789
199 205 231 -1 29.673853
118 132 -1 -1 36.189699
132 143 -1 -1 26.779110
118 132 143 -1 40.706396
308 312 -1 -1 42.318408
290 308 -1 -1 28.341452
290 308 312 -1 43.003562
308 323 -1 -1 25.042671
308 312 323 -1 42.318408
106 132 -1 -1 29.937012
106 118 132 -1 37.852721
342 370 -1 -1 28.327133
342 351 370 -1 32.757942
143 167 -1 -1 34.152658
167 173 -1 -1 23.236329
143 167 173 -1 35.960150
392 401 -1 -1 22.900703
173 205 -1 -1 34.624387
173 199 205 -1 34.624387
370 377 -1 -1 20.944574
377 392 -1 -1 23.519355
370 377 392 -1 28.385893
231 234 -1 -1 26.800462
234 252 -1 -1 21.398871
231 234 252 -1 29.478233
173 194 -1 -1 32.695115
194 205 -1 -1 21.273177
173 194 205 -1 36.392278
132 167 -1 -1 34.731576
132 143 167 -1 37.496674
205 234 -1 -1 29.398552
205 231 234 -1 31.428485
339 342 -1 -1 17.997997
339 370 -1 -1 37.779086
339 342 370 -1 37.779086
265 268 -1 -1 30.332021
252 265 -1 -1 27.277591
252 265 268 -1 31.298808
265 290 -1 -1 32.076818
265 268 290 -1 33.347272
102 106 -1 -1 22.928263
167 194 -1 -1 31.809052
167 173 194 -1 35.271013
102 132 -1 -1 31.500686
102 106 132 -1 33.818790
339 377 -1 -1 36.353833
339 370 377 -1 40.211922
377 401 -1 -1 30.852724
377 392 401 -1 31.112303
205 224 -1 -1 27.165728
224 234 -1 -1 18.483046
205 224 234 -1 32.362643
323 339 -1 -1 41.128217
323 339 342 -1 41.348377
132 157 -1 -1 32.066272
157 167 -1 -1 23.368288
132 157 167 -1 36.626131
234 265 -1 -1 34.205191
234 252 265 -1 35.870924
290 291 -1 -1 34.210556
291 308 -1 -1 27.997772
290 291 308 -1 38.650993
308 339 -1 -1 41.904618
308 323 339 -1 45.454737
377 384 -1 -1 23.267528
384 401 -1 -1 26.628522
377 384 401 -1 31.553025
194 224 -1 -1 28.644032
194 205 224 -1 30.981737
265 291 -1 -1 28.469491
265 290 291 -1 37.854496
360 377 -1 -1 28.389137
339 360 -1 -1 23.946554
339 360 377 -1 36.353833
132 135 -1 -1 26.157134
102 135 -1 -1 32.515457
102 132 135 -1 36.057136
135 157 -1 -1 23.467653
132 135 157 -1 33.037230
308 338 -1 -1 42.165491
338 339 -1 -1 25.912591
308 338 339 -1 43.158223
167 183 -1 -1 31.456464
183 194 -1 -1 23.334843
167 183 194 -1 35.855327
308 318 -1 -1 30.814415
318 338 -1 -1 19.183892
308 318 338 -1 42.984629
234 255 -1 -1 31.830825
255 265 -1 -1 23.391240
234 255 265 -1 36.664277
360 384 -1 -1 25.400849
360 377 384 -1 30.501004
401 403 -1 -1 21.863768
384 403 -1 -1 28.042138
384 401 403 -1 31.546304
291 318 -1 -1 30.846055
291 308 318 -1 36.406126
102 111 -1 -1 24.831438
111 135 -1 -1 27.156540
102 111 135 -1 34.781481
157 183 -1 -1 27.956759
157 167 183 -1 34.425958
224 255 -1 -1 35.157364
224 234 255 -1 35.607302
194 216 -1 -1 32.768781
216 224 -1 -1 17.821642
194 216 224 -1 34.462886
224 241 -1 -1 24.720110
241 255 -1 -1 21.811878
224 241 255 -1 35.431308
194 200 -1 -1 32.188982
200 216 -1 -1 16.349284
194 200 216 -1 34.203114
183 200 -1 -1 23.920797
183 194 200 -1 33.905981
338 360 -1 -1 32.848696
338 339 360 -1 34.182313
255 291 -1 -1 37.406975
255 265 291 -1 37.789179
111 130 -1 -1 20.966297
130 135 -1 -1 19.582478
111 130 135 -1 27.344693
255 276 -1 -1 26.933432
276 291 -1 -1 28.836693
255 276 291 -1 37.406975
216 241 -1 -1 20.802242
216 224 241 -1 25.303735
338 349 -1 -1 24.156506
349 360 -1 -1 30.800193
338 349 360 -1 38.476817
151 157 -1 -1 22.787125
135 151 -1 -1 28.822149
135 151 157 -1 29.909408
157 170 -1 -1 28.296059
170 183 -1 -1 24.780292
157 170 183 -1 32.964430
384 399 -1 -1 29.922997
399 403 -1 -1 18.962376
384 399 403 -1 34.269322
360 375 -1 -1 26.691481
375 384 -1 -1 31.338092
360 375 384 -1 33.920303
151 170 -1 -1 18.786058
151 157 170 -1 28.492191
130 151 -1 -1 22.174917
130 135 151 -1 29.639355
291 304 -1 -1 29.100801
304 318 -1 -1 25.050556
291 304 318 -1 35.035166
375 399 -1 -1 31.293908
375 384 399 -1 36.655235
276 304 -1 -1 25.314327
276 291 304 -1 31.776741
349 375 -1 -1 27.106650
349 360 375 -1 33.739731
183 186 -1 -1 26.281746
186 200 -1 -1 20.310614
183 186 200 -1 28.182858
170 186 -1 -1 19.564941
170 183 186 -1 27.954838
241 250 -1 -1 21.365895
250 255 -1 -1 25.006014
241 250 255 -1 28.089457
250 276 -1 -1 26.498194
250 255 276 -1 30.665092
216 220 -1 -1 22.404748
220 241 -1 -1 24.158246
216 220 241 -1 27.432212
111 114 -1 -1 24.754143
114 130 -1 -1 26.179379
111 114 130 -1 28.660828
130 138 -1 -1 19.260897
138 151 -1 -1 22.826669
130 138 151 -1 25.611003
200 220 -1 -1 25.918331
200 216 220 -1 26.823109
318 321 -1 -1 35.079169
321 338 -1 -1 38.954908
318 321 338 -1 39.852552
390 399 -1 -1 23.783847
375 390 -1 -1 27.063892
375 390 399 -1 32.741025
304 321 -1 -1 26.337906
304 318 321 -1 35.856525
114 138 -1 -1 23.268666
114 130 138 -1 27.027882
186 197 -1 -1 16.815535
197 200 -1 -1 22.621692
186 197 200 -1 23.946261
321 349 -1 -1 33.948799
321 338 349 -1 40.369230
197 220 -1 -1 24.084573
197 200 220 -1 28.296634
220 250 -1 -1 30.764200
220 241 250 -1 31.205082
100 -1 -1 -1 0.000000
102 -1 -1 -1 0.000000
103 -1 -1 -1 0.000000
104 -1 -1 -1 0.000000
105 -1 -1 -1 0.000000
106 -1 -1 -1 0.000000
107 -1 -1 -1 0.000000
108 -1 -1 -1 0.000000
111 -1 -1 -1 0.000000
113 -1 -1 -1 0.000000
114 -1 -1 -1 0.000000
116 -1 -1 -1 0.000000
117 -1 -1 -1 0.000000
118 -1 -1 -1 0.000000
119 -1 -1 -1 0.000000
120 -1 -1 -1 0.000000
125 -1 -1 -1 0.000000
128 -1 -1 -1 0.000000
130 -1 -1 -1 0.000000
132 -1 -1 -1 0.000000
134 -1 -1 -1 0.000000
135 -1 -1 -1 0.000000
137 -1 -1 -1 0.000000
138 -1 -1 -1 0.000000
139 -1 -1 -1 0.000000
141 -1 -1 -1 0.000000
143 -1 -1 -1 0.000000
145 -1 -1 -1 0.000000
146 -1 -1 -1 0.000000
149 -1 -1 -1 0.000000
151 -1 -1 -1 0.000000
153 -1 -1 -1 0.000000
154 -1 -1 -1 0.000000
157 -1 -1 -1 0.000000
158 -1 -1 -1 0.000000
159 -1 -1 -1 0.000000
160 -1 -1 -1 0.000000
161 -1 -1 -1 0.000000
162 -1 -1 -1 0.000000
166 -1 -1 -1 0.000000
167 -1 -1 -1 0.000000
169 -1 -1 -1 0.000000
170 -1 -1 -1 0.000000
171 -1 -1 -1 0.000000
173 -1 -1 -1 0.000000
174 -1 -1 -1 0.000000
176 -1 -1 -1 0.000000
180 -1 -1 -1 0.000000
181 -1 -1 -1 0.000000
182 -1 -1 -1 0.000000
183 -1 -1 -1 0.000000
184 -1 -1 -1 0.000000
185 -1 -1 -1 0.000000
186 -1 -1 -1 0.000000
188 -1 -1 -1 0.000000
192 -1 -1 -1 0.000000
193 -1 -1 -1 0.000000
194 -1 -1 -1 0.000000
196 -1 -1 -1 0.000000
197 -1 -1 -1 0.000000
198 -1 -1 -1 0.000000
199 -1 -1 -1 0.000000
200 -1 -1 -1 0.000000
202 -1 -1 -1 0.000000
205 -1 -1 -1 0.000000
206 -1 -1 -1 0.000000
208 -1 -1 -1 0.000000
209 -1 -1 -1 0.000000
210 -1 -1 -1 0.000000
211 -1 -1 -1 0.000000
212 -1 -1 -1 0.000000
215 -1 -1 -1 0.000000
216 -1 -1 -1 0.000000
217 -1 -1 -1 0.000000
219 -1 -1 -1 0.000000
220 -1 -1 -1 0.000000
221 -1 -1 -1 0.000000
222 -1 -1 -1 0.000000
223 -1 -1 -1 0.000000
224 -1 -1 -1 0.000000
229 -1 -1 -1 0.000000
230 -1 -1 -1 0.000000
231 -1 -1 -1 0.000000
232 -1 -1 -1 0.000000
233 -1 -1 -1 0.000000
234 -1 -1 -1 0.000000
239 -1 -1 -1 0.000000
240 -1 -1 -1 0.000000
241 -1 -1 -1 0.000000
242 -1 -1 -1 0.000000
245 -1 -1 -1 0.000000
246 -1 -1 -1 0.000000
247 -1 -1 -1 0.000000
248 -1 -1 -1 0.000000
249 -1 -1 -1 0.000000
250 -1 -1 -1 0.000000
252 -1 -1 -1 0.000000
253 -1 -1 -1 0.000000
254 -1 -1 -1 0.000000
255 -1 -1 -1 0.000000
258 -1 -1 -1 0.000000
259 -1 -1 -1 0.000000
261 -1 -1 -1 0.000000
263 -1 -1 -1 0.000000
265 -1 -1 -1 0.000000
267 -1 -1 -1 0.000000
268 -1 -1 -1 0.000000
270 -1 -1 -1 0.000000
271 -1 -1 -1 0.000000
272 -1 -1 -1 0.000000
274 -1 -1 -1 0.000000
275 -1 -1 -1 0.000000
276 -1 -1 -1 0.000000
277 -1 -1 -1 0.000000
280 -1 -1 -1 0.000000
281 -1 -1 -1 0.000000
283 -1 -1 -1 0.000000
285 -1 -1 -1 0.000000
289 -1 -1 -1 0.000000
290 -1 -1 -1 0.000000
291 -1 -1 -1 0.000000
292 -1 -1 -1 0.000000
293 -1 -1 -1 0.000000
295 -1 -1 -1 0.000000
298 -1 -1 -1 0.000000
299 -1 -1 -1 0.000000
302 -1 -1 -1 0.000000
303 -1 -1 -1 0.000000
304 -1 -1 -1 0.000000
307 -1 -1 -1 0.000000
308 -1 -1 -1 0.000000
311 -1 -1 -1 0.000000
312 -1 -1 -1 0.000000
314 -1 -1 -1 0.000000
316 -1 -1 -1 0.000000
317 -1 -1 -1 0.000000
318 -1 -1 -1 0.000000
320 -1 -1 -1 0.000000
321 -1 -1 -1 0.000000
323 -1 -1 -1 0.000000
326 -1 -1 -1 0.000000
327 -1 -1 -1 0.000000
328 -1 -1 -1 0.000000
330 -1 -1 -1 0.000000
332 -1 -1 -1 0.000000
335 -1 -1 -1 0.000000
337 -1 -1 -1 0.000000
338 -1 -1 -1 0.000000
339 -1 -1 -1 0.000000
342 -1 -1 -1 0.000000
343 -1 -1 -1 0.000000
345 -1 -1 -1 0.000000
347 -1 -1 -1 0.000000
349 -1 -1 -1 0.000000
350 -1 -1 -1 0.000000
351 -1 -1 -1 0.000000
354 -1 -1 -1 0.000000
355 -1 -1 -1 0.000000
357 -1 -1 -1 0.000000
360 -1 -1 -1 0.000000
361 -1 -1 -1 0.000000
363 -1 -1 -1 0.000000
365 -1 -1 -1 0.000000
368 -1 -1 -1 0.000000
369 -1 -1 -1 0.000000
370 -1 -1 -1 0.000000
373 -1 -1 -1 0.000000
375 -1 -1 -1 0.000000
377 -1 -1 -1 0.000000
378 -1 -1 -1 0.000000
379 -1 -1 -1 0.000000
380 -1 -1 -1 0.000000
382 -1 -1 -1 0.000000
383 -1 -1 -1 0.000000
384 -1 -1 -1 0.000000
387 -1 -1 -1 0.000000
388 -1 -1 -1 0.000000
390 -1 -1 -1 0.000000
392 -1 -1 -1 0.000000
393 -1 -1 -1 0.000000
395 -1 -1 -1 0.000000
398 -1 -1 -1 0.000000
399 -1 -1 -1 0.000000
400 -1 -1 -1 0.000000
401 -1 -1 -1 0.000000
402 -1 -1 -1 0.000000
403 -1 -1 -1 0.000000
