208 231 -1 -1 25.863568
266 294 -1 -1 29.391081
383 404 -1 -1 24.217623
160 173 -1 -1 23.217072
351 363 -1 -1 16.896861
202 208 -1 -1 23.887048
314 326 -1 -1 18.092353
294 314 -1 -1 26.695616
173 202 -1 -1 29.228792
231 266 -1 -1 36.420430
131 160 -1 -1 27.716799
363 383 -1 -1 26.655207
340 351 -1 -1 28.110650
326 340 -1 -1 28.046089
202 231 -1 -1 30.577564
202 208 231 -1 31.857649
231 245 -1 -1 24.201701
245 266 -1 -1 29.648973
231 245 266 -1 36.869860
340 363 -1 -1 25.371370
340 351 363 -1 29.772025
117 131 -1 -1 25.068033
131 135 -1 -1 21.352614
135 160 -1 -1 34.929721
131 135 160 -1 35.504701
157 160 -1 -1 33.938611
135 157 -1 -1 24.463577
135 157 160 -1 38.204964
157 173 -1 -1 24.106244
157 160 173 -1 33.938611
383 391 -1 -1 19.452002
391 404 -1 -1 30.739685
383 391 404 -1 30.869013
117 135 -1 -1 20.291514
117 131 135 -1 28.327313
363 369 -1 -1 21.909077
369 383 -1 -1 26.613218
363 369 383 -1 29.907283
266 270 -1 -1 28.635559
270 294 -1 -1 37.377657
266 270 294 -1 39.595003
369 391 -1 -1 25.302949
369 383 391 -1 29.273231
173 187 -1 -1 29.465146
187 202 -1 -1 24.414802
173 187 202 -1 34.502582
294 307 -1 -1 31.999477
307 314 -1 -1 19.626400
294 307 314 -1 33.252231
245 270 -1 -1 24.243870
245 266 270 -1 32.176455
314 340 -1 -1 34.685547
314 326 340 -1 35.361955
290 294 -1 -1 32.728593
270 290 -1 -1 21.671173
270 290 294 -1 38.662144
202 225 -1 -1 34.324128
225 231 -1 -1 34.841283
202 225 231 -1 40.148950
340 369 -1 -1 31.336201
340 363 369 -1 32.136401
225 245 -1 -1 25.803414
225 231 245 -1 36.398504
290 307 -1 -1 23.982508
290 294 307 -1 36.629684
157 187 -1 -1 29.436770
157 173 187 -1 33.926930
314 329 -1 -1 35.050500
329 340 -1 -1 23.736258
314 329 340 -1 36.817439
307 329 -1 -1 30.814089
307 314 329 -1 36.036850
187 225 -1 -1 37.442994
187 202 225 -1 40.255391
340 360 -1 -1 31.524853
360 369 -1 -1 18.815725
340 360 369 -1 34.022925
391 393 -1 -1 19.601124
135 138 -1 -1 26.248794
138 157 -1 -1 25.958153
135 138 157 -1 31.230100
118 135 -1 -1 34.397803
117 138 -1 -1 36.048209
118 138 -1 -1 24.305165
117 118 -1 -1 28.286509
117 135 138 -1 36.048209
118 135 138 -1 36.048209
117 118 135 -1 34.397803
117 118 138 -1 36.048209
117 118 135 138 36.048209
329 360 -1 -1 34.403258
329 340 360 -1 35.920748
187 201 -1 -1 23.464670
201 225 -1 -1 27.544070
187 201 225 -1 38.256837
369 393 -1 -1 35.477179
369 391 393 -1 35.951040
245 251 -1 -1 30.419124
251 270 -1 -1 28.356357
245 251 270 -1 32.234214
157 167 -1 -1 31.264265
167 187 -1 -1 29.368938
157 167 187 -1 35.614925
369 380 -1 -1 36.539521
380 393 -1 -1 24.838138
369 380 393 -1 38.746293
225 251 -1 -1 33.330963
225 245 251 -1 36.173841
360 380 -1 -1 29.185366
360 369 380 -1 37.291909
138 167 -1 -1 27.340970
138 157 167 -1 33.364065
306 307 -1 -1 24.551022
306 329 -1 -1 32.493481
306 307 329 -1 35.605782
290 306 -1 -1 29.640561
290 306 307 -1 30.505716
270 279 -1 -1 29.462997
279 290 -1 -1 25.725342
270 279 290 -1 31.174803
251 279 -1 -1 28.599921
251 270 279 -1 33.562418
167 201 -1 -1 30.666301
167 187 201 -1 32.880966
329 356 -1 -1 35.123514
356 360 -1 -1 18.819790
329 356 360 -1 37.396661
329 331 -1 -1 24.667472
306 331 -1 -1 30.903284
306 329 331 -1 34.206956
222 225 -1 -1 30.926176
201 222 -1 -1 25.845705
201 222 225 -1 33.111101
279 306 -1 -1 33.971406
279 290 306 -1 36.127650
331 356 -1 -1 27.237126
329 331 356 -1 36.819788
356 380 -1 -1 29.205116
356 360 380 -1 31.729227
393 402 -1 -1 27.469548
222 251 -1 -1 32.401492
222 225 251 -1 39.896064
380 402 -1 -1 26.743330
380 393 402 -1 31.460781
138 146 -1 -1 25.516911
146 167 -1 -1 29.349387
138 146 167 -1 31.953827
118 146 -1 -1 32.363180
118 138 146 -1 33.736087
167 190 -1 -1 27.912377
190 201 -1 -1 24.353694
167 190 201 -1 33.200960
118 119 -1 -1 23.896171
119 146 -1 -1 24.179697
118 119 146 -1 32.713759
279 282 -1 -1 22.359390
282 306 -1 -1 36.523961
279 282 306 -1 37.493335
251 254 -1 -1 27.715493
254 279 -1 -1 31.927527
251 254 279 -1 34.615448
222 254 -1 -1 35.750769
222 251 254 -1 40.439791
306 311 -1 -1 23.452120
282 311 -1 -1 27.837343
282 306 311 -1 37.292288
311 331 -1 -1 33.505635
306 311 331 -1 34.809838
190 222 -1 -1 32.908233
190 201 222 -1 33.148464
327 331 -1 -1 24.165006
311 327 -1 -1 22.703860
311 327 331 -1 36.816522
331 352 -1 -1 32.355590
352 356 -1 -1 20.216999
331 352 356 -1 33.373334
352 380 -1 -1 35.832779
352 356 380 -1 37.127126
146 166 -1 -1 25.551168
166 167 -1 -1 29.813487
146 166 167 -1 35.000065
166 190 -1 -1 24.242241
166 167 190 -1 32.011513
352 377 -1 -1 26.608669
377 380 -1 -1 30.294588
352 377 380 -1 36.281346
254 282 -1 -1 30.548223
254 279 282 -1 33.858415
377 402 -1 -1 31.400535
377 380 402 -1 35.257390
222 230 -1 -1 23.233177
230 254 -1 -1 27.109938
222 230 254 -1 35.768512
190 203 -1 -1 21.855268
203 222 -1 -1 34.006571
190 203 222 -1 36.792357
327 352 -1 -1 36.557141
327 331 352 -1 37.031852
327 343 -1 -1 27.781472
343 352 -1 -1 26.775912
327 343 352 -1 38.765059
377 399 -1 -1 24.314253
399 402 -1 -1 33.482711
377 399 402 -1 37.399741
119 137 -1 -1 29.930555
137 146 -1 -1 25.484288
119 137 146 -1 34.407482
203 230 -1 -1 28.647010
203 222 230 -1 34.599201
137 166 -1 -1 27.277063
137 146 166 -1 30.851594
282 297 -1 -1 29.590699
297 311 -1 -1 26.274244
282 297 311 -1 32.837922
114 119 -1 -1 28.984076
114 137 -1 -1 24.046848
114 119 137 -1 33.603761
166 174 -1 -1 21.248929
174 190 -1 -1 31.788803
166 174 190 -1 33.701432
254 272 -1 -1 31.708391
272 282 -1 -1 29.769162
254 272 282 -1 35.747037
174 203 -1 -1 30.848928
174 190 203 -1 34.017265
352 365 -1 -1 30.776376
365 377 -1 -1 26.786907
352 365 377 -1 33.841405
343 365 -1 -1 25.710201
343 352 365 -1 34.445659
272 297 -1 -1 30.100623
272 282 297 -1 36.393957
297 327 -1 -1 36.607945
297 311 327 -1 37.563173
230 242 -1 -1 22.496630
242 254 -1 -1 33.773580
230 242 254 -1 36.475902
137 174 -1 -1 32.582478
137 166 174 -1 33.016060
198 203 -1 -1 18.717512
174 198 -1 -1 21.742224
174 198 203 -1 32.162794
242 272 -1 -1 34.384570
242 254 272 -1 39.799652
137 153 -1 -1 22.422363
153 174 -1 -1 24.371525
137 153 174 -1 33.013128
297 322 -1 -1 34.331214
322 327 -1 -1 32.510562
297 322 327 -1 40.702197
322 343 -1 -1 30.061856
322 327 343 -1 35.743410
203 224 -1 -1 27.380871
224 230 -1 -1 28.148056
203 224 230 -1 33.455227
198 224 -1 -1 22.963852
198 203 224 -1 29.001882
224 242 -1 -1 25.011711
224 230 242 -1 31.112445
114 130 -1 -1 22.730496
130 137 -1 -1 27.258401
114 130 137 -1 30.517568
130 153 -1 -1 21.639467
130 137 153 -1 28.220643
153 172 -1 -1 17.517216
172 174 -1 -1 19.619526
153 172 174 -1 25.481540
242 256 -1 -1 22.293602
256 272 -1 -1 27.735239
242 256 272 -1 34.714135
365 399 -1 -1 39.549054
365 377 399 -1 42.733641
365 398 -1 -1 40.092386
398 399 -1 -1 27.536414
365 398 399 -1 42.322128
174 191 -1 -1 27.276808
191 198 -1 -1 18.763880
174 191 198 -1 28.864722
172 191 -1 -1 18.109338
172 174 191 -1 27.276808
198 209 -1 -1 19.258273
209 224 -1 -1 19.091530
198 209 224 -1 24.467708
297 298 -1 -1 28.899260
298 322 -1 -1 33.599375
297 298 322 -1 38.089476
272 298 -1 -1 38.814961
272 297 298 -1 39.422613
364 365 -1 -1 18.886014
364 398 -1 -1 33.389679
364 365 398 -1 40.836370
191 209 -1 -1 17.625965
191 198 209 -1 22.269732
322 341 -1 -1 32.105156
341 343 -1 -1 43.267572
322 341 343 -1 44.696460
343 364 -1 -1 45.946666
343 364 365 -1 46.071587
272 277 -1 -1 30.202907
277 298 -1 -1 24.832690
272 277 298 -1 40.658603
341 364 -1 -1 33.275908
341 343 364 -1 46.609358
149 153 -1 -1 20.118272
130 149 -1 -1 19.767258
130 149 153 -1 24.919391
256 277 -1 -1 26.137540
256 272 277 -1 33.197560
149 172 -1 -1 22.158280
149 153 172 -1 25.246699
224 238 -1 -1 30.391747
238 242 -1 -1 32.819756
224 238 242 -1 36.391050
209 221 -1 -1 16.499160
221 224 -1 -1 23.755154
209 221 224 -1 25.418271
221 238 -1 -1 14.960984
221 224 238 -1 30.391747
238 256 -1 -1 26.823986
238 242 256 -1 32.875542
172 175 -1 -1 18.147058
175 191 -1 -1 19.349997
172 175 191 -1 21.641027
298 308 -1 -1 23.856187
308 322 -1 -1 32.706117
298 308 322 -1 36.650100
149 175 -1 -1 23.630039
149 172 175 -1 25.754451
129 130 -1 -1 25.118996
129 149 -1 -1 22.880078
129 130 149 -1 27.056434
191 196 -1 -1 19.074737
196 209 -1 -1 22.317394
191 196 209 -1 25.145446
308 341 -1 -1 33.017986
308 322 341 -1 37.750078
175 196 -1 -1 19.473536
175 191 196 -1 22.505521
364 367 -1 -1 19.694676
341 367 -1 -1 29.243346
341 364 367 -1 34.725498
149 154 -1 -1 17.174890
154 175 -1 -1 19.397471
149 154 175 -1 25.078317
238 250 -1 -1 19.268583
250 256 -1 -1 24.651350
238 250 256 -1 28.796064
364 394 -1 -1 38.088939
394 398 -1 -1 23.576993
367 394 -1 -1 31.505610
367 398 -1 -1 39.870379
364 394 398 -1 38.088939
364 367 394 -1 39.870379
367 394 398 -1 39.870379
364 367 398 -1 39.870379
364 367 394 398 39.870379
209 211 -1 -1 24.371649
196 211 -1 -1 18.427484
196 209 211 -1 25.662757
211 221 -1 -1 17.559957
209 211 221 -1 25.459276
129 154 -1 -1 24.028521
129 149 154 -1 25.910010
250 277 -1 -1 36.400989
250 256 277 -1 36.400989
250 276 -1 -1 32.687134
276 277 -1 -1 21.793964
250 276 277 -1 37.626387
175 179 -1 -1 18.356626
179 196 -1 -1 20.469414
175 179 196 -1 23.704550
211 238 -1 -1 28.165467
211 221 238 -1 28.165467
154 179 -1 -1 21.012166
154 175 179 -1 22.865312
276 298 -1 -1 40.521421
276 277 298 -1 40.985163
394 407 -1 -1 22.537448
367 381 -1 -1 24.013109
381 394 -1 -1 23.826680
367 381 394 -1 32.093634
129 140 -1 -1 21.358928
140 154 -1 -1 21.256441
129 140 154 -1 25.784852
211 236 -1 -1 24.567910
236 238 -1 -1 23.605737
211 236 238 -1 30.777463
236 250 -1 -1 24.197875
236 238 250 -1 27.577972
298 303 -1 -1 46.521634
276 303 -1 -1 37.718833
276 298 303 -1 47.051657
303 308 -1 -1 23.585889
298 303 308 -1 49.447186
308 332 -1 -1 30.174481
332 341 -1 -1 32.568778
308 332 341 -1 39.364144
179 197 -1 -1 18.032892
196 197 -1 -1 20.992138
179 196 197 -1 23.174075
197 211 -1 -1 23.517026
196 197 211 -1 25.778392
250 257 -1 -1 18.144608
257 276 -1 -1 30.298083
250 257 276 -1 34.036742
154 163 -1 -1 21.157808
163 179 -1 -1 18.828079
154 163 179 -1 24.257434
211 216 -1 -1 15.141186
216 236 -1 -1 20.388362
211 216 236 -1 25.537140
341 359 -1 -1 38.200768
359 367 -1 -1 25.379702
341 359 367 -1 39.537670
116 129 -1 -1 28.729755
197 216 -1 -1 19.600502
197 211 216 -1 24.501365
140 163 -1 -1 20.004361
140 154 163 -1 25.595377
236 257 -1 -1 22.152006
236 250 257 -1 26.176173
303 332 -1 -1 31.122580
303 308 332 -1 36.556939
359 381 -1 -1 24.667167
359 367 381 -1 30.367082
116 140 -1 -1 23.685159
116 129 140 -1 29.579904
276 278 -1 -1 17.936836
278 303 -1 -1 33.061911
276 278 303 -1 39.352770
332 359 -1 -1 33.960616
332 341 359 -1 42.348432
381 407 -1 -1 30.865582
381 394 407 -1 31.064248
381 392 -1 -1 20.336680
392 407 -1 -1 22.873674
381 392 407 -1 31.549583
216 229 -1 -1 21.217447
229 236 -1 -1 14.815501
216 229 236 -1 23.166848
257 278 -1 -1 31.164984
257 276 278 -1 32.917783
163 178 -1 -1 18.124686
178 179 -1 -1 20.968652
163 178 179 -1 23.123676
178 197 -1 -1 19.398129
178 179 197 -1 22.735364
197 204 -1 -1 18.137798
204 216 -1 -1 20.204003
197 204 216 -1 22.763476
332 349 -1 -1 26.605017
349 359 -1 -1 22.042771
332 349 359 -1 34.147679
229 257 -1 -1 27.449986
229 236 257 -1 27.449986
278 299 -1 -1 26.050428
299 303 -1 -1 25.335249
278 299 303 -1 34.871299
140 143 -1 -1 22.233100
143 163 -1 -1 24.138545
140 143 163 -1 25.797143
253 257 -1 -1 16.612793
229 253 -1 -1 26.791146
229 253 257 -1 29.776176
253 278 -1 -1 31.669409
253 257 278 -1 33.225652
116 143 -1 -1 27.778395
116 140 143 -1 29.386246
216 226 -1 -1 23.433830
226 229 -1 -1 14.250234
216 226 229 -1 26.267095
204 226 -1 -1 20.203124
204 216 226 -1 25.837433
178 204 -1 -1 25.526761
178 197 204 -1 26.370693
303 316 -1 -1 26.839024
316 332 -1 -1 36.794724
303 316 332 -1 38.067824
332 333 -1 -1 25.104068
316 333 -1 -1 20.116451
316 332 333 -1 36.794724
163 168 -1 -1 24.807443
143 168 -1 -1 23.753610
143 163 168 -1 29.939503
168 178 -1 -1 18.217663
163 168 178 -1 26.694095
392 400 -1 -1 26.734728
400 407 -1 -1 38.660572
392 400 407 -1 38.660572
229 243 -1 -1 23.639613
243 253 -1 -1 18.533453
229 243 253 -1 28.699617
299 316 -1 -1 18.817256
299 303 316 -1 27.873319
278 281 -1 -1 20.328635
281 299 -1 -1 20.755608
278 281 299 -1 28.981868
359 373 -1 -1 30.949395
373 381 -1 -1 33.023589
359 373 381 -1 38.295838
333 349 -1 -1 22.774067
332 333 349 -1 29.581729
373 392 -1 -1 28.873972
373 381 392 -1 33.975548
178 193 -1 -1 26.073076
193 204 -1 -1 20.723090
178 193 204 -1 28.746422
226 243 -1 -1 20.735855
226 229 243 -1 25.035702
262 278 -1 -1 34.170298
262 281 -1 -1 19.700842
253 262 -1 -1 17.179585
253 281 -1 -1 30.362406
262 278 281 -1 34.170298
253 262 278 -1 34.170298
253 262 281 -1 30.362406
253 278 281 -1 34.170298
253 262 278 281 34.170298
113 116 -1 -1 27.832631
113 143 -1 -1 30.939003
113 116 143 -1 35.129279
168 193 -1 -1 23.784567
168 178 193 -1 28.409289
349 373 -1 -1 31.581129
349 359 373 -1 33.583158
204 218 -1 -1 25.407075
218 226 -1 -1 18.184565
204 218 226 -1 25.430586
193 218 -1 -1 24.074179
193 204 218 -1 28.449255
243 262 -1 -1 21.025612
243 253 262 -1 22.032543
373 400 -1 -1 39.623346
373 392 400 -1 41.584468
113 136 -1 -1 24.102168
136 143 -1 -1 22.113050
113 136 143 -1 31.198899
349 355 -1 -1 21.989434
355 373 -1 -1 25.947138
349 355 373 -1 32.202029
218 243 -1 -1 26.744367
218 226 243 -1 28.509722
136 168 -1 -1 27.727291
136 143 168 -1 29.913714
218 233 -1 -1 19.602682
233 243 -1 -1 20.766125
218 233 243 -1 26.744367
333 338 -1 -1 21.137562
338 349 -1 -1 28.374429
333 338 349 -1 30.439445
168 169 -1 -1 19.227006
169 193 -1 -1 23.511774
168 169 193 -1 26.340533
281 287 -1 -1 21.745584
287 299 -1 -1 26.113026
281 287 299 -1 28.195877
315 316 -1 -1 21.247509
315 333 -1 -1 25.630392
315 316 333 -1 27.218910
338 355 -1 -1 22.216850
338 349 355 -1 29.048653
136 169 -1 -1 28.166393
136 168 169 -1 31.729636
315 338 -1 -1 22.626152
315 333 338 -1 27.320517
193 200 -1 -1 22.775858
200 218 -1 -1 19.684808
193 200 218 -1 26.495621
262 263 -1 -1 17.121057
263 281 -1 -1 27.827385
262 263 281 -1 28.352294
373 382 -1 -1 26.215030
382 400 -1 -1 33.942652
373 382 400 -1 41.221990
263 287 -1 -1 29.575068
263 281 287 -1 31.955103
243 263 -1 -1 32.567010
243 262 263 -1 33.028112
299 315 -1 -1 36.433156
299 315 316 -1 36.827540
233 246 -1 -1 15.569682
243 246 -1 -1 30.420532
233 243 246 -1 31.088841
246 263 -1 -1 21.684197
243 246 263 -1 32.567010
287 315 -1 -1 35.741017
287 299 315 -1 36.997274
287 304 -1 -1 23.885014
304 315 -1 -1 18.603258
287 304 315 -1 35.741017
169 200 -1 -1 30.309832
169 193 200 -1 30.637613
400 401 -1 -1 33.951305
382 401 -1 -1 23.724855
382 400 401 -1 38.705552
355 370 -1 -1 24.353792
370 373 -1 -1 32.753540
355 370 373 -1 34.129350
370 382 -1 -1 22.254052
370 373 382 -1 32.753540
136 155 -1 -1 22.717246
155 169 -1 -1 23.581554
136 155 169 -1 30.258801
263 280 -1 -1 24.233320
280 287 -1 -1 19.422323
263 280 287 -1 30.368717
113 132 -1 -1 35.349606
132 136 -1 -1 27.286679
113 132 136 -1 35.832187
200 233 -1 -1 31.250851
200 218 233 -1 31.288108
338 350 -1 -1 24.169132
350 355 -1 -1 22.987190
338 350 355 -1 27.726284
328 338 -1 -1 21.008401
315 328 -1 -1 23.965472
315 328 338 -1 27.375958
350 370 -1 -1 18.345785
350 355 370 -1 27.086123
169 177 -1 -1 21.602683
177 200 -1 -1 32.057758
169 177 200 -1 33.048506
200 223 -1 -1 26.640047
223 233 -1 -1 26.423860
200 223 233 -1 32.699951
132 155 -1 -1 20.022669
132 136 155 -1 29.377064
155 177 -1 -1 20.780229
155 169 177 -1 27.874296
177 199 -1 -1 22.412374
199 200 -1 -1 17.817021
177 199 200 -1 33.836463
246 255 -1 -1 15.574446
255 263 -1 -1 21.826521
246 255 263 -1 24.379286
328 350 -1 -1 24.764561
328 338 350 -1 28.459059
223 246 -1 -1 26.451176
223 233 246 -1 28.612793
280 304 -1 -1 29.064828
280 287 304 -1 30.146988
255 275 -1 -1 16.474444
263 275 -1 -1 25.376634
255 263 275 -1 26.839318
275 280 -1 -1 17.893190
263 275 280 -1 28.073723
304 328 -1 -1 30.272346
304 315 328 -1 30.272346
199 223 -1 -1 22.856269
199 200 223 -1 26.905210
280 295 -1 -1 21.027781
295 304 -1 -1 24.555127
280 295 304 -1 29.681422
223 235 -1 -1 19.706876
235 246 -1 -1 29.077516
223 235 246 -1 29.728932
235 255 -1 -1 24.344650
235 246 255 -1 30.559704
304 309 -1 -1 21.013996
295 309 -1 -1 12.759609
295 304 309 -1 27.013681
304 318 -1 -1 26.916653
318 328 -1 -1 27.309536
304 318 328 -1 33.010609
370 378 -1 -1 29.186729
378 382 -1 -1 28.472255
370 378 382 -1 32.296994
378 401 -1 -1 27.964437
378 382 401 -1 31.828569
328 347 -1 -1 23.850110
347 350 -1 -1 22.622490
328 347 350 -1 27.849546
309 318 -1 -1 14.065923
304 309 318 -1 27.049189
328 334 -1 -1 22.780278
318 334 -1 -1 14.998801
318 328 334 -1 31.081626
150 155 -1 -1 22.360256
132 150 -1 -1 24.379901
132 150 155 -1 27.664721
150 177 -1 -1 27.316966
150 155 177 -1 27.911298
280 284 -1 -1 24.138050
275 284 -1 -1 18.825170
275 280 284 -1 25.162557
284 295 -1 -1 14.278732
280 284 295 -1 24.846572
177 194 -1 -1 27.076128
194 199 -1 -1 18.992485
177 194 199 -1 27.597338
171 177 -1 -1 23.131332
150 171 -1 -1 18.512459
150 171 177 -1 27.702114
350 361 -1 -1 29.596782
361 370 -1 -1 29.739590
350 361 370 -1 30.935067
235 258 -1 -1 17.036064
255 258 -1 -1 17.744832
235 255 258 -1 24.344650
334 347 -1 -1 19.350653
328 334 347 -1 25.789682
361 378 -1 -1 28.995970
361 370 378 -1 35.403751
258 275 -1 -1 20.893820
255 258 275 -1 22.016307
347 361 -1 -1 21.537099
347 350 361 -1 31.050210
171 194 -1 -1 23.670621
171 177 194 -1 28.860904
121 132 -1 -1 28.922913
194 217 -1 -1 26.745769
199 217 -1 -1 33.472833
194 199 217 -1 33.986717
217 223 -1 -1 27.470545
199 217 223 -1 33.704284
121 150 -1 -1 30.844991
121 132 150 -1 34.335133
258 273 -1 -1 18.083179
273 275 -1 -1 18.949192
258 273 275 -1 23.478354
273 284 -1 -1 17.078021
273 275 284 -1 22.211971
217 235 -1 -1 22.007681
217 223 235 -1 28.305012
378 395 -1 -1 29.355313
121 148 -1 -1 25.253527
148 150 -1 -1 21.403169
121 148 150 -1 30.844991
295 300 -1 -1 26.914417
300 309 -1 -1 23.838423
295 300 309 -1 27.860589
361 371 -1 -1 23.453542
371 378 -1 -1 30.192729
361 371 378 -1 32.550631
148 171 -1 -1 22.884252
148 150 171 -1 24.684190
235 247 -1 -1 23.146134
247 258 -1 -1 18.275089
235 247 258 -1 24.303034
284 300 -1 -1 28.850371
284 295 300 -1 30.972907
300 318 -1 -1 26.582091
300 309 318 -1 27.467852
171 180 -1 -1 20.567483
180 194 -1 -1 21.920507
171 180 194 -1 27.744552
284 285 -1 -1 22.900229
285 300 -1 -1 18.166558
284 285 300 -1 28.935139
371 395 -1 -1 23.846649
371 378 395 -1 37.351800
247 273 -1 -1 25.088401
247 258 273 -1 26.191043
334 342 -1 -1 30.790086
342 347 -1 -1 24.863629
334 342 347 -1 30.790086
342 361 -1 -1 26.806520
342 347 361 -1 29.479118
194 205 -1 -1 25.391980
205 217 -1 -1 21.856963
194 205 217 -1 28.833257
273 285 -1 -1 23.446035
273 284 285 -1 25.957665
317 318 -1 -1 25.606979
317 334 -1 -1 26.459548
317 318 334 -1 28.586751
300 317 -1 -1 24.272067
300 317 318 -1 30.516822
217 247 -1 -1 29.603812
217 235 247 -1 30.322406
180 205 -1 -1 19.268046
180 194 205 -1 27.336971
265 273 -1 -1 20.759751
247 265 -1 -1 20.943188
247 265 273 -1 26.335257
317 342 -1 -1 31.182659
317 334 342 -1 35.861226
148 180 -1 -1 28.840091
148 171 180 -1 29.243250
265 285 -1 -1 21.590513
265 273 285 -1 27.242272
217 239 -1 -1 27.750351
239 247 -1 -1 17.668347
217 239 247 -1 31.050542
148 170 -1 -1 27.705913
170 180 -1 -1 19.463560
148 170 180 -1 32.001126
107 121 -1 -1 29.732955
215 217 -1 -1 28.332090
205 215 -1 -1 20.754402
205 215 217 -1 28.491658
215 239 -1 -1 20.687745
215 217 239 -1 31.597363
121 145 -1 -1 35.810492
145 148 -1 -1 23.849452
121 145 148 -1 36.802532
342 371 -1 -1 39.176315
342 361 371 -1 39.566054
342 358 -1 -1 31.531027
358 371 -1 -1 33.595237
342 358 371 -1 40.042941
107 145 -1 -1 28.969239
107 121 145 -1 36.897105
145 170 -1 -1 25.186034
145 148 170 -1 30.695496
317 336 -1 -1 30.092155
336 342 -1 -1 23.957945
317 336 342 -1 34.643778
300 310 -1 -1 28.544430
310 317 -1 -1 23.476401
300 310 317 -1 33.762462
239 252 -1 -1 21.686572
247 252 -1 -1 30.644339
239 247 252 -1 30.644339
252 265 -1 -1 26.396746
247 252 265 -1 31.272765
288 300 -1 -1 29.900186
285 288 -1 -1 21.620641
285 288 300 -1 30.373154
265 288 -1 -1 28.657311
265 285 288 -1 30.490375
386 395 -1 -1 26.288652
288 310 -1 -1 27.230861
288 300 310 -1 33.752798
265 271 -1 -1 21.070934
271 288 -1 -1 21.829701
265 271 288 -1 28.740208
371 386 -1 -1 36.576250
371 386 395 -1 40.439635
170 189 -1 -1 24.394936
180 189 -1 -1 32.121036
170 180 189 -1 32.355305
189 205 -1 -1 26.545230
180 189 205 -1 33.424400
252 271 -1 -1 19.586738
252 265 271 -1 29.473072
336 358 -1 -1 28.795355
336 342 358 -1 34.252409
310 336 -1 -1 30.043954
310 317 336 -1 32.929305
189 215 -1 -1 26.538819
189 205 215 -1 29.710797
358 386 -1 -1 43.783615
358 371 386 -1 45.133149
107 -1 -1 -1 0.000000
113 -1 -1 -1 0.000000
114 -1 -1 -1 0.000000
116 -1 -1 -1 0.000000
117 -1 -1 -1 0.000000
118 -1 -1 -1 0.000000
119 -1 -1 -1 0.000000
121 -1 -1 -1 0.000000
129 -1 -1 -1 0.000000
130 -1 -1 -1 0.000000
131 -1 -1 -1 0.000000
132 -1 -1 -1 0.000000
135 -1 -1 -1 0.000000
136 -1 -1 -1 0.000000
137 -1 -1 -1 0.000000
138 -1 -1 -1 0.000000
140 -1 -1 -1 0.000000
143 -1 -1 -1 0.000000
145 -1 -1 -1 0.000000
146 -1 -1 -1 0.000000
148 -1 -1 -1 0.000000
149 -1 -1 -1 0.000000
150 -1 -1 -1 0.000000
153 -1 -1 -1 0.000000
154 -1 -1 -1 0.000000
155 -1 -1 -1 0.000000
157 -1 -1 -1 0.000000
160 -1 -1 -1 0.000000
163 -1 -1 -1 0.000000
166 -1 -1 -1 0.000000
167 -1 -1 -1 0.000000
168 -1 -1 -1 0.000000
169 -1 -1 -1 0.000000
170 -1 -1 -1 0.000000
171 -1 -1 -1 0.000000
172 -1 -1 -1 0.000000
173 -1 -1 -1 0.000000
174 -1 -1 -1 0.000000
175 -1 -1 -1 0.000000
177 -1 -1 -1 0.000000
178 -1 -1 -1 0.000000
179 -1 -1 -1 0.000000
180 -1 -1 -1 0.000000
187 -1 -1 -1 0.000000
189 -1 -1 -1 0.000000
190 -1 -1 -1 0.000000
191 -1 -1 -1 0.000000
193 -1 -1 -1 0.000000
194 -1 -1 -1 0.000000
196 -1 -1 -1 0.000000
197 -1 -1 -1 0.000000
198 -1 -1 -1 0.000000
199 -1 -1 -1 0.000000
200 -1 -1 -1 0.000000
201 -1 -1 -1 0.000000
202 -1 -1 -1 0.000000
203 -1 -1 -1 0.000000
204 -1 -1 -1 0.000000
205 -1 -1 -1 0.000000
208 -1 -1 -1 0.000000
209 -1 -1 -1 0.000000
211 -1 -1 -1 0.000000
215 -1 -1 -1 0.000000
216 -1 -1 -1 0.000000
217 -1 -1 -1 0.000000
218 -1 -1 -1 0.000000
221 -1 -1 -1 0.000000
222 -1 -1 -1 0.000000
223 -1 -1 -1 0.000000
224 -1 -1 -1 0.000000
225 -1 -1 -1 0.000000
226 -1 -1 -1 0.000000
229 -1 -1 -1 0.000000
230 -1 -1 -1 0.000000
231 -1 -1 -1 0.000000
233 -1 -1 -1 0.000000
235 -1 -1 -1 0.000000
236 -1 -1 -1 0.000000
238 -1 -1 -1 0.000000
239 -1 -1 -1 0.000000
242 -1 -1 -1 0.000000
243 -1 -1 -1 0.000000
245 -1 -1 -1 0.000000
246 -1 -1 -1 0.000000
247 -1 -1 -1 0.000000
250 -1 -1 -1 0.000000
251 -1 -1 -1 0.000000
252 -1 -1 -1 0.000000
253 -1 -1 -1 0.000000
254 -1 -1 -1 0.000000
255 -1 -1 -1 0.000000
256 -1 -1 -1 0.000000
257 -1 -1 -1 0.000000
258 -1 -1 -1 0.000000
262 -1 -1 -1 0.000000
263 -1 -1 -1 0.000000
265 -1 -1 -1 0.000000
266 -1 -1 -1 0.000000
270 -1 -1 -1 0.000000
271 -1 -1 -1 0.000000
272 -1 -1 -1 0.000000
273 -1 -1 -1 0.000000
275 -1 -1 -1 0.000000
276 -1 -1 -1 0.000000
277 -1 -1 -1 0.000000
278 -1 -1 -1 0.000000
279 -1 -1 -1 0.000000
280 -1 -1 -1 0.000000
281 -1 -1 -1 0.000000
282 -1 -1 -1 0.000000
284 -1 -1 -1 0.000000
285 -1 -1 -1 0.000000
287 -1 -1 -1 0.000000
288 -1 -1 -1 0.000000
290 -1 -1 -1 0.000000
294 -1 -1 -1 0.000000
295 -1 -1 -1 0.000000
297 -1 -1 -1 0.000000
298 -1 -1 -1 0.000000
299 -1 -1 -1 0.000000
300 -1 -1 -1 0.000000
303 -1 -1 -1 0.000000
304 -1 -1 -1 0.000000
306 -1 -1 -1 0.000000
307 -1 -1 -1 0.000000
308 -1 -1 -1 0.000000
309 -1 -1 -1 0.000000
310 -1 -1 -1 0.000000
311 -1 -1 -1 0.000000
314 -1 -1 -1 0.000000
315 -1 -1 -1 0.000000
316 -1 -1 -1 0.000000
317 -1 -1 -1 0.000000
318 -1 -1 -1 0.000000
322 -1 -1 -1 0.000000
326 -1 -1 -1 0.000000
327 -1 -1 -1 0.000000
328 -1 -1 -1 0.000000
329 -1 -1 -1 0.000000
331 -1 -1 -1 0.000000
332 -1 -1 -1 0.000000
333 -1 -1 -1 0.000000
334 -1 -1 -1 0.000000
336 -1 -1 -1 0.000000
338 -1 -1 -1 0.000000
340 -1 -1 -1 0.000000
341 -1 -1 -1 0.000000
342 -1 -1 -1 0.000000
343 -1 -1 -1 0.000000
347 -1 -1 -1 0.000000
349 -1 -1 -1 0.000000
350 -1 -1 -1 0.000000
351 -1 -1 -1 0.000000
352 -1 -1 -1 0.000000
355 -1 -1 -1 0.000000
356 -1 -1 -1 0.000000
358 -1 -1 -1 0.000000
359 -1 -1 -1 0.000000
360 -1 -1 -1 0.000000
361 -1 -1 -1 0.000000
363 -1 -1 -1 0.000000
364 -1 -1 -1 0.000000
365 -1 -1 -1 0.000000
367 -1 -1 -1 0.000000
369 -1 -1 -1 0.000000
370 -1 -1 -1 0.000000
371 -1 -1 -1 0.000000
373 -1 -1 -1 0.000000
377 -1 -1 -1 0.000000
378 -1 -1 -1 0.000000
380 -1 -1 -1 0.000000
381 -1 -1 -1 0.000000
382 -1 -1 -1 0.000000
383 -1 -1 -1 0.000000
386 -1 -1 -1 0.000000
391 -1 -1 -1 0.000000
392 -1 -1 -1 0.000000
393 -1 -1 -1 0.000000
394 -1 -1 -1 0.000000
395 -1 -1 -1 0.000000
398 -1 -1 -1 0.000000
399 -1 -1 -1 0.000000
400 -1 -1 -1 0.000000
401 -1 -1 -1 0.000000
402 -1 -1 -1 0.000000
404 -1 -1 -1 0.000000
407 -1 -1 -1 0.000000
