155 164 -1 -1 12.065873
127 155 -1 -1 28.170685
357 360 -1 -1 11.580843
216 224 -1 -1 20.747322
273 299 -1 -1 24.923942
224 244 -1 -1 21.835037
299 315 -1 -1 20.133444
315 334 -1 -1 16.452823
164 188 -1 -1 24.660744
188 216 -1 -1 23.214774
273 293 -1 -1 14.005017
293 299 -1 -1 17.984361
273 293 299 -1 25.784184
244 273 -1 -1 33.277196
96 127 -1 -1 31.964775
244 255 -1 -1 19.635662
255 273 -1 -1 31.058935
244 255 273 -1 33.328448
273 275 -1 -1 11.177445
255 275 -1 -1 18.749762
255 273 275 -1 31.058935
348 357 -1 -1 14.561371
360 366 -1 -1 25.175185
366 391 -1 -1 24.110864
391 404 -1 -1 15.805747
334 348 -1 -1 20.075246
127 141 -1 -1 38.546542
141 155 -1 -1 24.239426
127 141 155 -1 39.961364
357 366 -1 -1 23.593181
357 360 366 -1 25.712458
275 293 -1 -1 17.878530
273 275 293 -1 18.479047
164 166 -1 -1 33.537790
166 188 -1 -1 30.144617
164 166 188 -1 36.969094
275 294 -1 -1 18.178976
293 294 -1 -1 12.979777
275 293 294 -1 21.989158
294 299 -1 -1 25.800189
293 294 299 -1 25.800189
294 315 -1 -1 22.696787
294 299 315 -1 26.327246
155 166 -1 -1 34.922887
155 164 166 -1 35.362858
141 166 -1 -1 23.317450
141 155 166 -1 36.758075
180 188 -1 -1 22.991081
166 180 -1 -1 15.714160
166 180 188 -1 30.593275
348 366 -1 -1 24.673559
348 357 366 -1 26.205385
96 141 -1 -1 36.606379
96 127 141 -1 42.058118
224 245 -1 -1 24.750886
244 245 -1 -1 27.537735
224 244 245 -1 31.008650
268 275 -1 -1 22.851653
255 268 -1 -1 21.722841
255 268 275 -1 36.562692
334 335 -1 -1 18.205096
335 348 -1 -1 16.653558
334 335 348 -1 25.587330
245 255 -1 -1 15.827984
244 245 255 -1 27.791796
207 216 -1 -1 34.468475
207 224 -1 -1 30.158210
207 216 224 -1 34.551803
188 207 -1 -1 30.760833
188 207 216 -1 43.227373
224 227 -1 -1 20.847036
207 227 -1 -1 22.127175
207 224 227 -1 30.158210
180 207 -1 -1 21.046614
180 188 207 -1 30.760833
286 294 -1 -1 26.250268
286 315 -1 -1 41.545348
286 294 315 -1 42.477994
315 318 -1 -1 23.150553
286 318 -1 -1 23.104899
286 315 318 -1 41.545348
227 245 -1 -1 19.164341
224 227 245 -1 25.857352
366 397 -1 -1 29.001892
391 397 -1 -1 25.454943
366 391 397 -1 32.028929
397 404 -1 -1 20.548579
391 397 404 -1 25.454943
268 294 -1 -1 26.176816
268 275 294 -1 28.423438
318 334 -1 -1 31.738665
315 318 334 -1 32.426926
268 286 -1 -1 22.210366
268 286 294 -1 28.046006
318 335 -1 -1 28.340979
318 334 335 -1 32.274587
96 139 -1 -1 38.834825
139 141 -1 -1 26.552696
96 139 141 -1 41.634431
348 355 -1 -1 27.235488
355 366 -1 -1 23.525236
348 355 366 -1 36.314165
335 355 -1 -1 23.791120
335 348 355 -1 27.765475
366 387 -1 -1 26.318621
387 397 -1 -1 14.134440
366 387 397 -1 29.266592
318 327 -1 -1 24.688304
327 335 -1 -1 20.401396
318 327 335 -1 29.266018
96 124 -1 -1 53.816178
124 139 -1 -1 18.764244
96 124 139 -1 55.050920
96 126 -1 -1 22.208097
124 126 -1 -1 21.916543
96 124 126 -1 53.816178
227 231 -1 -1 13.204493
207 231 -1 -1 24.969790
207 227 231 -1 26.135928
231 245 -1 -1 18.671753
227 231 245 -1 26.245585
180 183 -1 -1 21.782424
183 207 -1 -1 26.149058
180 183 207 -1 32.295616
308 318 -1 -1 21.227188
308 327 -1 -1 23.458016
308 318 327 -1 36.510941
355 387 -1 -1 29.054991
355 366 387 -1 29.606812
141 158 -1 -1 32.083284
158 166 -1 -1 26.808190
141 158 166 -1 32.928250
207 217 -1 -1 23.282477
217 231 -1 -1 19.471771
207 217 231 -1 27.259202
245 256 -1 -1 29.078321
255 256 -1 -1 36.936311
245 255 256 -1 36.936311
286 308 -1 -1 18.720770
286 308 318 -1 23.104899
256 268 -1 -1 26.206394
255 256 268 -1 38.304160
327 355 -1 -1 29.558845
327 335 355 -1 30.818223
139 158 -1 -1 23.236725
139 141 158 -1 33.250127
240 245 -1 -1 31.252534
240 256 -1 -1 17.965915
240 245 256 -1 37.167626
158 180 -1 -1 34.092826
158 166 180 -1 34.092826
231 240 -1 -1 19.546902
231 240 245 -1 31.252534
158 183 -1 -1 23.258979
158 180 183 -1 35.063006
355 356 -1 -1 13.506317
327 356 -1 -1 29.628050
327 355 356 -1 30.534594
356 387 -1 -1 30.906362
355 356 387 -1 32.363206
256 265 -1 -1 26.551753
265 268 -1 -1 37.038675
256 265 268 -1 37.306220
265 286 -1 -1 31.679941
265 268 286 -1 37.309518
382 387 -1 -1 16.101476
356 382 -1 -1 29.912552
356 382 387 -1 30.906362
183 217 -1 -1 33.460298
183 207 217 -1 38.572497
382 397 -1 -1 28.697583
382 387 397 -1 31.086280
217 240 -1 -1 26.236442
217 231 240 -1 27.539703
317 327 -1 -1 17.500099
317 356 -1 -1 39.150288
317 327 356 -1 39.150288
183 208 -1 -1 32.896999
208 217 -1 -1 17.500865
183 208 217 -1 33.995088
308 317 -1 -1 28.220277
308 317 327 -1 38.890065
356 365 -1 -1 16.295336
365 382 -1 -1 21.187306
356 365 382 -1 32.250496
183 192 -1 -1 22.540913
192 208 -1 -1 16.965589
183 192 208 -1 34.668693
317 342 -1 -1 21.311158
342 356 -1 -1 32.419057
317 342 356 -1 42.681662
382 400 -1 -1 20.755111
265 287 -1 -1 25.041687
286 287 -1 -1 42.127367
265 286 287 -1 42.127367
287 308 -1 -1 31.860848
286 287 308 -1 42.764970
342 365 -1 -1 29.406991
342 356 365 -1 33.043477
94 124 -1 -1 31.020590
139 140 -1 -1 31.979353
140 158 -1 -1 25.361705
139 140 158 -1 33.452457
287 317 -1 -1 41.702539
287 308 317 -1 45.592933
158 191 -1 -1 36.397127
183 191 -1 -1 31.343626
158 183 191 -1 36.559730
217 225 -1 -1 41.137285
208 225 -1 -1 27.492451
208 217 225 -1 41.383649
225 240 -1 -1 32.100662
217 225 240 -1 41.137285
140 191 -1 -1 45.102498
140 158 191 -1 45.628410
140 183 -1 -1 46.824846
140 183 191 -1 46.824846
140 185 -1 -1 36.197274
183 185 -1 -1 33.467451
140 183 185 -1 48.095535
185 192 -1 -1 16.109713
183 185 192 -1 33.467451
400 408 -1 -1 24.779120
317 319 -1 -1 17.595923
287 319 -1 -1 25.646142
287 317 319 -1 41.702539
319 342 -1 -1 20.346438
317 319 342 -1 31.573086
342 363 -1 -1 21.853613
363 365 -1 -1 22.061620
342 363 365 -1 35.862259
365 388 -1 -1 23.900047
382 388 -1 -1 25.380048
365 382 388 -1 28.873815
388 400 -1 -1 21.653355
382 388 400 -1 28.264802
254 256 -1 -1 30.539051
254 265 -1 -1 28.605448
254 256 265 -1 37.695387
124 140 -1 -1 40.651580
124 139 140 -1 49.786158
240 254 -1 -1 35.383760
240 254 256 -1 43.401129
225 254 -1 -1 28.932529
225 240 254 -1 36.059461
363 388 -1 -1 23.797239
363 365 388 -1 28.616945
124 132 -1 -1 48.369779
94 132 -1 -1 42.038554
94 124 132 -1 48.898911
132 140 -1 -1 38.977485
124 132 140 -1 48.744866
185 204 -1 -1 21.135194
192 204 -1 -1 22.294542
185 192 204 -1 23.887733
204 208 -1 -1 29.422389
192 204 208 -1 33.994946
204 225 -1 -1 33.468163
204 208 225 -1 34.095358
304 319 -1 -1 29.011318
287 304 -1 -1 27.319986
287 304 319 -1 33.793650
94 111 -1 -1 31.437726
111 132 -1 -1 20.089070
94 111 132 -1 52.639046
333 342 -1 -1 38.399590
333 363 -1 -1 35.891316
333 342 363 -1 42.081464
319 333 -1 -1 44.321495
319 333 342 -1 44.321495
132 149 -1 -1 19.574559
140 149 -1 -1 29.067288
132 140 149 -1 39.541469
225 250 -1 -1 34.949873
250 254 -1 -1 20.208616
225 250 254 -1 37.263810
140 159 -1 -1 24.645261
149 159 -1 -1 16.876660
140 149 159 -1 32.256997
159 185 -1 -1 23.600587
140 159 185 -1 40.851542
254 287 -1 -1 42.466765
254 265 287 -1 44.195612
304 333 -1 -1 51.471215
304 319 333 -1 52.715102
304 312 -1 -1 18.569346
312 333 -1 -1 30.739262
304 312 333 -1 51.471215
250 285 -1 -1 35.934837
250 287 -1 -1 44.042263
254 285 -1 -1 43.418113
285 287 -1 -1 24.228589
250 254 285 -1 43.418113
250 285 287 -1 44.042263
250 254 287 -1 44.042263
254 285 287 -1 44.042263
250 254 285 287 44.042263
285 304 -1 -1 19.335785
285 287 304 -1 35.000758
363 372 -1 -1 25.145053
372 388 -1 -1 27.146792
363 372 388 -1 27.686468
372 400 -1 -1 39.154830
372 388 400 -1 39.154830
185 189 -1 -1 24.745706
159 189 -1 -1 25.249489
159 185 189 -1 34.703051
189 204 -1 -1 20.796889
185 189 204 -1 25.384286
372 408 -1 -1 44.971372
372 400 408 -1 45.809798
204 211 -1 -1 30.268308
211 225 -1 -1 30.597295
204 211 225 -1 36.996778
372 384 -1 -1 16.816779
384 408 -1 -1 42.507359
372 384 408 -1 45.675324
408 414 -1 -1 21.956628
384 414 -1 -1 40.094202
384 408 414 -1 42.507359
149 169 -1 -1 19.194623
159 169 -1 -1 12.857098
149 159 169 -1 23.160127
333 372 -1 -1 35.657966
333 363 372 -1 38.279038
169 189 -1 -1 24.333682
159 169 189 -1 25.707741
189 211 -1 -1 30.865226
189 204 211 -1 32.948928
211 250 -1 -1 45.578175
211 225 250 -1 46.301780
211 238 -1 -1 30.305384
238 250 -1 -1 34.889832
211 238 250 -1 45.578175
384 403 -1 -1 13.746337
403 414 -1 -1 21.537259
384 403 414 -1 40.162210
132 146 -1 -1 23.505537
146 149 -1 -1 17.626070
132 146 149 -1 24.395560
250 264 -1 -1 22.870967
264 285 -1 -1 28.878154
250 264 285 -1 40.499766
146 169 -1 -1 24.671495
146 149 169 -1 30.268329
169 178 -1 -1 23.740596
178 189 -1 -1 20.503490
169 178 189 -1 27.244902
264 290 -1 -1 24.494078
285 290 -1 -1 24.431264
264 285 290 -1 33.301097
290 304 -1 -1 34.040672
285 290 304 -1 37.547312
165 169 -1 -1 23.131298
165 178 -1 -1 16.170172
165 169 178 -1 28.297408
238 264 -1 -1 25.019896
238 250 264 -1 37.037948
290 312 -1 -1 27.354382
290 304 312 -1 34.306030
146 165 -1 -1 17.330146
146 165 169 -1 32.278219
290 311 -1 -1 29.828283
311 312 -1 -1 21.281946
290 311 312 -1 33.714385
377 384 -1 -1 25.119184
377 403 -1 -1 26.296615
377 384 403 -1 27.889483
178 211 -1 -1 42.677559
178 189 211 -1 42.677559
311 333 -1 -1 37.845713
311 312 333 -1 38.508017
372 377 -1 -1 36.479925
372 377 384 -1 37.578765
178 197 -1 -1 34.778824
197 211 -1 -1 37.001962
178 197 211 -1 43.779524
333 353 -1 -1 40.447517
353 372 -1 -1 41.542161
333 353 372 -1 45.242773
264 279 -1 -1 23.453321
279 290 -1 -1 22.428397
264 279 290 -1 35.938496
353 377 -1 -1 32.217270
353 372 377 -1 44.445611
111 117 -1 -1 36.402797
117 132 -1 -1 42.630906
111 117 132 -1 45.960721
117 146 -1 -1 30.528635
117 132 146 -1 44.815826
178 181 -1 -1 14.660527
181 197 -1 -1 17.904329
178 181 197 -1 34.778824
146 150 -1 -1 21.653833
117 150 -1 -1 28.652849
117 146 150 -1 31.725115
150 165 -1 -1 20.791570
146 150 165 -1 23.353998
211 222 -1 -1 29.390163
222 238 -1 -1 27.333931
211 222 238 -1 35.437986
197 222 -1 -1 29.532723
197 211 222 -1 38.838688
328 333 -1 -1 45.685959
311 328 -1 -1 26.394823
311 328 333 -1 46.439454
328 353 -1 -1 25.757254
328 333 353 -1 46.607619
238 257 -1 -1 25.035265
257 264 -1 -1 24.878599
238 257 264 -1 31.317792
257 279 -1 -1 17.999958
257 264 279 -1 33.410367
165 173 -1 -1 20.142739
165 181 -1 -1 22.041742
173 178 -1 -1 31.842109
173 181 -1 -1 15.368886
165 173 178 -1 31.842109
165 173 181 -1 22.041742
165 178 181 -1 31.842109
173 178 181 -1 31.842109
165 173 178 181 31.842109
150 173 -1 -1 21.201696
150 165 173 -1 23.703784
290 298 -1 -1 29.456432
298 311 -1 -1 22.648355
290 298 311 -1 39.324637
279 298 -1 -1 32.867601
279 290 298 -1 35.667475
353 378 -1 -1 29.314477
377 378 -1 -1 22.632902
353 377 378 -1 35.885948
116 117 -1 -1 34.347926
298 328 -1 -1 28.311826
298 311 328 -1 39.198667
116 121 -1 -1 15.812681
117 121 -1 -1 15.447854
116 117 121 -1 34.347926
150 160 -1 -1 20.645996
160 173 -1 -1 14.523279
150 160 173 -1 22.759347
117 135 -1 -1 32.186279
135 150 -1 -1 21.766093
117 135 150 -1 34.917962
121 135 -1 -1 18.690440
117 121 135 -1 32.186279
173 176 -1 -1 12.636107
160 176 -1 -1 16.757120
160 173 176 -1 19.188606
176 181 -1 -1 22.003492
173 176 181 -1 22.988149
176 197 -1 -1 27.827649
176 181 197 -1 27.894300
222 237 -1 -1 37.751929
237 238 -1 -1 45.385438
222 237 238 -1 45.500483
237 257 -1 -1 23.844846
237 238 257 -1 45.885080
276 279 -1 -1 26.778021
276 298 -1 -1 27.673591
276 279 298 -1 34.689919
197 212 -1 -1 30.277328
212 222 -1 -1 21.912787
197 212 222 -1 34.979129
377 395 -1 -1 39.039160
378 395 -1 -1 16.061289
377 378 395 -1 39.039160
135 160 -1 -1 22.639351
135 150 160 -1 29.357208
212 237 -1 -1 32.026652
212 222 237 -1 42.588105
160 161 -1 -1 24.729621
161 176 -1 -1 22.922632
160 161 176 -1 24.729621
395 398 -1 -1 14.074878
116 135 -1 -1 27.999368
116 121 135 -1 28.029053
257 276 -1 -1 36.177727
257 276 279 -1 37.130350
161 197 -1 -1 37.355515
161 176 197 -1 38.101155
135 161 -1 -1 32.802314
135 160 161 -1 37.434618
237 276 -1 -1 35.606903
237 257 276 -1 40.014761
190 197 -1 -1 37.702215
190 212 -1 -1 31.514423
190 197 212 -1 39.002535
328 338 -1 -1 33.903908
338 353 -1 -1 40.039623
328 338 353 -1 40.802395
161 190 -1 -1 26.320039
161 190 197 -1 41.787268
298 323 -1 -1 30.890584
323 328 -1 -1 24.797414
298 323 328 -1 46.216531
323 338 -1 -1 18.346489
323 328 338 -1 39.691602
116 129 -1 -1 21.820358
129 135 -1 -1 16.668397
116 129 135 -1 30.260286
374 378 -1 -1 23.665276
374 395 -1 -1 23.535437
374 378 395 -1 27.379435
353 374 -1 -1 44.875280
353 374 378 -1 45.143757
298 310 -1 -1 37.786062
276 310 -1 -1 33.149483
276 298 310 -1 50.504130
310 323 -1 -1 28.236882
298 310 323 -1 38.110074
129 161 -1 -1 33.922944
129 135 161 -1 34.111952
353 354 -1 -1 52.356033
338 354 -1 -1 25.666873
338 353 354 -1 52.465706
354 374 -1 -1 21.860467
353 354 374 -1 52.378336
210 212 -1 -1 36.939838
190 210 -1 -1 21.982094
190 210 212 -1 37.646704
398 413 -1 -1 26.029137
100 116 -1 -1 41.385362
100 129 -1 -1 35.091619
100 116 129 -1 42.570722
129 142 -1 -1 18.987321
142 161 -1 -1 27.147128
129 142 161 -1 38.820411
212 235 -1 -1 37.050460
235 237 -1 -1 21.013760
212 235 237 -1 46.698069
276 283 -1 -1 21.772828
283 310 -1 -1 17.997628
276 283 310 -1 33.623469
323 329 -1 -1 19.419102
310 329 -1 -1 22.063572
310 323 329 -1 30.580953
210 235 -1 -1 40.160332
210 212 235 -1 44.095184
235 276 -1 -1 46.715523
235 237 276 -1 46.870994
329 338 -1 -1 20.561367
323 329 338 -1 33.568017
235 271 -1 -1 41.437580
271 276 -1 -1 35.840239
235 271 276 -1 47.254978
374 398 -1 -1 37.885773
374 395 398 -1 37.885773
394 398 -1 -1 20.194092
394 413 -1 -1 18.970195
394 398 413 -1 37.951544
210 226 -1 -1 16.827440
226 235 -1 -1 21.926163
210 226 235 -1 40.160332
271 283 -1 -1 21.559110
271 276 283 -1 35.840239
129 134 -1 -1 22.089153
100 134 -1 -1 27.864174
100 129 134 -1 35.135725
134 142 -1 -1 17.170792
129 134 142 -1 28.816532
161 168 -1 -1 43.168615
168 190 -1 -1 27.620483
161 168 190 -1 43.999252
235 249 -1 -1 18.528616
249 271 -1 -1 19.567099
235 249 271 -1 41.437580
142 168 -1 -1 45.954367
142 161 168 -1 50.510659
374 394 -1 -1 23.817795
374 394 398 -1 43.076115
329 354 -1 -1 31.250445
329 338 354 -1 31.830173
226 249 -1 -1 30.349022
226 235 249 -1 32.218044
142 147 -1 -1 22.499143
147 168 -1 -1 25.607380
142 147 168 -1 45.954367
226 239 -1 -1 14.105429
239 249 -1 -1 29.017740
226 239 249 -1 30.349022
310 324 -1 -1 25.537976
324 329 -1 -1 15.754183
310 324 329 -1 26.580447
324 354 -1 -1 33.114138
324 329 354 -1 33.739830
239 247 -1 -1 16.298803
247 249 -1 -1 19.874196
239 247 249 -1 31.470174
283 292 -1 -1 22.045980
271 292 -1 -1 26.015739
271 283 292 -1 30.645438
374 386 -1 -1 35.263045
386 394 -1 -1 23.506490
374 386 394 -1 36.056779
134 147 -1 -1 23.493859
134 142 147 -1 28.168281
354 386 -1 -1 38.599876
354 374 386 -1 40.245557
292 310 -1 -1 27.855964
283 292 310 -1 27.873761
352 354 -1 -1 23.280847
324 352 -1 -1 36.243741
324 352 354 -1 38.787161
100 104 -1 -1 22.002219
104 134 -1 -1 29.637964
100 104 134 -1 31.643758
352 386 -1 -1 28.003010
352 354 386 -1 39.171309
386 413 -1 -1 33.726398
386 394 413 -1 36.352716
210 220 -1 -1 23.078394
220 226 -1 -1 18.986567
210 220 226 -1 30.412249
220 239 -1 -1 21.319205
220 226 239 -1 22.160319
104 147 -1 -1 38.210713
104 134 147 -1 42.678033
220 247 -1 -1 23.755967
220 239 247 -1 27.417348
292 324 -1 -1 32.236311
292 310 324 -1 38.240212
324 344 -1 -1 30.656523
344 352 -1 -1 22.446646
324 344 352 -1 36.243741
168 210 -1 -1 38.668978
168 190 210 -1 51.444192
249 252 -1 -1 28.147227
252 271 -1 -1 32.008386
249 252 271 -1 34.749305
271 288 -1 -1 27.929312
288 292 -1 -1 14.055326
271 288 292 -1 29.219537
247 252 -1 -1 22.096861
247 249 252 -1 28.523075
292 322 -1 -1 30.869078
322 324 -1 -1 21.451814
292 322 324 -1 35.144365
322 344 -1 -1 17.826300
322 324 344 -1 31.962481
252 277 -1 -1 21.533019
271 277 -1 -1 27.391508
252 271 277 -1 32.827912
104 143 -1 -1 36.942222
143 147 -1 -1 17.920856
104 143 147 -1 38.210713
277 288 -1 -1 22.852507
271 277 288 -1 29.712186
205 210 -1 -1 43.591201
205 220 -1 -1 22.113758
205 210 220 -1 43.591201
168 205 -1 -1 45.855561
168 205 210 -1 47.871176
292 307 -1 -1 31.946789
307 322 -1 -1 26.582351
292 307 322 -1 37.647938
288 289 -1 -1 10.006412
277 289 -1 -1 17.536906
277 288 289 -1 25.069104
352 376 -1 -1 32.946354
376 386 -1 -1 28.068096
352 376 386 -1 39.610046
288 307 -1 -1 22.819305
288 292 307 -1 32.054660
143 168 -1 -1 31.766511
143 147 168 -1 36.717741
104 106 -1 -1 21.639101
220 234 -1 -1 28.972245
205 234 -1 -1 27.792804
205 220 234 -1 34.012833
234 247 -1 -1 24.891850
220 234 247 -1 31.191681
386 407 -1 -1 35.850906
168 171 -1 -1 38.228840
171 205 -1 -1 35.838591
168 171 205 -1 48.484733
234 252 -1 -1 23.532425
234 247 252 -1 28.523700
289 307 -1 -1 20.322023
288 289 307 -1 23.958161
104 133 -1 -1 26.978885
133 143 -1 -1 26.089373
104 133 143 -1 41.856309
143 171 -1 -1 26.853124
143 168 171 -1 41.214185
376 407 -1 -1 27.983212
376 386 407 -1 36.733677
106 133 -1 -1 22.450611
104 106 133 -1 28.476156
133 136 -1 -1 16.282104
136 143 -1 -1 26.567534
133 136 143 -1 31.758744
252 262 -1 -1 21.957578
262 277 -1 -1 17.736689
252 262 277 -1 23.422864
262 289 -1 -1 27.120613
262 277 289 -1 27.120613
171 209 -1 -1 38.183758
205 209 -1 -1 20.667093
171 205 209 -1 43.114649
278 289 -1 -1 22.597497
262 278 -1 -1 20.432281
262 278 289 -1 31.015029
341 344 -1 -1 38.267054
341 352 -1 -1 48.060479
341 344 352 -1 48.060479
313 322 -1 -1 30.415621
307 313 -1 -1 20.036781
307 313 322 -1 32.129649
341 376 -1 -1 41.452982
341 352 376 -1 50.639556
278 307 -1 -1 23.797772
278 289 307 -1 26.997863
171 193 -1 -1 20.857081
193 209 -1 -1 19.270569
171 193 209 -1 38.183758
143 152 -1 -1 32.994585
152 171 -1 -1 30.196795
143 152 171 -1 35.834566
313 344 -1 -1 35.818016
313 322 344 -1 36.632291
136 152 -1 -1 19.819969
136 143 152 -1 33.475232
313 341 -1 -1 31.097359
313 341 344 -1 41.763758
106 131 -1 -1 23.358064
131 133 -1 -1 14.087633
106 131 133 -1 23.911229
131 136 -1 -1 15.748944
131 133 136 -1 18.673868
205 232 -1 -1 37.123736
232 234 -1 -1 19.741673
205 232 234 -1 38.384063
234 262 -1 -1 37.308115
234 252 262 -1 39.373020
260 262 -1 -1 27.413739
232 260 -1 -1 33.909349
234 260 -1 -1 40.744282
232 262 -1 -1 37.889686
232 260 262 -1 40.744282
234 260 262 -1 40.744282
232 234 260 -1 40.744282
232 234 262 -1 39.159461
232 234 260 262 40.744282
209 232 -1 -1 30.179432
205 209 232 -1 38.674877
260 278 -1 -1 24.480461
260 262 278 -1 36.219764
98 106 -1 -1 28.339900
359 376 -1 -1 30.819322
341 359 -1 -1 36.536085
341 359 376 -1 42.126341
98 131 -1 -1 33.494723
98 106 131 -1 35.486410
171 177 -1 -1 27.265015
177 193 -1 -1 17.457804
171 177 193 -1 27.869483
193 199 -1 -1 15.932131
199 209 -1 -1 18.067447
193 199 209 -1 23.318039
152 177 -1 -1 27.337620
152 171 177 -1 36.344014
359 407 -1 -1 38.738594
359 376 407 -1 45.762424
306 307 -1 -1 48.033513
278 306 -1 -1 48.638887
278 306 307 -1 50.062089
306 313 -1 -1 25.208380
306 307 313 -1 48.033513
98 128 -1 -1 22.790656
128 131 -1 -1 25.234960
98 128 131 -1 37.287432
128 136 -1 -1 26.979611
128 131 136 -1 31.483200
260 306 -1 -1 50.696588
260 278 306 -1 53.201132
228 232 -1 -1 33.243643
228 260 -1 -1 35.803960
228 232 260 -1 46.587926
128 152 -1 -1 30.117812
128 136 152 -1 30.359101
209 228 -1 -1 42.337141
209 228 232 -1 43.597314
177 199 -1 -1 17.665306
177 193 199 -1 24.105122
260 272 -1 -1 22.588569
272 306 -1 -1 37.503391
260 272 306 -1 50.700203
152 154 -1 -1 21.674645
154 177 -1 -1 24.781385
152 154 177 -1 31.351445
306 341 -1 -1 39.985934
306 313 341 -1 39.990890
195 209 -1 -1 33.814675
195 199 -1 -1 23.364920
195 199 209 -1 33.814675
195 228 -1 -1 31.936712
195 209 228 -1 43.426049
128 154 -1 -1 34.425993
128 152 154 -1 36.283379
98 102 -1 -1 21.675489
102 128 -1 -1 28.460006
98 102 128 -1 32.828110
177 195 -1 -1 39.923774
177 195 199 -1 40.243036
128 130 -1 -1 24.213991
102 130 -1 -1 21.358230
102 128 130 -1 36.502708
154 195 -1 -1 41.983798
154 177 195 -1 43.227090
130 154 -1 -1 35.371598
128 130 154 -1 35.371598
253 260 -1 -1 40.613787
228 253 -1 -1 44.435354
228 253 260 -1 47.425084
253 272 -1 -1 25.724629
253 260 272 -1 43.321966
341 345 -1 -1 47.239506
345 359 -1 -1 62.001445
341 345 359 -1 63.474093
345 364 -1 -1 33.590815
359 364 -1 -1 26.241500
345 359 364 -1 62.001445
306 345 -1 -1 47.820391
306 341 345 -1 52.571332
130 144 -1 -1 25.020727
144 154 -1 -1 23.273599
130 144 154 -1 37.232099
154 175 -1 -1 33.032895
175 195 -1 -1 36.797999
154 175 195 -1 42.017269
272 300 -1 -1 29.768100
300 306 -1 -1 25.244877
272 300 306 -1 40.355669
144 175 -1 -1 23.092073
144 154 175 -1 47.323665
300 345 -1 -1 53.877405
300 306 345 -1 57.228791
253 300 -1 -1 41.583623
253 272 300 -1 42.340314
94 -1 -1 -1 0.000000
96 -1 -1 -1 0.000000
98 -1 -1 -1 0.000000
100 -1 -1 -1 0.000000
102 -1 -1 -1 0.000000
104 -1 -1 -1 0.000000
106 -1 -1 -1 0.000000
111 -1 -1 -1 0.000000
116 -1 -1 -1 0.000000
117 -1 -1 -1 0.000000
121 -1 -1 -1 0.000000
124 -1 -1 -1 0.000000
126 -1 -1 -1 0.000000
127 -1 -1 -1 0.000000
128 -1 -1 -1 0.000000
129 -1 -1 -1 0.000000
130 -1 -1 -1 0.000000
131 -1 -1 -1 0.000000
132 -1 -1 -1 0.000000
133 -1 -1 -1 0.000000
134 -1 -1 -1 0.000000
135 -1 -1 -1 0.000000
136 -1 -1 -1 0.000000
139 -1 -1 -1 0.000000
140 -1 -1 -1 0.000000
141 -1 -1 -1 0.000000
142 -1 -1 -1 0.000000
143 -1 -1 -1 0.000000
144 -1 -1 -1 0.000000
146 -1 -1 -1 0.000000
147 -1 -1 -1 0.000000
149 -1 -1 -1 0.000000
150 -1 -1 -1 0.000000
152 -1 -1 -1 0.000000
154 -1 -1 -1 0.000000
155 -1 -1 -1 0.000000
158 -1 -1 -1 0.000000
159 -1 -1 -1 0.000000
160 -1 -1 -1 0.000000
161 -1 -1 -1 0.000000
164 -1 -1 -1 0.000000
165 -1 -1 -1 0.000000
166 -1 -1 -1 0.000000
168 -1 -1 -1 0.000000
169 -1 -1 -1 0.000000
171 -1 -1 -1 0.000000
173 -1 -1 -1 0.000000
175 -1 -1 -1 0.000000
176 -1 -1 -1 0.000000
177 -1 -1 -1 0.000000
178 -1 -1 -1 0.000000
180 -1 -1 -1 0.000000
181 -1 -1 -1 0.000000
183 -1 -1 -1 0.000000
185 -1 -1 -1 0.000000
188 -1 -1 -1 0.000000
189 -1 -1 -1 0.000000
190 -1 -1 -1 0.000000
191 -1 -1 -1 0.000000
192 -1 -1 -1 0.000000
193 -1 -1 -1 0.000000
195 -1 -1 -1 0.000000
197 -1 -1 -1 0.000000
199 -1 -1 -1 0.000000
204 -1 -1 -1 0.000000
205 -1 -1 -1 0.000000
207 -1 -1 -1 0.000000
208 -1 -1 -1 0.000000
209 -1 -1 -1 0.000000
210 -1 -1 -1 0.000000
211 -1 -1 -1 0.000000
212 -1 -1 -1 0.000000
216 -1 -1 -1 0.000000
217 -1 -1 -1 0.000000
220 -1 -1 -1 0.000000
222 -1 -1 -1 0.000000
224 -1 -1 -1 0.000000
225 -1 -1 -1 0.000000
226 -1 -1 -1 0.000000
227 -1 -1 -1 0.000000
228 -1 -1 -1 0.000000
231 -1 -1 -1 0.000000
232 -1 -1 -1 0.000000
234 -1 -1 -1 0.000000
235 -1 -1 -1 0.000000
237 -1 -1 -1 0.000000
238 -1 -1 -1 0.000000
239 -1 -1 -1 0.000000
240 -1 -1 -1 0.000000
244 -1 -1 -1 0.000000
245 -1 -1 -1 0.000000
247 -1 -1 -1 0.000000
249 -1 -1 -1 0.000000
250 -1 -1 -1 0.000000
252 -1 -1 -1 0.000000
253 -1 -1 -1 0.000000
254 -1 -1 -1 0.000000
255 -1 -1 -1 0.000000
256 -1 -1 -1 0.000000
257 -1 -1 -1 0.000000
260 -1 -1 -1 0.000000
262 -1 -1 -1 0.000000
264 -1 -1 -1 0.000000
265 -1 -1 -1 0.000000
268 -1 -1 -1 0.000000
271 -1 -1 -1 0.000000
272 -1 -1 -1 0.000000
273 -1 -1 -1 0.000000
275 -1 -1 -1 0.000000
276 -1 -1 -1 0.000000
277 -1 -1 -1 0.000000
278 -1 -1 -1 0.000000
279 -1 -1 -1 0.000000
283 -1 -1 -1 0.000000
285 -1 -1 -1 0.000000
286 -1 -1 -1 0.000000
287 -1 -1 -1 0.000000
288 -1 -1 -1 0.000000
289 -1 -1 -1 0.000000
290 -1 -1 -1 0.000000
292 -1 -1 -1 0.000000
293 -1 -1 -1 0.000000
294 -1 -1 -1 0.000000
298 -1 -1 -1 0.000000
299 -1 -1 -1 0.000000
300 -1 -1 -1 0.000000
304 -1 -1 -1 0.000000
306 -1 -1 -1 0.000000
307 -1 -1 -1 0.000000
308 -1 -1 -1 0.000000
310 -1 -1 -1 0.000000
311 -1 -1 -1 0.000000
312 -1 -1 -1 0.000000
313 -1 -1 -1 0.000000
315 -1 -1 -1 0.000000
317 -1 -1 -1 0.000000
318 -1 -1 -1 0.000000
319 -1 -1 -1 0.000000
322 -1 -1 -1 0.000000
323 -1 -1 -1 0.000000
324 -1 -1 -1 0.000000
327 -1 -1 -1 0.000000
328 -1 -1 -1 0.000000
329 -1 -1 -1 0.000000
333 -1 -1 -1 0.000000
334 -1 -1 -1 0.000000
335 -1 -1 -1 0.000000
338 -1 -1 -1 0.000000
341 -1 -1 -1 0.000000
342 -1 -1 -1 0.000000
344 -1 -1 -1 0.000000
345 -1 -1 -1 0.000000
348 -1 -1 -1 0.000000
352 -1 -1 -1 0.000000
353 -1 -1 -1 0.000000
354 -1 -1 -1 0.000000
355 -1 -1 -1 0.000000
356 -1 -1 -1 0.000000
357 -1 -1 -1 0.000000
359 -1 -1 -1 0.000000
360 -1 -1 -1 0.000000
363 -1 -1 -1 0.000000
364 -1 -1 -1 0.000000
365 -1 -1 -1 0.000000
366 -1 -1 -1 0.000000
372 -1 -1 -1 0.000000
374 -1 -1 -1 0.000000
376 -1 -1 -1 0.000000
377 -1 -1 -1 0.000000
378 -1 -1 -1 0.000000
382 -1 -1 -1 0.000000
384 -1 -1 -1 0.000000
386 -1 -1 -1 0.000000
387 -1 -1 -1 0.000000
388 -1 -1 -1 0.000000
391 -1 -1 -1 0.000000
394 -1 -1 -1 0.000000
395 -1 -1 -1 0.000000
397 -1 -1 -1 0.000000
398 -1 -1 -1 0.000000
400 -1 -1 -1 0.000000
403 -1 -1 -1 0.000000
404 -1 -1 -1 0.000000
407 -1 -1 -1 0.000000
408 -1 -1 -1 0.000000
413 -1 -1 -1 0.000000
414 -1 -1 -1 0.000000
