230 250 -1 -1 18.894709
250 265 -1 -1 18.823901
189 210 -1 -1 23.650068
103 114 -1 -1 27.810890
160 189 -1 -1 23.964133
210 230 -1 -1 21.943716
322 348 -1 -1 31.202957
348 376 -1 -1 24.420503
265 289 -1 -1 21.794967
289 305 -1 -1 17.876015
305 322 -1 -1 18.671490
322 335 -1 -1 13.497868
335 348 -1 -1 20.349321
322 335 348 -1 31.202957
114 135 -1 -1 33.940778
135 160 -1 -1 28.109708
189 194 -1 -1 18.029998
194 210 -1 -1 20.430890
189 194 210 -1 25.013358
230 247 -1 -1 27.609570
247 250 -1 -1 23.478800
230 247 250 -1 28.176463
265 271 -1 -1 18.928299
271 289 -1 -1 21.139156
265 271 289 -1 24.702726
210 222 -1 -1 26.770058
222 230 -1 -1 28.052690
210 222 230 -1 30.713808
304 305 -1 -1 20.449215
304 322 -1 -1 19.618441
304 305 322 -1 23.085975
160 164 -1 -1 23.545747
164 189 -1 -1 30.925140
160 164 189 -1 31.147128
247 265 -1 -1 28.620306
247 250 265 -1 30.017279
289 304 -1 -1 20.473650
289 304 305 -1 22.975540
164 194 -1 -1 28.442364
164 189 194 -1 33.370934
376 389 -1 -1 22.970318
222 247 -1 -1 23.864999
222 230 247 -1 32.987192
114 123 -1 -1 45.647389
103 123 -1 -1 33.375883
103 114 123 -1 46.418544
123 135 -1 -1 26.748557
114 123 135 -1 45.647389
135 164 -1 -1 27.512379
135 160 164 -1 31.403266
345 348 -1 -1 22.852478
335 345 -1 -1 16.039975
335 345 348 -1 24.229863
348 369 -1 -1 30.579901
369 376 -1 -1 27.846261
348 369 376 -1 33.407460
247 271 -1 -1 29.972828
247 265 271 -1 31.748165
345 369 -1 -1 19.131296
345 348 369 -1 30.579901
194 222 -1 -1 30.899699
194 210 222 -1 31.702896
369 389 -1 -1 21.296006
369 376 389 -1 28.574334
285 289 -1 -1 23.858373
271 285 -1 -1 19.167896
271 285 289 -1 25.293090
285 304 -1 -1 21.618663
285 289 304 -1 26.155072
315 322 -1 -1 24.602036
304 315 -1 -1 17.207921
304 315 322 -1 25.434928
194 197 -1 -1 20.218774
197 222 -1 -1 27.849394
194 197 222 -1 32.989939
315 335 -1 -1 22.160319
315 322 335 -1 25.454853
247 254 -1 -1 23.458444
254 271 -1 -1 24.205949
247 254 271 -1 32.199185
164 197 -1 -1 30.728857
164 194 197 -1 32.139085
315 345 -1 -1 28.890379
315 335 345 -1 28.890379
99 103 -1 -1 30.646437
99 123 -1 -1 31.262483
99 103 123 -1 37.919982
315 327 -1 -1 15.289422
327 345 -1 -1 25.317066
315 327 345 -1 29.775531
164 171 -1 -1 24.131706
171 197 -1 -1 26.974417
164 171 197 -1 32.821955
345 349 -1 -1 16.640253
327 349 -1 -1 15.035214
327 345 349 -1 25.317066
294 304 -1 -1 27.199133
285 294 -1 -1 17.670569
285 294 304 -1 27.803903
294 315 -1 -1 23.365003
294 304 315 -1 28.385829
222 234 -1 -1 29.937349
234 247 -1 -1 31.414277
222 234 247 -1 33.235764
254 285 -1 -1 30.324951
254 271 285 -1 30.883615
349 369 -1 -1 24.655778
345 349 369 -1 24.655778
369 386 -1 -1 24.329676
386 389 -1 -1 20.599671
369 386 389 -1 27.056855
197 205 -1 -1 25.245379
205 222 -1 -1 31.408197
197 205 222 -1 33.135291
135 140 -1 -1 38.030879
140 164 -1 -1 36.821811
135 140 164 -1 42.168730
234 254 -1 -1 28.070151
234 247 254 -1 33.408024
123 140 -1 -1 31.473402
123 135 140 -1 38.432984
359 369 -1 -1 21.543057
349 359 -1 -1 19.038926
349 359 369 -1 27.250831
140 171 -1 -1 27.362515
140 164 171 -1 38.066519
254 272 -1 -1 25.104429
272 285 -1 -1 29.249212
254 272 285 -1 33.214179
205 234 -1 -1 26.092547
205 222 234 -1 35.498458
359 386 -1 -1 25.089631
359 369 386 -1 29.486411
272 294 -1 -1 24.912033
272 285 294 -1 31.092735
315 316 -1 -1 25.231981
294 316 -1 -1 20.358403
294 315 316 -1 27.455556
316 327 -1 -1 17.977250
315 316 327 -1 25.324928
171 205 -1 -1 37.254036
171 197 205 -1 37.403228
327 339 -1 -1 18.980746
339 349 -1 -1 18.837328
327 339 349 -1 21.925014
377 386 -1 -1 20.575633
359 377 -1 -1 21.923857
359 377 386 -1 27.177472
171 179 -1 -1 26.926935
179 205 -1 -1 28.017977
171 179 205 -1 37.314657
339 359 -1 -1 23.059298
339 349 359 -1 23.946214
234 248 -1 -1 25.863976
248 254 -1 -1 33.284830
234 248 254 -1 34.605708
104 123 -1 -1 37.031065
99 104 -1 -1 28.478015
99 104 123 -1 41.198226
248 272 -1 -1 26.175515
248 254 272 -1 34.678635
316 339 -1 -1 20.644636
316 327 339 -1 22.836643
294 295 -1 -1 22.464599
295 316 -1 -1 19.645942
294 295 316 -1 24.195170
272 295 -1 -1 27.388426
272 294 295 -1 29.610827
104 140 -1 -1 44.867695
104 123 140 -1 45.236857
339 354 -1 -1 20.735814
354 359 -1 -1 24.793471
339 354 359 -1 27.026799
104 134 -1 -1 34.033141
134 140 -1 -1 25.580333
104 134 140 -1 45.309412
354 377 -1 -1 23.127741
354 359 377 -1 28.409417
140 179 -1 -1 41.202022
140 171 179 -1 41.839737
205 213 -1 -1 29.079543
213 234 -1 -1 32.966007
205 213 234 -1 34.883328
80 104 -1 -1 35.143231
316 324 -1 -1 24.612977
324 339 -1 -1 18.422254
316 324 339 -1 25.874655
272 279 -1 -1 28.350554
279 295 -1 -1 20.505638
272 279 295 -1 30.136627
179 213 -1 -1 34.640248
179 205 213 -1 36.793171
213 248 -1 -1 35.917771
213 234 248 -1 37.852964
140 170 -1 -1 42.790361
170 179 -1 -1 23.885961
140 170 179 -1 44.687852
295 324 -1 -1 29.993347
295 316 324 -1 30.672132
324 354 -1 -1 23.534604
324 339 354 -1 25.282491
371 377 -1 -1 19.326774
354 371 -1 -1 23.283764
354 371 377 -1 25.997867
248 279 -1 -1 35.544758
248 272 279 -1 36.416921
134 170 -1 -1 37.353301
134 140 170 -1 43.028812
295 308 -1 -1 23.997799
308 324 -1 -1 22.453170
295 308 324 -1 30.793300
248 273 -1 -1 30.050316
273 279 -1 -1 20.989862
248 273 279 -1 36.919637
245 248 -1 -1 24.965124
213 245 -1 -1 33.100049
213 245 248 -1 37.513769
279 308 -1 -1 27.096023
279 295 308 -1 28.466740
80 100 -1 -1 28.041049
100 104 -1 -1 30.606350
80 100 104 -1 38.224340
324 340 -1 -1 22.050908
340 354 -1 -1 27.774362
324 340 354 -1 29.465537
245 273 -1 -1 24.506302
245 248 273 -1 32.057526
104 125 -1 -1 35.479233
125 134 -1 -1 28.568753
104 125 134 -1 38.551270
371 394 -1 -1 24.110820
179 202 -1 -1 40.786155
202 213 -1 -1 31.203339
179 202 213 -1 42.429938
170 202 -1 -1 35.106147
170 179 202 -1 45.540677
354 365 -1 -1 29.552807
365 371 -1 -1 19.346172
354 365 371 -1 32.779509
340 365 -1 -1 23.723063
340 354 365 -1 31.841595
100 125 -1 -1 25.753997
100 104 125 -1 36.826722
308 340 -1 -1 27.664675
308 324 340 -1 28.826333
134 151 -1 -1 29.984112
151 170 -1 -1 31.451079
134 151 170 -1 40.694713
213 227 -1 -1 30.214173
227 245 -1 -1 25.888115
213 227 245 -1 36.425850
365 394 -1 -1 26.271933
365 371 394 -1 27.825939
125 151 -1 -1 27.858261
125 134 151 -1 33.572793
202 227 -1 -1 25.585083
202 213 227 -1 33.739845
279 287 -1 -1 28.347059
287 308 -1 -1 30.364155
279 287 308 -1 35.312076
273 287 -1 -1 25.532901
273 279 287 -1 29.859763
308 312 -1 -1 20.338421
312 340 -1 -1 27.071333
308 312 340 -1 31.731117
287 312 -1 -1 25.323901
287 308 312 -1 31.958047
170 176 -1 -1 28.435972
176 202 -1 -1 26.155629
170 176 202 -1 36.824602
151 176 -1 -1 30.080563
151 170 176 -1 35.823935
91 100 -1 -1 26.435852
227 242 -1 -1 22.461773
242 245 -1 -1 25.335185
227 242 245 -1 29.159576
312 342 -1 -1 25.313538
340 342 -1 -1 22.822314
312 340 342 -1 29.873188
342 365 -1 -1 29.912169
340 342 365 -1 30.825285
365 393 -1 -1 30.718906
393 394 -1 -1 20.740838
365 393 394 -1 32.046237
365 367 -1 -1 17.844414
342 367 -1 -1 22.332662
342 365 367 -1 30.486011
242 267 -1 -1 24.210196
245 267 -1 -1 36.968929
242 245 267 -1 36.968929
267 273 -1 -1 27.124099
245 267 273 -1 38.219341
267 287 -1 -1 23.964792
267 273 287 -1 29.778581
367 393 -1 -1 24.085854
365 367 393 -1 31.254190
100 110 -1 -1 31.017143
110 125 -1 -1 34.145905
100 110 125 -1 35.729411
91 110 -1 -1 21.452148
91 100 110 -1 31.742415
125 128 -1 -1 26.351111
110 128 -1 -1 22.292104
110 125 128 -1 34.247538
128 151 -1 -1 33.223222
125 128 151 -1 35.058774
287 300 -1 -1 22.333337
300 312 -1 -1 21.903846
287 300 312 -1 27.467745
151 156 -1 -1 26.992892
156 176 -1 -1 26.022211
151 156 176 -1 32.995314
202 216 -1 -1 33.244655
216 227 -1 -1 26.724315
202 216 227 -1 34.781509
312 323 -1 -1 23.275225
323 342 -1 -1 23.216641
312 323 342 -1 27.949751
367 372 -1 -1 16.427487
372 393 -1 -1 21.121942
367 372 393 -1 25.374453
300 323 -1 -1 18.209198
300 312 323 -1 25.429890
216 242 -1 -1 31.173082
216 227 242 -1 32.859470
176 190 -1 -1 28.021913
190 202 -1 -1 37.760471
176 190 202 -1 38.951275
128 156 -1 -1 36.840196
128 151 156 -1 38.524628
267 280 -1 -1 25.401322
280 287 -1 -1 30.578736
267 280 287 -1 32.562555
190 216 -1 -1 28.247392
190 202 216 -1 39.569187
280 300 -1 -1 21.432591
280 287 300 -1 31.483055
128 130 -1 -1 17.852854
130 156 -1 -1 28.607928
128 130 156 -1 36.840196
342 357 -1 -1 26.932441
357 367 -1 -1 25.480481
342 357 367 -1 29.347966
242 249 -1 -1 24.075605
249 267 -1 -1 26.814842
242 249 267 -1 29.923545
323 343 -1 -1 17.438422
342 343 -1 -1 19.872690
323 342 343 -1 25.126979
357 372 -1 -1 18.036570
357 367 372 -1 25.989480
343 357 -1 -1 15.691201
342 343 357 -1 26.932441
393 395 -1 -1 19.791360
372 395 -1 -1 20.374179
372 393 395 -1 24.404379
156 190 -1 -1 34.120912
156 176 190 -1 36.019915
91 95 -1 -1 24.308608
95 110 -1 -1 24.596305
91 95 110 -1 28.510008
216 249 -1 -1 36.385697
216 242 249 -1 36.465837
216 225 -1 -1 22.837069
225 249 -1 -1 25.629511
216 225 249 -1 36.888902
249 270 -1 -1 25.889511
267 270 -1 -1 34.116148
249 267 270 -1 34.670554
270 280 -1 -1 20.529057
267 270 280 -1 34.230795
300 303 -1 -1 24.595813
303 323 -1 -1 25.187830
300 303 323 -1 27.138446
110 117 -1 -1 27.323481
117 128 -1 -1 34.345784
110 117 128 -1 35.345771
117 130 -1 -1 25.256646
117 128 130 -1 34.345784
280 303 -1 -1 23.518909
280 300 303 -1 27.640496
372 374 -1 -1 19.055394
374 395 -1 -1 21.885335
372 374 395 -1 25.045016
130 152 -1 -1 21.114988
152 156 -1 -1 23.916011
130 152 156 -1 30.772686
323 328 -1 -1 20.717312
328 343 -1 -1 16.997549
323 328 343 -1 22.389354
357 374 -1 -1 19.204406
357 372 374 -1 22.747371
156 172 -1 -1 26.942756
172 190 -1 -1 27.850042
156 172 190 -1 35.486120
95 117 -1 -1 27.846586
95 110 117 -1 30.717061
303 328 -1 -1 22.946555
303 323 328 -1 27.687510
152 172 -1 -1 22.138378
152 156 172 -1 28.523822
343 350 -1 -1 23.477111
350 357 -1 -1 19.701177
343 350 357 -1 23.958195
190 209 -1 -1 29.832134
209 216 -1 -1 34.953215
190 209 216 -1 37.117748
328 350 -1 -1 20.387797
328 343 350 -1 25.505011
209 225 -1 -1 26.700097
209 216 225 -1 36.518258
95 101 -1 -1 19.586033
101 117 -1 -1 19.637033
95 101 117 -1 28.788514
384 395 -1 -1 26.515321
374 384 -1 -1 19.819964
374 384 395 -1 26.868267
130 132 -1 -1 22.657919
117 132 -1 -1 19.727114
117 130 132 -1 27.299563
350 374 -1 -1 24.088594
350 357 374 -1 26.316714
132 152 -1 -1 22.400749
130 132 152 -1 25.526252
249 252 -1 -1 29.599987
252 270 -1 -1 20.566203
249 252 270 -1 31.173079
280 281 -1 -1 33.149320
270 281 -1 -1 22.985290
270 280 281 -1 33.170932
281 303 -1 -1 26.388973
280 281 303 -1 33.265260
303 320 -1 -1 22.451932
320 328 -1 -1 16.075085
303 320 328 -1 24.135469
225 252 -1 -1 33.920937
225 249 252 -1 37.771213
172 191 -1 -1 24.663728
190 191 -1 -1 32.704071
172 190 191 -1 34.204998
191 209 -1 -1 21.339887
190 191 209 -1 34.037111
370 374 -1 -1 27.164442
350 370 -1 -1 24.829862
350 370 374 -1 30.824669
320 350 -1 -1 24.444959
320 328 350 -1 24.888357
370 384 -1 -1 21.387360
370 374 384 -1 27.811259
132 145 -1 -1 20.061294
145 152 -1 -1 21.430723
132 145 152 -1 25.699341
225 228 -1 -1 21.015525
228 252 -1 -1 30.134315
225 228 252 -1 34.638865
209 228 -1 -1 23.017384
209 225 228 -1 28.978511
303 310 -1 -1 27.811335
310 320 -1 -1 16.218533
303 310 320 -1 29.731729
145 172 -1 -1 31.860681
145 152 172 -1 31.860681
281 310 -1 -1 24.750539
281 303 310 -1 31.801563
94 101 -1 -1 20.130701
117 121 -1 -1 28.004181
121 132 -1 -1 23.611725
117 121 132 -1 29.399442
320 346 -1 -1 26.540272
346 350 -1 -1 21.347826
320 346 350 -1 29.678026
101 121 -1 -1 27.038962
101 117 121 -1 29.680315
145 163 -1 -1 23.898719
163 172 -1 -1 25.296666
145 163 172 -1 33.695883
346 370 -1 -1 19.080310
346 350 370 -1 25.891457
163 191 -1 -1 23.055558
163 172 191 -1 28.589101
228 246 -1 -1 19.604275
246 252 -1 -1 20.618651
228 246 252 -1 30.134315
252 281 -1 -1 32.260762
252 270 281 -1 33.285659
94 121 -1 -1 25.716890
94 101 121 -1 28.597668
384 390 -1 -1 27.497964
370 390 -1 -1 28.966841
370 384 390 -1 32.012446
121 145 -1 -1 30.501172
121 132 145 -1 30.501172
320 332 -1 -1 28.543282
332 346 -1 -1 18.408429
320 332 346 -1 28.959264
310 332 -1 -1 23.381801
310 320 332 -1 29.414057
252 278 -1 -1 35.102618
278 281 -1 -1 24.283725
252 278 281 -1 37.142274
121 136 -1 -1 25.369990
136 145 -1 -1 23.130477
121 136 145 -1 31.291915
191 201 -1 -1 28.517349
201 209 -1 -1 32.184919
191 201 209 -1 33.955628
209 226 -1 -1 34.961829
226 228 -1 -1 23.103812
209 226 228 -1 35.759671
281 307 -1 -1 28.996185
307 310 -1 -1 18.062518
281 307 310 -1 29.476499
201 226 -1 -1 23.078288
201 209 226 -1 35.953288
251 252 -1 -1 33.756620
246 251 -1 -1 18.553729
246 251 252 -1 33.756620
87 94 -1 -1 21.324672
251 278 -1 -1 28.676191
251 252 278 -1 40.263879
226 246 -1 -1 23.315982
226 228 246 -1 25.809297
278 307 -1 -1 24.914217
278 281 307 -1 30.855202
136 163 -1 -1 33.138862
136 145 163 -1 34.397179
368 370 -1 -1 28.158414
368 390 -1 -1 22.427151
368 370 390 -1 32.094882
136 161 -1 -1 26.653360
161 163 -1 -1 20.854706
136 161 163 -1 33.367106
346 368 -1 -1 32.051872
346 368 370 -1 33.608799
163 183 -1 -1 28.969347
183 191 -1 -1 32.309492
163 183 191 -1 34.478540
183 201 -1 -1 22.730233
183 191 201 -1 35.354158
94 112 -1 -1 33.432791
112 121 -1 -1 26.873695
94 112 121 -1 34.452531
307 332 -1 -1 25.697078
307 310 332 -1 27.759543
161 183 -1 -1 21.234789
161 163 183 -1 31.524141
87 112 -1 -1 29.673894
87 94 112 -1 35.085629
332 368 -1 -1 36.476685
332 346 368 -1 36.476685
112 136 -1 -1 30.705685
112 121 136 -1 33.496714
332 336 -1 -1 21.583771
336 368 -1 -1 30.760128
332 336 368 -1 38.420772
226 251 -1 -1 31.502660
226 246 251 -1 31.502660
251 263 -1 -1 22.540155
263 278 -1 -1 22.218054
251 263 278 -1 28.676191
390 397 -1 -1 32.229476
136 141 -1 -1 22.868842
141 161 -1 -1 25.187098
136 141 161 -1 29.928044
307 336 -1 -1 34.973458
307 332 336 -1 36.115796
224 226 -1 -1 21.042213
224 251 -1 -1 30.256700
224 226 251 -1 34.929966
298 307 -1 -1 18.769786
278 298 -1 -1 31.624539
278 298 307 -1 31.821046
298 336 -1 -1 32.073187
298 307 336 -1 35.487753
368 397 -1 -1 34.369716
368 390 397 -1 35.904224
201 224 -1 -1 34.650259
201 224 226 -1 35.490586
87 88 -1 -1 23.370286
88 112 -1 -1 29.866480
87 88 112 -1 32.651847
112 141 -1 -1 36.448496
112 136 141 -1 37.299925
336 358 -1 -1 26.711828
358 368 -1 -1 21.543661
336 358 368 -1 31.309780
161 168 -1 -1 26.231170
168 183 -1 -1 25.637094
161 168 183 -1 29.148914
183 196 -1 -1 25.244925
196 201 -1 -1 32.204299
183 196 201 -1 33.041745
201 214 -1 -1 33.470126
214 224 -1 -1 24.097750
201 214 224 -1 37.255767
263 298 -1 -1 34.890556
263 278 298 -1 37.726907
112 118 -1 -1 26.681933
118 141 -1 -1 28.501835
112 118 141 -1 37.803167
196 214 -1 -1 20.799594
196 201 214 -1 35.071541
263 283 -1 -1 29.243753
283 298 -1 -1 26.073099
263 283 298 -1 38.454934
141 168 -1 -1 28.330506
141 161 168 -1 31.710387
251 256 -1 -1 34.293644
256 263 -1 -1 21.295372
251 256 263 -1 35.892163
298 314 -1 -1 20.850101
314 336 -1 -1 32.469620
298 314 336 -1 34.508534
224 256 -1 -1 36.792535
224 251 256 -1 39.773745
358 397 -1 -1 35.770482
358 368 397 -1 38.405362
224 233 -1 -1 21.427194
233 256 -1 -1 24.174950
224 233 256 -1 38.153723
168 196 -1 -1 24.630575
168 183 196 -1 29.299460
88 118 -1 -1 37.816930
88 112 118 -1 39.302968
358 388 -1 -1 28.467337
388 397 -1 -1 28.866575
358 388 397 -1 37.019376
314 329 -1 -1 18.956133
329 336 -1 -1 31.554351
314 329 336 -1 34.752173
329 358 -1 -1 33.888487
329 336 358 -1 36.211168
141 146 -1 -1 24.784880
146 168 -1 -1 27.509170
141 146 168 -1 31.596457
256 283 -1 -1 29.505982
256 263 283 -1 31.933077
283 314 -1 -1 27.331452
283 298 314 -1 29.269786
118 146 -1 -1 29.410514
118 141 146 -1 32.395464
88 105 -1 -1 32.829833
105 118 -1 -1 26.011941
88 105 118 -1 38.789641
86 88 -1 -1 23.200223
214 233 -1 -1 26.309301
214 224 233 -1 29.606388
329 360 -1 -1 26.180480
358 360 -1 -1 21.036369
329 358 360 -1 34.792553
360 388 -1 -1 24.392141
358 360 388 -1 29.653690
86 105 -1 -1 25.318961
86 88 105 -1 34.504451
168 174 -1 -1 23.096228
174 196 -1 -1 25.891576
168 174 196 -1 30.388333
146 174 -1 -1 30.402514
146 168 174 -1 32.581572
196 206 -1 -1 28.893401
206 214 -1 -1 22.531582
196 206 214 -1 31.238092
256 268 -1 -1 27.698520
268 283 -1 -1 26.767137
256 268 283 -1 32.431946
206 233 -1 -1 31.587968
206 214 233 -1 33.704453
233 235 -1 -1 20.884877
235 256 -1 -1 27.879702
233 235 256 -1 30.550026
302 314 -1 -1 31.816833
283 302 -1 -1 36.801510
283 302 314 -1 38.863478
118 124 -1 -1 31.664639
124 146 -1 -1 29.541085
118 124 146 -1 36.801735
174 206 -1 -1 36.084222
174 196 206 -1 36.621424
329 344 -1 -1 24.190877
344 360 -1 -1 20.489092
329 344 360 -1 27.691508
174 188 -1 -1 21.137477
188 206 -1 -1 23.449010
174 188 206 -1 36.084222
105 124 -1 -1 26.780095
105 118 124 -1 33.377984
146 154 -1 -1 23.867509
154 174 -1 -1 22.443817
146 154 174 -1 31.446484
235 268 -1 -1 30.590655
235 256 268 -1 34.571719
302 329 -1 -1 32.051974
302 314 329 -1 33.918823
206 235 -1 -1 36.276667
206 233 235 -1 36.838019
268 302 -1 -1 37.952447
268 283 302 -1 42.310243
206 218 -1 -1 22.795324
218 235 -1 -1 26.543123
206 218 235 -1 36.325450
85 86 -1 -1 25.388515
85 105 -1 -1 29.985481
85 86 105 -1 32.034187
124 154 -1 -1 35.645563
124 146 154 -1 36.751002
379 388 -1 -1 29.138963
360 379 -1 -1 35.658848
360 379 388 -1 38.770560
124 149 -1 -1 25.114340
149 154 -1 -1 17.477412
124 149 154 -1 35.645563
302 344 -1 -1 37.359155
302 329 344 -1 38.409498
344 379 -1 -1 36.531708
344 360 379 -1 38.674458
268 290 -1 -1 28.884043
290 302 -1 -1 27.104406
268 290 302 -1 38.683330
105 106 -1 -1 32.488367
106 124 -1 -1 28.301874
105 106 124 -1 34.495406
154 188 -1 -1 34.348426
154 174 188 -1 34.348426
235 243 -1 -1 21.739358
243 268 -1 -1 34.789796
235 243 268 -1 35.785861
85 106 -1 -1 28.430990
85 105 106 -1 35.031828
154 180 -1 -1 28.329043
180 188 -1 -1 21.376607
154 180 188 -1 34.765183
188 218 -1 -1 33.952320
188 206 218 -1 34.359703
218 243 -1 -1 25.022558
218 235 243 -1 28.901977
337 344 -1 -1 20.563323
302 337 -1 -1 37.902378
302 337 344 -1 39.697974
243 266 -1 -1 22.710676
266 268 -1 -1 25.706342
243 266 268 -1 35.968614
188 204 -1 -1 23.451257
204 218 -1 -1 24.762665
188 204 218 -1 33.952320
337 379 -1 -1 38.980365
337 344 379 -1 41.173142
266 290 -1 -1 22.894331
266 268 290 -1 30.233925
154 165 -1 -1 30.345149
165 180 -1 -1 19.500145
154 165 180 -1 31.887958
149 165 -1 -1 25.303129
149 154 165 -1 32.215879
180 204 -1 -1 23.390910
180 188 204 -1 26.150624
106 127 -1 -1 24.328831
124 127 -1 -1 30.729819
106 124 127 -1 32.737694
127 149 -1 -1 29.531757
124 127 149 -1 33.647170
149 150 -1 -1 18.228764
127 150 -1 -1 19.211347
127 149 150 -1 32.016000
302 325 -1 -1 40.186859
325 337 -1 -1 26.329864
302 325 337 -1 41.784904
85 92 -1 -1 27.608791
92 106 -1 -1 26.625514
85 92 106 -1 31.955258
218 219 -1 -1 25.357132
204 219 -1 -1 21.460061
204 218 219 -1 28.082597
290 299 -1 -1 23.289809
299 302 -1 -1 37.270354
290 299 302 -1 37.445612
379 385 -1 -1 24.805275
299 325 -1 -1 24.625283
299 302 325 -1 41.088223
337 355 -1 -1 25.993800
355 379 -1 -1 39.344878
337 355 379 -1 42.306057
236 243 -1 -1 23.995892
218 236 -1 -1 34.217488
219 236 -1 -1 20.096355
219 243 -1 -1 33.325719
218 236 243 -1 34.217488
219 236 243 -1 34.217488
218 219 236 -1 34.217488
218 219 243 -1 33.428056
218 219 236 243 34.217488
150 165 -1 -1 20.142607
149 150 165 -1 25.945855
355 385 -1 -1 31.028433
355 379 385 -1 39.858219
243 258 -1 -1 26.637973
258 266 -1 -1 21.239515
243 258 266 -1 28.648860
180 193 -1 -1 24.433521
193 204 -1 -1 23.261372
180 193 204 -1 29.078932
236 258 -1 -1 22.962622
236 243 258 -1 29.467420
266 277 -1 -1 30.457809
277 290 -1 -1 31.213889
266 277 290 -1 34.182492
325 355 -1 -1 29.326887
325 337 355 -1 33.431451
106 108 -1 -1 28.306904
108 127 -1 -1 23.739732
106 108 127 -1 31.821227
92 108 -1 -1 24.543404
92 106 108 -1 31.840847
165 193 -1 -1 28.892914
165 180 193 -1 28.928708
258 277 -1 -1 21.172241
258 266 277 -1 30.541458
165 177 -1 -1 22.956341
177 193 -1 -1 16.993433
165 177 193 -1 29.828368
277 299 -1 -1 27.489810
277 290 299 -1 32.485606
204 208 -1 -1 27.818023
208 219 -1 -1 21.567221
204 208 219 -1 28.594210
193 208 -1 -1 18.627208
193 204 208 -1 28.641056
80 -1 -1 -1 0.000000
85 -1 -1 -1 0.000000
86 -1 -1 -1 0.000000
87 -1 -1 -1 0.000000
88 -1 -1 -1 0.000000
91 -1 -1 -1 0.000000
92 -1 -1 -1 0.000000
94 -1 -1 -1 0.000000
95 -1 -1 -1 0.000000
99 -1 -1 -1 0.000000
100 -1 -1 -1 0.000000
101 -1 -1 -1 0.000000
103 -1 -1 -1 0.000000
104 -1 -1 -1 0.000000
105 -1 -1 -1 0.000000
106 -1 -1 -1 0.000000
108 -1 -1 -1 0.000000
110 -1 -1 -1 0.000000
112 -1 -1 -1 0.000000
114 -1 -1 -1 0.000000
117 -1 -1 -1 0.000000
118 -1 -1 -1 0.000000
121 -1 -1 -1 0.000000
123 -1 -1 -1 0.000000
124 -1 -1 -1 0.000000
125 -1 -1 -1 0.000000
127 -1 -1 -1 0.000000
128 -1 -1 -1 0.000000
130 -1 -1 -1 0.000000
132 -1 -1 -1 0.000000
134 -1 -1 -1 0.000000
135 -1 -1 -1 0.000000
136 -1 -1 -1 0.000000
140 -1 -1 -1 0.000000
141 -1 -1 -1 0.000000
145 -1 -1 -1 0.000000
146 -1 -1 -1 0.000000
149 -1 -1 -1 0.000000
150 -1 -1 -1 0.000000
151 -1 -1 -1 0.000000
152 -1 -1 -1 0.000000
154 -1 -1 -1 0.000000
156 -1 -1 -1 0.000000
160 -1 -1 -1 0.000000
161 -1 -1 -1 0.000000
163 -1 -1 -1 0.000000
164 -1 -1 -1 0.000000
165 -1 -1 -1 0.000000
168 -1 -1 -1 0.000000
170 -1 -1 -1 0.000000
171 -1 -1 -1 0.000000
172 -1 -1 -1 0.000000
174 -1 -1 -1 0.000000
176 -1 -1 -1 0.000000
177 -1 -1 -1 0.000000
179 -1 -1 -1 0.000000
180 -1 -1 -1 0.000000
183 -1 -1 -1 0.000000
188 -1 -1 -1 0.000000
189 -1 -1 -1 0.000000
190 -1 -1 -1 0.000000
191 -1 -1 -1 0.000000
193 -1 -1 -1 0.000000
194 -1 -1 -1 0.000000
196 -1 -1 -1 0.000000
197 -1 -1 -1 0.000000
201 -1 -1 -1 0.000000
202 -1 -1 -1 0.000000
204 -1 -1 -1 0.000000
205 -1 -1 -1 0.000000
206 -1 -1 -1 0.000000
208 -1 -1 -1 0.000000
209 -1 -1 -1 0.000000
210 -1 -1 -1 0.000000
213 -1 -1 -1 0.000000
214 -1 -1 -1 0.000000
216 -1 -1 -1 0.000000
218 -1 -1 -1 0.000000
219 -1 -1 -1 0.000000
222 -1 -1 -1 0.000000
224 -1 -1 -1 0.000000
225 -1 -1 -1 0.000000
226 -1 -1 -1 0.000000
227 -1 -1 -1 0.000000
228 -1 -1 -1 0.000000
230 -1 -1 -1 0.000000
233 -1 -1 -1 0.000000
234 -1 -1 -1 0.000000
235 -1 -1 -1 0.000000
236 -1 -1 -1 0.000000
242 -1 -1 -1 0.000000
243 -1 -1 -1 0.000000
245 -1 -1 -1 0.000000
246 -1 -1 -1 0.000000
247 -1 -1 -1 0.000000
248 -1 -1 -1 0.000000
249 -1 -1 -1 0.000000
250 -1 -1 -1 0.000000
251 -1 -1 -1 0.000000
252 -1 -1 -1 0.000000
254 -1 -1 -1 0.000000
256 -1 -1 -1 0.000000
258 -1 -1 -1 0.000000
263 -1 -1 -1 0.000000
265 -1 -1 -1 0.000000
266 -1 -1 -1 0.000000
267 -1 -1 -1 0.000000
268 -1 -1 -1 0.000000
270 -1 -1 -1 0.000000
271 -1 -1 -1 0.000000
272 -1 -1 -1 0.000000
273 -1 -1 -1 0.000000
277 -1 -1 -1 0.000000
278 -1 -1 -1 0.000000
279 -1 -1 -1 0.000000
280 -1 -1 -1 0.000000
281 -1 -1 -1 0.000000
283 -1 -1 -1 0.000000
285 -1 -1 -1 0.000000
287 -1 -1 -1 0.000000
289 -1 -1 -1 0.000000
290 -1 -1 -1 0.000000
294 -1 -1 -1 0.000000
295 -1 -1 -1 0.000000
298 -1 -1 -1 0.000000
299 -1 -1 -1 0.000000
300 -1 -1 -1 0.000000
302 -1 -1 -1 0.000000
303 -1 -1 -1 0.000000
304 -1 -1 -1 0.000000
305 -1 -1 -1 0.000000
307 -1 -1 -1 0.000000
308 -1 -1 -1 0.000000
310 -1 -1 -1 0.000000
312 -1 -1 -1 0.000000
314 -1 -1 -1 0.000000
315 -1 -1 -1 0.000000
316 -1 -1 -1 0.000000
320 -1 -1 -1 0.000000
322 -1 -1 -1 0.000000
323 -1 -1 -1 0.000000
324 -1 -1 -1 0.000000
325 -1 -1 -1 0.000000
327 -1 -1 -1 0.000000
328 -1 -1 -1 0.000000
329 -1 -1 -1 0.000000
332 -1 -1 -1 0.000000
335 -1 -1 -1 0.000000
336 -1 -1 -1 0.000000
337 -1 -1 -1 0.000000
339 -1 -1 -1 0.000000
340 -1 -1 -1 0.000000
342 -1 -1 -1 0.000000
343 -1 -1 -1 0.000000
344 -1 -1 -1 0.000000
345 -1 -1 -1 0.000000
346 -1 -1 -1 0.000000
348 -1 -1 -1 0.000000
349 -1 -1 -1 0.000000
350 -1 -1 -1 0.000000
354 -1 -1 -1 0.000000
355 -1 -1 -1 0.000000
357 -1 -1 -1 0.000000
358 -1 -1 -1 0.000000
359 -1 -1 -1 0.000000
360 -1 -1 -1 0.000000
365 -1 -1 -1 0.000000
367 -1 -1 -1 0.000000
368 -1 -1 -1 0.000000
369 -1 -1 -1 0.000000
370 -1 -1 -1 0.000000
371 -1 -1 -1 0.000000
372 -1 -1 -1 0.000000
374 -1 -1 -1 0.000000
376 -1 -1 -1 0.000000
377 -1 -1 -1 0.000000
379 -1 -1 -1 0.000000
384 -1 -1 -1 0.000000
385 -1 -1 -1 0.000000
386 -1 -1 -1 0.000000
388 -1 -1 -1 0.000000
389 -1 -1 -1 0.000000
390 -1 -1 -1 0.000000
393 -1 -1 -1 0.000000
394 -1 -1 -1 0.000000
395 -1 -1 -1 0.000000
397 -1 -1 -1 0.000000
