326 344 -1 -1 19.228569
160 187 -1 -1 22.545282
260 284 -1 -1 21.544152
187 212 -1 -1 25.971892
212 235 -1 -1 21.631341
344 365 -1 -1 23.493194
235 260 -1 -1 23.427169
365 385 -1 -1 25.703224
141 160 -1 -1 25.971734
385 402 -1 -1 24.841791
160 176 -1 -1 26.450288
176 187 -1 -1 24.928528
160 176 187 -1 31.049591
187 197 -1 -1 25.985429
197 212 -1 -1 21.631169
187 197 212 -1 28.345255
284 306 -1 -1 26.213285
306 326 -1 -1 26.835264
110 141 -1 -1 35.555457
141 176 -1 -1 27.558446
141 160 176 -1 30.314614
176 197 -1 -1 23.480646
176 187 197 -1 29.663737
110 111 -1 -1 31.097962
111 141 -1 -1 34.565786
110 111 141 -1 38.673867
377 385 -1 -1 23.943691
365 377 -1 -1 23.198494
365 377 385 -1 29.154494
260 275 -1 -1 27.491663
275 284 -1 -1 21.450350
260 275 284 -1 29.916767
275 306 -1 -1 27.877133
275 284 306 -1 31.131893
344 360 -1 -1 29.226013
360 365 -1 -1 20.099980
344 360 365 -1 29.226013
306 321 -1 -1 21.192113
321 326 -1 -1 34.376948
306 321 326 -1 34.676426
321 344 -1 -1 36.275433
321 326 344 -1 37.013063
235 246 -1 -1 25.676438
246 260 -1 -1 30.669151
235 246 260 -1 31.611165
344 345 -1 -1 26.225879
321 345 -1 -1 18.708084
321 344 345 -1 36.275433
345 360 -1 -1 18.255443
344 345 360 -1 29.965404
139 141 -1 -1 18.828993
111 139 -1 -1 25.338158
111 139 141 -1 34.779151
212 219 -1 -1 29.522803
219 235 -1 -1 25.556272
212 219 235 -1 31.654224
377 402 -1 -1 32.071444
377 385 402 -1 32.856805
197 219 -1 -1 24.637683
197 212 219 -1 30.467882
402 408 -1 -1 18.412980
246 275 -1 -1 29.023703
246 260 275 -1 34.769673
360 377 -1 -1 26.126922
360 365 377 -1 27.402589
219 246 -1 -1 28.216077
219 235 246 -1 32.562458
377 394 -1 -1 24.411619
394 402 -1 -1 27.361601
377 394 402 -1 33.260119
141 157 -1 -1 30.532483
157 176 -1 -1 24.339199
141 157 176 -1 33.752464
299 306 -1 -1 25.888995
275 299 -1 -1 26.248456
275 299 306 -1 31.067384
139 157 -1 -1 23.096274
139 141 157 -1 30.532483
394 408 -1 -1 20.982116
394 402 408 -1 27.361601
176 179 -1 -1 24.289107
179 197 -1 -1 26.555314
176 179 197 -1 31.416209
299 321 -1 -1 23.258695
299 306 321 -1 27.567753
197 199 -1 -1 24.442679
199 219 -1 -1 22.448107
197 199 219 -1 27.422863
157 179 -1 -1 19.585388
157 176 179 -1 26.590656
179 199 -1 -1 22.105195
179 197 199 -1 30.732482
246 269 -1 -1 25.459884
269 275 -1 -1 22.216775
246 269 275 -1 30.669799
111 127 -1 -1 26.486284
127 139 -1 -1 17.378375
111 127 139 -1 29.599820
377 380 -1 -1 22.953322
380 394 -1 -1 20.284957
377 380 394 -1 27.020172
269 299 -1 -1 27.152942
269 275 299 -1 29.706566
345 353 -1 -1 26.577735
353 360 -1 -1 22.084676
345 353 360 -1 27.071879
353 377 -1 -1 34.257424
353 360 377 -1 34.280856
353 380 -1 -1 25.589347
353 377 380 -1 34.257424
321 327 -1 -1 23.744796
327 345 -1 -1 25.235440
321 327 345 -1 27.269993
408 411 -1 -1 18.842059
219 224 -1 -1 24.518238
224 246 -1 -1 30.269666
219 224 246 -1 32.417771
111 119 -1 -1 31.848922
119 127 -1 -1 16.426722
111 119 127 -1 31.932814
327 353 -1 -1 25.882538
327 345 353 -1 30.872634
394 411 -1 -1 26.385081
394 408 411 -1 28.362543
139 148 -1 -1 28.583373
148 157 -1 -1 21.963671
139 148 157 -1 30.319881
127 148 -1 -1 21.273656
127 139 148 -1 28.583373
299 327 -1 -1 31.187267
299 321 327 -1 32.807953
179 191 -1 -1 19.801366
191 199 -1 -1 17.806156
179 191 199 -1 24.071144
224 247 -1 -1 20.841948
246 247 -1 -1 30.617183
224 246 247 -1 33.221435
247 269 -1 -1 26.657729
246 247 269 -1 32.806837
199 224 -1 -1 25.737497
199 219 224 -1 31.941876
157 168 -1 -1 26.061176
168 179 -1 -1 24.358274
157 168 179 -1 28.170704
269 297 -1 -1 26.208086
297 299 -1 -1 24.770707
269 297 299 -1 30.598908
299 317 -1 -1 25.783573
317 327 -1 -1 23.814447
299 317 327 -1 31.989975
148 168 -1 -1 22.709362
148 157 168 -1 28.813086
168 191 -1 -1 19.170982
168 179 191 -1 25.235925
394 397 -1 -1 31.237480
397 411 -1 -1 30.021770
394 397 411 -1 35.049940
297 317 -1 -1 19.981519
297 299 317 -1 27.895851
353 373 -1 -1 30.904411
373 380 -1 -1 20.231662
353 373 380 -1 31.846314
380 397 -1 -1 30.879040
380 394 397 -1 33.255109
269 273 -1 -1 21.561460
247 273 -1 -1 23.118097
247 269 273 -1 28.487588
273 297 -1 -1 17.981990
269 273 297 -1 27.073678
127 132 -1 -1 23.485349
132 148 -1 -1 19.316112
127 132 148 -1 25.338636
195 199 -1 -1 28.912116
191 195 -1 -1 17.738379
191 195 199 -1 29.370518
195 224 -1 -1 29.000616
195 199 224 -1 32.799430
119 132 -1 -1 22.785084
119 127 132 -1 26.067168
353 355 -1 -1 24.065048
327 355 -1 -1 32.929960
327 353 355 -1 32.929960
355 373 -1 -1 23.370098
353 355 373 -1 31.272632
373 397 -1 -1 24.913286
373 380 397 -1 31.158207
327 336 -1 -1 21.231402
336 355 -1 -1 22.483165
327 336 355 -1 33.045344
317 336 -1 -1 23.552157
317 327 336 -1 27.347545
195 221 -1 -1 22.429013
221 224 -1 -1 25.784975
195 221 224 -1 31.733087
247 254 -1 -1 19.432367
254 273 -1 -1 20.123525
247 254 273 -1 24.444543
106 119 -1 -1 22.756278
148 153 -1 -1 20.965486
132 153 -1 -1 18.733402
132 148 153 -1 22.941611
153 168 -1 -1 25.132709
148 153 168 -1 28.078090
221 247 -1 -1 29.803779
221 224 247 -1 30.317789
106 132 -1 -1 24.895650
106 119 132 -1 27.311388
153 166 -1 -1 20.696620
166 168 -1 -1 19.786782
153 166 168 -1 29.299069
168 195 -1 -1 32.176068
168 191 195 -1 32.272107
106 133 -1 -1 22.728065
132 133 -1 -1 15.284268
106 132 133 -1 24.895650
168 184 -1 -1 32.160910
184 195 -1 -1 21.965927
168 184 195 -1 33.797419
133 153 -1 -1 17.985075
132 133 153 -1 21.216775
273 279 -1 -1 21.677817
279 297 -1 -1 25.423418
273 279 297 -1 28.460725
166 184 -1 -1 26.078367
166 168 184 -1 33.290117
221 254 -1 -1 32.537696
221 247 254 -1 34.523009
297 310 -1 -1 29.103450
310 317 -1 -1 23.670662
297 310 317 -1 32.301201
310 336 -1 -1 28.010057
310 317 336 -1 29.156499
254 279 -1 -1 22.112322
254 273 279 -1 26.062630
355 371 -1 -1 26.160626
371 373 -1 -1 22.519827
355 371 373 -1 28.384447
334 336 -1 -1 18.953813
310 334 -1 -1 20.003880
310 334 336 -1 28.501497
292 297 -1 -1 34.424995
279 292 -1 -1 16.609464
279 292 297 -1 34.424995
292 310 -1 -1 20.816200
292 297 310 -1 34.849183
371 397 -1 -1 35.127863
371 373 397 -1 35.635793
397 409 -1 -1 31.836163
336 351 -1 -1 26.771495
351 355 -1 -1 24.129464
336 351 355 -1 29.397366
221 253 -1 -1 31.455449
253 254 -1 -1 18.609975
221 253 254 -1 33.229185
371 391 -1 -1 23.709627
391 397 -1 -1 29.867234
371 391 397 -1 36.471641
152 153 -1 -1 18.070249
152 166 -1 -1 19.135084
152 153 166 -1 23.085279
334 351 -1 -1 20.017316
334 336 351 -1 27.128366
133 152 -1 -1 21.709991
133 152 153 -1 23.418925
221 229 -1 -1 23.743226
229 253 -1 -1 22.262910
221 229 253 -1 35.000037
184 221 -1 -1 33.049211
184 195 221 -1 33.049211
391 409 -1 -1 21.439891
391 397 409 -1 33.111940
351 371 -1 -1 27.567598
351 355 371 -1 30.464467
106 118 -1 -1 22.757859
118 133 -1 -1 23.205888
106 118 133 -1 28.501928
253 279 -1 -1 24.623533
253 254 279 -1 26.348689
133 136 -1 -1 20.146116
118 136 -1 -1 16.916237
118 133 136 -1 24.585195
136 152 -1 -1 18.431446
133 136 152 -1 23.843696
184 198 -1 -1 25.181251
198 221 -1 -1 33.510588
184 198 221 -1 37.014503
166 173 -1 -1 27.687353
173 184 -1 -1 24.382763
166 173 184 -1 30.297222
198 229 -1 -1 25.478151
198 221 229 -1 33.953075
152 173 -1 -1 26.308269
152 166 173 -1 29.750121
351 359 -1 -1 21.335816
359 371 -1 -1 23.826788
351 359 371 -1 28.922179
253 268 -1 -1 22.031638
268 279 -1 -1 25.630716
253 268 279 -1 28.917245
292 307 -1 -1 20.913729
307 310 -1 -1 23.217222
292 307 310 -1 25.524799
268 292 -1 -1 23.655552
268 279 292 -1 26.195781
333 334 -1 -1 20.571660
333 351 -1 -1 24.388904
333 334 351 -1 26.022085
310 333 -1 -1 30.547030
310 333 334 -1 30.547030
136 149 -1 -1 21.375452
149 152 -1 -1 20.265454
136 149 152 -1 24.377712
307 333 -1 -1 22.443451
307 310 333 -1 31.183934
149 173 -1 -1 23.650774
149 152 173 -1 27.548159
108 118 -1 -1 19.767046
371 375 -1 -1 28.279717
375 391 -1 -1 23.809298
371 375 391 -1 29.626211
359 375 -1 -1 22.832337
359 371 375 -1 30.495560
173 198 -1 -1 31.575079
173 184 198 -1 32.395019
118 123 -1 -1 21.925364
123 136 -1 -1 22.682874
118 123 136 -1 24.871473
229 249 -1 -1 27.440544
249 253 -1 -1 27.944474
229 249 253 -1 30.070681
249 268 -1 -1 21.488744
249 253 268 -1 29.120501
108 123 -1 -1 15.740476
108 118 123 -1 22.837817
333 346 -1 -1 25.397527
346 351 -1 -1 31.104072
333 346 351 -1 31.833055
346 359 -1 -1 20.707042
346 351 359 -1 31.104072
292 295 -1 -1 28.535996
295 307 -1 -1 20.441481
292 295 307 -1 28.535996
268 295 -1 -1 25.456028
268 292 295 -1 31.307611
123 135 -1 -1 15.220569
135 136 -1 -1 28.674470
123 135 136 -1 28.972056
135 149 -1 -1 22.457810
135 136 149 -1 28.674470
391 400 -1 -1 34.247744
400 409 -1 -1 32.234471
391 400 409 -1 36.511434
173 177 -1 -1 23.479120
177 198 -1 -1 32.372375
173 177 198 -1 36.156387
229 232 -1 -1 31.204768
198 232 -1 -1 32.051985
198 229 232 -1 34.490312
232 249 -1 -1 20.675342
229 232 249 -1 32.399793
307 315 -1 -1 23.170719
315 333 -1 -1 27.100529
307 315 333 -1 29.053196
375 400 -1 -1 33.772355
375 391 400 -1 37.213348
268 271 -1 -1 22.700127
271 295 -1 -1 20.177010
268 271 295 -1 27.417658
149 150 -1 -1 25.453074
135 150 -1 -1 19.722103
135 149 150 -1 27.050696
150 173 -1 -1 33.959757
149 150 173 -1 35.154808
177 202 -1 -1 24.550546
198 202 -1 -1 24.757120
177 198 202 -1 32.835592
202 232 -1 -1 23.561522
198 202 232 -1 32.738388
249 271 -1 -1 23.082649
249 268 271 -1 26.503616
295 315 -1 -1 22.726002
295 307 315 -1 25.960856
150 177 -1 -1 27.485478
150 173 177 -1 34.046507
315 346 -1 -1 34.823464
315 333 346 -1 34.823464
335 346 -1 -1 23.570442
315 335 -1 -1 21.759493
315 335 346 -1 35.041807
346 372 -1 -1 37.521187
359 372 -1 -1 37.916630
346 359 372 -1 39.571104
372 375 -1 -1 21.761182
359 372 375 -1 37.916630
372 400 -1 -1 32.137332
372 375 400 -1 34.929786
108 109 -1 -1 27.564837
109 123 -1 -1 23.836210
108 109 123 -1 28.114601
109 135 -1 -1 27.100553
109 123 135 -1 28.703655
346 354 -1 -1 30.068228
354 372 -1 -1 27.737951
346 354 372 -1 38.742701
249 256 -1 -1 29.459731
256 271 -1 -1 22.750058
249 256 271 -1 30.533998
271 288 -1 -1 22.954283
288 295 -1 -1 28.550775
271 288 295 -1 29.789709
335 354 -1 -1 25.168063
335 346 354 -1 32.855205
232 256 -1 -1 33.202044
232 249 256 -1 33.202044
288 311 -1 -1 21.217211
288 315 -1 -1 35.154610
295 311 -1 -1 37.002476
311 315 -1 -1 25.527190
288 295 311 -1 37.002476
288 295 315 -1 35.154610
288 311 315 -1 37.002476
295 311 315 -1 37.002476
288 295 311 315 37.002476
150 158 -1 -1 25.158967
158 177 -1 -1 32.821086
150 158 177 -1 34.456101
109 130 -1 -1 25.998056
130 135 -1 -1 30.839609
109 130 135 -1 33.033963
130 150 -1 -1 26.585229
130 135 150 -1 33.849622
177 181 -1 -1 27.355131
181 202 -1 -1 31.367363
177 181 202 -1 33.307947
202 209 -1 -1 20.725862
181 209 -1 -1 19.610740
181 202 209 -1 31.367363
209 232 -1 -1 32.673951
202 209 232 -1 32.819405
99 109 -1 -1 23.457661
232 233 -1 -1 25.797954
209 233 -1 -1 25.127312
209 232 233 -1 33.439198
233 256 -1 -1 25.741422
232 233 256 -1 34.377024
158 181 -1 -1 22.527043
158 177 181 -1 33.883505
256 288 -1 -1 25.533502
256 271 288 -1 29.664454
372 403 -1 -1 37.672406
400 403 -1 -1 30.009626
372 400 403 -1 40.080080
311 335 -1 -1 28.322874
311 315 335 -1 29.783982
130 158 -1 -1 25.173940
130 150 158 -1 29.459301
372 374 -1 -1 25.693869
374 403 -1 -1 31.573698
372 374 403 -1 37.804981
354 374 -1 -1 29.138421
354 372 374 -1 33.224197
329 335 -1 -1 24.138333
311 329 -1 -1 28.075274
311 329 335 -1 33.014768
329 354 -1 -1 29.307557
329 335 354 -1 30.469267
109 115 -1 -1 32.780481
115 130 -1 -1 24.043307
109 115 130 -1 34.327457
233 248 -1 -1 23.359310
248 256 -1 -1 22.555071
233 248 256 -1 27.798865
99 115 -1 -1 25.320486
99 109 115 -1 33.370230
209 213 -1 -1 18.793875
213 233 -1 -1 22.283066
209 213 233 -1 26.892154
256 280 -1 -1 32.804052
280 288 -1 -1 23.969283
256 280 288 -1 34.146524
280 311 -1 -1 31.095299
280 288 311 -1 32.132882
158 178 -1 -1 28.462034
178 181 -1 -1 22.972042
158 178 181 -1 29.621805
354 361 -1 -1 34.718964
361 374 -1 -1 27.966391
354 361 374 -1 35.723455
248 280 -1 -1 29.537544
248 256 280 -1 34.537235
130 146 -1 -1 29.747133
146 158 -1 -1 29.394972
130 146 158 -1 33.468284
181 213 -1 -1 32.703788
181 209 213 -1 32.703788
329 361 -1 -1 36.673415
329 354 361 -1 40.564945
280 305 -1 -1 23.892644
305 311 -1 -1 26.196373
280 305 311 -1 32.160795
305 329 -1 -1 30.316991
305 311 329 -1 33.542340
181 210 -1 -1 33.754115
210 213 -1 -1 16.149752
181 210 213 -1 35.491996
178 210 -1 -1 26.169704
178 181 210 -1 34.496900
374 388 -1 -1 29.754634
388 403 -1 -1 34.322325
374 388 403 -1 38.914430
230 233 -1 -1 32.380011
213 230 -1 -1 20.495835
213 230 233 -1 32.449390
230 248 -1 -1 24.735857
230 233 248 -1 32.507206
115 146 -1 -1 29.060184
115 130 146 -1 32.370754
146 178 -1 -1 31.828401
146 158 178 -1 36.030552
329 337 -1 -1 22.891137
337 361 -1 -1 26.793472
329 337 361 -1 36.673415
248 257 -1 -1 19.501704
257 280 -1 -1 26.192061
248 257 280 -1 31.058657
99 107 -1 -1 32.495119
107 115 -1 -1 24.563892
99 107 115 -1 33.906781
361 388 -1 -1 37.085596
361 374 388 -1 39.512695
210 230 -1 -1 21.955992
210 213 230 -1 23.347838
305 337 -1 -1 31.902740
305 329 337 -1 34.668369
146 154 -1 -1 24.231642
154 178 -1 -1 25.232062
146 154 178 -1 33.241455
115 124 -1 -1 26.357028
124 146 -1 -1 27.483281
115 124 146 -1 32.731644
230 257 -1 -1 27.158808
230 248 257 -1 30.016000
178 193 -1 -1 26.390090
193 210 -1 -1 16.624224
178 193 210 -1 28.954036
257 270 -1 -1 18.245047
270 280 -1 -1 26.296951
257 270 280 -1 28.028546
107 124 -1 -1 24.657469
107 115 124 -1 29.825982
305 309 -1 -1 18.784173
309 337 -1 -1 29.285522
305 309 337 -1 33.308793
230 238 -1 -1 19.366897
238 257 -1 -1 23.506563
230 238 257 -1 28.428420
270 305 -1 -1 36.754615
270 280 305 -1 36.754615
361 378 -1 -1 33.805720
378 388 -1 -1 23.300851
361 378 388 -1 39.676415
296 305 -1 -1 35.357108
270 296 -1 -1 21.650817
270 296 305 -1 39.122788
296 309 -1 -1 20.706619
296 305 309 -1 35.357108
154 193 -1 -1 31.218798
154 178 193 -1 32.601409
193 216 -1 -1 21.603601
210 216 -1 -1 29.981875
193 210 216 -1 31.560073
216 230 -1 -1 28.277539
210 216 230 -1 32.382260
309 322 -1 -1 18.110308
322 337 -1 -1 26.557496
309 322 337 -1 30.119802
337 349 -1 -1 25.128624
349 361 -1 -1 31.443238
337 349 361 -1 34.071197
216 238 -1 -1 21.832186
216 230 238 -1 29.128758
388 401 -1 -1 37.395146
154 182 -1 -1 26.238636
182 193 -1 -1 19.679525
154 182 193 -1 32.185676
124 154 -1 -1 40.194001
124 146 154 -1 40.194001
322 349 -1 -1 30.029482
322 337 349 -1 33.066841
349 378 -1 -1 38.979837
349 361 378 -1 40.248585
378 401 -1 -1 29.794058
378 388 401 -1 40.993107
238 245 -1 -1 20.677509
245 257 -1 -1 31.197944
238 245 257 -1 32.082152
245 270 -1 -1 28.908943
245 257 270 -1 31.903497
154 155 -1 -1 21.818834
124 155 -1 -1 36.566411
124 154 155 -1 41.175340
124 129 -1 -1 24.116105
129 155 -1 -1 23.872234
124 129 155 -1 40.604050
104 107 -1 -1 28.039660
104 124 -1 -1 29.934294
104 107 124 -1 32.920305
349 370 -1 -1 29.226493
370 378 -1 -1 22.685831
349 370 378 -1 38.979837
182 216 -1 -1 26.036041
182 193 216 -1 27.383235
270 277 -1 -1 24.559791
277 296 -1 -1 19.938172
270 277 296 -1 26.452450
104 129 -1 -1 26.482715
104 124 129 -1 31.870627
155 182 -1 -1 33.399884
154 155 182 -1 34.748458
245 277 -1 -1 26.725161
245 270 277 -1 31.837387
296 322 -1 -1 30.683250
296 309 322 -1 30.683250
155 167 -1 -1 20.188277
167 182 -1 -1 23.118557
155 167 182 -1 34.047569
216 245 -1 -1 34.042938
216 238 245 -1 34.225222
322 328 -1 -1 18.512985
328 349 -1 -1 32.317888
322 328 349 -1 33.636804
296 304 -1 -1 25.823387
304 322 -1 -1 28.861054
296 304 322 -1 33.507596
216 220 -1 -1 20.470623
220 245 -1 -1 32.515150
216 220 245 -1 34.988714
182 194 -1 -1 22.029400
194 216 -1 -1 31.676278
182 194 216 -1 31.985274
194 220 -1 -1 21.746601
194 216 220 -1 32.747028
328 350 -1 -1 22.035662
349 350 -1 -1 24.155510
328 349 350 -1 33.370249
304 328 -1 -1 21.700330
304 322 328 -1 29.164301
350 370 -1 -1 28.944948
349 350 370 -1 31.303578
220 239 -1 -1 20.511463
239 245 -1 -1 23.149443
220 239 245 -1 33.471577
277 304 -1 -1 26.793618
277 296 304 -1 28.782686
245 265 -1 -1 24.782354
265 277 -1 -1 18.962286
245 265 277 -1 28.618739
370 401 -1 -1 42.358334
370 378 401 -1 42.358334
167 194 -1 -1 22.538953
167 182 194 -1 26.508317
370 387 -1 -1 28.591435
387 401 -1 -1 37.802170
370 387 401 -1 43.694033
101 104 -1 -1 24.287321
129 151 -1 -1 29.303707
151 155 -1 -1 28.536447
129 151 155 -1 31.656273
104 121 -1 -1 33.798523
121 129 -1 -1 27.311101
104 121 129 -1 35.113926
239 265 -1 -1 25.433755
239 245 265 -1 29.167654
101 121 -1 -1 23.292215
101 104 121 -1 33.798523
151 167 -1 -1 27.230528
151 155 167 -1 30.318315
350 362 -1 -1 24.847766
362 370 -1 -1 25.569487
350 362 370 -1 32.360294
277 293 -1 -1 29.393759
293 304 -1 -1 21.026814
277 293 304 -1 30.568617
121 151 -1 -1 24.070149
121 129 151 -1 32.641168
325 328 -1 -1 17.900404
325 350 -1 -1 25.500921
325 328 350 -1 26.168798
265 293 -1 -1 27.147209
265 277 293 -1 31.584830
304 325 -1 -1 25.879357
304 325 328 -1 27.783269
167 174 -1 -1 19.213575
174 194 -1 -1 26.205120
167 174 194 -1 28.102958
151 174 -1 -1 23.528249
151 167 174 -1 29.061049
194 203 -1 -1 21.745982
203 220 -1 -1 24.811591
194 203 220 -1 27.535281
362 387 -1 -1 28.425441
362 370 387 -1 32.023993
401 404 -1 -1 43.370247
387 404 -1 -1 25.177110
387 401 404 -1 44.398547
203 239 -1 -1 31.505654
203 220 239 -1 31.505654
239 264 -1 -1 32.113559
264 265 -1 -1 21.210588
239 264 265 -1 32.840009
325 330 -1 -1 14.120204
330 350 -1 -1 27.695563
325 330 350 -1 33.300343
203 240 -1 -1 29.882095
239 240 -1 -1 21.438353
203 239 240 -1 34.775311
240 264 -1 -1 23.801711
239 240 264 -1 32.214137
330 362 -1 -1 31.729054
330 350 362 -1 33.176944
264 293 -1 -1 27.980709
264 265 293 -1 31.300646
186 194 -1 -1 31.482272
174 186 -1 -1 20.665948
174 186 194 -1 32.002409
186 203 -1 -1 23.005790
186 194 203 -1 32.652127
293 325 -1 -1 36.874560
293 304 325 -1 36.874560
293 316 -1 -1 28.624402
316 325 -1 -1 34.801627
293 316 325 -1 38.196063
316 330 -1 -1 29.012747
316 325 330 -1 38.410807
101 113 -1 -1 31.466255
113 121 -1 -1 26.288342
101 113 121 -1 32.490947
203 218 -1 -1 21.535643
218 240 -1 -1 21.423917
203 218 240 -1 30.007864
330 356 -1 -1 28.005641
356 362 -1 -1 22.331131
330 356 362 -1 33.242007
121 140 -1 -1 28.581975
140 151 -1 -1 26.669178
121 140 151 -1 31.401132
151 165 -1 -1 29.368191
165 174 -1 -1 23.308741
151 165 174 -1 30.540234
264 287 -1 -1 26.205685
287 293 -1 -1 23.157907
264 287 293 -1 31.251154
362 381 -1 -1 33.113065
381 387 -1 -1 31.616075
362 381 387 -1 39.305874
140 165 -1 -1 24.927423
140 151 165 -1 31.122614
165 186 -1 -1 23.856628
165 174 186 -1 28.203561
287 316 -1 -1 22.673162
287 293 316 -1 30.285049
356 381 -1 -1 28.920072
356 362 381 -1 34.442990
113 140 -1 -1 25.314445
113 121 140 -1 31.175210
330 338 -1 -1 16.521802
338 356 -1 -1 24.114694
330 338 356 -1 29.021417
316 338 -1 -1 23.853726
316 330 338 -1 29.012747
381 404 -1 -1 35.510521
381 387 404 -1 36.236459
186 218 -1 -1 31.652021
186 203 218 -1 31.856121
404 406 -1 -1 26.306206
186 196 -1 -1 21.515451
196 218 -1 -1 26.473006
186 196 218 -1 32.541036
240 263 -1 -1 35.365460
263 264 -1 -1 29.044823
240 263 264 -1 36.417819
263 287 -1 -1 25.542004
263 264 287 -1 33.174980
240 241 -1 -1 29.020203
241 263 -1 -1 21.060404
240 241 263 -1 35.365460
218 241 -1 -1 24.320202
218 240 241 -1 30.667918
165 169 -1 -1 21.581214
169 186 -1 -1 28.245444
165 169 186 -1 29.664855
381 406 -1 -1 35.620900
381 404 406 -1 42.026294
169 196 -1 -1 24.115277
169 186 196 -1 30.044101
316 331 -1 -1 30.101154
331 338 -1 -1 20.420495
316 331 338 -1 30.702287
140 143 -1 -1 22.202464
143 165 -1 -1 27.473504
140 143 165 -1 31.576960
214 218 -1 -1 23.286565
196 214 -1 -1 18.463652
196 214 218 -1 26.659822
331 356 -1 -1 32.250891
331 338 356 -1 32.250891
356 357 -1 -1 25.501060
357 381 -1 -1 33.413959
356 357 381 -1 34.829367
381 398 -1 -1 31.550227
398 406 -1 -1 25.835289
381 398 406 -1 36.676562
113 120 -1 -1 27.718573
120 140 -1 -1 32.366007
113 120 140 -1 34.339890
214 241 -1 -1 24.556715
214 218 241 -1 29.143709
357 383 -1 -1 22.948756
381 383 -1 -1 21.605959
357 381 383 -1 33.413959
120 143 -1 -1 25.789965
120 140 143 -1 36.163682
331 357 -1 -1 27.777964
331 356 357 -1 33.259206
285 287 -1 -1 22.817898
263 285 -1 -1 26.671712
263 285 287 -1 30.013043
285 316 -1 -1 31.804262
285 287 316 -1 33.582219
143 169 -1 -1 27.354460
143 165 169 -1 30.261775
383 398 -1 -1 23.337272
381 383 398 -1 31.550227
312 316 -1 -1 35.270524
312 331 -1 -1 26.733022
312 316 331 -1 36.915714
285 312 -1 -1 25.223095
285 312 316 -1 37.591684
99 -1 -1 -1 0.000000
101 -1 -1 -1 0.000000
104 -1 -1 -1 0.000000
106 -1 -1 -1 0.000000
107 -1 -1 -1 0.000000
108 -1 -1 -1 0.000000
109 -1 -1 -1 0.000000
110 -1 -1 -1 0.000000
111 -1 -1 -1 0.000000
113 -1 -1 -1 0.000000
115 -1 -1 -1 0.000000
118 -1 -1 -1 0.000000
119 -1 -1 -1 0.000000
120 -1 -1 -1 0.000000
121 -1 -1 -1 0.000000
123 -1 -1 -1 0.000000
124 -1 -1 -1 0.000000
127 -1 -1 -1 0.000000
129 -1 -1 -1 0.000000
130 -1 -1 -1 0.000000
132 -1 -1 -1 0.000000
133 -1 -1 -1 0.000000
135 -1 -1 -1 0.000000
136 -1 -1 -1 0.000000
139 -1 -1 -1 0.000000
140 -1 -1 -1 0.000000
141 -1 -1 -1 0.000000
143 -1 -1 -1 0.000000
146 -1 -1 -1 0.000000
148 -1 -1 -1 0.000000
149 -1 -1 -1 0.000000
150 -1 -1 -1 0.000000
151 -1 -1 -1 0.000000
152 -1 -1 -1 0.000000
153 -1 -1 -1 0.000000
154 -1 -1 -1 0.000000
155 -1 -1 -1 0.000000
157 -1 -1 -1 0.000000
158 -1 -1 -1 0.000000
160 -1 -1 -1 0.000000
165 -1 -1 -1 0.000000
166 -1 -1 -1 0.000000
167 -1 -1 -1 0.000000
168 -1 -1 -1 0.000000
169 -1 -1 -1 0.000000
173 -1 -1 -1 0.000000
174 -1 -1 -1 0.000000
176 -1 -1 -1 0.000000
177 -1 -1 -1 0.000000
178 -1 -1 -1 0.000000
179 -1 -1 -1 0.000000
181 -1 -1 -1 0.000000
182 -1 -1 -1 0.000000
184 -1 -1 -1 0.000000
186 -1 -1 -1 0.000000
187 -1 -1 -1 0.000000
191 -1 -1 -1 0.000000
193 -1 -1 -1 0.000000
194 -1 -1 -1 0.000000
195 -1 -1 -1 0.000000
196 -1 -1 -1 0.000000
197 -1 -1 -1 0.000000
198 -1 -1 -1 0.000000
199 -1 -1 -1 0.000000
202 -1 -1 -1 0.000000
203 -1 -1 -1 0.000000
209 -1 -1 -1 0.000000
210 -1 -1 -1 0.000000
212 -1 -1 -1 0.000000
213 -1 -1 -1 0.000000
214 -1 -1 -1 0.000000
216 -1 -1 -1 0.000000
218 -1 -1 -1 0.000000
219 -1 -1 -1 0.000000
220 -1 -1 -1 0.000000
221 -1 -1 -1 0.000000
224 -1 -1 -1 0.000000
229 -1 -1 -1 0.000000
230 -1 -1 -1 0.000000
232 -1 -1 -1 0.000000
233 -1 -1 -1 0.000000
235 -1 -1 -1 0.000000
238 -1 -1 -1 0.000000
239 -1 -1 -1 0.000000
240 -1 -1 -1 0.000000
241 -1 -1 -1 0.000000
245 -1 -1 -1 0.000000
246 -1 -1 -1 0.000000
247 -1 -1 -1 0.000000
248 -1 -1 -1 0.000000
249 -1 -1 -1 0.000000
253 -1 -1 -1 0.000000
254 -1 -1 -1 0.000000
256 -1 -1 -1 0.000000
257 -1 -1 -1 0.000000
260 -1 -1 -1 0.000000
263 -1 -1 -1 0.000000
264 -1 -1 -1 0.000000
265 -1 -1 -1 0.000000
268 -1 -1 -1 0.000000
269 -1 -1 -1 0.000000
270 -1 -1 -1 0.000000
271 -1 -1 -1 0.000000
273 -1 -1 -1 0.000000
275 -1 -1 -1 0.000000
277 -1 -1 -1 0.000000
279 -1 -1 -1 0.000000
280 -1 -1 -1 0.000000
284 -1 -1 -1 0.000000
285 -1 -1 -1 0.000000
287 -1 -1 -1 0.000000
288 -1 -1 -1 0.000000
292 -1 -1 -1 0.000000
293 -1 -1 -1 0.000000
295 -1 -1 -1 0.000000
296 -1 -1 -1 0.000000
297 -1 -1 -1 0.000000
299 -1 -1 -1 0.000000
304 -1 -1 -1 0.000000
305 -1 -1 -1 0.000000
306 -1 -1 -1 0.000000
307 -1 -1 -1 0.000000
309 -1 -1 -1 0.000000
310 -1 -1 -1 0.000000
311 -1 -1 -1 0.000000
312 -1 -1 -1 0.000000
315 -1 -1 -1 0.000000
316 -1 -1 -1 0.000000
317 -1 -1 -1 0.000000
321 -1 -1 -1 0.000000
322 -1 -1 -1 0.000000
325 -1 -1 -1 0.000000
326 -1 -1 -1 0.000000
327 -1 -1 -1 0.000000
328 -1 -1 -1 0.000000
329 -1 -1 -1 0.000000
330 -1 -1 -1 0.000000
331 -1 -1 -1 0.000000
333 -1 -1 -1 0.000000
334 -1 -1 -1 0.000000
335 -1 -1 -1 0.000000
336 -1 -1 -1 0.000000
337 -1 -1 -1 0.000000
338 -1 -1 -1 0.000000
344 -1 -1 -1 0.000000
345 -1 -1 -1 0.000000
346 -1 -1 -1 0.000000
349 -1 -1 -1 0.000000
350 -1 -1 -1 0.000000
351 -1 -1 -1 0.000000
353 -1 -1 -1 0.000000
354 -1 -1 -1 0.000000
355 -1 -1 -1 0.000000
356 -1 -1 -1 0.000000
357 -1 -1 -1 0.000000
359 -1 -1 -1 0.000000
360 -1 -1 -1 0.000000
361 -1 -1 -1 0.000000
362 -1 -1 -1 0.000000
365 -1 -1 -1 0.000000
370 -1 -1 -1 0.000000
371 -1 -1 -1 0.000000
372 -1 -1 -1 0.000000
373 -1 -1 -1 0.000000
374 -1 -1 -1 0.000000
375 -1 -1 -1 0.000000
377 -1 -1 -1 0.000000
378 -1 -1 -1 0.000000
380 -1 -1 -1 0.000000
381 -1 -1 -1 0.000000
383 -1 -1 -1 0.000000
385 -1 -1 -1 0.000000
387 -1 -1 -1 0.000000
388 -1 -1 -1 0.000000
391 -1 -1 -1 0.000000
394 -1 -1 -1 0.000000
397 -1 -1 -1 0.000000
398 -1 -1 -1 0.000000
400 -1 -1 -1 0.000000
401 -1 -1 -1 0.000000
402 -1 -1 -1 0.000000
403 -1 -1 -1 0.000000
404 -1 -1 -1 0.000000
406 -1 -1 -1 0.000000
408 -1 -1 -1 0.000000
409 -1 -1 -1 0.000000
411 -1 -1 -1 0.000000
