361 389 -1 -1 21.916740
109 130 -1 -1 23.014714
203 231 -1 -1 30.011038
130 154 -1 -1 31.205037
343 361 -1 -1 20.445857
389 398 -1 -1 20.664259
262 287 -1 -1 24.279740
91 109 -1 -1 26.340093
177 203 -1 -1 28.778910
154 177 -1 -1 27.577112
315 343 -1 -1 25.099051
287 315 -1 -1 31.494873
231 252 -1 -1 23.970159
252 262 -1 -1 22.028484
287 292 -1 -1 21.846770
292 315 -1 -1 24.373783
287 292 315 -1 32.920042
130 136 -1 -1 20.912823
136 154 -1 -1 29.693275
130 136 154 -1 32.486654
361 363 -1 -1 22.965460
363 389 -1 -1 28.820450
361 363 389 -1 30.584629
343 363 -1 -1 24.013319
343 361 363 -1 26.320265
363 398 -1 -1 26.465161
363 389 398 -1 29.704258
262 292 -1 -1 29.306666
262 287 292 -1 30.542874
315 331 -1 -1 23.592417
331 343 -1 -1 19.955571
315 331 343 -1 27.301314
203 215 -1 -1 26.530144
215 231 -1 -1 26.684609
203 215 231 -1 32.713468
87 91 -1 -1 21.688041
154 156 -1 -1 35.336797
136 156 -1 -1 22.244926
136 154 156 -1 35.841157
156 177 -1 -1 28.768581
154 156 177 -1 35.942166
87 109 -1 -1 33.506965
87 91 109 -1 34.082191
105 109 -1 -1 24.755328
87 105 -1 -1 24.832070
87 105 109 -1 34.181430
262 279 -1 -1 28.624773
279 292 -1 -1 24.446641
262 279 292 -1 31.911209
310 315 -1 -1 33.124786
292 310 -1 -1 23.621891
292 310 315 -1 33.124786
310 331 -1 -1 24.195330
310 315 331 -1 34.104283
177 194 -1 -1 28.394145
194 203 -1 -1 33.629786
177 194 203 -1 36.516608
331 363 -1 -1 32.393648
331 343 363 -1 32.393648
105 130 -1 -1 39.309300
125 130 -1 -1 37.546105
105 125 -1 -1 23.930208
109 125 -1 -1 40.181608
105 109 130 -1 40.181608
105 125 130 -1 39.309300
109 125 130 -1 40.181608
105 109 125 -1 40.181608
105 109 125 130 40.181608
125 136 -1 -1 25.568537
125 130 136 -1 37.915894
194 215 -1 -1 24.498891
194 203 215 -1 34.826843
354 363 -1 -1 23.083658
331 354 -1 -1 24.739154
331 354 363 -1 33.342600
363 382 -1 -1 22.238431
382 398 -1 -1 28.140732
363 382 398 -1 31.016820
252 279 -1 -1 35.440162
252 262 279 -1 35.440162
252 255 -1 -1 24.065642
255 279 -1 -1 27.852555
252 255 279 -1 37.300541
279 310 -1 -1 31.179168
279 292 310 -1 32.087502
354 382 -1 -1 23.238902
354 363 382 -1 25.812252
174 177 -1 -1 37.148521
156 174 -1 -1 25.224807
156 174 177 -1 37.866304
174 194 -1 -1 22.470073
174 177 194 -1 37.148521
215 229 -1 -1 25.902699
229 231 -1 -1 41.498540
215 229 231 -1 41.516192
229 252 -1 -1 37.961864
229 231 252 -1 44.096938
331 332 -1 -1 21.957362
310 332 -1 -1 22.919499
310 331 332 -1 26.370865
332 354 -1 -1 21.984970
331 332 354 -1 27.264064
229 255 -1 -1 30.126072
229 252 255 -1 38.429084
87 90 -1 -1 24.063175
90 105 -1 -1 30.273779
87 90 105 -1 31.700922
125 142 -1 -1 23.818927
136 142 -1 -1 34.330394
125 136 142 -1 34.462056
142 156 -1 -1 28.809298
136 142 156 -1 34.992523
279 294 -1 -1 25.676607
294 310 -1 -1 23.872002
279 294 310 -1 32.868015
382 400 -1 -1 20.330866
194 206 -1 -1 26.577536
206 215 -1 -1 30.446211
194 206 215 -1 31.935557
105 106 -1 -1 24.985506
90 106 -1 -1 24.789206
90 105 106 -1 31.930706
106 125 -1 -1 26.844167
105 106 125 -1 29.766043
206 229 -1 -1 27.938146
206 215 229 -1 33.370594
354 380 -1 -1 28.563635
380 382 -1 -1 23.827813
354 380 382 -1 31.881310
275 279 -1 -1 30.690077
255 275 -1 -1 28.381877
255 275 279 -1 33.275803
354 356 -1 -1 22.273166
332 356 -1 -1 24.378600
332 354 356 -1 27.094081
356 380 -1 -1 19.977200
354 356 380 -1 29.647616
380 400 -1 -1 17.723375
380 382 400 -1 25.109996
156 157 -1 -1 37.125662
142 157 -1 -1 21.746373
142 156 157 -1 37.376889
157 174 -1 -1 26.013324
156 157 174 -1 37.161221
275 294 -1 -1 25.050049
275 279 294 -1 32.994807
229 243 -1 -1 25.407948
243 255 -1 -1 24.835605
229 243 255 -1 31.965024
294 311 -1 -1 20.839163
310 311 -1 -1 33.473927
294 310 311 -1 33.473927
311 332 -1 -1 31.916057
310 311 332 -1 34.759485
174 206 -1 -1 32.622162
174 194 206 -1 34.895970
332 334 -1 -1 22.675611
311 334 -1 -1 20.958316
311 332 334 -1 33.020092
334 356 -1 -1 19.195220
332 334 356 -1 26.647699
106 128 -1 -1 28.636868
125 128 -1 -1 31.644879
106 125 128 -1 34.272516
128 142 -1 -1 24.043768
125 128 142 -1 32.243242
243 275 -1 -1 28.863928
243 255 275 -1 33.193781
174 183 -1 -1 26.250536
183 206 -1 -1 29.721345
174 183 206 -1 35.286196
380 399 -1 -1 20.754149
399 400 -1 -1 16.916724
380 399 400 -1 21.528506
90 97 -1 -1 27.823341
97 106 -1 -1 26.739473
90 97 106 -1 31.190300
157 183 -1 -1 25.545552
157 174 183 -1 30.182980
356 370 -1 -1 22.240210
370 380 -1 -1 18.341624
356 370 380 -1 24.135412
223 229 -1 -1 34.070197
206 223 -1 -1 26.880240
206 223 229 -1 37.046504
106 110 -1 -1 26.940597
110 128 -1 -1 23.199724
106 110 128 -1 31.431394
370 399 -1 -1 22.174353
370 380 399 -1 24.698953
97 110 -1 -1 20.288293
97 106 110 -1 30.338277
223 243 -1 -1 34.006040
223 229 243 -1 38.327419
275 288 -1 -1 27.876147
288 294 -1 -1 31.031574
275 288 294 -1 33.835337
288 311 -1 -1 26.253629
288 294 311 -1 31.817371
201 206 -1 -1 28.593137
183 201 -1 -1 22.985378
183 201 206 -1 31.975771
352 356 -1 -1 30.245836
334 352 -1 -1 29.913269
334 352 356 -1 32.560587
352 370 -1 -1 22.058910
352 356 370 -1 30.388572
128 157 -1 -1 35.068725
128 142 157 -1 37.207310
201 223 -1 -1 21.726393
201 206 223 -1 31.148043
370 396 -1 -1 22.263509
396 399 -1 -1 16.785286
370 396 399 -1 25.321988
236 243 -1 -1 32.046498
223 236 -1 -1 19.673520
223 236 243 -1 37.017591
128 147 -1 -1 28.498307
147 157 -1 -1 28.659401
128 147 157 -1 36.111920
243 273 -1 -1 35.251800
273 275 -1 -1 28.285503
243 273 275 -1 35.966048
311 319 -1 -1 23.996196
319 334 -1 -1 25.796635
311 319 334 -1 27.986262
243 254 -1 -1 22.312784
254 273 -1 -1 20.725486
243 254 273 -1 35.251800
236 254 -1 -1 18.917654
236 243 254 -1 32.801631
273 288 -1 -1 25.016141
273 275 288 -1 32.463785
319 352 -1 -1 26.555701
319 334 352 -1 33.124373
157 165 -1 -1 33.523583
165 183 -1 -1 28.473141
157 165 183 -1 35.315433
147 165 -1 -1 24.476030
147 157 165 -1 35.788360
288 319 -1 -1 32.758152
288 311 319 -1 33.844588
124 128 -1 -1 28.370490
110 124 -1 -1 26.323594
110 124 128 -1 30.624684
124 147 -1 -1 22.971239
124 128 147 -1 32.058991
370 384 -1 -1 30.310555
384 396 -1 -1 19.501235
370 384 396 -1 30.310555
352 384 -1 -1 31.144165
352 370 384 -1 33.254347
84 97 -1 -1 29.617004
288 300 -1 -1 24.459566
300 319 -1 -1 27.746110
288 300 319 -1 33.851329
183 189 -1 -1 34.125858
189 201 -1 -1 22.874772
183 189 201 -1 34.387745
165 189 -1 -1 27.724565
165 183 189 -1 35.704004
97 108 -1 -1 36.056943
108 110 -1 -1 27.104952
84 108 -1 -1 24.751060
84 110 -1 -1 36.784625
97 108 110 -1 36.056943
84 97 108 -1 36.784625
84 97 110 -1 36.784625
84 108 110 -1 36.784625
84 97 108 110 36.784625
108 124 -1 -1 23.622806
108 110 124 -1 30.906004
201 218 -1 -1 32.647438
218 223 -1 -1 34.104846
201 218 223 -1 37.898040
218 236 -1 -1 26.110961
218 223 236 -1 34.190769
352 373 -1 -1 27.969384
373 384 -1 -1 21.376708
352 373 384 -1 32.607359
319 348 -1 -1 34.285852
348 352 -1 -1 29.762346
319 348 352 -1 35.074762
319 326 -1 -1 23.019761
326 348 -1 -1 19.487767
319 326 348 -1 34.285852
249 254 -1 -1 25.107948
249 273 -1 -1 28.615891
249 254 273 -1 29.290491
273 278 -1 -1 26.752695
278 288 -1 -1 32.748878
273 278 288 -1 35.518487
236 249 -1 -1 27.746538
236 249 254 -1 29.868446
300 326 -1 -1 22.763699
300 319 326 -1 28.740880
189 218 -1 -1 30.046097
189 201 218 -1 34.508199
348 373 -1 -1 17.505555
348 352 373 -1 32.567474
278 300 -1 -1 25.260600
278 288 300 -1 33.289342
124 137 -1 -1 27.285976
137 147 -1 -1 31.053179
124 137 147 -1 33.524976
249 278 -1 -1 31.363012
249 273 278 -1 33.903845
137 165 -1 -1 38.295259
137 147 165 -1 39.424007
218 249 -1 -1 36.474537
218 236 249 -1 37.089701
137 163 -1 -1 25.683297
163 165 -1 -1 28.985739
137 163 165 -1 38.513825
373 385 -1 -1 20.732788
384 385 -1 -1 25.774514
373 384 385 -1 26.911635
163 189 -1 -1 37.436570
163 165 189 -1 37.436570
108 113 -1 -1 23.408142
113 124 -1 -1 32.681310
108 113 124 -1 36.069421
163 190 -1 -1 28.558834
189 190 -1 -1 21.452853
163 189 190 -1 38.174712
218 237 -1 -1 27.394501
237 249 -1 -1 26.539642
218 237 249 -1 37.008144
113 137 -1 -1 28.323961
113 124 137 -1 34.668436
385 401 -1 -1 18.251099
249 261 -1 -1 24.893317
261 278 -1 -1 25.375672
249 261 278 -1 32.609585
296 300 -1 -1 26.081397
278 296 -1 -1 26.606862
278 296 300 -1 30.622486
84 94 -1 -1 35.126668
94 108 -1 -1 35.056619
84 94 108 -1 37.669353
190 218 -1 -1 35.476056
189 190 218 -1 37.166132
300 323 -1 -1 31.299039
323 326 -1 -1 22.543884
300 323 326 -1 32.849341
296 323 -1 -1 21.230656
296 300 323 -1 32.360112
94 113 -1 -1 26.995275
94 108 113 -1 37.154293
212 218 -1 -1 29.798368
190 212 -1 -1 26.616450
190 212 218 -1 37.347501
323 348 -1 -1 30.702945
323 326 348 -1 32.284398
323 335 -1 -1 19.103267
335 348 -1 -1 29.160602
323 335 348 -1 32.150979
348 364 -1 -1 30.155026
364 373 -1 -1 29.811499
348 364 373 -1 32.396210
212 237 -1 -1 27.530874
212 218 237 -1 34.268415
237 261 -1 -1 31.213061
237 249 261 -1 32.248702
364 385 -1 -1 26.827383
364 373 385 -1 30.817342
335 364 -1 -1 22.049059
335 348 364 -1 32.302238
163 180 -1 -1 25.885154
180 190 -1 -1 21.138296
163 180 190 -1 29.899402
261 280 -1 -1 25.160074
278 280 -1 -1 33.603505
261 278 280 -1 33.661665
280 296 -1 -1 23.517563
278 280 296 -1 34.547748
237 242 -1 -1 21.663052
242 261 -1 -1 25.105825
237 242 261 -1 32.195211
137 143 -1 -1 28.981643
143 163 -1 -1 33.914474
137 143 163 -1 36.010847
113 143 -1 -1 36.307856
113 137 143 -1 38.187824
113 115 -1 -1 25.802915
115 143 -1 -1 28.063182
113 115 143 -1 40.947282
163 164 -1 -1 31.146901
143 164 -1 -1 24.245151
143 163 164 -1 35.331072
94 115 -1 -1 30.485339
94 113 115 -1 33.304555
164 180 -1 -1 22.179203
163 164 180 -1 32.297836
374 385 -1 -1 35.324994
364 374 -1 -1 22.835540
364 374 385 -1 36.067990
374 401 -1 -1 31.795847
374 385 401 -1 35.624194
296 306 -1 -1 26.474766
306 323 -1 -1 25.454714
296 306 323 -1 30.137732
180 212 -1 -1 34.403917
180 190 212 -1 34.476592
180 188 -1 -1 19.381571
188 212 -1 -1 29.395613
180 188 212 -1 34.844509
212 227 -1 -1 29.828253
227 237 -1 -1 31.601548
212 227 237 -1 35.593090
242 257 -1 -1 19.119939
257 261 -1 -1 26.986971
242 257 261 -1 28.397357
280 306 -1 -1 28.001229
280 296 306 -1 30.684675
227 242 -1 -1 22.114690
227 237 242 -1 31.629064
306 335 -1 -1 29.864788
306 323 335 -1 30.500670
257 280 -1 -1 27.940804
257 261 280 -1 30.845864
335 336 -1 -1 23.914938
336 364 -1 -1 31.108103
335 336 364 -1 32.105012
207 212 -1 -1 33.354895
188 207 -1 -1 20.886093
188 207 212 -1 34.545473
306 336 -1 -1 31.871097
306 335 336 -1 33.815645
94 96 -1 -1 37.654127
96 115 -1 -1 35.119391
94 96 115 -1 41.044191
207 227 -1 -1 28.148551
207 212 227 -1 36.562756
257 277 -1 -1 22.612534
277 280 -1 -1 22.966883
257 277 280 -1 30.173818
336 374 -1 -1 33.287398
336 364 374 -1 34.896256
164 188 -1 -1 31.496349
164 180 188 -1 31.499703
277 306 -1 -1 34.263025
277 280 306 -1 35.594930
164 179 -1 -1 25.967456
179 188 -1 -1 23.070288
164 179 188 -1 33.117066
143 144 -1 -1 28.168043
144 164 -1 -1 29.136012
143 144 164 -1 34.192850
115 144 -1 -1 37.101227
115 143 144 -1 37.895886
227 257 -1 -1 34.357631
227 242 257 -1 34.357631
306 308 -1 -1 20.915515
308 336 -1 -1 29.417422
306 308 336 -1 33.166737
227 248 -1 -1 29.896467
248 257 -1 -1 22.969960
227 248 257 -1 34.735823
115 119 -1 -1 31.297845
119 144 -1 -1 28.154046
115 119 144 -1 40.500969
96 119 -1 -1 28.123008
96 115 119 -1 38.577894
277 308 -1 -1 37.490770
277 306 308 -1 38.850708
336 369 -1 -1 29.057563
369 374 -1 -1 25.116234
336 369 374 -1 35.826064
277 289 -1 -1 18.775821
289 308 -1 -1 25.358531
277 289 308 -1 37.490770
374 402 -1 -1 31.953543
144 162 -1 -1 23.520778
162 164 -1 -1 32.937602
144 162 164 -1 33.816184
162 179 -1 -1 22.311053
162 164 179 -1 33.742674
217 227 -1 -1 28.568379
207 217 -1 -1 21.858571
207 217 227 -1 30.535513
248 277 -1 -1 32.419367
248 257 277 -1 33.412702
369 402 -1 -1 28.587749
369 374 402 -1 33.816412
179 207 -1 -1 30.133663
179 188 207 -1 31.589534
336 338 -1 -1 23.309320
338 369 -1 -1 23.700087
336 338 369 -1 31.508303
217 248 -1 -1 36.130309
217 227 248 -1 38.021895
248 268 -1 -1 23.548239
268 277 -1 -1 25.911237
248 268 277 -1 33.327746
308 338 -1 -1 31.729887
308 336 338 -1 34.110331
217 235 -1 -1 20.002890
235 248 -1 -1 23.737574
217 235 248 -1 36.242355
179 184 -1 -1 20.990989
184 207 -1 -1 32.388393
179 184 207 -1 34.420181
268 289 -1 -1 24.000854
268 277 289 -1 27.557387
369 383 -1 -1 21.759962
383 402 -1 -1 21.244858
369 383 402 -1 28.777432
289 303 -1 -1 19.998370
303 308 -1 -1 23.593447
289 303 308 -1 27.784995
308 327 -1 -1 28.401986
327 338 -1 -1 20.803662
308 327 338 -1 32.423613
162 184 -1 -1 29.980607
162 179 184 -1 31.426637
303 327 -1 -1 21.228443
303 308 327 -1 29.845291
139 144 -1 -1 27.731052
119 139 -1 -1 33.490749
119 139 144 -1 34.827327
139 162 -1 -1 25.335439
139 144 162 -1 31.109453
184 204 -1 -1 26.879219
204 207 -1 -1 41.703506
184 204 207 -1 41.973189
204 217 -1 -1 30.909238
204 207 217 -1 41.703506
96 100 -1 -1 37.409222
100 119 -1 -1 37.314306
96 100 119 -1 41.569482
248 256 -1 -1 31.011279
235 256 -1 -1 22.496331
235 248 256 -1 31.698862
256 268 -1 -1 25.082492
248 256 268 -1 32.202014
268 283 -1 -1 24.770673
283 289 -1 -1 25.691627
268 283 289 -1 29.719720
367 369 -1 -1 30.122679
338 367 -1 -1 28.913964
338 367 369 -1 34.118181
367 383 -1 -1 21.979687
367 369 383 -1 30.122679
283 303 -1 -1 22.179195
283 289 303 -1 26.972915
100 123 -1 -1 24.296238
119 123 -1 -1 30.708438
100 119 123 -1 37.557297
123 139 -1 -1 26.703754
119 123 139 -1 36.342519
162 169 -1 -1 28.856390
169 184 -1 -1 23.535903
162 169 184 -1 34.268253
338 345 -1 -1 29.124240
345 367 -1 -1 17.704625
338 345 367 -1 32.781308
327 345 -1 -1 25.069062
327 338 345 -1 30.347148
139 169 -1 -1 34.599670
139 162 169 -1 36.231294
204 235 -1 -1 37.455815
204 217 235 -1 38.342022
383 391 -1 -1 16.308412
367 391 -1 -1 18.066705
367 383 391 -1 23.330844
204 230 -1 -1 31.292505
230 235 -1 -1 25.037078
204 230 235 -1 37.455815
82 100 -1 -1 25.197290
256 265 -1 -1 21.534439
265 268 -1 -1 34.258034
256 265 268 -1 34.314575
265 283 -1 -1 24.586995
265 268 283 -1 34.972028
303 307 -1 -1 23.991557
307 327 -1 -1 25.249586
303 307 327 -1 28.004250
230 256 -1 -1 26.124192
230 235 256 -1 29.962970
283 307 -1 -1 26.488153
283 303 307 -1 29.047970
139 153 -1 -1 27.458264
153 169 -1 -1 24.547707
139 153 169 -1 35.749406
169 204 -1 -1 32.822182
169 184 204 -1 33.863238
327 329 -1 -1 30.617652
329 345 -1 -1 21.721653
327 329 345 -1 31.686972
123 131 -1 -1 24.732664
131 139 -1 -1 28.878384
123 131 139 -1 31.676950
307 329 -1 -1 22.246567
307 327 329 -1 31.885606
131 153 -1 -1 23.440031
131 139 153 -1 31.447704
367 375 -1 -1 24.777944
375 391 -1 -1 19.795691
367 375 391 -1 26.683647
283 284 -1 -1 26.147798
284 307 -1 -1 25.864608
283 284 307 -1 30.674720
265 284 -1 -1 24.862542
265 283 284 -1 29.991144
204 219 -1 -1 32.078207
219 230 -1 -1 23.351854
204 219 230 -1 34.392529
169 175 -1 -1 25.292572
175 204 -1 -1 40.299924
169 175 204 -1 40.299924
198 204 -1 -1 32.178504
175 198 -1 -1 21.822381
175 198 204 -1 40.383295
153 175 -1 -1 23.852918
153 169 175 -1 29.278360
345 375 -1 -1 31.407264
345 367 375 -1 33.020023
230 246 -1 -1 31.610803
246 256 -1 -1 33.457370
230 246 256 -1 35.959798
246 265 -1 -1 26.495756
246 256 265 -1 33.516159
198 219 -1 -1 26.055595
198 204 219 -1 35.550826
100 111 -1 -1 40.700747
111 123 -1 -1 34.928312
100 111 123 -1 42.079004
111 131 -1 -1 26.306575
111 123 131 -1 35.709166
345 347 -1 -1 30.384692
347 375 -1 -1 32.815346
345 347 375 -1 37.638921
329 347 -1 -1 23.503456
329 345 347 -1 30.763743
82 86 -1 -1 24.672644
86 100 -1 -1 43.516003
82 86 100 -1 43.731775
86 111 -1 -1 33.083569
86 100 111 -1 45.376316
307 312 -1 -1 30.050262
312 329 -1 -1 23.650620
307 312 329 -1 30.795808
284 312 -1 -1 29.590108
284 307 312 -1 33.529214
375 386 -1 -1 19.785514
131 140 -1 -1 22.913082
140 153 -1 -1 29.521365
131 140 153 -1 29.849241
219 246 -1 -1 37.176787
219 230 246 -1 38.464485
246 284 -1 -1 41.010229
246 265 284 -1 41.129896
347 386 -1 -1 35.756706
347 375 386 -1 36.167370
246 281 -1 -1 39.391458
281 284 -1 -1 24.769558
246 281 284 -1 43.096973
153 158 -1 -1 33.539606
158 175 -1 -1 29.753929
153 158 175 -1 34.819943
347 362 -1 -1 21.054393
362 386 -1 -1 21.162801
347 362 386 -1 35.756706
140 158 -1 -1 20.804595
140 153 158 -1 36.639106
219 238 -1 -1 28.700880
238 246 -1 -1 27.973947
219 238 246 -1 38.100610
111 140 -1 -1 33.803753
111 131 140 -1 34.620100
281 312 -1 -1 29.425918
281 284 312 -1 33.631344
312 347 -1 -1 33.968476
312 329 347 -1 34.455760
86 98 -1 -1 21.979120
98 111 -1 -1 28.368724
86 98 111 -1 34.200368
246 266 -1 -1 29.613445
266 281 -1 -1 23.270907
246 266 281 -1 39.391458
158 176 -1 -1 17.949011
175 176 -1 -1 29.711823
158 175 176 -1 31.978116
175 197 -1 -1 30.984777
197 198 -1 -1 24.183062
175 197 198 -1 37.366487
176 197 -1 -1 22.108608
175 176 197 -1 32.274104
219 220 -1 -1 26.164901
198 220 -1 -1 34.250450
198 219 220 -1 35.542166
220 238 -1 -1 19.087407
219 220 238 -1 30.132206
197 220 -1 -1 27.333497
197 198 220 -1 34.437786
312 313 -1 -1 22.418798
313 347 -1 -1 37.288838
312 313 347 -1 39.456512
111 121 -1 -1 28.564823
121 140 -1 -1 32.899637
111 121 140 -1 41.292789
386 387 -1 -1 24.118800
362 387 -1 -1 20.955280
362 386 387 -1 26.125712
98 121 -1 -1 24.087508
98 111 121 -1 31.678571
245 246 -1 -1 33.093977
238 245 -1 -1 19.968959
238 245 246 -1 33.515280
245 266 -1 -1 23.583237
245 246 266 -1 34.599582
197 211 -1 -1 21.314641
211 220 -1 -1 19.334658
197 211 220 -1 30.699395
121 135 -1 -1 20.886236
135 140 -1 -1 27.234712
121 135 140 -1 32.974527
347 351 -1 -1 32.616362
351 362 -1 -1 22.975950
347 351 362 -1 32.616362
281 313 -1 -1 35.957385
281 312 313 -1 37.452811
313 351 -1 -1 32.616891
313 347 351 -1 40.208454
135 158 -1 -1 30.991867
135 140 158 -1 31.469894
176 186 -1 -1 18.608015
186 197 -1 -1 19.893714
176 186 197 -1 25.182693
150 158 -1 -1 28.735117
135 150 -1 -1 17.508301
135 150 158 -1 32.352315
281 290 -1 -1 32.079110
290 313 -1 -1 32.598872
281 290 313 -1 38.993898
186 211 -1 -1 20.519028
186 197 211 -1 24.961655
351 387 -1 -1 30.549333
351 362 387 -1 31.166294
387 392 -1 -1 18.226394
158 167 -1 -1 29.780695
167 176 -1 -1 24.888076
158 167 176 -1 30.546647
266 290 -1 -1 33.772845
266 281 290 -1 35.574243
150 167 -1 -1 19.116917
150 158 167 -1 31.473264
220 224 -1 -1 27.509461
224 238 -1 -1 31.554589
220 224 238 -1 33.433727
98 99 -1 -1 21.585595
99 121 -1 -1 29.228760
98 99 121 -1 30.575303
211 224 -1 -1 23.710535
211 220 224 -1 28.362501
224 245 -1 -1 29.050784
224 238 245 -1 33.331810
313 321 -1 -1 22.479598
321 351 -1 -1 29.419364
313 321 351 -1 35.019974
167 186 -1 -1 23.483363
167 176 186 -1 28.138239
266 270 -1 -1 25.740638
245 270 -1 -1 28.832873
245 266 270 -1 30.794599
270 290 -1 -1 26.258218
266 270 290 -1 35.259060
120 121 -1 -1 23.831791
99 120 -1 -1 25.197034
99 120 121 -1 31.936909
120 135 -1 -1 25.238668
120 121 135 -1 28.377344
186 187 -1 -1 17.376628
187 211 -1 -1 27.871339
186 187 211 -1 27.871339
290 321 -1 -1 32.084590
290 313 321 -1 35.218216
167 187 -1 -1 23.212152
167 186 187 -1 27.252541
245 247 -1 -1 20.215940
247 270 -1 -1 24.027773
245 247 270 -1 29.242280
224 247 -1 -1 27.609590
224 245 247 -1 31.195700
387 388 -1 -1 36.287759
351 388 -1 -1 39.424888
351 387 388 -1 39.900311
388 392 -1 -1 17.584571
387 388 392 -1 36.296287
351 358 -1 -1 24.862250
358 388 -1 -1 24.249964
351 358 388 -1 39.478737
208 211 -1 -1 26.210166
187 208 -1 -1 21.556596
187 208 211 -1 30.194262
208 224 -1 -1 24.558486
208 211 224 -1 29.946727
321 358 -1 -1 33.263491
321 351 358 -1 33.812005
99 103 -1 -1 20.555522
103 120 -1 -1 23.422977
99 103 120 -1 27.204257
135 138 -1 -1 32.379447
138 150 -1 -1 26.204481
135 138 150 -1 32.590938
224 240 -1 -1 23.890784
240 247 -1 -1 16.693258
224 240 247 -1 28.072975
120 138 -1 -1 25.501175
120 135 138 -1 34.364898
150 155 -1 -1 22.372646
155 167 -1 -1 24.694394
150 155 167 -1 27.230307
290 304 -1 -1 27.969355
304 321 -1 -1 27.113522
290 304 321 -1 34.611891
321 333 -1 -1 20.232430
333 358 -1 -1 24.714491
321 333 358 -1 34.476671
138 155 -1 -1 18.901959
138 150 155 -1 26.369285
304 333 -1 -1 26.010205
304 321 333 -1 29.009915
82 -1 -1 -1 0.000000
84 -1 -1 -1 0.000000
86 -1 -1 -1 0.000000
87 -1 -1 -1 0.000000
90 -1 -1 -1 0.000000
91 -1 -1 -1 0.000000
94 -1 -1 -1 0.000000
96 -1 -1 -1 0.000000
97 -1 -1 -1 0.000000
98 -1 -1 -1 0.000000
99 -1 -1 -1 0.000000
100 -1 -1 -1 0.000000
103 -1 -1 -1 0.000000
105 -1 -1 -1 0.000000
106 -1 -1 -1 0.000000
108 -1 -1 -1 0.000000
109 -1 -1 -1 0.000000
110 -1 -1 -1 0.000000
111 -1 -1 -1 0.000000
113 -1 -1 -1 0.000000
115 -1 -1 -1 0.000000
119 -1 -1 -1 0.000000
120 -1 -1 -1 0.000000
121 -1 -1 -1 0.000000
123 -1 -1 -1 0.000000
124 -1 -1 -1 0.000000
125 -1 -1 -1 0.000000
128 -1 -1 -1 0.000000
130 -1 -1 -1 0.000000
131 -1 -1 -1 0.000000
135 -1 -1 -1 0.000000
136 -1 -1 -1 0.000000
137 -1 -1 -1 0.000000
138 -1 -1 -1 0.000000
139 -1 -1 -1 0.000000
140 -1 -1 -1 0.000000
142 -1 -1 -1 0.000000
143 -1 -1 -1 0.000000
144 -1 -1 -1 0.000000
147 -1 -1 -1 0.000000
150 -1 -1 -1 0.000000
153 -1 -1 -1 0.000000
154 -1 -1 -1 0.000000
155 -1 -1 -1 0.000000
156 -1 -1 -1 0.000000
157 -1 -1 -1 0.000000
158 -1 -1 -1 0.000000
162 -1 -1 -1 0.000000
163 -1 -1 -1 0.000000
164 -1 -1 -1 0.000000
165 -1 -1 -1 0.000000
167 -1 -1 -1 0.000000
169 -1 -1 -1 0.000000
174 -1 -1 -1 0.000000
175 -1 -1 -1 0.000000
176 -1 -1 -1 0.000000
177 -1 -1 -1 0.000000
179 -1 -1 -1 0.000000
180 -1 -1 -1 0.000000
183 -1 -1 -1 0.000000
184 -1 -1 -1 0.000000
186 -1 -1 -1 0.000000
187 -1 -1 -1 0.000000
188 -1 -1 -1 0.000000
189 -1 -1 -1 0.000000
190 -1 -1 -1 0.000000
194 -1 -1 -1 0.000000
197 -1 -1 -1 0.000000
198 -1 -1 -1 0.000000
201 -1 -1 -1 0.000000
203 -1 -1 -1 0.000000
204 -1 -1 -1 0.000000
206 -1 -1 -1 0.000000
207 -1 -1 -1 0.000000
208 -1 -1 -1 0.000000
211 -1 -1 -1 0.000000
212 -1 -1 -1 0.000000
215 -1 -1 -1 0.000000
217 -1 -1 -1 0.000000
218 -1 -1 -1 0.000000
219 -1 -1 -1 0.000000
220 -1 -1 -1 0.000000
223 -1 -1 -1 0.000000
224 -1 -1 -1 0.000000
227 -1 -1 -1 0.000000
229 -1 -1 -1 0.000000
230 -1 -1 -1 0.000000
231 -1 -1 -1 0.000000
235 -1 -1 -1 0.000000
236 -1 -1 -1 0.000000
237 -1 -1 -1 0.000000
238 -1 -1 -1 0.000000
240 -1 -1 -1 0.000000
242 -1 -1 -1 0.000000
243 -1 -1 -1 0.000000
245 -1 -1 -1 0.000000
246 -1 -1 -1 0.000000
247 -1 -1 -1 0.000000
248 -1 -1 -1 0.000000
249 -1 -1 -1 0.000000
252 -1 -1 -1 0.000000
254 -1 -1 -1 0.000000
255 -1 -1 -1 0.000000
256 -1 -1 -1 0.000000
257 -1 -1 -1 0.000000
261 -1 -1 -1 0.000000
262 -1 -1 -1 0.000000
265 -1 -1 -1 0.000000
266 -1 -1 -1 0.000000
268 -1 -1 -1 0.000000
270 -1 -1 -1 0.000000
273 -1 -1 -1 0.000000
275 -1 -1 -1 0.000000
277 -1 -1 -1 0.000000
278 -1 -1 -1 0.000000
279 -1 -1 -1 0.000000
280 -1 -1 -1 0.000000
281 -1 -1 -1 0.000000
283 -1 -1 -1 0.000000
284 -1 -1 -1 0.000000
287 -1 -1 -1 0.000000
288 -1 -1 -1 0.000000
289 -1 -1 -1 0.000000
290 -1 -1 -1 0.000000
292 -1 -1 -1 0.000000
294 -1 -1 -1 0.000000
296 -1 -1 -1 0.000000
300 -1 -1 -1 0.000000
303 -1 -1 -1 0.000000
304 -1 -1 -1 0.000000
306 -1 -1 -1 0.000000
307 -1 -1 -1 0.000000
308 -1 -1 -1 0.000000
310 -1 -1 -1 0.000000
311 -1 -1 -1 0.000000
312 -1 -1 -1 0.000000
313 -1 -1 -1 0.000000
315 -1 -1 -1 0.000000
319 -1 -1 -1 0.000000
321 -1 -1 -1 0.000000
323 -1 -1 -1 0.000000
326 -1 -1 -1 0.000000
327 -1 -1 -1 0.000000
329 -1 -1 -1 0.000000
331 -1 -1 -1 0.000000
332 -1 -1 -1 0.000000
333 -1 -1 -1 0.000000
334 -1 -1 -1 0.000000
335 -1 -1 -1 0.000000
336 -1 -1 -1 0.000000
338 -1 -1 -1 0.000000
343 -1 -1 -1 0.000000
345 -1 -1 -1 0.000000
347 -1 -1 -1 0.000000
348 -1 -1 -1 0.000000
351 -1 -1 -1 0.000000
352 -1 -1 -1 0.000000
354 -1 -1 -1 0.000000
356 -1 -1 -1 0.000000
358 -1 -1 -1 0.000000
361 -1 -1 -1 0.000000
362 -1 -1 -1 0.000000
363 -1 -1 -1 0.000000
364 -1 -1 -1 0.000000
367 -1 -1 -1 0.000000
369 -1 -1 -1 0.000000
370 -1 -1 -1 0.000000
373 -1 -1 -1 0.000000
374 -1 -1 -1 0.000000
375 -1 -1 -1 0.000000
380 -1 -1 -1 0.000000
382 -1 -1 -1 0.000000
383 -1 -1 -1 0.000000
384 -1 -1 -1 0.000000
385 -1 -1 -1 0.000000
386 -1 -1 -1 0.000000
387 -1 -1 -1 0.000000
388 -1 -1 -1 0.000000
389 -1 -1 -1 0.000000
391 -1 -1 -1 0.000000
392 -1 -1 -1 0.000000
396 -1 -1 -1 0.000000
398 -1 -1 -1 0.000000
399 -1 -1 -1 0.000000
400 -1 -1 -1 0.000000
401 -1 -1 -1 0.000000
402 -1 -1 -1 0.000000
