255 275 -1 -1 29.068871
275 286 -1 -1 32.285746
308 318 -1 -1 30.377316
184 217 -1 -1 46.626055
217 241 -1 -1 36.583874
124 151 -1 -1 44.089214
241 255 -1 -1 19.642015
255 267 -1 -1 28.193381
267 275 -1 -1 26.353806
255 267 275 -1 33.851339
83 99 -1 -1 27.746657
184 202 -1 -1 30.900901
202 217 -1 -1 28.572392
184 202 217 -1 48.865263
99 124 -1 -1 32.982388
151 184 -1 -1 45.051030
286 308 -1 -1 22.816448
124 144 -1 -1 34.803652
144 151 -1 -1 25.154006
124 144 151 -1 44.223830
176 184 -1 -1 25.700249
151 176 -1 -1 34.456262
151 176 184 -1 46.045215
267 286 -1 -1 33.239315
267 275 286 -1 38.353710
99 122 -1 -1 32.201598
122 124 -1 -1 19.179107
99 122 124 -1 35.561903
217 230 -1 -1 28.428554
230 241 -1 -1 19.397341
217 230 241 -1 43.680751
308 312 -1 -1 22.570013
286 312 -1 -1 35.335861
286 308 312 -1 36.078641
241 267 -1 -1 33.731638
241 255 267 -1 36.053622
312 318 -1 -1 27.618250
308 312 318 -1 33.690851
176 202 -1 -1 39.889199
176 184 202 -1 51.566237
202 230 -1 -1 40.088151
202 217 230 -1 41.757610
122 144 -1 -1 31.084204
122 124 144 -1 38.147662
267 283 -1 -1 26.862046
283 286 -1 -1 23.298383
267 283 286 -1 33.851249
241 253 -1 -1 25.466946
253 267 -1 -1 27.419838
241 253 267 -1 36.972207
71 83 -1 -1 28.115824
202 222 -1 -1 35.857172
222 230 -1 -1 19.890806
202 222 230 -1 45.431513
144 176 -1 -1 44.739729
144 151 176 -1 47.293920
83 88 -1 -1 25.650801
71 88 -1 -1 24.714078
71 83 88 -1 44.823383
120 122 -1 -1 19.292743
99 120 -1 -1 34.909544
99 120 122 -1 34.982842
83 108 -1 -1 49.112464
99 108 -1 -1 27.043704
83 99 108 -1 49.112464
286 300 -1 -1 33.059012
230 253 -1 -1 31.380104
230 241 253 -1 33.355225
300 312 -1 -1 20.911695
286 300 312 -1 45.220697
88 108 -1 -1 24.662528
83 88 108 -1 50.008262
122 139 -1 -1 32.469059
139 144 -1 -1 19.369968
122 139 144 -1 37.226345
176 194 -1 -1 35.355388
194 202 -1 -1 28.374335
176 194 202 -1 46.155033
283 300 -1 -1 28.521361
283 286 300 -1 38.962607
108 120 -1 -1 15.741167
99 108 120 -1 35.516977
144 169 -1 -1 35.196346
169 176 -1 -1 20.298809
144 169 176 -1 45.560447
120 139 -1 -1 40.838226
120 122 139 -1 46.303538
139 169 -1 -1 34.554689
139 144 169 -1 37.643371
267 269 -1 -1 35.123504
253 269 -1 -1 31.108939
253 267 269 -1 38.486511
269 283 -1 -1 27.864942
267 269 283 -1 37.146349
312 319 -1 -1 31.567201
300 319 -1 -1 30.878566
300 312 319 -1 43.044909
194 222 -1 -1 39.015281
194 202 222 -1 42.005643
69 71 -1 -1 24.659996
222 253 -1 -1 38.939798
222 230 253 -1 38.939798
120 127 -1 -1 22.015411
127 139 -1 -1 24.553159
120 127 139 -1 40.838226
169 194 -1 -1 42.740985
169 176 194 -1 49.921517
247 253 -1 -1 23.222475
88 106 -1 -1 39.037150
106 108 -1 -1 24.620535
88 106 108 -1 40.797816
108 127 -1 -1 32.629905
108 120 127 -1 34.402485
222 247 -1 -1 39.312812
222 247 253 -1 41.411866
283 289 -1 -1 24.393306
289 300 -1 -1 24.484563
283 289 300 -1 35.514579
88 91 -1 -1 23.490836
71 91 -1 -1 40.796154
71 88 91 -1 40.796154
269 289 -1 -1 27.275728
269 283 289 -1 32.844206
169 173 -1 -1 16.356237
139 173 -1 -1 44.192627
139 169 173 -1 45.429675
139 147 -1 -1 24.015106
173 194 -1 -1 37.938442
169 173 194 -1 45.585376
194 220 -1 -1 40.928268
220 222 -1 -1 22.747395
194 220 222 -1 49.717630
91 106 -1 -1 25.723225
88 91 106 -1 44.231980
106 127 -1 -1 26.222995
106 108 127 -1 35.078795
247 269 -1 -1 31.484899
247 253 269 -1 42.037805
127 147 -1 -1 34.882469
127 139 147 -1 38.276322
147 173 -1 -1 33.944340
139 147 173 -1 45.134652
289 304 -1 -1 33.285914
300 304 -1 -1 28.492914
289 300 304 -1 40.576148
304 319 -1 -1 30.236224
300 304 319 -1 40.854384
69 91 -1 -1 31.706780
69 71 91 -1 44.072596
194 198 -1 -1 26.523690
173 198 -1 -1 34.525740
173 194 198 -1 38.998806
220 247 -1 -1 39.461101
220 222 247 -1 43.081213
198 220 -1 -1 37.754222
194 198 220 -1 48.922236
168 173 -1 -1 25.446714
127 133 -1 -1 19.937108
147 168 -1 -1 44.461350
147 168 173 -1 46.035444
247 270 -1 -1 39.050514
269 270 -1 -1 26.305329
247 269 270 -1 43.526928
106 133 -1 -1 32.705265
106 127 133 -1 33.581083
133 147 -1 -1 31.928371
127 133 147 -1 36.033514
245 247 -1 -1 24.126822
168 198 -1 -1 35.706927
168 173 198 -1 37.979007
91 107 -1 -1 27.157886
106 107 -1 -1 23.315627
91 106 107 -1 29.585729
220 245 -1 -1 42.471650
220 245 247 -1 47.430895
289 290 -1 -1 25.531722
269 290 -1 -1 43.409850
269 289 290 -1 43.556983
319 324 -1 -1 32.578391
91 92 -1 -1 20.793788
69 92 -1 -1 46.817951
69 91 92 -1 48.431397
290 304 -1 -1 30.740662
289 290 304 -1 34.920513
304 324 -1 -1 31.749572
304 319 324 -1 35.086711
147 150 -1 -1 21.254534
133 150 -1 -1 22.552819
133 147 150 -1 32.747210
198 216 -1 -1 26.218604
216 220 -1 -1 28.098209
198 216 220 -1 40.677744
270 290 -1 -1 28.245435
269 270 290 -1 45.434494
69 80 -1 -1 28.729653
245 270 -1 -1 27.874805
245 247 270 -1 39.595697
92 107 -1 -1 16.965925
91 92 107 -1 29.588684
220 229 -1 -1 25.838436
106 128 -1 -1 36.953666
128 133 -1 -1 18.519634
106 128 133 -1 39.509742
216 229 -1 -1 27.575761
216 220 229 -1 42.953917
229 245 -1 -1 29.819403
220 229 245 -1 43.656918
106 121 -1 -1 30.302899
80 92 -1 -1 18.271947
69 80 92 -1 48.611375
198 205 -1 -1 21.737866
168 205 -1 -1 42.964329
168 198 205 -1 45.655265
205 216 -1 -1 17.738262
198 205 216 -1 30.538469
107 121 -1 -1 19.728208
106 107 121 -1 32.486272
121 128 -1 -1 11.582704
106 121 128 -1 37.650151
150 168 -1 -1 55.390703
147 150 168 -1 55.390703
150 163 -1 -1 31.033277
163 168 -1 -1 26.024203
150 163 168 -1 55.739643
133 140 -1 -1 24.770318
304 306 -1 -1 31.711957
290 306 -1 -1 37.405236
290 304 306 -1 42.654782
140 150 -1 -1 17.262048
133 140 150 -1 29.028860
128 140 -1 -1 26.496041
128 133 140 -1 38.704959
306 324 -1 -1 32.185005
304 306 324 -1 41.583047
92 102 -1 -1 30.732330
102 107 -1 -1 24.591479
92 102 107 -1 31.257878
102 121 -1 -1 20.608429
102 107 121 -1 25.004352
245 252 -1 -1 20.300916
80 85 -1 -1 27.917659
229 252 -1 -1 28.206829
229 245 252 -1 30.864473
211 216 -1 -1 40.430227
211 229 -1 -1 39.211966
211 216 229 -1 44.357160
140 163 -1 -1 31.818961
140 150 163 -1 34.779814
168 187 -1 -1 32.974636
205 211 -1 -1 42.537092
205 211 216 -1 46.082295
187 205 -1 -1 29.112994
168 187 205 -1 57.086105
290 291 -1 -1 28.834971
270 291 -1 -1 42.258203
270 290 291 -1 44.026243
163 187 -1 -1 38.965079
163 168 187 -1 49.009287
245 263 -1 -1 32.086721
263 270 -1 -1 34.375983
245 263 270 -1 51.915727
80 102 -1 -1 42.353407
80 92 102 -1 42.990133
270 280 -1 -1 34.584410
263 280 -1 -1 24.186835
263 270 280 -1 45.637414
85 102 -1 -1 25.554759
80 85 102 -1 42.803394
252 263 -1 -1 24.205394
245 252 263 -1 33.755740
280 291 -1 -1 19.596932
270 280 291 -1 42.385820
291 306 -1 -1 35.825627
290 291 306 -1 42.539153
121 130 -1 -1 29.207363
128 130 -1 -1 23.965135
121 128 130 -1 29.377319
130 140 -1 -1 22.607670
128 130 140 -1 27.604948
187 211 -1 -1 44.054286
187 205 211 -1 61.905052
140 152 -1 -1 27.619924
152 163 -1 -1 25.796389
140 152 163 -1 40.014619
102 130 -1 -1 32.023368
102 121 130 -1 34.381619
211 244 -1 -1 47.005192
229 244 -1 -1 36.348514
211 229 244 -1 54.553719
244 252 -1 -1 18.221649
229 244 252 -1 38.870552
163 177 -1 -1 22.817633
76 85 -1 -1 23.173712
152 177 -1 -1 28.222554
152 163 177 -1 34.597047
177 187 -1 -1 23.892167
163 177 187 -1 41.009530
130 152 -1 -1 36.076855
130 140 152 -1 38.795040
244 263 -1 -1 27.567888
244 252 263 -1 30.294035
102 117 -1 -1 31.041232
117 130 -1 -1 21.776253
102 117 130 -1 42.708231
85 117 -1 -1 55.310784
85 102 117 -1 55.557497
306 309 -1 -1 34.292358
291 309 -1 -1 50.237064
291 306 309 -1 52.404092
187 200 -1 -1 25.797495
177 179 -1 -1 18.264543
179 187 -1 -1 28.018621
177 179 187 -1 34.747994
179 200 -1 -1 27.467185
179 187 200 -1 36.672845
130 143 -1 -1 25.279762
143 152 -1 -1 25.797855
130 143 152 -1 37.291177
76 96 -1 -1 33.620180
85 96 -1 -1 25.894693
76 85 96 -1 34.626148
152 179 -1 -1 38.276019
152 177 179 -1 38.673879
200 211 -1 -1 39.998636
187 200 211 -1 49.457419
263 268 -1 -1 27.934138
244 268 -1 -1 38.575746
244 263 268 -1 38.575746
75 76 -1 -1 19.965060
268 280 -1 -1 27.327357
263 268 280 -1 35.467113
117 143 -1 -1 31.248036
117 130 143 -1 31.674790
96 117 -1 -1 35.761795
85 96 117 -1 57.491850
211 233 -1 -1 42.845717
233 244 -1 -1 25.602625
211 233 244 -1 53.941304
152 161 -1 -1 23.345575
280 288 -1 -1 35.393501
288 291 -1 -1 33.231366
280 288 291 -1 36.531098
161 179 -1 -1 27.758733
152 161 179 -1 41.884003
244 246 -1 -1 21.807122
246 268 -1 -1 26.132387
244 246 268 -1 39.026908
143 161 -1 -1 34.136533
143 152 161 -1 38.365953
75 96 -1 -1 29.961995
75 76 96 -1 34.997139
96 115 -1 -1 32.620815
115 117 -1 -1 16.683508
96 115 117 -1 41.346865
233 246 -1 -1 33.318456
233 244 246 -1 37.583349
288 309 -1 -1 35.067174
288 291 309 -1 51.764081
200 213 -1 -1 34.614975
211 213 -1 -1 40.808740
200 211 213 -1 44.644040
268 288 -1 -1 37.145168
268 280 288 -1 44.890156
179 195 -1 -1 28.881355
195 200 -1 -1 19.228023
179 195 200 -1 34.713005
117 141 -1 -1 41.678818
141 143 -1 -1 20.709319
117 141 143 -1 41.678818
213 233 -1 -1 25.923953
211 213 233 -1 46.883485
96 97 -1 -1 26.044586
75 97 -1 -1 40.194887
75 96 97 -1 43.450516
141 161 -1 -1 25.376017
141 143 161 -1 34.238341
161 182 -1 -1 31.033330
179 182 -1 -1 20.943943
161 179 182 -1 36.166654
182 195 -1 -1 22.324260
179 182 195 -1 37.043982
195 213 -1 -1 30.278077
195 200 213 -1 46.318807
97 115 -1 -1 27.340236
96 97 115 -1 33.338570
115 141 -1 -1 37.179247
115 117 141 -1 49.447635
233 238 -1 -1 29.111031
238 246 -1 -1 19.084871
233 238 246 -1 37.523278
268 271 -1 -1 22.718268
271 288 -1 -1 31.716375
268 271 288 -1 38.002001
246 271 -1 -1 34.773681
246 268 271 -1 36.162419
309 311 -1 -1 28.161539
288 311 -1 -1 38.989563
288 309 311 -1 49.856620
75 79 -1 -1 26.370769
161 171 -1 -1 35.026472
171 182 -1 -1 19.671442
161 171 182 -1 35.026472
213 238 -1 -1 41.800065
213 233 238 -1 46.552670
141 171 -1 -1 47.479522
141 161 171 -1 47.951144
79 97 -1 -1 29.480463
75 79 97 -1 45.505293
115 131 -1 -1 29.843923
131 141 -1 -1 20.182297
115 131 141 -1 41.770666
195 199 -1 -1 16.841935
182 199 -1 -1 24.786202
182 195 199 -1 25.187517
288 296 -1 -1 24.324267
271 296 -1 -1 38.029760
271 288 296 -1 39.582278
238 271 -1 -1 42.904477
238 246 271 -1 42.939532
195 212 -1 -1 25.542979
212 213 -1 -1 22.604106
195 212 213 -1 37.803701
97 131 -1 -1 46.637605
97 115 131 -1 46.637605
296 311 -1 -1 29.486594
288 296 311 -1 44.099762
171 199 -1 -1 30.016511
171 182 199 -1 30.397338
213 224 -1 -1 29.669236
224 238 -1 -1 25.276903
213 224 238 -1 42.740341
238 254 -1 -1 24.003187
254 271 -1 -1 29.676218
238 254 271 -1 43.026506
199 212 -1 -1 21.056592
195 199 212 -1 25.928801
212 224 -1 -1 36.230139
212 213 224 -1 36.704258
271 278 -1 -1 22.357430
278 296 -1 -1 28.634744
271 278 296 -1 40.544598
97 114 -1 -1 32.213269
114 131 -1 -1 21.992118
97 114 131 -1 48.938617
141 160 -1 -1 33.389347
160 171 -1 -1 23.780398
141 160 171 -1 52.073105
254 278 -1 -1 33.716569
254 271 278 -1 38.877649
131 160 -1 -1 39.463202
131 141 160 -1 39.954266
199 208 -1 -1 31.010086
208 212 -1 -1 15.621583
199 208 212 -1 31.144366
224 254 -1 -1 38.477636
224 238 254 -1 40.468746
77 79 -1 -1 20.340491
171 208 -1 -1 54.057163
171 199 208 -1 54.057163
131 145 -1 -1 26.469821
145 160 -1 -1 21.009143
131 145 160 -1 40.874464
97 100 -1 -1 34.416607
79 100 -1 -1 41.944557
79 97 100 -1 53.955870
100 114 -1 -1 23.833794
97 100 114 -1 44.281455
171 186 -1 -1 21.123888
208 224 -1 -1 31.080965
208 212 224 -1 42.314885
296 314 -1 -1 53.588917
311 314 -1 -1 30.705779
296 311 314 -1 54.147847
114 145 -1 -1 38.216011
114 131 145 -1 39.118941
160 186 -1 -1 34.568406
160 171 186 -1 34.568406
296 299 -1 -1 25.542160
278 299 -1 -1 37.388915
278 296 299 -1 46.276358
77 100 -1 -1 39.002796
77 79 100 -1 50.045002
224 239 -1 -1 21.169653
299 314 -1 -1 34.943533
296 299 314 -1 58.091386
239 254 -1 -1 39.696562
224 239 254 -1 43.777479
242 254 -1 -1 25.411730
171 206 -1 -1 59.939364
206 208 -1 -1 15.731237
171 206 208 -1 61.792362
186 206 -1 -1 25.118286
171 186 206 -1 59.939364
239 242 -1 -1 39.252465
239 242 254 -1 42.331231
219 224 -1 -1 28.480861
114 137 -1 -1 34.832803
137 145 -1 -1 20.065820
114 137 145 -1 39.708539
208 219 -1 -1 27.967896
208 219 224 -1 47.795134
219 239 -1 -1 30.236633
219 224 239 -1 33.695449
242 278 -1 -1 38.056555
242 254 278 -1 39.980281
160 172 -1 -1 20.694595
145 172 -1 -1 30.854158
145 160 172 -1 32.478853
172 186 -1 -1 24.242621
160 172 186 -1 41.931779
278 284 -1 -1 20.312458
284 299 -1 -1 28.294525
278 284 299 -1 46.385314
242 284 -1 -1 52.082713
242 278 284 -1 53.664010
206 219 -1 -1 41.665827
206 208 219 -1 43.892883
100 137 -1 -1 46.999225
100 114 137 -1 47.363665
219 242 -1 -1 50.153951
219 239 242 -1 60.579345
186 188 -1 -1 28.069110
188 206 -1 -1 20.792983
186 188 206 -1 28.069110
172 188 -1 -1 39.999634
172 186 188 -1 40.631635
77 87 -1 -1 37.847516
87 100 -1 -1 29.455414
77 87 100 -1 46.881242
145 167 -1 -1 41.476304
167 172 -1 -1 18.692062
145 167 172 -1 41.574620
188 219 -1 -1 44.809335
188 206 219 -1 48.420704
137 167 -1 -1 40.344154
137 145 167 -1 44.660705
242 264 -1 -1 31.167102
264 284 -1 -1 29.410603
242 264 284 -1 53.692379
297 299 -1 -1 24.998228
100 118 -1 -1 35.179714
118 137 -1 -1 24.310681
100 118 137 -1 52.301873
314 320 -1 -1 26.424972
284 297 -1 -1 34.305316
284 297 299 -1 34.921409
240 242 -1 -1 25.342200
219 240 -1 -1 36.394834
219 240 242 -1 50.632925
299 320 -1 -1 45.600456
299 314 320 -1 46.279541
218 219 -1 -1 20.036462
188 218 -1 -1 39.876238
188 218 219 -1 46.928125
167 188 -1 -1 35.347564
167 172 188 -1 48.281508
264 297 -1 -1 43.414186
264 284 297 -1 53.022292
297 320 -1 -1 40.856018
297 299 320 -1 48.981526
87 118 -1 -1 42.688913
87 100 118 -1 53.757516
240 264 -1 -1 42.867447
240 242 264 -1 50.661051
66 87 -1 -1 39.180663
218 240 -1 -1 37.507209
218 219 240 -1 38.015079
137 153 -1 -1 32.263973
118 153 -1 -1 39.614362
118 137 153 -1 42.548310
137 159 -1 -1 38.041328
159 167 -1 -1 17.476590
137 159 167 -1 49.663766
153 159 -1 -1 14.847057
137 153 159 -1 45.169148
188 191 -1 -1 23.021745
167 191 -1 -1 43.725409
167 188 191 -1 44.602546
191 218 -1 -1 35.675837
188 191 218 -1 49.223710
240 251 -1 -1 19.996550
264 272 -1 -1 17.266296
264 294 -1 -1 47.131772
294 297 -1 -1 21.389071
264 294 297 -1 47.131772
118 123 -1 -1 28.156424
87 123 -1 -1 58.481941
87 118 123 -1 62.046915
218 225 -1 -1 20.045413
251 264 -1 -1 42.127744
240 251 264 -1 45.086518
225 240 -1 -1 30.921162
218 225 240 -1 54.725346
225 251 -1 -1 31.323446
225 240 251 -1 34.956660
167 178 -1 -1 33.175197
178 191 -1 -1 26.781325
167 178 191 -1 47.434668
251 272 -1 -1 31.398657
251 264 272 -1 42.127744
297 322 -1 -1 48.407965
320 322 -1 -1 26.338495
297 320 322 -1 53.753442
272 294 -1 -1 49.459440
264 272 294 -1 52.137181
159 178 -1 -1 30.220242
159 167 178 -1 33.175197
87 93 -1 -1 31.546129
66 93 -1 -1 55.032342
66 87 93 -1 55.855180
123 153 -1 -1 35.155647
118 123 153 -1 53.510433
191 225 -1 -1 52.573420
191 218 225 -1 52.573420
191 218 225 -1 52.573420
66 78 -1 -1 38.197392
214 225 -1 -1 24.833404
191 214 -1 -1 33.297942
191 214 225 -1 52.709278
191 214 225 -1 52.709278
78 93 -1 -1 29.549735
66 78 93 -1 55.202969
294 322 -1 -1 42.701770
294 297 322 -1 49.682216
93 123 -1 -1 41.749060
87 93 123 -1 58.481941
225 236 -1 -1 19.948151
272 279 -1 -1 22.243652
279 294 -1 -1 27.561502
272 279 294 -1 49.597067
153 158 -1 -1 29.785958
158 159 -1 -1 31.318052
153 158 159 -1 38.915567
178 197 -1 -1 26.519516
191 197 -1 -1 23.154390
178 191 197 -1 34.877265
236 251 -1 -1 25.792913
225 236 251 -1 35.562353
251 256 -1 -1 25.659249
256 272 -1 -1 32.447531
251 256 272 -1 34.198095
158 178 -1 -1 29.104849
158 159 178 -1 34.160402
316 322 -1 -1 20.723227
294 316 -1 -1 34.661521
294 316 322 -1 53.729508
197 214 -1 -1 28.430953
191 197 214 -1 38.365069
256 279 -1 -1 37.111827
256 272 279 -1 42.390747
123 158 -1 -1 43.148720
123 153 158 -1 53.588512
214 236 -1 -1 31.126776
214 225 236 -1 33.721920
236 256 -1 -1 32.959089
236 251 256 -1 38.409086
93 105 -1 -1 25.040794
105 123 -1 -1 34.481445
93 105 123 -1 45.150724
178 185 -1 -1 25.773342
294 301 -1 -1 29.534232
279 301 -1 -1 45.976999
279 294 301 -1 46.809709
185 197 -1 -1 18.505278
178 185 197 -1 30.973519
256 273 -1 -1 32.510627
273 279 -1 -1 20.804428
256 273 279 -1 38.084805
301 316 -1 -1 22.700854
294 301 316 -1 38.857193
158 185 -1 -1 38.810257
158 178 185 -1 41.868224
78 105 -1 -1 48.221830
78 93 105 -1 50.140326
123 126 -1 -1 32.672615
197 210 -1 -1 29.688204
210 214 -1 -1 21.943540
197 210 214 -1 31.007199
105 126 -1 -1 30.000190
105 123 126 -1 41.829325
214 234 -1 -1 40.917065
234 236 -1 -1 20.438089
214 234 236 -1 40.917065
273 301 -1 -1 47.667570
273 279 301 -1 49.326855
78 82 -1 -1 24.972518
185 210 -1 -1 34.167517
185 197 210 -1 37.214857
210 234 -1 -1 38.684197
210 214 234 -1 45.280606
234 256 -1 -1 31.638519
234 236 256 -1 37.358063
123 155 -1 -1 45.965528
155 158 -1 -1 34.093360
123 155 158 -1 50.106351
126 155 -1 -1 29.204774
123 126 155 -1 46.260849
158 166 -1 -1 25.523119
166 185 -1 -1 25.485904
158 166 185 -1 41.366449
273 287 -1 -1 31.095596
287 301 -1 -1 34.791606
273 287 301 -1 48.427053
82 105 -1 -1 43.339884
78 82 105 -1 51.665098
155 166 -1 -1 49.665708
155 158 166 -1 51.912740
103 105 -1 -1 33.586232
82 103 -1 -1 45.916624
82 103 105 -1 56.676451
155 157 -1 -1 30.231960
157 166 -1 -1 20.222547
155 157 166 -1 49.665708
185 189 -1 -1 25.180034
256 261 -1 -1 41.732961
261 273 -1 -1 26.562647
256 261 273 -1 50.317318
103 126 -1 -1 32.657840
103 105 126 -1 44.173759
189 210 -1 -1 32.261060
185 189 210 -1 40.381804
210 221 -1 -1 25.660851
221 234 -1 -1 26.723315
210 221 234 -1 40.572249
234 261 -1 -1 51.187313
234 256 261 -1 51.782171
166 189 -1 -1 32.331511
166 185 189 -1 46.539205
301 313 -1 -1 31.252179
287 313 -1 -1 37.432884
287 301 313 -1 46.020173
234 243 -1 -1 27.589719
243 261 -1 -1 30.395619
234 243 261 -1 52.794255
126 157 -1 -1 38.949104
126 155 157 -1 38.949104
261 287 -1 -1 38.460596
261 273 287 -1 49.898717
189 221 -1 -1 44.906739
189 210 221 -1 45.327800
82 84 -1 -1 30.836313
221 243 -1 -1 37.094205
221 234 243 -1 39.017556
157 189 -1 -1 46.907411
157 166 189 -1 46.971261
126 142 -1 -1 33.745117
142 157 -1 -1 29.219827
126 142 157 -1 41.678365
189 207 -1 -1 34.892860
207 221 -1 -1 28.628218
189 207 221 -1 47.225223
103 142 -1 -1 46.999875
103 126 142 -1 50.912675
84 103 -1 -1 36.982350
82 84 103 -1 47.649104
157 170 -1 -1 30.366069
170 189 -1 -1 36.747705
157 170 189 -1 47.668978
189 196 -1 -1 20.608246
196 207 -1 -1 28.656518
189 196 207 -1 36.949176
221 226 -1 -1 35.967389
226 243 -1 -1 37.462146
221 226 243 -1 40.373258
142 170 -1 -1 38.081818
142 157 170 -1 42.618210
207 226 -1 -1 32.419676
207 221 226 -1 50.210159
287 298 -1 -1 28.297695
298 313 -1 -1 31.350782
287 298 313 -1 41.924391
243 258 -1 -1 27.890161
258 261 -1 -1 30.684004
243 258 261 -1 41.035970
170 196 -1 -1 36.438630
170 189 196 -1 38.563653
261 298 -1 -1 51.926424
261 287 298 -1 51.926424
226 258 -1 -1 39.681519
226 243 258 -1 48.098258
261 277 -1 -1 37.832546
277 298 -1 -1 33.967223
261 277 298 -1 53.316008
84 112 -1 -1 57.163354
103 112 -1 -1 37.002887
84 103 112 -1 60.902692
313 317 -1 -1 32.343945
258 277 -1 -1 38.207176
258 261 277 -1 48.624797
112 142 -1 -1 35.423859
103 112 142 -1 62.634093
298 317 -1 -1 33.028805
298 313 317 -1 43.814410
72 84 -1 -1 35.537767
170 190 -1 -1 51.483330
190 196 -1 -1 32.282123
170 190 196 -1 51.483330
190 207 -1 -1 32.141085
190 196 207 -1 51.202784
142 149 -1 -1 44.518950
112 149 -1 -1 60.012960
112 142 149 -1 62.681486
149 170 -1 -1 33.476081
142 149 170 -1 51.291050
84 94 -1 -1 41.631574
72 94 -1 -1 39.327995
72 84 94 -1 51.966474
226 235 -1 -1 29.632468
235 258 -1 -1 35.385959
226 235 258 -1 44.783787
94 112 -1 -1 34.092776
84 94 112 -1 59.802293
293 298 -1 -1 31.756518
293 317 -1 -1 35.602053
293 298 317 -1 39.920219
190 226 -1 -1 51.766252
190 207 226 -1 52.033362
149 190 -1 -1 50.479130
149 170 190 -1 62.957689
277 293 -1 -1 39.613385
277 293 298 -1 52.602806
258 265 -1 -1 33.482076
265 277 -1 -1 31.937237
258 265 277 -1 47.846853
235 265 -1 -1 36.732027
235 258 265 -1 43.740196
190 226 -1 -1 69.482850
226 235 -1 -1 57.200574
190 201 -1 -1 33.057194
190 201 -1 -1 69.577449
201 235 -1 -1 44.795773
201 235 -1 -1 57.067149
112 132 -1 -1 45.897594
265 293 -1 -1 57.313900
265 277 293 -1 60.497113
132 149 -1 -1 33.976821
112 132 149 -1 66.798404
94 132 -1 -1 64.452649
94 112 132 -1 65.647955
149 201 -1 -1 75.885485
149 190 201 -1 76.251531
66 -1 -1 -1 0.000000
69 -1 -1 -1 0.000000
71 -1 -1 -1 0.000000
72 -1 -1 -1 0.000000
75 -1 -1 -1 0.000000
76 -1 -1 -1 0.000000
77 -1 -1 -1 0.000000
78 -1 -1 -1 0.000000
79 -1 -1 -1 0.000000
80 -1 -1 -1 0.000000
82 -1 -1 -1 0.000000
83 -1 -1 -1 0.000000
84 -1 -1 -1 0.000000
85 -1 -1 -1 0.000000
87 -1 -1 -1 0.000000
88 -1 -1 -1 0.000000
91 -1 -1 -1 0.000000
92 -1 -1 -1 0.000000
93 -1 -1 -1 0.000000
94 -1 -1 -1 0.000000
96 -1 -1 -1 0.000000
97 -1 -1 -1 0.000000
99 -1 -1 -1 0.000000
100 -1 -1 -1 0.000000
102 -1 -1 -1 0.000000
103 -1 -1 -1 0.000000
105 -1 -1 -1 0.000000
106 -1 -1 -1 0.000000
107 -1 -1 -1 0.000000
108 -1 -1 -1 0.000000
112 -1 -1 -1 0.000000
114 -1 -1 -1 0.000000
115 -1 -1 -1 0.000000
117 -1 -1 -1 0.000000
118 -1 -1 -1 0.000000
120 -1 -1 -1 0.000000
121 -1 -1 -1 0.000000
122 -1 -1 -1 0.000000
123 -1 -1 -1 0.000000
124 -1 -1 -1 0.000000
126 -1 -1 -1 0.000000
127 -1 -1 -1 0.000000
128 -1 -1 -1 0.000000
130 -1 -1 -1 0.000000
131 -1 -1 -1 0.000000
132 -1 -1 -1 0.000000
133 -1 -1 -1 0.000000
137 -1 -1 -1 0.000000
139 -1 -1 -1 0.000000
140 -1 -1 -1 0.000000
141 -1 -1 -1 0.000000
142 -1 -1 -1 0.000000
143 -1 -1 -1 0.000000
144 -1 -1 -1 0.000000
145 -1 -1 -1 0.000000
147 -1 -1 -1 0.000000
149 -1 -1 -1 0.000000
150 -1 -1 -1 0.000000
151 -1 -1 -1 0.000000
152 -1 -1 -1 0.000000
153 -1 -1 -1 0.000000
155 -1 -1 -1 0.000000
157 -1 -1 -1 0.000000
158 -1 -1 -1 0.000000
159 -1 -1 -1 0.000000
160 -1 -1 -1 0.000000
161 -1 -1 -1 0.000000
163 -1 -1 -1 0.000000
166 -1 -1 -1 0.000000
167 -1 -1 -1 0.000000
168 -1 -1 -1 0.000000
169 -1 -1 -1 0.000000
170 -1 -1 -1 0.000000
171 -1 -1 -1 0.000000
172 -1 -1 -1 0.000000
173 -1 -1 -1 0.000000
176 -1 -1 -1 0.000000
177 -1 -1 -1 0.000000
178 -1 -1 -1 0.000000
179 -1 -1 -1 0.000000
182 -1 -1 -1 0.000000
184 -1 -1 -1 0.000000
185 -1 -1 -1 0.000000
186 -1 -1 -1 0.000000
187 -1 -1 -1 0.000000
188 -1 -1 -1 0.000000
189 -1 -1 -1 0.000000
190 -1 -1 -1 0.000000
191 -1 -1 -1 0.000000
194 -1 -1 -1 0.000000
195 -1 -1 -1 0.000000
196 -1 -1 -1 0.000000
197 -1 -1 -1 0.000000
198 -1 -1 -1 0.000000
199 -1 -1 -1 0.000000
200 -1 -1 -1 0.000000
201 -1 -1 -1 0.000000
202 -1 -1 -1 0.000000
205 -1 -1 -1 0.000000
206 -1 -1 -1 0.000000
207 -1 -1 -1 0.000000
208 -1 -1 -1 0.000000
210 -1 -1 -1 0.000000
211 -1 -1 -1 0.000000
212 -1 -1 -1 0.000000
213 -1 -1 -1 0.000000
214 -1 -1 -1 0.000000
216 -1 -1 -1 0.000000
217 -1 -1 -1 0.000000
218 -1 -1 -1 0.000000
219 -1 -1 -1 0.000000
220 -1 -1 -1 0.000000
221 -1 -1 -1 0.000000
222 -1 -1 -1 0.000000
224 -1 -1 -1 0.000000
225 -1 -1 -1 0.000000
226 -1 -1 -1 0.000000
229 -1 -1 -1 0.000000
230 -1 -1 -1 0.000000
233 -1 -1 -1 0.000000
234 -1 -1 -1 0.000000
235 -1 -1 -1 0.000000
236 -1 -1 -1 0.000000
238 -1 -1 -1 0.000000
239 -1 -1 -1 0.000000
240 -1 -1 -1 0.000000
241 -1 -1 -1 0.000000
242 -1 -1 -1 0.000000
243 -1 -1 -1 0.000000
244 -1 -1 -1 0.000000
245 -1 -1 -1 0.000000
246 -1 -1 -1 0.000000
247 -1 -1 -1 0.000000
251 -1 -1 -1 0.000000
252 -1 -1 -1 0.000000
253 -1 -1 -1 0.000000
254 -1 -1 -1 0.000000
255 -1 -1 -1 0.000000
256 -1 -1 -1 0.000000
258 -1 -1 -1 0.000000
261 -1 -1 -1 0.000000
263 -1 -1 -1 0.000000
264 -1 -1 -1 0.000000
265 -1 -1 -1 0.000000
267 -1 -1 -1 0.000000
268 -1 -1 -1 0.000000
269 -1 -1 -1 0.000000
270 -1 -1 -1 0.000000
271 -1 -1 -1 0.000000
272 -1 -1 -1 0.000000
273 -1 -1 -1 0.000000
275 -1 -1 -1 0.000000
277 -1 -1 -1 0.000000
278 -1 -1 -1 0.000000
279 -1 -1 -1 0.000000
280 -1 -1 -1 0.000000
283 -1 -1 -1 0.000000
284 -1 -1 -1 0.000000
286 -1 -1 -1 0.000000
287 -1 -1 -1 0.000000
288 -1 -1 -1 0.000000
289 -1 -1 -1 0.000000
290 -1 -1 -1 0.000000
291 -1 -1 -1 0.000000
293 -1 -1 -1 0.000000
294 -1 -1 -1 0.000000
296 -1 -1 -1 0.000000
297 -1 -1 -1 0.000000
298 -1 -1 -1 0.000000
299 -1 -1 -1 0.000000
300 -1 -1 -1 0.000000
301 -1 -1 -1 0.000000
304 -1 -1 -1 0.000000
306 -1 -1 -1 0.000000
308 -1 -1 -1 0.000000
309 -1 -1 -1 0.000000
311 -1 -1 -1 0.000000
312 -1 -1 -1 0.000000
313 -1 -1 -1 0.000000
314 -1 -1 -1 0.000000
316 -1 -1 -1 0.000000
317 -1 -1 -1 0.000000
318 -1 -1 -1 0.000000
319 -1 -1 -1 0.000000
320 -1 -1 -1 0.000000
322 -1 -1 -1 0.000000
324 -1 -1 -1 0.000000
