729 757 -1 -1 20.968220
518 540 -1 -1 13.057283
619 647 -1 -1 17.804496
792 806 -1 -1 16.419611
540 579 -1 -1 18.907546
757 792 -1 -1 29.938889
685 729 -1 -1 28.550030
647 685 -1 -1 25.445119
447 484 -1 -1 20.739888
484 518 -1 -1 15.649719
579 619 -1 -1 25.046237
685 721 -1 -1 17.895046
721 729 -1 -1 13.668089
685 721 729 -1 28.550030
540 564 -1 -1 17.657650
564 579 -1 -1 10.657530
540 564 579 -1 20.017815
419 447 -1 -1 16.690980
757 770 -1 -1 24.286979
770 792 -1 -1 18.613992
757 770 792 -1 32.849195
447 462 -1 -1 15.565857
462 484 -1 -1 13.528583
447 462 484 -1 22.256302
579 605 -1 -1 16.189393
605 619 -1 -1 14.693083
579 605 619 -1 25.172358
619 658 -1 -1 24.377747
647 658 -1 -1 14.827060
619 647 658 -1 30.071732
540 552 -1 -1 18.953350
518 552 -1 -1 18.951399
518 540 552 -1 21.560207
518 540 552 -1 21.560207
552 564 -1 -1 11.320286
540 552 564 -1 26.347367
540 552 564 -1 26.347367
658 685 -1 -1 19.969520
647 658 685 -1 27.661438
729 770 -1 -1 37.975102
729 757 770 -1 39.422354
419 462 -1 -1 19.243033
419 447 462 -1 24.081891
729 741 -1 -1 17.969354
741 770 -1 -1 22.738739
729 741 770 -1 37.975102
564 605 -1 -1 19.315981
564 579 605 -1 20.785989
484 524 -1 -1 20.121740
518 524 -1 -1 14.842601
484 518 524 -1 23.665897
721 741 -1 -1 27.388645
721 729 741 -1 27.926053
524 552 -1 -1 11.562564
518 524 552 -1 19.105633
484 505 -1 -1 13.073397
619 625 -1 -1 18.566213
625 658 -1 -1 19.188279
619 625 658 -1 25.971736
505 524 -1 -1 11.814834
484 505 524 -1 20.758931
719 721 -1 -1 10.743327
685 719 -1 -1 22.579296
685 719 721 -1 22.579296
792 804 -1 -1 23.915803
462 505 -1 -1 17.954026
462 484 505 -1 17.954026
605 625 -1 -1 17.227177
605 619 625 -1 23.475744
658 669 -1 -1 14.885149
669 685 -1 -1 21.849651
658 669 685 -1 25.756811
564 599 -1 -1 19.857006
599 605 -1 -1 10.721662
564 599 605 -1 21.641374
419 451 -1 -1 17.264949
451 462 -1 -1 11.397378
419 451 462 -1 22.681368
669 719 -1 -1 28.776659
669 685 719 -1 30.195329
719 741 -1 -1 25.741284
719 721 741 -1 30.412205
770 804 -1 -1 32.576133
770 792 804 -1 35.923315
552 558 -1 -1 18.167058
558 564 -1 -1 17.928109
552 558 564 -1 20.037096
625 669 -1 -1 34.314521
625 658 669 -1 34.803983
558 599 -1 -1 16.461321
558 564 599 -1 20.399245
462 494 -1 -1 19.524567
494 505 -1 -1 10.132394
462 494 505 -1 22.250358
599 625 -1 -1 19.814508
599 605 625 -1 26.263617
524 558 -1 -1 30.762146
524 552 558 -1 31.525361
735 741 -1 -1 12.859086
719 735 -1 -1 28.946451
719 735 741 -1 29.573831
625 635 -1 -1 13.064282
635 669 -1 -1 21.642475
625 635 669 -1 34.581755
451 494 -1 -1 20.697499
451 462 494 -1 23.707919
669 708 -1 -1 21.810198
708 719 -1 -1 12.127343
669 708 719 -1 30.540500
494 524 -1 -1 18.895896
494 505 524 -1 18.895896
524 535 -1 -1 14.667069
494 535 -1 -1 18.315427
494 524 535 -1 22.243000
535 558 -1 -1 20.576271
524 535 558 -1 30.762146
615 625 -1 -1 19.364067
599 615 -1 -1 13.854792
615 635 -1 -1 16.989541
599 635 -1 -1 31.557936
599 615 625 -1 21.831501
615 625 635 -1 31.557936
599 615 635 -1 31.557936
599 625 635 -1 31.557936
599 615 625 635 31.557936
708 735 -1 -1 27.782292
708 719 735 -1 34.533089
735 770 -1 -1 35.345824
735 741 770 -1 35.782497
439 451 -1 -1 11.733011
770 777 -1 -1 21.934505
777 804 -1 -1 28.257366
770 777 804 -1 35.237639
735 777 -1 -1 32.483331
735 770 777 -1 38.664305
451 469 -1 -1 14.648455
469 494 -1 -1 14.283819
451 469 494 -1 20.935715
558 615 -1 -1 25.890545
558 599 615 -1 25.890545
635 665 -1 -1 20.342534
665 669 -1 -1 14.115616
635 665 669 -1 24.955993
439 469 -1 -1 18.155358
439 451 469 -1 21.379306
665 708 -1 -1 24.169295
665 669 708 -1 24.684500
558 571 -1 -1 13.794321
535 571 -1 -1 21.785864
535 558 571 -1 24.349436
558 613 -1 -1 28.173396
613 615 -1 -1 8.495559
558 613 615 -1 28.849444
804 807 -1 -1 20.878732
494 510 -1 -1 14.483099
510 535 -1 -1 15.889610
494 510 535 -1 22.703979
665 698 -1 -1 24.107989
698 708 -1 -1 15.040192
665 698 708 -1 33.183475
777 807 -1 -1 27.927171
777 804 807 -1 31.258709
469 510 -1 -1 18.737121
469 494 510 -1 20.849081
615 638 -1 -1 19.271098
635 638 -1 -1 15.578612
615 635 638 -1 25.349007
698 735 -1 -1 26.704462
698 708 735 -1 29.575514
735 745 -1 -1 15.448912
535 544 -1 -1 14.108599
544 571 -1 -1 14.296059
535 544 571 -1 21.871017
638 665 -1 -1 21.573369
635 638 665 -1 32.081962
745 777 -1 -1 29.005682
735 745 777 -1 33.871823
439 443 -1 -1 10.353691
443 469 -1 -1 17.476142
439 443 469 -1 19.028785
613 638 -1 -1 21.557071
613 615 638 -1 22.548532
558 606 -1 -1 28.327206
606 613 -1 -1 7.867961
558 606 613 -1 30.850126
698 745 -1 -1 25.863325
698 735 745 -1 31.393995
510 544 -1 -1 18.660126
510 535 544 -1 22.120198
571 606 -1 -1 18.910720
558 571 606 -1 28.327206
443 472 -1 -1 18.150324
469 472 -1 -1 12.707389
443 469 472 -1 21.434418
472 510 -1 -1 17.680801
469 472 510 -1 21.101569
472 508 -1 -1 16.835506
508 510 -1 -1 12.010334
472 508 510 -1 23.775044
606 638 -1 -1 21.520566
606 613 638 -1 25.149918
665 671 -1 -1 15.915275
671 698 -1 -1 24.822255
665 671 698 -1 33.219357
638 671 -1 -1 21.361029
638 665 671 -1 26.946817
745 758 -1 -1 16.980290
758 777 -1 -1 25.388177
745 758 777 -1 29.751871
436 443 -1 -1 9.366080
777 793 -1 -1 21.313581
793 807 -1 -1 21.392448
777 793 807 -1 30.314562
436 472 -1 -1 15.772544
436 443 472 -1 18.150324
508 544 -1 -1 18.945514
508 510 544 -1 20.478969
571 601 -1 -1 18.990174
601 606 -1 -1 9.103520
571 601 606 -1 21.120173
544 545 -1 -1 9.586803
508 545 -1 -1 17.010921
508 544 545 -1 19.330136
544 573 -1 -1 17.393135
571 573 -1 -1 14.397980
544 571 573 -1 23.683024
573 601 -1 -1 13.388227
571 573 601 -1 19.218256
606 629 -1 -1 21.461436
629 638 -1 -1 14.866150
606 629 638 -1 23.238471
545 573 -1 -1 16.089576
544 545 573 -1 19.407502
698 701 -1 -1 19.826449
671 701 -1 -1 34.404557
671 698 701 -1 35.650585
701 745 -1 -1 27.913365
698 701 745 -1 31.450347
758 793 -1 -1 24.091757
758 777 793 -1 27.949343
436 471 -1 -1 14.713198
471 472 -1 -1 10.722989
436 471 472 -1 18.214190
629 671 -1 -1 24.696286
629 638 671 -1 25.474158
601 629 -1 -1 26.824988
601 606 629 -1 27.520588
807 812 -1 -1 23.387666
471 501 -1 -1 17.763040
472 501 -1 -1 21.653532
501 508 -1 -1 13.703038
471 508 -1 -1 20.098938
471 472 501 -1 21.653532
471 501 508 -1 20.098938
472 501 508 -1 21.653532
471 472 508 -1 21.653532
471 472 501 508 21.653532
701 758 -1 -1 33.730530
701 745 758 -1 35.975016
537 545 -1 -1 10.140473
508 537 -1 -1 17.951271
508 537 545 -1 22.093237
793 812 -1 -1 31.768747
793 807 812 -1 34.824202
436 452 -1 -1 13.937673
452 471 -1 -1 11.012129
436 452 471 -1 17.255427
545 572 -1 -1 19.959396
572 573 -1 -1 11.059482
545 572 573 -1 19.990969
601 603 -1 -1 16.053581
603 629 -1 -1 17.802511
601 603 629 -1 26.824988
629 662 -1 -1 27.618342
662 671 -1 -1 15.329879
629 662 671 -1 28.217990
662 701 -1 -1 26.128509
662 671 701 -1 37.021875
537 572 -1 -1 17.152924
537 545 572 -1 20.801679
573 603 -1 -1 26.114342
573 601 603 -1 26.114342
501 537 -1 -1 16.923790
501 508 537 -1 19.568209
701 750 -1 -1 27.840243
750 758 -1 -1 15.879646
701 750 758 -1 33.730530
572 603 -1 -1 23.981856
572 573 603 -1 28.851652
758 786 -1 -1 26.206394
786 793 -1 -1 17.173962
758 786 793 -1 26.971471
471 485 -1 -1 15.478388
485 501 -1 -1 11.698853
471 485 501 -1 19.138028
440 452 -1 -1 10.856840
452 485 -1 -1 16.843625
452 471 485 -1 19.476138
786 812 -1 -1 31.820923
786 793 812 -1 36.909671
537 546 -1 -1 13.994651
546 572 -1 -1 13.723515
537 546 572 -1 18.728447
750 786 -1 -1 28.151727
750 758 786 -1 30.255997
629 648 -1 -1 20.727366
648 662 -1 -1 17.677183
629 648 662 -1 35.300257
501 515 -1 -1 15.154024
515 537 -1 -1 16.765787
501 515 537 -1 22.049133
603 648 -1 -1 26.586286
603 629 648 -1 29.025753
485 515 -1 -1 16.006485
485 501 515 -1 21.641854
515 546 -1 -1 16.186275
515 537 546 -1 23.735203
440 448 -1 -1 14.017952
448 452 -1 -1 12.157704
440 448 452 -1 14.308561
448 485 -1 -1 14.722336
448 452 485 -1 18.103075
572 585 -1 -1 19.854112
585 603 -1 -1 14.547611
572 585 603 -1 24.829288
701 732 -1 -1 25.738725
732 750 -1 -1 17.262238
701 732 750 -1 30.980516
403 448 -1 -1 18.675947
403 440 -1 -1 18.451030
403 440 448 -1 22.875993
546 585 -1 -1 27.684625
546 572 585 -1 30.466448
662 681 -1 -1 21.777024
681 701 -1 -1 26.238864
662 681 701 -1 36.964849
786 805 -1 -1 24.469286
805 812 -1 -1 22.575443
786 805 812 -1 32.604321
750 771 -1 -1 24.023575
771 786 -1 -1 21.610914
750 771 786 -1 30.182269
603 636 -1 -1 23.011398
636 648 -1 -1 13.666274
603 636 648 -1 27.486112
681 732 -1 -1 28.095593
681 701 732 -1 30.621194
648 681 -1 -1 30.144300
648 662 681 -1 30.880646
585 636 -1 -1 26.326554
585 603 636 -1 26.748644
448 491 -1 -1 21.038625
485 491 -1 -1 15.003609
448 485 491 -1 22.495282
491 515 -1 -1 15.150837
485 491 515 -1 17.969610
546 554 -1 -1 15.737319
554 585 -1 -1 17.851741
546 554 585 -1 27.684625
448 454 -1 -1 9.337563
403 454 -1 -1 19.979932
403 448 454 -1 19.979932
515 554 -1 -1 30.065988
515 546 554 -1 30.609196
454 491 -1 -1 19.917885
448 454 491 -1 23.105930
732 771 -1 -1 29.769158
732 750 771 -1 32.660794
515 529 -1 -1 17.002562
529 554 -1 -1 15.607766
515 529 554 -1 30.065988
491 529 -1 -1 20.523647
491 515 529 -1 26.480252
771 805 -1 -1 31.462610
771 786 805 -1 36.154809
648 659 -1 -1 22.615950
659 681 -1 -1 21.891836
648 659 681 -1 38.264811
403 422 -1 -1 15.527844
422 454 -1 -1 14.540268
403 422 454 -1 21.860565
636 659 -1 -1 21.810455
636 648 659 -1 32.333149
585 608 -1 -1 20.930204
608 636 -1 -1 13.932592
585 608 636 -1 29.476109
681 725 -1 -1 23.485018
725 732 -1 -1 15.965946
681 725 732 -1 33.212620
554 608 -1 -1 36.147622
554 585 608 -1 37.012446
454 476 -1 -1 19.846625
476 491 -1 -1 13.097475
454 476 491 -1 21.784686
608 659 -1 -1 27.710540
608 636 659 -1 33.656221
732 742 -1 -1 19.855058
725 742 -1 -1 30.054372
725 732 742 -1 32.906726
422 476 -1 -1 24.346126
422 454 476 -1 25.575490
554 575 -1 -1 22.036178
575 608 -1 -1 17.070037
554 575 608 -1 36.349485
742 771 -1 -1 24.896717
732 742 771 -1 33.365168
491 520 -1 -1 22.278958
520 529 -1 -1 11.582048
491 520 529 -1 24.860776
529 575 -1 -1 39.380869
529 554 575 -1 40.914842
681 706 -1 -1 24.895367
706 725 -1 -1 15.059392
681 706 725 -1 25.818804
771 788 -1 -1 22.465415
788 805 -1 -1 23.191718
771 788 805 -1 33.228330
476 520 -1 -1 21.471740
476 491 520 -1 23.400321
659 706 -1 -1 35.712982
659 681 706 -1 36.783599
529 559 -1 -1 21.383940
559 575 -1 -1 18.049487
529 559 575 -1 39.380869
422 431 -1 -1 11.557085
422 458 -1 -1 16.189203
458 476 -1 -1 14.264292
422 458 476 -1 26.044162
706 742 -1 -1 22.651522
706 725 742 -1 34.239651
520 559 -1 -1 17.950704
520 529 559 -1 22.416743
608 656 -1 -1 42.313565
656 659 -1 -1 17.561215
608 656 659 -1 42.807750
431 458 -1 -1 13.110944
422 431 458 -1 17.292612
656 706 -1 -1 28.338783
656 659 706 -1 36.436337
742 788 -1 -1 36.256972
742 771 788 -1 36.256972
476 493 -1 -1 15.070727
493 520 -1 -1 16.016385
476 493 520 -1 24.434079
608 641 -1 -1 26.141388
641 656 -1 -1 20.619780
608 641 656 -1 47.421595
742 769 -1 -1 25.157215
769 788 -1 -1 24.392278
742 769 788 -1 36.622933
458 493 -1 -1 26.154642
458 476 493 -1 27.184066
575 641 -1 -1 32.951145
575 608 641 -1 37.810536
431 444 -1 -1 18.462273
444 458 -1 -1 11.049771
431 444 458 -1 18.462273
444 493 -1 -1 22.695021
444 458 493 -1 27.256122
520 522 -1 -1 18.804602
493 522 -1 -1 21.662927
493 520 522 -1 24.991994
522 559 -1 -1 15.102454
520 522 559 -1 21.954143
559 583 -1 -1 33.290153
575 583 -1 -1 20.424928
559 575 583 -1 33.290153
583 641 -1 -1 25.399275
575 583 641 -1 34.734624
788 800 -1 -1 21.124377
706 744 -1 -1 26.202369
742 744 -1 -1 22.602293
706 742 744 -1 35.350326
744 769 -1 -1 23.280553
742 744 769 -1 35.411651
444 487 -1 -1 18.470513
487 493 -1 -1 11.741143
444 487 493 -1 22.957073
656 720 -1 -1 36.446887
706 720 -1 -1 17.961626
656 706 720 -1 39.163647
769 800 -1 -1 28.992842
769 788 800 -1 34.282330
522 583 -1 -1 39.056028
522 559 583 -1 46.134811
720 744 -1 -1 21.867336
706 720 744 -1 28.614169
444 445 -1 -1 12.951560
487 522 -1 -1 33.147875
487 493 522 -1 33.147875
656 684 -1 -1 23.726701
684 720 -1 -1 15.566282
656 684 720 -1 37.817701
445 487 -1 -1 15.543271
444 445 487 -1 18.979347
504 522 -1 -1 14.372310
487 504 -1 -1 22.599203
487 504 522 -1 33.489666
641 684 -1 -1 35.938872
641 656 684 -1 36.324809
522 574 -1 -1 27.589491
574 583 -1 -1 19.243883
522 574 583 -1 41.503873
445 504 -1 -1 36.222828
445 487 504 -1 37.125920
641 660 -1 -1 27.516354
660 684 -1 -1 20.733100
641 660 684 -1 36.105188
424 445 -1 -1 14.355520
504 574 -1 -1 32.491715
504 522 574 -1 34.971736
583 660 -1 -1 41.611521
583 641 660 -1 43.138548
769 789 -1 -1 26.459433
789 800 -1 -1 21.128147
769 789 800 -1 31.523571
720 730 -1 -1 21.791700
730 744 -1 -1 16.828485
720 730 744 -1 26.025227
445 473 -1 -1 19.191101
473 504 -1 -1 18.675708
445 473 504 -1 36.696607
684 730 -1 -1 25.087706
684 720 730 -1 25.717736
800 816 -1 -1 23.605997
744 763 -1 -1 26.132305
763 769 -1 -1 26.584669
744 763 769 -1 30.463797
574 633 -1 -1 32.955642
583 633 -1 -1 27.535994
574 583 633 -1 34.452420
633 660 -1 -1 20.627020
583 633 660 -1 43.407007
424 473 -1 -1 30.947586
424 445 473 -1 31.498181
763 789 -1 -1 22.746095
763 769 789 -1 34.497348
730 763 -1 -1 29.738194
730 744 763 -1 31.788789
789 816 -1 -1 26.235508
789 800 816 -1 30.499547
504 538 -1 -1 18.407551
538 574 -1 -1 21.614282
504 538 574 -1 34.384721
424 425 -1 -1 11.455297
425 473 -1 -1 24.042061
424 425 473 -1 32.040759
473 538 -1 -1 28.887643
473 504 538 -1 32.038749
684 709 -1 -1 24.633737
709 730 -1 -1 22.824343
684 709 730 -1 30.703637
660 709 -1 -1 30.371960
660 684 709 -1 31.888321
574 592 -1 -1 15.541725
473 486 -1 -1 12.588652
592 633 -1 -1 23.561753
574 592 633 -1 35.766332
425 486 -1 -1 30.088291
425 473 486 -1 30.853614
486 538 -1 -1 23.553584
473 486 538 -1 30.623740
538 592 -1 -1 27.502946
538 574 592 -1 27.502946
425 464 -1 -1 17.751440
464 486 -1 -1 15.493169
425 464 486 -1 32.344353
425 426 -1 -1 14.649432
730 743 -1 -1 22.493563
743 763 -1 -1 21.976432
730 743 763 -1 30.404727
538 548 -1 -1 15.449949
486 548 -1 -1 32.993755
486 538 548 -1 33.863624
592 643 -1 -1 27.466534
633 643 -1 -1 16.538178
592 633 643 -1 31.758906
633 679 -1 -1 33.086579
660 679 -1 -1 26.191468
633 660 679 -1 34.527845
709 743 -1 -1 22.927890
709 730 743 -1 28.120784
548 592 -1 -1 21.633406
538 548 592 -1 29.545188
789 798 -1 -1 23.423246
798 816 -1 -1 24.900602
789 798 816 -1 33.775938
679 709 -1 -1 22.365207
660 679 709 -1 34.599806
592 611 -1 -1 22.035634
611 643 -1 -1 17.565431
592 611 643 -1 28.050869
643 679 -1 -1 26.189979
633 643 679 -1 34.249250
426 464 -1 -1 19.541207
425 426 464 -1 21.616046
763 798 -1 -1 37.960776
763 789 798 -1 37.960776
486 511 -1 -1 20.321624
511 548 -1 -1 18.716368
486 511 548 -1 35.522345
548 611 -1 -1 30.111735
548 592 611 -1 32.233433
464 511 -1 -1 32.367367
464 486 511 -1 32.367367
763 773 -1 -1 21.598668
773 798 -1 -1 26.645802
763 773 798 -1 39.243506
426 460 -1 -1 19.978998
460 464 -1 -1 8.901726
426 460 464 -1 20.099529
743 773 -1 -1 24.170513
743 763 773 -1 27.291142
460 511 -1 -1 31.371204
460 464 511 -1 37.150899
416 426 -1 -1 11.954454
416 460 -1 -1 20.529951
416 426 460 -1 23.069783
548 587 -1 -1 24.343162
587 611 -1 -1 17.010056
548 587 611 -1 31.435700
709 717 -1 -1 25.386085
717 743 -1 -1 20.913091
709 717 743 -1 28.534495
460 461 -1 -1 10.160179
679 717 -1 -1 28.389082
679 709 717 -1 33.278937
743 759 -1 -1 19.549771
759 773 -1 -1 18.510934
743 759 773 -1 27.783409
416 461 -1 -1 29.436682
416 460 461 -1 29.741616
461 511 -1 -1 25.584501
460 461 511 -1 31.832486
643 649 -1 -1 20.376557
649 679 -1 -1 21.015271
643 649 679 -1 26.991149
798 814 -1 -1 26.175767
511 587 -1 -1 40.319336
511 548 587 -1 40.319336
611 649 -1 -1 27.989696
611 643 649 -1 33.691330
416 441 -1 -1 17.170026
441 461 -1 -1 15.074194
416 441 461 -1 31.374289
511 527 -1 -1 17.911889
461 527 -1 -1 40.674615
461 511 527 -1 41.797220
773 781 -1 -1 20.349828
781 798 -1 -1 24.467154
773 781 798 -1 30.423004
527 587 -1 -1 23.380111
511 527 587 -1 44.206577
717 759 -1 -1 25.498113
717 743 759 -1 26.973433
461 499 -1 -1 17.098453
499 527 -1 -1 21.356674
461 499 527 -1 41.383686
679 689 -1 -1 24.544069
689 717 -1 -1 22.487812
679 689 717 -1 30.682666
649 689 -1 -1 22.266474
649 679 689 -1 28.809570
587 626 -1 -1 24.419067
611 626 -1 -1 26.660122
587 611 626 -1 35.102212
587 611 626 -1 35.102212
626 649 -1 -1 18.342069
611 626 649 -1 34.826068
611 626 649 -1 34.826068
759 781 -1 -1 30.852960
759 773 781 -1 31.527742
781 814 -1 -1 31.952173
781 798 814 -1 34.993369
441 499 -1 -1 28.941624
441 461 499 -1 29.328060
587 600 -1 -1 11.215598
527 600 -1 -1 31.316465
527 587 600 -1 34.891619
441 481 -1 -1 24.463839
481 499 -1 -1 11.077276
441 481 499 -1 28.967466
717 756 -1 -1 28.502994
756 759 -1 -1 12.565266
717 756 759 -1 28.502994
756 781 -1 -1 25.779853
756 759 781 -1 32.382248
410 441 -1 -1 17.342934
499 547 -1 -1 28.849343
527 547 -1 -1 15.547380
499 527 547 -1 31.681690
689 713 -1 -1 22.488674
713 717 -1 -1 17.965293
689 713 717 -1 26.267580
410 481 -1 -1 30.363040
410 441 481 -1 32.495069
481 547 -1 -1 34.764667
481 499 547 -1 37.045492
600 626 -1 -1 26.244434
587 600 626 -1 27.463287
713 756 -1 -1 25.702936
713 717 756 -1 30.536686
547 600 -1 -1 21.193799
527 547 600 -1 32.275187
649 661 -1 -1 19.804890
626 661 -1 -1 21.860943
626 649 661 -1 25.765183
661 689 -1 -1 20.082453
649 661 689 -1 27.664029
781 810 -1 -1 29.725068
810 814 -1 -1 18.512529
781 810 814 -1 35.090100
465 481 -1 -1 14.359007
410 465 -1 -1 20.947486
410 465 481 -1 31.780109
600 616 -1 -1 19.986978
616 626 -1 -1 12.564247
600 616 626 -1 26.810549
776 781 -1 -1 19.016370
481 509 -1 -1 20.962324
509 547 -1 -1 17.769499
481 509 547 -1 34.764667
756 776 -1 -1 26.174699
756 776 781 -1 30.711834
547 616 -1 -1 34.256953
547 600 616 -1 34.256953
776 810 -1 -1 27.580920
776 781 810 -1 33.425705
465 509 -1 -1 30.534503
465 481 509 -1 30.875706
753 756 -1 -1 13.993614
689 694 -1 -1 20.591687
661 694 -1 -1 23.320625
661 689 694 -1 27.655594
713 753 -1 -1 24.471487
713 753 756 -1 28.947658
694 713 -1 -1 20.126133
689 694 713 -1 31.503592
616 661 -1 -1 25.534425
616 626 661 -1 25.596335
547 591 -1 -1 23.522626
591 616 -1 -1 14.357730
547 591 616 -1 36.682695
410 437 -1 -1 17.829910
437 465 -1 -1 16.036511
410 437 465 -1 25.644876
753 776 -1 -1 30.145793
753 756 776 -1 34.763042
509 591 -1 -1 40.154395
509 547 591 -1 40.154395
465 492 -1 -1 13.595024
492 509 -1 -1 23.592297
465 492 509 -1 41.056254
713 727 -1 -1 17.392389
727 753 -1 -1 17.849206
713 727 753 -1 26.342982
616 639 -1 -1 23.982015
639 661 -1 -1 15.639815
616 639 661 -1 28.225659
509 526 -1 -1 13.134392
509 577 -1 -1 35.177298
577 591 -1 -1 9.709666
509 577 591 -1 40.751136
591 639 -1 -1 39.075593
591 616 639 -1 39.729968
694 727 -1 -1 22.177877
694 713 727 -1 25.809459
437 492 -1 -1 20.179868
437 465 492 -1 20.667943
639 694 -1 -1 32.648449
639 661 694 -1 32.648449
492 526 -1 -1 33.014783
492 509 526 -1 34.609254
526 577 -1 -1 27.812780
509 526 577 -1 39.776112
753 767 -1 -1 19.754180
767 776 -1 -1 19.852094
753 767 776 -1 31.038880
776 799 -1 -1 21.529240
799 810 -1 -1 23.441464
776 799 810 -1 37.663020
577 639 -1 -1 33.475039
577 591 639 -1 40.651308
437 477 -1 -1 18.257337
477 492 -1 -1 10.797850
437 477 492 -1 21.878520
727 767 -1 -1 36.337051
727 753 767 -1 37.318650
492 516 -1 -1 22.541597
516 526 -1 -1 15.900620
492 516 526 -1 33.482195
639 693 -1 -1 31.588058
693 694 -1 -1 14.422945
639 693 694 -1 35.840008
693 727 -1 -1 19.634487
693 694 727 -1 25.497067
767 799 -1 -1 26.155534
767 776 799 -1 30.197580
727 733 -1 -1 17.640760
733 767 -1 -1 20.860467
727 733 767 -1 36.337051
477 516 -1 -1 18.680530
477 492 516 -1 25.823678
577 597 -1 -1 14.805965
526 597 -1 -1 34.995831
526 577 597 -1 36.752233
430 437 -1 -1 19.316529
577 628 -1 -1 29.801925
628 639 -1 -1 13.771072
577 628 639 -1 35.936391
430 477 -1 -1 22.889997
430 437 477 -1 26.288518
597 628 -1 -1 25.560168
577 597 628 -1 41.294032
639 687 -1 -1 27.500538
687 693 -1 -1 14.058362
639 687 693 -1 32.145426
693 733 -1 -1 30.048860
693 727 733 -1 31.066560
526 553 -1 -1 14.452911
553 597 -1 -1 21.974167
526 553 597 -1 35.295005
516 553 -1 -1 20.804920
516 526 553 -1 25.791616
628 687 -1 -1 32.218120
628 639 687 -1 32.364181
477 488 -1 -1 14.657879
488 516 -1 -1 16.706429
477 488 516 -1 20.856954
782 799 -1 -1 21.800618
767 782 -1 -1 23.865995
767 782 799 -1 30.396582
430 488 -1 -1 24.402587
430 477 488 -1 26.031883
733 782 -1 -1 36.819839
733 767 782 -1 37.790066
403 -1 -1 -1 0.000000
410 -1 -1 -1 0.000000
416 -1 -1 -1 0.000000
419 -1 -1 -1 0.000000
422 -1 -1 -1 0.000000
424 -1 -1 -1 0.000000
425 -1 -1 -1 0.000000
426 -1 -1 -1 0.000000
430 -1 -1 -1 0.000000
431 -1 -1 -1 0.000000
436 -1 -1 -1 0.000000
437 -1 -1 -1 0.000000
439 -1 -1 -1 0.000000
440 -1 -1 -1 0.000000
441 -1 -1 -1 0.000000
443 -1 -1 -1 0.000000
444 -1 -1 -1 0.000000
445 -1 -1 -1 0.000000
447 -1 -1 -1 0.000000
448 -1 -1 -1 0.000000
451 -1 -1 -1 0.000000
452 -1 -1 -1 0.000000
454 -1 -1 -1 0.000000
458 -1 -1 -1 0.000000
460 -1 -1 -1 0.000000
461 -1 -1 -1 0.000000
462 -1 -1 -1 0.000000
464 -1 -1 -1 0.000000
465 -1 -1 -1 0.000000
469 -1 -1 -1 0.000000
471 -1 -1 -1 0.000000
472 -1 -1 -1 0.000000
473 -1 -1 -1 0.000000
476 -1 -1 -1 0.000000
477 -1 -1 -1 0.000000
481 -1 -1 -1 0.000000
484 -1 -1 -1 0.000000
485 -1 -1 -1 0.000000
486 -1 -1 -1 0.000000
487 -1 -1 -1 0.000000
488 -1 -1 -1 0.000000
491 -1 -1 -1 0.000000
492 -1 -1 -1 0.000000
493 -1 -1 -1 0.000000
494 -1 -1 -1 0.000000
499 -1 -1 -1 0.000000
501 -1 -1 -1 0.000000
504 -1 -1 -1 0.000000
505 -1 -1 -1 0.000000
508 -1 -1 -1 0.000000
509 -1 -1 -1 0.000000
510 -1 -1 -1 0.000000
511 -1 -1 -1 0.000000
515 -1 -1 -1 0.000000
516 -1 -1 -1 0.000000
518 -1 -1 -1 0.000000
520 -1 -1 -1 0.000000
522 -1 -1 -1 0.000000
524 -1 -1 -1 0.000000
526 -1 -1 -1 0.000000
527 -1 -1 -1 0.000000
529 -1 -1 -1 0.000000
535 -1 -1 -1 0.000000
537 -1 -1 -1 0.000000
538 -1 -1 -1 0.000000
540 -1 -1 -1 0.000000
544 -1 -1 -1 0.000000
545 -1 -1 -1 0.000000
546 -1 -1 -1 0.000000
547 -1 -1 -1 0.000000
548 -1 -1 -1 0.000000
552 -1 -1 -1 0.000000
553 -1 -1 -1 0.000000
554 -1 -1 -1 0.000000
558 -1 -1 -1 0.000000
559 -1 -1 -1 0.000000
564 -1 -1 -1 0.000000
571 -1 -1 -1 0.000000
572 -1 -1 -1 0.000000
573 -1 -1 -1 0.000000
574 -1 -1 -1 0.000000
575 -1 -1 -1 0.000000
577 -1 -1 -1 0.000000
579 -1 -1 -1 0.000000
583 -1 -1 -1 0.000000
585 -1 -1 -1 0.000000
587 -1 -1 -1 0.000000
591 -1 -1 -1 0.000000
592 -1 -1 -1 0.000000
597 -1 -1 -1 0.000000
599 -1 -1 -1 0.000000
600 -1 -1 -1 0.000000
601 -1 -1 -1 0.000000
603 -1 -1 -1 0.000000
605 -1 -1 -1 0.000000
606 -1 -1 -1 0.000000
608 -1 -1 -1 0.000000
611 -1 -1 -1 0.000000
613 -1 -1 -1 0.000000
615 -1 -1 -1 0.000000
616 -1 -1 -1 0.000000
619 -1 -1 -1 0.000000
625 -1 -1 -1 0.000000
626 -1 -1 -1 0.000000
628 -1 -1 -1 0.000000
629 -1 -1 -1 0.000000
633 -1 -1 -1 0.000000
635 -1 -1 -1 0.000000
636 -1 -1 -1 0.000000
638 -1 -1 -1 0.000000
639 -1 -1 -1 0.000000
641 -1 -1 -1 0.000000
643 -1 -1 -1 0.000000
647 -1 -1 -1 0.000000
648 -1 -1 -1 0.000000
649 -1 -1 -1 0.000000
656 -1 -1 -1 0.000000
658 -1 -1 -1 0.000000
659 -1 -1 -1 0.000000
660 -1 -1 -1 0.000000
661 -1 -1 -1 0.000000
662 -1 -1 -1 0.000000
665 -1 -1 -1 0.000000
669 -1 -1 -1 0.000000
671 -1 -1 -1 0.000000
679 -1 -1 -1 0.000000
681 -1 -1 -1 0.000000
684 -1 -1 -1 0.000000
685 -1 -1 -1 0.000000
687 -1 -1 -1 0.000000
689 -1 -1 -1 0.000000
693 -1 -1 -1 0.000000
694 -1 -1 -1 0.000000
698 -1 -1 -1 0.000000
701 -1 -1 -1 0.000000
706 -1 -1 -1 0.000000
708 -1 -1 -1 0.000000
709 -1 -1 -1 0.000000
713 -1 -1 -1 0.000000
717 -1 -1 -1 0.000000
719 -1 -1 -1 0.000000
720 -1 -1 -1 0.000000
721 -1 -1 -1 0.000000
725 -1 -1 -1 0.000000
727 -1 -1 -1 0.000000
729 -1 -1 -1 0.000000
730 -1 -1 -1 0.000000
732 -1 -1 -1 0.000000
733 -1 -1 -1 0.000000
735 -1 -1 -1 0.000000
741 -1 -1 -1 0.000000
742 -1 -1 -1 0.000000
743 -1 -1 -1 0.000000
744 -1 -1 -1 0.000000
745 -1 -1 -1 0.000000
750 -1 -1 -1 0.000000
753 -1 -1 -1 0.000000
756 -1 -1 -1 0.000000
757 -1 -1 -1 0.000000
758 -1 -1 -1 0.000000
759 -1 -1 -1 0.000000
763 -1 -1 -1 0.000000
767 -1 -1 -1 0.000000
769 -1 -1 -1 0.000000
770 -1 -1 -1 0.000000
771 -1 -1 -1 0.000000
773 -1 -1 -1 0.000000
776 -1 -1 -1 0.000000
777 -1 -1 -1 0.000000
781 -1 -1 -1 0.000000
782 -1 -1 -1 0.000000
786 -1 -1 -1 0.000000
788 -1 -1 -1 0.000000
789 -1 -1 -1 0.000000
792 -1 -1 -1 0.000000
793 -1 -1 -1 0.000000
798 -1 -1 -1 0.000000
799 -1 -1 -1 0.000000
800 -1 -1 -1 0.000000
804 -1 -1 -1 0.000000
805 -1 -1 -1 0.000000
806 -1 -1 -1 0.000000
807 -1 -1 -1 0.000000
810 -1 -1 -1 0.000000
812 -1 -1 -1 0.000000
814 -1 -1 -1 0.000000
816 -1 -1 -1 0.000000
