417 453 -1 -1 30.071970
380 417 -1 -1 28.935863
361 380 -1 -1 36.507759
242 262 -1 -1 18.759157
180 194 -1 -1 16.264724
262 298 -1 -1 21.009955
316 361 -1 -1 30.924159
453 486 -1 -1 33.776890
194 211 -1 -1 23.219750
298 316 -1 -1 39.192465
160 180 -1 -1 22.018329
417 436 -1 -1 21.558880
436 453 -1 -1 19.874686
417 436 453 -1 30.994084
211 242 -1 -1 23.385025
361 368 -1 -1 13.676910
368 380 -1 -1 26.234465
361 368 380 -1 38.046464
242 270 -1 -1 18.839531
262 270 -1 -1 13.054433
242 262 270 -1 20.355851
453 465 -1 -1 22.072679
465 486 -1 -1 28.624054
453 465 486 -1 34.246916
298 309 -1 -1 18.789538
309 316 -1 -1 19.017053
298 309 316 -1 39.192465
270 298 -1 -1 17.350175
262 270 298 -1 22.396742
316 368 -1 -1 36.127957
316 361 368 -1 36.127957
380 387 -1 -1 15.407075
380 407 -1 -1 28.766585
407 417 -1 -1 23.701401
380 407 417 -1 33.513524
180 211 -1 -1 32.531574
180 194 211 -1 33.573979
368 387 -1 -1 15.141323
368 380 387 -1 26.805844
436 465 -1 -1 29.289626
436 453 465 -1 31.457972
316 344 -1 -1 24.591146
344 368 -1 -1 16.543705
316 344 368 -1 37.099542
291 298 -1 -1 13.883758
270 291 -1 -1 16.144885
270 291 298 -1 20.740801
291 309 -1 -1 15.418968
291 298 309 -1 21.189835
407 436 -1 -1 24.689479
407 417 436 -1 29.995641
242 244 -1 -1 13.751330
211 244 -1 -1 24.941387
211 242 244 -1 27.500939
160 173 -1 -1 24.229745
173 180 -1 -1 15.658748
160 173 180 -1 25.245251
244 270 -1 -1 18.076091
242 244 270 -1 20.519031
387 407 -1 -1 38.770260
380 387 407 -1 40.407253
141 160 -1 -1 21.197634
180 204 -1 -1 21.268650
204 211 -1 -1 19.222026
180 204 211 -1 32.537512
258 270 -1 -1 20.377925
258 291 -1 -1 24.158060
258 270 291 -1 27.594678
141 173 -1 -1 24.485380
141 160 173 -1 28.279120
173 204 -1 -1 21.649744
173 180 204 -1 24.499718
309 326 -1 -1 23.038452
316 326 -1 -1 24.233773
309 316 326 -1 25.665775
244 258 -1 -1 15.754550
244 258 270 -1 21.411124
387 394 -1 -1 28.235231
394 407 -1 -1 19.191148
387 394 407 -1 38.770260
326 344 -1 -1 18.483456
316 326 344 -1 26.510152
465 491 -1 -1 28.579700
357 368 -1 -1 24.249280
357 387 -1 -1 26.772223
357 368 387 -1 28.497820
436 443 -1 -1 19.666337
443 465 -1 -1 30.478804
436 443 465 -1 32.382038
344 357 -1 -1 19.020210
344 357 368 -1 26.755584
291 303 -1 -1 15.131570
303 309 -1 -1 14.965197
291 303 309 -1 19.837019
303 326 -1 -1 21.198510
303 309 326 -1 24.652166
211 218 -1 -1 21.742941
204 218 -1 -1 25.203274
204 211 218 -1 27.806912
218 244 -1 -1 21.353251
211 218 244 -1 29.107117
357 394 -1 -1 25.857818
357 387 394 -1 33.100775
407 443 -1 -1 34.443915
407 436 443 -1 36.220231
445 465 -1 -1 23.280575
443 445 -1 -1 18.784601
443 445 465 -1 32.640025
218 258 -1 -1 28.128283
218 244 258 -1 28.993077
258 276 -1 -1 15.450980
276 291 -1 -1 23.007886
258 276 291 -1 29.509342
258 276 291 -1 29.509342
276 303 -1 -1 20.477416
276 291 303 -1 23.852439
276 291 303 -1 23.852439
445 491 -1 -1 41.078777
445 465 491 -1 43.017773
141 166 -1 -1 25.507340
166 173 -1 -1 15.358276
141 166 173 -1 27.392781
326 357 -1 -1 29.675095
326 344 357 -1 30.521667
202 204 -1 -1 23.260072
173 202 -1 -1 31.408759
173 202 204 -1 32.723778
407 426 -1 -1 25.793504
426 443 -1 -1 27.335822
407 426 443 -1 36.951323
202 218 -1 -1 20.035115
202 204 218 -1 34.971804
141 147 -1 -1 18.747224
166 202 -1 -1 27.353989
166 173 202 -1 32.125520
477 491 -1 -1 24.542804
445 477 -1 -1 27.346849
445 477 491 -1 41.078777
147 166 -1 -1 20.080019
141 147 166 -1 33.143295
394 426 -1 -1 34.255336
394 407 426 -1 34.429622
326 341 -1 -1 20.282157
341 357 -1 -1 22.204800
326 341 357 -1 30.135664
426 445 -1 -1 34.862830
426 443 445 -1 37.387611
303 305 -1 -1 18.946891
305 326 -1 -1 21.259901
303 305 326 -1 24.714928
218 241 -1 -1 21.698450
241 258 -1 -1 22.935010
218 241 258 -1 30.757448
381 394 -1 -1 18.015200
357 381 -1 -1 19.693074
357 381 394 -1 27.949652
276 305 -1 -1 25.055375
276 303 305 -1 25.797011
241 276 -1 -1 22.870186
241 258 276 -1 23.926141
305 341 -1 -1 27.842996
305 326 341 -1 34.030117
394 403 -1 -1 22.065003
403 426 -1 -1 21.381343
394 403 426 -1 36.065476
381 403 -1 -1 19.032992
381 394 403 -1 28.697656
166 188 -1 -1 17.654329
188 202 -1 -1 20.807399
166 188 202 -1 28.308562
202 241 -1 -1 37.838118
202 218 241 -1 37.838118
271 276 -1 -1 16.556107
271 305 -1 -1 25.487419
271 276 305 -1 31.454446
241 271 -1 -1 21.499533
241 271 276 -1 25.326539
426 446 -1 -1 30.828605
445 446 -1 -1 23.396763
426 445 446 -1 36.175533
202 226 -1 -1 23.128387
226 241 -1 -1 19.163386
202 226 241 -1 38.181522
357 359 -1 -1 26.884078
341 359 -1 -1 23.105793
341 357 359 -1 27.825215
359 381 -1 -1 19.187011
357 359 381 -1 28.405051
446 477 -1 -1 38.568562
445 446 477 -1 42.806215
147 165 -1 -1 22.294583
165 166 -1 -1 21.755957
147 165 166 -1 31.543184
165 188 -1 -1 17.618265
165 166 188 -1 22.185488
305 329 -1 -1 22.483137
329 341 -1 -1 17.334608
305 329 341 -1 28.435608
423 426 -1 -1 22.214387
423 446 -1 -1 23.955397
423 426 446 -1 31.443542
359 403 -1 -1 38.203969
359 381 403 -1 38.447424
271 288 -1 -1 18.420304
288 305 -1 -1 23.027116
271 288 305 -1 27.409585
197 202 -1 -1 21.968441
188 197 -1 -1 16.404221
188 197 202 -1 26.447207
241 253 -1 -1 22.151935
253 271 -1 -1 18.359455
241 253 271 -1 26.325382
329 359 -1 -1 28.831108
329 341 359 -1 29.414284
197 226 -1 -1 24.649072
197 202 226 -1 28.400571
403 423 -1 -1 24.737066
403 423 426 -1 30.487188
226 253 -1 -1 23.359569
226 241 253 -1 28.821851
288 329 -1 -1 31.442252
288 305 329 -1 34.155891
355 403 -1 -1 44.509792
355 359 -1 -1 27.520787
355 359 403 -1 44.509792
154 165 -1 -1 16.093227
165 197 -1 -1 27.546589
165 188 197 -1 27.755122
446 473 -1 -1 24.408671
473 477 -1 -1 31.284785
446 473 477 -1 42.828369
217 226 -1 -1 19.789643
197 217 -1 -1 21.403284
197 217 226 -1 25.580444
288 306 -1 -1 17.749777
306 329 -1 -1 25.553917
288 306 329 -1 33.135708
355 423 -1 -1 51.107678
355 403 423 -1 55.432128
253 288 -1 -1 30.989857
253 271 288 -1 31.961507
165 183 -1 -1 22.717487
183 197 -1 -1 17.137142
165 183 197 -1 29.183513
329 330 -1 -1 22.484785
330 359 -1 -1 33.336834
329 330 359 -1 34.360397
217 253 -1 -1 29.834482
217 226 253 -1 30.239227
217 226 253 -1 30.239227
217 250 -1 -1 24.033534
250 253 -1 -1 15.020813
217 250 253 -1 29.834482
217 250 253 -1 29.834482
306 330 -1 -1 18.726898
306 329 330 -1 32.773665
330 355 -1 -1 43.672526
330 355 359 -1 45.900221
154 183 -1 -1 27.537990
154 165 183 -1 29.223464
183 217 -1 -1 27.914682
183 197 217 -1 29.208358
419 423 -1 -1 18.921450
419 446 -1 -1 34.316969
419 423 446 -1 34.316969
473 483 -1 -1 21.060040
150 154 -1 -1 12.514901
446 448 -1 -1 29.621165
448 473 -1 -1 25.016291
446 448 473 -1 31.012541
150 183 -1 -1 27.157060
150 154 183 -1 28.242195
419 448 -1 -1 25.782425
419 446 448 -1 40.110124
281 288 -1 -1 23.965842
253 281 -1 -1 28.809519
253 281 288 -1 34.234510
253 269 -1 -1 22.339768
269 281 -1 -1 17.183756
253 269 281 -1 29.376540
281 306 -1 -1 24.123906
281 288 306 -1 28.562264
355 419 -1 -1 44.810526
355 419 423 -1 52.616028
250 269 -1 -1 15.021750
250 253 269 -1 22.996376
183 200 -1 -1 20.154132
200 217 -1 -1 24.507197
183 200 217 -1 29.536230
217 228 -1 -1 19.989628
228 250 -1 -1 26.715490
217 228 250 -1 28.544036
150 172 -1 -1 21.053683
172 183 -1 -1 19.970888
150 172 183 -1 31.852355
355 383 -1 -1 25.782805
383 419 -1 -1 31.978635
355 383 419 -1 45.321867
247 250 -1 -1 24.387384
247 269 -1 -1 19.743031
247 250 269 -1 26.292498
448 483 -1 -1 31.329272
448 473 483 -1 31.744151
140 150 -1 -1 18.763406
200 228 -1 -1 23.178029
200 217 228 -1 26.751614
172 200 -1 -1 21.655281
172 183 200 -1 24.448626
228 247 -1 -1 18.667460
228 247 250 -1 29.415314
306 311 -1 -1 23.137143
311 330 -1 -1 29.939053
306 311 330 -1 33.770896
281 311 -1 -1 26.624119
281 306 311 -1 29.465920
247 281 -1 -1 27.578769
247 269 281 -1 28.940470
140 172 -1 -1 23.261613
140 150 172 -1 26.234617
281 302 -1 -1 21.096036
302 311 -1 -1 15.896648
281 302 311 -1 27.258454
330 339 -1 -1 21.568388
339 355 -1 -1 59.223834
330 339 355 -1 60.623326
355 356 -1 -1 40.494747
339 356 -1 -1 15.092327
339 355 356 -1 60.112818
311 339 -1 -1 17.095471
311 330 339 -1 30.739391
412 419 -1 -1 22.632425
383 412 -1 -1 26.883930
383 412 419 -1 35.365238
412 448 -1 -1 33.450706
412 419 448 -1 34.487071
273 281 -1 -1 22.148114
247 273 -1 -1 18.786202
247 273 281 -1 29.092649
356 383 -1 -1 37.800883
355 356 383 -1 43.198768
448 470 -1 -1 26.871262
470 483 -1 -1 27.343990
448 470 483 -1 37.497543
273 302 -1 -1 17.469428
273 281 302 -1 23.457140
200 212 -1 -1 21.279158
212 228 -1 -1 21.661816
200 212 228 -1 26.054789
412 450 -1 -1 27.096507
448 450 -1 -1 23.557721
412 448 450 -1 33.838500
168 172 -1 -1 18.500471
140 168 -1 -1 24.665245
140 168 172 -1 31.097947
172 198 -1 -1 25.380233
198 200 -1 -1 23.114267
172 198 200 -1 27.567224
356 362 -1 -1 16.361564
362 383 -1 -1 25.352386
356 362 383 -1 38.467779
450 470 -1 -1 31.296268
448 450 470 -1 33.938840
307 311 -1 -1 20.691299
307 339 -1 -1 33.042512
307 311 339 -1 33.042512
198 212 -1 -1 21.877042
198 200 212 -1 25.086515
339 340 -1 -1 17.927493
340 356 -1 -1 21.782101
339 340 356 -1 22.305226
168 198 -1 -1 23.170443
168 172 198 -1 26.464381
302 307 -1 -1 17.844066
302 307 311 -1 27.085104
307 340 -1 -1 19.662949
307 339 340 -1 33.184695
228 238 -1 -1 26.596836
238 247 -1 -1 27.236026
228 238 247 -1 31.593584
247 259 -1 -1 16.728233
259 273 -1 -1 16.534155
247 259 273 -1 22.970892
340 362 -1 -1 29.148179
340 356 362 -1 31.259122
383 386 -1 -1 28.613296
138 140 -1 -1 21.136539
362 386 -1 -1 22.189340
362 383 386 -1 37.976895
386 412 -1 -1 30.017701
383 386 412 -1 39.344075
138 168 -1 -1 24.016061
138 140 168 -1 26.761862
212 238 -1 -1 19.394950
212 228 238 -1 30.066071
192 198 -1 -1 22.660245
192 212 -1 -1 25.764267
192 198 212 -1 27.356809
238 259 -1 -1 15.530340
238 247 259 -1 27.681678
168 192 -1 -1 24.055767
168 192 198 -1 27.589170
212 232 -1 -1 23.384166
232 238 -1 -1 9.378857
212 232 238 -1 23.384166
259 264 -1 -1 11.590177
264 273 -1 -1 18.714567
259 264 273 -1 18.928449
232 259 -1 -1 20.255412
232 238 259 -1 20.617475
273 283 -1 -1 17.455496
283 302 -1 -1 25.521227
273 283 302 -1 26.162400
412 420 -1 -1 22.445805
420 450 -1 -1 32.728380
412 420 450 -1 32.761008
450 451 -1 -1 31.069489
451 470 -1 -1 30.974513
450 451 470 -1 38.760986
192 232 -1 -1 34.443958
192 212 232 -1 37.740968
283 307 -1 -1 28.501563
283 302 307 -1 30.459612
161 168 -1 -1 23.201997
264 283 -1 -1 14.218644
264 273 283 -1 22.522730
138 161 -1 -1 22.228914
138 161 168 -1 26.345721
470 478 -1 -1 18.047609
232 264 -1 -1 22.030860
232 259 264 -1 22.824099
386 420 -1 -1 28.202740
386 412 420 -1 42.374653
420 451 -1 -1 27.139372
420 450 451 -1 34.663275
161 192 -1 -1 26.229128
161 168 192 -1 28.515545
192 203 -1 -1 19.260387
203 232 -1 -1 30.401596
192 203 232 -1 34.443958
340 354 -1 -1 26.488696
354 362 -1 -1 22.708218
340 354 362 -1 30.885417
307 324 -1 -1 27.181334
324 340 -1 -1 29.720394
307 324 340 -1 33.992496
451 478 -1 -1 26.038118
451 470 478 -1 31.106030
283 292 -1 -1 21.010129
292 307 -1 -1 27.203450
283 292 307 -1 28.964898
354 386 -1 -1 35.717942
354 362 386 -1 39.071748
324 354 -1 -1 25.436477
324 340 354 -1 35.833350
135 138 -1 -1 25.867262
232 239 -1 -1 26.355983
239 264 -1 -1 21.134872
232 239 264 -1 28.753013
292 324 -1 -1 27.372120
292 307 324 -1 35.954902
135 161 -1 -1 21.923399
135 138 161 -1 27.930941
478 485 -1 -1 21.629979
382 386 -1 -1 23.279909
382 420 -1 -1 37.443370
382 386 420 -1 39.020071
203 239 -1 -1 34.820850
203 232 239 -1 36.512227
239 283 -1 -1 29.015814
239 264 283 -1 29.015814
239 292 -1 -1 30.702439
239 283 292 -1 34.741590
354 382 -1 -1 33.349634
354 382 386 -1 37.431158
418 420 -1 -1 20.938419
418 451 -1 -1 33.514054
418 420 451 -1 37.036653
161 176 -1 -1 24.428335
176 192 -1 -1 31.460878
161 176 192 -1 34.862039
176 203 -1 -1 28.313624
176 192 203 -1 35.870049
382 418 -1 -1 28.623894
382 418 420 -1 37.671323
451 464 -1 -1 28.081205
464 478 -1 -1 33.849571
451 464 478 -1 35.649130
464 485 -1 -1 26.884225
464 478 485 -1 34.888640
203 216 -1 -1 24.331616
216 239 -1 -1 25.681191
203 216 239 -1 40.305450
135 176 -1 -1 35.007829
135 161 176 -1 35.007829
292 296 -1 -1 19.708460
296 324 -1 -1 30.080038
292 296 324 -1 31.518899
346 354 -1 -1 24.317904
324 346 -1 -1 29.186158
324 346 354 -1 32.094830
346 382 -1 -1 29.342535
346 354 382 -1 40.421996
418 437 -1 -1 18.654665
437 451 -1 -1 32.742223
418 437 451 -1 35.369524
135 151 -1 -1 24.434289
151 176 -1 -1 23.151943
135 151 176 -1 37.064874
437 464 -1 -1 35.002737
437 451 464 -1 36.737417
239 256 -1 -1 24.479603
239 296 -1 -1 39.830376
239 292 296 -1 40.426556
296 319 -1 -1 21.442965
319 324 -1 -1 29.860218
296 319 324 -1 34.792481
176 216 -1 -1 36.737658
176 203 216 -1 37.239081
256 296 -1 -1 25.863884
239 256 296 -1 40.409623
216 256 -1 -1 29.112660
216 239 256 -1 34.396046
319 346 -1 -1 29.783812
319 324 346 -1 36.824285
176 190 -1 -1 25.031989
190 216 -1 -1 27.215779
176 190 216 -1 37.644669
382 390 -1 -1 27.725955
390 418 -1 -1 30.674240
382 390 418 -1 36.869913
346 390 -1 -1 34.746443
346 382 390 -1 36.638967
437 457 -1 -1 30.425756
457 464 -1 -1 25.204611
437 457 464 -1 39.101616
319 345 -1 -1 21.864455
345 346 -1 -1 19.173432
319 345 346 -1 30.172802
390 437 -1 -1 46.312247
390 418 437 -1 47.099432
151 190 -1 -1 33.066748
151 176 190 -1 33.654142
464 490 -1 -1 30.823617
284 296 -1 -1 24.537996
429 437 -1 -1 32.923536
390 429 -1 -1 32.594706
390 429 437 -1 46.312247
216 222 -1 -1 25.179015
222 256 -1 -1 26.319461
216 222 256 -1 31.539318
284 319 -1 -1 27.636522
284 296 319 -1 31.414642
256 284 -1 -1 23.679145
256 284 296 -1 29.156195
429 457 -1 -1 26.387598
429 437 457 -1 35.102641
151 157 -1 -1 18.054419
190 222 -1 -1 31.760966
190 216 222 -1 38.142510
345 352 -1 -1 14.737790
346 352 -1 -1 29.638311
345 346 352 -1 29.638311
457 490 -1 -1 36.795565
457 464 490 -1 38.898658
352 390 -1 -1 35.081414
346 352 390 -1 41.528840
157 190 -1 -1 31.438729
151 157 190 -1 36.937210
314 319 -1 -1 21.845729
314 345 -1 -1 30.793715
314 319 345 -1 31.326719
284 314 -1 -1 24.987988
284 314 319 -1 30.994089
352 384 -1 -1 19.887508
384 390 -1 -1 20.959776
352 384 390 -1 35.915727
457 479 -1 -1 27.636853
479 490 -1 -1 23.043589
457 479 490 -1 36.795565
390 405 -1 -1 23.735785
405 429 -1 -1 23.310092
390 405 429 -1 34.673224
256 260 -1 -1 26.968397
222 260 -1 -1 23.162066
222 256 260 -1 35.876812
260 284 -1 -1 27.812288
256 260 284 -1 29.707782
314 352 -1 -1 29.872144
314 345 352 -1 33.844894
384 405 -1 -1 20.062314
384 390 405 -1 26.542639
190 195 -1 -1 20.226391
157 195 -1 -1 31.513204
157 190 195 -1 35.039009
157 190 195 -1 35.039009
178 195 -1 -1 15.216420
157 178 -1 -1 21.062774
157 178 195 -1 31.838303
157 178 195 -1 31.838303
195 222 -1 -1 37.715948
190 195 222 -1 37.715948
152 157 -1 -1 19.413654
195 213 -1 -1 22.563816
213 222 -1 -1 22.353105
195 213 222 -1 38.979716
352 370 -1 -1 25.644310
370 384 -1 -1 18.294538
352 370 384 -1 28.064098
152 178 -1 -1 23.036438
152 157 178 -1 27.399232
314 333 -1 -1 21.186081
333 352 -1 -1 24.695914
314 333 352 -1 32.483576
284 289 -1 -1 24.465605
289 314 -1 -1 30.804791
284 289 314 -1 34.809643
222 243 -1 -1 34.558995
243 260 -1 -1 23.522144
222 243 260 -1 35.520664
260 289 -1 -1 23.795313
260 284 289 -1 30.453136
457 458 -1 -1 29.577722
458 479 -1 -1 26.573081
457 458 479 -1 33.909898
370 405 -1 -1 28.260223
370 384 405 -1 30.660814
429 458 -1 -1 36.196364
429 457 458 -1 39.291418
213 243 -1 -1 31.947126
213 222 243 -1 38.586999
333 370 -1 -1 31.781148
333 352 370 -1 32.692382
178 213 -1 -1 31.212937
178 195 213 -1 31.327527
152 171 -1 -1 31.140633
171 178 -1 -1 23.179656
152 171 178 -1 34.677833
178 201 -1 -1 25.043031
201 213 -1 -1 21.229653
178 201 213 -1 31.212937
427 429 -1 -1 34.324756
289 310 -1 -1 21.710411
310 314 -1 -1 27.355441
289 310 314 -1 32.872407
243 289 -1 -1 27.394187
243 260 289 -1 32.963946
479 487 -1 -1 21.925703
310 333 -1 -1 21.047968
310 314 333 -1 30.447644
405 427 -1 -1 42.268187
405 427 429 -1 43.410762
400 405 -1 -1 22.666870
400 427 -1 -1 26.129500
400 405 427 -1 42.268187
427 458 -1 -1 26.367069
427 429 458 -1 41.351117
370 400 -1 -1 29.012359
370 400 405 -1 34.641032
137 152 -1 -1 24.963868
137 171 -1 -1 25.956059
137 152 171 -1 36.515771
171 201 -1 -1 24.321879
171 178 201 -1 27.891044
213 227 -1 -1 26.325008
227 243 -1 -1 26.332652
213 227 243 -1 34.059877
333 360 -1 -1 26.689181
360 370 -1 -1 18.710983
333 360 370 -1 34.091937
458 487 -1 -1 30.615445
458 479 487 -1 34.634289
201 227 -1 -1 22.070567
201 213 227 -1 27.850954
360 400 -1 -1 30.714478
360 370 400 -1 33.015133
289 304 -1 -1 21.380806
304 310 -1 -1 21.155504
289 304 310 -1 27.116559
272 289 -1 -1 25.861407
243 272 -1 -1 28.962226
243 272 289 -1 41.027619
323 333 -1 -1 23.804914
310 323 -1 -1 21.157508
310 323 333 -1 31.106622
323 360 -1 -1 30.101536
323 333 360 -1 31.559073
272 304 -1 -1 15.981624
272 289 304 -1 26.035093
360 391 -1 -1 27.717275
391 400 -1 -1 23.719168
360 391 400 -1 31.243285
360 365 -1 -1 16.064632
323 365 -1 -1 25.988413
323 360 365 -1 33.386537
458 460 -1 -1 30.168070
460 487 -1 -1 32.586541
458 460 487 -1 37.167911
365 391 -1 -1 20.829027
360 365 391 -1 31.661540
137 162 -1 -1 20.996159
162 171 -1 -1 23.565262
137 162 171 -1 29.250052
171 199 -1 -1 31.929802
199 201 -1 -1 24.799676
171 199 201 -1 33.406594
400 411 -1 -1 22.760799
411 427 -1 -1 27.911524
400 411 427 -1 34.782516
227 265 -1 -1 32.160421
243 265 -1 -1 30.294326
227 243 265 -1 35.247575
265 272 -1 -1 15.713253
243 265 272 -1 32.098707
427 460 -1 -1 36.864604
427 458 460 -1 37.463564
199 227 -1 -1 26.545428
199 201 227 -1 29.341224
391 411 -1 -1 23.830686
391 400 411 -1 26.812467
304 323 -1 -1 37.021857
304 310 323 -1 37.021857
227 237 -1 -1 19.298065
171 177 -1 -1 26.764467
237 265 -1 -1 18.001949
227 237 265 -1 32.986360
177 199 -1 -1 26.813146
171 177 199 -1 34.603147
286 304 -1 -1 18.792493
286 323 -1 -1 32.465621
286 304 323 -1 38.290120
162 177 -1 -1 16.839842
162 171 177 -1 29.765930
272 286 -1 -1 20.148235
272 286 304 -1 22.031543
323 347 -1 -1 20.186658
347 365 -1 -1 20.249265
323 347 365 -1 27.357987
199 237 -1 -1 30.808234
199 227 237 -1 32.984374
265 286 -1 -1 30.687723
265 272 286 -1 31.255329
411 430 -1 -1 22.801079
427 430 -1 -1 34.200262
411 427 430 -1 34.313188
323 328 -1 -1 19.226309
286 328 -1 -1 28.343274
286 323 328 -1 33.917204
430 460 -1 -1 30.207039
427 430 460 -1 43.202467
460 480 -1 -1 33.077057
328 347 -1 -1 17.233885
323 328 347 -1 21.412692
365 369 -1 -1 21.116794
347 369 -1 -1 20.363489
347 365 369 -1 24.253077
369 391 -1 -1 24.257819
365 369 391 -1 25.859888
149 162 -1 -1 23.981678
265 266 -1 -1 25.725447
266 286 -1 -1 22.822801
265 266 286 -1 33.755010
199 219 -1 -1 28.419660
219 237 -1 -1 24.738411
199 219 237 -1 32.617001
286 312 -1 -1 22.334531
312 328 -1 -1 15.892311
286 312 328 -1 28.628697
391 397 -1 -1 23.529133
397 411 -1 -1 22.548439
391 397 411 -1 29.616336
149 177 -1 -1 24.317732
149 162 177 -1 27.524885
237 266 -1 -1 31.986704
237 265 266 -1 33.926110
312 347 -1 -1 27.615572
312 328 347 -1 29.014514
369 397 -1 -1 27.922032
369 391 397 -1 30.555799
397 430 -1 -1 31.032599
397 411 430 -1 32.886457
177 179 -1 -1 26.757724
179 199 -1 -1 29.167087
177 179 199 -1 31.466884
459 460 -1 -1 27.597737
459 480 -1 -1 28.227676
459 460 480 -1 35.195995
430 459 -1 -1 26.605730
430 459 460 -1 36.625921
219 266 -1 -1 35.393183
219 237 266 -1 36.747625
149 179 -1 -1 29.769497
149 177 179 -1 33.014749
179 219 -1 -1 30.540911
179 199 219 -1 34.959898
335 347 -1 -1 21.567469
335 369 -1 -1 25.567756
335 347 369 -1 28.361966
266 312 -1 -1 39.049111
266 286 312 -1 39.276609
312 335 -1 -1 19.609988
312 335 347 -1 33.453362
397 422 -1 -1 22.752963
422 430 -1 -1 20.796103
397 422 430 -1 32.807413
266 287 -1 -1 25.146623
287 312 -1 -1 21.653723
266 287 312 -1 39.230270
363 369 -1 -1 18.230966
363 397 -1 -1 29.540252
363 369 397 -1 32.490815
430 440 -1 -1 23.484556
440 459 -1 -1 18.862000
430 440 459 -1 28.283554
422 440 -1 -1 18.508714
422 430 440 -1 25.713275
143 149 -1 -1 20.607293
143 179 -1 -1 31.417138
143 149 179 -1 34.482138
248 266 -1 -1 23.846933
219 248 -1 -1 27.218460
219 248 266 -1 37.919345
335 363 -1 -1 23.927200
335 363 369 -1 28.347505
287 335 -1 -1 33.129139
287 312 335 -1 33.754116
363 373 -1 -1 18.907076
373 397 -1 -1 32.864559
363 373 397 -1 36.672950
135 -1 -1 -1 0.000000
137 -1 -1 -1 0.000000
138 -1 -1 -1 0.000000
140 -1 -1 -1 0.000000
141 -1 -1 -1 0.000000
143 -1 -1 -1 0.000000
147 -1 -1 -1 0.000000
149 -1 -1 -1 0.000000
150 -1 -1 -1 0.000000
151 -1 -1 -1 0.000000
152 -1 -1 -1 0.000000
154 -1 -1 -1 0.000000
157 -1 -1 -1 0.000000
160 -1 -1 -1 0.000000
161 -1 -1 -1 0.000000
162 -1 -1 -1 0.000000
165 -1 -1 -1 0.000000
166 -1 -1 -1 0.000000
168 -1 -1 -1 0.000000
171 -1 -1 -1 0.000000
172 -1 -1 -1 0.000000
173 -1 -1 -1 0.000000
176 -1 -1 -1 0.000000
177 -1 -1 -1 0.000000
178 -1 -1 -1 0.000000
179 -1 -1 -1 0.000000
180 -1 -1 -1 0.000000
183 -1 -1 -1 0.000000
188 -1 -1 -1 0.000000
190 -1 -1 -1 0.000000
192 -1 -1 -1 0.000000
194 -1 -1 -1 0.000000
195 -1 -1 -1 0.000000
197 -1 -1 -1 0.000000
198 -1 -1 -1 0.000000
199 -1 -1 -1 0.000000
200 -1 -1 -1 0.000000
201 -1 -1 -1 0.000000
202 -1 -1 -1 0.000000
203 -1 -1 -1 0.000000
204 -1 -1 -1 0.000000
211 -1 -1 -1 0.000000
212 -1 -1 -1 0.000000
213 -1 -1 -1 0.000000
216 -1 -1 -1 0.000000
217 -1 -1 -1 0.000000
218 -1 -1 -1 0.000000
219 -1 -1 -1 0.000000
222 -1 -1 -1 0.000000
226 -1 -1 -1 0.000000
227 -1 -1 -1 0.000000
228 -1 -1 -1 0.000000
232 -1 -1 -1 0.000000
237 -1 -1 -1 0.000000
238 -1 -1 -1 0.000000
239 -1 -1 -1 0.000000
241 -1 -1 -1 0.000000
242 -1 -1 -1 0.000000
243 -1 -1 -1 0.000000
244 -1 -1 -1 0.000000
247 -1 -1 -1 0.000000
248 -1 -1 -1 0.000000
250 -1 -1 -1 0.000000
253 -1 -1 -1 0.000000
256 -1 -1 -1 0.000000
258 -1 -1 -1 0.000000
259 -1 -1 -1 0.000000
260 -1 -1 -1 0.000000
262 -1 -1 -1 0.000000
264 -1 -1 -1 0.000000
265 -1 -1 -1 0.000000
266 -1 -1 -1 0.000000
269 -1 -1 -1 0.000000
270 -1 -1 -1 0.000000
271 -1 -1 -1 0.000000
272 -1 -1 -1 0.000000
273 -1 -1 -1 0.000000
276 -1 -1 -1 0.000000
281 -1 -1 -1 0.000000
283 -1 -1 -1 0.000000
284 -1 -1 -1 0.000000
286 -1 -1 -1 0.000000
287 -1 -1 -1 0.000000
288 -1 -1 -1 0.000000
289 -1 -1 -1 0.000000
291 -1 -1 -1 0.000000
292 -1 -1 -1 0.000000
296 -1 -1 -1 0.000000
298 -1 -1 -1 0.000000
302 -1 -1 -1 0.000000
303 -1 -1 -1 0.000000
304 -1 -1 -1 0.000000
305 -1 -1 -1 0.000000
306 -1 -1 -1 0.000000
307 -1 -1 -1 0.000000
309 -1 -1 -1 0.000000
310 -1 -1 -1 0.000000
311 -1 -1 -1 0.000000
312 -1 -1 -1 0.000000
314 -1 -1 -1 0.000000
316 -1 -1 -1 0.000000
319 -1 -1 -1 0.000000
323 -1 -1 -1 0.000000
324 -1 -1 -1 0.000000
326 -1 -1 -1 0.000000
328 -1 -1 -1 0.000000
329 -1 -1 -1 0.000000
330 -1 -1 -1 0.000000
333 -1 -1 -1 0.000000
335 -1 -1 -1 0.000000
339 -1 -1 -1 0.000000
340 -1 -1 -1 0.000000
341 -1 -1 -1 0.000000
344 -1 -1 -1 0.000000
345 -1 -1 -1 0.000000
346 -1 -1 -1 0.000000
347 -1 -1 -1 0.000000
352 -1 -1 -1 0.000000
354 -1 -1 -1 0.000000
355 -1 -1 -1 0.000000
356 -1 -1 -1 0.000000
357 -1 -1 -1 0.000000
359 -1 -1 -1 0.000000
360 -1 -1 -1 0.000000
361 -1 -1 -1 0.000000
362 -1 -1 -1 0.000000
363 -1 -1 -1 0.000000
365 -1 -1 -1 0.000000
368 -1 -1 -1 0.000000
369 -1 -1 -1 0.000000
370 -1 -1 -1 0.000000
373 -1 -1 -1 0.000000
380 -1 -1 -1 0.000000
381 -1 -1 -1 0.000000
382 -1 -1 -1 0.000000
383 -1 -1 -1 0.000000
384 -1 -1 -1 0.000000
386 -1 -1 -1 0.000000
387 -1 -1 -1 0.000000
390 -1 -1 -1 0.000000
391 -1 -1 -1 0.000000
394 -1 -1 -1 0.000000
397 -1 -1 -1 0.000000
400 -1 -1 -1 0.000000
403 -1 -1 -1 0.000000
405 -1 -1 -1 0.000000
407 -1 -1 -1 0.000000
411 -1 -1 -1 0.000000
412 -1 -1 -1 0.000000
417 -1 -1 -1 0.000000
418 -1 -1 -1 0.000000
419 -1 -1 -1 0.000000
420 -1 -1 -1 0.000000
422 -1 -1 -1 0.000000
423 -1 -1 -1 0.000000
426 -1 -1 -1 0.000000
427 -1 -1 -1 0.000000
429 -1 -1 -1 0.000000
430 -1 -1 -1 0.000000
436 -1 -1 -1 0.000000
437 -1 -1 -1 0.000000
440 -1 -1 -1 0.000000
443 -1 -1 -1 0.000000
445 -1 -1 -1 0.000000
446 -1 -1 -1 0.000000
448 -1 -1 -1 0.000000
450 -1 -1 -1 0.000000
451 -1 -1 -1 0.000000
453 -1 -1 -1 0.000000
457 -1 -1 -1 0.000000
458 -1 -1 -1 0.000000
459 -1 -1 -1 0.000000
460 -1 -1 -1 0.000000
464 -1 -1 -1 0.000000
465 -1 -1 -1 0.000000
470 -1 -1 -1 0.000000
473 -1 -1 -1 0.000000
477 -1 -1 -1 0.000000
478 -1 -1 -1 0.000000
479 -1 -1 -1 0.000000
480 -1 -1 -1 0.000000
483 -1 -1 -1 0.000000
485 -1 -1 -1 0.000000
486 -1 -1 -1 0.000000
487 -1 -1 -1 0.000000
490 -1 -1 -1 0.000000
491 -1 -1 -1 0.000000
