618 640 -1 -1 17.029124
440 471 -1 -1 16.109072
423 440 -1 -1 10.928239
401 423 -1 -1 11.361284
315 356 -1 -1 26.405833
500 528 -1 -1 9.355788
528 542 -1 -1 10.495602
440 462 -1 -1 14.074280
462 471 -1 -1 12.069975
440 462 471 -1 21.718854
471 500 -1 -1 14.308357
542 572 -1 -1 12.212411
356 377 -1 -1 16.026179
618 629 -1 -1 10.652489
629 640 -1 -1 12.469189
618 629 640 -1 18.629813
640 685 -1 -1 22.809501
685 707 -1 -1 15.027255
596 618 -1 -1 13.238019
377 401 -1 -1 15.524576
315 345 -1 -1 17.713213
345 356 -1 -1 22.516871
315 345 356 -1 28.059007
471 485 -1 -1 17.255693
485 500 -1 -1 13.485761
471 485 500 -1 18.711976
629 660 -1 -1 11.663472
640 660 -1 -1 13.756710
629 640 660 -1 15.563844
401 424 -1 -1 15.846299
423 424 -1 -1 16.371134
401 423 424 -1 19.580921
424 440 -1 -1 17.778196
423 424 440 -1 18.366239
572 596 -1 -1 18.419968
596 629 -1 -1 12.903065
596 618 629 -1 14.546663
678 685 -1 -1 10.734936
678 707 -1 -1 16.525572
678 685 707 -1 17.626374
707 719 -1 -1 16.092317
660 685 -1 -1 13.575449
640 660 685 -1 25.379749
572 575 -1 -1 19.775498
575 596 -1 -1 12.044395
572 575 596 -1 20.245683
542 575 -1 -1 19.373803
542 572 575 -1 23.941073
660 678 -1 -1 10.762774
660 678 685 -1 13.833180
462 485 -1 -1 16.212443
462 471 485 -1 19.558734
345 377 -1 -1 16.100842
345 356 377 -1 23.416663
440 453 -1 -1 21.828833
453 462 -1 -1 10.483428
440 453 462 -1 22.041524
500 523 -1 -1 17.993898
523 528 -1 -1 13.663214
500 523 528 -1 18.349217
377 394 -1 -1 15.174506
394 401 -1 -1 15.676254
377 394 401 -1 20.485332
424 453 -1 -1 12.073925
424 440 453 -1 22.443242
485 523 -1 -1 16.819207
485 500 523 -1 20.074560
523 542 -1 -1 15.846864
523 528 542 -1 15.870178
699 707 -1 -1 19.563139
678 699 -1 -1 10.851656
678 699 707 -1 20.712735
699 719 -1 -1 14.580621
699 707 719 -1 20.006466
629 634 -1 -1 10.768890
634 660 -1 -1 10.778781
629 634 660 -1 13.383381
596 634 -1 -1 17.989979
596 629 634 -1 18.324611
394 424 -1 -1 15.468162
394 401 424 -1 21.464561
542 549 -1 -1 17.643253
634 678 -1 -1 18.008955
634 660 678 -1 18.965873
523 549 -1 -1 15.584083
523 542 549 -1 23.064629
549 575 -1 -1 13.092830
542 549 575 -1 22.689817
596 604 -1 -1 15.638296
604 634 -1 -1 13.910813
596 604 634 -1 20.013607
634 659 -1 -1 13.758859
659 678 -1 -1 15.526478
634 659 678 -1 19.119264
462 484 -1 -1 27.156637
484 485 -1 -1 14.293257
462 484 485 -1 27.156637
575 604 -1 -1 19.533967
575 596 604 -1 20.779389
345 375 -1 -1 18.615225
375 377 -1 -1 20.495976
345 375 377 -1 22.256634
375 394 -1 -1 14.688940
375 377 394 -1 20.943507
453 456 -1 -1 15.772194
456 462 -1 -1 21.698092
453 456 462 -1 21.698092
456 484 -1 -1 16.141287
456 462 484 -1 27.441445
484 523 -1 -1 18.890283
484 485 523 -1 20.116077
659 699 -1 -1 19.387785
659 678 699 -1 20.906947
394 421 -1 -1 21.293475
421 424 -1 -1 15.658580
394 421 424 -1 23.245780
315 318 -1 -1 24.755365
421 453 -1 -1 18.807593
421 424 453 -1 21.637243
421 456 -1 -1 15.814505
421 453 456 -1 20.680193
523 531 -1 -1 17.348422
531 549 -1 -1 12.259649
523 531 549 -1 18.171258
604 659 -1 -1 21.611286
604 634 659 -1 21.911356
318 345 -1 -1 22.121711
315 318 345 -1 28.310921
484 531 -1 -1 20.974056
484 523 531 -1 25.872299
687 699 -1 -1 15.785964
659 687 -1 -1 27.234009
659 687 699 -1 28.328801
549 578 -1 -1 19.523568
575 578 -1 -1 19.042829
549 575 578 -1 20.085393
578 604 -1 -1 19.928769
575 578 604 -1 23.514372
394 403 -1 -1 17.254397
403 421 -1 -1 13.750201
394 403 421 -1 21.293475
345 347 -1 -1 18.231908
318 347 -1 -1 16.166239
318 345 347 -1 23.628323
375 403 -1 -1 15.287950
375 394 403 -1 18.648334
347 375 -1 -1 18.519400
345 347 375 -1 23.973328
604 613 -1 -1 14.366302
613 659 -1 -1 20.765918
604 613 659 -1 24.448236
484 519 -1 -1 18.986575
519 531 -1 -1 11.403421
484 519 531 -1 20.996280
531 578 -1 -1 21.334973
531 549 578 -1 21.337833
318 322 -1 -1 13.033970
347 364 -1 -1 14.043514
364 375 -1 -1 14.987601
347 364 375 -1 21.702376
578 613 -1 -1 22.620531
578 604 613 -1 25.405227
659 666 -1 -1 14.210742
666 687 -1 -1 18.959221
659 666 687 -1 34.235088
322 347 -1 -1 13.775474
318 322 347 -1 16.969483
456 477 -1 -1 19.295347
477 484 -1 -1 17.664839
456 477 484 -1 21.733662
613 666 -1 -1 22.385267
613 659 666 -1 23.268751
531 560 -1 -1 19.646062
560 578 -1 -1 15.341621
531 560 578 -1 23.559536
421 445 -1 -1 19.742627
445 456 -1 -1 16.334086
421 445 456 -1 22.379199
403 416 -1 -1 14.292283
416 421 -1 -1 18.816716
403 416 421 -1 20.859060
477 519 -1 -1 18.070499
477 484 519 -1 22.993651
375 400 -1 -1 21.693122
400 403 -1 -1 12.759511
375 400 403 -1 22.231237
416 445 -1 -1 15.294783
416 421 445 -1 21.187136
578 599 -1 -1 15.355530
599 613 -1 -1 15.159477
578 599 613 -1 23.896318
666 693 -1 -1 16.813895
687 693 -1 -1 17.718188
666 687 693 -1 21.617458
445 477 -1 -1 18.560748
445 456 477 -1 22.225439
613 653 -1 -1 17.983624
653 666 -1 -1 10.826322
613 653 666 -1 23.081717
364 400 -1 -1 19.262698
364 375 400 -1 23.994466
400 416 -1 -1 15.041706
400 403 416 -1 16.996438
519 560 -1 -1 21.448904
519 531 560 -1 21.522089
560 599 -1 -1 15.330368
560 578 599 -1 17.424859
322 343 -1 -1 16.837694
343 347 -1 -1 18.440787
322 343 347 -1 19.377830
343 364 -1 -1 18.617038
343 347 364 -1 20.875962
477 524 -1 -1 21.237447
519 524 -1 -1 11.619461
477 519 524 -1 23.285065
322 327 -1 -1 16.073177
653 693 -1 -1 19.223709
653 666 693 -1 20.591411
613 631 -1 -1 17.642930
599 631 -1 -1 16.308668
599 613 631 -1 19.304861
631 653 -1 -1 13.854240
613 631 653 -1 20.867029
364 366 -1 -1 14.368134
366 400 -1 -1 23.162778
364 366 400 -1 24.124783
524 560 -1 -1 17.645771
519 524 560 -1 23.574685
327 343 -1 -1 10.676798
322 327 343 -1 18.295606
343 366 -1 -1 19.747537
343 364 366 -1 25.687132
416 434 -1 -1 18.936371
434 445 -1 -1 15.807838
416 434 445 -1 23.133405
445 468 -1 -1 17.176256
468 477 -1 -1 17.074937
445 468 477 -1 20.734800
477 501 -1 -1 18.828668
501 524 -1 -1 13.190079
477 501 524 -1 23.443668
597 599 -1 -1 12.841115
560 597 -1 -1 19.755419
560 597 599 -1 20.710945
400 406 -1 -1 23.705292
406 416 -1 -1 17.089953
400 406 416 -1 24.193751
597 631 -1 -1 13.968453
597 599 631 -1 16.459499
366 406 -1 -1 20.789784
366 400 406 -1 27.540021
560 564 -1 -1 16.040212
524 564 -1 -1 19.145535
524 560 564 -1 20.301905
653 656 -1 -1 13.711725
656 693 -1 -1 20.768249
653 656 693 -1 22.543192
434 468 -1 -1 14.271477
434 445 468 -1 20.634571
468 501 -1 -1 15.258468
468 477 501 -1 20.246004
631 656 -1 -1 14.998182
631 653 656 -1 17.559734
564 597 -1 -1 15.900737
560 564 597 -1 22.845991
406 434 -1 -1 16.465113
406 416 434 -1 23.819003
319 327 -1 -1 12.076349
524 536 -1 -1 14.369663
501 536 -1 -1 18.705761
501 524 536 -1 21.900606
536 564 -1 -1 12.596931
524 536 564 -1 21.124584
689 693 -1 -1 16.611795
656 689 -1 -1 16.591757
656 689 693 -1 22.572363
597 625 -1 -1 16.387406
625 631 -1 -1 15.063242
597 625 631 -1 18.256515
564 584 -1 -1 14.499022
584 597 -1 -1 14.052847
564 584 597 -1 18.243723
625 656 -1 -1 17.179764
625 631 656 -1 21.328644
343 353 -1 -1 19.095968
353 366 -1 -1 16.983455
343 353 366 -1 22.724996
327 353 -1 -1 22.573512
327 343 353 -1 22.888317
468 506 -1 -1 30.336258
501 506 -1 -1 16.297730
468 501 506 -1 30.904309
468 476 -1 -1 17.025195
476 506 -1 -1 16.234663
468 476 506 -1 30.336258
584 625 -1 -1 17.267057
584 597 625 -1 20.241387
366 385 -1 -1 17.311816
506 536 -1 -1 13.126101
501 506 536 -1 19.617411
385 406 -1 -1 16.524298
366 385 406 -1 26.334944
434 476 -1 -1 24.117743
434 468 476 -1 24.411137
536 584 -1 -1 24.484439
536 564 584 -1 24.484439
319 353 -1 -1 18.690572
319 327 353 -1 24.204505
353 385 -1 -1 16.691472
353 366 385 -1 19.818691
656 674 -1 -1 14.214801
674 689 -1 -1 19.080818
656 674 689 -1 21.831237
316 319 -1 -1 11.830338
434 448 -1 -1 17.235681
448 476 -1 -1 14.779314
434 448 476 -1 25.114761
406 448 -1 -1 28.945882
406 434 448 -1 30.285107
536 556 -1 -1 13.621832
556 584 -1 -1 14.952785
536 556 584 -1 25.998132
406 417 -1 -1 16.684932
385 417 -1 -1 20.929085
385 406 417 -1 25.695946
689 698 -1 -1 12.657041
417 448 -1 -1 17.338853
406 417 448 -1 29.656833
625 649 -1 -1 15.537093
649 656 -1 -1 19.469037
625 649 656 -1 22.174619
649 674 -1 -1 9.845347
649 656 674 -1 19.469037
506 556 -1 -1 17.627768
506 536 556 -1 18.083054
319 348 -1 -1 21.785279
348 353 -1 -1 16.154739
319 348 353 -1 24.898456
674 698 -1 -1 16.119825
674 689 698 -1 20.559392
353 373 -1 -1 22.965105
373 385 -1 -1 15.269059
353 373 385 -1 23.143615
584 598 -1 -1 14.065207
598 625 -1 -1 14.935798
584 598 625 -1 20.845939
556 566 -1 -1 8.142554
566 584 -1 -1 14.138635
556 566 584 -1 18.799830
698 709 -1 -1 10.503897
373 417 -1 -1 21.852619
373 385 417 -1 23.593069
566 598 -1 -1 20.463579
566 584 598 -1 22.494223
348 373 -1 -1 19.481210
348 353 373 -1 28.529244
506 515 -1 -1 12.052846
476 515 -1 -1 22.135445
476 506 515 -1 22.631149
506 566 -1 -1 28.645035
506 556 566 -1 28.645035
598 649 -1 -1 21.726805
598 625 649 -1 22.265804
316 348 -1 -1 16.942114
316 319 348 -1 25.356727
506 551 -1 -1 23.387230
551 566 -1 -1 10.797564
506 551 566 -1 29.835797
641 649 -1 -1 11.493284
598 641 -1 -1 18.001946
598 641 649 -1 21.726805
668 674 -1 -1 12.291084
668 698 -1 -1 17.272192
668 674 698 -1 19.348505
448 450 -1 -1 16.110771
417 450 -1 -1 22.766552
417 448 450 -1 25.957520
448 486 -1 -1 21.292270
476 486 -1 -1 15.768691
448 476 486 -1 21.677343
649 668 -1 -1 12.978036
649 668 674 -1 13.745959
515 551 -1 -1 14.642387
506 515 551 -1 23.387230
668 709 -1 -1 22.279900
668 698 709 -1 22.283304
566 583 -1 -1 9.676955
583 598 -1 -1 14.821270
566 583 598 -1 21.889679
450 486 -1 -1 15.228471
448 450 486 -1 22.548902
486 515 -1 -1 14.322152
476 486 515 -1 24.732652
641 668 -1 -1 14.703730
641 649 668 -1 16.200541
668 684 -1 -1 12.456149
684 709 -1 -1 14.241268
668 684 709 -1 22.537497
551 583 -1 -1 13.487386
551 566 583 -1 15.009454
373 407 -1 -1 18.099308
407 417 -1 -1 17.721936
373 407 417 -1 29.176456
598 609 -1 -1 10.935242
310 316 -1 -1 16.204881
316 346 -1 -1 21.379446
346 348 -1 -1 12.324269
316 346 348 -1 22.181103
609 641 -1 -1 12.378998
598 609 641 -1 18.605538
417 435 -1 -1 18.465498
435 450 -1 -1 15.059054
417 435 450 -1 23.849713
583 609 -1 -1 16.191829
583 598 609 -1 17.383372
407 435 -1 -1 12.750254
407 417 435 -1 19.401974
515 525 -1 -1 11.589902
310 346 -1 -1 16.360679
310 316 346 -1 22.650584
486 525 -1 -1 18.068282
486 515 525 -1 19.698684
348 370 -1 -1 23.152119
370 373 -1 -1 18.754996
348 370 373 -1 23.775978
525 551 -1 -1 14.475833
515 525 551 -1 19.972420
525 557 -1 -1 11.753440
551 557 -1 -1 10.296928
525 551 557 -1 14.509404
551 579 -1 -1 20.188163
579 583 -1 -1 9.219419
551 579 583 -1 20.188163
557 579 -1 -1 19.343068
551 557 579 -1 22.721402
579 609 -1 -1 13.651934
579 583 609 -1 16.383193
626 641 -1 -1 13.107836
626 668 -1 -1 18.264372
626 641 668 -1 18.523467
370 407 -1 -1 16.063374
370 373 407 -1 21.214446
609 626 -1 -1 15.737938
609 626 641 -1 17.416585
346 350 -1 -1 26.797850
348 350 -1 -1 24.041328
346 348 350 -1 27.754887
486 502 -1 -1 14.467369
502 525 -1 -1 11.577189
486 502 525 -1 20.188657
626 684 -1 -1 25.409291
626 668 684 -1 25.784527
310 350 -1 -1 23.223561
310 346 350 -1 30.512165
350 370 -1 -1 17.567682
348 350 370 -1 29.045752
684 696 -1 -1 8.847928
684 718 -1 -1 20.771660
450 502 -1 -1 29.369683
450 486 502 -1 29.369683
696 718 -1 -1 19.663971
684 696 718 -1 22.743136
435 443 -1 -1 16.449683
443 450 -1 -1 16.378294
435 443 450 -1 19.920728
579 626 -1 -1 25.609131
579 609 626 -1 25.788319
450 474 -1 -1 18.334470
474 502 -1 -1 14.576228
450 474 502 -1 31.126434
554 557 -1 -1 17.303181
554 579 -1 -1 15.674444
554 557 579 -1 19.433728
626 661 -1 -1 17.102810
661 684 -1 -1 20.747300
626 661 684 -1 26.804769
661 696 -1 -1 17.573228
661 684 696 -1 20.818570
443 474 -1 -1 14.672354
443 450 474 -1 22.045250
525 532 -1 -1 10.541363
502 532 -1 -1 12.191916
502 525 532 -1 14.603426
525 554 -1 -1 20.794231
525 554 557 -1 22.001773
579 600 -1 -1 15.084152
600 626 -1 -1 16.822141
579 600 626 -1 28.278199
413 435 -1 -1 19.109002
407 413 -1 -1 16.383918
407 413 435 -1 20.466818
413 443 -1 -1 15.005845
413 435 443 -1 20.750777
370 413 -1 -1 24.718659
370 407 413 -1 25.551597
370 382 -1 -1 12.217195
350 382 -1 -1 17.969170
350 370 382 -1 25.766038
532 554 -1 -1 18.509245
525 532 554 -1 23.672770
310 326 -1 -1 17.402111
502 507 -1 -1 23.601684
326 350 -1 -1 15.075430
310 326 350 -1 25.379993
474 507 -1 -1 28.894536
474 502 507 -1 32.875628
507 532 -1 -1 10.397733
502 507 532 -1 23.601684
554 600 -1 -1 20.061900
554 579 600 -1 22.131798
661 718 -1 -1 26.030492
661 696 718 -1 26.541438
661 697 -1 -1 19.901890
697 718 -1 -1 14.803980
661 697 718 -1 27.206211
305 326 -1 -1 12.149115
600 642 -1 -1 17.464749
626 642 -1 -1 18.897157
600 626 642 -1 22.237152
642 661 -1 -1 23.908341
626 642 661 -1 26.160305
507 554 -1 -1 19.116161
507 532 554 -1 19.116161
457 474 -1 -1 13.180433
443 457 -1 -1 17.314518
443 457 474 -1 21.309924
382 413 -1 -1 20.170715
370 382 413 -1 31.445563
457 507 -1 -1 22.252434
457 474 507 -1 29.657186
554 576 -1 -1 18.042294
576 600 -1 -1 14.272803
554 576 600 -1 23.527098
326 337 -1 -1 14.235425
337 350 -1 -1 15.953199
326 337 350 -1 17.817270
413 457 -1 -1 30.199151
413 443 457 -1 30.507509
381 382 -1 -1 14.175888
411 413 -1 -1 12.879593
633 642 -1 -1 10.533198
633 661 -1 -1 17.585174
633 642 661 -1 25.194192
350 381 -1 -1 26.253540
350 381 382 -1 28.078363
382 411 -1 -1 20.105856
382 411 413 -1 21.691888
413 441 -1 -1 20.798506
441 457 -1 -1 19.262412
413 441 457 -1 31.981341
305 337 -1 -1 18.168719
305 326 337 -1 18.948377
507 576 -1 -1 31.149980
507 554 576 -1 31.149980
576 642 -1 -1 29.022453
576 633 -1 -1 25.027367
600 633 -1 -1 23.683160
576 600 642 -1 29.022453
576 633 642 -1 29.022453
576 600 633 -1 29.022453
600 633 642 -1 23.683160
576 600 633 642 29.022453
296 305 -1 -1 15.031127
457 472 -1 -1 7.621002
441 472 -1 -1 14.578819
441 457 472 -1 23.204007
633 697 -1 -1 29.190082
633 661 697 -1 29.246100
381 411 -1 -1 15.439839
381 382 411 -1 21.092427
411 441 -1 -1 17.483940
411 413 441 -1 20.798506
337 358 -1 -1 16.059286
350 358 -1 -1 26.449975
337 350 358 -1 26.449975
358 381 -1 -1 12.134731
350 358 381 -1 28.759308
507 513 -1 -1 14.602406
457 513 -1 -1 30.185223
457 507 513 -1 30.633226
633 688 -1 -1 24.724931
688 697 -1 -1 13.841371
633 688 697 -1 29.238597
425 441 -1 -1 15.710369
411 425 -1 -1 15.362461
411 425 441 -1 21.635711
513 576 -1 -1 26.469289
507 513 576 -1 33.851146
305 325 -1 -1 16.976207
325 337 -1 -1 12.161990
305 325 337 -1 21.331190
472 513 -1 -1 30.798034
457 472 513 -1 31.531878
441 469 -1 -1 14.868955
469 472 -1 -1 11.391137
441 469 472 -1 17.017880
472 493 -1 -1 27.479468
493 513 -1 -1 17.743984
472 493 513 -1 30.798034
513 580 -1 -1 25.967715
576 580 -1 -1 11.177244
513 576 580 -1 27.056269
296 325 -1 -1 13.927028
296 305 325 -1 20.910304
580 633 -1 -1 27.221133
576 580 633 -1 27.763232
633 655 -1 -1 12.299416
655 688 -1 -1 19.318775
633 655 688 -1 25.376868
381 404 -1 -1 26.544543
404 411 -1 -1 27.255750
381 404 411 -1 31.469263
469 493 -1 -1 21.430051
469 472 493 -1 30.389331
624 633 -1 -1 15.860305
580 624 -1 -1 16.486638
580 624 633 -1 28.102000
624 655 -1 -1 15.354016
624 633 655 -1 21.797530
325 358 -1 -1 21.197235
325 337 358 -1 21.227761
404 425 -1 -1 14.706509
404 411 425 -1 27.255750
513 569 -1 -1 22.917491
569 580 -1 -1 10.730530
513 569 580 -1 28.085671
425 469 -1 -1 20.696276
425 441 469 -1 21.176799
325 336 -1 -1 15.069844
336 358 -1 -1 18.124271
325 336 358 -1 21.387789
374 381 -1 -1 17.154177
358 374 -1 -1 15.239215
358 374 381 -1 18.051910
513 537 -1 -1 15.226760
493 537 -1 -1 18.013301
493 513 537 -1 27.388600
569 624 -1 -1 22.098816
569 580 624 -1 23.309798
336 374 -1 -1 19.133951
336 358 374 -1 23.939131
425 447 -1 -1 26.492334
447 469 -1 -1 19.567636
425 447 469 -1 31.352963
537 569 -1 -1 17.374866
513 537 569 -1 24.142366
374 404 -1 -1 18.345097
374 381 404 -1 28.329905
688 705 -1 -1 15.650696
624 652 -1 -1 21.317121
652 655 -1 -1 12.507003
624 652 655 -1 22.009598
296 336 -1 -1 26.373123
296 325 336 -1 26.373123
652 688 -1 -1 22.631665
652 655 688 -1 22.863891
652 705 -1 -1 24.276329
652 688 705 -1 29.716308
447 493 -1 -1 19.355101
447 469 493 -1 24.999331
569 619 -1 -1 21.863718
619 624 -1 -1 13.195058
569 619 624 -1 24.082119
619 652 -1 -1 21.345056
619 624 652 -1 26.050855
296 312 -1 -1 22.669941
312 336 -1 -1 19.865527
296 312 336 -1 31.665367
336 368 -1 -1 18.447877
368 374 -1 -1 12.102995
336 368 374 -1 19.901624
569 581 -1 -1 14.623872
404 447 -1 -1 29.884767
404 425 447 -1 34.541081
581 619 -1 -1 16.618984
569 581 619 -1 22.383573
537 581 -1 -1 21.591807
537 569 581 -1 23.029147
374 396 -1 -1 30.058605
396 404 -1 -1 18.961608
374 396 404 -1 31.964975
652 700 -1 -1 21.157283
700 705 -1 -1 10.941318
652 700 705 -1 24.786992
312 342 -1 -1 26.006911
336 342 -1 -1 17.575997
312 336 342 -1 31.180779
404 439 -1 -1 30.216449
439 447 -1 -1 16.167066
404 439 447 -1 35.469888
342 368 -1 -1 11.287121
336 342 368 -1 20.896449
537 539 -1 -1 16.900785
493 503 -1 -1 25.265971
447 503 -1 -1 25.870493
447 493 503 -1 32.650775
493 539 -1 -1 30.693870
493 537 539 -1 32.978875
652 657 -1 -1 13.013604
539 581 -1 -1 17.575925
537 539 581 -1 23.753110
619 657 -1 -1 20.127893
619 652 657 -1 23.266778
368 396 -1 -1 26.218386
368 374 396 -1 32.452057
619 621 -1 -1 13.916283
581 621 -1 -1 18.591366
581 619 621 -1 21.644499
657 700 -1 -1 22.166123
652 657 700 -1 23.965682
503 539 -1 -1 18.762498
493 503 539 -1 32.011535
700 701 -1 -1 8.938076
312 334 -1 -1 23.446434
334 342 -1 -1 12.271990
312 334 342 -1 28.521287
621 657 -1 -1 15.723188
619 621 657 -1 21.291846
657 701 -1 -1 25.637352
657 700 701 -1 26.555543
396 439 -1 -1 23.759708
396 404 439 -1 33.794942
581 592 -1 -1 16.989970
592 621 -1 -1 13.110972
581 592 621 -1 20.014068
368 378 -1 -1 25.757969
378 396 -1 -1 18.490002
368 378 396 -1 27.262429
657 669 -1 -1 16.926123
669 701 -1 -1 16.710443
657 669 701 -1 26.845690
342 378 -1 -1 24.269612
342 368 378 -1 29.831017
539 592 -1 -1 27.223023
539 581 592 -1 27.223023
539 581 592 -1 27.223023
546 592 -1 -1 23.625434
539 546 -1 -1 14.495140
539 546 592 -1 27.516226
539 546 592 -1 27.516226
621 627 -1 -1 15.151193
627 657 -1 -1 21.756148
621 627 657 -1 21.756148
312 323 -1 -1 24.396445
627 669 -1 -1 20.607822
627 657 669 -1 29.610574
323 334 -1 -1 13.198028
312 323 334 -1 24.858033
439 503 -1 -1 31.597906
439 447 503 -1 37.305703
592 627 -1 -1 16.833211
592 621 627 -1 20.023877
503 546 -1 -1 21.371540
503 539 546 -1 24.577487
334 378 -1 -1 24.087346
334 342 378 -1 27.480356
482 503 -1 -1 17.166267
439 482 -1 -1 27.520599
439 482 503 -1 33.967829
701 712 -1 -1 25.879612
669 712 -1 -1 21.031534
669 701 712 -1 31.244520
378 412 -1 -1 19.621228
396 412 -1 -1 18.987896
378 396 412 -1 28.875528
396 451 -1 -1 35.882841
439 451 -1 -1 20.004542
396 439 451 -1 36.638844
592 605 -1 -1 12.915839
546 558 -1 -1 12.389101
558 592 -1 -1 22.305454
546 558 592 -1 26.482523
558 605 -1 -1 18.817505
558 592 605 -1 23.064622
334 344 -1 -1 22.114855
344 378 -1 -1 22.539073
334 344 378 -1 28.941350
412 451 -1 -1 18.267369
396 412 451 -1 37.245175
605 627 -1 -1 20.177008
592 605 627 -1 22.207101
627 662 -1 -1 20.995035
662 669 -1 -1 15.524274
627 662 669 -1 22.634155
503 526 -1 -1 28.705373
526 546 -1 -1 21.628298
503 526 546 -1 29.871471
451 482 -1 -1 17.748613
439 451 482 -1 29.096554
323 344 -1 -1 22.475061
323 334 344 -1 25.382515
662 712 -1 -1 22.175808
662 669 712 -1 25.322700
482 526 -1 -1 18.558940
482 503 526 -1 29.442279
526 558 -1 -1 20.676142
526 546 558 -1 24.777326
627 628 -1 -1 17.059662
605 628 -1 -1 21.150956
605 627 628 -1 24.012924
628 662 -1 -1 17.466400
627 628 662 -1 26.962915
442 451 -1 -1 13.599443
412 442 -1 -1 22.961142
412 442 451 -1 29.104903
291 323 -1 -1 20.330160
480 482 -1 -1 15.437507
451 480 -1 -1 22.621027
451 480 482 -1 26.941264
378 395 -1 -1 22.366073
395 412 -1 -1 15.564149
378 395 412 -1 31.941048
601 605 -1 -1 15.017376
558 601 -1 -1 21.919780
558 601 605 -1 22.823963
601 628 -1 -1 16.189545
601 605 628 -1 24.948728
558 559 -1 -1 14.086758
559 601 -1 -1 17.814090
558 559 601 -1 24.701049
480 526 -1 -1 19.052979
480 482 526 -1 23.543261
526 559 -1 -1 21.350349
526 558 559 -1 21.795259
291 344 -1 -1 30.762066
291 323 344 -1 30.762066
344 395 -1 -1 27.092748
344 378 395 -1 28.991146
395 442 -1 -1 22.937849
395 412 442 -1 24.753192
442 480 -1 -1 19.884052
442 451 480 -1 25.154526
291 -1 -1 -1 0.000000
296 -1 -1 -1 0.000000
305 -1 -1 -1 0.000000
310 -1 -1 -1 0.000000
312 -1 -1 -1 0.000000
315 -1 -1 -1 0.000000
316 -1 -1 -1 0.000000
318 -1 -1 -1 0.000000
319 -1 -1 -1 0.000000
322 -1 -1 -1 0.000000
323 -1 -1 -1 0.000000
325 -1 -1 -1 0.000000
326 -1 -1 -1 0.000000
327 -1 -1 -1 0.000000
334 -1 -1 -1 0.000000
336 -1 -1 -1 0.000000
337 -1 -1 -1 0.000000
342 -1 -1 -1 0.000000
343 -1 -1 -1 0.000000
344 -1 -1 -1 0.000000
345 -1 -1 -1 0.000000
346 -1 -1 -1 0.000000
347 -1 -1 -1 0.000000
348 -1 -1 -1 0.000000
350 -1 -1 -1 0.000000
353 -1 -1 -1 0.000000
356 -1 -1 -1 0.000000
358 -1 -1 -1 0.000000
364 -1 -1 -1 0.000000
366 -1 -1 -1 0.000000
368 -1 -1 -1 0.000000
370 -1 -1 -1 0.000000
373 -1 -1 -1 0.000000
374 -1 -1 -1 0.000000
375 -1 -1 -1 0.000000
377 -1 -1 -1 0.000000
378 -1 -1 -1 0.000000
381 -1 -1 -1 0.000000
382 -1 -1 -1 0.000000
385 -1 -1 -1 0.000000
394 -1 -1 -1 0.000000
395 -1 -1 -1 0.000000
396 -1 -1 -1 0.000000
400 -1 -1 -1 0.000000
401 -1 -1 -1 0.000000
403 -1 -1 -1 0.000000
404 -1 -1 -1 0.000000
406 -1 -1 -1 0.000000
407 -1 -1 -1 0.000000
411 -1 -1 -1 0.000000
412 -1 -1 -1 0.000000
413 -1 -1 -1 0.000000
416 -1 -1 -1 0.000000
417 -1 -1 -1 0.000000
421 -1 -1 -1 0.000000
423 -1 -1 -1 0.000000
424 -1 -1 -1 0.000000
425 -1 -1 -1 0.000000
434 -1 -1 -1 0.000000
435 -1 -1 -1 0.000000
439 -1 -1 -1 0.000000
440 -1 -1 -1 0.000000
441 -1 -1 -1 0.000000
442 -1 -1 -1 0.000000
443 -1 -1 -1 0.000000
445 -1 -1 -1 0.000000
447 -1 -1 -1 0.000000
448 -1 -1 -1 0.000000
450 -1 -1 -1 0.000000
451 -1 -1 -1 0.000000
453 -1 -1 -1 0.000000
456 -1 -1 -1 0.000000
457 -1 -1 -1 0.000000
462 -1 -1 -1 0.000000
468 -1 -1 -1 0.000000
469 -1 -1 -1 0.000000
471 -1 -1 -1 0.000000
472 -1 -1 -1 0.000000
474 -1 -1 -1 0.000000
476 -1 -1 -1 0.000000
477 -1 -1 -1 0.000000
480 -1 -1 -1 0.000000
482 -1 -1 -1 0.000000
484 -1 -1 -1 0.000000
485 -1 -1 -1 0.000000
486 -1 -1 -1 0.000000
493 -1 -1 -1 0.000000
500 -1 -1 -1 0.000000
501 -1 -1 -1 0.000000
502 -1 -1 -1 0.000000
503 -1 -1 -1 0.000000
506 -1 -1 -1 0.000000
507 -1 -1 -1 0.000000
513 -1 -1 -1 0.000000
515 -1 -1 -1 0.000000
519 -1 -1 -1 0.000000
523 -1 -1 -1 0.000000
524 -1 -1 -1 0.000000
525 -1 -1 -1 0.000000
526 -1 -1 -1 0.000000
528 -1 -1 -1 0.000000
531 -1 -1 -1 0.000000
532 -1 -1 -1 0.000000
536 -1 -1 -1 0.000000
537 -1 -1 -1 0.000000
539 -1 -1 -1 0.000000
542 -1 -1 -1 0.000000
546 -1 -1 -1 0.000000
549 -1 -1 -1 0.000000
551 -1 -1 -1 0.000000
554 -1 -1 -1 0.000000
556 -1 -1 -1 0.000000
557 -1 -1 -1 0.000000
558 -1 -1 -1 0.000000
559 -1 -1 -1 0.000000
560 -1 -1 -1 0.000000
564 -1 -1 -1 0.000000
566 -1 -1 -1 0.000000
569 -1 -1 -1 0.000000
572 -1 -1 -1 0.000000
575 -1 -1 -1 0.000000
576 -1 -1 -1 0.000000
578 -1 -1 -1 0.000000
579 -1 -1 -1 0.000000
580 -1 -1 -1 0.000000
581 -1 -1 -1 0.000000
583 -1 -1 -1 0.000000
584 -1 -1 -1 0.000000
592 -1 -1 -1 0.000000
596 -1 -1 -1 0.000000
597 -1 -1 -1 0.000000
598 -1 -1 -1 0.000000
599 -1 -1 -1 0.000000
600 -1 -1 -1 0.000000
601 -1 -1 -1 0.000000
604 -1 -1 -1 0.000000
605 -1 -1 -1 0.000000
609 -1 -1 -1 0.000000
613 -1 -1 -1 0.000000
618 -1 -1 -1 0.000000
619 -1 -1 -1 0.000000
621 -1 -1 -1 0.000000
624 -1 -1 -1 0.000000
625 -1 -1 -1 0.000000
626 -1 -1 -1 0.000000
627 -1 -1 -1 0.000000
628 -1 -1 -1 0.000000
629 -1 -1 -1 0.000000
631 -1 -1 -1 0.000000
633 -1 -1 -1 0.000000
634 -1 -1 -1 0.000000
640 -1 -1 -1 0.000000
641 -1 -1 -1 0.000000
642 -1 -1 -1 0.000000
649 -1 -1 -1 0.000000
652 -1 -1 -1 0.000000
653 -1 -1 -1 0.000000
655 -1 -1 -1 0.000000
656 -1 -1 -1 0.000000
657 -1 -1 -1 0.000000
659 -1 -1 -1 0.000000
660 -1 -1 -1 0.000000
661 -1 -1 -1 0.000000
662 -1 -1 -1 0.000000
666 -1 -1 -1 0.000000
668 -1 -1 -1 0.000000
669 -1 -1 -1 0.000000
674 -1 -1 -1 0.000000
678 -1 -1 -1 0.000000
684 -1 -1 -1 0.000000
685 -1 -1 -1 0.000000
687 -1 -1 -1 0.000000
688 -1 -1 -1 0.000000
689 -1 -1 -1 0.000000
693 -1 -1 -1 0.000000
696 -1 -1 -1 0.000000
697 -1 -1 -1 0.000000
698 -1 -1 -1 0.000000
699 -1 -1 -1 0.000000
700 -1 -1 -1 0.000000
701 -1 -1 -1 0.000000
705 -1 -1 -1 0.000000
707 -1 -1 -1 0.000000
709 -1 -1 -1 0.000000
712 -1 -1 -1 0.000000
718 -1 -1 -1 0.000000
719 -1 -1 -1 0.000000
