287 318 -1 -1 19.078584
443 475 -1 -1 14.388208
475 500 -1 -1 16.661713
373 403 -1 -1 18.346820
585 611 -1 -1 16.448085
318 346 -1 -1 18.980328
403 443 -1 -1 18.665094
665 685 -1 -1 11.804672
346 373 -1 -1 15.038732
500 538 -1 -1 18.319113
287 311 -1 -1 16.953288
311 318 -1 -1 16.589932
287 311 318 -1 21.693574
611 621 -1 -1 12.855121
577 585 -1 -1 10.790810
279 287 -1 -1 13.572145
538 577 -1 -1 20.110251
577 611 -1 -1 18.901450
577 585 611 -1 19.642547
621 665 -1 -1 18.958714
685 704 -1 -1 16.027450
346 379 -1 -1 23.207131
373 379 -1 -1 14.750286
346 373 379 -1 24.482556
379 403 -1 -1 17.359160
373 379 403 -1 21.149353
443 461 -1 -1 17.781494
461 475 -1 -1 15.294354
443 461 475 -1 20.462466
403 416 -1 -1 14.539743
416 443 -1 -1 18.005397
403 416 443 -1 22.985446
461 500 -1 -1 17.149610
461 475 500 -1 19.080766
577 621 -1 -1 20.927198
577 611 621 -1 21.394958
279 311 -1 -1 16.856323
279 287 311 -1 19.387635
343 346 -1 -1 10.058210
311 343 -1 -1 22.703205
318 343 -1 -1 27.637499
311 346 -1 -1 20.434951
311 343 346 -1 24.964597
318 343 346 -1 27.637499
311 318 343 -1 27.637499
311 318 346 -1 27.637499
311 318 343 346 27.637499
343 379 -1 -1 16.834434
343 346 379 -1 23.287027
416 461 -1 -1 21.585641
416 443 461 -1 24.816951
621 631 -1 -1 11.958172
631 665 -1 -1 17.144340
621 631 665 -1 19.398775
500 512 -1 -1 18.355228
512 538 -1 -1 17.159272
500 512 538 -1 23.420091
658 665 -1 -1 17.344489
658 685 -1 -1 19.596656
658 665 685 -1 20.504757
379 416 -1 -1 22.982305
379 403 416 -1 23.426774
577 594 -1 -1 13.728637
594 621 -1 -1 19.577114
577 594 621 -1 22.326564
658 704 -1 -1 21.868233
658 685 704 -1 24.006646
538 549 -1 -1 16.803250
549 577 -1 -1 16.025734
538 549 577 -1 21.969623
631 658 -1 -1 15.703056
631 658 665 -1 22.938214
461 512 -1 -1 22.721441
461 500 512 -1 23.427091
594 631 -1 -1 19.022198
594 621 631 -1 23.858384
311 334 -1 -1 23.013458
334 343 -1 -1 10.728398
311 334 343 -1 23.218263
279 297 -1 -1 16.398398
297 311 -1 -1 15.667028
279 297 311 -1 19.843105
416 446 -1 -1 18.721634
446 461 -1 -1 16.208638
416 446 461 -1 22.603059
512 549 -1 -1 23.360378
512 538 549 -1 24.098551
377 379 -1 -1 14.519500
343 377 -1 -1 19.027746
343 377 379 -1 21.498661
461 491 -1 -1 18.283033
491 512 -1 -1 13.379256
461 491 512 -1 24.049470
549 594 -1 -1 20.578336
549 577 594 -1 21.787963
379 407 -1 -1 20.607023
407 416 -1 -1 16.145892
379 407 416 -1 24.143976
512 531 -1 -1 7.130883
531 549 -1 -1 22.242144
512 531 549 -1 23.360378
297 334 -1 -1 24.291162
297 311 334 -1 25.374274
377 407 -1 -1 16.635066
377 379 407 -1 24.660565
491 531 -1 -1 16.496484
491 512 531 -1 17.657956
531 537 -1 -1 18.702242
537 549 -1 -1 10.963991
531 537 549 -1 22.392818
334 377 -1 -1 18.804828
334 343 377 -1 22.104528
446 491 -1 -1 20.751087
446 461 491 -1 22.297742
297 322 -1 -1 21.463979
322 334 -1 -1 11.756265
297 322 334 -1 24.291162
407 446 -1 -1 19.861861
407 416 446 -1 24.112599
594 619 -1 -1 16.451192
619 631 -1 -1 15.568479
594 619 631 -1 22.487616
619 658 -1 -1 25.861475
619 631 658 -1 30.599864
491 537 -1 -1 26.761059
491 531 537 -1 27.368636
658 669 -1 -1 11.118782
491 519 -1 -1 14.558198
519 537 -1 -1 13.435754
491 519 537 -1 26.761059
549 569 -1 -1 21.416921
569 594 -1 -1 17.661890
549 569 594 -1 24.254774
270 297 -1 -1 17.333328
537 569 -1 -1 19.719894
537 549 569 -1 24.717215
569 619 -1 -1 20.523673
569 594 619 -1 23.324154
446 476 -1 -1 18.830454
476 491 -1 -1 14.507966
446 476 491 -1 23.693173
669 693 -1 -1 17.486104
334 370 -1 -1 22.286524
370 377 -1 -1 14.037633
334 370 377 -1 27.510992
619 669 -1 -1 23.069553
619 658 669 -1 26.983557
434 446 -1 -1 14.210542
407 434 -1 -1 18.637841
407 434 446 -1 23.382871
297 306 -1 -1 17.289262
306 322 -1 -1 15.336230
297 306 322 -1 23.885804
377 394 -1 -1 20.401102
394 407 -1 -1 16.426714
377 394 407 -1 24.950911
476 519 -1 -1 19.649708
476 491 519 -1 20.899678
322 370 -1 -1 21.781224
322 334 370 -1 23.218376
270 306 -1 -1 17.300241
270 297 306 -1 22.935348
619 650 -1 -1 15.106113
650 669 -1 -1 15.392387
619 650 669 -1 23.455817
370 394 -1 -1 22.466932
370 377 394 -1 30.114059
394 434 -1 -1 18.251960
394 407 434 -1 22.027576
619 625 -1 -1 10.494609
537 546 -1 -1 16.023675
519 546 -1 -1 15.604354
519 537 546 -1 19.710321
625 650 -1 -1 12.378773
619 625 650 -1 16.051648
434 476 -1 -1 19.437080
434 446 476 -1 22.482164
546 569 -1 -1 20.397986
537 546 569 -1 28.274521
569 625 -1 -1 22.149277
569 619 625 -1 22.749876
476 504 -1 -1 17.061251
504 519 -1 -1 13.222756
476 504 519 -1 21.647548
669 676 -1 -1 12.179066
676 693 -1 -1 24.934857
669 676 693 -1 28.176289
322 361 -1 -1 21.563876
361 370 -1 -1 9.609382
322 361 370 -1 23.441840
650 676 -1 -1 11.940698
650 669 676 -1 16.838689
306 329 -1 -1 16.614169
322 329 -1 -1 17.407466
306 322 329 -1 21.002253
504 546 -1 -1 15.589615
504 519 546 -1 18.201177
329 361 -1 -1 14.597042
322 329 361 -1 22.586411
434 441 -1 -1 14.604540
441 476 -1 -1 21.229663
434 441 476 -1 22.163895
562 569 -1 -1 15.943148
546 562 -1 -1 14.410975
546 562 569 -1 21.481842
394 441 -1 -1 24.147607
394 434 441 -1 24.707333
650 653 -1 -1 17.466574
653 676 -1 -1 12.195207
650 653 676 -1 19.291962
361 394 -1 -1 23.001013
361 370 394 -1 23.793350
476 485 -1 -1 14.053585
569 613 -1 -1 21.069519
613 625 -1 -1 11.137483
569 613 625 -1 24.659618
613 650 -1 -1 21.701489
613 625 650 -1 21.701489
441 485 -1 -1 18.979097
441 476 485 -1 22.649102
485 504 -1 -1 13.971043
476 485 504 -1 20.463709
693 698 -1 -1 24.201220
361 391 -1 -1 17.955938
391 394 -1 -1 14.929694
361 391 394 -1 23.510849
676 698 -1 -1 28.801550
676 693 698 -1 31.326306
270 289 -1 -1 20.257983
289 306 -1 -1 15.080881
270 289 306 -1 28.484222
562 613 -1 -1 20.895397
562 569 613 -1 22.500120
613 653 -1 -1 20.521342
613 650 653 -1 24.249066
653 698 -1 -1 24.885919
653 676 698 -1 28.801550
289 329 -1 -1 20.387176
289 306 329 -1 20.987016
329 367 -1 -1 19.657873
361 367 -1 -1 13.789089
329 361 367 -1 21.542762
394 418 -1 -1 21.224501
418 441 -1 -1 16.522010
394 418 441 -1 28.669855
367 391 -1 -1 13.529805
361 367 391 -1 19.801705
504 525 -1 -1 14.603317
525 546 -1 -1 20.071694
504 525 546 -1 20.742665
391 418 -1 -1 13.605977
391 394 418 -1 21.224501
485 525 -1 -1 19.380418
485 504 525 -1 19.647092
543 546 -1 -1 16.128199
525 543 -1 -1 14.297880
525 543 546 -1 20.835715
543 562 -1 -1 18.888821
543 546 562 -1 21.954995
441 472 -1 -1 20.674694
472 485 -1 -1 12.332699
441 472 485 -1 22.349861
562 581 -1 -1 13.657637
581 613 -1 -1 17.360662
562 581 613 -1 23.189754
329 330 -1 -1 12.756268
289 330 -1 -1 22.871834
289 329 330 -1 23.545109
613 626 -1 -1 12.429703
626 653 -1 -1 18.507346
613 626 653 -1 23.165287
289 293 -1 -1 12.378250
330 367 -1 -1 17.844070
329 330 367 -1 22.447673
653 668 -1 -1 13.420409
668 698 -1 -1 25.053319
653 668 698 -1 26.162887
472 525 -1 -1 21.777307
472 485 525 -1 22.380068
581 626 -1 -1 17.483019
581 613 626 -1 18.596876
418 435 -1 -1 19.697922
435 441 -1 -1 17.406229
418 435 441 -1 20.081070
517 525 -1 -1 16.960393
517 543 -1 -1 19.502086
517 525 543 -1 21.259741
293 330 -1 -1 18.482907
289 293 330 -1 24.250535
388 391 -1 -1 16.333164
367 388 -1 -1 18.467772
367 388 391 -1 20.818836
435 472 -1 -1 18.941702
435 441 472 -1 24.683722
556 581 -1 -1 15.163802
543 581 -1 -1 23.266739
556 562 -1 -1 23.200667
543 556 -1 -1 20.338520
556 562 581 -1 23.266739
543 556 581 -1 23.266739
543 562 581 -1 23.266739
543 556 562 -1 23.200667
543 556 562 581 23.266739
472 517 -1 -1 19.273431
472 517 525 -1 25.009845
388 418 -1 -1 14.754186
388 391 418 -1 20.221727
626 668 -1 -1 22.021879
626 653 668 -1 22.021879
626 653 668 -1 22.021879
626 639 -1 -1 14.366364
639 668 -1 -1 11.951917
626 639 668 -1 22.040266
626 639 668 -1 22.040266
330 365 -1 -1 17.790581
365 367 -1 -1 12.632597
330 365 367 -1 22.055851
517 556 -1 -1 23.979846
517 543 556 -1 27.987855
365 388 -1 -1 16.880158
365 367 388 -1 24.296714
388 435 -1 -1 24.379937
388 418 435 -1 26.642660
581 612 -1 -1 17.679068
612 626 -1 -1 14.484869
581 612 626 -1 20.017145
330 332 -1 -1 19.268461
293 300 -1 -1 13.095283
293 332 -1 -1 29.069295
293 330 332 -1 29.741520
332 365 -1 -1 15.110599
330 332 365 -1 19.306462
612 639 -1 -1 18.935232
612 626 639 -1 21.230075
668 682 -1 -1 15.462565
682 698 -1 -1 28.799167
668 682 698 -1 31.302344
435 478 -1 -1 20.370389
472 478 -1 -1 13.846086
435 472 478 -1 21.739018
429 435 -1 -1 13.480138
388 429 -1 -1 20.060040
388 429 435 -1 24.747639
556 612 -1 -1 23.028351
556 581 612 -1 24.430797
478 517 -1 -1 18.927919
472 478 517 -1 21.911259
639 682 -1 -1 20.817383
639 668 682 -1 21.202132
387 388 -1 -1 15.025951
365 387 -1 -1 23.905127
365 387 388 -1 24.842276
517 529 -1 -1 16.357582
529 556 -1 -1 16.645761
517 529 556 -1 24.112240
612 636 -1 -1 17.421135
636 639 -1 -1 9.590695
612 636 639 -1 19.639093
300 332 -1 -1 22.691391
293 300 332 -1 30.641271
332 387 -1 -1 26.234307
332 365 387 -1 28.063957
636 682 -1 -1 23.351593
636 639 682 -1 23.946847
387 429 -1 -1 18.667199
387 388 429 -1 22.569433
291 300 -1 -1 11.516468
672 682 -1 -1 12.846568
636 672 -1 -1 17.293390
636 672 682 -1 23.826830
261 291 -1 -1 20.028153
435 479 -1 -1 29.179633
478 479 -1 -1 10.763893
435 478 479 -1 29.179633
556 579 -1 -1 18.913856
579 612 -1 -1 18.178583
556 579 612 -1 26.402499
612 618 -1 -1 14.575039
618 636 -1 -1 16.505881
612 618 636 -1 21.094240
429 453 -1 -1 18.012678
435 453 -1 -1 27.028508
429 435 453 -1 27.028508
453 479 -1 -1 15.324885
435 453 479 -1 30.236406
479 517 -1 -1 24.092267
478 479 517 -1 25.374345
479 529 -1 -1 25.862072
479 517 529 -1 27.277573
579 618 -1 -1 18.962763
579 612 618 -1 21.564069
529 579 -1 -1 22.043793
529 556 579 -1 23.140492
523 529 -1 -1 12.685339
479 523 -1 -1 24.301896
479 523 529 -1 27.261424
332 347 -1 -1 17.775758
300 347 -1 -1 33.725310
300 332 347 -1 33.886241
618 637 -1 -1 15.606280
636 637 -1 -1 20.495002
618 636 637 -1 25.587988
637 672 -1 -1 17.260530
636 637 672 -1 21.627768
347 387 -1 -1 21.145604
332 347 387 -1 33.882483
387 431 -1 -1 24.938088
429 431 -1 -1 17.404665
387 429 431 -1 28.437423
291 347 -1 -1 29.042954
291 300 347 -1 35.497943
431 453 -1 -1 15.212458
429 431 453 -1 21.749724
529 568 -1 -1 22.304403
568 579 -1 -1 12.837764
529 568 579 -1 24.107137
347 399 -1 -1 22.100826
387 399 -1 -1 16.544372
347 387 399 -1 27.494994
453 492 -1 -1 22.767443
479 492 -1 -1 18.325885
453 479 492 -1 28.881309
291 303 -1 -1 14.966439
261 303 -1 -1 26.976727
261 291 303 -1 30.081678
339 347 -1 -1 13.184991
291 339 -1 -1 28.384957
291 339 347 -1 30.561936
492 523 -1 -1 15.114962
479 492 523 -1 25.791523
523 568 -1 -1 20.993040
523 529 568 -1 22.621505
579 601 -1 -1 19.357974
601 618 -1 -1 16.988862
579 601 618 -1 20.873571
672 687 -1 -1 20.976024
399 431 -1 -1 15.228747
387 399 431 -1 26.423854
568 601 -1 -1 20.567644
568 579 601 -1 24.133204
261 271 -1 -1 17.613538
637 687 -1 -1 24.414334
637 672 687 -1 26.503312
601 637 -1 -1 22.368118
601 618 637 -1 22.368118
453 456 -1 -1 16.375341
431 456 -1 -1 17.433469
431 453 456 -1 19.649404
303 339 -1 -1 16.728821
291 303 339 -1 32.970858
637 648 -1 -1 14.357263
648 687 -1 -1 20.338277
637 648 687 -1 24.414334
339 372 -1 -1 13.884156
347 372 -1 -1 16.158202
339 347 372 -1 18.493685
523 547 -1 -1 19.350383
547 568 -1 -1 12.690456
523 547 568 -1 27.142968
271 303 -1 -1 22.461158
261 271 303 -1 32.485795
347 389 -1 -1 24.933514
389 399 -1 -1 12.482886
347 389 399 -1 26.374420
456 492 -1 -1 20.635349
453 456 492 -1 25.062143
303 307 -1 -1 11.655088
372 389 -1 -1 16.845507
347 372 389 -1 24.933514
431 432 -1 -1 19.217909
399 432 -1 -1 22.980195
399 431 432 -1 25.539426
271 307 -1 -1 23.155748
271 303 307 -1 30.713248
492 547 -1 -1 29.131289
492 523 547 -1 29.248966
492 493 -1 -1 15.780515
456 493 -1 -1 23.905732
456 492 493 -1 30.277732
568 591 -1 -1 25.279583
591 601 -1 -1 15.377753
568 591 601 -1 25.976994
601 648 -1 -1 24.495049
601 637 648 -1 24.495049
432 456 -1 -1 14.102340
431 432 456 -1 20.158993
492 535 -1 -1 24.158613
535 547 -1 -1 11.458895
492 535 547 -1 30.260763
547 591 -1 -1 26.413596
547 568 591 -1 28.673324
372 395 -1 -1 23.613472
389 395 -1 -1 10.967426
372 389 395 -1 29.960412
389 432 -1 -1 22.495009
389 399 432 -1 24.264696
648 677 -1 -1 17.316697
677 687 -1 -1 17.264161
648 677 687 -1 22.249868
493 535 -1 -1 17.665098
492 493 535 -1 25.243329
591 648 -1 -1 25.021615
591 601 648 -1 29.204375
303 348 -1 -1 32.281508
339 348 -1 -1 18.601707
303 339 348 -1 33.490218
547 572 -1 -1 18.926486
572 591 -1 -1 14.144744
547 572 591 -1 26.723856
348 372 -1 -1 15.380166
339 348 372 -1 23.310073
307 348 -1 -1 21.298975
303 307 348 -1 32.281508
591 632 -1 -1 20.952671
632 648 -1 -1 16.077949
591 632 648 -1 25.746073
271 290 -1 -1 23.724600
290 307 -1 -1 12.348717
271 290 307 -1 24.559886
395 432 -1 -1 17.970603
389 395 432 -1 23.038569
432 470 -1 -1 17.953393
456 470 -1 -1 16.447387
432 456 470 -1 18.751226
470 493 -1 -1 18.528381
456 470 493 -1 23.905732
372 376 -1 -1 29.292109
376 395 -1 -1 19.409044
372 376 395 -1 29.999418
535 572 -1 -1 20.501393
535 547 572 -1 21.749588
348 376 -1 -1 24.946715
348 372 376 -1 30.855511
632 654 -1 -1 13.750641
648 654 -1 -1 22.420793
632 648 654 -1 22.420793
632 648 654 -1 22.420793
648 654 -1 -1 22.429634
654 677 -1 -1 21.569129
648 654 677 -1 25.935962
648 654 677 -1 25.935962
395 436 -1 -1 22.475636
432 436 -1 -1 12.858568
395 432 436 -1 25.056880
535 552 -1 -1 18.351080
552 572 -1 -1 11.305899
535 552 572 -1 22.264969
677 688 -1 -1 16.678735
591 614 -1 -1 21.473860
614 632 -1 -1 18.034584
591 614 632 -1 24.319671
285 290 -1 -1 13.551149
489 493 -1 -1 17.420187
470 489 -1 -1 21.375109
470 489 493 -1 22.295015
493 532 -1 -1 25.945680
532 535 -1 -1 22.126868
493 532 535 -1 32.095378
532 552 -1 -1 13.894654
532 535 552 -1 29.421228
307 337 -1 -1 27.184576
337 348 -1 -1 14.958015
307 337 348 -1 28.868150
572 614 -1 -1 22.934713
572 591 614 -1 25.479929
290 337 -1 -1 25.434220
290 307 337 -1 27.419483
395 414 -1 -1 25.109912
432 457 -1 -1 26.638408
457 470 -1 -1 14.907620
432 457 470 -1 28.099415
376 414 -1 -1 23.142364
376 395 414 -1 36.563374
414 436 -1 -1 11.744790
395 414 436 -1 25.109912
614 654 -1 -1 16.807631
614 632 654 -1 21.115198
489 532 -1 -1 18.584563
489 493 532 -1 29.244519
436 457 -1 -1 21.862340
432 436 457 -1 26.638408
654 688 -1 -1 28.453954
654 677 688 -1 34.160005
337 376 -1 -1 23.003993
337 348 376 -1 25.181852
457 489 -1 -1 16.111557
457 470 489 -1 26.588250
552 614 -1 -1 27.227162
552 572 614 -1 27.687458
290 327 -1 -1 26.198241
327 337 -1 -1 15.179832
290 327 337 -1 30.164513
414 457 -1 -1 18.987376
414 436 457 -1 21.862340
654 666 -1 -1 19.110808
666 688 -1 -1 16.905052
654 666 688 -1 28.702782
552 571 -1 -1 13.263267
285 327 -1 -1 23.100851
285 290 327 -1 27.346678
571 614 -1 -1 22.250299
552 571 614 -1 28.435126
337 366 -1 -1 18.561393
366 376 -1 -1 17.696742
337 366 376 -1 24.611792
532 571 -1 -1 19.870672
532 552 571 -1 21.886361
614 666 -1 -1 31.712965
614 654 666 -1 32.667404
284 285 -1 -1 19.205573
489 513 -1 -1 23.630761
513 532 -1 -1 14.849619
489 513 532 -1 28.785243
571 615 -1 -1 17.556548
614 615 -1 -1 14.181754
571 614 615 -1 23.266241
376 408 -1 -1 29.862728
408 414 -1 -1 15.379777
376 408 414 -1 33.228997
614 643 -1 -1 20.919010
643 666 -1 -1 24.580713
614 643 666 -1 32.599937
457 499 -1 -1 33.627782
489 499 -1 -1 33.256408
457 489 499 -1 34.872528
499 513 -1 -1 12.625456
489 499 513 -1 39.140493
327 366 -1 -1 21.873588
327 337 366 -1 22.765482
457 463 -1 -1 19.197122
414 463 -1 -1 28.587091
414 457 463 -1 30.432068
615 643 -1 -1 13.931658
614 615 643 -1 20.919010
408 428 -1 -1 17.390970
414 428 -1 -1 17.090167
408 414 428 -1 21.858463
571 573 -1 -1 14.522188
573 615 -1 -1 15.670551
571 573 615 -1 18.102815
366 408 -1 -1 22.528809
366 376 408 -1 30.514887
463 499 -1 -1 21.853229
457 463 499 -1 36.083366
532 573 -1 -1 30.779484
532 571 573 -1 31.264552
513 573 -1 -1 25.715440
513 532 573 -1 30.779484
284 327 -1 -1 20.575869
284 285 327 -1 33.756905
666 667 -1 -1 14.582706
643 667 -1 -1 27.426784
643 666 667 -1 29.248499
366 385 -1 -1 19.115570
385 408 -1 -1 11.379537
366 385 408 -1 23.623126
327 352 -1 -1 21.171964
352 366 -1 -1 15.833153
327 352 366 -1 24.788910
428 463 -1 -1 18.279610
414 428 463 -1 30.890687
615 630 -1 -1 27.295995
630 643 -1 -1 18.316401
615 630 643 -1 27.911824
573 630 -1 -1 27.422968
573 615 630 -1 29.753641
352 385 -1 -1 19.712217
352 366 385 -1 25.486648
630 667 -1 -1 18.718998
630 643 667 -1 31.843424
385 428 -1 -1 17.106990
385 408 428 -1 18.360581
281 284 -1 -1 17.416084
284 323 -1 -1 24.870549
323 327 -1 -1 22.682586
284 323 327 -1 27.033097
513 561 -1 -1 26.302704
561 573 -1 -1 14.810831
513 561 573 -1 31.810059
323 352 -1 -1 18.266640
323 327 352 -1 24.658914
496 499 -1 -1 12.563180
463 496 -1 -1 20.918769
463 496 499 -1 22.102853
428 437 -1 -1 22.250677
437 463 -1 -1 18.179607
428 437 463 -1 23.313296
667 705 -1 -1 21.374437
385 398 -1 -1 9.244830
352 398 -1 -1 19.951001
352 385 398 -1 19.951001
499 561 -1 -1 32.817044
499 513 561 -1 33.210569
573 604 -1 -1 23.150632
604 630 -1 -1 15.133471
573 604 630 -1 28.769027
385 437 -1 -1 37.215144
385 428 437 -1 38.771360
561 604 -1 -1 29.771505
561 573 604 -1 32.598587
385 415 -1 -1 42.411150
415 437 -1 -1 15.425823
385 415 437 -1 42.804269
273 281 -1 -1 17.005906
323 360 -1 -1 18.392792
352 360 -1 -1 16.236747
323 352 360 -1 27.151198
437 496 -1 -1 20.975259
437 463 496 -1 24.042325
499 540 -1 -1 30.075987
540 561 -1 -1 16.029946
499 540 561 -1 36.141643
561 592 -1 -1 14.659584
592 604 -1 -1 18.381339
561 592 604 -1 29.771505
398 415 -1 -1 46.606828
385 398 415 -1 47.295030
352 386 -1 -1 25.500725
386 398 -1 -1 13.357778
352 386 398 -1 26.406358
667 683 -1 -1 20.728765
630 683 -1 -1 26.659474
630 667 683 -1 27.969190
683 705 -1 -1 15.801989
667 683 705 -1 28.586424
281 323 -1 -1 19.295940
281 284 323 -1 34.015401
496 540 -1 -1 33.757007
496 499 540 -1 37.331211
360 386 -1 -1 17.175147
352 360 386 -1 26.183408
386 415 -1 -1 24.225576
386 398 415 -1 47.466562
540 592 -1 -1 22.144589
540 561 592 -1 23.362059
496 503 -1 -1 13.478207
437 503 -1 -1 28.364042
437 496 503 -1 29.226338
630 659 -1 -1 22.725661
659 683 -1 -1 14.775468
630 659 683 -1 28.974553
503 540 -1 -1 20.997032
496 503 540 -1 33.757007
592 598 -1 -1 23.635114
598 604 -1 -1 16.180995
592 598 604 -1 24.952213
604 659 -1 -1 23.317707
604 630 659 -1 24.209866
540 598 -1 -1 23.165244
540 592 598 -1 28.182454
281 328 -1 -1 32.906375
323 328 -1 -1 23.506867
281 323 328 -1 33.584688
323 353 -1 -1 24.351039
353 360 -1 -1 12.789872
323 353 360 -1 25.911535
437 488 -1 -1 26.839920
488 503 -1 -1 12.120664
437 488 503 -1 33.269534
328 353 -1 -1 9.274209
323 328 353 -1 26.951330
415 488 -1 -1 26.459498
415 437 488 -1 29.155093
503 539 -1 -1 23.759583
539 540 -1 -1 20.100981
503 539 540 -1 25.876555
604 644 -1 -1 29.057133
644 659 -1 -1 13.210163
604 644 659 -1 29.707902
360 392 -1 -1 24.140947
386 392 -1 -1 12.649769
360 386 392 -1 24.338321
386 421 -1 -1 24.406215
415 421 -1 -1 14.700577
386 415 421 -1 26.824358
281 312 -1 -1 32.840077
312 328 -1 -1 16.693232
281 312 328 -1 36.202320
273 312 -1 -1 27.704958
273 281 312 -1 32.840077
598 644 -1 -1 24.966733
598 604 644 -1 30.081966
659 691 -1 -1 24.023773
683 691 -1 -1 20.050769
659 683 691 -1 26.050723
353 392 -1 -1 19.622732
353 360 392 -1 26.462034
488 539 -1 -1 23.017045
488 503 539 -1 28.287701
392 421 -1 -1 19.820749
386 392 421 -1 25.114914
353 384 -1 -1 28.826195
384 392 -1 -1 18.038079
353 384 392 -1 32.584226
644 691 -1 -1 23.105119
644 659 691 -1 27.817931
539 574 -1 -1 17.372289
540 574 -1 -1 26.629478
539 540 574 -1 26.629478
488 494 -1 -1 18.728554
415 494 -1 -1 43.485625
415 488 494 -1 47.447345
574 598 -1 -1 23.256521
540 574 598 -1 40.494921
598 607 -1 -1 18.281787
384 421 -1 -1 15.942765
384 392 421 -1 20.624663
273 292 -1 -1 40.625680
640 644 -1 -1 14.008301
598 640 -1 -1 30.544398
607 640 -1 -1 16.895590
607 644 -1 -1 24.786722
598 640 644 -1 30.544398
607 640 644 -1 25.197088
598 607 640 -1 30.544398
598 607 644 -1 30.544398
598 607 640 644 30.544398
494 539 -1 -1 22.013129
488 494 539 -1 27.998471
574 607 -1 -1 16.150861
574 598 607 -1 24.638221
292 312 -1 -1 19.332234
273 292 312 -1 40.625680
328 384 -1 -1 33.635939
328 353 384 -1 33.635939
421 462 -1 -1 21.255210
415 462 -1 -1 29.786175
415 421 462 -1 29.786175
312 355 -1 -1 23.245260
328 355 -1 -1 21.361333
312 328 355 -1 30.104598
462 494 -1 -1 23.647819
415 462 494 -1 45.372126
355 384 -1 -1 20.797064
328 355 384 -1 38.040308
261 -1 -1 -1 0.000000
270 -1 -1 -1 0.000000
271 -1 -1 -1 0.000000
273 -1 -1 -1 0.000000
279 -1 -1 -1 0.000000
281 -1 -1 -1 0.000000
284 -1 -1 -1 0.000000
285 -1 -1 -1 0.000000
287 -1 -1 -1 0.000000
289 -1 -1 -1 0.000000
290 -1 -1 -1 0.000000
291 -1 -1 -1 0.000000
292 -1 -1 -1 0.000000
293 -1 -1 -1 0.000000
297 -1 -1 -1 0.000000
300 -1 -1 -1 0.000000
303 -1 -1 -1 0.000000
306 -1 -1 -1 0.000000
307 -1 -1 -1 0.000000
311 -1 -1 -1 0.000000
312 -1 -1 -1 0.000000
318 -1 -1 -1 0.000000
322 -1 -1 -1 0.000000
323 -1 -1 -1 0.000000
327 -1 -1 -1 0.000000
328 -1 -1 -1 0.000000
329 -1 -1 -1 0.000000
330 -1 -1 -1 0.000000
332 -1 -1 -1 0.000000
334 -1 -1 -1 0.000000
337 -1 -1 -1 0.000000
339 -1 -1 -1 0.000000
343 -1 -1 -1 0.000000
346 -1 -1 -1 0.000000
347 -1 -1 -1 0.000000
348 -1 -1 -1 0.000000
352 -1 -1 -1 0.000000
353 -1 -1 -1 0.000000
355 -1 -1 -1 0.000000
360 -1 -1 -1 0.000000
361 -1 -1 -1 0.000000
365 -1 -1 -1 0.000000
366 -1 -1 -1 0.000000
367 -1 -1 -1 0.000000
370 -1 -1 -1 0.000000
372 -1 -1 -1 0.000000
373 -1 -1 -1 0.000000
376 -1 -1 -1 0.000000
377 -1 -1 -1 0.000000
379 -1 -1 -1 0.000000
384 -1 -1 -1 0.000000
385 -1 -1 -1 0.000000
386 -1 -1 -1 0.000000
387 -1 -1 -1 0.000000
388 -1 -1 -1 0.000000
389 -1 -1 -1 0.000000
391 -1 -1 -1 0.000000
392 -1 -1 -1 0.000000
394 -1 -1 -1 0.000000
395 -1 -1 -1 0.000000
398 -1 -1 -1 0.000000
399 -1 -1 -1 0.000000
403 -1 -1 -1 0.000000
407 -1 -1 -1 0.000000
408 -1 -1 -1 0.000000
414 -1 -1 -1 0.000000
415 -1 -1 -1 0.000000
416 -1 -1 -1 0.000000
418 -1 -1 -1 0.000000
421 -1 -1 -1 0.000000
428 -1 -1 -1 0.000000
429 -1 -1 -1 0.000000
431 -1 -1 -1 0.000000
432 -1 -1 -1 0.000000
434 -1 -1 -1 0.000000
435 -1 -1 -1 0.000000
436 -1 -1 -1 0.000000
437 -1 -1 -1 0.000000
441 -1 -1 -1 0.000000
443 -1 -1 -1 0.000000
446 -1 -1 -1 0.000000
453 -1 -1 -1 0.000000
456 -1 -1 -1 0.000000
457 -1 -1 -1 0.000000
461 -1 -1 -1 0.000000
462 -1 -1 -1 0.000000
463 -1 -1 -1 0.000000
470 -1 -1 -1 0.000000
472 -1 -1 -1 0.000000
475 -1 -1 -1 0.000000
476 -1 -1 -1 0.000000
478 -1 -1 -1 0.000000
479 -1 -1 -1 0.000000
485 -1 -1 -1 0.000000
488 -1 -1 -1 0.000000
489 -1 -1 -1 0.000000
491 -1 -1 -1 0.000000
492 -1 -1 -1 0.000000
493 -1 -1 -1 0.000000
494 -1 -1 -1 0.000000
496 -1 -1 -1 0.000000
499 -1 -1 -1 0.000000
500 -1 -1 -1 0.000000
503 -1 -1 -1 0.000000
504 -1 -1 -1 0.000000
512 -1 -1 -1 0.000000
513 -1 -1 -1 0.000000
517 -1 -1 -1 0.000000
519 -1 -1 -1 0.000000
523 -1 -1 -1 0.000000
525 -1 -1 -1 0.000000
529 -1 -1 -1 0.000000
531 -1 -1 -1 0.000000
532 -1 -1 -1 0.000000
535 -1 -1 -1 0.000000
537 -1 -1 -1 0.000000
538 -1 -1 -1 0.000000
539 -1 -1 -1 0.000000
540 -1 -1 -1 0.000000
543 -1 -1 -1 0.000000
546 -1 -1 -1 0.000000
547 -1 -1 -1 0.000000
549 -1 -1 -1 0.000000
552 -1 -1 -1 0.000000
556 -1 -1 -1 0.000000
561 -1 -1 -1 0.000000
562 -1 -1 -1 0.000000
568 -1 -1 -1 0.000000
569 -1 -1 -1 0.000000
571 -1 -1 -1 0.000000
572 -1 -1 -1 0.000000
573 -1 -1 -1 0.000000
574 -1 -1 -1 0.000000
577 -1 -1 -1 0.000000
579 -1 -1 -1 0.000000
581 -1 -1 -1 0.000000
585 -1 -1 -1 0.000000
591 -1 -1 -1 0.000000
592 -1 -1 -1 0.000000
594 -1 -1 -1 0.000000
598 -1 -1 -1 0.000000
601 -1 -1 -1 0.000000
604 -1 -1 -1 0.000000
607 -1 -1 -1 0.000000
611 -1 -1 -1 0.000000
612 -1 -1 -1 0.000000
613 -1 -1 -1 0.000000
614 -1 -1 -1 0.000000
615 -1 -1 -1 0.000000
618 -1 -1 -1 0.000000
619 -1 -1 -1 0.000000
621 -1 -1 -1 0.000000
625 -1 -1 -1 0.000000
626 -1 -1 -1 0.000000
630 -1 -1 -1 0.000000
631 -1 -1 -1 0.000000
632 -1 -1 -1 0.000000
636 -1 -1 -1 0.000000
637 -1 -1 -1 0.000000
639 -1 -1 -1 0.000000
640 -1 -1 -1 0.000000
643 -1 -1 -1 0.000000
644 -1 -1 -1 0.000000
648 -1 -1 -1 0.000000
650 -1 -1 -1 0.000000
653 -1 -1 -1 0.000000
654 -1 -1 -1 0.000000
658 -1 -1 -1 0.000000
659 -1 -1 -1 0.000000
665 -1 -1 -1 0.000000
666 -1 -1 -1 0.000000
667 -1 -1 -1 0.000000
668 -1 -1 -1 0.000000
669 -1 -1 -1 0.000000
672 -1 -1 -1 0.000000
676 -1 -1 -1 0.000000
677 -1 -1 -1 0.000000
682 -1 -1 -1 0.000000
683 -1 -1 -1 0.000000
685 -1 -1 -1 0.000000
687 -1 -1 -1 0.000000
688 -1 -1 -1 0.000000
691 -1 -1 -1 0.000000
693 -1 -1 -1 0.000000
698 -1 -1 -1 0.000000
704 -1 -1 -1 0.000000
705 -1 -1 -1 0.000000
