201 225 -1 -1 26.955683
241 259 -1 -1 18.811415
349 364 -1 -1 17.185731
259 271 -1 -1 21.843547
225 241 -1 -1 22.889342
185 201 -1 -1 24.703719
117 127 -1 -1 12.764248
320 349 -1 -1 24.856142
127 147 -1 -1 41.067885
364 377 -1 -1 33.076983
147 185 -1 -1 33.979828
97 117 -1 -1 22.592195
225 228 -1 -1 21.249817
228 241 -1 -1 23.859977
225 228 241 -1 27.266720
271 296 -1 -1 33.603015
127 133 -1 -1 16.267326
133 147 -1 -1 28.426629
127 133 147 -1 41.067885
296 320 -1 -1 30.453729
201 228 -1 -1 27.598855
201 225 228 -1 31.365090
364 369 -1 -1 23.698920
369 377 -1 -1 30.067924
364 369 377 -1 33.076983
240 241 -1 -1 21.879332
240 259 -1 -1 28.315236
240 241 259 -1 31.637741
240 271 -1 -1 37.321289
240 259 271 -1 40.530834
201 208 -1 -1 20.861255
208 228 -1 -1 21.166518
201 208 228 -1 28.533324
97 100 -1 -1 14.904990
100 117 -1 -1 22.255992
97 100 117 -1 24.084042
271 278 -1 -1 24.445837
278 296 -1 -1 34.986563
271 278 296 -1 41.695701
349 369 -1 -1 24.021300
349 364 369 -1 34.299489
228 240 -1 -1 23.840236
228 240 241 -1 29.396240
240 257 -1 -1 18.774121
257 271 -1 -1 28.576414
240 257 271 -1 37.321289
184 185 -1 -1 24.955323
184 201 -1 -1 36.785516
184 185 201 -1 38.958215
147 168 -1 -1 29.931318
168 185 -1 -1 28.034095
147 168 185 -1 36.488734
344 349 -1 -1 21.031224
344 369 -1 -1 21.396914
344 349 369 -1 29.510162
257 278 -1 -1 20.821880
257 271 278 -1 33.778289
184 208 -1 -1 33.165854
184 201 208 -1 39.867684
320 344 -1 -1 23.608461
320 344 349 -1 30.001284
100 127 -1 -1 28.795361
100 117 127 -1 28.825367
147 148 -1 -1 35.324095
133 148 -1 -1 19.227139
133 147 148 -1 35.328345
93 100 -1 -1 37.062736
93 127 -1 -1 53.444526
93 100 127 -1 61.000551
148 168 -1 -1 19.826752
147 148 168 -1 38.270901
228 231 -1 -1 28.325167
231 240 -1 -1 29.884708
228 231 240 -1 34.883516
365 369 -1 -1 29.452140
365 377 -1 -1 41.666881
365 369 377 -1 41.869803
207 208 -1 -1 22.958376
207 228 -1 -1 36.171314
207 208 228 -1 37.089425
296 300 -1 -1 27.734056
300 320 -1 -1 39.375739
296 300 320 -1 41.380629
320 332 -1 -1 26.007527
332 344 -1 -1 21.948858
320 332 344 -1 31.956098
344 365 -1 -1 21.045851
344 365 369 -1 30.150736
377 385 -1 -1 33.193049
207 231 -1 -1 19.166339
207 228 231 -1 38.554688
278 300 -1 -1 25.109302
278 296 300 -1 41.106688
168 184 -1 -1 25.646540
168 184 185 -1 37.328235
184 207 -1 -1 25.927163
184 207 208 -1 35.675719
307 320 -1 -1 42.247249
307 332 -1 -1 23.555402
307 320 332 -1 47.823028
300 307 -1 -1 22.123056
300 307 320 -1 44.610023
93 133 -1 -1 54.347846
93 127 133 -1 57.504199
240 244 -1 -1 28.285008
257 263 -1 -1 18.395957
263 278 -1 -1 29.751087
257 263 278 -1 31.309906
339 344 -1 -1 22.707908
244 257 -1 -1 28.265038
240 244 257 -1 30.567642
93 124 -1 -1 28.504884
124 133 -1 -1 34.321858
93 124 133 -1 55.785712
339 365 -1 -1 21.833002
339 344 365 -1 32.604867
231 244 -1 -1 22.284279
231 240 244 -1 37.635282
332 339 -1 -1 18.497946
332 339 344 -1 26.409908
275 278 -1 -1 23.647988
275 300 -1 -1 30.370866
275 278 300 -1 30.939695
168 172 -1 -1 20.865120
172 184 -1 -1 31.248660
168 172 184 -1 34.274732
124 148 -1 -1 29.779497
124 133 148 -1 36.126287
244 263 -1 -1 19.269217
244 257 263 -1 31.851839
365 385 -1 -1 30.423498
365 377 385 -1 64.748441
184 196 -1 -1 28.214718
196 207 -1 -1 27.059523
184 196 207 -1 31.734028
263 275 -1 -1 22.400973
263 275 278 -1 36.595953
148 154 -1 -1 27.679849
154 168 -1 -1 39.493623
148 154 168 -1 41.286470
365 376 -1 -1 29.007823
376 385 -1 -1 25.385259
365 376 385 -1 32.517738
154 172 -1 -1 21.020525
154 168 172 -1 40.465254
275 290 -1 -1 20.251989
290 300 -1 -1 31.836398
275 290 300 -1 32.501092
290 307 -1 -1 26.913795
290 300 307 -1 34.105744
169 172 -1 -1 14.062279
169 184 -1 -1 34.418995
169 172 184 -1 38.138824
169 196 -1 -1 27.367989
169 184 196 -1 40.803966
217 231 -1 -1 29.008596
217 244 -1 -1 36.709410
217 231 244 -1 41.134046
339 362 -1 -1 21.333089
362 365 -1 -1 23.937066
339 362 365 -1 30.156523
207 217 -1 -1 29.544141
207 217 231 -1 31.243253
362 376 -1 -1 18.534720
362 365 376 -1 29.007823
244 252 -1 -1 23.112196
252 263 -1 -1 25.853443
244 252 263 -1 27.613571
322 332 -1 -1 29.045246
322 339 -1 -1 27.026751
322 332 339 -1 31.021999
124 141 -1 -1 22.115660
141 148 -1 -1 36.726145
124 141 148 -1 39.504574
307 322 -1 -1 22.474201
307 322 332 -1 34.487346
141 154 -1 -1 18.897072
141 148 154 -1 36.912931
252 275 -1 -1 32.399363
252 263 275 -1 34.976678
196 217 -1 -1 26.281765
196 207 217 -1 31.377026
338 339 -1 -1 24.963191
338 362 -1 -1 22.315587
338 339 362 -1 32.038392
217 234 -1 -1 18.658177
234 244 -1 -1 29.598202
217 234 244 -1 36.709410
274 275 -1 -1 22.043773
274 290 -1 -1 22.812862
274 275 290 -1 26.429551
322 338 -1 -1 17.205418
322 338 339 -1 29.977415
169 178 -1 -1 15.743220
178 196 -1 -1 23.006092
169 178 196 -1 27.517288
252 274 -1 -1 19.661624
252 274 275 -1 33.270778
154 169 -1 -1 25.040361
154 169 172 -1 29.845681
234 252 -1 -1 25.628889
234 244 252 -1 33.867494
110 124 -1 -1 36.182471
93 110 -1 -1 41.722869
93 110 124 -1 41.722869
118 124 -1 -1 29.812909
118 141 -1 -1 19.311680
118 124 141 -1 30.343893
290 304 -1 -1 28.695774
304 307 -1 -1 37.617025
290 304 307 -1 42.912888
304 322 -1 -1 29.576201
304 307 322 -1 39.399097
338 354 -1 -1 23.051273
354 362 -1 -1 20.750955
338 354 362 -1 25.524636
110 118 -1 -1 13.187477
110 118 124 -1 36.182471
192 196 -1 -1 32.443226
192 217 -1 -1 37.236616
192 196 217 -1 40.720390
178 192 -1 -1 18.915981
178 192 196 -1 32.443226
354 376 -1 -1 30.113753
354 362 376 -1 30.981941
372 376 -1 -1 25.130786
354 372 -1 -1 23.142827
354 372 376 -1 31.066609
274 284 -1 -1 30.289652
284 290 -1 -1 31.464160
274 284 290 -1 34.035486
252 255 -1 -1 22.659995
255 274 -1 -1 27.204634
252 255 274 -1 29.595086
156 169 -1 -1 42.424177
156 178 -1 -1 44.425019
156 169 178 -1 50.236653
154 156 -1 -1 36.282448
154 156 169 -1 42.424177
234 255 -1 -1 27.089966
234 252 255 -1 31.552156
322 327 -1 -1 23.973083
327 338 -1 -1 24.254285
322 327 338 -1 25.432046
284 304 -1 -1 24.211125
284 290 304 -1 33.723602
143 154 -1 -1 32.289098
224 234 -1 -1 23.524414
224 255 -1 -1 33.348051
224 234 255 -1 48.816319
304 327 -1 -1 23.932650
304 322 327 -1 34.048295
141 143 -1 -1 23.240628
141 143 154 -1 38.447239
267 274 -1 -1 27.152247
192 203 -1 -1 16.356578
203 217 -1 -1 35.995887
192 203 217 -1 38.675875
255 267 -1 -1 15.406326
255 267 274 -1 28.846730
267 284 -1 -1 20.764728
267 274 284 -1 32.960926
338 340 -1 -1 25.675706
340 354 -1 -1 24.802516
338 340 354 -1 28.229051
143 156 -1 -1 18.058222
143 154 156 -1 38.603343
174 178 -1 -1 26.489841
156 174 -1 -1 19.781654
156 174 178 -1 44.425019
217 224 -1 -1 37.630287
217 224 234 -1 37.636726
174 192 -1 -1 23.604133
174 178 192 -1 32.904920
327 340 -1 -1 21.710756
327 338 340 -1 27.777744
203 224 -1 -1 30.389444
203 217 224 -1 40.968179
114 118 -1 -1 20.455897
114 141 -1 -1 37.810776
114 118 141 -1 38.566421
114 143 -1 -1 26.117274
114 141 143 -1 45.054065
354 361 -1 -1 23.923434
361 372 -1 -1 28.059483
354 361 372 -1 32.259060
94 110 -1 -1 28.196459
340 361 -1 -1 17.728811
340 354 361 -1 26.929736
94 118 -1 -1 33.928010
94 110 118 -1 34.326406
94 114 -1 -1 23.929091
94 114 118 -1 38.532639
361 370 -1 -1 22.331162
370 372 -1 -1 26.195651
361 370 372 -1 33.645634
319 327 -1 -1 19.913590
319 340 -1 -1 23.777790
319 327 340 -1 29.694344
304 319 -1 -1 31.662321
304 319 327 -1 33.627968
136 143 -1 -1 25.189597
136 156 -1 -1 29.103446
136 143 156 -1 38.706227
224 236 -1 -1 25.364929
236 255 -1 -1 33.911971
224 236 255 -1 35.291214
299 304 -1 -1 32.509561
284 299 -1 -1 30.271318
284 299 304 -1 37.588184
236 267 -1 -1 34.466859
236 255 267 -1 38.456141
114 121 -1 -1 14.915484
299 319 -1 -1 30.801405
299 304 319 -1 36.233832
176 192 -1 -1 38.726060
176 203 -1 -1 38.187313
176 192 203 -1 44.069995
266 267 -1 -1 28.074873
266 284 -1 -1 31.137894
266 267 284 -1 32.582515
121 143 -1 -1 32.537118
114 121 143 -1 32.537118
156 163 -1 -1 26.486517
163 174 -1 -1 30.793243
156 163 174 -1 35.117640
203 205 -1 -1 26.549291
205 224 -1 -1 33.999971
203 205 224 -1 44.503442
236 266 -1 -1 29.132201
236 266 267 -1 36.383218
121 136 -1 -1 16.729716
121 136 143 -1 37.143428
174 176 -1 -1 28.333614
174 176 192 -1 51.936319
337 340 -1 -1 24.835385
337 361 -1 -1 23.829809
337 340 361 -1 27.123288
266 299 -1 -1 36.144711
266 284 299 -1 43.509034
319 337 -1 -1 20.524286
319 337 340 -1 31.542697
94 103 -1 -1 25.287300
103 114 -1 -1 35.915394
94 103 114 -1 39.778217
176 205 -1 -1 29.725648
176 203 205 -1 38.187313
163 176 -1 -1 21.550000
163 174 176 -1 32.130753
299 314 -1 -1 23.482124
314 319 -1 -1 19.821392
299 314 319 -1 30.801405
356 361 -1 -1 31.664716
356 370 -1 -1 28.272926
356 361 370 -1 36.189096
205 236 -1 -1 36.659206
205 224 236 -1 41.512941
337 356 -1 -1 24.436058
337 356 361 -1 32.377756
103 121 -1 -1 23.336236
103 114 121 -1 37.249280
370 371 -1 -1 29.227778
314 337 -1 -1 27.410072
314 319 337 -1 27.878039
324 337 -1 -1 28.945688
314 324 -1 -1 15.091279
314 324 337 -1 30.920754
266 269 -1 -1 25.972160
269 299 -1 -1 36.885312
266 269 299 -1 45.597869
145 156 -1 -1 44.946140
145 163 -1 -1 25.408263
145 156 163 -1 44.946140
103 108 -1 -1 12.455092
108 121 -1 -1 27.505359
103 108 121 -1 29.012992
136 145 -1 -1 25.488282
136 145 156 -1 54.723443
119 121 -1 -1 19.304395
119 136 -1 -1 28.283940
119 121 136 -1 28.283940
108 119 -1 -1 14.030379
108 119 121 -1 27.505359
334 337 -1 -1 45.948755
334 356 -1 -1 26.557474
334 337 356 -1 50.070253
356 371 -1 -1 20.374516
356 370 371 -1 35.007506
205 215 -1 -1 37.179687
215 236 -1 -1 38.605699
205 215 236 -1 45.908051
324 334 -1 -1 21.542800
324 334 337 -1 45.948755
236 249 -1 -1 40.516797
249 266 -1 -1 40.212301
236 249 266 -1 42.833369
299 303 -1 -1 27.411480
303 314 -1 -1 22.611081
299 303 314 -1 29.530434
125 136 -1 -1 36.560420
371 388 -1 -1 21.255681
119 125 -1 -1 20.112042
119 125 136 -1 36.560420
176 191 -1 -1 24.871991
191 205 -1 -1 33.798828
176 191 205 -1 38.718361
215 249 -1 -1 34.343752
215 236 249 -1 55.325727
125 145 -1 -1 23.026061
125 136 145 -1 42.744842
269 303 -1 -1 31.392519
269 299 303 -1 38.729218
303 324 -1 -1 25.546648
303 314 324 -1 27.919164
86 108 -1 -1 19.922959
249 269 -1 -1 37.086240
249 266 269 -1 44.663251
160 163 -1 -1 32.156678
160 176 -1 -1 38.775861
160 163 176 -1 46.338087
191 215 -1 -1 51.156729
191 205 215 -1 55.730768
86 119 -1 -1 32.444945
86 108 119 -1 34.857631
145 160 -1 -1 26.625379
145 160 163 -1 39.692036
106 119 -1 -1 23.781198
106 125 -1 -1 21.829568
106 119 125 -1 28.850377
160 191 -1 -1 30.691934
160 176 191 -1 42.164472
86 106 -1 -1 14.822933
86 106 119 -1 32.444945
386 388 -1 -1 17.869330
269 287 -1 -1 27.931840
287 303 -1 -1 23.658271
269 287 303 -1 32.055192
348 356 -1 -1 37.149992
348 371 -1 -1 36.595504
348 356 371 -1 41.261258
303 310 -1 -1 24.885914
310 324 -1 -1 32.046026
303 310 324 -1 34.536222
371 386 -1 -1 26.542183
371 386 388 -1 32.253172
249 262 -1 -1 18.645584
262 269 -1 -1 34.362696
249 262 269 -1 44.659373
310 334 -1 -1 27.923498
310 324 334 -1 32.917375
334 348 -1 -1 28.376506
334 348 356 -1 40.330730
212 215 -1 -1 36.987901
191 212 -1 -1 37.026282
191 212 215 -1 51.863134
181 191 -1 -1 25.252504
130 145 -1 -1 33.935084
125 130 -1 -1 23.764982
125 130 145 -1 40.841254
181 212 -1 -1 23.080547
181 191 212 -1 41.632033
130 160 -1 -1 36.983381
130 145 160 -1 38.039552
92 106 -1 -1 19.488124
92 125 -1 -1 35.524035
92 106 125 -1 36.088155
348 386 -1 -1 42.155879
348 371 386 -1 44.067742
287 310 -1 -1 28.752091
287 303 310 -1 31.009578
160 181 -1 -1 29.767942
160 181 191 -1 36.573711
269 282 -1 -1 37.511376
282 287 -1 -1 22.270174
269 282 287 -1 37.511376
262 282 -1 -1 23.672294
262 269 282 -1 39.809375
348 374 -1 -1 25.362761
374 386 -1 -1 26.362179
348 374 386 -1 42.155879
246 249 -1 -1 26.772223
246 262 -1 -1 24.173843
246 249 262 -1 27.477985
287 295 -1 -1 24.807977
295 310 -1 -1 24.888887
287 295 310 -1 35.863754
130 152 -1 -1 27.343214
152 160 -1 -1 29.084408
130 152 160 -1 42.347381
92 130 -1 -1 33.478143
92 125 130 -1 39.412573
310 317 -1 -1 24.077648
317 334 -1 -1 38.827506
310 317 334 -1 40.147616
152 181 -1 -1 37.663365
152 160 181 -1 39.576886
215 226 -1 -1 43.160091
226 249 -1 -1 48.911526
215 226 249 -1 49.993372
248 262 -1 -1 54.867761
248 282 -1 -1 36.225050
248 262 282 -1 63.352317
126 130 -1 -1 21.314163
226 246 -1 -1 25.523502
226 246 249 -1 48.911526
317 333 -1 -1 16.385675
333 334 -1 -1 44.729453
317 333 334 -1 44.729453
333 348 -1 -1 35.513869
333 334 348 -1 45.593545
246 248 -1 -1 31.779531
246 248 262 -1 54.867761
126 152 -1 -1 32.471958
126 130 152 -1 40.685886
152 173 -1 -1 28.692194
173 181 -1 -1 23.488984
152 173 181 -1 37.853151
90 92 -1 -1 18.821357
90 130 -1 -1 45.074169
90 92 130 -1 47.070468
212 226 -1 -1 25.508188
212 215 226 -1 50.462785
282 295 -1 -1 24.735128
282 287 295 -1 30.782885
90 126 -1 -1 29.273918
90 126 130 -1 47.349837
181 197 -1 -1 31.248137
197 212 -1 -1 26.929134
181 197 212 -1 33.240074
295 317 -1 -1 26.876594
295 310 317 -1 39.223331
348 359 -1 -1 39.439386
126 132 -1 -1 18.552606
132 152 -1 -1 38.181354
126 132 152 -1 39.101276
359 374 -1 -1 33.000391
348 359 374 -1 42.443649
173 197 -1 -1 27.269195
173 181 197 -1 33.613786
219 226 -1 -1 23.295389
219 246 -1 -1 47.038191
219 226 246 -1 47.038191
282 288 -1 -1 33.120010
288 295 -1 -1 25.805480
282 288 295 -1 38.558910
333 343 -1 -1 15.748144
343 348 -1 -1 46.207411
333 343 348 -1 47.534335
343 359 -1 -1 32.298337
343 348 359 -1 53.030178
151 152 -1 -1 29.650271
151 173 -1 -1 29.375665
151 152 173 -1 34.788181
197 226 -1 -1 34.687393
197 212 226 -1 34.687393
219 248 -1 -1 33.793456
219 246 248 -1 51.428315
132 151 -1 -1 22.764846
132 151 152 -1 39.375862
248 279 -1 -1 27.251422
279 282 -1 -1 33.849200
248 279 282 -1 36.225050
295 309 -1 -1 34.096601
309 317 -1 -1 26.401589
295 309 317 -1 37.776845
279 288 -1 -1 24.729116
279 282 288 -1 36.272862
197 219 -1 -1 30.709660
197 219 226 -1 38.809390
309 333 -1 -1 27.013919
309 317 333 -1 27.780390
288 309 -1 -1 26.238117
288 295 309 -1 39.656045
90 101 -1 -1 23.955522
101 126 -1 -1 36.647911
90 101 126 -1 38.734228
171 173 -1 -1 29.095188
171 197 -1 -1 33.043845
171 173 197 -1 33.674275
309 316 -1 -1 12.086341
316 333 -1 -1 29.907803
309 316 333 -1 29.907803
151 171 -1 -1 23.879197
151 171 173 -1 34.467159
101 132 -1 -1 33.978748
101 126 132 -1 38.678020
343 347 -1 -1 19.633213
347 359 -1 -1 32.822381
343 347 359 -1 37.315272
193 197 -1 -1 24.156285
171 193 -1 -1 23.267809
171 193 197 -1 35.082884
101 109 -1 -1 20.473515
109 132 -1 -1 35.451947
101 109 132 -1 35.903623
193 219 -1 -1 42.440334
193 197 219 -1 45.055972
326 333 -1 -1 39.592328
326 343 -1 -1 38.123322
326 333 343 -1 39.592328
288 301 -1 -1 24.795883
301 309 -1 -1 25.349616
288 301 309 -1 30.954949
316 326 -1 -1 24.016154
316 326 333 -1 44.106286
219 235 -1 -1 27.177713
235 248 -1 -1 46.669137
219 235 248 -1 50.405369
326 347 -1 -1 22.057222
326 343 347 -1 39.795859
301 316 -1 -1 23.678007
301 309 316 -1 26.358228
359 382 -1 -1 39.072097
132 139 -1 -1 30.331851
139 151 -1 -1 30.020617
132 139 151 -1 39.456209
272 288 -1 -1 35.567469
272 279 -1 -1 28.420958
272 279 288 -1 37.534443
218 219 -1 -1 26.772607
248 256 -1 -1 41.927492
256 279 -1 -1 30.268387
248 256 279 -1 46.090259
109 139 -1 -1 26.173135
109 132 139 -1 36.486730
218 235 -1 -1 27.911152
218 219 235 -1 31.682119
193 218 -1 -1 25.428762
193 218 219 -1 45.022431
347 355 -1 -1 29.634247
355 359 -1 -1 36.857942
347 355 359 -1 44.288374
272 301 -1 -1 27.510556
272 288 301 -1 41.552665
139 171 -1 -1 37.937694
139 151 171 -1 37.937694
256 272 -1 -1 21.511344
256 272 279 -1 32.815871
139 162 -1 -1 25.037177
162 171 -1 -1 20.801636
139 162 171 -1 39.197436
235 256 -1 -1 26.540416
235 248 256 -1 55.321126
301 326 -1 -1 31.182250
301 316 326 -1 31.199795
301 316 326 -1 31.199795
355 382 -1 -1 22.375995
355 359 382 -1 44.304069
301 306 -1 -1 18.430658
306 326 -1 -1 25.054134
301 306 326 -1 35.749470
301 306 326 -1 35.749470
162 193 -1 -1 37.729137
162 171 193 -1 38.164769
162 170 -1 -1 20.472204
170 193 -1 -1 31.732342
162 170 193 -1 37.729137
193 202 -1 -1 21.478246
202 218 -1 -1 19.001685
193 202 218 -1 26.693296
218 221 -1 -1 29.872429
221 235 -1 -1 25.181001
218 221 235 -1 33.414166
170 202 -1 -1 33.929718
170 193 202 -1 35.848575
202 221 -1 -1 23.744145
202 218 221 -1 31.872247
342 347 -1 -1 29.807056
326 342 -1 -1 26.244507
326 342 347 -1 32.031011
342 355 -1 -1 25.474806
342 347 355 -1 33.661711
137 139 -1 -1 23.273211
137 162 -1 -1 34.253171
137 139 162 -1 34.523959
272 285 -1 -1 24.938653
285 301 -1 -1 39.955889
272 285 301 -1 42.626150
98 109 -1 -1 25.708072
98 139 -1 -1 45.559799
98 109 139 -1 45.559799
98 137 -1 -1 37.440766
98 137 139 -1 46.917101
235 238 -1 -1 28.722147
238 256 -1 -1 27.468864
235 238 256 -1 35.484131
285 306 -1 -1 29.880503
285 301 306 -1 40.388639
137 170 -1 -1 39.345542
137 162 170 -1 40.530247
194 202 -1 -1 18.821802
170 194 -1 -1 24.626212
170 194 202 -1 37.569487
221 238 -1 -1 27.614900
221 235 238 -1 34.683419
238 272 -1 -1 39.540813
238 256 272 -1 40.085520
194 221 -1 -1 29.443226
194 202 221 -1 33.456329
326 330 -1 -1 29.257407
330 342 -1 -1 15.143118
326 330 342 -1 32.937604
355 360 -1 -1 28.316017
342 360 -1 -1 29.576612
342 355 360 -1 42.001407
306 330 -1 -1 30.434366
306 326 330 -1 38.863990
253 272 -1 -1 37.322499
238 253 -1 -1 24.250794
238 253 272 -1 43.303477
305 306 -1 -1 24.142098
253 285 -1 -1 28.403784
253 272 285 -1 44.181606
285 305 -1 -1 28.357149
285 305 306 -1 33.955601
305 330 -1 -1 28.446833
305 306 330 -1 34.126722
164 170 -1 -1 23.401141
164 194 -1 -1 33.020598
164 170 194 -1 35.706240
194 198 -1 -1 15.394767
198 221 -1 -1 27.363251
194 198 221 -1 30.779160
137 164 -1 -1 35.191849
137 164 170 -1 40.728040
98 116 -1 -1 27.873207
116 137 -1 -1 31.302690
98 116 137 -1 39.322932
360 382 -1 -1 39.493335
355 360 382 -1 49.186630
137 146 -1 -1 23.756159
146 164 -1 -1 32.678709
137 146 164 -1 38.628263
91 98 -1 -1 23.118400
342 345 -1 -1 24.639164
345 360 -1 -1 19.984099
342 345 360 -1 32.786925
382 383 -1 -1 43.284931
360 383 -1 -1 36.809022
360 382 383 -1 46.736231
221 222 -1 -1 30.593404
222 238 -1 -1 29.619994
221 222 238 -1 43.034675
91 116 -1 -1 27.717050
91 98 116 -1 34.376395
164 198 -1 -1 34.337499
164 194 198 -1 34.573143
321 330 -1 -1 36.591210
321 342 -1 -1 41.518632
321 330 342 -1 43.884603
198 222 -1 -1 29.927032
198 221 222 -1 34.366832
116 146 -1 -1 26.633294
116 137 146 -1 33.298923
305 321 -1 -1 27.696637
305 321 330 -1 37.021494
321 345 -1 -1 23.950548
321 342 345 -1 42.660985
222 253 -1 -1 37.541531
222 238 253 -1 39.200683
285 298 -1 -1 37.250457
298 305 -1 -1 29.148367
285 298 305 -1 39.541943
164 177 -1 -1 28.188592
177 198 -1 -1 30.461744
164 177 198 -1 36.047308
198 204 -1 -1 20.798996
204 222 -1 -1 29.455380
198 204 222 -1 43.001627
270 285 -1 -1 38.593407
253 270 -1 -1 32.894580
253 270 285 -1 41.139111
146 161 -1 -1 20.496791
161 164 -1 -1 24.147700
146 161 164 -1 37.544091
360 367 -1 -1 42.145077
367 383 -1 -1 26.295121
360 367 383 -1 45.135672
270 298 -1 -1 26.504599
270 285 298 -1 44.305358
177 204 -1 -1 23.320460
177 198 204 -1 33.168458
161 177 -1 -1 23.352503
161 164 177 -1 31.410923
253 254 -1 -1 27.530564
254 270 -1 -1 20.758939
253 254 270 -1 39.676189
88 91 -1 -1 38.628415
88 116 -1 -1 43.000828
88 91 116 -1 43.239109
298 321 -1 -1 33.489359
298 305 321 -1 36.857212
329 345 -1 -1 30.370480
329 360 -1 -1 47.724498
329 345 360 -1 48.222464
329 367 -1 -1 37.214472
329 360 367 -1 50.254071
222 254 -1 -1 39.411500
222 253 254 -1 49.239921
116 131 -1 -1 30.392233
131 146 -1 -1 27.755655
116 131 146 -1 36.511453
222 229 -1 -1 22.540977
229 254 -1 -1 25.350705
222 229 254 -1 39.822116
88 131 -1 -1 39.697702
88 116 131 -1 52.545136
131 161 -1 -1 37.770681
131 146 161 -1 38.103823
204 229 -1 -1 38.583510
204 222 229 -1 39.029298
321 329 -1 -1 27.991608
321 329 345 -1 32.974671
158 161 -1 -1 24.355142
158 177 -1 -1 28.530015
158 161 177 -1 33.319416
204 216 -1 -1 28.124441
216 229 -1 -1 24.450568
204 216 229 -1 40.211544
131 158 -1 -1 30.082285
131 158 161 -1 43.340367
177 189 -1 -1 24.299391
189 204 -1 -1 29.227114
177 189 204 -1 30.177164
189 216 -1 -1 23.903146
189 204 216 -1 39.560655
158 189 -1 -1 32.663146
158 177 189 -1 39.748172
86 -1 -1 -1 0.000000
88 -1 -1 -1 0.000000
90 -1 -1 -1 0.000000
91 -1 -1 -1 0.000000
92 -1 -1 -1 0.000000
93 -1 -1 -1 0.000000
94 -1 -1 -1 0.000000
97 -1 -1 -1 0.000000
98 -1 -1 -1 0.000000
100 -1 -1 -1 0.000000
101 -1 -1 -1 0.000000
103 -1 -1 -1 0.000000
106 -1 -1 -1 0.000000
108 -1 -1 -1 0.000000
109 -1 -1 -1 0.000000
110 -1 -1 -1 0.000000
114 -1 -1 -1 0.000000
116 -1 -1 -1 0.000000
117 -1 -1 -1 0.000000
118 -1 -1 -1 0.000000
119 -1 -1 -1 0.000000
121 -1 -1 -1 0.000000
124 -1 -1 -1 0.000000
125 -1 -1 -1 0.000000
126 -1 -1 -1 0.000000
127 -1 -1 -1 0.000000
130 -1 -1 -1 0.000000
131 -1 -1 -1 0.000000
132 -1 -1 -1 0.000000
133 -1 -1 -1 0.000000
136 -1 -1 -1 0.000000
137 -1 -1 -1 0.000000
139 -1 -1 -1 0.000000
141 -1 -1 -1 0.000000
143 -1 -1 -1 0.000000
145 -1 -1 -1 0.000000
146 -1 -1 -1 0.000000
147 -1 -1 -1 0.000000
148 -1 -1 -1 0.000000
151 -1 -1 -1 0.000000
152 -1 -1 -1 0.000000
154 -1 -1 -1 0.000000
156 -1 -1 -1 0.000000
158 -1 -1 -1 0.000000
160 -1 -1 -1 0.000000
161 -1 -1 -1 0.000000
162 -1 -1 -1 0.000000
163 -1 -1 -1 0.000000
164 -1 -1 -1 0.000000
168 -1 -1 -1 0.000000
169 -1 -1 -1 0.000000
170 -1 -1 -1 0.000000
171 -1 -1 -1 0.000000
172 -1 -1 -1 0.000000
173 -1 -1 -1 0.000000
174 -1 -1 -1 0.000000
176 -1 -1 -1 0.000000
177 -1 -1 -1 0.000000
178 -1 -1 -1 0.000000
181 -1 -1 -1 0.000000
184 -1 -1 -1 0.000000
185 -1 -1 -1 0.000000
189 -1 -1 -1 0.000000
191 -1 -1 -1 0.000000
192 -1 -1 -1 0.000000
193 -1 -1 -1 0.000000
194 -1 -1 -1 0.000000
196 -1 -1 -1 0.000000
197 -1 -1 -1 0.000000
198 -1 -1 -1 0.000000
201 -1 -1 -1 0.000000
202 -1 -1 -1 0.000000
203 -1 -1 -1 0.000000
204 -1 -1 -1 0.000000
205 -1 -1 -1 0.000000
207 -1 -1 -1 0.000000
208 -1 -1 -1 0.000000
212 -1 -1 -1 0.000000
215 -1 -1 -1 0.000000
216 -1 -1 -1 0.000000
217 -1 -1 -1 0.000000
218 -1 -1 -1 0.000000
219 -1 -1 -1 0.000000
221 -1 -1 -1 0.000000
222 -1 -1 -1 0.000000
224 -1 -1 -1 0.000000
225 -1 -1 -1 0.000000
226 -1 -1 -1 0.000000
228 -1 -1 -1 0.000000
229 -1 -1 -1 0.000000
231 -1 -1 -1 0.000000
234 -1 -1 -1 0.000000
235 -1 -1 -1 0.000000
236 -1 -1 -1 0.000000
238 -1 -1 -1 0.000000
240 -1 -1 -1 0.000000
241 -1 -1 -1 0.000000
244 -1 -1 -1 0.000000
246 -1 -1 -1 0.000000
248 -1 -1 -1 0.000000
249 -1 -1 -1 0.000000
252 -1 -1 -1 0.000000
253 -1 -1 -1 0.000000
254 -1 -1 -1 0.000000
255 -1 -1 -1 0.000000
256 -1 -1 -1 0.000000
257 -1 -1 -1 0.000000
259 -1 -1 -1 0.000000
262 -1 -1 -1 0.000000
263 -1 -1 -1 0.000000
266 -1 -1 -1 0.000000
267 -1 -1 -1 0.000000
269 -1 -1 -1 0.000000
270 -1 -1 -1 0.000000
271 -1 -1 -1 0.000000
272 -1 -1 -1 0.000000
274 -1 -1 -1 0.000000
275 -1 -1 -1 0.000000
278 -1 -1 -1 0.000000
279 -1 -1 -1 0.000000
282 -1 -1 -1 0.000000
284 -1 -1 -1 0.000000
285 -1 -1 -1 0.000000
287 -1 -1 -1 0.000000
288 -1 -1 -1 0.000000
290 -1 -1 -1 0.000000
295 -1 -1 -1 0.000000
296 -1 -1 -1 0.000000
298 -1 -1 -1 0.000000
299 -1 -1 -1 0.000000
300 -1 -1 -1 0.000000
301 -1 -1 -1 0.000000
303 -1 -1 -1 0.000000
304 -1 -1 -1 0.000000
305 -1 -1 -1 0.000000
306 -1 -1 -1 0.000000
307 -1 -1 -1 0.000000
309 -1 -1 -1 0.000000
310 -1 -1 -1 0.000000
314 -1 -1 -1 0.000000
316 -1 -1 -1 0.000000
317 -1 -1 -1 0.000000
319 -1 -1 -1 0.000000
320 -1 -1 -1 0.000000
321 -1 -1 -1 0.000000
322 -1 -1 -1 0.000000
324 -1 -1 -1 0.000000
326 -1 -1 -1 0.000000
327 -1 -1 -1 0.000000
329 -1 -1 -1 0.000000
330 -1 -1 -1 0.000000
332 -1 -1 -1 0.000000
333 -1 -1 -1 0.000000
334 -1 -1 -1 0.000000
337 -1 -1 -1 0.000000
338 -1 -1 -1 0.000000
339 -1 -1 -1 0.000000
340 -1 -1 -1 0.000000
342 -1 -1 -1 0.000000
343 -1 -1 -1 0.000000
344 -1 -1 -1 0.000000
345 -1 -1 -1 0.000000
347 -1 -1 -1 0.000000
348 -1 -1 -1 0.000000
349 -1 -1 -1 0.000000
354 -1 -1 -1 0.000000
355 -1 -1 -1 0.000000
356 -1 -1 -1 0.000000
359 -1 -1 -1 0.000000
360 -1 -1 -1 0.000000
361 -1 -1 -1 0.000000
362 -1 -1 -1 0.000000
364 -1 -1 -1 0.000000
365 -1 -1 -1 0.000000
367 -1 -1 -1 0.000000
369 -1 -1 -1 0.000000
370 -1 -1 -1 0.000000
371 -1 -1 -1 0.000000
372 -1 -1 -1 0.000000
374 -1 -1 -1 0.000000
376 -1 -1 -1 0.000000
377 -1 -1 -1 0.000000
382 -1 -1 -1 0.000000
383 -1 -1 -1 0.000000
385 -1 -1 -1 0.000000
386 -1 -1 -1 0.000000
388 -1 -1 -1 0.000000
