115 147 -1 -1 29.961967
383 394 -1 -1 15.174705
308 332 -1 -1 21.351716
332 352 -1 -1 18.966918
394 417 -1 -1 35.048843
102 115 -1 -1 26.934447
352 383 -1 -1 26.049954
184 206 -1 -1 20.350653
158 184 -1 -1 25.415459
147 158 -1 -1 26.509657
272 308 -1 -1 25.865305
206 237 -1 -1 22.355183
115 128 -1 -1 24.750724
128 147 -1 -1 31.824941
115 128 147 -1 36.570962
308 326 -1 -1 20.496136
326 332 -1 -1 14.720852
308 326 332 -1 22.678068
394 406 -1 -1 15.128380
406 417 -1 -1 31.378763
394 406 417 -1 35.390382
237 254 -1 -1 23.914813
254 272 -1 -1 21.811806
128 158 -1 -1 28.270970
128 147 158 -1 37.028620
366 383 -1 -1 27.829657
366 394 -1 -1 25.162597
366 383 394 -1 27.847574
352 366 -1 -1 17.277899
352 366 383 -1 33.469251
272 304 -1 -1 25.405397
304 308 -1 -1 22.302123
272 304 308 -1 31.580754
304 326 -1 -1 20.110549
304 308 326 -1 26.277173
272 280 -1 -1 13.894792
280 304 -1 -1 19.889529
272 280 304 -1 28.013366
225 237 -1 -1 21.193865
206 225 -1 -1 21.733346
206 225 237 -1 26.362445
102 128 -1 -1 35.885631
102 115 128 -1 37.483778
326 352 -1 -1 29.685927
326 332 352 -1 29.685927
366 381 -1 -1 19.113721
381 394 -1 -1 28.759955
366 381 394 -1 31.178048
225 254 -1 -1 19.141422
225 237 254 -1 26.481135
158 175 -1 -1 20.179337
175 184 -1 -1 20.071210
158 175 184 -1 26.027707
417 418 -1 -1 29.905816
175 206 -1 -1 28.507980
175 184 206 -1 29.313676
254 280 -1 -1 17.174599
254 272 280 -1 21.811806
346 352 -1 -1 24.546006
326 346 -1 -1 18.461566
326 346 352 -1 31.575432
381 406 -1 -1 21.600055
381 394 406 -1 29.288383
206 207 -1 -1 21.085485
175 207 -1 -1 20.140658
175 206 207 -1 28.706278
406 418 -1 -1 35.030794
406 417 418 -1 37.109874
346 366 -1 -1 25.956354
346 352 366 -1 26.625003
304 320 -1 -1 18.497625
320 326 -1 -1 21.005700
304 320 326 -1 23.326091
280 288 -1 -1 10.179172
288 304 -1 -1 17.347209
280 288 304 -1 19.912673
207 225 -1 -1 21.256816
206 207 225 -1 25.892517
346 350 -1 -1 13.611553
350 366 -1 -1 23.822412
346 350 366 -1 26.717011
102 112 -1 -1 26.787899
112 128 -1 -1 28.781688
102 112 128 -1 40.287183
320 346 -1 -1 20.901051
320 326 346 -1 24.781053
128 141 -1 -1 22.654550
141 158 -1 -1 30.021330
128 141 158 -1 35.873248
196 207 -1 -1 12.337336
175 196 -1 -1 20.485931
175 196 207 -1 21.683200
158 163 -1 -1 27.287485
163 175 -1 -1 22.977821
158 163 175 -1 27.751156
88 102 -1 -1 31.604907
288 301 -1 -1 22.270001
301 304 -1 -1 22.276154
288 301 304 -1 23.599999
223 225 -1 -1 19.476074
88 112 -1 -1 27.975190
88 102 112 -1 36.964083
350 381 -1 -1 27.065921
350 366 381 -1 27.242656
141 163 -1 -1 21.148438
141 158 163 -1 32.228621
223 254 -1 -1 26.901324
223 225 254 -1 29.099357
273 280 -1 -1 19.877061
254 273 -1 -1 26.369432
254 273 280 -1 26.810885
273 288 -1 -1 14.711064
273 280 288 -1 19.877061
381 391 -1 -1 21.238101
391 406 -1 -1 33.470298
381 391 406 -1 33.704376
391 418 -1 -1 34.830606
391 406 418 -1 37.840638
301 320 -1 -1 20.664983
301 304 320 -1 27.170725
223 251 -1 -1 16.385491
251 254 -1 -1 22.439337
223 251 254 -1 26.901324
350 363 -1 -1 18.590725
363 381 -1 -1 23.889337
350 363 381 -1 29.485497
112 141 -1 -1 31.063422
112 128 141 -1 34.125645
207 223 -1 -1 24.003495
207 223 225 -1 28.605588
175 179 -1 -1 25.565088
163 179 -1 -1 18.086713
163 175 179 -1 27.203609
179 196 -1 -1 17.861630
175 179 196 -1 26.425840
251 273 -1 -1 15.651127
251 254 273 -1 27.765639
320 324 -1 -1 19.973657
320 350 -1 -1 26.320463
320 346 350 -1 26.732415
276 288 -1 -1 18.759826
276 301 -1 -1 19.264958
276 288 301 -1 22.892683
273 276 -1 -1 11.192228
273 276 288 -1 19.610023
324 350 -1 -1 25.214548
320 324 350 -1 28.091888
196 223 -1 -1 25.404085
196 207 223 -1 25.733498
196 204 -1 -1 17.085851
204 223 -1 -1 19.110159
196 204 223 -1 26.193512
112 125 -1 -1 27.227145
125 141 -1 -1 29.647666
112 125 141 -1 37.422192
301 324 -1 -1 23.865154
301 320 324 -1 26.418015
363 391 -1 -1 27.461067
363 381 391 -1 29.395527
179 204 -1 -1 23.373916
179 196 204 -1 26.470840
296 301 -1 -1 19.589751
276 296 -1 -1 21.925396
276 296 301 -1 24.500404
324 347 -1 -1 20.088259
347 350 -1 -1 25.398976
324 347 350 -1 28.819952
347 363 -1 -1 18.974628
347 350 363 -1 25.962362
141 151 -1 -1 23.035084
151 163 -1 -1 24.114370
141 151 163 -1 25.912967
251 276 -1 -1 23.092039
251 273 276 -1 23.333960
223 242 -1 -1 20.922135
242 251 -1 -1 14.488768
223 242 251 -1 21.641052
88 99 -1 -1 22.946529
99 112 -1 -1 30.024107
88 99 112 -1 40.184680
296 324 -1 -1 23.498317
296 301 324 -1 26.511183
242 276 -1 -1 25.464680
242 251 276 -1 25.780586
125 151 -1 -1 24.018432
125 141 151 -1 34.577418
99 125 -1 -1 29.883514
99 112 125 -1 39.124065
163 171 -1 -1 25.367270
171 179 -1 -1 20.433298
163 171 179 -1 26.801214
391 402 -1 -1 19.977153
267 276 -1 -1 21.477213
267 296 -1 -1 22.440082
267 276 296 -1 29.684256
358 363 -1 -1 22.980670
358 391 -1 -1 30.030650
358 363 391 -1 31.868106
204 222 -1 -1 18.497681
222 223 -1 -1 27.800164
204 222 223 -1 31.772723
222 242 -1 -1 19.463160
222 223 242 -1 27.929339
151 171 -1 -1 21.165489
151 163 171 -1 27.761155
242 267 -1 -1 20.258567
242 267 276 -1 27.190660
179 190 -1 -1 23.591328
190 204 -1 -1 23.137023
179 190 204 -1 26.285979
324 337 -1 -1 21.694602
337 347 -1 -1 19.379425
324 337 347 -1 24.917631
194 204 -1 -1 32.947590
242 252 -1 -1 15.191541
194 222 -1 -1 33.696747
194 204 222 -1 42.296428
252 267 -1 -1 19.179851
242 252 267 -1 24.222149
296 313 -1 -1 21.721395
313 324 -1 -1 27.375201
296 313 324 -1 28.991713
171 190 -1 -1 17.332758
171 179 190 -1 25.470089
358 402 -1 -1 28.027967
358 391 402 -1 33.673516
313 337 -1 -1 17.221957
313 324 337 -1 29.797782
347 358 -1 -1 22.187294
347 358 363 -1 30.926223
190 194 -1 -1 13.833321
190 194 204 -1 32.947590
194 216 -1 -1 11.537443
216 222 -1 -1 14.379119
194 216 222 -1 33.696747
287 296 -1 -1 21.975100
267 287 -1 -1 17.740832
267 287 296 -1 25.610541
222 252 -1 -1 21.271132
222 242 252 -1 23.050525
99 106 -1 -1 24.571773
106 125 -1 -1 27.643884
99 106 125 -1 33.613269
358 387 -1 -1 16.931371
387 402 -1 -1 19.493081
358 387 402 -1 28.027967
150 151 -1 -1 22.855058
150 171 -1 -1 26.123058
150 151 171 -1 32.068783
222 236 -1 -1 14.289503
236 252 -1 -1 13.117602
222 236 252 -1 21.629532
287 313 -1 -1 21.665851
287 296 313 -1 25.236094
337 342 -1 -1 17.354789
342 347 -1 -1 24.212837
337 342 347 -1 24.234784
342 358 -1 -1 27.729818
342 347 358 -1 39.281049
125 150 -1 -1 34.501855
125 150 151 -1 34.786296
89 99 -1 -1 31.956741
402 414 -1 -1 19.443002
216 236 -1 -1 16.929616
216 222 236 -1 18.413316
125 129 -1 -1 28.654969
129 150 -1 -1 23.079185
125 129 150 -1 35.264621
171 176 -1 -1 21.479539
176 190 -1 -1 17.497917
171 176 190 -1 24.965918
389 402 -1 -1 23.237201
387 389 -1 -1 11.644533
387 389 402 -1 24.245613
389 414 -1 -1 17.128243
389 402 414 -1 27.439202
89 106 -1 -1 24.095617
89 99 106 -1 35.301849
176 194 -1 -1 16.829321
176 190 194 -1 20.312998
236 253 -1 -1 16.835014
252 253 -1 -1 16.715432
236 252 253 -1 19.778654
106 129 -1 -1 24.772386
106 125 129 -1 35.111379
267 270 -1 -1 25.261757
270 287 -1 -1 20.484277
267 270 287 -1 25.717225
358 368 -1 -1 19.148543
150 176 -1 -1 28.450672
150 171 176 -1 29.295045
252 270 -1 -1 21.521124
252 267 270 -1 28.947407
342 368 -1 -1 19.207489
342 358 368 -1 29.655381
213 216 -1 -1 15.667495
213 236 -1 -1 21.220147
213 216 236 -1 21.596200
253 270 -1 -1 12.620701
252 253 270 -1 21.521124
368 387 -1 -1 17.639975
358 368 387 -1 25.635240
213 253 -1 -1 26.791504
213 236 253 -1 29.730890
287 297 -1 -1 18.566263
297 313 -1 -1 23.217219
287 297 313 -1 26.067275
313 342 -1 -1 31.046312
313 337 342 -1 31.046312
176 187 -1 -1 28.430036
187 194 -1 -1 22.375189
176 187 194 -1 28.430036
313 323 -1 -1 22.754738
263 270 -1 -1 19.234479
263 287 -1 -1 25.356783
263 270 287 -1 26.246876
412 414 -1 -1 14.821530
150 155 -1 -1 21.256063
155 176 -1 -1 30.822346
150 155 176 -1 33.865884
155 187 -1 -1 21.978982
155 176 187 -1 35.233868
297 323 -1 -1 21.433420
297 313 323 -1 27.488802
323 342 -1 -1 21.150636
313 323 342 -1 34.194073
194 213 -1 -1 23.461652
194 213 216 -1 23.835077
368 389 -1 -1 23.778568
368 387 389 -1 23.778568
263 297 -1 -1 22.279268
263 287 297 -1 27.809832
253 263 -1 -1 18.789564
253 263 270 -1 21.321576
365 368 -1 -1 14.957843
365 389 -1 -1 25.676457
365 368 389 -1 26.940767
389 412 -1 -1 19.391099
389 412 414 -1 24.042989
342 348 -1 -1 16.787213
213 228 -1 -1 17.347252
228 253 -1 -1 21.264489
213 228 253 -1 27.177752
323 348 -1 -1 18.453262
323 342 348 -1 28.372047
389 392 -1 -1 14.037193
342 365 -1 -1 25.615594
342 365 368 -1 26.728157
348 365 -1 -1 21.334123
342 348 365 -1 25.615594
365 392 -1 -1 18.286482
365 389 392 -1 27.782898
187 213 -1 -1 32.370757
187 194 213 -1 32.370757
89 110 -1 -1 29.115180
106 110 -1 -1 27.326066
89 106 110 -1 34.158158
110 129 -1 -1 27.925676
106 110 129 -1 33.413893
228 263 -1 -1 24.157567
228 253 263 -1 27.303004
392 412 -1 -1 20.328952
389 392 412 -1 22.837386
187 195 -1 -1 20.008567
195 213 -1 -1 22.507268
187 195 213 -1 34.886239
129 134 -1 -1 24.232428
134 150 -1 -1 34.033141
129 134 150 -1 34.730517
134 155 -1 -1 28.920652
134 150 155 -1 35.914833
297 311 -1 -1 18.341780
311 323 -1 -1 18.259233
297 311 323 -1 24.845175
195 228 -1 -1 27.397491
195 213 228 -1 29.327817
110 134 -1 -1 28.741202
110 129 134 -1 37.152276
263 285 -1 -1 19.134729
285 297 -1 -1 19.605814
263 285 297 -1 24.955581
390 392 -1 -1 14.960703
390 412 -1 -1 22.878816
390 392 412 -1 24.771160
339 348 -1 -1 15.524040
339 365 -1 -1 25.929554
339 348 365 -1 26.188843
323 339 -1 -1 21.423021
323 339 348 -1 25.263237
311 339 -1 -1 23.134232
311 323 339 -1 24.818201
365 390 -1 -1 29.088225
365 390 392 -1 29.439071
285 311 -1 -1 20.889083
285 297 311 -1 26.116826
89 98 -1 -1 36.064082
98 110 -1 -1 22.132074
89 98 110 -1 36.966593
155 164 -1 -1 22.389586
164 187 -1 -1 25.074394
155 164 187 -1 30.383751
228 261 -1 -1 25.890560
261 263 -1 -1 20.739520
228 261 263 -1 30.169450
261 285 -1 -1 19.736971
261 263 285 -1 21.875483
228 235 -1 -1 16.321383
339 359 -1 -1 21.350845
359 365 -1 -1 19.734581
339 359 365 -1 28.796808
195 201 -1 -1 15.515893
201 228 -1 -1 29.197732
195 201 228 -1 29.414480
359 390 -1 -1 26.804287
359 365 390 -1 29.783423
201 235 -1 -1 23.455413
201 228 235 -1 32.739331
235 261 -1 -1 21.601479
228 235 261 -1 25.890560
285 290 -1 -1 14.194277
290 311 -1 -1 19.016014
285 290 311 -1 23.287914
164 195 -1 -1 29.401991
164 187 195 -1 32.448000
311 321 -1 -1 20.787070
321 339 -1 -1 20.707828
311 321 339 -1 24.576548
390 405 -1 -1 24.852750
134 164 -1 -1 37.173064
134 155 164 -1 37.219461
164 201 -1 -1 29.982251
164 195 201 -1 32.973970
290 321 -1 -1 19.667986
290 311 321 -1 25.755773
261 290 -1 -1 23.802174
261 285 290 -1 24.008457
134 139 -1 -1 22.578090
339 343 -1 -1 18.218774
343 359 -1 -1 23.472031
339 343 359 -1 27.910383
110 114 -1 -1 28.196956
114 134 -1 -1 31.286537
110 114 134 -1 35.970873
139 164 -1 -1 27.005325
134 139 164 -1 39.739771
98 114 -1 -1 23.103081
98 110 114 -1 28.764473
235 241 -1 -1 18.237585
241 261 -1 -1 21.399504
235 241 261 -1 24.705841
384 390 -1 -1 26.306971
384 405 -1 -1 25.442291
384 390 405 -1 37.134033
114 139 -1 -1 31.620493
114 134 139 -1 40.112188
201 210 -1 -1 19.287498
210 235 -1 -1 25.232899
201 210 235 -1 27.264771
261 274 -1 -1 21.898703
274 290 -1 -1 21.231069
261 274 290 -1 24.586237
359 384 -1 -1 23.045459
359 384 390 -1 35.100368
321 343 -1 -1 23.290779
321 339 343 -1 27.250094
164 172 -1 -1 21.903564
172 201 -1 -1 28.054078
164 172 201 -1 32.668878
241 274 -1 -1 22.957163
241 261 274 -1 29.575403
290 306 -1 -1 13.539232
306 321 -1 -1 21.802311
290 306 321 -1 22.449322
210 241 -1 -1 22.453803
210 235 241 -1 29.315897
321 327 -1 -1 19.039897
327 343 -1 -1 16.166464
321 327 343 -1 24.657981
274 306 -1 -1 20.482895
274 290 306 -1 25.736971
353 359 -1 -1 24.577190
353 384 -1 -1 23.012427
353 359 384 -1 30.010201
139 172 -1 -1 33.207161
139 164 172 -1 33.829872
343 353 -1 -1 18.176439
343 353 359 -1 27.026835
172 210 -1 -1 26.999490
172 201 210 -1 32.136749
293 321 -1 -1 26.034500
293 306 -1 -1 14.277999
293 306 321 -1 26.055571
114 130 -1 -1 25.123341
130 139 -1 -1 22.156164
114 130 139 -1 34.097656
293 327 -1 -1 24.886443
293 321 327 -1 29.900738
97 98 -1 -1 30.748249
97 114 -1 -1 29.843004
97 98 114 -1 34.759880
239 241 -1 -1 17.762625
239 274 -1 -1 30.211165
239 241 274 -1 31.649033
274 293 -1 -1 21.682392
274 293 306 -1 25.415881
327 353 -1 -1 23.387820
327 343 353 -1 23.387820
384 401 -1 -1 26.058258
401 405 -1 -1 24.735230
384 401 405 -1 31.944696
139 159 -1 -1 28.977563
159 172 -1 -1 24.855191
139 159 172 -1 37.711117
210 239 -1 -1 27.902596
210 239 241 -1 28.500471
293 317 -1 -1 13.992874
317 327 -1 -1 16.654017
293 317 327 -1 27.859724
130 159 -1 -1 30.124832
130 139 159 -1 33.322271
114 116 -1 -1 37.547172
116 130 -1 -1 24.098124
114 116 130 -1 39.785476
210 212 -1 -1 21.017489
353 382 -1 -1 24.602929
382 384 -1 -1 22.802259
353 382 384 -1 27.391919
172 186 -1 -1 20.898308
325 327 -1 -1 21.941250
325 353 -1 -1 28.284742
325 327 353 -1 32.596488
186 210 -1 -1 29.011762
172 186 210 -1 36.452133
97 116 -1 -1 28.965604
97 114 116 -1 37.547172
186 212 -1 -1 21.194284
186 210 212 -1 29.549564
265 274 -1 -1 23.958442
239 265 -1 -1 22.123553
239 265 274 -1 30.866614
212 239 -1 -1 25.865848
210 212 239 -1 30.911671
382 401 -1 -1 27.794278
382 384 401 -1 32.890700
159 186 -1 -1 23.810088
159 172 186 -1 27.127663
265 293 -1 -1 25.211174
265 274 293 -1 29.956147
353 360 -1 -1 19.515584
360 382 -1 -1 17.177756
353 360 382 -1 27.116392
317 325 -1 -1 16.909471
317 325 327 -1 23.041945
289 293 -1 -1 25.146817
289 317 -1 -1 25.227709
289 293 317 -1 29.524326
325 360 -1 -1 23.952499
325 353 360 -1 28.487033
265 289 -1 -1 23.144287
265 289 293 -1 27.954375
130 144 -1 -1 23.720164
144 159 -1 -1 23.407627
130 144 159 -1 33.997489
401 408 -1 -1 21.059063
289 325 -1 -1 28.397530
289 317 325 -1 31.269393
212 232 -1 -1 20.816530
232 239 -1 -1 22.935676
212 232 239 -1 27.747959
159 167 -1 -1 23.149705
167 186 -1 -1 22.316528
159 167 186 -1 27.485646
116 144 -1 -1 28.700085
116 130 144 -1 33.408219
232 265 -1 -1 31.290983
232 239 265 -1 31.290983
97 105 -1 -1 45.254985
105 116 -1 -1 24.405081
97 105 116 -1 47.062770
186 198 -1 -1 27.023844
198 212 -1 -1 21.201035
186 198 212 -1 27.760011
144 167 -1 -1 26.147695
144 159 167 -1 28.274425
167 198 -1 -1 26.915562
167 186 198 -1 34.371473
82 97 -1 -1 40.375168
232 255 -1 -1 20.767795
255 265 -1 -1 20.565087
232 255 265 -1 33.566542
325 341 -1 -1 25.480522
341 360 -1 -1 28.997006
325 341 360 -1 30.796668
360 377 -1 -1 26.750425
377 382 -1 -1 21.512713
360 377 382 -1 27.303427
382 408 -1 -1 39.512818
382 401 408 -1 39.816223
82 105 -1 -1 27.602507
82 97 105 -1 51.439770
198 232 -1 -1 27.313934
198 212 232 -1 27.919841
377 408 -1 -1 32.376491
377 382 408 -1 39.512818
255 289 -1 -1 28.706477
255 265 289 -1 31.020666
289 316 -1 -1 21.622017
316 325 -1 -1 25.750865
289 316 325 -1 33.778793
341 377 -1 -1 29.848125
341 360 377 -1 39.853617
316 341 -1 -1 26.707062
316 325 341 -1 32.820776
116 137 -1 -1 32.876078
137 144 -1 -1 21.271764
116 137 144 -1 36.301093
255 284 -1 -1 31.610233
284 289 -1 -1 27.356932
255 284 289 -1 35.705491
377 410 -1 -1 24.853036
408 410 -1 -1 22.230889
377 408 410 -1 33.259454
224 232 -1 -1 23.012251
198 224 -1 -1 25.034610
198 224 232 -1 29.166497
137 167 -1 -1 34.933685
137 144 167 -1 35.339186
167 170 -1 -1 18.363475
170 198 -1 -1 27.799297
167 170 198 -1 31.752100
224 255 -1 -1 26.880395
224 232 255 -1 28.316236
284 316 -1 -1 22.690525
284 289 316 -1 29.674214
105 137 -1 -1 31.082875
105 116 137 -1 37.449569
137 170 -1 -1 38.115610
137 167 170 -1 38.707489
370 377 -1 -1 18.850379
247 255 -1 -1 27.734386
341 370 -1 -1 31.513604
341 370 377 -1 32.657996
170 192 -1 -1 24.171734
192 198 -1 -1 25.362096
170 192 198 -1 32.383770
224 247 -1 -1 21.900470
224 247 255 -1 30.576994
247 284 -1 -1 27.901663
247 255 284 -1 34.842993
137 149 -1 -1 24.747680
149 170 -1 -1 24.326762
137 149 170 -1 39.249741
192 224 -1 -1 23.540275
192 198 224 -1 29.495839
341 349 -1 -1 24.699167
349 370 -1 -1 22.124739
341 349 370 -1 34.780895
370 410 -1 -1 27.182205
370 377 410 -1 30.686074
316 319 -1 -1 23.793747
319 341 -1 -1 32.804128
316 319 341 -1 39.232413
319 349 -1 -1 25.963971
319 341 349 -1 34.256193
370 403 -1 -1 21.658936
403 410 -1 -1 22.630463
370 403 410 -1 29.162199
284 319 -1 -1 28.437493
284 316 319 -1 35.325696
105 121 -1 -1 37.374955
121 137 -1 -1 31.169612
105 121 137 -1 47.483602
121 149 -1 -1 31.207582
121 137 149 -1 42.420513
82 101 -1 -1 43.680829
101 105 -1 -1 38.658819
82 101 105 -1 54.323579
101 121 -1 -1 30.858569
101 105 121 -1 53.564885
192 219 -1 -1 25.654710
219 224 -1 -1 27.940492
192 219 224 -1 35.175679
247 262 -1 -1 20.454718
262 284 -1 -1 26.100660
247 262 284 -1 35.132777
170 180 -1 -1 31.985916
149 180 -1 -1 32.511502
149 170 180 -1 39.427551
180 192 -1 -1 22.384835
170 180 192 -1 35.017152
219 247 -1 -1 32.465082
219 224 247 -1 35.419803
284 302 -1 -1 35.787359
302 319 -1 -1 22.650934
284 302 319 -1 38.612849
370 372 -1 -1 25.652550
403 415 -1 -1 18.856996
349 372 -1 -1 22.899046
349 370 372 -1 35.570882
372 403 -1 -1 23.932667
370 372 403 -1 31.286852
121 160 -1 -1 38.178218
149 160 -1 -1 21.670791
121 149 160 -1 39.975736
262 302 -1 -1 25.742925
262 284 302 -1 35.787359
319 335 -1 -1 27.987600
335 349 -1 -1 23.739767
319 335 349 -1 36.117878
180 219 -1 -1 29.620050
180 192 219 -1 33.944614
219 262 -1 -1 33.317413
219 247 262 -1 33.836314
160 180 -1 -1 26.209240
149 160 180 -1 34.066609
398 403 -1 -1 21.169173
372 398 -1 -1 21.534794
372 398 403 -1 25.898830
398 415 -1 -1 18.868394
398 403 415 -1 22.695166
335 372 -1 -1 32.356634
335 349 372 -1 34.220575
262 269 -1 -1 15.130158
269 302 -1 -1 24.420614
262 269 302 -1 27.544379
302 335 -1 -1 34.172797
302 319 335 -1 36.614579
83 101 -1 -1 25.634364
219 230 -1 -1 22.466999
230 262 -1 -1 32.153699
219 230 262 -1 35.431716
230 269 -1 -1 25.629571
230 262 269 -1 33.957382
121 127 -1 -1 25.667211
180 208 -1 -1 27.166157
208 219 -1 -1 26.543091
180 208 219 -1 35.674820
302 312 -1 -1 28.378376
312 335 -1 -1 26.205549
302 312 335 -1 37.003043
367 372 -1 -1 18.469422
335 367 -1 -1 27.261815
335 367 372 -1 34.048948
101 127 -1 -1 39.048903
101 121 127 -1 42.937759
160 169 -1 -1 20.316260
169 180 -1 -1 20.890218
160 169 180 -1 29.249697
367 398 -1 -1 22.733758
367 372 398 -1 23.903255
127 160 -1 -1 33.587946
121 127 160 -1 50.731936
398 400 -1 -1 17.880726
400 415 -1 -1 27.762069
398 400 415 -1 28.148087
398 400 415 -1 28.148087
208 230 -1 -1 23.373587
208 219 230 -1 31.416620
169 208 -1 -1 28.376928
169 180 208 -1 35.597056
268 269 -1 -1 19.416397
268 302 -1 -1 33.030271
268 269 302 -1 33.030271
268 312 -1 -1 29.779451
268 302 312 -1 37.160188
101 113 -1 -1 31.473727
113 127 -1 -1 24.427564
101 113 127 -1 45.262382
367 400 -1 -1 25.912375
367 398 400 -1 28.697454
230 268 -1 -1 35.827681
230 268 269 -1 36.878652
83 113 -1 -1 36.357066
83 101 113 -1 40.695192
127 169 -1 -1 43.887548
127 160 169 -1 43.999296
169 181 -1 -1 15.690714
335 354 -1 -1 27.551322
354 367 -1 -1 21.861171
335 354 367 -1 31.376249
181 208 -1 -1 20.310235
169 181 208 -1 28.552928
312 354 -1 -1 34.889987
312 335 354 -1 38.404737
127 145 -1 -1 26.693621
145 169 -1 -1 28.807839
127 145 169 -1 45.408980
367 373 -1 -1 16.403396
230 244 -1 -1 23.925834
244 268 -1 -1 25.580599
230 244 268 -1 36.725849
145 181 -1 -1 33.689177
145 169 181 -1 35.980053
373 400 -1 -1 23.875944
367 373 400 -1 28.783981
354 373 -1 -1 21.134355
354 367 373 -1 24.478494
191 208 -1 -1 20.994461
191 230 -1 -1 32.571309
191 208 230 -1 34.401261
395 400 -1 -1 18.632854
181 191 -1 -1 22.282932
181 191 208 -1 27.814925
312 328 -1 -1 26.328510
328 354 -1 -1 24.222567
312 328 354 -1 36.668352
191 244 -1 -1 35.680977
191 230 244 -1 37.871048
373 395 -1 -1 29.075093
373 395 400 -1 29.814004
113 145 -1 -1 42.069494
113 127 145 -1 42.246222
268 286 -1 -1 24.000582
286 312 -1 -1 27.893713
268 286 312 -1 35.568648
83 96 -1 -1 36.730396
354 355 -1 -1 21.519188
355 373 -1 -1 17.386847
354 355 373 -1 25.040663
96 113 -1 -1 30.256557
83 96 113 -1 47.250449
286 328 -1 -1 27.957040
286 312 328 -1 31.571610
113 124 -1 -1 24.655773
145 191 -1 -1 47.917599
145 181 191 -1 48.126412
96 124 -1 -1 30.805268
96 113 124 -1 44.697786
328 355 -1 -1 25.884055
328 354 355 -1 29.398737
124 145 -1 -1 33.836020
113 124 145 -1 47.663707
145 177 -1 -1 33.460578
177 191 -1 -1 25.475028
145 177 191 -1 47.938348
244 286 -1 -1 33.920050
244 268 286 -1 33.920050
355 395 -1 -1 34.730380
355 373 395 -1 36.187619
82 -1 -1 -1 0.000000
83 -1 -1 -1 0.000000
88 -1 -1 -1 0.000000
89 -1 -1 -1 0.000000
96 -1 -1 -1 0.000000
97 -1 -1 -1 0.000000
98 -1 -1 -1 0.000000
99 -1 -1 -1 0.000000
101 -1 -1 -1 0.000000
102 -1 -1 -1 0.000000
105 -1 -1 -1 0.000000
106 -1 -1 -1 0.000000
110 -1 -1 -1 0.000000
112 -1 -1 -1 0.000000
113 -1 -1 -1 0.000000
114 -1 -1 -1 0.000000
115 -1 -1 -1 0.000000
116 -1 -1 -1 0.000000
121 -1 -1 -1 0.000000
124 -1 -1 -1 0.000000
125 -1 -1 -1 0.000000
127 -1 -1 -1 0.000000
128 -1 -1 -1 0.000000
129 -1 -1 -1 0.000000
130 -1 -1 -1 0.000000
134 -1 -1 -1 0.000000
137 -1 -1 -1 0.000000
139 -1 -1 -1 0.000000
141 -1 -1 -1 0.000000
144 -1 -1 -1 0.000000
145 -1 -1 -1 0.000000
147 -1 -1 -1 0.000000
149 -1 -1 -1 0.000000
150 -1 -1 -1 0.000000
151 -1 -1 -1 0.000000
155 -1 -1 -1 0.000000
158 -1 -1 -1 0.000000
159 -1 -1 -1 0.000000
160 -1 -1 -1 0.000000
163 -1 -1 -1 0.000000
164 -1 -1 -1 0.000000
167 -1 -1 -1 0.000000
169 -1 -1 -1 0.000000
170 -1 -1 -1 0.000000
171 -1 -1 -1 0.000000
172 -1 -1 -1 0.000000
175 -1 -1 -1 0.000000
176 -1 -1 -1 0.000000
177 -1 -1 -1 0.000000
179 -1 -1 -1 0.000000
180 -1 -1 -1 0.000000
181 -1 -1 -1 0.000000
184 -1 -1 -1 0.000000
186 -1 -1 -1 0.000000
187 -1 -1 -1 0.000000
190 -1 -1 -1 0.000000
191 -1 -1 -1 0.000000
192 -1 -1 -1 0.000000
194 -1 -1 -1 0.000000
195 -1 -1 -1 0.000000
196 -1 -1 -1 0.000000
198 -1 -1 -1 0.000000
201 -1 -1 -1 0.000000
204 -1 -1 -1 0.000000
206 -1 -1 -1 0.000000
207 -1 -1 -1 0.000000
208 -1 -1 -1 0.000000
210 -1 -1 -1 0.000000
212 -1 -1 -1 0.000000
213 -1 -1 -1 0.000000
216 -1 -1 -1 0.000000
219 -1 -1 -1 0.000000
222 -1 -1 -1 0.000000
223 -1 -1 -1 0.000000
224 -1 -1 -1 0.000000
225 -1 -1 -1 0.000000
228 -1 -1 -1 0.000000
230 -1 -1 -1 0.000000
232 -1 -1 -1 0.000000
235 -1 -1 -1 0.000000
236 -1 -1 -1 0.000000
237 -1 -1 -1 0.000000
239 -1 -1 -1 0.000000
241 -1 -1 -1 0.000000
242 -1 -1 -1 0.000000
244 -1 -1 -1 0.000000
247 -1 -1 -1 0.000000
251 -1 -1 -1 0.000000
252 -1 -1 -1 0.000000
253 -1 -1 -1 0.000000
254 -1 -1 -1 0.000000
255 -1 -1 -1 0.000000
261 -1 -1 -1 0.000000
262 -1 -1 -1 0.000000
263 -1 -1 -1 0.000000
265 -1 -1 -1 0.000000
267 -1 -1 -1 0.000000
268 -1 -1 -1 0.000000
269 -1 -1 -1 0.000000
270 -1 -1 -1 0.000000
272 -1 -1 -1 0.000000
273 -1 -1 -1 0.000000
274 -1 -1 -1 0.000000
276 -1 -1 -1 0.000000
280 -1 -1 -1 0.000000
284 -1 -1 -1 0.000000
285 -1 -1 -1 0.000000
286 -1 -1 -1 0.000000
287 -1 -1 -1 0.000000
288 -1 -1 -1 0.000000
289 -1 -1 -1 0.000000
290 -1 -1 -1 0.000000
293 -1 -1 -1 0.000000
296 -1 -1 -1 0.000000
297 -1 -1 -1 0.000000
301 -1 -1 -1 0.000000
302 -1 -1 -1 0.000000
304 -1 -1 -1 0.000000
306 -1 -1 -1 0.000000
308 -1 -1 -1 0.000000
311 -1 -1 -1 0.000000
312 -1 -1 -1 0.000000
313 -1 -1 -1 0.000000
316 -1 -1 -1 0.000000
317 -1 -1 -1 0.000000
319 -1 -1 -1 0.000000
320 -1 -1 -1 0.000000
321 -1 -1 -1 0.000000
323 -1 -1 -1 0.000000
324 -1 -1 -1 0.000000
325 -1 -1 -1 0.000000
326 -1 -1 -1 0.000000
327 -1 -1 -1 0.000000
328 -1 -1 -1 0.000000
332 -1 -1 -1 0.000000
335 -1 -1 -1 0.000000
337 -1 -1 -1 0.000000
339 -1 -1 -1 0.000000
341 -1 -1 -1 0.000000
342 -1 -1 -1 0.000000
343 -1 -1 -1 0.000000
346 -1 -1 -1 0.000000
347 -1 -1 -1 0.000000
348 -1 -1 -1 0.000000
349 -1 -1 -1 0.000000
350 -1 -1 -1 0.000000
352 -1 -1 -1 0.000000
353 -1 -1 -1 0.000000
354 -1 -1 -1 0.000000
355 -1 -1 -1 0.000000
358 -1 -1 -1 0.000000
359 -1 -1 -1 0.000000
360 -1 -1 -1 0.000000
363 -1 -1 -1 0.000000
365 -1 -1 -1 0.000000
366 -1 -1 -1 0.000000
367 -1 -1 -1 0.000000
368 -1 -1 -1 0.000000
370 -1 -1 -1 0.000000
372 -1 -1 -1 0.000000
373 -1 -1 -1 0.000000
377 -1 -1 -1 0.000000
381 -1 -1 -1 0.000000
382 -1 -1 -1 0.000000
383 -1 -1 -1 0.000000
384 -1 -1 -1 0.000000
387 -1 -1 -1 0.000000
389 -1 -1 -1 0.000000
390 -1 -1 -1 0.000000
391 -1 -1 -1 0.000000
392 -1 -1 -1 0.000000
394 -1 -1 -1 0.000000
395 -1 -1 -1 0.000000
398 -1 -1 -1 0.000000
400 -1 -1 -1 0.000000
401 -1 -1 -1 0.000000
402 -1 -1 -1 0.000000
403 -1 -1 -1 0.000000
405 -1 -1 -1 0.000000
406 -1 -1 -1 0.000000
408 -1 -1 -1 0.000000
410 -1 -1 -1 0.000000
412 -1 -1 -1 0.000000
414 -1 -1 -1 0.000000
415 -1 -1 -1 0.000000
417 -1 -1 -1 0.000000
418 -1 -1 -1 0.000000
