381 428 -1 -1 22.708306
428 460 -1 -1 21.002443
277 312 -1 -1 19.036960
312 327 -1 -1 24.958611
578 628 -1 -1 29.546134
460 490 -1 -1 22.329002
490 514 -1 -1 21.435884
546 578 -1 -1 24.793424
327 381 -1 -1 35.013488
257 277 -1 -1 17.148709
514 546 -1 -1 22.614586
428 433 -1 -1 17.635371
433 460 -1 -1 21.876729
428 433 460 -1 22.782222
578 609 -1 -1 20.792227
609 628 -1 -1 18.377090
578 609 628 -1 31.579551
378 381 -1 -1 18.194555
378 428 -1 -1 28.054458
378 381 428 -1 28.054458
327 378 -1 -1 33.948918
327 378 381 -1 36.370171
378 433 -1 -1 28.132816
378 428 433 -1 33.938735
277 290 -1 -1 19.393575
290 312 -1 -1 19.821235
277 290 312 -1 23.599026
575 578 -1 -1 20.017753
546 575 -1 -1 17.366179
546 575 578 -1 29.323888
257 290 -1 -1 21.119394
257 277 290 -1 24.986394
460 467 -1 -1 21.753761
467 490 -1 -1 19.399342
460 467 490 -1 26.985266
514 526 -1 -1 17.678653
526 546 -1 -1 19.346371
514 526 546 -1 23.467472
433 467 -1 -1 19.197858
433 460 467 -1 24.802924
575 609 -1 -1 21.309961
575 578 609 -1 24.218262
290 327 -1 -1 34.040711
290 312 327 -1 34.040711
493 514 -1 -1 25.356554
490 493 -1 -1 16.819772
490 526 -1 -1 26.662291
493 526 -1 -1 19.496683
490 493 514 -1 25.356554
490 514 526 -1 26.662291
493 514 526 -1 26.662291
490 493 526 -1 26.662291
490 493 514 526 26.662291
327 343 -1 -1 19.374828
343 378 -1 -1 29.031249
327 343 378 -1 35.136437
467 493 -1 -1 19.448001
467 490 493 -1 22.055794
609 621 -1 -1 19.329499
290 316 -1 -1 18.873272
316 327 -1 -1 33.287993
290 316 327 -1 37.534484
575 587 -1 -1 13.764384
587 609 -1 -1 20.107333
575 587 609 -1 24.584192
378 430 -1 -1 29.218630
430 433 -1 -1 17.108370
378 430 433 -1 30.772270
546 555 -1 -1 22.249552
555 575 -1 -1 20.048566
546 555 575 -1 23.580586
316 343 -1 -1 31.875272
316 327 343 -1 35.760916
587 621 -1 -1 23.689680
587 609 621 -1 27.328223
257 262 -1 -1 20.754791
262 290 -1 -1 24.166965
257 262 290 -1 26.608604
526 555 -1 -1 23.788502
526 546 555 -1 26.210123
378 388 -1 -1 19.654128
430 467 -1 -1 23.929065
430 433 467 -1 24.842328
343 388 -1 -1 26.123515
343 378 388 -1 31.174450
388 430 -1 -1 25.233760
378 388 430 -1 30.838215
493 521 -1 -1 19.727512
521 526 -1 -1 17.741519
493 521 526 -1 23.573461
290 296 -1 -1 18.790574
296 316 -1 -1 14.747447
290 296 316 -1 21.715469
462 467 -1 -1 21.159160
430 462 -1 -1 21.182935
430 462 467 -1 27.868542
262 296 -1 -1 22.129682
262 290 296 -1 25.796929
492 493 -1 -1 16.457462
462 492 -1 -1 17.454393
467 492 -1 -1 27.690296
462 493 -1 -1 27.494298
462 492 493 -1 27.690296
467 492 493 -1 27.690296
462 467 492 -1 27.690296
462 467 493 -1 27.494298
462 467 492 493 27.690296
521 555 -1 -1 23.964052
521 526 555 -1 25.459750
555 587 -1 -1 20.529859
555 575 587 -1 22.018503
521 539 -1 -1 16.208837
539 555 -1 -1 16.296609
521 539 555 -1 24.605810
587 600 -1 -1 13.718975
600 621 -1 -1 17.992497
587 600 621 -1 24.933407
492 521 -1 -1 19.111255
492 493 521 -1 23.121016
343 346 -1 -1 17.367559
316 346 -1 -1 29.432732
316 343 346 -1 32.764352
577 587 -1 -1 17.788354
555 577 -1 -1 20.504852
555 577 587 -1 22.564243
346 388 -1 -1 26.587824
343 346 388 -1 29.299946
388 398 -1 -1 17.141302
398 430 -1 -1 24.224295
388 398 430 -1 26.808714
398 434 -1 -1 18.693908
430 434 -1 -1 23.395536
398 430 434 -1 31.160696
577 600 -1 -1 14.908892
577 587 600 -1 20.226422
262 285 -1 -1 23.848842
285 296 -1 -1 24.750237
262 285 296 -1 30.845592
296 313 -1 -1 19.545203
313 316 -1 -1 23.798967
296 313 316 -1 25.402987
434 462 -1 -1 22.783703
430 434 462 -1 26.937952
313 346 -1 -1 24.002029
313 316 346 -1 30.131913
492 516 -1 -1 20.591368
516 521 -1 -1 17.363606
492 516 521 -1 22.651257
600 624 -1 -1 14.973088
621 624 -1 -1 20.719282
600 621 624 -1 21.759066
516 539 -1 -1 16.670851
516 521 539 -1 20.732927
285 313 -1 -1 20.075226
285 296 313 -1 26.849069
346 368 -1 -1 19.956635
368 388 -1 -1 26.857617
346 368 388 -1 33.328644
462 491 -1 -1 23.512261
491 492 -1 -1 16.666509
462 491 492 -1 24.158783
555 560 -1 -1 24.688013
539 560 -1 -1 17.732353
539 555 560 -1 24.688013
560 577 -1 -1 15.395507
555 560 577 -1 25.203511
368 398 -1 -1 23.276401
368 388 398 -1 27.324432
491 516 -1 -1 16.893150
491 492 516 -1 22.653124
313 339 -1 -1 16.124351
339 346 -1 -1 16.848920
313 339 346 -1 24.915234
600 612 -1 -1 15.835425
612 624 -1 -1 12.068266
600 612 624 -1 18.006116
462 464 -1 -1 21.540543
464 491 -1 -1 17.148620
462 464 491 -1 24.018042
577 612 -1 -1 21.213671
577 600 612 -1 23.317127
434 464 -1 -1 21.678375
434 462 464 -1 25.074162
577 589 -1 -1 16.253259
589 612 -1 -1 11.655969
577 589 612 -1 22.464381
339 368 -1 -1 20.476331
339 346 368 -1 21.591896
560 589 -1 -1 18.423054
560 577 589 -1 19.897630
398 399 -1 -1 15.130974
399 434 -1 -1 22.140904
398 399 434 -1 23.001044
516 528 -1 -1 16.659687
528 539 -1 -1 20.801343
516 528 539 -1 23.794555
528 560 -1 -1 19.920325
528 539 560 -1 22.700201
368 399 -1 -1 20.320351
368 398 399 -1 25.463344
612 617 -1 -1 18.486168
617 624 -1 -1 19.805398
612 617 624 -1 20.302947
491 505 -1 -1 19.158496
505 516 -1 -1 20.887886
491 505 516 -1 23.420185
505 528 -1 -1 21.072742
505 516 528 -1 28.118403
434 442 -1 -1 22.211098
442 464 -1 -1 17.068372
434 442 464 -1 24.455019
589 617 -1 -1 28.989541
589 612 617 -1 31.181824
285 298 -1 -1 22.915419
298 313 -1 -1 23.760910
285 298 313 -1 27.696687
560 579 -1 -1 19.144579
579 589 -1 -1 14.911419
560 579 589 -1 21.538389
528 558 -1 -1 17.718258
558 560 -1 -1 16.991964
528 558 560 -1 23.375611
335 339 -1 -1 13.714328
335 368 -1 -1 25.879954
335 339 368 -1 25.969932
589 598 -1 -1 23.504647
598 617 -1 -1 17.980875
589 598 617 -1 28.989541
313 335 -1 -1 26.816678
313 335 339 -1 26.816678
368 372 -1 -1 19.414832
372 399 -1 -1 18.439936
368 372 399 -1 22.412006
274 285 -1 -1 25.857071
298 335 -1 -1 22.374114
298 313 335 -1 27.605052
399 416 -1 -1 11.987163
416 434 -1 -1 30.334217
399 416 434 -1 31.694930
416 442 -1 -1 19.573183
416 434 442 -1 30.497744
464 480 -1 -1 21.541632
480 491 -1 -1 21.607721
464 480 491 -1 24.472582
558 579 -1 -1 13.198839
558 560 579 -1 19.437625
579 598 -1 -1 16.004808
579 589 598 -1 25.314689
480 505 -1 -1 13.863500
480 491 505 -1 22.389094
274 298 -1 -1 24.017950
274 285 298 -1 26.361629
335 372 -1 -1 28.220629
335 368 372 -1 30.176815
528 530 -1 -1 13.328044
505 530 -1 -1 16.668778
505 528 530 -1 22.076757
530 558 -1 -1 20.263445
528 530 558 -1 20.809530
372 416 -1 -1 26.601990
372 399 416 -1 26.852982
335 347 -1 -1 12.863044
347 372 -1 -1 23.464051
335 347 372 -1 28.396767
372 417 -1 -1 25.868228
416 417 -1 -1 8.640776
372 416 417 -1 27.194983
442 446 -1 -1 16.441703
446 464 -1 -1 25.625716
442 446 464 -1 26.070780
446 480 -1 -1 25.042102
446 464 480 -1 27.260270
416 436 -1 -1 12.534916
436 442 -1 -1 19.484400
416 436 442 -1 22.428846
417 436 -1 -1 10.099807
416 417 436 -1 14.797753
617 631 -1 -1 19.368662
298 324 -1 -1 20.281401
324 335 -1 -1 21.425304
298 324 335 -1 24.660817
256 274 -1 -1 14.980450
573 579 -1 -1 14.584213
558 573 -1 -1 17.195920
558 573 579 -1 18.391631
436 446 -1 -1 26.435181
436 442 446 -1 29.825363
530 533 -1 -1 23.380725
533 558 -1 -1 33.604440
530 533 558 -1 34.304382
274 292 -1 -1 22.342416
292 298 -1 -1 18.202139
274 292 298 -1 25.297207
505 508 -1 -1 17.837208
508 530 -1 -1 19.159541
505 508 530 -1 22.246561
573 598 -1 -1 18.319489
573 579 598 -1 18.869318
480 508 -1 -1 17.690712
480 505 508 -1 19.371968
324 347 -1 -1 20.385288
324 335 347 -1 21.772810
347 364 -1 -1 16.721778
364 372 -1 -1 20.474648
347 364 372 -1 24.435976
533 573 -1 -1 26.824770
533 558 573 -1 35.866840
372 392 -1 -1 23.275860
392 417 -1 -1 26.278069
372 392 417 -1 28.857357
598 631 -1 -1 24.404512
598 617 631 -1 25.025387
256 292 -1 -1 24.507426
256 274 292 -1 25.775501
417 426 -1 -1 10.799588
426 436 -1 -1 9.010151
417 426 436 -1 12.834677
292 324 -1 -1 22.331182
292 298 324 -1 25.041299
480 484 -1 -1 16.231634
446 484 -1 -1 23.677145
446 480 484 -1 26.591180
508 533 -1 -1 28.959605
508 530 533 -1 32.210146
573 592 -1 -1 20.403858
592 598 -1 -1 20.859311
573 592 598 -1 25.048703
392 426 -1 -1 20.040364
392 417 426 -1 26.317862
484 508 -1 -1 16.600554
480 484 508 -1 21.461882
364 392 -1 -1 20.708889
364 372 392 -1 27.219211
426 446 -1 -1 28.597542
426 436 446 -1 28.597542
598 629 -1 -1 25.545210
629 631 -1 -1 13.499683
598 629 631 -1 26.813967
324 326 -1 -1 9.634579
592 629 -1 -1 16.553681
592 598 629 -1 25.999374
326 347 -1 -1 22.198589
324 326 347 -1 23.551907
426 427 -1 -1 19.058641
427 446 -1 -1 21.988053
426 427 446 -1 29.310957
292 326 -1 -1 24.977146
292 324 326 -1 25.504304
256 278 -1 -1 17.081165
278 292 -1 -1 15.893581
256 278 292 -1 25.234738
507 508 -1 -1 13.501177
507 533 -1 -1 25.141250
507 508 533 -1 29.218458
347 351 -1 -1 18.834782
326 351 -1 -1 19.060100
326 347 351 -1 24.301129
351 364 -1 -1 15.438185
347 351 364 -1 20.277490
563 573 -1 -1 20.345268
533 563 -1 -1 22.033618
533 563 573 -1 28.623501
292 305 -1 -1 22.382582
305 326 -1 -1 20.283632
292 305 326 -1 26.681525
484 507 -1 -1 15.423260
484 507 508 -1 17.984883
392 427 -1 -1 21.937852
392 426 427 -1 23.609815
446 465 -1 -1 19.681490
465 484 -1 -1 16.906704
446 465 484 -1 26.706441
631 636 -1 -1 17.434739
563 592 -1 -1 19.938237
563 573 592 -1 25.269825
427 465 -1 -1 21.905477
427 446 465 -1 25.056322
629 636 -1 -1 14.755638
629 631 636 -1 18.466532
278 305 -1 -1 24.938529
278 292 305 -1 27.389339
305 351 -1 -1 27.883200
305 326 351 -1 29.335117
266 278 -1 -1 16.624499
364 373 -1 -1 21.414299
373 392 -1 -1 22.659175
364 373 392 -1 24.757538
484 488 -1 -1 19.986285
488 507 -1 -1 19.087993
484 488 507 -1 23.648204
465 488 -1 -1 19.460937
465 484 488 -1 21.952846
351 373 -1 -1 23.065843
351 364 373 -1 24.109320
507 520 -1 -1 24.823574
520 533 -1 -1 26.606119
507 520 533 -1 33.738609
592 594 -1 -1 19.306343
563 594 -1 -1 21.919739
563 592 594 -1 25.670818
305 344 -1 -1 25.091028
344 351 -1 -1 16.717985
305 344 351 -1 30.634781
592 632 -1 -1 31.998750
629 632 -1 -1 26.074244
592 629 632 -1 32.110069
632 636 -1 -1 14.430599
629 632 636 -1 26.074244
266 305 -1 -1 27.508805
266 278 305 -1 27.508805
392 403 -1 -1 25.910421
403 427 -1 -1 22.125917
392 403 427 -1 28.458677
427 441 -1 -1 20.618672
441 465 -1 -1 22.129830
427 441 465 -1 25.781588
594 632 -1 -1 21.906346
592 594 632 -1 32.673106
373 403 -1 -1 21.851539
373 392 403 -1 29.142840
344 373 -1 -1 19.386451
344 351 373 -1 25.558565
488 520 -1 -1 25.306394
488 507 520 -1 28.362928
520 562 -1 -1 28.952886
533 562 -1 -1 37.713819
520 533 562 -1 37.713819
520 533 562 -1 37.713819
562 563 -1 -1 18.438579
533 562 563 -1 38.090684
533 562 563 -1 38.090684
441 488 -1 -1 30.616277
441 465 488 -1 31.449367
237 266 -1 -1 22.603321
266 294 -1 -1 20.896243
294 305 -1 -1 22.744085
266 294 305 -1 29.850077
305 318 -1 -1 21.472799
318 344 -1 -1 16.682627
305 318 344 -1 25.935358
403 441 -1 -1 27.802348
403 427 441 -1 29.200154
562 594 -1 -1 20.830970
562 563 594 -1 26.221630
294 318 -1 -1 17.509194
294 305 318 -1 24.951740
520 551 -1 -1 25.412043
551 562 -1 -1 16.774152
520 551 562 -1 30.052289
373 395 -1 -1 25.083812
395 403 -1 -1 17.212582
373 395 403 -1 29.532336
488 498 -1 -1 18.450762
498 520 -1 -1 23.381531
488 498 520 -1 28.202469
441 456 -1 -1 18.198957
456 488 -1 -1 24.159368
441 456 488 -1 34.335579
344 371 -1 -1 21.751396
371 373 -1 -1 19.377153
344 371 373 -1 24.681571
594 602 -1 -1 18.219703
602 632 -1 -1 22.873758
594 602 632 -1 25.868220
632 638 -1 -1 13.903545
456 498 -1 -1 20.479244
456 488 498 -1 24.832946
237 294 -1 -1 40.021130
237 266 294 -1 40.021130
344 352 -1 -1 18.209666
352 371 -1 -1 16.382771
344 352 371 -1 23.818989
562 602 -1 -1 25.460462
562 594 602 -1 26.860021
318 352 -1 -1 17.883076
318 344 352 -1 21.545822
371 395 -1 -1 16.132188
371 373 395 -1 25.691158
602 638 -1 -1 18.928610
602 632 638 -1 23.632015
237 280 -1 -1 30.789659
280 294 -1 -1 20.014960
237 280 294 -1 40.097670
294 306 -1 -1 15.696081
306 318 -1 -1 17.552149
294 306 318 -1 20.466547
520 531 -1 -1 20.798151
531 551 -1 -1 17.652444
520 531 551 -1 26.122390
498 531 -1 -1 18.234627
498 520 531 -1 26.295102
420 441 -1 -1 27.749444
403 420 -1 -1 27.156402
403 420 441 -1 31.288128
318 333 -1 -1 15.478776
333 352 -1 -1 16.687096
318 333 352 -1 19.275100
280 306 -1 -1 17.054955
280 294 306 -1 22.806101
420 456 -1 -1 30.895695
420 441 456 -1 32.592845
562 583 -1 -1 22.903237
583 602 -1 -1 16.436373
562 583 602 -1 27.741376
306 333 -1 -1 15.946234
306 318 333 -1 19.122081
551 583 -1 -1 22.678112
551 562 583 -1 26.721114
395 420 -1 -1 21.754125
395 403 420 -1 28.847881
456 494 -1 -1 24.552070
494 498 -1 -1 18.976981
456 494 498 -1 31.455577
498 523 -1 -1 21.700669
523 531 -1 -1 13.238537
498 523 531 -1 22.628390
420 450 -1 -1 31.238536
450 456 -1 -1 31.364216
420 450 456 -1 44.167475
602 639 -1 -1 20.831836
638 639 -1 -1 12.827163
602 638 639 -1 21.365378
352 358 -1 -1 14.954819
358 371 -1 -1 15.800257
352 358 371 -1 20.217723
330 352 -1 -1 16.766024
330 333 -1 -1 10.703602
330 333 352 -1 20.877515
523 551 -1 -1 20.982942
523 531 551 -1 21.256550
494 523 -1 -1 19.417521
494 498 523 -1 23.540878
330 358 -1 -1 19.104478
330 352 358 -1 21.168634
358 395 -1 -1 25.650731
358 371 395 -1 25.917088
358 371 395 -1 25.917088
382 395 -1 -1 20.751554
358 382 -1 -1 18.463992
358 382 395 -1 25.650731
358 382 395 -1 25.650731
450 494 -1 -1 29.020619
450 456 494 -1 36.045226
280 301 -1 -1 19.796867
301 306 -1 -1 16.270201
280 301 306 -1 22.706377
523 553 -1 -1 20.939391
551 553 -1 -1 20.391150
523 551 553 -1 23.629817
602 614 -1 -1 20.890545
583 614 -1 -1 20.666625
583 602 614 -1 24.116377
614 639 -1 -1 19.489975
602 614 639 -1 26.108766
306 330 -1 -1 21.274175
306 330 333 -1 21.443253
551 567 -1 -1 27.035333
567 583 -1 -1 17.671115
551 567 583 -1 29.167840
261 280 -1 -1 31.660726
301 330 -1 -1 20.691364
301 306 330 -1 23.106880
382 420 -1 -1 24.790929
382 395 420 -1 27.969579
553 567 -1 -1 12.995803
551 553 567 -1 27.441154
639 643 -1 -1 13.231291
523 524 -1 -1 14.850906
494 524 -1 -1 21.442094
494 523 524 -1 26.499964
614 643 -1 -1 14.377370
614 639 643 -1 19.489975
406 420 -1 -1 21.535985
382 406 -1 -1 16.042630
382 406 420 -1 26.498970
325 330 -1 -1 15.431083
325 358 -1 -1 27.090593
325 330 358 -1 27.554384
261 301 -1 -1 29.212518
261 280 301 -1 34.663839
356 358 -1 -1 21.493549
301 325 -1 -1 18.234489
301 325 330 -1 22.869673
356 382 -1 -1 22.364847
356 358 382 -1 25.752303
325 356 -1 -1 19.820110
325 356 358 -1 27.090593
524 553 -1 -1 19.060214
523 524 553 -1 22.900623
583 584 -1 -1 22.094758
567 584 -1 -1 15.276438
567 583 584 -1 22.627780
584 614 -1 -1 18.950539
583 584 614 -1 26.131973
420 429 -1 -1 33.702434
406 429 -1 -1 29.300716
406 420 429 -1 37.376789
429 450 -1 -1 29.777086
420 429 450 -1 34.555271
547 553 -1 -1 18.383334
547 567 -1 -1 19.920082
547 553 567 -1 21.929995
614 637 -1 -1 23.668463
637 643 -1 -1 13.303323
614 637 643 -1 23.668463
450 495 -1 -1 35.331746
494 495 -1 -1 23.629369
450 494 495 -1 37.385541
356 379 -1 -1 17.842253
379 382 -1 -1 17.660510
356 379 382 -1 23.447614
301 309 -1 -1 16.302125
524 547 -1 -1 21.000168
524 547 553 -1 23.931818
261 309 -1 -1 29.780383
261 301 309 -1 32.335613
309 325 -1 -1 19.623981
301 309 325 -1 20.889964
379 406 -1 -1 17.916664
379 382 406 -1 21.718667
495 524 -1 -1 22.781994
494 495 524 -1 31.188174
614 615 -1 -1 21.906772
615 637 -1 -1 19.377148
614 615 637 -1 27.673608
506 524 -1 -1 22.583331
495 506 -1 -1 23.693915
495 506 524 -1 27.718528
584 615 -1 -1 18.665557
584 614 615 -1 23.257170
566 567 -1 -1 21.401823
566 584 -1 -1 19.038774
566 567 584 -1 22.565993
547 566 -1 -1 14.561991
547 566 567 -1 22.637896
325 338 -1 -1 16.559933
338 356 -1 -1 20.577810
325 338 356 -1 24.687046
584 588 -1 -1 11.953724
566 588 -1 -1 12.058002
566 584 588 -1 19.890168
506 547 -1 -1 23.603854
506 524 547 -1 25.615328
319 325 -1 -1 23.227931
309 319 -1 -1 24.465586
309 319 325 -1 25.786505
450 473 -1 -1 37.327891
473 495 -1 -1 16.501980
450 473 495 -1 40.338162
588 615 -1 -1 15.007449
584 588 615 -1 20.261098
261 295 -1 -1 28.864523
295 309 -1 -1 11.759178
261 295 309 -1 32.507532
319 338 -1 -1 11.963639
319 325 338 -1 23.227931
379 393 -1 -1 22.364278
393 406 -1 -1 25.421736
379 393 406 -1 27.256107
406 423 -1 -1 30.431069
423 429 -1 -1 15.545539
406 423 429 -1 31.453568
429 473 -1 -1 28.637466
429 450 473 -1 38.128058
295 319 -1 -1 21.883941
295 309 319 -1 24.713202
356 362 -1 -1 23.877056
362 379 -1 -1 18.365865
356 362 379 -1 26.952961
393 423 -1 -1 18.411606
393 406 423 -1 32.883771
338 362 -1 -1 17.812435
338 356 362 -1 25.957553
622 637 -1 -1 21.312693
615 622 -1 -1 18.122472
615 622 637 -1 22.888332
362 393 -1 -1 19.203491
362 379 393 -1 24.166245
261 272 -1 -1 29.338434
272 295 -1 -1 14.972697
261 272 295 -1 31.302151
547 554 -1 -1 20.803742
554 566 -1 -1 16.170197
547 554 566 -1 22.089189
473 506 -1 -1 30.582726
473 495 506 -1 31.333814
566 585 -1 -1 19.090384
585 588 -1 -1 13.101542
566 585 588 -1 23.225883
585 615 -1 -1 21.603357
585 588 615 -1 22.052060
506 554 -1 -1 29.111458
506 547 554 -1 30.514275
246 261 -1 -1 38.603465
246 272 -1 -1 16.658247
246 261 272 -1 38.605903
473 501 -1 -1 19.266757
501 506 -1 -1 20.737565
473 501 506 -1 31.445299
319 362 -1 -1 28.375734
319 338 362 -1 28.375734
295 307 -1 -1 16.241094
307 319 -1 -1 15.617577
295 307 319 -1 23.195210
272 307 -1 -1 22.818899
272 295 307 -1 25.996229
429 459 -1 -1 32.191647
459 473 -1 -1 18.012016
429 459 473 -1 35.733876
362 369 -1 -1 13.843912
369 393 -1 -1 18.545423
362 369 393 -1 20.214286
506 532 -1 -1 22.881908
532 554 -1 -1 15.356152
506 532 554 -1 31.128723
554 585 -1 -1 18.304004
554 566 585 -1 22.175729
319 334 -1 -1 22.190062
334 362 -1 -1 26.904913
319 334 362 -1 31.647423
585 590 -1 -1 14.759645
590 615 -1 -1 28.328794
585 590 615 -1 28.802072
423 459 -1 -1 24.719981
423 429 459 -1 32.191647
590 622 -1 -1 29.766448
590 615 622 -1 31.225175
501 532 -1 -1 23.536180
501 506 532 -1 29.303681
473 489 -1 -1 18.041877
489 501 -1 -1 15.590106
473 489 501 -1 20.875386
307 334 -1 -1 23.077450
307 319 334 -1 27.347881
334 369 -1 -1 22.759695
334 362 369 -1 28.054970
459 489 -1 -1 16.779559
459 473 489 -1 21.626925
272 286 -1 -1 20.314675
286 307 -1 -1 17.247948
272 286 307 -1 23.881369
246 286 -1 -1 24.348346
246 272 286 -1 31.320140
393 411 -1 -1 24.923184
411 423 -1 -1 18.249300
393 411 423 -1 25.656750
554 590 -1 -1 24.624733
554 585 590 -1 24.624733
618 622 -1 -1 19.235814
554 564 -1 -1 20.440670
564 590 -1 -1 17.754962
554 564 590 -1 26.142102
590 618 -1 -1 20.007438
590 618 622 -1 30.923617
369 396 -1 -1 23.478997
393 396 -1 -1 23.188993
369 393 396 -1 25.706594
501 511 -1 -1 22.503076
511 532 -1 -1 18.394360
501 511 532 -1 26.211218
396 411 -1 -1 13.926224
393 396 411 -1 26.821754
423 443 -1 -1 29.497720
443 459 -1 -1 18.544845
423 443 459 -1 31.011908
411 443 -1 -1 18.292607
411 423 443 -1 29.497720
474 489 -1 -1 21.018316
459 474 -1 -1 22.800428
459 474 489 -1 29.626433
240 246 -1 -1 21.020281
240 286 -1 -1 31.727635
240 246 286 -1 33.594049
532 564 -1 -1 24.673241
532 554 564 -1 24.673241
357 369 -1 -1 29.694723
357 396 -1 -1 26.380734
357 369 396 -1 33.886714
474 501 -1 -1 22.454752
474 489 501 -1 24.013685
307 311 -1 -1 24.857446
286 311 -1 -1 18.736261
286 307 311 -1 25.862608
311 334 -1 -1 22.604014
307 311 334 -1 28.812246
334 357 -1 -1 28.410213
334 357 369 -1 32.061756
474 511 -1 -1 24.319858
474 501 511 -1 29.165260
443 474 -1 -1 21.843454
443 459 474 -1 25.765394
564 586 -1 -1 17.579441
586 590 -1 -1 18.511518
564 586 590 -1 21.144748
586 618 -1 -1 22.997307
586 590 618 -1 26.405935
532 543 -1 -1 27.160013
543 564 -1 -1 16.070885
532 543 564 -1 29.093167
618 634 -1 -1 20.640975
511 543 -1 -1 24.219512
511 532 543 -1 32.021668
586 620 -1 -1 15.633315
618 620 -1 -1 16.554131
586 618 620 -1 24.191269
240 281 -1 -1 25.821004
281 286 -1 -1 18.823146
240 281 286 -1 33.478904
281 311 -1 -1 21.370642
281 286 311 -1 22.219302
328 334 -1 -1 28.627771
311 328 -1 -1 17.840882
311 328 334 -1 30.386299
620 634 -1 -1 21.349037
618 620 634 -1 22.597009
328 357 -1 -1 28.984720
328 334 357 -1 41.358124
411 413 -1 -1 22.118027
396 413 -1 -1 25.115287
396 411 413 -1 25.115287
543 586 -1 -1 24.873179
543 564 586 -1 25.393196
413 443 -1 -1 24.819763
411 413 443 -1 26.983782
499 511 -1 -1 17.961669
474 499 -1 -1 20.256122
474 499 511 -1 28.818518
443 451 -1 -1 17.601768
451 474 -1 -1 22.033687
443 451 474 -1 25.628280
357 413 -1 -1 35.665391
357 396 413 -1 36.981113
511 540 -1 -1 25.777615
540 543 -1 -1 13.530834
511 540 543 -1 28.394264
581 586 -1 -1 14.895583
543 581 -1 -1 22.196107
543 581 586 -1 25.348288
499 540 -1 -1 25.509031
499 511 540 -1 28.819649
413 451 -1 -1 25.567194
413 443 451 -1 26.312905
540 581 -1 -1 28.114283
540 543 581 -1 28.618208
451 499 -1 -1 30.934048
451 474 499 -1 30.934048
237 -1 -1 -1 0.000000
240 -1 -1 -1 0.000000
246 -1 -1 -1 0.000000
256 -1 -1 -1 0.000000
257 -1 -1 -1 0.000000
261 -1 -1 -1 0.000000
262 -1 -1 -1 0.000000
266 -1 -1 -1 0.000000
272 -1 -1 -1 0.000000
274 -1 -1 -1 0.000000
277 -1 -1 -1 0.000000
278 -1 -1 -1 0.000000
280 -1 -1 -1 0.000000
281 -1 -1 -1 0.000000
285 -1 -1 -1 0.000000
286 -1 -1 -1 0.000000
290 -1 -1 -1 0.000000
292 -1 -1 -1 0.000000
294 -1 -1 -1 0.000000
295 -1 -1 -1 0.000000
296 -1 -1 -1 0.000000
298 -1 -1 -1 0.000000
301 -1 -1 -1 0.000000
305 -1 -1 -1 0.000000
306 -1 -1 -1 0.000000
307 -1 -1 -1 0.000000
309 -1 -1 -1 0.000000
311 -1 -1 -1 0.000000
312 -1 -1 -1 0.000000
313 -1 -1 -1 0.000000
316 -1 -1 -1 0.000000
318 -1 -1 -1 0.000000
319 -1 -1 -1 0.000000
324 -1 -1 -1 0.000000
325 -1 -1 -1 0.000000
326 -1 -1 -1 0.000000
327 -1 -1 -1 0.000000
328 -1 -1 -1 0.000000
330 -1 -1 -1 0.000000
333 -1 -1 -1 0.000000
334 -1 -1 -1 0.000000
335 -1 -1 -1 0.000000
338 -1 -1 -1 0.000000
339 -1 -1 -1 0.000000
343 -1 -1 -1 0.000000
344 -1 -1 -1 0.000000
346 -1 -1 -1 0.000000
347 -1 -1 -1 0.000000
351 -1 -1 -1 0.000000
352 -1 -1 -1 0.000000
356 -1 -1 -1 0.000000
357 -1 -1 -1 0.000000
358 -1 -1 -1 0.000000
362 -1 -1 -1 0.000000
364 -1 -1 -1 0.000000
368 -1 -1 -1 0.000000
369 -1 -1 -1 0.000000
371 -1 -1 -1 0.000000
372 -1 -1 -1 0.000000
373 -1 -1 -1 0.000000
378 -1 -1 -1 0.000000
379 -1 -1 -1 0.000000
381 -1 -1 -1 0.000000
382 -1 -1 -1 0.000000
388 -1 -1 -1 0.000000
392 -1 -1 -1 0.000000
393 -1 -1 -1 0.000000
395 -1 -1 -1 0.000000
396 -1 -1 -1 0.000000
398 -1 -1 -1 0.000000
399 -1 -1 -1 0.000000
403 -1 -1 -1 0.000000
406 -1 -1 -1 0.000000
411 -1 -1 -1 0.000000
413 -1 -1 -1 0.000000
416 -1 -1 -1 0.000000
417 -1 -1 -1 0.000000
420 -1 -1 -1 0.000000
423 -1 -1 -1 0.000000
426 -1 -1 -1 0.000000
427 -1 -1 -1 0.000000
428 -1 -1 -1 0.000000
429 -1 -1 -1 0.000000
430 -1 -1 -1 0.000000
433 -1 -1 -1 0.000000
434 -1 -1 -1 0.000000
436 -1 -1 -1 0.000000
441 -1 -1 -1 0.000000
442 -1 -1 -1 0.000000
443 -1 -1 -1 0.000000
446 -1 -1 -1 0.000000
450 -1 -1 -1 0.000000
451 -1 -1 -1 0.000000
456 -1 -1 -1 0.000000
459 -1 -1 -1 0.000000
460 -1 -1 -1 0.000000
462 -1 -1 -1 0.000000
464 -1 -1 -1 0.000000
465 -1 -1 -1 0.000000
467 -1 -1 -1 0.000000
473 -1 -1 -1 0.000000
474 -1 -1 -1 0.000000
480 -1 -1 -1 0.000000
484 -1 -1 -1 0.000000
488 -1 -1 -1 0.000000
489 -1 -1 -1 0.000000
490 -1 -1 -1 0.000000
491 -1 -1 -1 0.000000
492 -1 -1 -1 0.000000
493 -1 -1 -1 0.000000
494 -1 -1 -1 0.000000
495 -1 -1 -1 0.000000
498 -1 -1 -1 0.000000
499 -1 -1 -1 0.000000
501 -1 -1 -1 0.000000
505 -1 -1 -1 0.000000
506 -1 -1 -1 0.000000
507 -1 -1 -1 0.000000
508 -1 -1 -1 0.000000
511 -1 -1 -1 0.000000
514 -1 -1 -1 0.000000
516 -1 -1 -1 0.000000
520 -1 -1 -1 0.000000
521 -1 -1 -1 0.000000
523 -1 -1 -1 0.000000
524 -1 -1 -1 0.000000
526 -1 -1 -1 0.000000
528 -1 -1 -1 0.000000
530 -1 -1 -1 0.000000
531 -1 -1 -1 0.000000
532 -1 -1 -1 0.000000
533 -1 -1 -1 0.000000
539 -1 -1 -1 0.000000
540 -1 -1 -1 0.000000
543 -1 -1 -1 0.000000
546 -1 -1 -1 0.000000
547 -1 -1 -1 0.000000
551 -1 -1 -1 0.000000
553 -1 -1 -1 0.000000
554 -1 -1 -1 0.000000
555 -1 -1 -1 0.000000
558 -1 -1 -1 0.000000
560 -1 -1 -1 0.000000
562 -1 -1 -1 0.000000
563 -1 -1 -1 0.000000
564 -1 -1 -1 0.000000
566 -1 -1 -1 0.000000
567 -1 -1 -1 0.000000
573 -1 -1 -1 0.000000
575 -1 -1 -1 0.000000
577 -1 -1 -1 0.000000
578 -1 -1 -1 0.000000
579 -1 -1 -1 0.000000
581 -1 -1 -1 0.000000
583 -1 -1 -1 0.000000
584 -1 -1 -1 0.000000
585 -1 -1 -1 0.000000
586 -1 -1 -1 0.000000
587 -1 -1 -1 0.000000
588 -1 -1 -1 0.000000
589 -1 -1 -1 0.000000
590 -1 -1 -1 0.000000
592 -1 -1 -1 0.000000
594 -1 -1 -1 0.000000
598 -1 -1 -1 0.000000
600 -1 -1 -1 0.000000
602 -1 -1 -1 0.000000
609 -1 -1 -1 0.000000
612 -1 -1 -1 0.000000
614 -1 -1 -1 0.000000
615 -1 -1 -1 0.000000
617 -1 -1 -1 0.000000
618 -1 -1 -1 0.000000
620 -1 -1 -1 0.000000
621 -1 -1 -1 0.000000
622 -1 -1 -1 0.000000
624 -1 -1 -1 0.000000
628 -1 -1 -1 0.000000
629 -1 -1 -1 0.000000
631 -1 -1 -1 0.000000
632 -1 -1 -1 0.000000
634 -1 -1 -1 0.000000
636 -1 -1 -1 0.000000
637 -1 -1 -1 0.000000
638 -1 -1 -1 0.000000
639 -1 -1 -1 0.000000
643 -1 -1 -1 0.000000
