301 321 -1 -1 19.962407
136 152 -1 -1 20.574096
276 301 -1 -1 24.498737
152 169 -1 -1 19.604338
186 205 -1 -1 28.241585
169 186 -1 -1 20.986542
321 353 -1 -1 33.074941
258 276 -1 -1 26.698255
126 136 -1 -1 17.258080
205 243 -1 -1 42.960341
243 258 -1 -1 19.358288
353 370 -1 -1 20.761542
76 112 -1 -1 39.496380
112 126 -1 -1 17.368904
321 325 -1 -1 37.582961
301 325 -1 -1 42.037226
301 321 325 -1 48.249202
258 263 -1 -1 20.558929
186 208 -1 -1 29.363696
205 208 -1 -1 33.025695
186 205 208 -1 36.680341
243 263 -1 -1 28.616790
243 258 263 -1 41.950996
321 350 -1 -1 48.050554
350 353 -1 -1 17.466435
321 350 353 -1 48.691997
76 83 -1 -1 33.415818
136 153 -1 -1 34.587379
152 153 -1 -1 22.714493
136 152 153 -1 35.209403
205 231 -1 -1 44.754891
231 243 -1 -1 16.821771
205 231 243 -1 49.253224
263 276 -1 -1 20.973249
258 263 276 -1 32.219194
325 350 -1 -1 19.209232
321 325 350 -1 48.756187
276 305 -1 -1 38.023806
301 305 -1 -1 40.162791
276 301 305 -1 42.950463
208 231 -1 -1 22.515164
205 208 231 -1 46.227202
169 177 -1 -1 29.356539
126 153 -1 -1 30.603839
126 136 153 -1 38.226632
76 113 -1 -1 55.717451
112 113 -1 -1 18.251840
76 112 113 -1 56.699085
152 177 -1 -1 48.842807
152 169 177 -1 48.842807
153 177 -1 -1 31.016419
152 153 177 -1 49.861054
305 325 -1 -1 23.181485
301 305 325 -1 52.540647
177 186 -1 -1 27.653757
169 177 186 -1 41.158104
243 256 -1 -1 43.482158
256 263 -1 -1 25.207997
243 256 263 -1 46.140030
353 376 -1 -1 41.560815
370 376 -1 -1 28.924583
353 370 376 -1 42.196395
83 113 -1 -1 26.772057
76 83 113 -1 57.869627
350 376 -1 -1 30.149169
350 353 376 -1 41.560815
231 256 -1 -1 34.896859
231 243 256 -1 49.673632
112 140 -1 -1 45.337398
126 140 -1 -1 36.215673
112 126 140 -1 47.661663
177 208 -1 -1 31.302695
177 186 208 -1 47.043126
276 286 -1 -1 45.289929
263 286 -1 -1 36.280743
263 276 286 -1 45.289929
140 153 -1 -1 23.492422
126 140 153 -1 45.845064
208 232 -1 -1 37.821486
231 232 -1 -1 21.924327
208 231 232 -1 40.672112
256 286 -1 -1 27.741194
256 263 286 -1 46.153253
286 305 -1 -1 24.981707
276 286 305 -1 53.694313
153 168 -1 -1 38.986329
168 177 -1 -1 22.396474
153 168 177 -1 41.638189
113 140 -1 -1 36.186437
112 113 140 -1 48.128989
208 215 -1 -1 27.523500
177 215 -1 -1 39.703175
177 208 215 -1 45.431907
325 357 -1 -1 40.742838
350 357 -1 -1 26.184992
325 350 357 -1 40.742838
140 168 -1 -1 34.233854
140 153 168 -1 50.702221
305 327 -1 -1 29.528927
325 327 -1 -1 30.369669
305 325 327 -1 34.898123
215 232 -1 -1 23.419991
208 215 232 -1 38.809516
357 376 -1 -1 25.410041
350 357 376 -1 41.808962
232 256 -1 -1 25.753257
231 232 256 -1 43.726808
177 199 -1 -1 34.305694
199 215 -1 -1 18.596747
177 199 215 -1 42.236882
376 385 -1 -1 32.710138
357 385 -1 -1 30.374551
357 376 385 -1 55.059033
325 346 -1 -1 40.566546
327 346 -1 -1 19.937231
325 327 346 -1 48.107581
113 128 -1 -1 31.996640
346 357 -1 -1 18.134552
325 346 357 -1 50.267824
128 140 -1 -1 21.491400
113 128 140 -1 46.894850
168 199 -1 -1 28.993713
168 177 199 -1 38.607689
305 312 -1 -1 35.449896
286 312 -1 -1 30.928472
286 305 312 -1 40.757051
83 116 -1 -1 51.674705
113 116 -1 -1 31.910187
83 113 116 -1 62.831273
116 128 -1 -1 18.630636
113 116 128 -1 42.172418
232 244 -1 -1 29.235580
215 244 -1 -1 39.705328
215 232 244 -1 52.504899
232 267 -1 -1 45.632835
256 267 -1 -1 34.502088
232 256 267 -1 52.258442
140 170 -1 -1 41.358961
168 170 -1 -1 21.260613
140 168 170 -1 44.456435
312 327 -1 -1 19.708799
305 312 327 -1 44.146777
101 116 -1 -1 16.370735
128 149 -1 -1 34.214447
140 149 -1 -1 36.978691
128 140 149 -1 53.984979
244 267 -1 -1 24.621620
232 244 267 -1 45.632835
256 292 -1 -1 54.697100
286 292 -1 -1 29.428752
256 286 292 -1 55.390570
199 217 -1 -1 40.679643
215 217 -1 -1 29.516989
199 215 217 -1 42.303393
168 194 -1 -1 41.221872
194 199 -1 -1 26.354743
168 194 199 -1 48.091106
267 292 -1 -1 22.379662
256 267 292 -1 56.673466
357 372 -1 -1 31.224777
372 385 -1 -1 19.924566
357 372 385 -1 33.742805
215 233 -1 -1 38.388782
233 244 -1 -1 14.340337
215 233 244 -1 41.573618
346 372 -1 -1 30.669630
346 357 372 -1 38.367808
194 217 -1 -1 21.087498
194 199 217 -1 41.628287
149 170 -1 -1 19.442716
140 149 170 -1 53.349167
217 233 -1 -1 18.762182
215 217 233 -1 43.685812
292 312 -1 -1 22.174774
286 292 312 -1 47.969350
312 341 -1 -1 40.295062
327 341 -1 -1 41.092278
312 327 341 -1 53.176458
170 194 -1 -1 30.874399
168 170 194 -1 41.889069
341 346 -1 -1 29.318234
327 341 346 -1 41.276243
116 133 -1 -1 34.405789
128 133 -1 -1 27.486316
116 128 133 -1 40.159184
101 133 -1 -1 39.771271
101 116 133 -1 45.580980
346 360 -1 -1 39.220027
360 372 -1 -1 16.098821
346 360 372 -1 39.662005
133 149 -1 -1 22.839709
128 133 149 -1 47.227893
101 108 -1 -1 27.219912
341 360 -1 -1 25.299387
341 346 360 -1 50.330199
312 322 -1 -1 27.801493
292 322 -1 -1 32.269322
292 312 322 -1 34.245914
170 181 -1 -1 25.418535
149 181 -1 -1 32.275334
149 170 181 -1 36.228241
322 341 -1 -1 22.064221
312 322 341 -1 40.295062
101 130 -1 -1 44.527789
130 133 -1 -1 16.235386
101 130 133 -1 50.097353
267 277 -1 -1 29.392954
244 277 -1 -1 46.410811
244 267 277 -1 49.279520
170 198 -1 -1 46.487223
194 198 -1 -1 18.494877
170 194 198 -1 49.350768
267 308 -1 -1 56.714612
292 308 -1 -1 26.188793
267 292 308 -1 57.017177
181 198 -1 -1 16.623546
170 181 198 -1 47.206548
149 164 -1 -1 31.043591
217 246 -1 -1 35.995335
233 246 -1 -1 22.503827
217 233 246 -1 36.202703
108 130 -1 -1 27.147674
101 108 130 -1 48.190367
308 322 -1 -1 16.962559
292 308 322 -1 40.229443
133 164 -1 -1 38.366851
133 149 164 -1 43.610486
194 220 -1 -1 38.771839
217 220 -1 -1 29.719079
194 217 220 -1 45.320491
277 308 -1 -1 21.219479
267 277 308 -1 59.194991
244 266 -1 -1 45.347346
266 277 -1 -1 18.304416
244 266 277 -1 53.351005
233 266 -1 -1 41.797118
233 244 266 -1 45.347346
198 220 -1 -1 40.826420
194 198 220 -1 49.636779
220 246 -1 -1 20.703160
217 220 246 -1 42.717892
246 266 -1 -1 25.765370
233 246 266 -1 44.612848
149 182 -1 -1 55.637344
181 182 -1 -1 23.214202
149 181 182 -1 58.425983
308 313 -1 -1 17.341264
277 313 -1 -1 31.399680
277 308 313 -1 34.013734
322 330 -1 -1 26.078344
330 341 -1 -1 25.012631
322 330 341 -1 34.704656
181 202 -1 -1 29.110492
198 202 -1 -1 19.073791
181 198 202 -1 29.968255
164 182 -1 -1 26.572044
149 164 182 -1 55.637344
100 108 -1 -1 18.786463
308 330 -1 -1 39.481164
308 322 330 -1 42.018552
130 162 -1 -1 40.632432
162 164 -1 -1 17.979511
133 162 -1 -1 51.206470
130 164 -1 -1 38.784220
130 162 164 -1 51.206470
130 133 162 -1 51.206470
133 162 164 -1 51.206470
130 133 164 -1 47.761259
130 133 162 164 51.206470
202 220 -1 -1 22.045693
198 202 220 -1 40.826420
360 377 -1 -1 22.297852
341 377 -1 -1 45.443945
341 360 377 -1 45.443945
313 330 -1 -1 25.140738
308 313 330 -1 39.481164
182 202 -1 -1 17.311150
181 182 202 -1 32.443523
220 247 -1 -1 33.452756
246 247 -1 -1 21.943883
220 246 247 -1 44.410619
130 131 -1 -1 25.874920
108 131 -1 -1 44.215429
108 130 131 -1 47.549651
266 298 -1 -1 29.088820
277 298 -1 -1 23.830932
266 277 298 -1 29.955195
330 366 -1 -1 30.058228
341 366 -1 -1 44.151967
330 341 366 -1 44.151967
100 122 -1 -1 28.059258
108 122 -1 -1 33.309926
100 108 122 -1 34.687159
247 266 -1 -1 20.097998
246 247 266 -1 38.061116
366 377 -1 -1 15.095445
341 366 377 -1 58.113044
122 131 -1 -1 22.870303
108 122 131 -1 56.289354
202 227 -1 -1 40.466594
220 227 -1 -1 24.241734
202 220 227 -1 46.847255
277 316 -1 -1 48.238574
313 316 -1 -1 14.365479
277 313 316 -1 49.809433
298 316 -1 -1 20.953690
277 298 316 -1 48.301652
131 162 -1 -1 25.892228
130 131 162 -1 49.677021
100 107 -1 -1 28.925668
87 107 -1 -1 28.852721
202 219 -1 -1 24.729123
219 227 -1 -1 16.166001
202 219 227 -1 40.466594
266 284 -1 -1 28.509423
247 284 -1 -1 29.817441
247 266 284 -1 31.994648
182 219 -1 -1 34.560018
182 202 219 -1 35.391489
377 380 -1 -1 16.823357
366 380 -1 -1 17.058167
366 377 380 -1 19.024392
313 339 -1 -1 41.718706
330 339 -1 -1 25.891052
313 330 339 -1 42.565056
330 356 -1 -1 29.767195
356 366 -1 -1 16.752091
330 356 366 -1 34.535076
164 189 -1 -1 43.996863
182 189 -1 -1 19.755709
164 182 189 -1 47.038517
284 298 -1 -1 17.358287
266 284 298 -1 44.551407
316 339 -1 -1 28.214376
313 316 339 -1 41.745858
107 122 -1 -1 14.522335
100 107 122 -1 30.869180
220 259 -1 -1 56.966231
247 259 -1 -1 29.446263
220 247 259 -1 57.533797
162 189 -1 -1 29.320797
162 164 189 -1 43.996863
298 306 -1 -1 24.956790
306 316 -1 -1 13.374854
298 306 316 -1 28.033672
227 259 -1 -1 37.923495
220 227 259 -1 58.195032
339 356 -1 -1 18.471308
330 339 356 -1 32.411536
284 306 -1 -1 30.223309
284 298 306 -1 40.467203
356 380 -1 -1 18.909796
356 366 380 -1 23.272133
182 214 -1 -1 42.088914
214 219 -1 -1 18.446376
182 214 219 -1 43.438896
122 147 -1 -1 60.714887
131 147 -1 -1 36.352712
122 131 147 -1 70.242011
259 284 -1 -1 21.137853
247 259 284 -1 41.875968
380 382 -1 -1 20.417022
189 214 -1 -1 30.423409
182 189 214 -1 44.646431
356 382 -1 -1 25.136408
356 380 382 -1 34.749835
87 95 -1 -1 25.174771
306 339 -1 -1 29.954669
306 316 339 -1 32.836869
284 295 -1 -1 26.990412
295 306 -1 -1 16.688283
284 295 306 -1 30.223309
162 174 -1 -1 34.282198
131 174 -1 -1 55.758595
131 162 174 -1 55.758595
219 239 -1 -1 33.184714
227 239 -1 -1 29.094503
219 227 239 -1 38.389240
227 249 -1 -1 36.435034
249 259 -1 -1 19.567415
227 249 259 -1 41.243290
87 115 -1 -1 43.545284
107 115 -1 -1 17.841585
87 107 115 -1 46.212397
174 189 -1 -1 20.323895
162 174 189 -1 50.912907
239 249 -1 -1 18.812911
227 239 249 -1 47.859734
306 328 -1 -1 26.042062
328 339 -1 -1 19.771699
306 328 339 -1 36.661809
214 239 -1 -1 25.791490
214 219 239 -1 41.307900
147 174 -1 -1 25.874501
131 147 174 -1 59.520954
259 295 -1 -1 32.105428
259 284 295 -1 37.271587
122 145 -1 -1 41.394260
107 145 -1 -1 42.149890
107 122 145 -1 42.620089
145 147 -1 -1 18.109968
122 145 147 -1 60.714887
189 196 -1 -1 31.669381
174 196 -1 -1 28.541373
174 189 196 -1 54.622837
356 368 -1 -1 21.866990
368 382 -1 -1 18.850244
356 368 382 -1 31.013618
196 214 -1 -1 16.882086
189 196 214 -1 34.139289
95 115 -1 -1 23.005750
87 95 115 -1 44.620541
339 368 -1 -1 36.009636
339 356 368 -1 36.009636
295 328 -1 -1 30.288841
295 306 328 -1 32.659706
339 355 -1 -1 29.286388
328 355 -1 -1 23.205246
328 339 355 -1 30.914767
368 379 -1 -1 15.338039
379 382 -1 -1 22.377276
368 379 382 -1 23.031421
115 145 -1 -1 32.003393
107 115 145 -1 49.202294
355 368 -1 -1 16.718276
339 355 368 -1 43.160577
95 97 -1 -1 21.526899
295 317 -1 -1 25.022791
317 328 -1 -1 20.251050
295 317 328 -1 35.012602
259 293 -1 -1 45.811905
293 295 -1 -1 20.912359
259 293 295 -1 51.843045
115 139 -1 -1 59.222561
139 145 -1 -1 22.242537
115 139 145 -1 59.287146
355 379 -1 -1 22.817663
355 368 379 -1 23.652966
115 120 -1 -1 18.684310
95 120 -1 -1 37.328294
95 115 120 -1 37.937837
147 187 -1 -1 40.008917
174 187 -1 -1 24.442136
147 174 187 -1 43.411880
214 236 -1 -1 40.392916
236 239 -1 -1 22.942839
214 236 239 -1 46.820065
196 236 -1 -1 39.083630
196 214 236 -1 48.166878
328 342 -1 -1 22.994344
317 342 -1 -1 21.249011
317 328 342 -1 36.183909
85 97 -1 -1 14.165569
249 262 -1 -1 25.048165
239 262 -1 -1 34.755541
239 249 262 -1 38.729791
249 280 -1 -1 36.638397
259 280 -1 -1 42.545944
249 259 280 -1 42.545944
293 317 -1 -1 22.299149
293 295 317 -1 30.023675
280 293 -1 -1 15.536995
259 280 293 -1 47.251021
120 139 -1 -1 38.491589
115 120 139 -1 60.385222
97 120 -1 -1 23.036478
95 97 120 -1 39.591710
187 196 -1 -1 23.060082
174 187 196 -1 45.330952
342 355 -1 -1 20.776384
328 342 355 -1 36.179195
378 379 -1 -1 23.062086
355 378 -1 -1 40.499560
355 378 379 -1 43.002976
196 229 -1 -1 41.598892
229 236 -1 -1 14.087211
196 229 236 -1 43.420159
187 212 -1 -1 29.476132
196 212 -1 -1 27.656660
187 196 212 -1 44.476278
355 359 -1 -1 18.018349
236 262 -1 -1 22.814385
236 239 262 -1 39.222419
311 317 -1 -1 19.615630
293 311 -1 -1 25.225150
293 311 317 -1 30.347364
262 280 -1 -1 21.736977
249 262 280 -1 39.525024
342 359 -1 -1 21.119698
342 355 359 -1 26.674814
120 143 -1 -1 42.296265
139 143 -1 -1 15.459465
120 139 143 -1 45.963925
359 378 -1 -1 22.780538
355 359 378 -1 40.499560
145 171 -1 -1 48.101063
147 171 -1 -1 42.003061
145 147 171 -1 48.676920
212 229 -1 -1 20.073650
196 212 229 -1 41.598892
139 171 -1 -1 31.160577
139 145 171 -1 49.116197
97 127 -1 -1 44.217279
120 127 -1 -1 35.213180
97 120 127 -1 49.372677
317 332 -1 -1 27.518406
332 342 -1 -1 16.711192
317 332 342 -1 30.221508
127 143 -1 -1 15.115989
120 127 143 -1 42.872826
147 193 -1 -1 75.468537
187 193 -1 -1 23.268705
147 187 193 -1 75.468537
311 332 -1 -1 21.097831
311 317 332 -1 29.116205
280 311 -1 -1 31.596044
280 293 311 -1 31.596044
171 193 -1 -1 24.870637
147 171 193 -1 76.507281
342 361 -1 -1 38.811789
359 361 -1 -1 20.593633
342 359 361 -1 39.514210
332 361 -1 -1 37.829172
332 342 361 -1 41.779154
193 212 -1 -1 20.555331
187 193 212 -1 41.632897
361 378 -1 -1 19.370685
359 361 378 -1 27.761900
236 270 -1 -1 41.796923
262 270 -1 -1 24.557323
236 262 270 -1 41.796923
85 102 -1 -1 36.712874
85 127 -1 -1 55.466644
85 97 127 -1 55.466644
85 97 127 -1 55.466644
85 118 -1 -1 50.085760
118 127 -1 -1 18.517950
85 118 127 -1 55.857481
85 118 127 -1 55.857481
280 294 -1 -1 28.516772
262 294 -1 -1 43.458705
262 280 294 -1 43.542368
236 260 -1 -1 36.551285
260 270 -1 -1 14.875740
236 260 270 -1 44.683041
332 345 -1 -1 28.195587
345 361 -1 -1 21.056321
332 345 361 -1 37.829172
229 260 -1 -1 33.016173
229 236 260 -1 41.809188
270 294 -1 -1 24.601982
262 270 294 -1 44.664433
294 311 -1 -1 22.943439
280 294 311 -1 45.034990
139 165 -1 -1 34.623204
143 165 -1 -1 29.814497
139 143 165 -1 42.183292
193 221 -1 -1 30.132244
212 221 -1 -1 26.317738
193 212 221 -1 35.898654
294 319 -1 -1 24.203543
311 319 -1 -1 22.552884
294 311 319 -1 44.650792
319 332 -1 -1 23.838659
311 319 332 -1 33.386666
102 118 -1 -1 22.054515
85 102 118 -1 54.468279
319 345 -1 -1 24.502212
319 332 345 -1 39.201967
212 237 -1 -1 37.720261
229 237 -1 -1 26.884587
212 229 237 -1 42.088002
221 237 -1 -1 18.073176
212 221 237 -1 41.371433
165 171 -1 -1 21.182456
139 165 171 -1 61.790486
171 184 -1 -1 29.662009
165 184 -1 -1 25.187674
165 171 184 -1 46.998195
193 201 -1 -1 17.335777
171 201 -1 -1 45.061914
171 193 201 -1 45.061914
229 253 -1 -1 42.521640
253 260 -1 -1 16.183821
229 253 260 -1 43.109535
237 253 -1 -1 21.604912
229 237 253 -1 46.078121
361 373 -1 -1 27.298202
345 373 -1 -1 30.841281
345 361 373 -1 43.105130
184 201 -1 -1 14.204347
171 184 201 -1 48.143546
193 213 -1 -1 32.985259
213 221 -1 -1 13.734897
193 213 221 -1 35.788846
270 289 -1 -1 24.849170
289 294 -1 -1 16.478771
270 289 294 -1 34.581578
201 213 -1 -1 23.994348
193 201 213 -1 32.985259
143 160 -1 -1 39.577209
127 160 -1 -1 45.410713
127 143 160 -1 45.410713
93 102 -1 -1 18.301067
260 289 -1 -1 32.185634
260 270 289 -1 33.483845
160 165 -1 -1 16.803080
143 160 165 -1 51.152621
294 324 -1 -1 33.747197
319 324 -1 -1 16.433805
294 319 324 -1 33.747197
184 213 -1 -1 24.931229
184 201 213 -1 28.292881
319 348 -1 -1 46.321471
345 348 -1 -1 28.467721
319 345 348 -1 47.557507
118 148 -1 -1 37.546547
127 148 -1 -1 46.514361
118 127 148 -1 46.514361
148 160 -1 -1 15.062239
127 148 160 -1 56.933464
260 283 -1 -1 37.270227
283 289 -1 -1 18.589008
260 283 289 -1 40.625276
165 183 -1 -1 50.861765
183 184 -1 -1 24.687675
165 183 184 -1 51.089727
289 302 -1 -1 24.367482
294 302 -1 -1 36.918425
289 294 302 -1 36.918425
302 324 -1 -1 20.777216
294 302 324 -1 40.689748
160 183 -1 -1 35.667328
160 165 183 -1 59.162498
221 235 -1 -1 32.514639
235 237 -1 -1 23.713761
221 235 237 -1 36.387615
324 348 -1 -1 45.515325
319 324 348 -1 47.148801
253 283 -1 -1 28.102752
253 260 283 -1 37.360533
348 373 -1 -1 20.331365
345 348 373 -1 37.533845
213 235 -1 -1 36.350143
213 221 235 -1 41.732372
324 338 -1 -1 20.287232
338 348 -1 -1 19.365235
324 338 348 -1 45.515325
93 121 -1 -1 30.843638
102 121 -1 -1 34.376106
93 102 121 -1 41.468662
184 210 -1 -1 34.406775
210 213 -1 -1 17.761753
184 210 213 -1 39.140191
118 134 -1 -1 33.600070
102 134 -1 -1 54.566907
102 118 134 -1 55.299854
283 302 -1 -1 26.479851
283 289 302 -1 39.228736
237 265 -1 -1 43.571724
253 265 -1 -1 16.846765
237 253 265 -1 44.238232
235 265 -1 -1 24.218790
235 237 265 -1 44.048726
302 338 -1 -1 26.793193
302 324 338 -1 27.408097
183 210 -1 -1 22.186560
183 184 210 -1 38.020738
210 235 -1 -1 29.241766
210 213 235 -1 39.036836
121 134 -1 -1 19.574872
102 121 134 -1 56.295055
134 148 -1 -1 21.477196
118 134 148 -1 60.569941
265 272 -1 -1 24.601253
253 272 -1 -1 34.395837
253 265 272 -1 34.395837
148 159 -1 -1 26.024304
272 283 -1 -1 17.309667
253 272 283 -1 43.293265
134 159 -1 -1 33.858963
134 148 159 -1 47.570557
331 338 -1 -1 15.780597
302 331 -1 -1 33.265114
302 331 338 -1 34.151943
338 354 -1 -1 28.150598
348 354 -1 -1 21.361128
338 348 354 -1 30.448046
148 180 -1 -1 50.222334
160 180 -1 -1 42.647288
148 160 180 -1 51.757674
93 111 -1 -1 44.378973
111 121 -1 -1 19.355336
93 111 121 -1 44.713139
180 183 -1 -1 18.589843
160 180 183 -1 47.382199
159 180 -1 -1 25.732896
148 159 180 -1 50.222334
348 384 -1 -1 39.475750
210 240 -1 -1 45.499362
235 240 -1 -1 22.707503
210 235 240 -1 46.136641
210 235 240 -1 46.136641
223 240 -1 -1 22.978122
210 223 -1 -1 22.602895
210 223 240 -1 45.499362
210 223 240 -1 45.499362
235 272 -1 -1 40.545923
235 265 272 -1 40.545923
283 299 -1 -1 27.346941
302 318 -1 -1 24.859817
94 111 -1 -1 23.858867
183 223 -1 -1 38.687015
183 210 223 -1 39.343692
331 354 -1 -1 25.351520
331 338 354 -1 38.740292
272 299 -1 -1 28.563742
272 283 299 -1 33.852046
283 318 -1 -1 44.379439
283 302 318 -1 44.379439
299 318 -1 -1 18.307751
283 299 318 -1 45.702790
318 331 -1 -1 16.235619
302 318 331 -1 35.498064
354 384 -1 -1 23.029544
348 354 384 -1 40.426812
235 268 -1 -1 43.453186
268 272 -1 -1 25.041199
235 268 272 -1 46.733097
121 138 -1 -1 34.339234
134 138 -1 -1 24.420589
121 134 138 -1 35.224381
240 268 -1 -1 26.718044
235 240 268 -1 43.588743
134 156 -1 -1 52.224458
156 159 -1 -1 21.192091
134 156 159 -1 52.310507
272 285 -1 -1 32.780593
285 299 -1 -1 17.969250
272 285 299 -1 34.053766
331 344 -1 -1 19.525330
344 354 -1 -1 18.301129
331 344 354 -1 26.354642
111 138 -1 -1 25.524891
111 121 138 -1 38.551615
180 209 -1 -1 30.895432
183 209 -1 -1 37.749129
180 183 209 -1 43.346419
138 156 -1 -1 29.240231
134 138 156 -1 57.297888
268 285 -1 -1 20.443711
268 272 285 -1 43.090936
318 344 -1 -1 26.373120
318 331 344 -1 27.941404
209 223 -1 -1 16.983504
183 209 223 -1 60.186707
91 94 -1 -1 20.094858
159 185 -1 -1 35.923238
180 185 -1 -1 20.904465
159 180 185 -1 44.833506
354 383 -1 -1 34.651095
383 384 -1 -1 17.802187
354 383 384 -1 36.074797
240 241 -1 -1 21.545544
223 241 -1 -1 38.554232
223 240 241 -1 39.484576
344 364 -1 -1 22.191782
354 364 -1 -1 25.757953
344 354 364 -1 27.605605
299 323 -1 -1 38.686261
318 323 -1 -1 23.648076
299 318 323 -1 38.686261
364 383 -1 -1 21.428738
354 364 383 -1 35.154269
156 185 -1 -1 25.503686
156 159 185 -1 39.581594
209 241 -1 -1 34.175617
209 223 241 -1 43.500145
299 310 -1 -1 34.120674
285 310 -1 -1 28.167967
285 299 310 -1 42.030775
310 323 -1 -1 14.107782
299 310 323 -1 41.367907
94 114 -1 -1 37.973873
111 114 -1 -1 25.837487
94 111 114 -1 45.034874
323 344 -1 -1 25.143406
318 323 344 -1 35.105530
344 347 -1 -1 21.376368
180 211 -1 -1 43.238648
209 211 -1 -1 20.968367
180 209 211 -1 49.808935
323 347 -1 -1 21.460279
323 344 347 -1 38.628919
91 114 -1 -1 33.007602
91 94 114 -1 53.085367
185 211 -1 -1 30.368161
180 185 211 -1 46.930098
241 268 -1 -1 23.478144
240 241 268 -1 39.792075
138 157 -1 -1 33.842276
156 157 -1 -1 16.221303
138 156 157 -1 37.608165
111 144 -1 -1 44.481237
138 144 -1 -1 25.825572
111 138 144 -1 54.594606
209 228 -1 -1 28.157132
228 241 -1 -1 15.606248
209 228 241 -1 37.967693
347 364 -1 -1 16.355398
344 347 364 -1 26.147996
364 386 -1 -1 20.515309
383 386 -1 -1 14.790210
364 383 386 -1 27.170563
144 157 -1 -1 20.441404
138 144 157 -1 42.010430
211 228 -1 -1 20.647996
209 211 228 -1 39.025477
114 144 -1 -1 28.846848
111 114 144 -1 45.677624
76 -1 -1 -1 0.000000
83 -1 -1 -1 0.000000
85 -1 -1 -1 0.000000
87 -1 -1 -1 0.000000
91 -1 -1 -1 0.000000
93 -1 -1 -1 0.000000
94 -1 -1 -1 0.000000
95 -1 -1 -1 0.000000
97 -1 -1 -1 0.000000
100 -1 -1 -1 0.000000
101 -1 -1 -1 0.000000
102 -1 -1 -1 0.000000
107 -1 -1 -1 0.000000
108 -1 -1 -1 0.000000
111 -1 -1 -1 0.000000
112 -1 -1 -1 0.000000
113 -1 -1 -1 0.000000
114 -1 -1 -1 0.000000
115 -1 -1 -1 0.000000
116 -1 -1 -1 0.000000
118 -1 -1 -1 0.000000
120 -1 -1 -1 0.000000
121 -1 -1 -1 0.000000
122 -1 -1 -1 0.000000
126 -1 -1 -1 0.000000
127 -1 -1 -1 0.000000
128 -1 -1 -1 0.000000
130 -1 -1 -1 0.000000
131 -1 -1 -1 0.000000
133 -1 -1 -1 0.000000
134 -1 -1 -1 0.000000
136 -1 -1 -1 0.000000
138 -1 -1 -1 0.000000
139 -1 -1 -1 0.000000
140 -1 -1 -1 0.000000
143 -1 -1 -1 0.000000
144 -1 -1 -1 0.000000
145 -1 -1 -1 0.000000
147 -1 -1 -1 0.000000
148 -1 -1 -1 0.000000
149 -1 -1 -1 0.000000
152 -1 -1 -1 0.000000
153 -1 -1 -1 0.000000
156 -1 -1 -1 0.000000
157 -1 -1 -1 0.000000
159 -1 -1 -1 0.000000
160 -1 -1 -1 0.000000
162 -1 -1 -1 0.000000
164 -1 -1 -1 0.000000
165 -1 -1 -1 0.000000
168 -1 -1 -1 0.000000
169 -1 -1 -1 0.000000
170 -1 -1 -1 0.000000
171 -1 -1 -1 0.000000
174 -1 -1 -1 0.000000
177 -1 -1 -1 0.000000
180 -1 -1 -1 0.000000
181 -1 -1 -1 0.000000
182 -1 -1 -1 0.000000
183 -1 -1 -1 0.000000
184 -1 -1 -1 0.000000
185 -1 -1 -1 0.000000
186 -1 -1 -1 0.000000
187 -1 -1 -1 0.000000
189 -1 -1 -1 0.000000
193 -1 -1 -1 0.000000
194 -1 -1 -1 0.000000
196 -1 -1 -1 0.000000
198 -1 -1 -1 0.000000
199 -1 -1 -1 0.000000
201 -1 -1 -1 0.000000
202 -1 -1 -1 0.000000
205 -1 -1 -1 0.000000
208 -1 -1 -1 0.000000
209 -1 -1 -1 0.000000
210 -1 -1 -1 0.000000
211 -1 -1 -1 0.000000
212 -1 -1 -1 0.000000
213 -1 -1 -1 0.000000
214 -1 -1 -1 0.000000
215 -1 -1 -1 0.000000
217 -1 -1 -1 0.000000
219 -1 -1 -1 0.000000
220 -1 -1 -1 0.000000
221 -1 -1 -1 0.000000
223 -1 -1 -1 0.000000
227 -1 -1 -1 0.000000
228 -1 -1 -1 0.000000
229 -1 -1 -1 0.000000
231 -1 -1 -1 0.000000
232 -1 -1 -1 0.000000
233 -1 -1 -1 0.000000
235 -1 -1 -1 0.000000
236 -1 -1 -1 0.000000
237 -1 -1 -1 0.000000
239 -1 -1 -1 0.000000
240 -1 -1 -1 0.000000
241 -1 -1 -1 0.000000
243 -1 -1 -1 0.000000
244 -1 -1 -1 0.000000
246 -1 -1 -1 0.000000
247 -1 -1 -1 0.000000
249 -1 -1 -1 0.000000
253 -1 -1 -1 0.000000
256 -1 -1 -1 0.000000
258 -1 -1 -1 0.000000
259 -1 -1 -1 0.000000
260 -1 -1 -1 0.000000
262 -1 -1 -1 0.000000
263 -1 -1 -1 0.000000
265 -1 -1 -1 0.000000
266 -1 -1 -1 0.000000
267 -1 -1 -1 0.000000
268 -1 -1 -1 0.000000
270 -1 -1 -1 0.000000
272 -1 -1 -1 0.000000
276 -1 -1 -1 0.000000
277 -1 -1 -1 0.000000
280 -1 -1 -1 0.000000
283 -1 -1 -1 0.000000
284 -1 -1 -1 0.000000
285 -1 -1 -1 0.000000
286 -1 -1 -1 0.000000
289 -1 -1 -1 0.000000
292 -1 -1 -1 0.000000
293 -1 -1 -1 0.000000
294 -1 -1 -1 0.000000
295 -1 -1 -1 0.000000
298 -1 -1 -1 0.000000
299 -1 -1 -1 0.000000
301 -1 -1 -1 0.000000
302 -1 -1 -1 0.000000
305 -1 -1 -1 0.000000
306 -1 -1 -1 0.000000
308 -1 -1 -1 0.000000
310 -1 -1 -1 0.000000
311 -1 -1 -1 0.000000
312 -1 -1 -1 0.000000
313 -1 -1 -1 0.000000
316 -1 -1 -1 0.000000
317 -1 -1 -1 0.000000
318 -1 -1 -1 0.000000
319 -1 -1 -1 0.000000
321 -1 -1 -1 0.000000
322 -1 -1 -1 0.000000
323 -1 -1 -1 0.000000
324 -1 -1 -1 0.000000
325 -1 -1 -1 0.000000
327 -1 -1 -1 0.000000
328 -1 -1 -1 0.000000
330 -1 -1 -1 0.000000
331 -1 -1 -1 0.000000
332 -1 -1 -1 0.000000
338 -1 -1 -1 0.000000
339 -1 -1 -1 0.000000
341 -1 -1 -1 0.000000
342 -1 -1 -1 0.000000
344 -1 -1 -1 0.000000
345 -1 -1 -1 0.000000
346 -1 -1 -1 0.000000
347 -1 -1 -1 0.000000
348 -1 -1 -1 0.000000
350 -1 -1 -1 0.000000
353 -1 -1 -1 0.000000
354 -1 -1 -1 0.000000
355 -1 -1 -1 0.000000
356 -1 -1 -1 0.000000
357 -1 -1 -1 0.000000
359 -1 -1 -1 0.000000
360 -1 -1 -1 0.000000
361 -1 -1 -1 0.000000
364 -1 -1 -1 0.000000
366 -1 -1 -1 0.000000
368 -1 -1 -1 0.000000
370 -1 -1 -1 0.000000
372 -1 -1 -1 0.000000
373 -1 -1 -1 0.000000
376 -1 -1 -1 0.000000
377 -1 -1 -1 0.000000
378 -1 -1 -1 0.000000
379 -1 -1 -1 0.000000
380 -1 -1 -1 0.000000
382 -1 -1 -1 0.000000
383 -1 -1 -1 0.000000
384 -1 -1 -1 0.000000
385 -1 -1 -1 0.000000
386 -1 -1 -1 0.000000
