273 289 -1 -1 15.975320
266 273 -1 -1 16.331434
243 266 -1 -1 19.204825
397 422 -1 -1 26.775166
422 446 -1 -1 22.617274
304 320 -1 -1 24.298193
289 304 -1 -1 34.010708
219 243 -1 -1 31.003194
184 203 -1 -1 30.959165
183 184 -1 -1 25.224537
397 408 -1 -1 30.412118
408 422 -1 -1 26.612051
397 408 422 -1 41.223558
320 341 -1 -1 22.278320
203 219 -1 -1 18.455677
266 268 -1 -1 20.900991
268 273 -1 -1 21.749812
266 268 273 -1 25.256641
136 172 -1 -1 30.416886
341 356 -1 -1 29.387403
273 287 -1 -1 29.190824
287 289 -1 -1 27.366183
273 287 289 -1 33.650336
356 383 -1 -1 24.262973
383 397 -1 -1 21.534576
219 239 -1 -1 26.394234
239 243 -1 -1 29.041624
219 239 243 -1 44.614545
172 183 -1 -1 15.461534
287 304 -1 -1 20.443038
287 289 304 -1 36.230902
134 136 -1 -1 23.911674
243 268 -1 -1 31.477019
243 266 268 -1 31.477019
268 287 -1 -1 20.026961
268 273 287 -1 31.098224
184 196 -1 -1 37.931534
196 203 -1 -1 16.096404
184 196 203 -1 40.546784
183 196 -1 -1 17.933170
183 184 196 -1 37.931534
408 446 -1 -1 31.581276
408 422 446 -1 35.207843
304 341 -1 -1 29.567627
304 320 341 -1 36.793341
383 408 -1 -1 34.889818
383 397 408 -1 35.665090
383 392 -1 -1 29.266802
392 408 -1 -1 24.420929
383 392 408 -1 41.305790
408 436 -1 -1 26.519171
436 446 -1 -1 26.113376
408 436 446 -1 36.293582
341 350 -1 -1 23.583562
350 356 -1 -1 28.390605
341 350 356 -1 32.723012
356 367 -1 -1 37.029869
367 383 -1 -1 34.525890
356 367 383 -1 41.633311
243 254 -1 -1 55.126252
254 268 -1 -1 57.894955
243 254 268 -1 61.177492
268 271 -1 -1 22.874763
254 271 -1 -1 25.060577
254 268 271 -1 58.085572
304 329 -1 -1 29.079982
329 341 -1 -1 26.615771
304 329 341 -1 33.541556
271 287 -1 -1 21.137629
268 271 287 -1 28.627320
350 367 -1 -1 25.076561
350 356 367 -1 41.551635
136 157 -1 -1 46.049937
134 157 -1 -1 29.255558
134 136 157 -1 46.049937
239 254 -1 -1 33.338225
239 243 254 -1 57.104950
329 350 -1 -1 17.917569
329 341 350 -1 27.934658
367 392 -1 -1 23.928932
367 383 392 -1 36.680646
203 220 -1 -1 32.080392
219 220 -1 -1 37.675440
203 219 220 -1 37.731394
157 172 -1 -1 24.865631
136 157 172 -1 56.615372
220 239 -1 -1 21.859575
219 220 239 -1 40.671286
172 180 -1 -1 29.398385
180 183 -1 -1 29.841913
172 180 183 -1 33.260489
196 220 -1 -1 30.073787
196 203 220 -1 33.326930
287 296 -1 -1 25.825495
271 296 -1 -1 19.561881
271 287 296 -1 26.462343
287 309 -1 -1 48.033534
304 309 -1 -1 37.344744
287 304 309 -1 48.469494
296 309 -1 -1 26.093025
287 296 309 -1 48.033534
183 198 -1 -1 40.237759
196 198 -1 -1 26.979314
183 196 198 -1 40.655505
157 180 -1 -1 20.994143
157 172 180 -1 33.540745
180 198 -1 -1 16.003235
180 183 198 -1 41.942483
309 329 -1 -1 22.916461
304 309 329 -1 42.929514
392 417 -1 -1 24.035249
408 417 -1 -1 35.383497
392 408 417 -1 36.522069
417 436 -1 -1 26.296131
408 417 436 -1 40.138710
134 142 -1 -1 29.231114
196 208 -1 -1 32.193722
208 220 -1 -1 18.437780
196 208 220 -1 32.939534
436 457 -1 -1 25.541407
142 157 -1 -1 20.788745
134 142 157 -1 36.127221
198 208 -1 -1 14.940130
196 198 208 -1 35.457699
329 342 -1 -1 27.160133
342 350 -1 -1 29.654739
329 342 350 -1 35.619607
271 283 -1 -1 30.266788
283 296 -1 -1 28.648529
271 283 296 -1 34.611829
342 367 -1 -1 30.649609
342 350 367 -1 32.706065
436 439 -1 -1 25.586653
417 439 -1 -1 19.229240
417 436 439 -1 30.662604
220 240 -1 -1 31.548295
239 240 -1 -1 41.422063
220 239 240 -1 42.130155
439 457 -1 -1 18.075630
436 439 457 -1 31.481712
254 283 -1 -1 28.447788
254 271 283 -1 35.577813
283 309 -1 -1 26.218012
283 296 309 -1 30.017617
392 394 -1 -1 28.669884
367 394 -1 -1 35.579524
367 392 394 -1 35.779044
240 254 -1 -1 29.596372
239 240 254 -1 49.015619
309 342 -1 -1 30.148627
309 329 342 -1 33.811635
394 417 -1 -1 19.500966
392 394 417 -1 38.086573
157 158 -1 -1 27.801791
142 158 -1 -1 25.694249
142 157 158 -1 36.087170
342 368 -1 -1 28.008392
367 368 -1 -1 33.431142
342 367 368 -1 40.919707
180 181 -1 -1 26.258258
157 181 -1 -1 38.642100
157 180 181 -1 38.702884
208 224 -1 -1 26.929573
220 224 -1 -1 34.727700
208 220 224 -1 37.516299
368 394 -1 -1 29.279410
367 368 394 -1 46.924771
181 198 -1 -1 25.195695
180 181 198 -1 38.275064
224 240 -1 -1 18.406419
220 224 240 -1 41.675870
309 326 -1 -1 33.620610
326 342 -1 -1 26.631391
309 326 342 -1 36.775643
394 395 -1 -1 19.875140
158 181 -1 -1 23.208914
157 158 181 -1 42.623478
368 395 -1 -1 24.761017
368 394 395 -1 33.147322
283 302 -1 -1 28.680377
302 309 -1 -1 30.556012
283 302 309 -1 39.634996
395 417 -1 -1 28.377485
394 395 417 -1 29.491983
417 433 -1 -1 31.431480
433 439 -1 -1 21.076237
417 433 439 -1 31.886090
439 451 -1 -1 24.565462
451 457 -1 -1 28.584335
439 451 457 -1 29.336961
417 418 -1 -1 33.440387
395 418 -1 -1 21.421589
395 417 418 -1 34.964734
418 433 -1 -1 14.472284
417 418 433 -1 33.647166
142 143 -1 -1 29.619575
198 207 -1 -1 33.718504
207 208 -1 -1 29.215332
198 207 208 -1 34.192269
143 158 -1 -1 21.028316
142 143 158 -1 33.008328
181 207 -1 -1 27.056108
181 198 207 -1 35.515770
240 258 -1 -1 28.909287
254 258 -1 -1 42.382626
240 254 258 -1 45.026926
280 283 -1 -1 30.299449
254 280 -1 -1 52.238894
254 280 283 -1 52.238894
433 451 -1 -1 15.321296
433 439 451 -1 28.910109
207 224 -1 -1 19.159239
207 208 224 -1 38.788423
360 368 -1 -1 25.400123
342 360 -1 -1 36.379277
342 360 368 -1 36.379277
302 326 -1 -1 26.297391
302 309 326 -1 45.166163
326 360 -1 -1 24.495932
326 342 360 -1 39.906150
224 241 -1 -1 35.137583
240 241 -1 -1 37.106320
224 240 241 -1 54.425610
280 302 -1 -1 21.259883
280 283 302 -1 37.130595
258 280 -1 -1 22.621797
254 258 280 -1 63.597635
158 165 -1 -1 31.364483
165 181 -1 -1 34.469863
158 165 181 -1 39.059761
368 391 -1 -1 33.382706
391 395 -1 -1 22.196242
368 391 395 -1 33.988215
181 189 -1 -1 30.463609
189 207 -1 -1 22.757681
181 189 207 -1 34.402828
165 189 -1 -1 24.626677
165 181 189 -1 43.090951
143 165 -1 -1 29.136967
143 158 165 -1 34.469364
433 440 -1 -1 30.130116
440 451 -1 -1 29.236238
433 440 451 -1 34.596850
391 418 -1 -1 24.212713
391 395 418 -1 30.920014
360 374 -1 -1 20.325417
368 374 -1 -1 34.061256
360 368 374 -1 34.180801
240 259 -1 -1 48.060555
258 259 -1 -1 21.717124
240 258 259 -1 48.518309
374 391 -1 -1 18.633638
368 374 391 -1 37.805031
222 224 -1 -1 34.621920
207 222 -1 -1 33.798507
207 222 224 -1 45.143723
241 259 -1 -1 19.949345
240 241 259 -1 49.189069
418 440 -1 -1 32.877311
418 433 440 -1 38.123147
143 147 -1 -1 22.450729
326 327 -1 -1 27.624931
302 327 -1 -1 34.054975
302 326 327 -1 35.019677
327 360 -1 -1 29.923100
326 327 360 -1 35.826550
415 418 -1 -1 23.870262
391 415 -1 -1 21.170013
391 415 418 -1 26.385082
222 241 -1 -1 18.912875
222 224 241 -1 40.366118
147 165 -1 -1 27.365674
143 147 165 -1 32.952862
280 281 -1 -1 18.995315
258 281 -1 -1 34.176233
258 280 281 -1 34.231692
302 305 -1 -1 28.208559
280 305 -1 -1 28.101979
280 302 305 -1 33.536827
415 440 -1 -1 28.790565
415 418 440 -1 33.162637
305 327 -1 -1 23.691463
302 305 327 -1 41.091331
189 222 -1 -1 36.156989
189 207 222 -1 37.343854
259 281 -1 -1 18.403604
258 259 281 -1 37.287097
281 293 -1 -1 17.459070
280 293 -1 -1 30.790916
280 281 293 -1 30.790916
374 387 -1 -1 28.559399
387 391 -1 -1 27.923102
374 387 391 -1 31.219207
351 360 -1 -1 35.907519
327 351 -1 -1 35.053685
327 351 360 -1 40.401884
351 374 -1 -1 32.585571
351 360 374 -1 36.745266
189 206 -1 -1 29.747000
206 222 -1 -1 21.142758
189 206 222 -1 36.784613
293 305 -1 -1 18.216875
280 293 305 -1 39.351957
147 164 -1 -1 25.032388
164 165 -1 -1 25.256216
147 164 165 -1 33.622964
387 415 -1 -1 27.711462
387 391 415 -1 32.619569
147 150 -1 -1 21.583569
165 182 -1 -1 34.611568
182 189 -1 -1 30.356832
165 182 189 -1 39.011728
415 432 -1 -1 22.442968
432 440 -1 -1 21.560042
415 432 440 -1 30.654291
281 284 -1 -1 21.086663
259 284 -1 -1 29.044847
259 281 284 -1 31.377859
351 387 -1 -1 30.108552
351 374 387 -1 35.175490
284 293 -1 -1 12.219487
281 284 293 -1 21.446619
305 310 -1 -1 20.936280
310 327 -1 -1 30.713873
305 310 327 -1 31.802323
413 415 -1 -1 32.051277
413 432 -1 -1 21.451089
413 415 432 -1 35.081892
387 413 -1 -1 23.906787
387 413 415 -1 32.600023
150 164 -1 -1 15.002861
147 150 164 -1 30.760643
164 182 -1 -1 25.280756
164 165 182 -1 39.285868
182 206 -1 -1 22.894072
182 189 206 -1 38.614594
241 267 -1 -1 45.038838
259 267 -1 -1 24.986459
241 259 267 -1 45.097404
293 310 -1 -1 21.388693
293 305 310 -1 25.968872
327 334 -1 -1 26.747636
310 334 -1 -1 17.377721
310 327 334 -1 32.378868
440 454 -1 -1 34.029140
334 351 -1 -1 34.184767
327 334 351 -1 38.650910
432 454 -1 -1 18.470148
432 440 454 -1 34.612163
241 246 -1 -1 36.188972
222 246 -1 -1 38.395898
222 241 246 -1 38.662324
267 284 -1 -1 18.653747
259 267 284 -1 40.378764
206 227 -1 -1 28.758635
222 227 -1 -1 33.215307
206 222 227 -1 40.881010
246 267 -1 -1 19.632746
241 246 267 -1 55.483271
146 150 -1 -1 21.889207
284 310 -1 -1 27.544156
284 293 310 -1 29.509833
227 246 -1 -1 18.337967
222 227 246 -1 46.082665
284 307 -1 -1 26.933535
307 310 -1 -1 18.679718
284 307 310 -1 28.665548
351 376 -1 -1 35.515459
376 387 -1 -1 29.067609
351 376 387 -1 38.848590
413 430 -1 -1 26.277315
430 432 -1 -1 32.007935
413 430 432 -1 39.151539
334 345 -1 -1 42.209168
345 351 -1 -1 30.723200
334 345 351 -1 44.982457
430 454 -1 -1 29.991596
430 432 454 -1 35.234227
284 288 -1 -1 16.038657
310 322 -1 -1 21.700032
322 334 -1 -1 18.725187
310 322 334 -1 25.884512
267 288 -1 -1 25.694898
267 284 288 -1 26.681394
164 173 -1 -1 26.792491
150 173 -1 -1 34.378011
150 164 173 -1 37.470107
202 206 -1 -1 28.608750
182 202 -1 -1 32.627723
182 202 206 -1 42.372731
173 182 -1 -1 21.060388
164 173 182 -1 31.467960
288 307 -1 -1 15.514360
284 288 307 -1 28.309670
267 272 -1 -1 29.263424
272 288 -1 -1 21.682721
267 272 288 -1 35.783726
322 345 -1 -1 28.910516
322 334 345 -1 46.078462
376 413 -1 -1 29.287120
376 387 413 -1 36.591624
146 173 -1 -1 22.736111
146 150 173 -1 34.378011
246 255 -1 -1 33.781587
255 267 -1 -1 33.690687
246 255 267 -1 40.631199
202 227 -1 -1 24.578626
202 206 227 -1 37.482734
307 322 -1 -1 18.644031
307 310 322 -1 26.742425
255 272 -1 -1 22.188824
255 267 272 -1 34.446354
345 376 -1 -1 30.246266
345 351 376 -1 44.088705
227 255 -1 -1 31.463405
227 246 255 -1 40.840786
288 295 -1 -1 30.978991
295 307 -1 -1 21.464142
288 295 307 -1 32.077519
410 413 -1 -1 27.786282
307 319 -1 -1 20.640428
319 322 -1 -1 17.247902
307 319 322 -1 27.324826
376 410 -1 -1 27.066978
376 410 413 -1 33.724172
272 295 -1 -1 21.131516
272 288 295 -1 33.198203
410 430 -1 -1 27.061676
410 413 430 -1 32.396974
173 192 -1 -1 26.898542
182 192 -1 -1 44.423791
173 182 192 -1 44.423791
192 202 -1 -1 22.683257
182 192 202 -1 45.175247
146 152 -1 -1 22.829632
202 232 -1 -1 30.291640
227 232 -1 -1 29.267938
202 227 232 -1 37.031757
146 168 -1 -1 34.207932
168 173 -1 -1 25.804515
146 168 173 -1 38.155899
322 337 -1 -1 24.305112
319 337 -1 -1 17.458089
319 322 337 -1 27.340173
337 345 -1 -1 28.883618
322 337 345 -1 31.213687
295 319 -1 -1 20.247982
295 307 319 -1 29.507594
376 381 -1 -1 23.559429
430 448 -1 -1 35.946258
232 255 -1 -1 26.532366
227 232 255 -1 41.160610
345 381 -1 -1 39.054098
345 376 381 -1 39.277226
381 410 -1 -1 26.380642
376 381 410 -1 32.931622
168 192 -1 -1 23.853345
168 173 192 -1 30.524043
410 425 -1 -1 26.071641
425 430 -1 -1 33.495162
410 425 430 -1 37.473852
152 168 -1 -1 23.428735
146 152 168 -1 34.619252
133 152 -1 -1 14.642091
316 319 -1 -1 19.099993
295 316 -1 -1 23.337496
295 316 319 -1 27.571246
425 448 -1 -1 25.725806
425 430 448 -1 37.212256
202 213 -1 -1 29.499785
272 274 -1 -1 28.872202
255 274 -1 -1 31.404693
255 272 274 -1 31.404693
192 213 -1 -1 25.160791
192 202 213 -1 32.810491
345 361 -1 -1 33.925423
361 381 -1 -1 22.305327
345 361 381 -1 46.679717
213 232 -1 -1 23.538397
202 213 232 -1 41.085538
337 361 -1 -1 33.097651
337 345 361 -1 36.304178
274 295 -1 -1 26.821621
272 274 295 -1 39.347155
319 332 -1 -1 26.620318
332 337 -1 -1 17.618483
319 332 337 -1 28.085185
381 399 -1 -1 24.105503
399 410 -1 -1 25.955952
381 399 410 -1 29.804763
232 249 -1 -1 31.623195
249 255 -1 -1 31.656791
232 249 255 -1 42.014959
399 425 -1 -1 22.332779
399 410 425 -1 31.033626
295 301 -1 -1 34.220069
316 332 -1 -1 16.052332
316 319 332 -1 27.660574
274 301 -1 -1 26.333064
274 295 301 -1 48.212700
337 352 -1 -1 21.798423
352 361 -1 -1 17.645871
337 352 361 -1 33.097651
168 188 -1 -1 27.303540
188 192 -1 -1 25.174674
168 188 192 -1 31.381134
188 213 -1 -1 22.057463
188 192 213 -1 30.260519
301 316 -1 -1 21.809039
295 301 316 -1 36.815565
249 274 -1 -1 27.082567
249 255 274 -1 43.328197
332 352 -1 -1 18.691686
332 337 352 -1 25.160512
361 382 -1 -1 25.842169
381 382 -1 -1 27.406702
361 381 382 -1 35.508556
152 156 -1 -1 25.319870
133 156 -1 -1 26.922491
133 152 156 -1 26.922491
156 168 -1 -1 30.615135
152 156 168 -1 33.689823
156 174 -1 -1 16.801903
168 174 -1 -1 24.410489
156 168 174 -1 31.974816
213 228 -1 -1 29.685554
228 232 -1 -1 31.607458
213 228 232 -1 39.001515
382 399 -1 -1 22.426779
381 382 399 -1 31.005641
174 188 -1 -1 22.253630
168 174 188 -1 33.379564
352 363 -1 -1 34.639496
361 363 -1 -1 24.050988
352 361 363 -1 35.681489
228 249 -1 -1 24.841325
228 232 249 -1 35.999889
332 347 -1 -1 18.998545
347 352 -1 -1 17.824953
332 347 352 -1 21.185896
133 139 -1 -1 35.038604
249 278 -1 -1 34.195922
274 278 -1 -1 30.994089
249 274 278 -1 47.960012
425 442 -1 -1 34.269982
442 448 -1 -1 31.329593
425 442 448 -1 41.159265
316 324 -1 -1 40.911748
324 332 -1 -1 26.065279
316 324 332 -1 41.896884
347 363 -1 -1 20.436176
347 352 363 -1 35.316359
139 156 -1 -1 19.422012
133 139 156 -1 36.850351
301 324 -1 -1 28.262346
301 316 324 -1 42.530326
188 210 -1 -1 25.927322
210 213 -1 -1 27.378641
188 210 213 -1 31.062782
278 301 -1 -1 21.980842
274 278 301 -1 32.767594
363 382 -1 -1 21.996663
361 363 382 -1 32.976332
382 402 -1 -1 22.105248
399 402 -1 -1 24.273591
382 399 402 -1 26.835243
210 228 -1 -1 23.793521
210 213 228 -1 33.009042
399 424 -1 -1 32.291208
424 425 -1 -1 38.792952
399 424 425 -1 39.249902
324 347 -1 -1 20.259006
324 332 347 -1 26.504256
174 187 -1 -1 26.284658
187 188 -1 -1 25.494229
174 187 188 -1 34.918450
402 424 -1 -1 19.061766
399 402 424 -1 32.573759
424 442 -1 -1 26.004431
424 425 442 -1 40.728158
156 166 -1 -1 28.985516
166 174 -1 -1 23.050123
156 166 174 -1 29.587233
139 166 -1 -1 23.662609
139 156 166 -1 34.503486
249 264 -1 -1 33.731146
264 278 -1 -1 19.794413
249 264 278 -1 37.362568
187 210 -1 -1 26.369825
187 188 210 -1 35.716951
249 252 -1 -1 32.862917
228 252 -1 -1 27.217675
228 249 252 -1 35.586963
252 264 -1 -1 18.824880
249 252 264 -1 37.379819
347 355 -1 -1 38.413572
324 355 -1 -1 31.531220
324 347 355 -1 38.873258
324 347 355 -1 38.873258
355 363 -1 -1 24.801050
347 355 363 -1 38.413572
347 355 363 -1 38.413572
363 377 -1 -1 29.673124
377 382 -1 -1 27.836942
363 377 382 -1 30.820646
166 187 -1 -1 22.400458
166 174 187 -1 31.775222
377 402 -1 -1 24.339740
377 382 402 -1 33.218298
132 139 -1 -1 21.984579
210 225 -1 -1 26.253372
225 228 -1 -1 26.833788
210 225 228 -1 31.204467
301 311 -1 -1 37.821771
400 402 -1 -1 22.734572
400 424 -1 -1 22.181443
400 402 424 -1 26.534866
278 311 -1 -1 30.751541
278 301 311 -1 38.959947
311 324 -1 -1 24.817709
301 311 324 -1 45.456075
187 204 -1 -1 30.938951
204 210 -1 -1 28.775720
187 204 210 -1 40.770578
377 400 -1 -1 24.927211
377 400 402 -1 27.864518
355 377 -1 -1 23.569690
355 363 377 -1 35.294816
424 434 -1 -1 23.428824
434 442 -1 -1 31.817958
424 434 442 -1 32.541061
204 225 -1 -1 21.479207
204 210 225 -1 31.204264
228 245 -1 -1 41.989536
245 252 -1 -1 18.808762
228 245 252 -1 44.257151
225 245 -1 -1 20.899701
225 228 245 -1 41.989536
324 325 -1 -1 28.772758
311 325 -1 -1 31.996317
311 324 325 -1 37.843280
278 308 -1 -1 39.657500
308 311 -1 -1 13.772353
278 308 311 -1 40.371693
139 159 -1 -1 37.455197
159 166 -1 -1 18.508053
139 159 166 -1 40.845135
400 434 -1 -1 25.325287
400 424 434 -1 26.890003
325 355 -1 -1 24.127337
324 325 355 -1 37.961320
132 159 -1 -1 20.470109
132 139 159 -1 37.737501
264 285 -1 -1 38.516528
278 285 -1 -1 41.134778
264 278 285 -1 50.761306
166 179 -1 -1 32.439420
179 187 -1 -1 30.496331
166 179 187 -1 35.999801
179 204 -1 -1 26.176994
179 187 204 -1 37.920614
434 452 -1 -1 18.608950
442 452 -1 -1 42.060638
434 442 452 -1 42.060638
285 308 -1 -1 22.591281
278 285 308 -1 45.693808
261 264 -1 -1 28.136954
252 261 -1 -1 37.474749
252 261 264 -1 38.928078
355 372 -1 -1 31.569021
372 377 -1 -1 27.151608
355 372 377 -1 35.961111
159 179 -1 -1 29.636943
159 166 179 -1 34.666001
311 318 -1 -1 40.605583
318 325 -1 -1 20.976576
311 318 325 -1 41.289374
308 318 -1 -1 26.309624
308 311 318 -1 42.089880
245 261 -1 -1 26.087644
245 252 261 -1 40.091589
400 403 -1 -1 18.497677
372 400 -1 -1 33.767925
372 403 -1 -1 23.714744
377 403 -1 -1 33.265701
372 400 403 -1 33.767925
377 400 403 -1 33.767925
372 377 400 -1 33.767925
372 377 403 -1 33.265701
372 377 400 403 33.767925
400 427 -1 -1 32.883025
427 434 -1 -1 23.253378
400 427 434 -1 33.698237
403 427 -1 -1 22.311480
400 403 427 -1 33.752504
132 140 -1 -1 29.634214
261 285 -1 -1 24.284892
261 264 285 -1 38.829276
132 162 -1 -1 36.971494
159 162 -1 -1 23.607553
132 159 162 -1 38.488790
225 233 -1 -1 29.629857
233 245 -1 -1 21.791905
225 233 245 -1 31.072247
355 362 -1 -1 29.242188
362 372 -1 -1 21.260569
355 362 372 -1 34.507123
427 452 -1 -1 25.328034
427 434 452 -1 27.581922
325 362 -1 -1 30.399822
325 355 362 -1 35.071114
162 179 -1 -1 23.430872
159 162 179 -1 31.593092
204 233 -1 -1 35.303034
204 225 233 -1 35.303034
452 455 -1 -1 16.617808
285 318 -1 -1 27.102733
285 308 318 -1 27.717497
140 162 -1 -1 20.323570
132 140 162 -1 44.030977
204 212 -1 -1 25.065098
427 455 -1 -1 24.690805
427 452 455 -1 25.652610
179 212 -1 -1 30.803700
179 204 212 -1 31.171035
245 257 -1 -1 37.572409
257 261 -1 -1 22.354814
245 257 261 -1 40.255170
403 406 -1 -1 20.169372
372 406 -1 -1 28.114567
372 403 406 -1 31.236709
325 344 -1 -1 34.087940
344 362 -1 -1 18.478324
325 344 362 -1 36.051537
233 257 -1 -1 27.915941
233 245 257 -1 39.555635
212 233 -1 -1 26.237525
204 212 233 -1 46.613239
406 427 -1 -1 25.380104
403 406 427 -1 29.150075
318 344 -1 -1 32.388058
318 325 344 -1 37.410602
179 193 -1 -1 31.723159
193 212 -1 -1 24.480289
179 193 212 -1 39.090791
212 217 -1 -1 18.708656
217 233 -1 -1 20.646556
212 217 233 -1 26.403070
318 333 -1 -1 27.460593
333 344 -1 -1 16.761221
318 333 344 -1 33.332933
162 193 -1 -1 33.446559
162 179 193 -1 36.245782
427 435 -1 -1 24.323038
435 455 -1 -1 24.785191
427 435 455 -1 31.030789
282 285 -1 -1 33.796957
261 282 -1 -1 39.795670
261 282 285 -1 42.385971
372 385 -1 -1 31.225763
385 406 -1 -1 20.746113
372 385 406 -1 33.187722
193 217 -1 -1 24.415901
193 212 217 -1 30.317107
406 435 -1 -1 28.794326
406 427 435 -1 30.236041
162 177 -1 -1 32.242085
140 177 -1 -1 40.860476
140 162 177 -1 44.491426
362 385 -1 -1 34.665849
362 372 385 -1 36.121569
285 317 -1 -1 46.526806
317 318 -1 -1 27.754036
285 317 318 -1 46.526806
257 282 -1 -1 32.815727
257 261 282 -1 46.470227
177 193 -1 -1 21.859855
162 177 193 -1 37.224795
233 242 -1 -1 33.656780
242 257 -1 -1 23.003820
233 242 257 -1 35.425191
217 242 -1 -1 34.926639
217 233 242 -1 37.757771
140 155 -1 -1 28.140050
362 369 -1 -1 35.395521
369 385 -1 -1 16.982704
362 369 385 -1 39.259246
406 416 -1 -1 22.571444
416 435 -1 -1 21.864628
406 416 435 -1 29.439130
282 317 -1 -1 29.049485
282 285 317 -1 52.127976
317 333 -1 -1 15.213313
317 318 333 -1 37.234515
344 369 -1 -1 31.123790
344 362 369 -1 36.201315
155 177 -1 -1 20.977724
140 155 177 -1 45.360166
217 229 -1 -1 19.666072
229 242 -1 -1 17.143012
217 229 242 -1 34.926639
193 209 -1 -1 27.934033
209 217 -1 -1 22.802589
193 209 217 -1 31.730143
344 364 -1 -1 37.552432
364 369 -1 -1 16.509069
344 364 369 -1 41.477308
385 416 -1 -1 27.769411
385 406 416 -1 28.162940
209 229 -1 -1 16.110830
209 217 229 -1 24.114034
149 155 -1 -1 17.216293
333 343 -1 -1 21.719567
343 344 -1 -1 28.515122
333 343 344 -1 29.026859
343 364 -1 -1 16.148518
343 344 364 -1 37.552432
257 262 -1 -1 35.980534
262 282 -1 -1 29.236914
257 262 282 -1 42.152419
242 262 -1 -1 36.262014
242 257 262 -1 50.624148
132 -1 -1 -1 0.000000
133 -1 -1 -1 0.000000
134 -1 -1 -1 0.000000
136 -1 -1 -1 0.000000
139 -1 -1 -1 0.000000
140 -1 -1 -1 0.000000
142 -1 -1 -1 0.000000
143 -1 -1 -1 0.000000
146 -1 -1 -1 0.000000
147 -1 -1 -1 0.000000
149 -1 -1 -1 0.000000
150 -1 -1 -1 0.000000
152 -1 -1 -1 0.000000
155 -1 -1 -1 0.000000
156 -1 -1 -1 0.000000
157 -1 -1 -1 0.000000
158 -1 -1 -1 0.000000
159 -1 -1 -1 0.000000
162 -1 -1 -1 0.000000
164 -1 -1 -1 0.000000
165 -1 -1 -1 0.000000
166 -1 -1 -1 0.000000
168 -1 -1 -1 0.000000
172 -1 -1 -1 0.000000
173 -1 -1 -1 0.000000
174 -1 -1 -1 0.000000
177 -1 -1 -1 0.000000
179 -1 -1 -1 0.000000
180 -1 -1 -1 0.000000
181 -1 -1 -1 0.000000
182 -1 -1 -1 0.000000
183 -1 -1 -1 0.000000
184 -1 -1 -1 0.000000
187 -1 -1 -1 0.000000
188 -1 -1 -1 0.000000
189 -1 -1 -1 0.000000
192 -1 -1 -1 0.000000
193 -1 -1 -1 0.000000
196 -1 -1 -1 0.000000
198 -1 -1 -1 0.000000
202 -1 -1 -1 0.000000
203 -1 -1 -1 0.000000
204 -1 -1 -1 0.000000
206 -1 -1 -1 0.000000
207 -1 -1 -1 0.000000
208 -1 -1 -1 0.000000
209 -1 -1 -1 0.000000
210 -1 -1 -1 0.000000
212 -1 -1 -1 0.000000
213 -1 -1 -1 0.000000
217 -1 -1 -1 0.000000
219 -1 -1 -1 0.000000
220 -1 -1 -1 0.000000
222 -1 -1 -1 0.000000
224 -1 -1 -1 0.000000
225 -1 -1 -1 0.000000
227 -1 -1 -1 0.000000
228 -1 -1 -1 0.000000
229 -1 -1 -1 0.000000
232 -1 -1 -1 0.000000
233 -1 -1 -1 0.000000
239 -1 -1 -1 0.000000
240 -1 -1 -1 0.000000
241 -1 -1 -1 0.000000
242 -1 -1 -1 0.000000
243 -1 -1 -1 0.000000
245 -1 -1 -1 0.000000
246 -1 -1 -1 0.000000
249 -1 -1 -1 0.000000
252 -1 -1 -1 0.000000
254 -1 -1 -1 0.000000
255 -1 -1 -1 0.000000
257 -1 -1 -1 0.000000
258 -1 -1 -1 0.000000
259 -1 -1 -1 0.000000
261 -1 -1 -1 0.000000
262 -1 -1 -1 0.000000
264 -1 -1 -1 0.000000
266 -1 -1 -1 0.000000
267 -1 -1 -1 0.000000
268 -1 -1 -1 0.000000
271 -1 -1 -1 0.000000
272 -1 -1 -1 0.000000
273 -1 -1 -1 0.000000
274 -1 -1 -1 0.000000
278 -1 -1 -1 0.000000
280 -1 -1 -1 0.000000
281 -1 -1 -1 0.000000
282 -1 -1 -1 0.000000
283 -1 -1 -1 0.000000
284 -1 -1 -1 0.000000
285 -1 -1 -1 0.000000
287 -1 -1 -1 0.000000
288 -1 -1 -1 0.000000
289 -1 -1 -1 0.000000
293 -1 -1 -1 0.000000
295 -1 -1 -1 0.000000
296 -1 -1 -1 0.000000
301 -1 -1 -1 0.000000
302 -1 -1 -1 0.000000
304 -1 -1 -1 0.000000
305 -1 -1 -1 0.000000
307 -1 -1 -1 0.000000
308 -1 -1 -1 0.000000
309 -1 -1 -1 0.000000
310 -1 -1 -1 0.000000
311 -1 -1 -1 0.000000
316 -1 -1 -1 0.000000
317 -1 -1 -1 0.000000
318 -1 -1 -1 0.000000
319 -1 -1 -1 0.000000
320 -1 -1 -1 0.000000
322 -1 -1 -1 0.000000
324 -1 -1 -1 0.000000
325 -1 -1 -1 0.000000
326 -1 -1 -1 0.000000
327 -1 -1 -1 0.000000
329 -1 -1 -1 0.000000
332 -1 -1 -1 0.000000
333 -1 -1 -1 0.000000
334 -1 -1 -1 0.000000
337 -1 -1 -1 0.000000
341 -1 -1 -1 0.000000
342 -1 -1 -1 0.000000
343 -1 -1 -1 0.000000
344 -1 -1 -1 0.000000
345 -1 -1 -1 0.000000
347 -1 -1 -1 0.000000
350 -1 -1 -1 0.000000
351 -1 -1 -1 0.000000
352 -1 -1 -1 0.000000
355 -1 -1 -1 0.000000
356 -1 -1 -1 0.000000
360 -1 -1 -1 0.000000
361 -1 -1 -1 0.000000
362 -1 -1 -1 0.000000
363 -1 -1 -1 0.000000
364 -1 -1 -1 0.000000
367 -1 -1 -1 0.000000
368 -1 -1 -1 0.000000
369 -1 -1 -1 0.000000
372 -1 -1 -1 0.000000
374 -1 -1 -1 0.000000
376 -1 -1 -1 0.000000
377 -1 -1 -1 0.000000
381 -1 -1 -1 0.000000
382 -1 -1 -1 0.000000
383 -1 -1 -1 0.000000
385 -1 -1 -1 0.000000
387 -1 -1 -1 0.000000
391 -1 -1 -1 0.000000
392 -1 -1 -1 0.000000
394 -1 -1 -1 0.000000
395 -1 -1 -1 0.000000
397 -1 -1 -1 0.000000
399 -1 -1 -1 0.000000
400 -1 -1 -1 0.000000
402 -1 -1 -1 0.000000
403 -1 -1 -1 0.000000
406 -1 -1 -1 0.000000
408 -1 -1 -1 0.000000
410 -1 -1 -1 0.000000
413 -1 -1 -1 0.000000
415 -1 -1 -1 0.000000
416 -1 -1 -1 0.000000
417 -1 -1 -1 0.000000
418 -1 -1 -1 0.000000
422 -1 -1 -1 0.000000
424 -1 -1 -1 0.000000
425 -1 -1 -1 0.000000
427 -1 -1 -1 0.000000
430 -1 -1 -1 0.000000
432 -1 -1 -1 0.000000
433 -1 -1 -1 0.000000
434 -1 -1 -1 0.000000
435 -1 -1 -1 0.000000
436 -1 -1 -1 0.000000
439 -1 -1 -1 0.000000
440 -1 -1 -1 0.000000
442 -1 -1 -1 0.000000
446 -1 -1 -1 0.000000
448 -1 -1 -1 0.000000
451 -1 -1 -1 0.000000
452 -1 -1 -1 0.000000
454 -1 -1 -1 0.000000
455 -1 -1 -1 0.000000
457 -1 -1 -1 0.000000
