187 214 -1 -1 34.914228
266 287 -1 -1 27.761904
214 236 -1 -1 22.693355
91 129 -1 -1 35.744178
326 358 -1 -1 34.219340
358 372 -1 -1 27.905959
287 291 -1 -1 30.442763
175 187 -1 -1 50.792304
150 175 -1 -1 23.274889
236 250 -1 -1 27.734801
250 266 -1 -1 29.649338
129 150 -1 -1 25.470434
326 327 -1 -1 34.249940
327 358 -1 -1 38.901824
326 327 358 -1 53.506086
305 326 -1 -1 48.957759
187 195 -1 -1 59.837487
195 214 -1 -1 32.030386
187 195 214 -1 61.091022
291 305 -1 -1 25.274657
305 327 -1 -1 28.768454
305 326 327 -1 52.040329
175 195 -1 -1 26.258308
175 187 195 -1 68.333552
266 271 -1 -1 43.486447
271 287 -1 -1 66.560465
266 271 287 -1 66.993679
271 291 -1 -1 37.478316
271 287 291 -1 68.136021
350 358 -1 -1 43.281277
327 350 -1 -1 27.434079
327 350 358 -1 48.089809
350 372 -1 -1 32.269325
350 358 372 -1 47.479391
372 385 -1 -1 39.607824
234 236 -1 -1 55.224480
214 234 -1 -1 57.809367
214 234 236 -1 57.809367
91 118 -1 -1 71.181633
118 129 -1 -1 35.673944
91 118 129 -1 73.657562
129 134 -1 -1 50.866755
134 150 -1 -1 47.952811
129 134 150 -1 60.911648
234 250 -1 -1 38.078294
234 236 250 -1 62.176845
150 165 -1 -1 49.235738
165 175 -1 -1 42.552801
150 165 175 -1 57.762334
195 211 -1 -1 46.116262
211 214 -1 -1 60.111536
195 211 214 -1 60.605669
175 189 -1 -1 43.280928
189 195 -1 -1 42.501002
175 189 195 -1 48.205252
211 234 -1 -1 26.109818
211 214 234 -1 66.627572
118 134 -1 -1 35.606951
118 129 134 -1 51.968526
250 251 -1 -1 46.117778
251 266 -1 -1 61.827638
250 251 266 -1 64.498501
189 211 -1 -1 26.896073
189 195 211 -1 50.897929
251 271 -1 -1 29.723318
251 266 271 -1 61.827638
363 372 -1 -1 48.411317
363 385 -1 -1 41.445070
363 372 385 -1 70.869220
134 165 -1 -1 25.080919
134 150 165 -1 49.704340
96 118 -1 -1 24.724503
234 251 -1 -1 22.867086
234 250 251 -1 46.818876
165 189 -1 -1 28.326854
165 175 189 -1 44.674328
291 298 -1 -1 44.249350
298 305 -1 -1 38.132228
291 298 305 -1 48.264461
323 327 -1 -1 38.367415
323 350 -1 -1 36.604107
323 327 350 -1 49.815224
305 323 -1 -1 42.158737
305 323 327 -1 49.185984
350 363 -1 -1 31.677443
350 363 372 -1 53.926195
298 323 -1 -1 31.623974
298 305 323 -1 46.102572
96 112 -1 -1 43.923768
112 118 -1 -1 48.692388
96 112 118 -1 52.364439
271 277 -1 -1 35.249770
277 291 -1 -1 67.307622
271 277 291 -1 67.934001
112 134 -1 -1 38.243392
112 118 134 -1 49.096233
277 298 -1 -1 30.860975
277 291 298 -1 70.455237
344 350 -1 -1 38.888314
344 363 -1 -1 27.917258
344 350 363 -1 43.067217
323 344 -1 -1 29.036289
323 344 350 -1 52.882263
211 221 -1 -1 38.981728
221 234 -1 -1 42.312123
211 221 234 -1 43.822514
298 315 -1 -1 34.490494
315 323 -1 -1 32.299888
298 315 323 -1 38.795466
165 173 -1 -1 37.047983
173 189 -1 -1 41.611207
165 173 189 -1 44.118094
251 263 -1 -1 36.778171
263 271 -1 -1 59.979655
251 263 271 -1 61.956500
363 378 -1 -1 33.324085
378 385 -1 -1 67.248807
363 378 385 -1 77.647418
189 199 -1 -1 48.879217
199 211 -1 -1 47.190518
189 199 211 -1 50.252983
284 298 -1 -1 36.889815
277 284 -1 -1 24.675145
277 284 298 -1 41.654183
234 240 -1 -1 56.737173
240 251 -1 -1 41.372892
234 240 251 -1 57.226184
263 277 -1 -1 31.683011
263 271 277 -1 61.684826
221 240 -1 -1 21.027499
221 234 240 -1 59.374018
173 199 -1 -1 26.338166
173 189 199 -1 55.547302
112 135 -1 -1 33.946043
134 135 -1 -1 50.735936
112 134 135 -1 50.891082
199 221 -1 -1 27.415799
199 211 221 -1 54.427992
134 153 -1 -1 61.100951
153 165 -1 -1 56.156311
134 153 165 -1 62.172996
284 315 -1 -1 29.773312
284 298 315 -1 47.153560
321 323 -1 -1 50.512129
321 344 -1 -1 44.116705
321 323 344 -1 50.757427
240 263 -1 -1 28.312020
240 251 263 -1 53.336553
344 346 -1 -1 30.248308
346 363 -1 -1 56.109401
344 346 363 -1 57.383147
101 112 -1 -1 41.213137
153 173 -1 -1 31.268371
153 165 173 -1 60.412253
315 321 -1 -1 22.653938
315 321 323 -1 55.828604
135 153 -1 -1 19.575496
134 135 153 -1 65.901218
321 346 -1 -1 33.805996
321 344 346 -1 44.118206
263 284 -1 -1 39.311253
263 277 284 -1 43.040533
346 378 -1 -1 40.533035
346 363 378 -1 65.252530
303 315 -1 -1 27.783094
284 303 -1 -1 22.560103
284 303 315 -1 32.957552
199 208 -1 -1 28.280639
208 221 -1 -1 31.929633
199 208 221 -1 37.583348
240 255 -1 -1 28.984943
255 263 -1 -1 27.808099
240 255 263 -1 36.207240
153 163 -1 -1 22.997494
163 173 -1 -1 33.497917
153 163 173 -1 35.940543
263 275 -1 -1 31.599620
275 284 -1 -1 34.470160
263 275 284 -1 41.178987
112 115 -1 -1 49.123019
101 115 -1 -1 31.279565
101 112 115 -1 51.079822
115 135 -1 -1 27.494983
112 115 135 -1 50.311766
346 370 -1 -1 32.966646
370 378 -1 -1 35.910591
346 370 378 -1 45.502197
378 389 -1 -1 37.018244
173 177 -1 -1 41.841391
177 199 -1 -1 43.978554
173 177 199 -1 49.031347
303 321 -1 -1 32.276987
303 315 321 -1 34.555302
221 230 -1 -1 43.705570
230 240 -1 -1 34.943683
221 230 240 -1 47.775010
135 142 -1 -1 32.833929
142 153 -1 -1 30.716071
135 142 153 -1 38.621218
255 275 -1 -1 24.364378
255 263 275 -1 33.476430
321 325 -1 -1 29.392017
325 346 -1 -1 44.886883
321 325 346 -1 55.282773
208 230 -1 -1 32.461622
208 221 230 -1 45.710579
284 289 -1 -1 32.521328
289 303 -1 -1 27.389805
284 289 303 -1 37.949227
177 208 -1 -1 37.071685
177 199 208 -1 45.648695
275 289 -1 -1 21.911177
275 284 289 -1 36.342395
163 177 -1 -1 32.899742
163 173 177 -1 44.683865
230 255 -1 -1 28.107420
230 240 255 -1 39.925387
370 389 -1 -1 26.909237
370 378 389 -1 44.095863
115 142 -1 -1 28.084128
115 135 142 -1 35.003726
142 163 -1 -1 22.563291
142 153 163 -1 32.582324
346 347 -1 -1 33.546174
347 370 -1 -1 25.924058
346 347 370 -1 43.331908
303 304 -1 -1 39.314643
304 321 -1 -1 44.758447
303 304 321 -1 46.256645
325 347 -1 -1 27.030832
325 346 347 -1 44.886883
289 304 -1 -1 25.519625
289 303 304 -1 39.808274
105 115 -1 -1 43.785451
304 325 -1 -1 30.037928
304 321 325 -1 46.082636
255 256 -1 -1 29.532887
256 275 -1 -1 33.013370
255 256 275 -1 35.911075
207 208 -1 -1 28.665803
177 207 -1 -1 38.359187
177 207 208 -1 44.806797
207 230 -1 -1 31.449411
207 208 230 -1 37.826596
160 163 -1 -1 30.605409
142 160 -1 -1 29.543995
142 160 163 -1 34.633247
160 177 -1 -1 39.767056
160 163 177 -1 45.528945
230 256 -1 -1 35.890897
230 255 256 -1 37.296516
105 142 -1 -1 45.290150
105 115 142 -1 48.316072
275 280 -1 -1 52.074985
280 289 -1 -1 33.910281
275 280 289 -1 52.545366
389 390 -1 -1 52.208461
256 280 -1 -1 35.277505
256 275 280 -1 53.862321
370 375 -1 -1 43.961109
375 389 -1 -1 58.056132
370 375 389 -1 61.332810
375 390 -1 -1 22.442391
375 389 390 -1 59.691659
105 141 -1 -1 40.573779
141 142 -1 -1 33.965905
105 141 142 -1 47.449667
141 160 -1 -1 26.617857
141 142 160 -1 37.146002
280 304 -1 -1 29.650479
280 289 304 -1 37.967933
177 183 -1 -1 36.172319
183 207 -1 -1 31.704744
177 183 207 -1 44.265990
230 235 -1 -1 34.387045
207 235 -1 -1 34.117297
207 230 235 -1 37.699462
325 330 -1 -1 32.846705
330 347 -1 -1 35.260542
325 330 347 -1 36.877474
347 354 -1 -1 38.495286
354 370 -1 -1 52.078138
347 354 370 -1 53.492769
354 375 -1 -1 21.907499
354 370 375 -1 55.548041
160 183 -1 -1 31.056606
160 177 183 -1 52.370846
235 247 -1 -1 17.107382
230 247 -1 -1 49.015397
230 235 247 -1 49.015397
247 256 -1 -1 34.491172
230 247 256 -1 52.472109
304 309 -1 -1 31.098517
309 325 -1 -1 51.909581
304 309 325 -1 52.722509
207 210 -1 -1 37.168627
330 354 -1 -1 26.828400
330 347 354 -1 40.605766
141 157 -1 -1 28.035506
157 160 -1 -1 33.803947
141 157 160 -1 39.978665
210 235 -1 -1 32.555830
207 210 235 -1 46.905944
256 261 -1 -1 40.261519
309 330 -1 -1 28.313792
309 325 330 -1 51.909581
157 183 -1 -1 32.311771
157 160 183 -1 38.618430
261 280 -1 -1 40.153631
256 261 280 -1 44.596515
183 210 -1 -1 34.228971
183 207 210 -1 40.315380
247 261 -1 -1 32.244657
247 256 261 -1 45.679407
280 309 -1 -1 36.820765
280 304 309 -1 48.388628
105 109 -1 -1 45.170202
183 185 -1 -1 24.480938
185 210 -1 -1 31.389766
183 185 210 -1 37.265400
328 330 -1 -1 31.865268
328 354 -1 -1 33.429460
328 330 354 -1 47.698968
105 132 -1 -1 50.279950
132 141 -1 -1 36.229182
105 132 141 -1 57.094977
280 282 -1 -1 35.989587
157 185 -1 -1 30.504301
157 183 185 -1 37.270222
141 145 -1 -1 33.046641
145 157 -1 -1 30.059894
141 145 157 -1 33.590896
261 282 -1 -1 32.577853
261 280 282 -1 41.138685
210 223 -1 -1 32.248540
223 235 -1 -1 38.451958
210 223 235 -1 39.204277
223 247 -1 -1 32.118543
223 235 247 -1 41.028640
109 132 -1 -1 27.391941
105 109 132 -1 54.246854
132 145 -1 -1 20.090051
132 141 145 -1 39.825968
306 309 -1 -1 27.311240
306 330 -1 -1 43.824632
306 309 330 -1 44.623217
282 309 -1 -1 39.682752
280 282 309 -1 56.312716
306 328 -1 -1 29.059843
306 328 330 -1 46.228002
282 306 -1 -1 31.002479
282 306 309 -1 40.318099
375 381 -1 -1 40.233395
381 390 -1 -1 47.086926
375 381 390 -1 49.442244
109 120 -1 -1 31.735162
120 132 -1 -1 28.683912
109 120 132 -1 35.314873
243 247 -1 -1 32.583118
243 261 -1 -1 37.673189
243 247 261 -1 38.550599
223 243 -1 -1 25.764664
223 243 247 -1 37.274486
120 145 -1 -1 29.397916
120 132 145 -1 35.049620
157 164 -1 -1 30.674058
164 185 -1 -1 31.950275
157 164 185 -1 37.822191
97 109 -1 -1 32.067094
185 203 -1 -1 27.822361
203 210 -1 -1 39.923119
185 203 210 -1 40.613946
354 360 -1 -1 40.353988
360 375 -1 -1 55.282074
354 360 375 -1 55.704244
145 164 -1 -1 31.157600
145 157 164 -1 42.054405
185 190 -1 -1 21.678233
97 120 -1 -1 26.442852
97 109 120 -1 39.272762
164 190 -1 -1 23.086815
164 185 190 -1 32.589855
360 381 -1 -1 30.297577
360 375 381 -1 58.336054
190 203 -1 -1 19.501304
185 190 203 -1 29.358045
261 264 -1 -1 42.407233
264 282 -1 -1 34.878562
261 264 282 -1 43.904195
328 360 -1 -1 33.421205
328 354 360 -1 53.970898
203 223 -1 -1 35.226320
203 210 223 -1 50.222479
145 155 -1 -1 31.352213
155 164 -1 -1 17.241886
145 155 164 -1 31.932625
243 264 -1 -1 26.453530
243 261 264 -1 49.149393
203 218 -1 -1 20.355053
218 223 -1 -1 29.192763
203 218 223 -1 36.519800
328 340 -1 -1 29.033127
340 360 -1 -1 22.206267
328 340 360 -1 36.848462
120 144 -1 -1 28.337592
144 145 -1 -1 29.106322
120 144 145 -1 33.742489
144 155 -1 -1 18.182070
144 145 155 -1 34.272450
282 296 -1 -1 32.959988
296 306 -1 -1 33.014957
282 296 306 -1 37.811919
306 307 -1 -1 30.716140
307 328 -1 -1 40.531021
306 307 328 -1 42.603182
264 276 -1 -1 19.628088
276 282 -1 -1 33.275946
264 276 282 -1 40.918092
223 233 -1 -1 27.214389
233 243 -1 -1 25.481655
223 233 243 -1 30.386343
218 233 -1 -1 20.589826
218 223 233 -1 32.409822
296 307 -1 -1 25.925036
296 306 307 -1 37.336445
164 180 -1 -1 32.586983
180 190 -1 -1 27.772530
164 180 190 -1 36.239940
202 203 -1 -1 20.331002
190 202 -1 -1 25.389073
190 202 203 -1 25.764923
276 296 -1 -1 22.098116
276 282 296 -1 38.191594
97 116 -1 -1 42.886469
116 120 -1 -1 31.472969
97 116 120 -1 42.886469
360 365 -1 -1 23.163586
365 381 -1 -1 31.553870
360 365 381 -1 37.805919
202 218 -1 -1 19.560443
202 203 218 -1 24.597478
243 249 -1 -1 30.491454
249 264 -1 -1 24.090458
243 249 264 -1 32.158536
180 202 -1 -1 25.611072
180 190 202 -1 33.852291
307 340 -1 -1 37.006341
307 328 340 -1 47.630524
155 180 -1 -1 28.549700
155 164 180 -1 35.042569
233 249 -1 -1 21.941135
233 243 249 -1 32.433743
381 392 -1 -1 36.302489
365 392 -1 -1 26.451825
365 381 392 -1 37.909270
116 144 -1 -1 33.528912
116 120 144 -1 42.069982
97 98 -1 -1 31.281989
98 116 -1 -1 28.881932
97 98 116 -1 43.675598
307 329 -1 -1 29.489703
329 340 -1 -1 27.835852
307 329 340 -1 38.240599
216 218 -1 -1 17.889999
202 216 -1 -1 18.110693
202 216 218 -1 21.755935
144 147 -1 -1 32.033811
147 155 -1 -1 32.282460
144 147 155 -1 35.131605
216 233 -1 -1 24.308777
216 218 233 -1 24.853909
264 269 -1 -1 25.434595
269 276 -1 -1 23.411808
264 269 276 -1 26.648672
249 269 -1 -1 20.108321
249 264 269 -1 28.073453
147 180 -1 -1 34.002049
147 155 180 -1 37.603789
276 278 -1 -1 23.824398
278 296 -1 -1 29.985673
276 278 296 -1 30.075309
340 351 -1 -1 46.280872
351 360 -1 -1 47.943365
340 351 360 -1 50.333245
216 225 -1 -1 14.037056
225 233 -1 -1 22.491354
216 225 233 -1 26.573303
351 365 -1 -1 34.429739
351 360 365 -1 48.021004
116 147 -1 -1 39.671707
116 144 147 -1 41.553909
233 241 -1 -1 22.836254
241 249 -1 -1 23.073311
233 241 249 -1 27.045466
278 307 -1 -1 41.135820
278 296 307 -1 42.256669
201 202 -1 -1 23.567152
180 201 -1 -1 27.851098
180 201 202 -1 29.263748
329 351 -1 -1 29.672776
329 340 351 -1 47.063277
225 241 -1 -1 15.787306
225 233 241 -1 24.683793
201 216 -1 -1 23.541353
201 202 216 -1 25.891980
365 380 -1 -1 26.889128
380 392 -1 -1 24.903703
365 380 392 -1 37.319633
249 252 -1 -1 20.560402
252 269 -1 -1 20.091918
249 252 269 -1 26.390963
269 278 -1 -1 28.377596
269 276 278 -1 30.502705
299 307 -1 -1 33.185732
278 299 -1 -1 23.951140
278 299 307 -1 42.574712
241 252 -1 -1 20.024698
241 249 252 -1 24.935702
307 319 -1 -1 36.129466
319 329 -1 -1 23.896300
307 319 329 -1 37.662568
225 232 -1 -1 12.734503
232 241 -1 -1 14.585174
225 232 241 -1 17.829406
351 380 -1 -1 31.741828
351 365 380 -1 37.769532
216 217 -1 -1 24.135093
217 225 -1 -1 21.911655
216 217 225 -1 24.200075
147 182 -1 -1 38.263480
180 182 -1 -1 32.576150
147 180 182 -1 40.700147
201 217 -1 -1 21.453703
201 216 217 -1 31.830109
116 130 -1 -1 36.039049
130 147 -1 -1 31.657775
116 130 147 -1 43.335534
299 319 -1 -1 23.529311
299 307 319 -1 40.447583
98 108 -1 -1 31.007923
108 116 -1 -1 34.760755
98 108 116 -1 37.466376
182 201 -1 -1 22.970913
180 182 201 -1 36.822042
217 232 -1 -1 19.785685
217 225 232 -1 24.979722
267 269 -1 -1 21.406617
267 278 -1 -1 35.874265
267 269 278 -1 36.907599
252 267 -1 -1 20.152224
252 267 269 -1 23.965561
226 232 -1 -1 28.597817
226 241 -1 -1 36.040736
226 232 241 -1 37.368644
226 252 -1 -1 35.907825
226 241 252 -1 38.656657
108 130 -1 -1 28.368707
108 116 130 -1 39.428981
147 154 -1 -1 30.070642
154 182 -1 -1 25.291959
147 154 182 -1 41.945852
197 201 -1 -1 23.820897
182 197 -1 -1 24.595890
182 197 201 -1 29.503355
274 278 -1 -1 28.483323
274 299 -1 -1 30.754355
274 278 299 -1 34.621281
130 154 -1 -1 28.653632
130 147 154 -1 36.230741
267 274 -1 -1 33.369040
267 274 278 -1 40.059203
197 217 -1 -1 24.638064
197 201 217 -1 26.685209
217 226 -1 -1 36.359040
217 226 232 -1 36.991810
329 338 -1 -1 36.868882
338 351 -1 -1 33.505645
329 338 351 -1 39.737356
319 338 -1 -1 27.519707
319 329 338 -1 38.228698
226 267 -1 -1 46.243149
226 252 267 -1 47.998288
299 316 -1 -1 25.314186
316 319 -1 -1 16.317477
299 316 319 -1 29.316338
226 257 -1 -1 29.563298
257 267 -1 -1 21.739676
226 257 267 -1 46.243149
351 366 -1 -1 34.710286
366 380 -1 -1 32.399897
351 366 380 -1 37.391057
380 391 -1 -1 32.223001
316 338 -1 -1 27.035860
316 319 338 -1 29.581256
176 182 -1 -1 19.945434
176 197 -1 -1 24.037117
176 182 197 -1 27.998003
154 176 -1 -1 21.696746
154 176 182 -1 28.098431
257 274 -1 -1 33.526119
257 267 274 -1 35.885027
215 217 -1 -1 24.765941
197 215 -1 -1 23.674515
197 215 217 -1 31.097990
215 226 -1 -1 34.860736
215 217 226 -1 46.040470
127 130 -1 -1 23.123397
299 301 -1 -1 30.394543
301 316 -1 -1 24.108638
299 301 316 -1 30.960368
366 391 -1 -1 30.772853
366 380 391 -1 35.841166
108 127 -1 -1 28.705339
108 127 130 -1 36.674896
151 154 -1 -1 16.463891
108 113 -1 -1 21.605176
130 151 -1 -1 29.461205
130 151 154 -1 35.642064
274 301 -1 -1 31.619004
274 299 301 -1 37.866663
127 151 -1 -1 26.805959
127 130 151 -1 30.173741
151 176 -1 -1 29.670946
151 154 176 -1 29.967720
113 127 -1 -1 20.524384
108 113 127 -1 29.898568
316 317 -1 -1 33.059133
317 338 -1 -1 31.199068
316 317 338 -1 36.897112
191 197 -1 -1 20.564839
257 268 -1 -1 23.860452
268 274 -1 -1 26.258422
257 268 274 -1 40.046068
301 317 -1 -1 48.132562
301 316 317 -1 50.345093
338 352 -1 -1 27.567530
351 352 -1 -1 49.058010
338 351 352 -1 50.565658
352 366 -1 -1 29.564372
351 352 366 -1 49.133889
176 191 -1 -1 22.709924
176 191 197 -1 30.550285
127 139 -1 -1 19.548551
139 151 -1 -1 18.356467
127 139 151 -1 27.181924
151 166 -1 -1 17.782451
166 176 -1 -1 18.741313
151 166 176 -1 32.255474
191 215 -1 -1 27.249908
191 197 215 -1 29.201472
215 219 -1 -1 19.889154
219 226 -1 -1 34.758683
215 219 226 -1 38.979071
226 244 -1 -1 36.055042
244 257 -1 -1 26.149354
226 244 257 -1 36.783313
317 352 -1 -1 37.540712
317 338 352 -1 39.740220
113 123 -1 -1 17.432922
123 127 -1 -1 19.627488
113 123 127 -1 26.715653
166 191 -1 -1 29.968946
166 176 191 -1 31.214204
274 286 -1 -1 35.955157
286 301 -1 -1 22.542842
274 286 301 -1 37.684333
123 139 -1 -1 23.316796
123 127 139 -1 26.589149
366 386 -1 -1 32.818365
386 391 -1 -1 23.441204
366 386 391 -1 36.557292
244 268 -1 -1 31.513161
244 257 268 -1 32.905191
268 286 -1 -1 38.220988
268 274 286 -1 39.955630
139 166 -1 -1 29.051791
139 151 166 -1 29.051791
219 244 -1 -1 28.704628
219 226 244 -1 39.409531
107 113 -1 -1 21.043362
107 123 -1 -1 18.731906
107 113 123 -1 22.766641
166 167 -1 -1 16.176228
167 191 -1 -1 33.192586
166 167 191 -1 33.881485
286 317 -1 -1 38.404035
286 301 317 -1 48.132562
191 219 -1 -1 33.716158
191 215 219 -1 33.716158
191 194 -1 -1 17.213000
194 219 -1 -1 29.539846
191 194 219 -1 34.166436
139 152 -1 -1 18.592994
152 166 -1 -1 30.959692
139 152 166 -1 31.836535
152 167 -1 -1 23.373271
152 166 167 -1 31.459335
123 133 -1 -1 19.234254
133 139 -1 -1 19.389824
123 133 139 -1 25.762735
352 373 -1 -1 29.394168
366 373 -1 -1 32.482776
352 366 373 -1 36.625917
373 386 -1 -1 21.860951
366 373 386 -1 37.926513
178 191 -1 -1 32.197777
167 178 -1 -1 15.905089
167 178 191 -1 34.468359
178 194 -1 -1 23.560052
178 191 194 -1 33.165061
244 262 -1 -1 33.608608
262 268 -1 -1 19.183131
244 262 268 -1 35.346094
133 152 -1 -1 21.091159
133 139 152 -1 25.100881
262 286 -1 -1 36.408874
262 268 286 -1 43.939169
107 119 -1 -1 17.108050
119 123 -1 -1 20.068167
107 119 123 -1 22.666693
352 362 -1 -1 25.726433
362 373 -1 -1 20.280584
352 362 373 -1 32.235983
314 317 -1 -1 29.977966
286 314 -1 -1 35.599548
286 314 317 -1 44.358983
119 133 -1 -1 20.126755
119 123 133 -1 24.661652
317 343 -1 -1 37.025041
343 352 -1 -1 26.291584
317 343 352 -1 54.906984
219 228 -1 -1 20.817165
228 244 -1 -1 29.051418
219 228 244 -1 32.110213
343 362 -1 -1 20.208466
343 352 362 -1 27.739282
244 246 -1 -1 21.732746
228 246 -1 -1 19.720945
228 244 246 -1 29.769361
246 262 -1 -1 36.408040
244 246 262 -1 41.478588
194 204 -1 -1 21.163536
204 219 -1 -1 29.372161
194 204 219 -1 33.932621
386 393 -1 -1 22.906724
373 393 -1 -1 29.262784
373 386 393 -1 31.960472
262 292 -1 -1 39.734017
286 292 -1 -1 23.773926
262 286 292 -1 43.850762
148 152 -1 -1 19.781723
148 167 -1 -1 29.293393
148 152 167 -1 29.319043
204 228 -1 -1 21.699961
204 219 228 -1 30.864288
314 343 -1 -1 33.098306
314 317 343 -1 41.027674
133 146 -1 -1 18.876968
146 152 -1 -1 16.621079
133 146 152 -1 23.765748
192 194 -1 -1 21.974467
178 192 -1 -1 16.786708
178 192 194 -1 28.073256
167 170 -1 -1 25.562824
170 178 -1 -1 22.795900
167 170 178 -1 25.854785
192 204 -1 -1 23.360178
192 194 204 -1 32.241717
148 170 -1 -1 19.510666
148 167 170 -1 38.263861
95 119 -1 -1 27.714671
362 374 -1 -1 34.785295
373 374 -1 -1 20.650243
362 373 374 -1 36.228142
114 133 -1 -1 29.929584
114 119 -1 -1 16.902786
114 119 133 -1 29.929584
292 314 -1 -1 27.333946
286 292 314 -1 36.625405
314 339 -1 -1 31.306021
339 343 -1 -1 24.374042
314 339 343 -1 36.585917
262 265 -1 -1 17.922791
265 292 -1 -1 34.433926
262 265 292 -1 39.835036
133 143 -1 -1 20.368443
143 146 -1 -1 7.840389
133 143 146 -1 21.175932
146 148 -1 -1 16.093371
146 148 152 -1 21.543197
339 362 -1 -1 32.222284
339 343 362 -1 34.012898
170 192 -1 -1 23.782175
170 178 192 -1 27.057990
114 143 -1 -1 35.376564
114 133 143 -1 40.824289
374 393 -1 -1 21.807085
373 374 393 -1 30.426308
246 265 -1 -1 40.689661
246 262 265 -1 42.475682
227 228 -1 -1 17.735954
227 246 -1 -1 22.324502
227 228 246 -1 25.209031
95 114 -1 -1 20.782173
95 114 119 -1 30.944131
361 362 -1 -1 38.019653
143 148 -1 -1 23.503720
143 146 148 -1 23.780049
339 361 -1 -1 28.688374
339 361 362 -1 45.760092
204 227 -1 -1 27.330125
204 227 228 -1 28.207588
361 374 -1 -1 28.370249
361 362 374 -1 38.880155
114 125 -1 -1 14.458212
125 143 -1 -1 25.092820
114 125 143 -1 35.782777
170 188 -1 -1 30.533996
188 192 -1 -1 22.437325
170 188 192 -1 33.880910
125 148 -1 -1 30.731479
125 143 148 -1 30.731479
91 -1 -1 -1 0.000000
95 -1 -1 -1 0.000000
96 -1 -1 -1 0.000000
97 -1 -1 -1 0.000000
98 -1 -1 -1 0.000000
101 -1 -1 -1 0.000000
105 -1 -1 -1 0.000000
107 -1 -1 -1 0.000000
108 -1 -1 -1 0.000000
109 -1 -1 -1 0.000000
112 -1 -1 -1 0.000000
113 -1 -1 -1 0.000000
114 -1 -1 -1 0.000000
115 -1 -1 -1 0.000000
116 -1 -1 -1 0.000000
118 -1 -1 -1 0.000000
119 -1 -1 -1 0.000000
120 -1 -1 -1 0.000000
123 -1 -1 -1 0.000000
125 -1 -1 -1 0.000000
127 -1 -1 -1 0.000000
129 -1 -1 -1 0.000000
130 -1 -1 -1 0.000000
132 -1 -1 -1 0.000000
133 -1 -1 -1 0.000000
134 -1 -1 -1 0.000000
135 -1 -1 -1 0.000000
139 -1 -1 -1 0.000000
141 -1 -1 -1 0.000000
142 -1 -1 -1 0.000000
143 -1 -1 -1 0.000000
144 -1 -1 -1 0.000000
145 -1 -1 -1 0.000000
146 -1 -1 -1 0.000000
147 -1 -1 -1 0.000000
148 -1 -1 -1 0.000000
150 -1 -1 -1 0.000000
151 -1 -1 -1 0.000000
152 -1 -1 -1 0.000000
153 -1 -1 -1 0.000000
154 -1 -1 -1 0.000000
155 -1 -1 -1 0.000000
157 -1 -1 -1 0.000000
160 -1 -1 -1 0.000000
163 -1 -1 -1 0.000000
164 -1 -1 -1 0.000000
165 -1 -1 -1 0.000000
166 -1 -1 -1 0.000000
167 -1 -1 -1 0.000000
170 -1 -1 -1 0.000000
173 -1 -1 -1 0.000000
175 -1 -1 -1 0.000000
176 -1 -1 -1 0.000000
177 -1 -1 -1 0.000000
178 -1 -1 -1 0.000000
180 -1 -1 -1 0.000000
182 -1 -1 -1 0.000000
183 -1 -1 -1 0.000000
185 -1 -1 -1 0.000000
187 -1 -1 -1 0.000000
188 -1 -1 -1 0.000000
189 -1 -1 -1 0.000000
190 -1 -1 -1 0.000000
191 -1 -1 -1 0.000000
192 -1 -1 -1 0.000000
194 -1 -1 -1 0.000000
195 -1 -1 -1 0.000000
197 -1 -1 -1 0.000000
199 -1 -1 -1 0.000000
201 -1 -1 -1 0.000000
202 -1 -1 -1 0.000000
203 -1 -1 -1 0.000000
204 -1 -1 -1 0.000000
207 -1 -1 -1 0.000000
208 -1 -1 -1 0.000000
210 -1 -1 -1 0.000000
211 -1 -1 -1 0.000000
214 -1 -1 -1 0.000000
215 -1 -1 -1 0.000000
216 -1 -1 -1 0.000000
217 -1 -1 -1 0.000000
218 -1 -1 -1 0.000000
219 -1 -1 -1 0.000000
221 -1 -1 -1 0.000000
223 -1 -1 -1 0.000000
225 -1 -1 -1 0.000000
226 -1 -1 -1 0.000000
227 -1 -1 -1 0.000000
228 -1 -1 -1 0.000000
230 -1 -1 -1 0.000000
232 -1 -1 -1 0.000000
233 -1 -1 -1 0.000000
234 -1 -1 -1 0.000000
235 -1 -1 -1 0.000000
236 -1 -1 -1 0.000000
240 -1 -1 -1 0.000000
241 -1 -1 -1 0.000000
243 -1 -1 -1 0.000000
244 -1 -1 -1 0.000000
246 -1 -1 -1 0.000000
247 -1 -1 -1 0.000000
249 -1 -1 -1 0.000000
250 -1 -1 -1 0.000000
251 -1 -1 -1 0.000000
252 -1 -1 -1 0.000000
255 -1 -1 -1 0.000000
256 -1 -1 -1 0.000000
257 -1 -1 -1 0.000000
261 -1 -1 -1 0.000000
262 -1 -1 -1 0.000000
263 -1 -1 -1 0.000000
264 -1 -1 -1 0.000000
265 -1 -1 -1 0.000000
266 -1 -1 -1 0.000000
267 -1 -1 -1 0.000000
268 -1 -1 -1 0.000000
269 -1 -1 -1 0.000000
271 -1 -1 -1 0.000000
274 -1 -1 -1 0.000000
275 -1 -1 -1 0.000000
276 -1 -1 -1 0.000000
277 -1 -1 -1 0.000000
278 -1 -1 -1 0.000000
280 -1 -1 -1 0.000000
282 -1 -1 -1 0.000000
284 -1 -1 -1 0.000000
286 -1 -1 -1 0.000000
287 -1 -1 -1 0.000000
289 -1 -1 -1 0.000000
291 -1 -1 -1 0.000000
292 -1 -1 -1 0.000000
296 -1 -1 -1 0.000000
298 -1 -1 -1 0.000000
299 -1 -1 -1 0.000000
301 -1 -1 -1 0.000000
303 -1 -1 -1 0.000000
304 -1 -1 -1 0.000000
305 -1 -1 -1 0.000000
306 -1 -1 -1 0.000000
307 -1 -1 -1 0.000000
309 -1 -1 -1 0.000000
314 -1 -1 -1 0.000000
315 -1 -1 -1 0.000000
316 -1 -1 -1 0.000000
317 -1 -1 -1 0.000000
319 -1 -1 -1 0.000000
321 -1 -1 -1 0.000000
323 -1 -1 -1 0.000000
325 -1 -1 -1 0.000000
326 -1 -1 -1 0.000000
327 -1 -1 -1 0.000000
328 -1 -1 -1 0.000000
329 -1 -1 -1 0.000000
330 -1 -1 -1 0.000000
338 -1 -1 -1 0.000000
339 -1 -1 -1 0.000000
340 -1 -1 -1 0.000000
343 -1 -1 -1 0.000000
344 -1 -1 -1 0.000000
346 -1 -1 -1 0.000000
347 -1 -1 -1 0.000000
350 -1 -1 -1 0.000000
351 -1 -1 -1 0.000000
352 -1 -1 -1 0.000000
354 -1 -1 -1 0.000000
358 -1 -1 -1 0.000000
360 -1 -1 -1 0.000000
361 -1 -1 -1 0.000000
362 -1 -1 -1 0.000000
363 -1 -1 -1 0.000000
365 -1 -1 -1 0.000000
366 -1 -1 -1 0.000000
370 -1 -1 -1 0.000000
372 -1 -1 -1 0.000000
373 -1 -1 -1 0.000000
374 -1 -1 -1 0.000000
375 -1 -1 -1 0.000000
378 -1 -1 -1 0.000000
380 -1 -1 -1 0.000000
381 -1 -1 -1 0.000000
385 -1 -1 -1 0.000000
386 -1 -1 -1 0.000000
389 -1 -1 -1 0.000000
390 -1 -1 -1 0.000000
391 -1 -1 -1 0.000000
392 -1 -1 -1 0.000000
393 -1 -1 -1 0.000000
