1 64.710635 inf
1 45.658753 109.135332
1 46.904060 109.259455
1 41.166793 91.010855
1 42.889752 88.347280
1 38.959880 84.287934
1 53.940129 98.035264
1 47.524681 89.484997
1 46.209041 84.926301
1 40.301655 78.839531
1 40.555546 77.662058
1 56.832812 93.131681
1 50.276308 85.248427
1 80.471082 114.768532
1 50.584938 84.187579
1 46.578173 79.562707
1 47.824833 79.056336
1 50.085829 79.812124
1 45.743817 74.393785
1 41.504662 69.290538
1 63.810429 90.034410
1 49.130260 74.358686
1 55.521831 80.457496
1 57.479574 82.344018
1 50.876198 75.629134
1 52.866484 77.367800
1 40.128072 64.383370
1 43.608812 67.838388
1 47.201359 70.823474
1 40.611529 63.571666
1 44.667767 67.281295
1 37.444553 59.413718
1 54.417855 76.086135
1 49.767459 71.095145
1 32.175380 53.281117
1 61.303329 81.461083
1 34.324159 54.083218
1 56.514710 76.066758
1 54.411821 73.429008
1 42.859442 61.871315
1 45.165118 63.841228
1 54.013739 72.519806
1 52.454400 70.899465
1 33.196738 51.381422
1 42.737379 60.838970
1 51.494315 69.111832
1 38.892987 56.194511
1 48.385992 65.406730
1 43.075512 60.065378
1 39.616348 56.594096
1 62.137253 78.986870
1 45.685913 61.946868
1 55.343030 71.511852
1 50.747091 66.788107
1 51.932517 67.805314
1 40.623112 56.322625
1 44.431383 60.100889
1 40.285110 55.832012
1 41.313114 55.832621
1 62.846397 77.245338
1 43.898599 57.958434
1 34.200981 48.199892
1 40.394626 54.134056
1 33.812000 47.406816
1 39.628412 53.064519
1 57.175294 70.320286
1 40.964560 54.082868
1 46.537450 59.606942
1 64.904528 77.935642
1 44.493939 57.100070
1 33.841547 46.157106
1 65.898105 77.688429
1 62.030911 73.808075
1 47.315838 59.080509
1 64.011096 75.759577
1 40.972472 52.632802
1 46.626373 58.164629
1 42.048893 52.880388
1 42.287853 52.885227
1 47.845917 58.170365
1 50.884578 61.190660
1 50.520423 60.692255
1 38.720468 48.796360
1 66.949873 76.967479
1 65.645260 75.659072
1 45.890680 55.705598
1 54.707777 64.509400
1 23.317119 33.010742
1 60.427602 70.029520
1 35.613621 44.887263
1 45.189936 54.204623
1 59.776738 68.644441
1 61.307988 69.831999
1 64.015323 72.449962
1 42.202071 50.550960
1 61.125133 69.366752
1 67.340987 75.577531
1 42.985445 51.164407
1 41.609554 49.454235
1 63.676517 71.507486
1 36.916412 44.700598
1 46.527881 53.925407
1 52.000260 59.286103
1 45.118861 52.388732
1 48.916778 56.164302
1 50.033844 57.126644
1 46.129825 52.991826
1 48.484419 54.987315
1 52.362313 58.747291
1 50.883496 57.209203
1 44.534224 50.821898
1 70.569825 76.785124
1 44.715153 50.856732
1 34.703337 40.817305
1 45.201138 51.158098
1 40.285520 46.119510
1 35.462711 41.236013
1 68.002749 73.733004
1 45.103256 50.731160
1 66.171535 71.634518
1 49.328974 54.681744
1 73.325085 78.600120
1 51.783202 57.023519
1 38.669342 43.884259
1 58.994237 64.141011
1 61.577328 66.709151
1 45.897723 51.002842
1 30.614476 35.701960
1 42.409176 47.411868
1 63.135081 68.079629
1 45.553394 50.291305
1 52.239525 56.913168
1 42.538936 47.155489
1 30.950536 35.423632
1 32.446200 36.796086
1 40.646534 44.941484
1 28.973516 33.232143
1 66.208805 70.382675
1 42.050044 46.146208
1 55.771674 59.801373
1 68.854073 72.865457
1 44.069697 48.080971
1 41.028092 44.920065
1 53.877437 57.736510
1 43.381293 47.187600
1 59.403163 63.042169
1 65.484665 69.095219
1 46.879238 50.473080
1 46.780900 50.359418
1 37.829897 41.398925
1 54.762045 58.275318
1 35.595473 39.093778
1 32.772575 36.253159
1 66.699240 70.156742
1 51.158788 54.581267
1 61.341762 64.681851
1 63.678959 67.018803
1 52.086310 55.361305
1 61.350892 64.612176
1 51.754846 54.936433
1 25.525131 28.674280
1 56.808046 59.935387
1 47.378876 50.419863
1 59.623010 62.643871
1 42.396627 45.343927
1 43.445915 46.391184
1 43.865462 46.805026
1 49.291450 52.148980
1 49.008232 51.858175
1 52.681307 55.438372
1 53.859246 56.532932
1 57.414725 60.060652
1 50.930269 53.510664
1 62.104704 64.679425
1 30.812400 33.363484
1 74.935579 77.471380
1 47.996009 50.293464
1 68.784161 71.078720
1 67.067569 69.357146
1 75.418508 77.616239
1 29.475122 31.660474
1 47.760281 49.829083
1 46.527679 48.535999
1 39.344891 41.345060
1 58.760291 60.713068
1 38.983091 40.901568
1 39.883402 41.734102
1 80.389808 82.228639
1 91.709884 93.496674
1 76.490976 78.259814
1 71.792915 73.492443
1 48.333269 49.938014
1 63.065215 64.654995
1 46.802425 48.377976
1 66.892408 68.421120
1 63.653119 65.157205
1 33.001448 34.502449
1 62.335740 63.825023
1 43.448216 44.901761
1 52.070042 53.503039
1 51.412827 52.763893
1 52.187419 53.525834
1 52.531783 53.855435
1 42.308903 43.610698
1 43.438203 44.715156
1 67.199500 68.463628
1 46.374811 47.538008
1 38.493712 39.644137
1 48.648279 49.797147
1 62.170141 63.299218
1 67.258662 68.342370
1 69.095097 70.178388
1 60.686452 61.751699
1 72.416193 73.437516
1 30.210243 31.171520
1 38.102510 39.040253
1 81.912966 82.812175
1 35.061316 35.922125
1 66.693471 67.520704
1 54.946220 55.763855
1 53.169833 53.944968
1 39.743167 40.486885
1 45.864741 46.589247
1 67.023661 67.736617
1 61.615373 62.316613
1 72.417552 73.080700
1 68.696458 69.320467
1 55.465531 56.069375
1 21.106383 21.705707
1 43.596175 44.172328
1 57.876697 58.444731
1 45.903261 46.418079
1 72.120797 72.624703
1 42.543735 43.017646
1 68.039974 68.508570
1 56.185680 56.647621
1 78.091927 78.544329
1 47.838357 48.287687
1 57.042694 57.464385
1 57.613540 58.032866
1 50.691385 51.103353
1 42.803760 43.161239
1 58.546752 58.896552
1 59.035481 59.365571
1 80.293101 80.619284
1 40.426210 40.717346
1 44.871873 45.126213
1 56.416775 56.658023
1 50.921186 51.158922
1 59.879545 60.085846
1 38.612387 38.813370
1 87.205494 87.398571
1 81.071999 81.224662
1 48.709853 48.856809
1 44.943157 45.050403
1 32.789103 32.832480
0 0.000000 inf
0 0.000000 64.481373
0 0.000000 59.881018
0 0.000000 51.652196
0 0.000000 51.296641
0 0.000000 49.998474
0 0.000000 48.215897
0 0.000000 48.180096
0 0.000000 47.843721
0 0.000000 47.590201
0 0.000000 45.940999
0 0.000000 45.247965
0 0.000000 44.913247
0 0.000000 44.874785
0 0.000000 44.811060
0 0.000000 44.517971
0 0.000000 44.430749
0 0.000000 44.305616
0 0.000000 43.999703
0 0.000000 43.893302
0 0.000000 43.237063
0 0.000000 42.998095
0 0.000000 42.725282
0 0.000000 42.696517
0 0.000000 42.622479
0 0.000000 42.587699
0 0.000000 42.405388
0 0.000000 42.247679
0 0.000000 42.149829
0 0.000000 42.037803
0 0.000000 41.783768
0 0.000000 41.673134
0 0.000000 41.206078
0 0.000000 40.747154
0 0.000000 40.685202
0 0.000000 40.486826
0 0.000000 40.187046
0 0.000000 40.140207
0 0.000000 39.706162
0 0.000000 39.572469
0 0.000000 39.447116
0 0.000000 39.362375
0 0.000000 39.334904
0 0.000000 39.106326
0 0.000000 39.032538
0 0.000000 38.951549
0 0.000000 38.632542
0 0.000000 38.212416
0 0.000000 37.692400
0 0.000000 37.659803
0 0.000000 37.575193
0 0.000000 37.408551
0 0.000000 37.348227
0 0.000000 37.332278
0 0.000000 37.268038
0 0.000000 37.193085
0 0.000000 37.007150
0 0.000000 36.957994
0 0.000000 36.775968
0 0.000000 36.610034
0 0.000000 36.498346
0 0.000000 36.335165
0 0.000000 35.988930
0 0.000000 35.988186
0 0.000000 35.717248
0 0.000000 35.393239
0 0.000000 35.375173
0 0.000000 35.234429
0 0.000000 35.202538
0 0.000000 35.063280
0 0.000000 34.989742
0 0.000000 34.615816
0 0.000000 34.348889
0 0.000000 34.313069
0 0.000000 33.722643
0 0.000000 33.673703
0 0.000000 33.482320
0 0.000000 33.358844
0 0.000000 33.250855
0 0.000000 33.137520
0 0.000000 33.072366
0 0.000000 33.041912
0 0.000000 32.857985
0 0.000000 32.848225
0 0.000000 32.187501
0 0.000000 31.920696
0 0.000000 31.813145
0 0.000000 31.783707
0 0.000000 31.772191
0 0.000000 31.771912
0 0.000000 31.711040
0 0.000000 31.698388
0 0.000000 31.662753
0 0.000000 31.648295
0 0.000000 31.545538
0 0.000000 31.511165
0 0.000000 31.483758
0 0.000000 31.479373
0 0.000000 31.415533
0 0.000000 31.310791
0 0.000000 31.278155
0 0.000000 31.261433
0 0.000000 31.170031
0 0.000000 30.864971
0 0.000000 30.828002
0 0.000000 30.822204
0 0.000000 30.804449
0 0.000000 30.762779
0 0.000000 30.697218
0 0.000000 30.683104
0 0.000000 30.073958
0 0.000000 30.060946
0 0.000000 30.016527
0 0.000000 29.986925
0 0.000000 29.933002
0 0.000000 29.660867
0 0.000000 29.373261
0 0.000000 29.219577
0 0.000000 29.178977
0 0.000000 29.060088
0 0.000000 28.972989
0 0.000000 28.693808
0 0.000000 28.638072
0 0.000000 28.612736
0 0.000000 28.498200
0 0.000000 28.018292
0 0.000000 27.953156
0 0.000000 27.852922
0 0.000000 27.786506
0 0.000000 27.610357
0 0.000000 27.598403
0 0.000000 27.450806
0 0.000000 27.241560
0 0.000000 27.081189
0 0.000000 27.077733
0 0.000000 26.771973
0 0.000000 26.430293
0 0.000000 26.280556
0 0.000000 26.233182
0 0.000000 26.184388
0 0.000000 26.179653
0 0.000000 26.171437
0 0.000000 26.156757
0 0.000000 26.135972
0 0.000000 25.720454
0 0.000000 25.601738
0 0.000000 25.501819
0 0.000000 25.325237
0 0.000000 25.264419
0 0.000000 25.149557
0 0.000000 24.829122
0 0.000000 24.724276
0 0.000000 24.693816
0 0.000000 24.643688
0 0.000000 24.610603
0 0.000000 24.469398
0 0.000000 24.401554
0 0.000000 24.239573
0 0.000000 23.254727
0 0.000000 23.173208
0 0.000000 23.023701
0 0.000000 22.998133
0 0.000000 22.744731
0 0.000000 22.687415
0 0.000000 22.653880
0 0.000000 22.467153
0 0.000000 22.259448
0 0.000000 22.168121
0 0.000000 21.965232
0 0.000000 21.866941
0 0.000000 21.791770
0 0.000000 21.617728
0 0.000000 21.389595
0 0.000000 21.212230
0 0.000000 21.192388
0 0.000000 21.114303
0 0.000000 21.078855
0 0.000000 20.871562
0 0.000000 20.823113
0 0.000000 20.719507
0 0.000000 20.404015
0 0.000000 20.073718
0 0.000000 19.913820
0 0.000000 19.704018
0 0.000000 17.739402
0 0.000000 17.614163
0 0.000000 12.619980
