1 49.394350 163.487270
1 57.819660 131.438236
1 46.935267 115.106882
1 57.854502 125.507743
1 55.009201 114.488862
1 64.804205 122.738070
1 54.677405 112.456274
1 58.445171 112.964753
1 60.626556 114.634011
1 51.906274 101.248507
1 51.063343 99.611038
1 63.989084 110.090381
1 76.552409 121.977575
1 58.439152 103.691475
1 59.302325 103.554725
1 53.733884 94.416659
1 60.467615 99.600057
1 57.207819 93.528263
1 58.004888 93.962749
1 76.681445 112.480134
1 51.056005 86.282160
1 61.947410 96.368161
1 50.383662 84.068063
1 50.908680 83.727898
1 60.293844 90.133445
1 63.761433 92.944368
1 40.168446 66.814856
1 53.902254 79.740481
1 60.787013 85.298447
1 76.794965 101.101698
1 58.243232 82.064492
1 96.245240 118.658363
1 53.338394 75.432911
1 41.842993 63.826704
1 50.409980 70.710699
1 61.927040 81.801995
1 57.499038 77.305414
1 47.989519 67.275348
1 54.129641 73.326118
1 81.974246 100.999862
1 44.087364 62.592794
1 64.921810 83.233161
1 73.557591 90.046546
1 65.602420 81.433718
1 66.523459 81.602874
1 45.832793 60.883889
1 66.190165 79.748323
1 59.029492 72.231006
1 65.290097 78.184414
1 61.894147 74.284840
1 49.649203 61.895645
1 52.607996 63.898857
1 87.178651 98.443059
1 59.181297 70.408745
1 71.751477 82.830862
1 41.037369 51.896207
1 45.818277 56.640185
1 51.408379 61.941312
1 71.207142 81.555838
1 55.079420 65.163173
1 58.309697 68.248029
1 55.182950 64.337403
1 51.857313 60.871300
1 71.207717 79.946831
1 64.081721 72.762083
1 67.846751 76.526729
1 46.017957 54.659602
1 62.045903 70.494128
1 47.321270 55.452731
1 39.737848 47.743369
1 61.540845 69.533373
1 70.159315 77.941816
1 43.672128 51.433120
1 44.029748 51.368389
1 66.538071 73.481201
1 55.857333 62.696058
1 54.411492 61.124111
1 56.724926 62.914856
1 48.989769 54.835137
1 69.092291 74.777026
1 75.903010 81.534946
1 52.669115 58.283092
1 54.906713 60.219618
1 60.101571 65.326590
1 55.624179 60.595767
1 67.240374 72.155921
1 60.491255 64.697211
1 71.276509 74.988246
1 71.133234 74.782976
1 62.031913 65.664974
1 26.493376 30.091956
1 111.209107 114.761231
1 77.391772 80.922875
1 106.264542 109.679176
1 76.191537 79.505149
1 77.481541 80.760195
1 72.929573 76.008101
1 92.371220 95.428425
1 90.057473 93.014351
1 54.125238 56.996016
1 58.646123 61.173783
1 50.016168 52.510684
1 75.895082 78.378230
1 56.164011 58.548738
1 57.241906 59.580965
1 65.876725 68.043614
1 125.085483 127.209908
1 75.324918 77.435979
1 53.207405 55.177647
1 66.215491 68.064356
1 56.366221 57.933749
1 62.041381 63.586981
1 37.286769 38.701485
1 71.007783 72.419798
1 66.443297 67.826491
1 62.729809 64.104546
1 53.987429 55.277393
1 70.647228 71.910837
1 66.000364 67.209720
1 88.608312 89.811251
1 92.110921 93.219812
1 61.990562 63.071677
1 46.613409 47.543916
1 34.266707 35.189477
1 43.580026 44.462129
1 84.952310 85.824239
1 103.006737 103.815665
1 71.829786 72.631498
1 106.405884 107.164863
1 63.131019 63.888671
1 61.795109 62.522868
1 100.291259 100.969426
1 116.293011 116.906773
1 82.086732 82.694938
1 69.622667 70.210978
1 55.169673 55.700275
1 72.727136 73.236624
1 68.033077 68.536637
1 73.082411 73.518093
1 80.657756 81.023970
1 121.860724 122.213338
1 72.933357 73.197539
1 78.651961 78.841278
1 70.002665 70.107981
1 63.041555 63.145587
1 90.021306 90.096600
1 76.528958 76.571237
0 0.000000 inf
0 0.000000 inf
0 0.000000 inf
0 0.000000 77.654543
0 0.000000 72.170143
0 0.000000 63.364386
0 0.000000 61.731803
0 0.000000 56.234789
0 0.000000 56.087777
0 0.000000 55.373275
0 0.000000 55.349647
0 0.000000 54.839053
0 0.000000 54.495720
0 0.000000 53.556040
0 0.000000 52.624905
0 0.000000 52.525634
0 0.000000 51.852132
0 0.000000 51.699716
0 0.000000 50.872527
0 0.000000 50.123735
0 0.000000 49.348048
0 0.000000 48.911169
0 0.000000 48.482254
0 0.000000 48.108203
0 0.000000 47.943274
0 0.000000 47.498223
0 0.000000 46.545406
0 0.000000 46.129699
0 0.000000 45.965486
0 0.000000 45.739370
0 0.000000 45.389508
0 0.000000 45.155630
0 0.000000 45.092985
0 0.000000 45.071726
0 0.000000 44.834949
0 0.000000 44.687423
0 0.000000 44.479922
0 0.000000 44.456902
0 0.000000 44.337883
0 0.000000 44.176085
0 0.000000 43.960044
0 0.000000 43.371499
0 0.000000 43.106647
0 0.000000 42.898449
0 0.000000 42.682870
0 0.000000 42.199717
0 0.000000 41.950170
0 0.000000 41.672402
0 0.000000 41.449636
0 0.000000 41.393760
0 0.000000 40.976419
0 0.000000 40.971902
0 0.000000 40.970573
0 0.000000 40.933590
0 0.000000 40.827443
0 0.000000 40.508823
0 0.000000 40.442610
0 0.000000 40.356614
0 0.000000 39.917136
0 0.000000 39.842573
0 0.000000 39.526549
0 0.000000 39.285936
0 0.000000 39.093887
0 0.000000 38.805601
0 0.000000 38.330213
0 0.000000 38.284563
0 0.000000 38.190259
0 0.000000 38.121545
0 0.000000 37.913313
0 0.000000 37.881345
0 0.000000 37.778338
0 0.000000 37.725434
0 0.000000 37.352387
0 0.000000 37.351166
0 0.000000 37.350095
0 0.000000 36.985241
0 0.000000 36.932888
0 0.000000 36.522561
0 0.000000 36.287951
0 0.000000 36.098478
0 0.000000 36.017134
0 0.000000 35.893326
0 0.000000 35.722521
0 0.000000 35.573968
0 0.000000 35.271904
0 0.000000 35.012996
0 0.000000 34.779458
0 0.000000 34.688833
0 0.000000 34.391592
0 0.000000 34.358090
0 0.000000 34.226278
0 0.000000 34.215870
0 0.000000 34.012071
0 0.000000 33.915347
0 0.000000 33.781692
0 0.000000 33.637454
0 0.000000 33.486727
0 0.000000 33.283540
0 0.000000 32.783983
0 0.000000 31.861113
0 0.000000 31.842172
0 0.000000 31.512044
0 0.000000 31.305215
0 0.000000 31.001892
0 0.000000 30.963052
0 0.000000 30.700906
0 0.000000 30.626510
0 0.000000 30.465183
0 0.000000 30.383348
0 0.000000 29.892925
0 0.000000 29.831492
0 0.000000 29.739078
0 0.000000 29.721032
0 0.000000 29.265371
0 0.000000 29.226249
0 0.000000 29.137134
0 0.000000 28.887838
0 0.000000 28.265045
0 0.000000 28.020491
0 0.000000 27.407016
0 0.000000 27.391975
0 0.000000 26.780806
0 0.000000 26.599127
0 0.000000 26.364316
0 0.000000 26.340341
0 0.000000 26.312160
0 0.000000 24.261023
0 0.000000 23.406162
0 0.000000 23.177259
0 0.000000 21.531575
0 0.000000 20.155394
0 0.000000 19.397927
0 0.000000 17.958858
0 0.000000 16.915263
0 0.000000 16.893532
0 0.000000 16.067435
0 0.000000 11.055001
0 0.000000 6.300682
