1 49.196310 inf
1 35.981281 139.776643
1 39.206155 121.088454
1 37.454513 100.996208
1 32.169905 90.441120
1 47.900736 105.965940
1 38.644408 96.286955
1 44.078619 101.279993
1 31.682689 85.869759
1 62.763660 115.148336
1 39.209217 90.786275
1 41.831097 92.376909
1 38.388502 88.012601
1 34.592959 82.651667
1 35.258341 83.301583
1 59.716045 106.591682
1 44.042646 85.348771
1 55.766011 95.920842
1 51.880732 91.745449
1 53.249346 92.091326
1 36.216829 74.457753
1 36.407896 73.795067
1 50.811939 84.465759
1 31.486198 64.429040
1 52.828651 84.318123
1 27.902949 58.140252
1 58.446423 84.902379
1 39.535042 65.799906
1 39.302946 65.316401
1 41.128724 66.718947
1 53.293498 75.786278
1 37.526510 59.334958
1 41.353027 62.885992
1 39.629352 61.083311
1 31.767117 52.510847
1 83.152096 103.686360
1 72.456966 92.932270
1 29.597684 49.436243
1 40.226474 59.738114
1 52.637973 71.686738
1 55.680451 74.659707
1 53.729193 72.111751
1 44.000304 62.333387
1 26.223765 44.018863
1 39.055121 56.530065
1 53.319748 70.728434
1 51.891365 68.596072
1 42.897425 59.446237
1 57.385543 73.449613
1 34.538740 50.526411
1 70.383833 86.136018
1 42.591075 58.341533
1 39.459451 55.177249
1 25.106467 40.639901
1 37.395980 52.152491
1 41.070374 55.584458
1 31.895829 46.086843
1 35.174632 48.563881
1 64.988302 77.971266
1 40.879562 53.834914
1 44.367720 57.134223
1 35.794316 48.455329
1 26.312863 37.980512
1 55.661231 66.744361
1 24.335207 34.822664
1 42.730065 53.083579
1 32.441019 42.592895
1 42.488307 52.585578
1 29.734932 39.709386
1 45.670496 55.385391
1 29.548381 38.978004
1 62.573120 71.957988
1 49.976598 59.136801
1 63.489692 72.465410
1 52.962580 61.821739
1 43.483539 52.143283
1 78.282848 86.752771
1 44.938380 52.793193
1 32.068087 39.713921
1 55.100646 62.157084
1 49.474485 56.492936
1 47.962034 54.577623
1 24.537001 31.140131
1 30.087611 36.650079
1 36.506623 42.891447
1 26.398846 32.406019
1 33.454053 39.451308
1 22.665695 28.480158
1 32.078260 37.879817
1 47.541496 53.307171
1 53.672632 59.193404
1 30.938746 36.423189
1 50.190117 55.642404
1 36.374438 41.795033
1 57.922435 63.199030
1 46.014504 51.259698
1 41.353229 46.394461
1 52.497744 57.315228
1 40.217472 45.016164
1 65.564601 70.329185
1 27.302194 31.942116
1 40.319091 44.910482
1 71.515772 76.091413
1 50.836657 55.319796
1 32.344122 36.827219
1 51.724286 56.096418
1 61.721973 65.844779
1 55.696877 59.720474
1 37.896997 41.760286
1 32.093663 35.907451
1 44.157406 47.913085
1 98.168145 101.711095
1 90.081861 93.595595
1 43.805085 47.259012
1 34.124338 37.575008
1 61.755843 65.196128
1 69.048259 72.386663
1 41.596582 44.918243
1 61.891558 65.170007
1 100.188015 103.450201
1 69.908997 73.120286
1 42.742386 45.880963
1 26.974241 30.073805
1 33.256514 36.198919
1 43.184305 46.049688
1 72.011207 74.769518
1 32.414756 35.121596
1 86.853898 89.510427
1 21.017944 23.572139
1 84.547669 86.950770
1 29.940739 32.330827
1 33.132686 35.454839
1 30.906796 33.179233
1 59.045700 61.305317
1 38.414864 40.488361
1 40.416239 42.467459
1 38.282778 40.275181
1 34.023977 35.969950
1 78.438784 80.362723
1 41.399440 43.317925
1 21.790183 23.678646
1 86.530339 88.338625
1 77.063918 78.831119
1 78.393269 80.148209
1 37.098361 38.812008
1 133.787224 135.440767
1 53.758615 55.295890
1 70.431613 71.894758
1 15.564454 17.007932
1 34.879109 36.311329
1 64.751132 66.181863
1 34.753216 36.161413
1 34.885285 36.282191
1 59.419219 60.810184
1 59.112414 60.442467
1 69.819053 71.138699
1 33.868889 35.177367
1 79.293871 80.597957
1 41.928759 43.229184
1 28.763819 30.026381
1 58.366129 59.609515
1 31.262721 32.480792
1 17.508037 18.721934
1 30.167917 31.344460
1 28.639672 29.812080
1 52.491843 53.624035
1 36.452017 37.574480
1 50.228703 51.310943
1 58.463046 59.501779
1 37.176880 38.213411
1 52.177049 53.169399
1 44.140831 45.047556
1 45.919171 46.810275
1 46.408936 47.204732
1 42.134883 42.895420
1 43.415652 44.155955
1 51.313791 52.039752
1 61.564901 62.286814
1 67.866941 68.585584
1 42.603850 43.320924
1 68.169478 68.860572
1 30.952075 31.606313
1 41.211726 41.845983
1 41.240383 41.864904
1 116.684507 117.226256
1 80.421256 80.959209
1 74.446837 74.947494
1 16.078399 16.575582
1 44.737063 45.232325
1 54.592958 55.044987
1 43.828288 44.260391
1 72.529992 72.958942
1 33.173225 33.602067
1 64.298605 64.716402
1 54.185528 54.600392
1 52.020072 52.415853
1 13.326236 13.715336
1 34.620087 34.990587
1 23.747374 24.087618
1 38.409695 38.703939
1 43.911874 44.162541
1 60.195511 60.415204
1 67.037945 67.238959
1 82.608144 82.795732
1 80.720981 80.884157
1 40.700929 40.857011
1 84.112120 84.238374
1 116.681861 116.769728
1 59.309715 59.396514
1 68.164430 68.247346
1 38.820863 38.889783
1 57.343460 57.412115
1 74.677565 74.733650
1 44.578226 44.623037
1 40.930753 40.969232
1 31.408931 31.446894
1 59.090148 59.126088
1 71.532223 71.552287
1 38.667528 38.684637
1 37.963657 37.974690
1 75.328347 75.338472
1 43.302571 43.310307
1 32.198715 32.200356
0 0.000000 inf
0 0.000000 59.474743
0 0.000000 48.702433
0 0.000000 48.283836
0 0.000000 48.220873
0 0.000000 44.175539
0 0.000000 44.044519
0 0.000000 43.106421
0 0.000000 38.347663
0 0.000000 38.293075
0 0.000000 38.069894
0 0.000000 37.767155
0 0.000000 37.653222
0 0.000000 37.383614
0 0.000000 35.812765
0 0.000000 35.614577
0 0.000000 35.605591
0 0.000000 35.489792
0 0.000000 35.129420
0 0.000000 34.171186
0 0.000000 34.017315
0 0.000000 33.919602
0 0.000000 33.489272
0 0.000000 33.342190
0 0.000000 32.862524
0 0.000000 32.503381
0 0.000000 32.296973
0 0.000000 31.988254
0 0.000000 31.885023
0 0.000000 31.859115
0 0.000000 31.833047
0 0.000000 31.620833
0 0.000000 31.427887
0 0.000000 31.344467
0 0.000000 31.342865
0 0.000000 31.330004
0 0.000000 31.157903
0 0.000000 30.954998
0 0.000000 30.645104
0 0.000000 30.483178
0 0.000000 30.467948
0 0.000000 29.855979
0 0.000000 29.798651
0 0.000000 29.778999
0 0.000000 29.684632
0 0.000000 29.371172
0 0.000000 29.265885
0 0.000000 29.161982
0 0.000000 29.123501
0 0.000000 28.726766
0 0.000000 28.704596
0 0.000000 28.541145
0 0.000000 28.311308
0 0.000000 28.226829
0 0.000000 28.220777
0 0.000000 28.139377
0 0.000000 27.984579
0 0.000000 27.978455
0 0.000000 27.589517
0 0.000000 27.574073
0 0.000000 27.567278
0 0.000000 27.560462
0 0.000000 27.406372
0 0.000000 27.197695
0 0.000000 26.872266
0 0.000000 26.656520
0 0.000000 26.626203
0 0.000000 26.612677
0 0.000000 26.572923
0 0.000000 26.082966
0 0.000000 25.996191
0 0.000000 25.944513
0 0.000000 25.662165
0 0.000000 25.578090
0 0.000000 25.576307
0 0.000000 25.514595
0 0.000000 25.501469
0 0.000000 25.457735
0 0.000000 25.405295
0 0.000000 25.324806
0 0.000000 25.244408
0 0.000000 25.099075
0 0.000000 24.961719
0 0.000000 24.789163
0 0.000000 24.683568
0 0.000000 24.500566
0 0.000000 24.449411
0 0.000000 24.437121
0 0.000000 24.332961
0 0.000000 24.291560
0 0.000000 24.040327
0 0.000000 24.011244
0 0.000000 23.965917
0 0.000000 23.903302
0 0.000000 23.892762
0 0.000000 23.828422
0 0.000000 23.804553
0 0.000000 23.553909
0 0.000000 23.340769
0 0.000000 23.309649
0 0.000000 23.245213
0 0.000000 23.236117
0 0.000000 22.954534
0 0.000000 22.688415
0 0.000000 22.467111
0 0.000000 22.417239
0 0.000000 22.302166
0 0.000000 22.230037
0 0.000000 22.097724
0 0.000000 21.995435
0 0.000000 21.979363
0 0.000000 21.921058
0 0.000000 21.891379
0 0.000000 21.853740
0 0.000000 21.638052
0 0.000000 21.589244
0 0.000000 21.559607
0 0.000000 21.216570
0 0.000000 21.212247
0 0.000000 20.956764
0 0.000000 20.719097
0 0.000000 20.705999
0 0.000000 20.692126
0 0.000000 20.530116
0 0.000000 20.485333
0 0.000000 20.455007
0 0.000000 20.441996
0 0.000000 20.391376
0 0.000000 20.388234
0 0.000000 19.958703
0 0.000000 19.937407
0 0.000000 19.919156
0 0.000000 19.822447
0 0.000000 19.636671
0 0.000000 19.391744
0 0.000000 19.182253
0 0.000000 19.091505
0 0.000000 19.079056
0 0.000000 18.770879
0 0.000000 18.554986
0 0.000000 18.480589
0 0.000000 18.446519
0 0.000000 18.380066
0 0.000000 18.301728
0 0.000000 18.283335
0 0.000000 18.181282
0 0.000000 18.076142
0 0.000000 17.983467
0 0.000000 17.895511
0 0.000000 17.601133
0 0.000000 17.552027
0 0.000000 17.512171
0 0.000000 17.402592
0 0.000000 17.361674
0 0.000000 16.974363
0 0.000000 16.932823
0 0.000000 16.657710
0 0.000000 16.626206
0 0.000000 16.258240
0 0.000000 16.197633
0 0.000000 16.177247
0 0.000000 16.125998
0 0.000000 16.054998
0 0.000000 15.290580
0 0.000000 15.243094
0 0.000000 15.162267
0 0.000000 14.835095
0 0.000000 14.671676
0 0.000000 14.016744
0 0.000000 13.680848
0 0.000000 13.450379
0 0.000000 12.998165
0 0.000000 12.791205
0 0.000000 12.236765
0 0.000000 11.784722
0 0.000000 11.717234
0 0.000000 11.383654
0 0.000000 10.633452
0 0.000000 10.460281
0 0.000000 9.470159
0 0.000000 8.127779
0 0.000000 7.472761
0 0.000000 6.769535
0 0.000000 6.061298
0 0.000000 5.926657
0 0.000000 5.715717
0 0.000000 5.069354
