1 57.090978 inf
1 36.956162 109.462975
1 51.391724 114.468455
1 50.051853 108.704055
1 46.929999 104.191047
1 37.078286 92.097438
1 39.226635 93.570332
1 45.079079 95.372849
1 38.010068 86.225909
1 36.829451 84.293582
1 38.631795 84.207160
1 41.939882 86.449963
1 45.210364 89.112266
1 36.903751 80.492966
1 39.834023 82.337916
1 45.302594 86.716368
1 39.503691 80.553452
1 44.063105 84.549162
1 39.825125 80.222409
1 58.153335 94.853692
1 41.959547 78.320354
1 44.771321 80.064818
1 57.984444 93.148450
1 40.064655 74.757942
1 31.902606 65.538683
1 47.547730 79.567183
1 56.122485 87.633773
1 48.430581 79.648510
1 45.337138 76.123654
1 45.158292 75.869480
1 70.100404 100.748496
1 42.326080 72.472211
1 40.454670 70.349382
1 40.376441 70.099485
1 69.301574 98.971484
1 50.783850 79.017250
1 48.801293 76.487237
1 59.196383 86.807418
1 41.742504 68.926066
1 42.446828 69.565927
1 39.975013 66.797395
1 45.792178 71.745332
1 34.911226 60.038317
1 70.572200 95.482584
1 48.489248 73.199202
1 64.743498 88.858504
1 45.610262 68.744314
1 45.274837 68.290031
1 54.845641 77.636442
1 47.460227 69.346464
1 49.567344 70.195445
1 58.065921 78.563559
1 55.024224 75.394537
1 38.217373 58.309787
1 52.059623 72.000014
1 54.950524 74.651563
1 44.370850 64.009727
1 38.436245 57.109475
1 53.704744 71.753479
1 41.671076 59.072490
1 38.850297 55.876817
1 73.745450 90.769701
1 40.369492 57.385705
1 45.900217 62.889108
1 42.508730 59.334244
1 40.395269 57.171387
1 50.158027 66.831415
1 58.589318 75.131479
1 38.844556 55.034346
1 29.774503 45.395676
1 74.044507 88.869198
1 62.730654 77.475819
1 50.567470 65.194816
1 50.551754 64.675922
1 60.710479 74.709126
1 49.709674 63.648117
1 51.365590 65.148853
1 36.996783 50.717069
1 33.494403 47.126708
1 46.618543 60.118090
1 37.247627 50.621146
1 31.553498 44.493900
1 23.082197 35.562825
1 40.747019 53.171692
1 101.643216 112.777576
1 41.101139 52.173624
1 56.066178 67.020548
1 24.605772 35.188744
1 59.106382 69.637034
1 38.419226 48.359315
1 51.900768 61.570500
1 55.919434 65.549064
1 48.021394 57.629053
1 54.596835 64.159299
1 41.340730 50.849310
1 33.258700 42.756012
1 55.606624 64.971310
1 57.238665 66.467374
1 36.408289 45.567640
1 39.861106 48.977964
1 46.824327 55.890740
1 58.367634 67.400720
1 41.613528 50.383667
1 43.618526 52.281341
1 61.364313 69.990301
1 73.640776 82.253265
1 77.783783 86.328683
1 33.556633 42.053166
1 72.917456 81.377275
1 41.443134 49.893653
1 41.253444 49.573165
1 51.976072 60.123826
1 30.243650 38.279286
1 65.463968 73.451560
1 47.264719 55.052197
1 38.855486 46.611168
1 44.856658 52.427212
1 49.681043 57.008993
1 49.703628 56.988985
1 57.585054 64.789858
1 40.101399 47.237207
1 46.987844 54.097046
1 54.707878 61.706146
1 60.935771 67.930456
1 29.334231 36.186184
1 37.564856 44.386929
1 37.979686 44.559130
1 39.600158 46.123379
1 54.680847 61.030111
1 62.267235 68.612673
1 37.056367 43.132825
1 41.765143 47.800311
1 41.222478 47.157687
1 49.125924 54.811471
1 48.477088 54.016229
1 51.596202 57.017284
1 32.566886 37.835244
1 61.327393 66.326869
1 71.981659 76.975614
1 42.573174 47.555404
1 64.897210 69.402406
1 52.460576 56.921133
1 76.538816 80.982949
1 63.220982 67.629760
1 60.025446 64.424367
1 63.182912 67.567419
1 74.456140 78.661023
1 45.848911 50.019946
1 37.548208 41.661572
1 25.202097 29.313961
1 74.967954 78.967253
1 34.226347 38.204405
1 41.527583 45.279451
1 54.334850 57.896116
1 32.652637 36.112119
1 45.608758 49.061474
1 67.225120 70.634662
1 66.263287 69.645582
1 44.874789 48.122275
1 49.948249 53.178346
1 38.566173 41.761695
1 37.456180 40.461694
1 86.076734 89.037796
1 44.388171 47.329101
1 69.499130 72.427335
1 54.451175 57.327449
1 58.563691 61.389637
1 88.490463 91.213306
1 51.899601 54.492274
1 34.990748 37.579773
1 65.434933 68.008699
1 52.530232 55.095816
1 31.946768 34.412804
1 44.863927 47.306377
1 62.071436 64.485341
1 43.209500 45.622903
1 47.306575 49.666230
1 42.198080 44.421140
1 47.671380 49.873365
1 78.710208 80.869739
1 26.270333 28.399335
1 68.380136 70.504861
1 30.800540 32.871546
1 46.661755 48.693575
1 53.728487 55.737104
1 52.702410 54.502485
1 66.772036 68.519843
1 43.731651 45.392013
1 60.979347 62.593947
1 48.059425 49.666752
1 40.428500 42.028336
1 56.716537 58.297501
1 36.468239 38.048028
1 32.533439 34.034361
1 45.360408 46.855389
1 27.016624 28.503998
1 33.515275 34.985737
1 47.522476 48.965635
1 35.861416 37.255518
1 56.908018 58.290753
1 35.917025 37.264420
1 43.471778 44.797686
1 40.833387 42.149923
1 55.982357 57.247483
1 61.235410 62.434750
1 72.640797 73.734634
1 69.550808 70.620728
1 33.566959 34.599133
1 57.848138 58.874795
1 38.071021 39.050108
1 58.400983 59.364687
1 38.665347 39.571040
1 43.854642 44.751290
1 38.116248 38.989352
1 85.279154 86.118077
1 62.815416 63.616346
1 41.123622 41.917289
1 73.461666 74.208015
1 88.050336 88.781748
1 50.175727 50.904175
1 49.027902 49.755347
1 46.406129 47.097954
1 72.835158 73.489814
1 63.238011 63.860389
1 46.438600 47.044108
1 44.432458 45.035796
1 49.847993 50.417054
1 61.373539 61.941749
1 49.415433 49.973712
1 110.808907 111.339338
1 60.560244 61.077336
1 38.085574 38.558186
1 46.761139 47.230847
1 52.671008 53.121612
1 58.968619 59.407775
1 65.545602 65.969675
1 82.128041 82.514897
1 88.805789 89.163678
1 52.253831 52.609823
1 90.109958 90.456720
1 54.124707 54.469354
1 48.103410 48.423495
1 55.188670 55.490983
1 80.275729 80.478653
1 66.387808 66.545989
1 45.308205 45.437012
1 59.414080 59.491811
1 86.719886 86.771603
1 77.746469 77.780949
1 49.483977 49.510265
1 38.359362 38.372776
1 54.856611 54.869516
1 49.126005 49.135914
0 0.000000 inf
0 0.000000 54.010964
0 0.000000 48.566822
0 0.000000 47.441178
0 0.000000 47.266130
0 0.000000 43.740381
0 0.000000 42.667824
0 0.000000 41.738920
0 0.000000 40.793205
0 0.000000 40.226996
0 0.000000 40.223447
0 0.000000 40.153902
0 0.000000 39.730337
0 0.000000 39.441806
0 0.000000 39.342408
0 0.000000 38.907446
0 0.000000 38.821996
0 0.000000 38.675383
0 0.000000 38.484781
0 0.000000 38.379006
0 0.000000 37.195688
0 0.000000 37.060123
0 0.000000 36.994904
0 0.000000 36.543828
0 0.000000 36.468577
0 0.000000 36.408607
0 0.000000 36.286453
0 0.000000 35.758115
0 0.000000 35.728147
0 0.000000 35.422634
0 0.000000 35.357088
0 0.000000 35.043015
0 0.000000 34.987671
0 0.000000 34.956236
0 0.000000 34.894946
0 0.000000 34.810768
0 0.000000 34.696721
0 0.000000 34.458516
0 0.000000 34.424133
0 0.000000 34.354459
0 0.000000 34.242457
0 0.000000 34.082886
0 0.000000 34.075171
0 0.000000 33.930667
0 0.000000 33.874098
0 0.000000 33.740711
0 0.000000 33.556869
0 0.000000 33.467938
0 0.000000 33.383357
0 0.000000 33.236589
0 0.000000 33.095216
0 0.000000 33.012671
0 0.000000 32.756694
0 0.000000 32.478805
0 0.000000 32.409228
0 0.000000 32.082137
0 0.000000 32.054591
0 0.000000 32.045270
0 0.000000 31.989856
0 0.000000 31.937173
0 0.000000 31.903014
0 0.000000 31.847312
0 0.000000 31.782947
0 0.000000 31.664521
0 0.000000 31.516247
0 0.000000 31.386687
0 0.000000 31.380304
0 0.000000 31.197971
0 0.000000 31.082889
0 0.000000 31.074077
0 0.000000 31.044650
0 0.000000 30.960463
0 0.000000 30.953316
0 0.000000 30.940054
0 0.000000 30.754197
0 0.000000 30.691126
0 0.000000 30.667664
0 0.000000 30.665899
0 0.000000 30.660027
0 0.000000 30.568529
0 0.000000 30.293310
0 0.000000 30.212586
0 0.000000 30.194277
0 0.000000 30.078973
0 0.000000 29.954964
0 0.000000 29.843089
0 0.000000 29.841162
0 0.000000 29.584645
0 0.000000 29.571212
0 0.000000 29.567350
0 0.000000 29.554455
0 0.000000 29.485893
0 0.000000 29.440491
0 0.000000 29.420867
0 0.000000 29.261087
0 0.000000 29.148453
0 0.000000 28.960732
0 0.000000 28.946452
0 0.000000 28.870600
0 0.000000 28.592262
0 0.000000 28.556242
0 0.000000 28.406590
0 0.000000 28.336587
0 0.000000 28.198616
0 0.000000 28.089556
0 0.000000 28.039378
0 0.000000 27.791680
0 0.000000 27.578263
0 0.000000 27.491628
0 0.000000 27.444548
0 0.000000 27.117484
0 0.000000 27.090048
0 0.000000 26.813881
0 0.000000 26.799906
0 0.000000 26.776819
0 0.000000 26.538548
0 0.000000 26.537831
0 0.000000 26.421016
0 0.000000 26.352260
0 0.000000 26.335285
0 0.000000 26.245785
0 0.000000 26.176260
0 0.000000 26.112926
0 0.000000 26.089879
0 0.000000 26.008228
0 0.000000 25.716920
0 0.000000 25.563574
0 0.000000 25.559553
0 0.000000 25.496277
0 0.000000 25.389433
0 0.000000 25.290474
0 0.000000 25.140344
0 0.000000 25.049842
0 0.000000 24.921699
0 0.000000 24.751645
0 0.000000 24.586622
0 0.000000 24.388791
0 0.000000 24.383325
0 0.000000 24.240608
0 0.000000 24.121137
0 0.000000 23.915651
0 0.000000 23.880944
0 0.000000 23.677037
0 0.000000 23.319659
0 0.000000 23.281692
0 0.000000 23.184376
0 0.000000 23.013383
0 0.000000 22.922024
0 0.000000 22.822459
0 0.000000 22.638065
0 0.000000 22.621120
0 0.000000 22.589896
0 0.000000 22.393188
0 0.000000 22.386403
0 0.000000 21.761661
0 0.000000 21.615091
0 0.000000 21.476596
0 0.000000 20.924047
0 0.000000 20.811164
0 0.000000 20.761226
0 0.000000 20.112159
0 0.000000 19.996939
0 0.000000 19.499971
0 0.000000 19.187823
0 0.000000 19.122947
0 0.000000 19.054314
0 0.000000 18.926433
0 0.000000 18.543569
0 0.000000 18.250261
0 0.000000 18.155246
0 0.000000 17.901101
0 0.000000 17.699288
0 0.000000 17.399782
0 0.000000 17.344529
0 0.000000 16.703644
0 0.000000 16.519848
0 0.000000 16.326514
0 0.000000 16.154223
0 0.000000 16.142549
0 0.000000 16.126046
0 0.000000 15.097090
0 0.000000 14.779658
0 0.000000 14.294272
0 0.000000 14.097476
0 0.000000 13.587631
0 0.000000 12.904846
0 0.000000 6.253625
