1 27.085360 57.664355
1 28.059337 58.058190
1 25.360456 54.382184
1 24.320272 51.505908
1 25.961483 52.920128
1 27.463090 53.393930
1 22.242765 47.304748
1 27.527921 51.444776
1 22.907647 45.611956
1 27.753900 49.479437
1 34.474472 55.393759
1 28.648590 48.755213
1 28.564499 48.619015
1 24.487254 44.348321
1 25.629361 45.091123
1 28.000844 47.218262
1 24.414880 43.618393
1 27.909372 47.077704
1 31.815895 50.866123
1 27.355413 46.264985
1 29.864349 48.696555
1 28.707399 47.482132
1 26.193398 44.581527
1 31.637402 49.944117
1 29.941494 48.043645
1 36.211951 54.195012
1 21.901195 39.847599
1 25.134800 42.462090
1 24.703525 40.959975
1 26.962686 41.774914
1 27.854308 42.657528
1 34.632110 48.870196
1 29.420718 43.558067
1 34.798025 48.597664
1 31.960486 45.741382
1 30.943791 44.452234
1 22.880033 36.027619
1 22.837373 35.525620
1 32.803708 45.232778
1 29.003822 41.412771
1 22.113905 34.380893
1 26.723394 38.896566
1 27.018672 39.161250
1 30.067763 42.021633
1 24.611936 35.947836
1 27.674270 38.842337
1 37.042581 48.178249
1 23.945890 35.031685
1 32.364869 43.273879
1 30.495146 41.169735
1 30.570807 40.915825
1 29.752845 40.063790
1 34.963964 45.197303
1 33.085862 43.144953
1 27.728840 37.440125
1 27.361470 37.045705
1 22.554901 32.150302
1 31.683622 40.865551
1 36.291363 45.444877
1 35.592381 44.725562
1 29.031818 38.082609
1 29.140710 38.183900
1 29.024802 37.884476
1 21.626990 30.447317
1 31.446189 40.213872
1 29.607922 38.364410
1 28.960611 37.646316
1 25.643903 34.257680
1 24.671270 33.211994
1 31.557303 40.090259
1 25.089237 33.601663
1 28.880039 37.315155
1 29.137952 37.489211
1 32.054586 40.303993
1 27.258288 35.478018
1 33.781362 41.989224
1 30.120329 38.219125
1 23.406168 31.272255
1 26.086529 33.914860
1 29.564622 37.297164
1 27.538192 35.207225
1 32.567692 40.165530
1 34.090036 41.438808
1 26.474852 33.602122
1 32.536783 39.518206
1 35.935839 42.808803
1 21.690355 28.396491
1 33.032628 39.679420
1 29.894349 36.472978
1 33.061291 39.529376
1 35.073521 41.438687
1 35.720805 42.051923
1 21.670138 27.877622
1 30.319607 36.448607
1 38.104582 44.126221
1 39.710976 45.721557
1 31.390126 37.393842
1 31.575397 37.334997
1 28.021846 33.727336
1 23.973876 29.675596
1 25.636390 31.327013
1 21.699192 27.327160
1 34.938469 40.444181
1 27.645803 33.086908
1 31.652688 37.089659
1 27.396869 32.807642
1 36.162078 41.553794
1 28.020969 33.386585
1 31.914605 37.249720
1 34.682247 39.951021
1 42.771282 47.781098
1 37.372173 42.318364
1 37.792818 42.647296
1 35.338839 40.192913
1 30.803945 35.580278
1 31.849679 36.621048
1 32.943599 37.558905
1 30.613152 35.222199
1 41.673959 46.270636
1 33.272635 37.828324
1 36.820272 41.364650
1 27.184743 31.659643
1 23.966815 28.394421
1 31.396792 35.738351
1 29.085404 33.413650
1 31.079451 35.328767
1 22.232812 26.480906
1 40.185480 44.398283
1 37.484236 41.654578
1 30.847997 34.927268
1 27.970100 32.004801
1 26.486332 30.430690
1 26.621650 30.444224
1 25.096779 28.821669
1 21.741695 25.099553
1 30.071923 33.420597
1 33.481952 36.702391
1 40.687824 43.898292
1 33.180757 36.334196
1 36.552519 39.686256
1 14.770815 17.806227
1 34.752906 37.787367
1 30.778780 33.727687
1 23.852148 26.796269
1 30.356739 33.243664
1 35.847814 38.706494
1 33.919744 36.742849
1 26.968375 29.726334
1 22.759537 25.509489
1 31.440238 34.034664
1 40.018778 42.572264
1 28.950437 31.446332
1 27.597862 30.086764
1 15.674074 18.139608
1 40.807237 43.268723
1 28.464461 30.923857
1 24.587525 27.021019
1 28.946914 31.333296
1 27.470281 29.823518
1 29.212401 31.554558
1 33.036047 35.334635
1 22.018697 24.300291
1 36.596127 38.837984
1 31.443429 33.508271
1 23.293080 25.349903
1 42.478080 44.519423
1 27.301651 29.252930
1 27.221690 29.062070
1 25.948294 27.767106
1 28.277813 30.041816
1 32.186801 33.949292
1 22.127685 23.850873
1 30.769810 32.472448
1 32.460947 34.102010
1 36.556348 38.176798
1 37.147572 38.710031
1 44.322324 45.884445
1 27.283043 28.819719
1 27.422987 28.955274
1 23.265595 24.741398
1 23.793473 25.259096
1 32.729145 34.182324
1 28.521984 29.944612
1 29.363624 30.755127
1 27.411696 28.800832
1 26.954245 28.335744
1 32.879264 34.226705
1 28.520471 29.806165
1 28.927874 30.193900
1 33.910220 35.173212
1 34.127345 35.370456
1 37.265151 38.498037
1 36.077967 37.292022
1 41.402245 42.606267
1 40.088216 41.273130
1 26.056769 27.226835
1 29.510731 30.632636
1 41.158864 42.252617
1 47.935528 48.994691
1 39.895845 40.940597
1 41.760157 42.797306
1 26.305002 27.337320
1 31.910430 32.935336
1 35.553519 36.564162
1 23.980771 24.978393
1 28.129784 29.103615
1 46.484389 47.452635
1 28.044980 28.984280
1 29.623518 30.556027
1 26.311557 27.227140
1 27.946341 28.848675
1 36.590667 37.485361
1 34.706030 35.564216
1 35.022231 35.874436
1 43.705237 44.550433
1 37.028128 37.863557
1 39.488128 40.319542
1 33.842147 34.668459
1 27.309339 28.133350
1 34.063305 34.881449
1 19.110370 19.873340
1 25.762902 26.510179
1 26.153541 26.880361
1 36.652266 37.333789
1 32.873407 33.540343
1 32.089152 32.753731
1 25.396097 26.057391
1 37.050374 37.708002
1 46.290638 46.930190
1 45.576511 46.200629
1 32.224486 32.790887
1 49.882094 50.435951
1 27.129192 27.674431
1 25.784786 26.319679
1 24.841466 25.373202
1 33.084096 33.593964
1 34.186388 34.672828
1 26.890996 27.370086
1 31.817791 32.296319
1 30.468574 30.902764
1 23.003532 23.433387
1 30.961824 31.385130
1 31.501667 31.919951
1 25.536972 25.946256
1 32.852695 33.249549
1 41.058056 41.448193
1 30.586663 30.970950
1 43.833528 44.208840
1 45.943979 46.264122
1 30.241419 30.550011
1 31.812643 32.101989
1 30.966913 31.254006
1 35.601088 35.885881
1 31.017955 31.287784
1 33.886975 34.143419
1 33.148960 33.361823
1 38.001315 38.192644
1 34.594173 34.750142
1 33.616325 33.756188
1 48.346699 48.473471
1 42.907205 43.031517
1 33.459061 33.579448
1 38.227119 38.346408
1 27.213736 27.312879
1 38.829812 38.869495
1 21.904471 21.928572
1 37.353732 37.366807
1 36.288815 36.301620
1 33.138891 33.151394
1 46.774744 46.787192
1 37.090409 37.102761
1 45.572935 45.578188
0 0.000000 inf
0 0.000000 31.928820
0 0.000000 30.885125
0 0.000000 29.541443
0 0.000000 29.484784
0 0.000000 28.696751
0 0.000000 28.102762
0 0.000000 26.968789
0 0.000000 26.653480
0 0.000000 26.468893
0 0.000000 26.454410
0 0.000000 26.137773
0 0.000000 25.902414
0 0.000000 25.839217
0 0.000000 25.826394
0 0.000000 25.773431
0 0.000000 25.338855
0 0.000000 24.789874
0 0.000000 24.637858
0 0.000000 24.592799
0 0.000000 24.497755
0 0.000000 24.433553
0 0.000000 24.351560
0 0.000000 24.240129
0 0.000000 24.218855
0 0.000000 24.141316
0 0.000000 24.053219
0 0.000000 24.032426
0 0.000000 23.967898
0 0.000000 23.931945
0 0.000000 23.840595
0 0.000000 23.821206
0 0.000000 23.786335
0 0.000000 23.714896
0 0.000000 23.665835
0 0.000000 23.646425
0 0.000000 23.643668
0 0.000000 23.640521
0 0.000000 23.584874
0 0.000000 23.529717
0 0.000000 23.352595
0 0.000000 23.233236
0 0.000000 23.232501
0 0.000000 23.089315
0 0.000000 23.066114
0 0.000000 23.006049
0 0.000000 22.929017
0 0.000000 22.926935
0 0.000000 22.908440
0 0.000000 22.898286
0 0.000000 22.766987
0 0.000000 22.754346
0 0.000000 22.715738
0 0.000000 22.675037
0 0.000000 22.634238
0 0.000000 22.542401
0 0.000000 22.520148
0 0.000000 22.452678
0 0.000000 22.377098
0 0.000000 22.344903
0 0.000000 22.326673
0 0.000000 22.315798
0 0.000000 22.311409
0 0.000000 22.298617
0 0.000000 22.195369
0 0.000000 22.151526
0 0.000000 22.080423
0 0.000000 22.068840
0 0.000000 22.019931
0 0.000000 22.007547
0 0.000000 21.930937
0 0.000000 21.917584
0 0.000000 21.877618
0 0.000000 21.860816
0 0.000000 21.785098
0 0.000000 21.643571
0 0.000000 21.629894
0 0.000000 21.535566
0 0.000000 21.468516
0 0.000000 21.383158
0 0.000000 21.331426
0 0.000000 21.301943
0 0.000000 21.278397
0 0.000000 21.184717
0 0.000000 21.140054
0 0.000000 21.045195
0 0.000000 21.039477
0 0.000000 20.965359
0 0.000000 20.905505
0 0.000000 20.879622
0 0.000000 20.783492
0 0.000000 20.779057
0 0.000000 20.756123
0 0.000000 20.707573
0 0.000000 20.698716
0 0.000000 20.623772
0 0.000000 20.513189
0 0.000000 20.477481
0 0.000000 20.448221
0 0.000000 20.305922
0 0.000000 20.297985
0 0.000000 20.297609
0 0.000000 20.272649
0 0.000000 20.264559
0 0.000000 20.198514
0 0.000000 20.193229
0 0.000000 20.141215
0 0.000000 20.037308
0 0.000000 19.939066
0 0.000000 19.820569
0 0.000000 19.811415
0 0.000000 19.802583
0 0.000000 19.622333
0 0.000000 19.561982
0 0.000000 19.526336
0 0.000000 19.470405
0 0.000000 19.461928
0 0.000000 19.425990
0 0.000000 19.277608
0 0.000000 19.154142
0 0.000000 19.122706
0 0.000000 19.106973
0 0.000000 19.078607
0 0.000000 18.958074
0 0.000000 18.920368
0 0.000000 18.803969
0 0.000000 18.766023
0 0.000000 18.712932
0 0.000000 18.695522
0 0.000000 18.616867
0 0.000000 18.553977
0 0.000000 18.501522
0 0.000000 18.487536
0 0.000000 18.409052
0 0.000000 18.399504
0 0.000000 18.349923
0 0.000000 18.249138
0 0.000000 18.247857
0 0.000000 18.066302
0 0.000000 18.056838
0 0.000000 18.044585
0 0.000000 18.025236
0 0.000000 18.022071
0 0.000000 17.961529
0 0.000000 17.852076
0 0.000000 17.790780
0 0.000000 17.609162
0 0.000000 17.607879
0 0.000000 17.483366
0 0.000000 17.293059
0 0.000000 17.155413
0 0.000000 17.098438
0 0.000000 17.029891
0 0.000000 17.014344
0 0.000000 16.810800
0 0.000000 16.701341
0 0.000000 16.576001
0 0.000000 16.131028
0 0.000000 15.927353
0 0.000000 15.871712
0 0.000000 15.749325
0 0.000000 15.590831
0 0.000000 15.578724
0 0.000000 15.350816
0 0.000000 15.209118
0 0.000000 15.075404
0 0.000000 14.897870
0 0.000000 14.702559
0 0.000000 14.623798
0 0.000000 14.543048
0 0.000000 14.406575
0 0.000000 14.300266
0 0.000000 14.006734
0 0.000000 13.438572
0 0.000000 13.434291
0 0.000000 13.301857
0 0.000000 13.167362
0 0.000000 13.120490
0 0.000000 13.025885
0 0.000000 12.773373
0 0.000000 12.747434
0 0.000000 12.635478
0 0.000000 12.471234
0 0.000000 12.267474
0 0.000000 10.663749
0 0.000000 10.504243
0 0.000000 9.090173
