1 21.679500 inf
1 27.610023 54.543268
1 23.495961 46.118601
1 21.131059 43.307216
1 24.667796 46.351792
1 21.542497 42.944766
1 21.971648 43.249898
1 26.241257 47.134484
1 25.544482 45.985294
1 22.160305 40.142660
1 28.155234 45.921371
1 25.429760 41.616033
1 23.089180 38.971475
1 25.986905 41.660224
1 18.309621 33.600518
1 21.712052 36.302281
1 25.508052 40.024048
1 21.658291 35.928936
1 24.610701 38.820567
1 18.611336 32.756584
1 33.247183 46.608328
1 29.088376 42.245404
1 23.266287 36.130430
1 30.798469 43.398141
1 28.612042 41.140205
1 24.212311 36.543239
1 36.184698 48.113627
1 30.045440 41.865075
1 20.285180 31.619002
1 22.014215 33.215813
1 28.163768 39.353340
1 19.901247 30.997238
1 21.309913 32.049017
1 28.963483 39.509854
1 22.864018 33.124253
1 24.063134 34.293356
1 19.824136 29.860126
1 20.415885 30.369860
1 22.353867 32.278933
1 25.401428 35.263193
1 31.282948 40.922019
1 24.968260 34.518135
1 20.767390 30.265212
1 18.938969 28.190293
1 34.608400 43.685421
1 28.207085 37.201665
1 23.587177 32.566778
1 28.216028 37.111708
1 31.522463 40.163492
1 27.634992 36.137782
1 31.106610 39.596209
1 22.655331 31.073047
1 20.299226 28.527497
1 21.926193 30.147276
1 14.933360 23.083309
1 24.264967 32.380326
1 25.886794 33.923930
1 29.078986 37.056982
1 13.530591 21.438029
1 28.823053 36.721323
1 20.439755 28.238781
1 20.351545 28.128752
1 23.094663 30.851818
1 32.365423 40.013281
1 23.760179 31.209114
1 20.457570 27.852514
1 27.798067 35.020414
1 22.216029 29.325090
1 29.845198 36.926929
1 22.836029 29.909744
1 30.477186 37.370277
1 24.147636 30.952856
1 21.971954 28.757767
1 32.209890 38.770673
1 31.666617 38.170509
1 20.948009 27.367892
1 26.433636 32.692163
1 25.822051 31.948671
1 22.428014 28.544352
1 26.224999 32.299780
1 29.850298 35.769232
1 25.233170 31.135219
1 31.578364 37.236392
1 25.875646 31.415908
1 21.289003 26.753705
1 22.355592 27.684301
1 22.702338 28.021279
1 22.000261 27.292741
1 24.579851 29.811870
1 26.310922 31.446638
1 24.959023 30.045989
1 26.987148 31.993262
1 26.662110 31.639382
1 26.794386 31.679947
1 30.590031 35.453290
1 28.714403 33.309811
1 26.635677 31.182690
1 18.974727 23.502815
1 22.268824 26.742221
1 20.893542 25.336849
1 24.813940 29.252594
1 24.513705 28.934800
1 25.152596 29.566771
1 26.116442 30.486528
1 23.115508 27.464248
1 20.327900 24.558093
1 18.737789 22.913135
1 25.029908 29.071363
1 21.833276 25.813464
1 34.545714 38.485211
1 19.121459 22.907963
1 24.035650 27.792782
1 26.220471 29.963543
1 21.684248 25.422977
1 28.230621 31.949817
1 21.684568 25.321932
1 23.566515 27.196161
1 25.471170 29.043314
1 20.934294 24.501258
1 26.543301 30.086399
1 23.688746 27.144666
1 24.261654 27.665442
1 25.649617 29.044445
1 22.994060 26.385238
1 23.879813 27.243769
1 33.783682 37.111322
1 31.519244 34.774708
1 23.145727 26.347412
1 25.252023 28.429838
1 29.237977 32.390596
1 21.541236 24.660214
1 18.800665 21.850293
1 32.273955 35.264523
1 24.843322 27.790779
1 20.350680 23.279562
1 27.376579 30.268509
1 20.578970 23.466236
1 16.690973 19.531467
1 34.028680 36.845228
1 21.339137 24.092299
1 26.723630 29.464035
1 22.333521 24.885103
1 24.832202 27.381928
1 26.817525 29.317362
1 31.718759 34.218231
1 30.586388 33.076431
1 31.414193 33.885048
1 33.998931 36.458547
1 22.048290 24.494108
1 21.481976 23.898249
1 31.414385 33.814705
1 18.995460 21.389171
1 30.358468 32.748290
1 20.983685 23.350617
1 22.705184 25.068009
1 18.337800 20.677555
1 20.219910 22.527141
1 27.110847 29.363787
1 29.309487 31.496043
1 25.585494 27.717118
1 39.108783 41.207820
1 21.383379 23.474535
1 24.183743 26.240415
1 33.736960 35.791831
1 18.147840 20.156609
1 30.780409 32.754661
1 20.935306 22.848061
1 24.050727 25.924807
1 30.881962 32.731203
1 18.646093 20.462461
1 23.514751 25.284549
1 41.073121 42.839831
1 25.964302 27.701693
1 38.388809 40.119191
1 23.083101 24.805888
1 31.760927 33.465421
1 27.221017 28.918056
1 23.855908 25.550291
1 19.386165 21.069872
1 19.883374 21.483683
1 25.594324 27.180246
1 31.968476 33.534830
1 29.360351 30.904601
1 21.242022 22.750536
1 22.084399 23.591769
1 31.518232 33.006832
1 28.821606 30.284272
1 26.755917 28.218167
1 26.171032 27.625629
1 20.602970 22.049295
1 32.714671 34.123364
1 32.806223 34.174083
1 23.864309 25.205103
1 33.682744 34.958635
1 25.179301 26.444978
1 24.162231 25.413009
1 23.608631 24.818434
1 20.085852 21.281969
1 35.961139 37.152922
1 26.458177 27.646172
1 25.105655 26.293601
1 25.370665 26.523757
1 25.332675 26.483338
1 23.147016 24.200576
1 16.474274 17.527295
1 29.620452 30.655815
1 28.154360 29.188513
1 32.678390 33.655936
1 29.885748 30.844129
1 36.703204 37.651366
1 28.397184 29.314393
1 29.970895 30.843950
1 19.381188 20.247085
1 38.960394 39.809529
1 30.194585 31.005836
1 38.466699 39.269790
1 30.072785 30.864158
1 27.219438 27.999174
1 20.523353 21.242079
1 20.231702 20.948696
1 27.891310 28.603860
1 27.706875 28.417343
1 32.297977 33.003111
1 34.210561 34.914248
1 41.509973 42.199839
1 23.821271 24.481642
1 35.320505 35.971404
1 26.386790 27.035620
1 28.860459 29.504247
1 11.930423 12.559097
1 28.146376 28.763439
1 28.455238 29.065560
1 29.628314 30.213752
1 14.655303 15.237623
1 22.373350 22.944775
1 29.077973 29.631879
1 32.438490 32.989200
1 24.943379 25.490337
1 18.579452 19.111596
1 27.051523 27.571606
1 31.222893 31.690470
1 26.995373 27.449071
1 37.270382 37.711260
1 24.574009 24.987027
1 36.367526 36.780081
1 19.371093 19.776152
1 30.255522 30.641525
1 26.214653 26.576503
1 32.272693 32.631236
1 20.060457 20.381636
1 46.696624 46.992332
1 25.256617 25.550353
1 32.560269 32.844457
1 26.056366 26.332297
1 27.071336 27.345349
1 31.573933 31.827408
1 18.450693 18.700858
1 23.489667 23.700844
1 37.508769 37.718644
1 34.613333 34.814160
1 16.913090 17.109782
1 28.126317 28.315527
1 30.309887 30.498905
1 20.659184 20.840777
1 15.826692 15.972528
1 20.738112 20.854184
1 33.056275 33.168424
1 34.385794 34.487268
1 27.730740 27.811836
1 27.987349 28.060137
1 39.834961 39.883228
1 26.931923 26.968801
1 31.507484 31.537012
1 34.460797 34.475007
1 46.515536 46.527569
0 0.000000 inf
0 0.000000 30.283813
0 0.000000 28.824349
0 0.000000 27.746277
0 0.000000 27.635499
0 0.000000 25.628404
0 0.000000 25.580202
0 0.000000 24.561608
0 0.000000 24.489585
0 0.000000 24.479037
0 0.000000 24.374098
0 0.000000 23.811125
0 0.000000 23.063778
0 0.000000 22.805644
0 0.000000 22.609342
0 0.000000 22.565685
0 0.000000 22.541924
0 0.000000 22.314099
0 0.000000 22.189750
0 0.000000 22.185401
0 0.000000 21.977640
0 0.000000 21.852131
0 0.000000 21.829825
0 0.000000 21.677948
0 0.000000 21.607081
0 0.000000 21.589431
0 0.000000 21.532769
0 0.000000 21.515380
0 0.000000 21.494138
0 0.000000 21.449564
0 0.000000 21.233651
0 0.000000 21.061011
0 0.000000 20.994298
0 0.000000 20.823406
0 0.000000 20.799578
0 0.000000 20.701605
0 0.000000 20.603521
0 0.000000 20.601111
0 0.000000 20.531471
0 0.000000 20.383463
0 0.000000 20.325811
0 0.000000 20.300285
0 0.000000 20.273965
0 0.000000 20.220867
0 0.000000 20.057267
0 0.000000 19.914175
0 0.000000 19.892907
0 0.000000 19.892041
0 0.000000 19.856648
0 0.000000 19.851252
0 0.000000 19.825179
0 0.000000 19.823556
0 0.000000 19.816649
0 0.000000 19.740966
0 0.000000 19.701539
0 0.000000 19.667893
0 0.000000 19.627986
0 0.000000 19.554646
0 0.000000 19.489659
0 0.000000 19.411299
0 0.000000 19.408359
0 0.000000 19.396582
0 0.000000 19.341907
0 0.000000 19.340471
0 0.000000 19.250253
0 0.000000 19.134005
0 0.000000 19.088365
0 0.000000 18.931082
0 0.000000 18.896421
0 0.000000 18.858867
0 0.000000 18.774051
0 0.000000 18.761920
0 0.000000 18.761820
0 0.000000 18.711339
0 0.000000 18.710588
0 0.000000 18.691215
0 0.000000 18.483535
0 0.000000 18.413116
0 0.000000 18.263072
0 0.000000 18.187260
0 0.000000 18.089330
0 0.000000 18.060309
0 0.000000 18.052292
0 0.000000 18.020194
0 0.000000 17.974046
0 0.000000 17.969985
0 0.000000 17.961635
0 0.000000 17.802972
0 0.000000 17.795567
0 0.000000 17.721643
0 0.000000 17.698476
0 0.000000 17.696176
0 0.000000 17.654880
0 0.000000 17.654572
0 0.000000 17.633482
0 0.000000 17.552309
0 0.000000 17.507440
0 0.000000 17.362257
0 0.000000 17.268563
0 0.000000 17.216092
0 0.000000 17.000997
0 0.000000 16.953922
0 0.000000 16.923028
0 0.000000 16.847040
0 0.000000 16.655983
0 0.000000 16.628050
0 0.000000 16.619497
0 0.000000 16.520530
0 0.000000 16.509189
0 0.000000 16.497346
0 0.000000 16.449458
0 0.000000 16.445225
0 0.000000 16.431262
0 0.000000 16.350948
0 0.000000 16.297174
0 0.000000 16.036231
0 0.000000 15.958727
0 0.000000 15.911299
0 0.000000 15.902307
0 0.000000 15.664918
0 0.000000 15.512732
0 0.000000 15.512147
0 0.000000 15.509864
0 0.000000 15.508615
0 0.000000 15.337282
0 0.000000 15.336936
0 0.000000 15.326416
0 0.000000 15.314274
0 0.000000 15.313377
0 0.000000 15.308049
0 0.000000 15.185324
0 0.000000 15.118510
0 0.000000 15.064423
0 0.000000 15.040748
0 0.000000 15.021074
0 0.000000 14.981148
0 0.000000 14.904870
0 0.000000 14.859521
0 0.000000 14.806348
0 0.000000 14.805582
0 0.000000 14.749928
0 0.000000 14.571420
0 0.000000 14.514332
0 0.000000 14.431548
0 0.000000 14.361326
0 0.000000 14.322400
0 0.000000 14.292113
0 0.000000 14.200462
0 0.000000 14.141799
0 0.000000 14.126252
0 0.000000 14.114363
0 0.000000 14.112880
0 0.000000 14.054670
0 0.000000 13.973434
0 0.000000 13.832150
0 0.000000 13.680051
0 0.000000 13.553448
0 0.000000 13.508243
0 0.000000 13.389328
0 0.000000 13.386133
0 0.000000 13.381814
0 0.000000 13.364420
0 0.000000 13.338126
0 0.000000 13.308959
0 0.000000 13.301851
0 0.000000 12.735061
0 0.000000 12.547995
0 0.000000 12.306094
0 0.000000 12.302686
0 0.000000 12.271307
0 0.000000 12.110650
0 0.000000 11.263001
0 0.000000 11.102841
0 0.000000 11.096292
0 0.000000 10.896976
0 0.000000 10.815461
0 0.000000 10.685983
0 0.000000 10.589408
0 0.000000 10.525408
0 0.000000 10.088340
0 0.000000 9.922421
0 0.000000 9.801882
0 0.000000 9.559416
0 0.000000 9.238262
0 0.000000 8.889538
0 0.000000 8.782416
0 0.000000 7.206784
