1 31.793290 inf
1 27.893305 60.343188
1 22.967071 50.318888
1 25.726266 51.542962
1 27.960008 50.565241
1 26.326878 44.613903
1 22.792870 40.841631
1 28.566000 46.498165
1 27.587170 44.492982
1 33.033815 49.606758
1 28.848468 44.992948
1 36.991649 52.320299
1 28.085898 43.290052
1 28.101320 42.872528
1 22.025657 36.693354
1 25.136638 39.531470
1 22.693563 36.684749
1 22.698586 36.606228
1 37.285205 50.898025
1 25.361177 38.612844
1 25.342769 38.046821
1 23.079842 35.712434
1 29.343182 41.569083
1 23.579608 35.721781
1 20.473999 32.520802
1 30.090936 42.120165
1 36.633781 48.468898
1 21.049222 32.773155
1 20.461817 32.083120
1 27.318007 38.233100
1 23.704674 34.604256
1 25.474961 36.368098
1 21.601595 32.489045
1 22.754123 33.461295
1 18.781866 29.487045
1 24.882286 35.435817
1 30.132710 40.562821
1 21.880667 32.302503
1 27.484628 37.882433
1 33.706625 43.988048
1 25.741930 35.758009
1 22.954834 32.903939
1 24.034061 33.498321
1 38.432468 47.886089
1 23.285747 32.114911
1 42.331897 51.155320
1 24.059947 32.831155
1 28.243001 36.953171
1 24.062121 32.633529
1 26.372333 34.687520
1 20.124584 28.336140
1 23.529524 31.523328
1 42.663336 50.586487
1 26.696380 34.561250
1 24.430158 32.234924
1 23.099763 30.831786
1 27.773310 35.226910
1 35.997037 43.386489
1 25.706023 33.028589
1 25.135019 32.395747
1 31.487977 38.525535
1 32.199416 39.236047
1 32.601566 39.555213
1 19.653460 26.538011
1 25.036799 31.891914
1 26.855392 33.430300
1 35.750230 42.264286
1 31.454955 37.892544
1 19.894376 26.290597
1 29.560982 35.875333
1 20.480475 26.665308
1 40.568776 46.678409
1 22.854085 28.947080
1 30.771307 36.673344
1 29.496515 35.334453
1 31.801362 37.604870
1 24.508063 30.299825
1 21.205278 26.990075
1 37.503316 43.272072
1 35.126614 40.856004
1 29.812992 35.536258
1 23.920677 29.522936
1 23.379557 28.948170
1 25.136897 30.599092
1 22.147947 27.493540
1 28.906438 34.112856
1 26.007611 31.158403
1 30.833246 35.947871
1 28.411207 33.502761
1 25.268078 30.335030
1 29.874302 34.903455
1 20.742871 25.736482
1 26.805550 31.782553
1 37.287305 42.253706
1 25.339354 30.254129
1 25.686847 30.563847
1 28.367821 33.187334
1 26.347783 30.846077
1 27.919953 32.403229
1 34.706656 39.106420
1 21.115554 25.451682
1 29.302400 33.614560
1 27.371258 31.594611
1 19.210250 23.432816
1 31.411741 35.594405
1 29.108518 33.245013
1 18.380573 22.322632
1 35.312263 39.157219
1 26.296956 30.140158
1 27.615790 31.423888
1 46.103115 49.889662
1 27.731769 31.456429
1 42.522854 46.189681
1 37.857740 41.402456
1 34.977746 38.494171
1 27.012604 30.486073
1 30.977435 34.409759
1 19.361087 22.718706
1 32.082097 35.410401
1 27.301945 30.586120
1 22.181828 25.453130
1 17.951836 21.187265
1 28.495059 31.724130
1 26.660119 29.888756
1 24.130402 27.341404
1 24.527797 27.696043
1 16.111410 19.256393
1 18.770484 21.908269
1 25.754243 28.872154
1 20.951918 23.875562
1 21.060357 23.951487
1 28.029460 30.891070
1 40.614779 43.452598
1 24.242084 27.079241
1 24.503178 27.315149
1 32.847735 35.629142
1 24.543150 27.297790
1 27.927985 30.664965
1 34.614479 37.329467
1 24.084257 26.786272
1 32.845925 35.523239
1 20.036168 22.695685
1 32.964703 35.554757
1 28.392475 30.982519
1 38.969192 41.524724
1 27.853777 30.404168
1 25.941054 28.468474
1 32.183917 34.681564
1 35.046703 37.513219
1 26.003005 28.444505
1 35.946223 38.363226
1 26.839112 29.254087
1 30.182299 32.566453
1 23.321384 25.693657
1 30.433406 32.735719
1 23.554172 25.826143
1 39.140712 41.398747
1 36.157777 38.394252
1 43.548742 45.767339
1 25.749208 27.958728
1 29.161875 31.339875
1 35.479271 37.652734
1 24.210955 26.365964
1 23.318319 25.444722
1 29.267512 31.384807
1 33.124010 35.215778
1 28.004254 30.082781
1 30.438205 32.475802
1 21.816335 23.835372
1 23.437164 25.451634
1 22.800128 24.781445
1 38.178768 40.117128
1 20.026227 21.895502
1 35.031838 36.894471
1 30.370392 32.221181
1 19.407691 21.255759
1 40.160154 41.967445
1 23.436317 25.234450
1 18.260554 20.037400
1 21.076306 22.830276
1 37.638361 39.391166
1 30.685761 32.431961
1 29.301531 31.005620
1 34.850623 36.465440
1 23.807004 25.381057
1 18.117396 19.658427
1 24.040780 25.581375
1 31.888368 33.368491
1 27.198540 28.645886
1 31.383136 32.827272
1 41.442888 42.872524
1 24.061007 25.477431
1 37.089508 38.505838
1 14.149127 15.474438
1 31.899389 33.213275
1 17.603351 18.913411
1 32.326775 33.612413
1 26.655303 27.918497
1 33.544034 34.791552
1 19.400494 20.611492
1 31.778870 32.968561
1 20.521294 21.693003
1 33.079837 34.248025
1 29.000619 30.162081
1 31.602444 32.758342
1 23.541283 24.693482
1 40.476076 41.628016
1 32.975633 34.099793
1 20.494428 21.606641
1 26.580744 27.688248
1 38.152726 39.256017
1 38.950496 40.051346
1 34.984651 36.064249
1 16.202915 17.265453
1 24.226384 25.276822
1 29.611735 30.648142
1 27.356890 28.359497
1 29.855436 30.851965
1 31.199359 32.154969
1 29.787997 30.733707
1 34.062693 35.006164
1 24.575737 25.483437
1 33.888226 34.794874
1 32.897999 33.803229
1 25.638943 26.530086
1 37.247547 38.110207
1 32.674287 33.533643
1 44.378128 45.229781
1 26.481668 27.278892
1 20.639506 21.422138
1 30.014568 30.782986
1 30.533335 31.297233
1 28.038151 28.758913
1 21.263489 21.970826
1 25.973018 26.637346
1 35.996912 36.643668
1 31.993749 32.613387
1 34.818323 35.436277
1 28.175649 28.793378
1 26.148275 26.762800
1 30.366303 30.970251
1 32.589673 33.184158
1 24.795606 25.387355
1 33.902815 34.486439
1 22.126139 22.709696
1 46.584756 47.163081
1 26.063236 26.597408
1 35.094318 35.601760
1 17.946855 18.446366
1 28.015808 28.511071
1 29.156830 29.643065
1 48.288670 48.760460
1 29.896201 30.365096
1 29.313278 29.773073
1 26.831402 27.280343
1 27.571165 28.019215
1 17.989246 18.435361
1 11.839646 12.278130
1 26.334284 26.765227
1 21.827985 22.206313
1 27.818528 28.196334
1 33.638899 34.012137
1 30.991679 31.316542
1 27.520076 27.834725
1 29.456812 29.748597
1 42.085880 42.367494
1 25.012698 25.289099
1 21.175459 21.446757
1 39.916021 40.186086
1 24.691190 24.950816
1 30.307623 30.566752
1 30.948372 31.190907
1 28.399130 28.641099
1 29.320094 29.549716
1 31.010362 31.200596
1 32.338539 32.504210
1 45.655158 45.806175
1 34.764905 34.871893
1 22.862661 22.950116
1 25.014486 25.052257
1 50.143241 50.174911
1 27.696043 27.726397
1 48.471336 48.480026
0 0.000000 inf
0 0.000000 32.307675
0 0.000000 31.628459
0 0.000000 29.637176
0 0.000000 29.069204
0 0.000000 27.722882
0 0.000000 27.636368
0 0.000000 27.482639
0 0.000000 27.360717
0 0.000000 27.203432
0 0.000000 27.063136
0 0.000000 26.892711
0 0.000000 26.290345
0 0.000000 25.991609
0 0.000000 25.914608
0 0.000000 25.641079
0 0.000000 25.335905
0 0.000000 24.904299
0 0.000000 24.708835
0 0.000000 24.649361
0 0.000000 24.519981
0 0.000000 24.514726
0 0.000000 24.423472
0 0.000000 24.413074
0 0.000000 24.395006
0 0.000000 24.353275
0 0.000000 24.328974
0 0.000000 24.318321
0 0.000000 24.163873
0 0.000000 24.045574
0 0.000000 23.698090
0 0.000000 23.500065
0 0.000000 23.338778
0 0.000000 23.327014
0 0.000000 23.326898
0 0.000000 23.310026
0 0.000000 23.083681
0 0.000000 22.962629
0 0.000000 22.944353
0 0.000000 22.933461
0 0.000000 22.919645
0 0.000000 22.858734
0 0.000000 22.825549
0 0.000000 22.757360
0 0.000000 22.591829
0 0.000000 22.490598
0 0.000000 22.476704
0 0.000000 22.366355
0 0.000000 22.221696
0 0.000000 22.198491
0 0.000000 22.032230
0 0.000000 21.933796
0 0.000000 21.867003
0 0.000000 21.734077
0 0.000000 21.679197
0 0.000000 21.633350
0 0.000000 21.587784
0 0.000000 21.568792
0 0.000000 21.552989
0 0.000000 21.305420
0 0.000000 21.149202
0 0.000000 21.116198
0 0.000000 20.908622
0 0.000000 20.882874
0 0.000000 20.829638
0 0.000000 20.815818
0 0.000000 20.720598
0 0.000000 20.680183
0 0.000000 20.521105
0 0.000000 20.391051
0 0.000000 20.248555
0 0.000000 20.204596
0 0.000000 20.194068
0 0.000000 20.157410
0 0.000000 20.050365
0 0.000000 19.966148
0 0.000000 19.925827
0 0.000000 19.836678
0 0.000000 19.835733
0 0.000000 19.764115
0 0.000000 19.661327
0 0.000000 19.659962
0 0.000000 19.598036
0 0.000000 19.547037
0 0.000000 19.384084
0 0.000000 19.373169
0 0.000000 19.307159
0 0.000000 19.220385
0 0.000000 19.152212
0 0.000000 19.110581
0 0.000000 19.069172
0 0.000000 19.001914
0 0.000000 18.927671
0 0.000000 18.806028
0 0.000000 18.664251
0 0.000000 18.617442
0 0.000000 18.579902
0 0.000000 18.568620
0 0.000000 18.500855
0 0.000000 18.425625
0 0.000000 18.393497
0 0.000000 18.334908
0 0.000000 18.287919
0 0.000000 18.228560
0 0.000000 18.223979
0 0.000000 18.207912
0 0.000000 18.153356
0 0.000000 18.139792
0 0.000000 18.103983
0 0.000000 17.979501
0 0.000000 17.964760
0 0.000000 17.878315
0 0.000000 17.876794
0 0.000000 17.871205
0 0.000000 17.782287
0 0.000000 17.739970
0 0.000000 17.660209
0 0.000000 17.587921
0 0.000000 17.391891
0 0.000000 17.349618
0 0.000000 17.302560
0 0.000000 17.291187
0 0.000000 17.201391
0 0.000000 17.152169
0 0.000000 17.044509
0 0.000000 16.931156
0 0.000000 16.842599
0 0.000000 16.781954
0 0.000000 16.744887
0 0.000000 16.712757
0 0.000000 16.639505
0 0.000000 16.569229
0 0.000000 16.560674
0 0.000000 16.504580
0 0.000000 16.347499
0 0.000000 16.034225
0 0.000000 16.014284
0 0.000000 15.846989
0 0.000000 15.758161
0 0.000000 15.757779
0 0.000000 15.514881
0 0.000000 15.508363
0 0.000000 15.477122
0 0.000000 15.331091
0 0.000000 15.214006
0 0.000000 15.142028
0 0.000000 14.982384
0 0.000000 14.965211
0 0.000000 14.855787
0 0.000000 14.583178
0 0.000000 14.572668
0 0.000000 14.572006
0 0.000000 14.454734
0 0.000000 14.354149
0 0.000000 14.240933
0 0.000000 14.237796
0 0.000000 14.005838
0 0.000000 13.984576
0 0.000000 13.828737
0 0.000000 13.772128
0 0.000000 13.752816
0 0.000000 13.690696
0 0.000000 13.630006
0 0.000000 13.599035
0 0.000000 12.960732
0 0.000000 12.725019
0 0.000000 12.320412
0 0.000000 12.192304
0 0.000000 11.999456
0 0.000000 11.937492
0 0.000000 11.908184
0 0.000000 11.814026
0 0.000000 11.660431
0 0.000000 11.083877
0 0.000000 11.009190
0 0.000000 10.817248
0 0.000000 10.037249
0 0.000000 10.026794
0 0.000000 10.018614
0 0.000000 9.742412
0 0.000000 9.560350
0 0.000000 9.254341
0 0.000000 9.023354
0 0.000000 8.478450
0 0.000000 8.379849
0 0.000000 7.109668
0 0.000000 6.650400
