1 26.121167 inf
1 24.242032 69.498547
1 23.007586 52.082239
1 24.205337 48.559334
1 26.847194 50.148486
1 30.923527 53.585413
1 21.261074 42.502016
1 28.802905 47.831375
1 26.644872 45.315759
1 45.287417 63.956264
1 21.871746 38.198632
1 21.653989 37.847074
1 25.570431 41.381920
1 23.542685 39.301517
1 17.847393 33.601032
1 25.085501 40.612703
1 19.818438 34.176378
1 22.912212 37.182528
1 22.475267 36.601636
1 26.483582 39.918856
1 21.096841 34.425936
1 22.312658 35.045684
1 17.956767 30.413077
1 21.690902 34.115732
1 20.929498 33.171806
1 30.507087 42.655447
1 22.895976 34.925762
1 21.369346 33.258814
1 24.428436 36.118972
1 23.550986 35.066163
1 40.573194 51.822247
1 31.163573 42.271674
1 21.748074 32.749032
1 24.600335 35.305967
1 26.309704 36.813646
1 21.563731 31.947527
1 28.237397 38.533842
1 22.584823 32.634335
1 25.597650 35.378304
1 17.014396 26.728668
1 23.475117 33.110181
1 21.856897 31.479023
1 18.198155 27.421006
1 22.084046 31.262682
1 19.239531 28.186385
1 24.513682 33.324562
1 21.105168 29.850574
1 20.866620 29.606286
1 24.807910 33.290986
1 21.931437 30.268323
1 24.018369 32.215070
1 26.431830 34.421948
1 34.150230 41.987910
1 23.440691 31.276188
1 23.574940 31.382085
1 20.473793 28.223571
1 27.974613 35.448086
1 33.311441 40.768607
1 24.220218 31.647388
1 26.630862 33.813722
1 24.737972 31.840488
1 19.353910 26.014177
1 32.701270 39.341587
1 20.961422 27.573904
1 19.429516 25.975474
1 26.047433 32.564687
1 24.178446 30.625709
1 31.246763 37.565377
1 28.876198 35.178149
1 17.349048 23.605338
1 29.806830 36.052027
1 41.826070 47.702665
1 44.069066 49.850821
1 21.676437 27.362348
1 28.813810 34.473773
1 33.013902 38.573767
1 23.916672 29.418077
1 21.672627 27.167425
1 24.538229 29.920132
1 27.799681 33.081170
1 27.131592 32.321991
1 25.106440 30.284514
1 24.269017 29.439595
1 25.740923 30.692899
1 17.419395 22.359148
1 22.583239 27.518477
1 46.050240 50.955784
1 22.149420 27.027649
1 29.503504 34.294383
1 23.924668 28.688687
1 25.521743 30.112311
1 21.622588 26.155495
1 16.655733 21.083686
1 21.711332 25.983852
1 26.188416 30.383486
1 25.008838 29.113805
1 19.678484 23.758610
1 21.385351 25.463465
1 25.125871 29.088308
1 45.317679 49.214130
1 25.596216 29.483888
1 22.615037 26.315559
1 23.432957 27.109942
1 21.211067 24.858019
1 23.189414 26.791260
1 43.559107 47.157927
1 23.522685 27.067527
1 18.815289 22.316956
1 24.411791 27.899415
1 26.296355 29.763250
1 24.920540 28.281597
1 27.667103 30.983451
1 27.755589 31.063110
1 27.420286 30.726523
1 21.348739 24.637116
1 19.977783 23.231053
1 30.102844 33.287802
1 30.124767 33.265388
1 19.242841 22.245132
1 25.067825 28.066319
1 44.053374 47.032696
1 24.866602 27.837497
1 19.643007 22.593994
1 33.385294 36.253523
1 27.820678 30.629180
1 24.548236 27.325409
1 31.826837 34.521180
1 24.798848 27.445984
1 32.107447 34.751880
1 30.870482 33.471497
1 16.546821 19.054922
1 47.782286 50.287928
1 23.491912 25.995350
1 20.224362 22.673119
1 26.787682 29.220645
1 19.965167 22.291179
1 22.735312 25.009847
1 31.549423 33.784297
1 21.574254 23.766567
1 48.036986 50.198544
1 22.122087 24.238642
1 27.746090 29.793346
1 21.320303 23.349065
1 22.831352 24.849178
1 30.881379 32.867142
1 22.238808 24.196592
1 27.341720 29.286093
1 19.275955 21.209637
1 40.017730 41.938535
1 29.484545 31.370535
1 27.859231 29.645951
1 26.272820 28.049973
1 19.785028 21.561654
1 24.403908 26.159972
1 29.213167 30.954949
1 36.072454 37.806071
1 20.621745 22.299867
1 17.377906 19.037725
1 21.251076 22.909153
1 24.704197 26.357785
1 23.774224 25.414593
1 17.135912 18.770986
1 26.608352 28.174915
1 32.577151 34.127451
1 19.650364 21.165428
1 25.498199 26.999277
1 10.152805 11.648706
1 21.686869 23.176218
1 27.663155 29.141252
1 32.622545 34.095206
1 25.980989 27.427584
1 23.674607 25.074236
1 31.315090 32.675996
1 27.658108 29.006957
1 19.969739 21.318465
1 32.253595 33.598565
1 21.091203 22.422324
1 25.341908 26.652156
1 21.086138 22.392429
1 20.035489 21.330906
1 22.692203 23.970528
1 20.104799 21.360063
1 27.079020 28.307183
1 21.045798 22.258253
1 23.927125 25.120489
1 26.963222 28.148957
1 22.412097 23.597212
1 35.246815 36.430792
1 23.958823 25.128095
1 19.154424 20.299532
1 28.700541 29.829958
1 28.415574 29.542296
1 17.046021 18.130741
1 24.514425 25.581573
1 20.518734 21.578046
1 27.251462 28.279625
1 31.568515 32.585221
1 45.065987 46.080407
1 42.217524 43.220295
1 21.757613 22.759743
1 24.540503 25.536145
1 20.446928 21.433288
1 29.428613 30.408762
1 26.123371 27.078224
1 31.999832 32.949482
1 19.110464 20.049248
1 44.161872 45.073696
1 30.051021 30.950029
1 29.384513 30.261547
1 42.138732 42.993284
1 20.796293 21.591398
1 20.982716 21.775465
1 24.057689 24.847302
1 28.136464 28.915744
1 28.652065 29.405554
1 22.529529 23.262932
1 26.181530 26.912307
1 30.554141 31.277062
1 22.022708 22.737626
1 22.800952 23.493689
1 19.081129 19.757438
1 44.338827 44.977471
1 26.097985 26.736627
1 23.580444 24.189550
1 33.066760 33.645706
1 23.829715 24.398116
1 25.606196 26.171240
1 24.902320 25.462536
1 33.838130 34.386357
1 25.471505 25.997073
1 31.989635 32.496161
1 22.648209 23.138304
1 23.180798 23.665895
1 47.984807 48.452104
1 28.710372 29.167673
1 24.729198 25.148928
1 23.753308 24.171262
1 32.542209 32.959753
1 26.702654 27.115402
1 63.636050 64.015113
1 27.376434 27.752135
1 25.545875 25.899259
1 26.866948 27.198546
1 23.454212 23.782097
1 32.775062 33.099599
1 21.702115 22.014761
1 39.789471 40.096004
1 27.614674 27.918921
1 32.981361 33.266643
1 36.361445 36.645116
1 31.327564 31.582665
1 28.775883 29.021202
1 29.770600 29.999491
1 25.873096 26.048439
1 24.637041 24.790739
1 30.410808 30.560093
1 42.685433 42.826729
1 46.397378 46.525287
1 25.117964 25.194675
1 20.445257 20.478865
1 23.687847 23.698625
1 27.069774 27.075430
0 0.000000 inf
0 0.000000 38.262658
0 0.000000 28.628414
0 0.000000 27.380027
0 0.000000 27.300184
0 0.000000 25.744004
0 0.000000 25.672786
0 0.000000 25.656673
0 0.000000 25.483062
0 0.000000 23.614357
0 0.000000 23.552252
0 0.000000 23.275834
0 0.000000 22.953057
0 0.000000 22.943007
0 0.000000 22.598181
0 0.000000 22.469596
0 0.000000 22.203952
0 0.000000 22.095291
0 0.000000 21.638706
0 0.000000 21.529239
0 0.000000 21.442916
0 0.000000 21.303996
0 0.000000 21.294348
0 0.000000 21.266295
0 0.000000 21.136403
0 0.000000 20.960534
0 0.000000 20.935307
0 0.000000 20.796200
0 0.000000 20.786251
0 0.000000 20.765867
0 0.000000 20.668589
0 0.000000 20.638571
0 0.000000 20.547384
0 0.000000 20.504678
0 0.000000 20.454457
0 0.000000 20.398014
0 0.000000 20.338584
0 0.000000 20.247322
0 0.000000 20.051906
0 0.000000 20.028326
0 0.000000 19.885748
0 0.000000 19.837367
0 0.000000 19.777376
0 0.000000 19.777043
0 0.000000 19.670801
0 0.000000 19.657170
0 0.000000 19.653231
0 0.000000 19.652595
0 0.000000 19.570658
0 0.000000 19.566893
0 0.000000 19.527939
0 0.000000 19.493640
0 0.000000 19.463702
0 0.000000 19.451490
0 0.000000 19.430839
0 0.000000 19.420893
0 0.000000 19.290509
0 0.000000 19.288019
0 0.000000 19.222071
0 0.000000 19.174828
0 0.000000 19.154086
0 0.000000 19.148139
0 0.000000 19.044928
0 0.000000 18.992221
0 0.000000 18.965094
0 0.000000 18.900682
0 0.000000 18.850510
0 0.000000 18.814948
0 0.000000 18.791696
0 0.000000 18.764467
0 0.000000 18.695037
0 0.000000 18.666026
0 0.000000 18.625214
0 0.000000 18.595846
0 0.000000 18.566151
0 0.000000 18.559114
0 0.000000 18.459035
0 0.000000 18.357326
0 0.000000 18.314087
0 0.000000 18.305959
0 0.000000 18.023690
0 0.000000 18.022252
0 0.000000 17.999702
0 0.000000 17.985164
0 0.000000 17.940400
0 0.000000 17.940368
0 0.000000 17.820273
0 0.000000 17.783114
0 0.000000 17.708114
0 0.000000 17.700984
0 0.000000 17.498041
0 0.000000 17.458316
0 0.000000 17.286921
0 0.000000 17.267974
0 0.000000 17.226746
0 0.000000 17.222948
0 0.000000 17.207906
0 0.000000 17.182844
0 0.000000 17.165506
0 0.000000 17.029405
0 0.000000 16.969601
0 0.000000 16.967225
0 0.000000 16.952372
0 0.000000 16.857567
0 0.000000 16.752355
0 0.000000 16.664894
0 0.000000 16.654048
0 0.000000 16.614390
0 0.000000 16.530185
0 0.000000 16.516918
0 0.000000 16.488193
0 0.000000 16.477985
0 0.000000 16.477900
0 0.000000 16.423492
0 0.000000 16.390390
0 0.000000 16.310059
0 0.000000 16.191009
0 0.000000 16.146561
0 0.000000 16.051131
0 0.000000 16.031897
0 0.000000 15.998528
0 0.000000 15.964009
0 0.000000 15.934788
0 0.000000 15.852605
0 0.000000 15.750565
0 0.000000 15.734960
0 0.000000 15.698166
0 0.000000 15.691636
0 0.000000 15.653968
0 0.000000 15.626156
0 0.000000 15.458451
0 0.000000 15.445899
0 0.000000 15.404355
0 0.000000 15.356387
0 0.000000 15.315306
0 0.000000 15.291637
0 0.000000 15.289019
0 0.000000 15.207271
0 0.000000 15.206906
0 0.000000 15.184742
0 0.000000 15.171007
0 0.000000 15.107888
0 0.000000 14.984295
0 0.000000 14.898282
0 0.000000 14.878138
0 0.000000 14.669335
0 0.000000 14.612201
0 0.000000 14.461151
0 0.000000 14.422005
0 0.000000 14.384570
0 0.000000 14.330298
0 0.000000 14.213462
0 0.000000 14.027094
0 0.000000 13.923524
0 0.000000 13.806752
0 0.000000 13.495573
0 0.000000 13.370474
0 0.000000 13.238847
0 0.000000 13.201900
0 0.000000 13.170101
0 0.000000 13.134232
0 0.000000 13.093033
0 0.000000 12.971480
0 0.000000 12.942650
0 0.000000 12.801159
0 0.000000 12.599440
0 0.000000 12.227331
0 0.000000 12.198923
0 0.000000 11.975916
0 0.000000 11.956640
0 0.000000 11.782686
0 0.000000 11.600199
0 0.000000 11.491424
0 0.000000 11.342641
0 0.000000 11.184788
0 0.000000 10.674255
0 0.000000 10.485325
0 0.000000 9.088161
0 0.000000 8.489980
0 0.000000 8.449753
0 0.000000 7.898769
0 0.000000 7.738259
0 0.000000 7.161121
0 0.000000 6.505266
0 0.000000 6.298063
0 0.000000 5.666618
0 0.000000 5.167599
