1 24.335662 46.493186
1 27.138282 47.847016
1 23.330069 42.578275
1 23.731354 42.489572
1 20.352950 39.074212
1 20.853872 39.310620
1 23.685240 41.961947
1 24.541767 42.472143
1 23.534372 40.314043
1 25.351274 41.685259
1 24.256581 40.469055
1 22.132991 38.106748
1 26.930575 42.620994
1 23.399841 38.868019
1 24.480398 39.933449
1 28.186613 43.613707
1 24.739594 40.154244
1 23.638734 38.884431
1 24.681558 39.923718
1 18.243888 33.284568
1 24.448881 39.356656
1 25.326301 39.888216
1 27.415189 41.868757
1 22.083798 35.378083
1 24.229195 37.108743
1 21.639582 34.312084
1 24.123390 36.346317
1 18.577866 30.634959
1 24.990720 36.785199
1 22.184986 33.922170
1 20.505556 32.236158
1 22.963025 34.368134
1 24.388254 35.756461
1 27.543890 38.369143
1 26.633719 37.039966
1 24.533036 34.915997
1 31.170090 41.550065
1 20.238833 30.519672
1 23.563095 33.625867
1 27.072097 37.021368
1 27.026561 36.956346
1 21.288833 31.198596
1 25.730453 35.616557
1 25.654441 35.235689
1 23.526520 32.968872
1 25.273024 34.686784
1 20.400250 29.606388
1 26.568909 35.642133
1 30.519302 39.583218
1 27.901759 36.932908
1 20.392503 29.202465
1 25.265528 34.044658
1 25.968910 34.723157
1 21.955059 30.550676
1 31.825273 40.350416
1 19.686795 28.026736
1 41.558040 49.883741
1 24.648426 32.909474
1 23.032709 31.174454
1 24.821502 32.950888
1 24.696865 32.746933
1 27.949525 35.759577
1 27.863176 35.659452
1 23.452223 31.095102
1 25.259128 32.866278
1 21.033099 28.306936
1 24.941751 32.034065
1 22.363498 29.092674
1 31.920901 38.649100
1 28.656914 35.379144
1 25.640625 32.300817
1 24.041285 30.366010
1 28.140858 34.359463
1 29.009306 35.200566
1 18.737730 24.911119
1 30.240698 36.388536
1 22.047637 28.164122
1 30.204403 36.044024
1 18.711029 24.463019
1 28.024843 33.722233
1 25.437869 31.054799
1 29.591227 35.177772
1 20.749505 26.269512
1 25.774129 31.236085
1 26.048698 31.410107
1 25.105740 30.405921
1 24.811389 30.103152
1 29.293317 34.553822
1 25.766995 31.012713
1 21.175205 26.350369
1 25.133216 30.251533
1 27.176166 32.201392
1 22.008986 26.964612
1 22.182993 27.098143
1 20.212794 25.087284
1 31.047553 35.917236
1 29.189302 33.963110
1 30.931235 35.682357
1 30.352564 35.080192
1 24.394966 28.981609
1 32.847670 37.419661
1 21.527986 25.960526
1 26.680144 30.969335
1 21.920040 26.160516
1 26.096430 30.273626
1 35.337283 39.361077
1 20.868396 24.884545
1 26.163292 30.169819
1 31.908556 35.859016
1 26.728356 30.663785
1 26.495520 30.428501
1 35.434025 39.170619
1 27.242886 30.942252
1 27.310899 31.007982
1 21.539600 25.226404
1 16.258267 19.847188
1 23.052420 26.630877
1 29.622400 33.178706
1 16.713857 20.228163
1 33.354220 36.789293
1 32.963670 36.393465
1 29.684876 32.978773
1 25.746951 28.980130
1 25.142673 28.286948
1 28.293036 31.345067
1 20.063958 23.115821
1 20.375018 23.421200
1 30.431238 33.470478
1 25.377432 28.291921
1 30.920656 33.778595
1 25.496847 28.330766
1 26.408666 29.204008
1 27.823917 30.580238
1 32.130654 34.881587
1 22.519299 25.269586
1 30.969120 33.715943
1 26.682357 29.409732
1 30.554875 33.243014
1 28.049434 30.732954
1 19.171991 21.853217
1 29.860329 32.527042
1 24.016432 26.630692
1 24.607126 27.191817
1 24.205456 26.760467
1 29.107216 31.635380
1 27.739208 30.153298
1 26.137983 28.513836
1 23.053825 25.334072
1 32.781891 35.033572
1 34.341894 36.576693
1 36.641815 38.874771
1 28.017352 30.247021
1 27.483588 29.636765
1 28.632102 30.754272
1 23.804084 25.924527
1 26.118538 28.229815
1 25.037493 27.124358
1 24.329024 26.384904
1 41.648410 43.701918
1 31.752833 33.764941
1 26.235506 28.247226
1 17.260961 19.255531
1 19.492614 21.466924
1 26.545109 28.488794
1 33.862897 35.772098
1 28.101816 29.998572
1 25.744419 27.624682
1 20.885650 22.695695
1 26.923495 28.718351
1 36.214473 37.953673
1 29.082613 30.821090
1 21.821694 23.544197
1 31.118605 32.818566
1 32.392814 34.092081
1 33.313163 34.999474
1 29.652831 31.323313
1 19.889280 21.551240
1 35.511542 37.172818
1 22.145772 23.787599
1 25.610744 27.193455
1 34.103678 35.653832
1 36.767467 38.305524
1 31.827298 33.313549
1 20.863959 22.290886
1 28.049462 29.462108
1 21.960952 23.373507
1 27.131161 28.538940
1 28.662137 30.037121
1 20.114871 21.486754
1 21.688101 23.047744
1 29.926405 31.283537
1 23.280511 24.627341
1 19.208205 20.551787
1 29.959673 31.302364
1 21.872299 23.183184
1 39.713959 41.016011
1 27.425695 28.683284
1 31.152385 32.299743
1 33.205916 34.349171
1 27.862870 28.979825
1 18.930352 20.044886
1 26.667688 27.764048
1 26.629117 27.722205
1 23.317242 24.395420
1 25.885894 26.961824
1 32.634780 33.704297
1 23.862712 24.921368
1 20.858655 21.913134
1 30.601503 31.627099
1 33.429658 34.400404
1 29.199257 30.125694
1 24.156899 25.073826
1 29.241307 30.138532
1 27.811846 28.679124
1 30.131102 30.947729
1 29.398641 30.197309
1 34.744745 35.526602
1 33.333229 34.071222
1 33.487541 34.218756
1 22.981323 23.711265
1 28.689595 29.419121
1 17.961160 18.682483
1 34.619507 35.336284
1 29.525782 30.201629
1 22.382623 23.057630
1 26.472236 27.147217
1 34.569067 35.243319
1 31.360101 32.023872
1 24.700530 25.358964
1 24.692891 25.316038
1 32.944053 33.561970
1 26.165110 26.780641
1 23.604525 24.213267
1 32.672309 33.248692
1 28.798302 29.351342
1 24.450510 25.000950
1 33.664155 34.212558
1 32.955352 33.503105
1 30.499398 31.028989
1 34.697188 35.211740
1 26.277139 26.776980
1 34.954168 35.440334
1 22.291459 22.765165
1 24.795268 25.266662
1 40.863807 41.330877
1 37.571905 38.029313
1 20.278020 20.719530
1 46.802261 47.202124
1 36.998978 37.378538
1 35.263028 35.638054
1 28.446274 28.787063
1 22.113490 22.435826
1 18.147284 18.467487
1 30.262026 30.579716
1 38.373124 38.685730
1 39.503223 39.808063
1 24.956294 25.255753
1 34.023590 34.299984
1 27.073599 27.331145
1 38.631387 38.834036
1 35.889282 36.090326
1 34.362441 34.520274
1 29.727816 29.877345
1 28.501411 28.645771
1 29.098595 29.238043
1 20.498753 20.616092
1 33.844245 33.947448
1 26.877915 26.976490
1 33.705352 33.802233
1 23.397538 23.489932
1 32.241210 32.311657
1 25.266291 25.328384
1 32.538156 32.598443
1 32.983461 33.037963
1 24.940206 24.956557
1 24.461322 24.464452
0 0.000000 inf
0 0.000000 27.994028
0 0.000000 27.619760
0 0.000000 27.335290
0 0.000000 27.198966
0 0.000000 27.032987
0 0.000000 26.452987
0 0.000000 25.131614
0 0.000000 24.518401
0 0.000000 24.439149
0 0.000000 24.350657
0 0.000000 24.144885
0 0.000000 24.115603
0 0.000000 23.524637
0 0.000000 23.443111
0 0.000000 23.412845
0 0.000000 23.069218
0 0.000000 22.977235
0 0.000000 22.772309
0 0.000000 22.755669
0 0.000000 22.733026
0 0.000000 22.664512
0 0.000000 22.608001
0 0.000000 22.522526
0 0.000000 22.439883
0 0.000000 22.350409
0 0.000000 22.227098
0 0.000000 22.200880
0 0.000000 22.129186
0 0.000000 22.127554
0 0.000000 22.070805
0 0.000000 21.899195
0 0.000000 21.872164
0 0.000000 21.831489
0 0.000000 21.781472
0 0.000000 21.765016
0 0.000000 21.722423
0 0.000000 21.694655
0 0.000000 21.558235
0 0.000000 21.413026
0 0.000000 21.403231
0 0.000000 21.365725
0 0.000000 21.315222
0 0.000000 21.288529
0 0.000000 21.278065
0 0.000000 21.226491
0 0.000000 21.122712
0 0.000000 21.014328
0 0.000000 20.945402
0 0.000000 20.945140
0 0.000000 20.808524
0 0.000000 20.776931
0 0.000000 20.732297
0 0.000000 20.710762
0 0.000000 20.672455
0 0.000000 20.536033
0 0.000000 20.505324
0 0.000000 20.502778
0 0.000000 20.486919
0 0.000000 20.465448
0 0.000000 20.446777
0 0.000000 20.438348
0 0.000000 20.369537
0 0.000000 20.363599
0 0.000000 20.248296
0 0.000000 19.985770
0 0.000000 19.981882
0 0.000000 19.954260
0 0.000000 19.829846
0 0.000000 19.817227
0 0.000000 19.599011
0 0.000000 19.431431
0 0.000000 19.396945
0 0.000000 19.379921
0 0.000000 19.352967
0 0.000000 19.312544
0 0.000000 19.264985
0 0.000000 19.220607
0 0.000000 19.160757
0 0.000000 19.112504
0 0.000000 19.063883
0 0.000000 19.016054
0 0.000000 18.976024
0 0.000000 18.907343
0 0.000000 18.850226
0 0.000000 18.729238
0 0.000000 18.725464
0 0.000000 18.655298
0 0.000000 18.646009
0 0.000000 18.545507
0 0.000000 18.406723
0 0.000000 18.395489
0 0.000000 18.266075
0 0.000000 18.192354
0 0.000000 18.181774
0 0.000000 18.168306
0 0.000000 18.134678
0 0.000000 18.018989
0 0.000000 17.861569
0 0.000000 17.842890
0 0.000000 17.839451
0 0.000000 17.770477
0 0.000000 17.710443
0 0.000000 17.651234
0 0.000000 17.644777
0 0.000000 17.616206
0 0.000000 17.461404
0 0.000000 17.390029
0 0.000000 17.331695
0 0.000000 17.321198
0 0.000000 17.272392
0 0.000000 17.198302
0 0.000000 17.173995
0 0.000000 17.136754
0 0.000000 17.122867
0 0.000000 17.103439
0 0.000000 17.059969
0 0.000000 17.041723
0 0.000000 16.899633
0 0.000000 16.874210
0 0.000000 16.863938
0 0.000000 16.756754
0 0.000000 16.740699
0 0.000000 16.732880
0 0.000000 16.615518
0 0.000000 16.582402
0 0.000000 16.553190
0 0.000000 16.440020
0 0.000000 16.298960
0 0.000000 16.177876
0 0.000000 16.175990
0 0.000000 16.123659
0 0.000000 15.976939
0 0.000000 15.948848
0 0.000000 15.913093
0 0.000000 15.906412
0 0.000000 15.864302
0 0.000000 15.862420
0 0.000000 15.824455
0 0.000000 15.762608
0 0.000000 15.693836
0 0.000000 15.582682
0 0.000000 15.472004
0 0.000000 15.470549
0 0.000000 15.333481
0 0.000000 15.284971
0 0.000000 15.202021
0 0.000000 15.129334
0 0.000000 15.085758
0 0.000000 15.012236
0 0.000000 14.996807
0 0.000000 14.976090
0 0.000000 14.930944
0 0.000000 14.880065
0 0.000000 14.746666
0 0.000000 14.663830
0 0.000000 14.318950
0 0.000000 14.270903
0 0.000000 14.177257
0 0.000000 14.094528
0 0.000000 14.029003
0 0.000000 13.783272
0 0.000000 13.771530
0 0.000000 13.602565
0 0.000000 13.464949
0 0.000000 13.374455
0 0.000000 13.281163
0 0.000000 13.070718
0 0.000000 12.959378
0 0.000000 12.921623
0 0.000000 12.884733
0 0.000000 12.818799
0 0.000000 12.757355
0 0.000000 12.721519
0 0.000000 12.626501
0 0.000000 12.619505
0 0.000000 12.346529
0 0.000000 12.096340
0 0.000000 11.976054
0 0.000000 11.673481
0 0.000000 11.410107
0 0.000000 11.230678
0 0.000000 11.080325
0 0.000000 11.035940
0 0.000000 10.804671
0 0.000000 8.526595
0 0.000000 8.086966
