1 29.368908 46.165278
1 26.172829 42.056798
1 26.686365 41.003547
1 27.260654 41.032536
1 27.350698 40.748545
1 26.604604 39.633381
1 27.655694 40.214406
1 24.217755 36.743759
1 23.729303 36.212565
1 27.711000 39.998686
1 27.979714 40.245574
1 27.835606 39.381324
1 26.849367 38.135831
1 27.753304 39.012880
1 25.717959 36.750569
1 25.547073 36.545976
1 22.782784 33.513085
1 25.454953 36.119666
1 23.129273 33.718956
1 28.706255 39.008456
1 27.065745 37.309684
1 29.624662 39.846055
1 21.728166 31.907908
1 34.676259 44.817361
1 28.777236 38.826626
1 22.531365 32.508656
1 22.539498 32.507131
1 23.621031 33.467921
1 26.346079 35.895012
1 26.161180 35.699900
1 24.541550 34.059142
1 28.471265 37.941692
1 28.714108 38.042364
1 28.830422 37.975227
1 28.840186 37.542058
1 25.319484 33.872896
1 30.070127 38.564290
1 26.329984 34.803430
1 21.584253 30.011321
1 27.026871 35.037134
1 24.074704 31.985063
1 28.325466 36.097282
1 22.833832 30.575260
1 27.175029 34.827655
1 24.466366 32.079680
1 22.889300 30.291697
1 27.484566 34.606876
1 26.387245 33.435303
1 26.151604 33.144909
1 28.466106 35.264766
1 24.675811 31.428282
1 30.568588 37.235596
1 28.957068 35.570506
1 24.016341 30.524784
1 26.857713 33.282361
1 22.942944 29.215255
1 22.030693 28.061768
1 24.300056 30.125045
1 31.392512 37.145012
1 27.340655 32.930868
1 21.774591 27.336947
1 27.110150 32.553492
1 30.962896 36.400695
1 23.069106 28.503338
1 29.590844 35.014211
1 29.404794 34.802585
1 22.814966 28.167410
1 24.400508 29.745202
1 29.549620 34.820915
1 29.987987 35.239360
1 29.765607 34.983866
1 24.951520 30.137817
1 26.158222 31.338445
1 25.281549 30.433399
1 20.781127 25.909060
1 31.386382 36.471391
1 30.228957 35.283185
1 29.801413 34.848034
1 26.688029 31.713795
1 22.698492 27.721605
1 31.268712 36.235972
1 26.578714 31.456224
1 25.613095 30.474934
1 21.497660 26.269340
1 33.486189 38.177478
1 29.513683 34.166778
1 29.847100 34.414678
1 26.348604 30.915402
1 25.782078 30.256731
1 30.495246 34.947136
1 29.197234 33.639016
1 27.982436 32.384185
1 31.634174 36.023692
1 28.611019 32.889031
1 25.210479 29.459270
1 23.577590 27.806114
1 30.857802 35.068299
1 26.709606 30.895270
1 30.338474 34.490653
1 27.460990 31.576965
1 20.501727 24.516009
1 28.335659 32.296206
1 25.407355 29.343833
1 27.597220 31.466911
1 24.326425 28.154271
1 29.537581 33.364863
1 30.267046 34.092957
1 25.690502 29.470260
1 26.716616 30.447514
1 25.506662 29.225704
1 34.351290 38.054299
1 28.857699 32.515610
1 25.246051 28.883698
1 31.839942 35.469029
1 32.100737 35.690399
1 25.759209 29.344592
1 23.259074 26.810004
1 26.248407 29.794009
1 28.214897 31.751403
1 26.837323 30.331761
1 28.268260 31.676898
1 31.448959 34.850984
1 27.456204 30.844959
1 31.679857 35.041572
1 33.271818 36.628488
1 25.583425 28.934957
1 24.815012 28.151470
1 31.392620 34.728443
1 29.547812 32.877694
1 28.485141 31.767713
1 29.027759 32.296367
1 35.222055 38.481365
1 28.870102 32.126719
1 26.091338 29.328708
1 29.767246 33.003843
1 23.478375 26.643227
1 30.939828 34.037217
1 25.166283 28.201669
1 24.195630 27.225023
1 28.550167 31.570203
1 27.282980 30.275025
1 25.851287 28.818911
1 30.925159 33.885118
1 21.229266 24.150287
1 30.979070 33.888705
1 32.693303 35.573544
1 32.090793 34.945987
1 31.472940 34.312306
1 36.070711 38.907745
1 26.366051 29.197539
1 32.417215 35.132907
1 32.765930 35.456180
1 34.293093 36.976180
1 24.527372 27.202396
1 22.659500 25.325576
1 33.871338 36.527440
1 36.143300 38.787501
1 27.741917 30.335947
1 28.823797 31.403249
1 30.364885 32.899808
1 29.612010 32.138470
1 28.984824 31.486180
1 43.071482 45.562685
1 27.934365 30.418950
1 27.731595 30.196326
1 27.432286 29.873736
1 30.656044 33.095667
1 34.446011 36.875876
1 35.736965 38.105898
1 21.906982 24.211594
1 31.770252 34.064317
1 39.280412 41.574371
1 23.957399 26.212873
1 29.127855 31.369917
1 31.529155 33.723019
1 25.586754 27.759747
1 23.657454 25.805440
1 28.634482 30.772902
1 26.575598 28.693225
1 32.184895 34.273707
1 27.010938 29.095079
1 24.212279 26.293525
1 26.610428 28.685361
1 22.768942 24.831318
1 27.734989 29.788373
1 24.782245 26.819207
1 31.589238 33.605320
1 34.006441 35.994361
1 25.586843 27.531779
1 30.579197 32.516099
1 31.656588 33.593029
1 27.983741 29.917552
1 29.489455 31.380962
1 28.222092 30.108682
1 27.661628 29.539404
1 28.142004 30.016856
1 29.098612 30.964624
1 32.221278 34.067467
1 28.369606 30.211595
1 30.443188 32.249543
1 26.057947 27.846783
1 30.698506 32.479814
1 27.336216 29.111881
1 29.457617 31.202247
1 26.148623 27.854791
1 28.793458 30.487132
1 33.178714 34.848226
1 36.253420 37.918146
1 27.101967 28.746866
1 38.035740 39.655525
1 31.900720 33.509738
1 30.629380 32.187552
1 29.057535 30.573023
1 27.569020 29.070920
1 31.037752 32.486172
1 32.364196 33.801178
1 25.808377 27.224543
1 26.220861 27.622967
1 33.134536 34.523097
1 24.248300 25.621651
1 27.673184 29.033746
1 34.190620 35.538079
1 25.676130 27.008043
1 30.808038 32.132497
1 31.178436 32.483361
1 28.288434 29.582508
1 28.480519 29.745375
1 27.393644 28.643558
1 25.893208 27.114504
1 29.366535 30.584762
1 34.853400 36.043658
1 44.115536 45.305086
1 30.771691 31.951183
1 30.521410 31.700555
1 37.136323 38.299847
1 25.726614 26.879444
1 30.491934 31.642463
1 26.760053 27.908984
1 33.454139 34.585296
1 30.852897 31.979242
1 34.140233 35.258032
1 34.462887 35.560140
1 25.957373 27.040472
1 23.646771 24.719496
1 34.880241 35.952851
1 32.359838 33.431282
1 26.313836 27.383126
1 26.868624 27.930930
1 38.190362 39.244566
1 40.194773 41.234148
1 27.092324 28.068370
1 35.330196 36.288723
1 29.704926 30.657505
1 30.640593 31.591447
1 25.645318 26.589141
1 39.282380 40.217946
1 32.045940 32.981496
1 28.712889 29.624224
1 20.795939 21.704377
1 23.680927 24.553462
1 22.166540 23.001816
1 35.914734 36.744622
1 35.115084 35.943129
1 37.959516 38.748424
1 29.247763 30.020566
1 29.920769 30.692416
1 25.583870 26.316976
1 40.388287 41.114497
1 35.988073 36.706264
1 32.369886 33.085277
1 33.614228 34.306466
1 27.697492 28.385344
1 32.652933 33.309437
1 33.597994 34.246902
1 27.760008 28.403887
1 37.398142 38.006878
1 34.130157 34.720531
1 39.333003 39.921907
1 36.878746 37.466224
1 37.294534 37.835796
1 28.111722 28.646856
1 27.346287 27.851102
1 35.071272 35.575802
1 35.998320 36.484652
1 31.210825 31.695078
1 36.971207 37.411183
1 26.057012 26.462480
1 38.552026 38.932977
1 31.356668 31.715663
1 32.904343 33.239114
1 35.193127 35.516617
1 28.728856 29.040347
1 26.129782 26.435774
1 29.387399 29.685090
1 25.810547 25.987885
1 32.869037 33.036854
1 27.536178 27.659699
1 28.475476 28.581554
1 24.025267 24.121657
1 39.577525 39.622103
1 27.210240 27.232232
1 37.860532 37.880991
1 35.456713 35.472047
1 32.433410 32.442755
1 29.501686 29.503326
0 0.000000 inf
0 0.000000 34.594078
0 0.000000 33.877269
0 0.000000 31.056742
0 0.000000 28.438013
0 0.000000 28.216414
0 0.000000 27.598761
0 0.000000 27.161240
0 0.000000 27.086582
0 0.000000 26.990467
0 0.000000 26.706464
0 0.000000 26.682845
0 0.000000 26.641790
0 0.000000 26.565898
0 0.000000 26.543540
0 0.000000 26.479000
0 0.000000 26.458073
0 0.000000 26.414732
0 0.000000 26.383703
0 0.000000 26.358581
0 0.000000 26.349224
0 0.000000 26.283515
0 0.000000 26.220037
0 0.000000 26.212060
0 0.000000 26.124955
0 0.000000 26.106089
0 0.000000 26.105813
0 0.000000 26.088939
0 0.000000 25.933466
0 0.000000 25.875222
0 0.000000 25.840728
0 0.000000 25.719394
0 0.000000 25.676575
0 0.000000 25.639186
0 0.000000 25.619031
0 0.000000 25.546018
0 0.000000 25.411704
0 0.000000 25.406905
0 0.000000 25.368144
0 0.000000 25.364121
0 0.000000 25.288385
0 0.000000 25.243521
0 0.000000 25.241615
0 0.000000 25.159122
0 0.000000 25.109941
0 0.000000 25.081260
0 0.000000 25.037324
0 0.000000 25.013250
0 0.000000 24.946634
0 0.000000 24.939510
0 0.000000 24.878849
0 0.000000 24.794633
0 0.000000 24.664468
0 0.000000 24.541230
0 0.000000 24.420623
0 0.000000 24.348066
0 0.000000 24.192894
0 0.000000 24.139213
0 0.000000 24.047585
0 0.000000 23.939846
0 0.000000 23.907970
0 0.000000 23.846015
0 0.000000 23.759517
0 0.000000 23.745244
0 0.000000 23.673326
0 0.000000 23.636257
0 0.000000 23.608039
0 0.000000 23.449935
0 0.000000 23.421847
0 0.000000 23.396509
0 0.000000 23.241298
0 0.000000 23.192547
0 0.000000 22.995454
0 0.000000 22.939913
0 0.000000 22.847241
0 0.000000 22.786943
0 0.000000 22.781858
0 0.000000 22.707114
0 0.000000 22.515315
0 0.000000 22.475834
0 0.000000 22.442176
0 0.000000 22.435004
0 0.000000 22.427873
0 0.000000 22.394661
0 0.000000 22.376644
0 0.000000 22.289940
0 0.000000 22.264843
0 0.000000 22.168759
0 0.000000 22.117773
0 0.000000 22.093329
0 0.000000 22.089962
0 0.000000 21.977583
0 0.000000 21.951547
0 0.000000 21.941029
0 0.000000 21.932691
0 0.000000 21.924799
0 0.000000 21.846838
0 0.000000 21.817218
0 0.000000 21.598511
0 0.000000 21.594932
0 0.000000 21.555124
0 0.000000 21.466023
0 0.000000 21.417492
0 0.000000 21.402669
0 0.000000 21.332533
0 0.000000 21.222976
0 0.000000 21.112162
0 0.000000 21.110347
0 0.000000 21.088932
0 0.000000 21.050762
0 0.000000 21.042201
0 0.000000 21.022215
0 0.000000 20.860714
0 0.000000 20.809223
0 0.000000 20.802356
0 0.000000 20.698326
0 0.000000 20.646579
0 0.000000 20.626492
0 0.000000 20.613485
0 0.000000 20.556270
0 0.000000 20.556266
0 0.000000 20.554064
0 0.000000 20.499602
0 0.000000 20.492008
0 0.000000 20.394504
0 0.000000 20.377187
0 0.000000 20.376143
0 0.000000 20.371025
0 0.000000 20.359173
0 0.000000 20.315673
0 0.000000 20.210972
0 0.000000 20.083518
0 0.000000 20.032837
0 0.000000 19.810384
0 0.000000 19.706912
0 0.000000 19.640121
0 0.000000 19.587456
0 0.000000 19.507905
0 0.000000 19.301119
0 0.000000 19.270054
0 0.000000 19.074642
0 0.000000 19.067709
0 0.000000 19.027521
0 0.000000 18.947050
0 0.000000 18.934631
0 0.000000 18.875083
0 0.000000 18.827954
0 0.000000 18.780804
0 0.000000 18.726483
0 0.000000 18.668891
0 0.000000 18.635299
0 0.000000 18.579779
0 0.000000 18.533959
0 0.000000 18.455150
0 0.000000 18.434164
0 0.000000 18.289948
0 0.000000 18.240940
0 0.000000 18.220024
0 0.000000 17.973804
0 0.000000 17.908845
0 0.000000 17.866180
0 0.000000 17.836981
0 0.000000 17.575972
0 0.000000 17.565462
0 0.000000 17.466312
0 0.000000 17.431580
0 0.000000 17.297716
0 0.000000 17.242321
0 0.000000 17.220079
0 0.000000 17.197821
0 0.000000 16.940296
0 0.000000 16.822636
0 0.000000 16.701838
0 0.000000 16.674985
0 0.000000 16.643445
0 0.000000 16.421488
0 0.000000 16.220925
0 0.000000 16.013960
0 0.000000 16.011526
0 0.000000 15.733078
0 0.000000 15.729485
0 0.000000 15.500685
0 0.000000 15.360218
0 0.000000 15.307715
0 0.000000 14.710057
0 0.000000 13.739002
0 0.000000 11.519631
