1 24.883615 41.816750
1 30.038169 45.495226
1 24.873299 39.712173
1 23.822627 37.843693
1 26.527730 39.859831
1 25.501963 38.671299
1 27.972552 40.948500
1 30.361179 42.993040
1 21.453451 33.773768
1 23.372178 35.496610
1 28.984330 40.815446
1 28.992155 40.745909
1 21.945149 33.683332
1 25.411552 36.772261
1 28.158566 39.446716
1 21.959169 33.049426
1 26.046986 37.062858
1 22.507821 33.354856
1 22.362428 33.075891
1 29.227397 39.722722
1 28.765110 39.219432
1 23.540909 33.833346
1 25.896030 36.180403
1 26.400820 36.682452
1 30.928900 41.197662
1 23.981176 34.109650
1 26.624571 36.517647
1 23.209501 32.926868
1 23.942378 33.477605
1 25.988296 35.206759
1 25.876369 35.012244
1 23.891930 32.771999
1 27.535703 36.332782
1 26.697339 34.837331
1 26.108040 34.135606
1 22.573810 30.576576
1 28.399754 36.380117
1 26.728215 34.677793
1 26.083594 34.010279
1 25.999466 33.719963
1 26.890317 34.442177
1 27.222814 34.742771
1 30.085386 37.534425
1 24.469646 31.772462
1 28.607135 35.839962
1 27.063277 34.243843
1 29.379005 36.490615
1 34.367112 41.370828
1 25.574802 32.510324
1 32.436256 39.318789
1 26.133561 32.974742
1 37.239028 44.063581
1 27.525657 34.300219
1 30.340572 37.085143
1 30.101404 36.823444
1 25.494624 32.160120
1 26.032689 32.635360
1 27.057465 33.588765
1 23.369729 29.786789
1 26.172398 32.490866
1 32.817590 38.950726
1 25.253459 31.359425
1 23.462943 29.447860
1 22.477740 28.372791
1 28.570167 34.417576
1 25.669267 31.328553
1 22.054200 27.711575
1 24.016242 29.663649
1 31.301277 36.879092
1 28.540185 34.115690
1 28.171696 33.710516
1 22.621253 27.981087
1 24.399804 29.742001
1 25.868818 31.101440
1 30.783214 35.990042
1 21.745886 26.872341
1 28.559851 33.551726
1 27.380747 32.269967
1 31.435699 36.269981
1 32.534608 37.328369
1 22.142541 26.913998
1 25.039648 29.749761
1 25.609396 30.161864
1 31.254795 35.787826
1 21.040762 25.567559
1 27.028677 31.519771
1 27.572716 32.027024
1 21.348957 25.792758
1 31.431069 35.857202
1 30.076677 34.498246
1 25.795269 30.109938
1 26.178186 30.450492
1 31.290362 35.516566
1 27.019669 31.243229
1 26.646376 30.856781
1 28.839117 33.042809
1 26.958889 31.151566
1 23.960988 28.074215
1 25.569371 29.661355
1 24.531102 28.601751
1 32.006149 36.034813
1 24.601538 28.580503
1 27.649979 31.596649
1 23.421008 27.326305
1 25.666880 29.571445
1 29.375585 33.239333
1 21.835693 25.677422
1 24.509655 28.331654
1 27.764413 31.559228
1 27.015067 30.771861
1 29.306861 33.031346
1 28.948084 32.669761
1 28.681970 32.277118
1 28.158445 31.729881
1 31.889834 35.410947
1 28.321694 31.822071
1 25.886628 29.368916
1 27.370280 30.800162
1 29.877110 33.282622
1 29.136528 32.435656
1 20.040484 23.330425
1 29.487405 32.737523
1 21.351759 24.538603
1 25.002768 28.170538
1 24.169416 27.334958
1 30.136326 33.290158
1 28.406106 31.493296
1 28.527062 31.582064
1 30.402072 33.443663
1 29.282063 32.277987
1 25.665934 28.624878
1 27.108793 30.065526
1 26.790508 29.722711
1 25.407873 28.313000
1 25.199318 28.102973
1 27.514488 30.407969
1 22.970660 25.807033
1 25.826334 28.661763
1 26.259965 29.071896
1 31.183251 33.987988
1 26.294623 29.067022
1 25.448281 28.215289
1 29.253682 32.012333
1 29.891761 32.641144
1 28.536429 31.279403
1 32.897192 35.621051
1 33.349779 36.058366
1 33.547533 36.212993
1 29.064750 31.704958
1 31.286380 33.818058
1 26.536334 29.063291
1 41.744893 44.261163
1 33.965820 36.481466
1 30.391928 32.853970
1 25.402093 27.859274
1 27.323165 29.775342
1 34.071633 36.520711
1 28.746632 31.165848
1 22.803353 25.207036
1 28.986006 31.384951
1 27.496970 29.880263
1 33.063230 35.374186
1 20.310089 22.616668
1 28.864376 31.156468
1 23.935387 26.212310
1 30.116679 32.307444
1 24.214731 26.400067
1 23.611894 25.778837
1 28.838559 30.988273
1 28.738361 30.875210
1 32.148140 34.281881
1 27.236472 29.365413
1 31.149752 33.269004
1 30.950489 33.064305
1 26.018555 28.104103
1 27.829477 29.895266
1 37.004999 39.067317
1 22.703686 24.729315
1 33.594585 35.607449
1 35.011571 37.019614
1 28.673497 30.611730
1 34.813120 36.727771
1 36.072865 37.974780
1 23.948632 25.848287
1 27.595632 29.489587
1 26.244909 28.132360
1 33.908272 35.780280
1 20.556566 22.418228
1 33.086119 34.926263
1 23.569099 25.403028
1 35.982213 37.805049
1 25.451819 27.257747
1 26.221775 28.027356
1 35.007852 36.790200
1 28.472372 30.249511
1 29.336649 31.110531
1 29.412162 31.183202
1 32.736643 34.458928
1 27.675673 29.378108
1 24.166796 25.835695
1 31.906185 33.569509
1 28.427935 30.079012
1 38.025917 39.675979
1 29.434650 31.067142
1 23.925381 25.548289
1 24.749530 26.360485
1 24.986068 26.558581
1 32.671629 34.214981
1 24.445843 25.988026
1 24.368501 25.882480
1 34.424447 35.921941
1 25.622781 27.111619
1 28.910575 30.398060
1 31.278239 32.764346
1 31.891236 33.360580
1 29.170931 30.598799
1 34.194143 35.619975
1 30.076281 31.455644
1 33.276490 34.643623
1 29.258516 30.612107
1 30.368509 31.720756
1 29.471380 30.817919
1 25.965711 27.310429
1 26.685944 28.029834
1 22.500868 23.807176
1 24.359203 25.606988
1 29.134158 30.347793
1 23.916926 25.113681
1 25.592690 26.787098
1 26.037823 27.227384
1 27.342207 28.513171
1 30.418102 31.588220
1 38.113297 39.272839
1 29.141823 30.286246
1 30.900475 32.022602
1 24.708448 25.819959
1 32.038098 33.142860
1 31.660741 32.756169
1 27.943032 29.021693
1 29.181565 30.259716
1 31.920738 32.996763
1 29.429250 30.503953
1 28.150031 29.216711
1 32.368199 33.410666
1 27.887841 28.926716
1 30.341068 31.374025
1 31.023177 32.041738
1 38.678639 39.691351
1 30.877730 31.859140
1 27.102548 28.056279
1 33.528337 34.481678
1 28.817038 29.763593
1 31.166157 32.109521
1 32.513170 33.448278
1 38.320801 39.249667
1 28.573752 29.498981
1 31.420464 32.228644
1 39.219389 40.014205
1 33.215577 34.004889
1 31.625363 32.379671
1 33.087204 33.811087
1 30.741851 31.456335
1 36.407872 37.121290
1 35.472041 36.157836
1 31.686514 32.370626
1 27.606700 28.288010
1 32.455929 33.134551
1 26.847361 27.518003
1 26.865131 27.527873
1 28.320374 28.976421
1 28.184693 28.819182
1 24.506715 25.129210
1 32.020296 32.623080
1 29.665413 30.230510
1 26.660984 27.218660
1 27.463594 27.997782
1 39.874044 40.387701
1 31.476699 31.961701
1 27.628260 28.093499
1 29.655121 30.119975
1 33.364196 33.822784
1 29.393839 29.845845
1 30.881090 31.333041
1 36.234099 36.646330
1 35.421768 35.810905
1 29.923154 30.309986
1 33.416825 33.786300
1 34.489444 34.836190
1 29.759083 30.038202
1 33.402136 33.647185
1 31.404806 31.637303
1 30.297540 30.489475
1 31.329311 31.504634
1 29.030969 29.177007
1 30.249695 30.376510
1 32.677087 32.786410
1 32.910085 32.959572
1 28.737151 28.768676
1 38.787731 38.815740
1 39.674566 39.691151
1 38.189872 38.195982
0 0.000000 inf
0 0.000000 29.949025
0 0.000000 29.862384
0 0.000000 29.658552
0 0.000000 29.608481
0 0.000000 29.379899
0 0.000000 28.771465
0 0.000000 28.555742
0 0.000000 28.538054
0 0.000000 27.943397
0 0.000000 27.643087
0 0.000000 27.138545
0 0.000000 27.021869
0 0.000000 27.020817
0 0.000000 26.817274
0 0.000000 26.523807
0 0.000000 26.201384
0 0.000000 26.071723
0 0.000000 26.056112
0 0.000000 25.952305
0 0.000000 25.902441
0 0.000000 25.879294
0 0.000000 25.855590
0 0.000000 25.850024
0 0.000000 25.806257
0 0.000000 25.573563
0 0.000000 25.348401
0 0.000000 25.124555
0 0.000000 24.962576
0 0.000000 24.889017
0 0.000000 24.743368
0 0.000000 24.739824
0 0.000000 24.716324
0 0.000000 24.702161
0 0.000000 24.632163
0 0.000000 24.588932
0 0.000000 24.582846
0 0.000000 24.552344
0 0.000000 24.486542
0 0.000000 24.469598
0 0.000000 24.454635
0 0.000000 24.354247
0 0.000000 24.344183
0 0.000000 24.284152
0 0.000000 24.264355
0 0.000000 24.235719
0 0.000000 24.191241
0 0.000000 24.126774
0 0.000000 24.064699
0 0.000000 23.966232
0 0.000000 23.958735
0 0.000000 23.939554
0 0.000000 23.835467
0 0.000000 23.812009
0 0.000000 23.769229
0 0.000000 23.763066
0 0.000000 23.568608
0 0.000000 23.426996
0 0.000000 23.391039
0 0.000000 23.377877
0 0.000000 23.374884
0 0.000000 23.330453
0 0.000000 23.289441
0 0.000000 23.279086
0 0.000000 23.262367
0 0.000000 23.176831
0 0.000000 23.143136
0 0.000000 23.057356
0 0.000000 23.009179
0 0.000000 22.895913
0 0.000000 22.888840
0 0.000000 22.886845
0 0.000000 22.883960
0 0.000000 22.848991
0 0.000000 22.826065
0 0.000000 22.824099
0 0.000000 22.741525
0 0.000000 22.652598
0 0.000000 22.615265
0 0.000000 22.612984
0 0.000000 22.562628
0 0.000000 22.549131
0 0.000000 22.515475
0 0.000000 22.399821
0 0.000000 22.379996
0 0.000000 22.287854
0 0.000000 22.271768
0 0.000000 22.231196
0 0.000000 22.175723
0 0.000000 22.078940
0 0.000000 22.047735
0 0.000000 22.027539
0 0.000000 22.005164
0 0.000000 21.833914
0 0.000000 21.811661
0 0.000000 21.804403
0 0.000000 21.747992
0 0.000000 21.730407
0 0.000000 21.726973
0 0.000000 21.712410
0 0.000000 21.627607
0 0.000000 21.624813
0 0.000000 21.545616
0 0.000000 21.525088
0 0.000000 21.510943
0 0.000000 21.506887
0 0.000000 21.485810
0 0.000000 21.298800
0 0.000000 21.238242
0 0.000000 21.229102
0 0.000000 21.217898
0 0.000000 21.173904
0 0.000000 21.156325
0 0.000000 21.153414
0 0.000000 21.135515
0 0.000000 21.132926
0 0.000000 21.121791
0 0.000000 21.120951
0 0.000000 21.106559
0 0.000000 21.008201
0 0.000000 20.949845
0 0.000000 20.928265
0 0.000000 20.806530
0 0.000000 20.793686
0 0.000000 20.579377
0 0.000000 20.442084
0 0.000000 20.365738
0 0.000000 20.295356
0 0.000000 20.282160
0 0.000000 20.266044
0 0.000000 20.169655
0 0.000000 20.156261
0 0.000000 20.113175
0 0.000000 20.112508
0 0.000000 20.111344
0 0.000000 20.065706
0 0.000000 20.053888
0 0.000000 19.916612
0 0.000000 19.701314
0 0.000000 19.666409
0 0.000000 19.655454
0 0.000000 19.646724
0 0.000000 19.635897
0 0.000000 19.597823
0 0.000000 19.564134
0 0.000000 19.542916
0 0.000000 19.528525
0 0.000000 19.499882
0 0.000000 19.470155
0 0.000000 19.392154
0 0.000000 19.365511
0 0.000000 19.362154
0 0.000000 19.281026
0 0.000000 19.247713
0 0.000000 19.236716
0 0.000000 19.230410
0 0.000000 19.195501
0 0.000000 19.154665
0 0.000000 19.124925
0 0.000000 19.122993
0 0.000000 19.115121
0 0.000000 19.092023
0 0.000000 18.980955
0 0.000000 18.876966
0 0.000000 18.867602
0 0.000000 18.864980
0 0.000000 18.831903
0 0.000000 18.813369
0 0.000000 18.771739
0 0.000000 18.761406
0 0.000000 18.528750
0 0.000000 18.438583
0 0.000000 18.391305
0 0.000000 18.292700
0 0.000000 18.206518
0 0.000000 18.041896
0 0.000000 17.727710
0 0.000000 17.636456
0 0.000000 17.453236
0 0.000000 17.257344
0 0.000000 17.255087
0 0.000000 17.056250
0 0.000000 16.379439
0 0.000000 16.373913
0 0.000000 16.017351
0 0.000000 15.813666
0 0.000000 15.192813
