1 25.292147 41.657379
1 20.424903 36.562574
1 25.455640 40.732452
1 25.865759 40.906842
1 25.475532 39.459555
1 28.506496 42.038524
1 25.938884 38.761133
1 23.282097 35.939352
1 25.213767 37.569863
1 21.569076 33.798353
1 25.728642 37.821432
1 23.404329 35.263873
1 28.422482 40.112595
1 26.680665 37.256176
1 27.202478 37.674352
1 26.721661 36.491949
1 24.137875 33.766923
1 27.757783 37.266181
1 22.152812 31.585410
1 24.867679 34.232676
1 23.995906 33.262856
1 24.584950 33.772620
1 24.910136 34.057914
1 25.608793 34.680484
1 23.570293 32.623450
1 26.590607 35.425737
1 26.936415 35.686864
1 22.618937 31.342074
1 26.983109 35.589827
1 26.170289 34.705701
1 29.344365 37.707084
1 22.819269 31.168709
1 25.908628 34.142942
1 26.636889 34.856855
1 27.353704 35.488661
1 28.420317 36.539152
1 24.829785 32.896291
1 21.424634 29.299255
1 21.402208 29.226489
1 24.320196 32.137742
1 24.901190 32.678533
1 26.342123 34.099192
1 23.045177 30.770249
1 26.071263 33.709557
1 24.909920 32.279364
1 26.177707 33.423711
1 25.974743 33.143909
1 22.121995 29.284156
1 25.472389 32.572622
1 26.109850 33.183275
1 22.473579 29.421749
1 28.506983 35.416440
1 25.098058 32.003608
1 25.901211 32.799794
1 24.122975 30.995323
1 28.248123 35.014880
1 24.442335 31.174838
1 28.893784 35.557637
1 24.064228 30.653303
1 21.336625 27.791086
1 27.852743 34.288412
1 27.686912 34.058034
1 27.287054 33.653565
1 21.351119 27.628941
1 28.524029 34.704309
1 22.296029 28.279930
1 31.946077 37.865308
1 26.243297 32.128127
1 27.649783 33.436628
1 25.702439 31.430429
1 24.181310 29.707175
1 25.171814 30.647970
1 29.226062 34.549425
1 27.045903 32.351904
1 21.505374 26.700861
1 26.081617 31.270170
1 29.052840 34.240516
1 25.299324 30.354669
1 29.249845 34.275619
1 25.766477 30.651160
1 28.080457 32.952775
1 24.003186 28.863539
1 25.394221 30.220345
1 28.655538 33.392861
1 26.706877 31.404876
1 29.279682 33.976474
1 28.918199 33.479110
1 27.237385 31.764840
1 18.744367 23.255112
1 33.608177 38.116142
1 24.445002 28.943324
1 26.167707 30.661608
1 27.134861 31.617412
1 29.831984 34.164113
1 24.423796 28.750614
1 26.386589 30.706204
1 26.169469 30.457236
1 26.077890 30.351892
1 27.063687 31.309481
1 22.407771 26.632545
1 25.972414 30.140907
1 34.669457 38.770703
1 25.860309 29.873667
1 27.686779 31.650586
1 31.973590 35.925362
1 32.400725 36.246468
1 25.697088 29.488905
1 26.065221 29.854223
1 26.148751 29.899068
1 29.321687 33.028868
1 28.691449 32.337371
1 24.861748 28.478175
1 32.344692 35.882181
1 26.221943 29.728734
1 30.372224 33.858207
1 26.695612 30.160553
1 26.801497 30.262055
1 23.045763 26.502040
1 26.220354 29.669847
1 27.294498 30.724722
1 29.106267 32.504035
1 18.706959 22.050320
1 29.983090 33.290757
1 27.573074 30.865055
1 38.578946 41.861281
1 27.277784 30.429516
1 27.408056 30.439793
1 31.552874 34.553513
1 26.115957 29.107985
1 26.810115 29.774630
1 24.857142 27.795029
1 27.134839 30.069428
1 27.769633 30.694345
1 28.492329 31.356043
1 26.026922 28.884871
1 22.730561 25.579463
1 27.487318 30.274327
1 24.760245 27.457968
1 29.264612 31.926345
1 30.793326 33.433194
1 30.914911 33.546222
1 25.906143 28.536117
1 30.977750 33.576519
1 29.521981 32.014730
1 30.973756 33.431092
1 27.240129 29.691536
1 32.226580 34.671148
1 28.330283 30.771219
1 38.804812 41.243753
1 25.820428 28.236723
1 25.480225 27.870703
1 27.104768 29.488400
1 28.995198 31.361291
1 30.642534 33.004155
1 30.656179 32.988917
1 31.342550 33.674886
1 27.840147 30.121805
1 22.894295 25.135155
1 33.473893 35.688482
1 30.408868 32.618972
1 27.954381 30.164241
1 24.374393 26.575386
1 30.669679 32.854329
1 23.467967 25.575464
1 31.539060 33.616333
1 22.097680 24.142673
1 31.285813 33.298692
1 28.063208 30.048214
1 23.213449 25.179931
1 25.335666 27.253141
1 24.634272 26.540385
1 35.402477 37.307327
1 28.319128 30.221229
1 31.318160 33.218002
1 30.575151 32.445358
1 29.876568 31.720047
1 23.753181 25.593027
1 25.565805 27.388672
1 29.293226 31.110731
1 29.168941 30.980370
1 27.181343 28.956433
1 28.648467 30.412120
1 30.888119 32.622534
1 27.495275 29.218335
1 28.156585 29.875696
1 30.728705 32.414283
1 26.264231 27.945771
1 28.885454 30.559788
1 25.036025 26.701268
1 36.513803 38.172519
1 25.526739 27.181994
1 28.878229 30.529866
1 28.518028 30.159166
1 26.123937 27.756959
1 32.681158 34.311965
1 26.581768 28.197663
1 28.453857 30.064487
1 35.296326 36.897050
1 26.419336 27.994575
1 32.591486 34.159788
1 29.302728 30.868712
1 22.753873 24.311424
1 28.766204 30.323218
1 20.410402 21.956135
1 25.216663 26.743507
1 22.661949 24.158015
1 26.305494 27.784511
1 24.227358 25.700972
1 29.372968 30.836220
1 30.658924 32.112474
1 31.839895 33.288325
1 30.911974 32.355936
1 21.997896 23.440372
1 29.327437 30.729581
1 37.503643 38.904833
1 31.247213 32.622053
1 30.222066 31.589074
1 27.312086 28.636426
1 23.321289 24.623918
1 29.358986 30.659659
1 30.646708 31.942736
1 26.891398 28.183588
1 29.094651 30.383282
1 30.574274 31.861379
1 35.425887 36.711574
1 26.679925 27.955901
1 31.966910 33.223824
1 25.260976 26.501746
1 30.926193 32.145751
1 27.001280 28.212669
1 28.107426 29.310365
1 24.783224 25.985535
1 35.970176 37.163086
1 29.611237 30.773458
1 33.826769 34.974098
1 33.285938 34.428174
1 30.714505 31.849621
1 27.377300 28.476526
1 36.021533 37.097587
1 30.046179 31.094404
1 26.054170 27.084567
1 32.704881 33.716251
1 23.636358 24.643908
1 29.150060 30.106882
1 28.935548 29.882034
1 33.381646 34.327896
1 32.477697 33.421969
1 29.733356 30.670975
1 25.857861 26.792717
1 28.898221 29.822807
1 33.751426 34.638908
1 31.290339 32.176506
1 29.702395 30.584969
1 36.592944 37.443913
1 27.806655 28.656964
1 21.994570 22.842922
1 27.432573 28.249616
1 30.450924 31.252301
1 32.333015 33.130593
1 28.066346 28.853548
1 24.965466 25.751540
1 29.032212 29.815130
1 27.559856 28.342579
1 26.395941 27.171067
1 27.274742 28.038521
1 36.424027 37.182726
1 30.902964 31.651388
1 36.789367 37.519567
1 30.048834 30.762468
1 25.516835 26.229613
1 27.298532 28.008699
1 31.303380 32.004987
1 33.317575 34.009423
1 26.410040 27.062095
1 29.014838 29.651346
1 21.753204 22.353792
1 32.621187 33.205311
1 31.678948 32.250292
1 35.116241 35.671672
1 25.897978 26.448023
1 28.815191 29.348173
1 28.864034 29.395589
1 30.027016 30.537679
1 28.330812 28.786755
1 28.830414 29.274173
1 33.021299 33.420221
1 31.619803 31.988358
1 31.433387 31.773619
1 26.895918 27.233646
1 33.877595 34.214373
1 26.876276 27.163193
1 22.238744 22.466704
1 34.157192 34.345982
1 36.179988 36.349604
1 26.938387 27.091215
1 30.361632 30.506781
1 34.048249 34.188905
1 28.143713 28.279124
1 33.396421 33.531754
1 35.912852 36.041294
1 35.380311 35.497175
1 39.071514 39.176880
1 34.975712 35.080160
1 32.500456 32.598415
1 34.591755 34.689099
1 34.171353 34.246845
1 32.976759 33.007703
1 31.912879 31.935658
0 0.000000 inf
0 0.000000 28.126557
0 0.000000 28.012982
0 0.000000 27.731941
0 0.000000 27.259064
0 0.000000 27.036384
0 0.000000 26.695287
0 0.000000 26.436840
0 0.000000 26.371499
0 0.000000 26.227344
0 0.000000 26.157815
0 0.000000 26.091322
0 0.000000 25.988653
0 0.000000 25.861433
0 0.000000 25.786016
0 0.000000 25.752921
0 0.000000 25.735703
0 0.000000 25.653630
0 0.000000 25.567638
0 0.000000 25.428028
0 0.000000 25.405471
0 0.000000 25.392037
0 0.000000 25.243485
0 0.000000 25.242250
0 0.000000 25.229327
0 0.000000 25.195937
0 0.000000 25.161761
0 0.000000 25.148476
0 0.000000 25.040890
0 0.000000 24.893197
0 0.000000 24.830875
0 0.000000 24.766991
0 0.000000 24.739708
0 0.000000 24.653833
0 0.000000 24.574410
0 0.000000 24.543550
0 0.000000 24.489571
0 0.000000 24.375118
0 0.000000 24.317243
0 0.000000 24.273620
0 0.000000 24.269764
0 0.000000 24.192710
0 0.000000 24.146964
0 0.000000 24.067569
0 0.000000 24.037022
0 0.000000 23.960505
0 0.000000 23.886699
0 0.000000 23.856644
0 0.000000 23.756040
0 0.000000 23.739966
0 0.000000 23.709010
0 0.000000 23.660740
0 0.000000 23.634702
0 0.000000 23.592606
0 0.000000 23.554489
0 0.000000 23.546858
0 0.000000 23.535721
0 0.000000 23.526205
0 0.000000 23.510362
0 0.000000 23.502219
0 0.000000 23.410990
0 0.000000 23.408694
0 0.000000 23.302241
0 0.000000 23.212013
0 0.000000 23.150748
0 0.000000 23.119783
0 0.000000 23.068234
0 0.000000 23.046402
0 0.000000 22.969417
0 0.000000 22.947210
0 0.000000 22.912430
0 0.000000 22.863282
0 0.000000 22.736552
0 0.000000 22.701045
0 0.000000 22.659553
0 0.000000 22.647387
0 0.000000 22.569025
0 0.000000 22.560473
0 0.000000 22.358160
0 0.000000 22.346290
0 0.000000 22.331397
0 0.000000 22.315019
0 0.000000 22.241399
0 0.000000 22.237774
0 0.000000 22.217618
0 0.000000 22.168652
0 0.000000 22.163932
0 0.000000 22.140775
0 0.000000 22.059312
0 0.000000 22.057096
0 0.000000 21.989610
0 0.000000 21.909199
0 0.000000 21.893282
0 0.000000 21.886511
0 0.000000 21.883852
0 0.000000 21.734493
0 0.000000 21.715712
0 0.000000 21.579528
0 0.000000 21.408352
0 0.000000 21.355083
0 0.000000 21.314206
0 0.000000 21.312846
0 0.000000 21.263531
0 0.000000 21.226004
0 0.000000 21.207671
0 0.000000 21.193765
0 0.000000 21.186641
0 0.000000 21.180307
0 0.000000 21.142868
0 0.000000 21.125949
0 0.000000 21.049349
0 0.000000 21.032780
0 0.000000 21.010470
0 0.000000 20.766724
0 0.000000 20.758647
0 0.000000 20.639367
0 0.000000 20.600925
0 0.000000 20.588361
0 0.000000 20.469276
0 0.000000 20.397504
0 0.000000 20.385587
0 0.000000 20.368136
0 0.000000 20.346592
0 0.000000 20.340070
0 0.000000 20.304310
0 0.000000 20.299483
0 0.000000 20.223799
0 0.000000 20.190327
0 0.000000 20.186669
0 0.000000 20.167537
0 0.000000 20.063892
0 0.000000 20.057679
0 0.000000 20.052297
0 0.000000 19.958824
0 0.000000 19.958279
0 0.000000 19.736530
0 0.000000 19.731742
0 0.000000 19.697230
0 0.000000 19.695303
0 0.000000 19.663538
0 0.000000 19.661186
0 0.000000 19.639286
0 0.000000 19.607082
0 0.000000 19.433288
0 0.000000 19.145112
0 0.000000 19.105140
0 0.000000 19.057751
0 0.000000 19.018766
0 0.000000 18.953930
0 0.000000 18.886224
0 0.000000 18.574309
0 0.000000 18.531372
0 0.000000 18.523479
0 0.000000 18.427241
0 0.000000 18.338142
0 0.000000 18.278455
0 0.000000 18.275058
0 0.000000 18.271239
0 0.000000 18.255073
0 0.000000 18.207447
0 0.000000 18.199421
0 0.000000 18.193746
0 0.000000 18.106959
0 0.000000 17.998731
0 0.000000 17.953557
0 0.000000 17.917806
0 0.000000 17.912488
0 0.000000 17.710236
0 0.000000 17.578111
0 0.000000 17.517618
0 0.000000 17.467234
0 0.000000 17.461694
0 0.000000 17.432390
0 0.000000 17.432335
0 0.000000 17.349622
0 0.000000 17.347464
0 0.000000 17.120465
0 0.000000 17.050697
0 0.000000 16.770293
0 0.000000 16.674301
0 0.000000 16.540518
0 0.000000 16.488785
0 0.000000 16.281245
0 0.000000 15.733293
0 0.000000 14.528021
0 0.000000 14.259144
0 0.000000 14.121704
