1 30.186621 68.829908
1 26.285727 59.542568
1 22.881220 53.664147
1 35.031111 62.760408
1 34.276996 58.585617
1 30.161799 53.123425
1 29.560161 51.923050
1 27.113191 49.368097
1 32.458193 54.425082
1 29.805699 51.017169
1 26.549430 47.386202
1 28.074534 48.710561
1 27.603567 47.758603
1 36.834287 56.334697
1 22.080702 40.290050
1 28.481936 46.192438
1 30.463305 47.314309
1 35.169015 51.976989
1 24.869913 41.358621
1 26.879765 43.224652
1 25.055498 41.234945
1 26.702808 42.669360
1 28.319788 44.092493
1 30.703682 46.109158
1 37.246823 52.512917
1 26.814674 41.964695
1 18.277579 33.419882
1 39.109661 53.913945
1 34.136273 48.141420
1 34.072750 47.834111
1 24.298056 37.936643
1 29.234489 42.856274
1 24.498574 38.042808
1 23.640105 36.924305
1 21.451030 34.285284
1 32.949678 45.632517
1 23.486283 36.053219
1 21.251622 33.652730
1 28.930429 40.815002
1 38.237146 50.090233
1 36.923272 48.454644
1 37.547955 48.803739
1 24.372995 35.194637
1 32.036658 42.831577
1 27.220329 37.896081
1 32.872055 43.401990
1 31.208972 41.538293
1 23.193599 33.410253
1 31.940133 42.025626
1 27.476590 37.371009
1 19.818567 29.706168
1 32.696350 42.399926
1 35.406825 45.088164
1 40.126188 49.666973
1 25.895960 35.108946
1 24.252378 33.413245
1 30.149047 39.269575
1 33.209982 42.323369
1 25.996146 34.858319
1 25.261932 34.100781
1 30.285719 39.018788
1 28.794427 37.494541
1 32.118762 40.768506
1 32.965405 41.576533
1 38.357616 46.957344
1 32.757366 41.232460
1 31.004504 39.405895
1 35.871504 44.226605
1 25.516232 33.858288
1 36.993030 45.206162
1 25.356715 33.369339
1 37.638586 45.555446
1 24.049187 31.759437
1 35.525664 43.066345
1 31.152719 38.618632
1 24.010515 31.300378
1 30.909275 38.164956
1 25.148283 32.347363
1 19.495820 26.685570
1 27.888343 34.993406
1 24.122027 31.185328
1 25.094667 32.059648
1 49.482647 56.441581
1 23.606552 30.431863
1 29.054842 35.728257
1 36.734195 43.264976
1 34.964652 41.455637
1 36.698266 43.051015
1 28.290456 34.621550
1 36.465288 42.686285
1 19.777577 25.997096
1 24.190771 30.376878
1 45.343111 51.278806
1 27.394439 33.323990
1 27.632155 33.543366
1 22.577857 28.438061
1 25.553851 31.413126
1 37.502958 43.325413
1 34.253628 40.026278
1 39.136293 44.840003
1 29.150302 34.788902
1 25.261245 30.770512
1 27.092103 32.508715
1 20.366727 25.742500
1 33.188753 38.484997
1 37.477871 42.613187
1 31.509664 36.596380
1 27.945625 32.938013
1 37.647213 42.622697
1 25.515386 30.466303
1 35.895832 40.772730
1 29.616613 34.457588
1 38.017859 42.832131
1 43.002544 47.802341
1 25.590822 30.382405
1 32.723773 37.470789
1 22.193477 26.848016
1 35.623835 40.175813
1 25.431654 29.939897
1 30.525544 34.995104
1 32.160310 36.612207
1 36.026115 40.467214
1 28.354871 32.728327
1 34.682547 38.938063
1 43.885903 48.088328
1 26.744872 30.843509
1 31.401930 35.387376
1 44.015636 47.917455
1 32.655538 36.365926
1 28.070909 31.722201
1 28.264010 31.868363
1 26.838625 30.405536
1 22.047529 25.508550
1 19.728984 23.134366
1 28.569341 31.964345
1 25.402798 28.722306
1 25.049533 28.360474
1 43.112717 46.347682
1 45.142405 48.355527
1 25.556735 28.755797
1 37.375011 40.536641
1 31.763889 34.917010
1 46.245718 49.208125
1 27.723802 30.585935
1 35.669128 38.525580
1 28.533374 31.343379
1 38.759624 41.557739
1 19.782345 22.554444
1 45.036138 47.707852
1 38.096447 40.761486
1 36.462062 39.014071
1 26.666198 29.217041
1 33.961068 36.509087
1 25.657119 28.189998
1 34.207741 36.698774
1 29.489605 31.933114
1 33.674131 36.096815
1 49.347360 51.734038
1 29.578162 31.917207
1 38.235586 40.549504
1 32.066116 34.378563
1 40.123140 42.426255
1 29.486555 31.787608
1 30.404146 32.679746
1 30.794934 33.028949
1 33.302370 35.501871
1 30.170393 32.351858
1 17.658917 19.829684
1 39.120760 41.187524
1 41.955959 44.021641
1 29.085313 31.144464
1 14.717652 16.709548
1 25.649374 27.607560
1 26.555032 28.488589
1 44.490935 46.397651
1 39.647674 41.537688
1 39.122024 40.980723
1 27.196902 29.027242
1 36.113370 37.933908
1 30.234228 32.047894
1 33.195111 34.910012
1 33.581001 35.253895
1 37.155190 38.817233
1 44.333663 45.981980
1 37.318187 38.956818
1 23.914394 25.510642
1 42.243432 43.814823
1 42.090289 43.657838
1 27.334464 28.861814
1 39.490924 41.006720
1 43.480808 44.996419
1 45.884361 47.387905
1 40.123384 41.617116
1 26.994292 28.401487
1 45.403260 46.805710
1 30.532231 31.899016
1 35.207866 36.574101
1 25.843306 27.203096
1 21.699384 23.005943
1 23.838643 25.106500
1 28.423431 29.682585
1 20.814088 22.032174
1 41.953321 43.164576
1 37.694951 38.881959
1 34.434541 35.619253
1 33.173179 34.338231
1 22.968346 24.125030
1 39.678446 40.828678
1 36.808955 37.932471
1 38.273505 39.379452
1 39.309213 40.392627
1 28.134770 29.162802
1 37.925996 38.948642
1 33.796177 34.730332
1 46.489232 47.386298
1 39.994206 40.857383
1 30.444572 31.304487
1 29.173666 30.010315
1 35.691930 36.522551
1 46.836989 47.659250
1 30.966331 31.759799
1 48.134297 48.905022
1 21.722910 22.491683
1 27.569856 28.304512
1 19.741841 20.386041
1 32.290070 32.933510
1 32.819475 33.452003
1 27.335648 27.966436
1 28.024559 28.603867
1 28.383181 28.959724
1 28.609422 29.178993
1 32.691094 33.251947
1 38.206412 38.733732
1 37.301951 37.806191
1 35.477002 35.981090
1 31.371017 31.866125
1 36.595301 37.083620
1 49.132284 49.568599
1 41.600463 42.028092
1 31.449042 31.860717
1 41.683041 42.083766
1 33.875190 34.257139
1 36.569309 36.929822
1 42.368733 42.724429
1 36.574341 36.924483
1 23.122156 23.456537
1 30.975837 31.293943
1 37.550864 37.867349
1 48.359926 48.658500
1 39.629780 39.910703
1 51.697848 51.922730
1 35.094445 35.288037
1 33.885298 34.057268
1 23.661772 23.824324
1 41.150155 41.282917
1 41.551361 41.676956
1 40.490649 40.601531
1 36.173327 36.279461
1 27.773191 27.868002
1 30.073419 30.162196
1 38.159699 38.236365
1 51.825085 51.865949
1 20.819796 20.856232
1 32.333637 32.369986
1 47.364533 47.399982
1 30.508028 30.517003
0 0.000000 inf
0 0.000000 43.138090
0 0.000000 33.810269
0 0.000000 33.017766
0 0.000000 32.788581
0 0.000000 31.965608
0 0.000000 31.219835
0 0.000000 29.847154
0 0.000000 29.843134
0 0.000000 29.786496
0 0.000000 29.610553
0 0.000000 29.609809
0 0.000000 29.489539
0 0.000000 29.300687
0 0.000000 29.080429
0 0.000000 28.942314
0 0.000000 28.876070
0 0.000000 28.728895
0 0.000000 28.718846
0 0.000000 28.299287
0 0.000000 28.251284
0 0.000000 28.044677
0 0.000000 28.041541
0 0.000000 27.712786
0 0.000000 27.093943
0 0.000000 27.071323
0 0.000000 27.069154
0 0.000000 27.065397
0 0.000000 26.977228
0 0.000000 26.937996
0 0.000000 26.910691
0 0.000000 26.905468
0 0.000000 26.667038
0 0.000000 26.627248
0 0.000000 26.551583
0 0.000000 26.447461
0 0.000000 26.380913
0 0.000000 26.294729
0 0.000000 26.128288
0 0.000000 25.952249
0 0.000000 25.911313
0 0.000000 25.885264
0 0.000000 25.876814
0 0.000000 25.828442
0 0.000000 25.811449
0 0.000000 25.768403
0 0.000000 25.576442
0 0.000000 25.456946
0 0.000000 25.094934
0 0.000000 24.975409
0 0.000000 24.924008
0 0.000000 24.862210
0 0.000000 24.817373
0 0.000000 24.512610
0 0.000000 24.502747
0 0.000000 24.369462
0 0.000000 24.230010
0 0.000000 24.186972
0 0.000000 24.044103
0 0.000000 24.016593
0 0.000000 23.871310
0 0.000000 23.809253
0 0.000000 23.748227
0 0.000000 23.522598
0 0.000000 23.514255
0 0.000000 23.311968
0 0.000000 23.290455
0 0.000000 23.193887
0 0.000000 23.163276
0 0.000000 23.150136
0 0.000000 23.143015
0 0.000000 23.060662
0 0.000000 23.039346
0 0.000000 22.947124
0 0.000000 22.862047
0 0.000000 22.862010
0 0.000000 22.840578
0 0.000000 22.546592
0 0.000000 22.542258
0 0.000000 22.445408
0 0.000000 22.022680
0 0.000000 21.980615
0 0.000000 21.978594
0 0.000000 21.919864
0 0.000000 21.859014
0 0.000000 21.812578
0 0.000000 21.733285
0 0.000000 21.711696
0 0.000000 21.448970
0 0.000000 21.301916
0 0.000000 21.301662
0 0.000000 21.287838
0 0.000000 21.213099
0 0.000000 20.931662
0 0.000000 20.872439
0 0.000000 20.766120
0 0.000000 20.674432
0 0.000000 20.664095
0 0.000000 20.611452
0 0.000000 20.572770
0 0.000000 20.531180
0 0.000000 20.527854
0 0.000000 20.350911
0 0.000000 20.236663
0 0.000000 20.190235
0 0.000000 20.049630
0 0.000000 20.039436
0 0.000000 20.014918
0 0.000000 19.974819
0 0.000000 19.859502
0 0.000000 19.809810
0 0.000000 19.795051
0 0.000000 19.700758
0 0.000000 19.571288
0 0.000000 19.494578
0 0.000000 19.384727
0 0.000000 19.315235
0 0.000000 19.231680
0 0.000000 19.204875
0 0.000000 19.198571
0 0.000000 19.113599
0 0.000000 19.037607
0 0.000000 18.994212
0 0.000000 18.938530
0 0.000000 18.883312
0 0.000000 18.849277
0 0.000000 18.732350
0 0.000000 18.721564
0 0.000000 18.714578
0 0.000000 18.693320
0 0.000000 18.600881
0 0.000000 18.595639
0 0.000000 18.402512
0 0.000000 18.211999
0 0.000000 17.947670
0 0.000000 17.906987
0 0.000000 17.876674
0 0.000000 17.747820
0 0.000000 17.676803
0 0.000000 17.555476
0 0.000000 17.453146
0 0.000000 17.432874
0 0.000000 17.384849
0 0.000000 17.340646
0 0.000000 17.333034
0 0.000000 17.095376
0 0.000000 17.087802
0 0.000000 17.067963
0 0.000000 17.067157
0 0.000000 16.723615
0 0.000000 16.704926
0 0.000000 16.648555
0 0.000000 16.486871
0 0.000000 16.450577
0 0.000000 16.271681
0 0.000000 16.200429
0 0.000000 16.175941
0 0.000000 16.154194
0 0.000000 16.032297
0 0.000000 15.977434
0 0.000000 15.947348
0 0.000000 15.895608
0 0.000000 15.839468
0 0.000000 15.671741
0 0.000000 15.229007
0 0.000000 15.155034
0 0.000000 15.076811
0 0.000000 15.062640
0 0.000000 14.604717
0 0.000000 14.435004
0 0.000000 14.222419
0 0.000000 14.067167
0 0.000000 13.834222
0 0.000000 13.818754
0 0.000000 13.111863
0 0.000000 12.280742
0 0.000000 12.138377
0 0.000000 12.111043
0 0.000000 12.026975
0 0.000000 11.949930
0 0.000000 11.876183
0 0.000000 11.806500
0 0.000000 11.485272
0 0.000000 10.713511
0 0.000000 9.452994
0 0.000000 8.354393
0 0.000000 8.103418
