1 26.066139 56.761750
1 28.035685 54.484287
1 27.106083 48.134896
1 26.425320 46.604557
1 34.336039 53.184333
1 31.891353 50.728529
1 26.026122 44.449091
1 33.454102 51.198110
1 29.715891 46.555488
1 25.278521 41.576611
1 30.089438 45.926052
1 29.649999 45.461628
1 25.919032 41.579434
1 23.332124 38.814324
1 26.462783 41.671129
1 26.921690 42.010650
1 32.769987 47.796377
1 30.081233 44.921035
1 25.932677 40.616967
1 29.999652 44.484967
1 29.529441 44.003675
1 29.386410 43.542529
1 26.710857 40.690788
1 30.376457 44.261948
1 30.788029 44.648606
1 26.404045 40.119960
1 24.571843 37.994977
1 24.903110 38.132846
1 32.784750 45.785622
1 33.028284 46.009855
1 37.268663 50.117209
1 24.912704 37.671969
1 25.343768 37.921169
1 30.742198 43.311911
1 30.592705 42.993188
1 24.154473 36.289250
1 26.203682 38.300449
1 24.570906 36.602016
1 31.065929 43.086847
1 31.319438 43.319305
1 27.658041 39.635434
1 31.148262 43.039391
1 25.515124 37.282047
1 25.157338 36.814372
1 22.227606 33.737379
1 31.289479 42.599827
1 27.122119 38.349696
1 21.510462 32.416293
1 26.351063 37.152650
1 28.569325 39.369832
1 31.942702 42.731986
1 37.411335 48.057265
1 20.790162 31.394054
1 32.309347 42.624053
1 23.504814 33.710724
1 49.258129 59.288346
1 17.690582 27.704958
1 30.752814 40.723149
1 27.442748 37.185783
1 24.486385 34.057679
1 35.010649 44.308840
1 34.909649 44.068577
1 23.581659 32.693707
1 29.181448 38.134720
1 28.407342 37.038803
1 32.259742 40.736925
1 31.096631 38.740205
1 40.074350 47.664638
1 26.917843 34.414426
1 28.515066 35.917281
1 25.318671 32.703204
1 38.724398 46.097748
1 21.423464 28.763660
1 30.104113 37.381501
1 26.219093 33.480312
1 28.751991 35.598686
1 28.679111 35.338629
1 25.058553 31.678331
1 32.406168 39.005390
1 24.454590 31.021193
1 32.408060 38.945099
1 31.573107 38.098620
1 21.134189 27.360373
1 26.474643 32.620141
1 27.602087 33.548074
1 35.292052 41.181465
1 32.071561 37.928691
1 29.660966 35.384365
1 35.213491 40.839653
1 25.879446 31.352797
1 28.149237 33.587721
1 37.617281 43.048713
1 35.517604 40.917701
1 36.980934 42.241691
1 36.416284 41.340558
1 40.513969 45.426507
1 24.813470 29.643583
1 39.785048 44.571976
1 30.353499 35.121133
1 35.159800 39.754779
1 23.385223 27.644203
1 19.470794 23.691164
1 25.061010 29.253303
1 30.896522 35.043991
1 24.156657 28.245612
1 32.292671 36.348156
1 34.794524 38.790419
1 35.095046 39.083189
1 42.126512 46.113963
1 37.956897 41.915150
1 35.525442 39.483526
1 17.332524 21.288653
1 27.564516 31.439860
1 31.781847 35.655351
1 30.821416 34.669722
1 29.462723 33.249356
1 32.856822 36.594053
1 46.001779 49.653477
1 26.168438 29.802282
1 40.901164 44.527340
1 31.570430 35.184306
1 31.467670 35.074971
1 36.228720 39.791352
1 32.737880 36.274622
1 18.999876 22.470606
1 27.842330 31.273588
1 24.997664 28.423308
1 29.518624 32.924500
1 16.051403 19.416288
1 21.843508 25.055247
1 51.316723 54.502050
1 25.550483 28.702761
1 21.962465 25.108250
1 17.296841 20.437542
1 26.209364 29.306455
1 27.123953 30.179119
1 26.881508 29.806008
1 30.623042 33.490813
1 34.251367 37.100882
1 34.168467 36.977202
1 30.795198 33.413812
1 35.524617 38.089612
1 27.053686 29.558439
1 27.304518 29.806133
1 40.150200 42.643753
1 31.719639 34.198015
1 34.396383 36.850556
1 43.269404 45.697299
1 24.570818 26.972081
1 51.559051 53.931703
1 34.966840 37.324970
1 37.187414 39.541748
1 47.026537 49.370973
1 22.507831 24.849549
1 30.895894 33.186591
1 27.349452 29.636787
1 34.024417 36.277157
1 31.494737 33.681991
1 39.145467 41.328665
1 40.425800 42.602265
1 29.121992 31.249210
1 20.215105 22.321557
1 31.033860 33.133143
1 34.009638 36.024980
1 27.796705 29.805478
1 37.440292 39.436776
1 33.494539 35.394620
1 25.215642 27.098350
1 27.220420 29.088644
1 35.552112 37.360849
1 31.527305 33.316400
1 31.736419 33.518773
1 22.386334 24.126624
1 29.309382 31.020977
1 30.628986 32.332052
1 38.899924 40.559633
1 41.423192 43.065771
1 26.667910 28.270016
1 37.647386 39.228768
1 28.537534 30.061938
1 30.357185 31.881134
1 45.865399 47.379135
1 24.527401 26.024874
1 35.385607 36.831115
1 17.527040 18.945411
1 29.862963 31.277641
1 26.729174 28.111358
1 40.078121 41.437417
1 25.809052 27.166826
1 35.173148 36.524711
1 18.443439 19.790578
1 25.403067 26.730728
1 33.563431 34.883570
1 33.927242 35.242904
1 26.693569 27.999997
1 28.030477 29.327437
1 36.720535 38.014566
1 21.946470 23.235005
1 46.307435 47.560776
1 30.112977 31.353932
1 43.673456 44.893346
1 25.077349 26.292018
1 25.904801 27.115633
1 24.898547 26.093653
1 33.029079 34.213755
1 33.950305 35.131819
1 37.696769 38.852866
1 34.796695 35.913829
1 25.917952 27.033119
1 36.223476 37.292061
1 30.884254 31.913856
1 26.224811 27.254144
1 41.414000 42.430664
1 29.608689 30.620509
1 35.865477 36.872152
1 35.607265 36.609025
1 30.444692 31.420085
1 28.450579 29.407467
1 36.998677 37.940510
1 28.421714 29.359175
1 37.441176 38.362031
1 40.350936 41.263713
1 36.836419 37.739151
1 31.445283 32.342411
1 29.938010 30.782677
1 37.092717 37.931040
1 34.615147 35.452094
1 23.341762 24.175082
1 38.189707 39.017891
1 24.416294 25.241765
1 34.695209 35.513931
1 33.228622 34.043176
1 31.425310 32.193150
1 41.283764 42.050653
1 36.683277 37.424486
1 42.330941 43.043759
1 44.671709 45.382763
1 33.919328 34.627928
1 35.479088 36.176855
1 30.718989 31.393710
1 25.546987 26.214133
1 43.557042 44.221045
1 24.991292 25.632105
1 17.868999 18.497708
1 32.796722 33.425075
1 38.120954 38.734217
1 36.754101 37.344825
1 32.544881 33.126136
1 35.992815 36.546438
1 35.983416 36.529839
1 26.799094 27.290273
1 56.591935 57.071432
1 32.132437 32.590901
1 21.619923 22.048718
1 24.301752 24.722095
1 31.870138 32.266660
1 26.978081 27.353064
1 30.395362 30.728419
1 24.314426 24.639370
1 37.393099 37.712113
1 38.280544 38.556671
1 34.121822 34.346720
1 46.573759 46.780624
1 26.806732 26.977742
1 29.660871 29.779204
1 36.714683 36.791303
1 28.088294 28.151392
1 41.956933 42.013514
1 40.073963 40.126525
1 35.062597 35.111462
1 48.724817 48.760743
0 0.000000 inf
0 0.000000 43.285151
0 0.000000 35.149364
0 0.000000 34.163566
0 0.000000 32.470609
0 0.000000 31.383275
0 0.000000 31.183501
0 0.000000 30.882027
0 0.000000 30.539218
0 0.000000 30.162817
0 0.000000 30.054176
0 0.000000 29.575331
0 0.000000 29.510098
0 0.000000 29.385454
0 0.000000 29.123765
0 0.000000 29.096830
0 0.000000 28.969701
0 0.000000 28.797591
0 0.000000 28.694833
0 0.000000 28.420807
0 0.000000 28.065045
0 0.000000 28.040323
0 0.000000 27.817799
0 0.000000 27.788058
0 0.000000 27.748250
0 0.000000 27.641020
0 0.000000 27.035296
0 0.000000 26.784158
0 0.000000 26.386856
0 0.000000 26.317600
0 0.000000 26.149996
0 0.000000 26.139183
0 0.000000 25.968505
0 0.000000 25.722475
0 0.000000 25.718864
0 0.000000 25.451411
0 0.000000 25.295067
0 0.000000 25.262692
0 0.000000 25.166135
0 0.000000 24.886188
0 0.000000 24.856131
0 0.000000 24.798685
0 0.000000 24.727776
0 0.000000 24.703755
0 0.000000 24.656280
0 0.000000 24.654142
0 0.000000 24.515061
0 0.000000 24.360812
0 0.000000 24.272993
0 0.000000 24.264527
0 0.000000 23.800360
0 0.000000 23.702926
0 0.000000 23.619508
0 0.000000 23.614318
0 0.000000 23.470601
0 0.000000 23.456220
0 0.000000 23.382496
0 0.000000 23.349048
0 0.000000 23.301696
0 0.000000 23.263801
0 0.000000 23.249609
0 0.000000 23.203623
0 0.000000 23.201708
0 0.000000 23.134532
0 0.000000 23.043529
0 0.000000 23.033844
0 0.000000 23.012538
0 0.000000 22.985458
0 0.000000 22.932297
0 0.000000 22.918333
0 0.000000 22.913074
0 0.000000 22.774321
0 0.000000 22.637791
0 0.000000 22.602846
0 0.000000 22.580232
0 0.000000 22.510805
0 0.000000 22.396077
0 0.000000 22.296994
0 0.000000 22.173706
0 0.000000 22.154816
0 0.000000 22.143117
0 0.000000 22.071130
0 0.000000 22.000735
0 0.000000 21.951087
0 0.000000 21.932382
0 0.000000 21.867052
0 0.000000 21.813056
0 0.000000 21.810812
0 0.000000 21.810075
0 0.000000 21.799085
0 0.000000 21.760656
0 0.000000 21.740332
0 0.000000 21.720703
0 0.000000 21.603755
0 0.000000 21.542662
0 0.000000 21.487324
0 0.000000 21.444844
0 0.000000 21.273852
0 0.000000 21.270554
0 0.000000 21.091434
0 0.000000 21.088289
0 0.000000 20.996827
0 0.000000 20.953555
0 0.000000 20.864492
0 0.000000 20.859716
0 0.000000 20.815780
0 0.000000 20.719930
0 0.000000 20.472106
0 0.000000 20.440211
0 0.000000 20.401748
0 0.000000 20.400447
0 0.000000 20.400052
0 0.000000 20.216974
0 0.000000 20.177727
0 0.000000 20.074243
0 0.000000 20.033049
0 0.000000 20.002937
0 0.000000 19.980846
0 0.000000 19.948879
0 0.000000 19.587475
0 0.000000 19.425027
0 0.000000 19.413690
0 0.000000 19.336552
0 0.000000 19.218885
0 0.000000 19.190223
0 0.000000 19.168453
0 0.000000 19.048317
0 0.000000 19.043992
0 0.000000 18.897864
0 0.000000 18.815465
0 0.000000 18.784083
0 0.000000 18.768357
0 0.000000 18.750618
0 0.000000 18.733427
0 0.000000 18.468293
0 0.000000 18.256611
0 0.000000 18.223393
0 0.000000 17.945807
0 0.000000 17.912255
0 0.000000 17.745097
0 0.000000 17.716617
0 0.000000 17.707405
0 0.000000 17.539605
0 0.000000 17.474711
0 0.000000 17.404755
0 0.000000 17.379725
0 0.000000 17.345231
0 0.000000 16.948480
0 0.000000 16.874223
0 0.000000 16.816560
0 0.000000 16.797146
0 0.000000 16.787072
0 0.000000 16.755876
0 0.000000 16.719480
0 0.000000 16.703368
0 0.000000 16.585022
0 0.000000 16.561708
0 0.000000 16.558051
0 0.000000 16.506115
0 0.000000 16.362105
0 0.000000 16.178771
0 0.000000 15.957656
0 0.000000 15.747270
0 0.000000 15.697580
0 0.000000 15.670646
0 0.000000 15.600126
0 0.000000 15.432802
0 0.000000 14.876985
0 0.000000 14.813259
0 0.000000 14.650505
0 0.000000 14.479614
0 0.000000 14.208707
0 0.000000 14.146141
0 0.000000 14.034607
0 0.000000 13.831439
0 0.000000 13.492864
0 0.000000 13.348562
0 0.000000 13.097426
0 0.000000 12.929989
0 0.000000 12.753357
0 0.000000 12.533004
0 0.000000 11.750100
0 0.000000 11.466731
0 0.000000 11.462294
0 0.000000 10.716815
0 0.000000 8.600292
0 0.000000 7.161791
