1 25.398791 43.439662
1 27.040109 40.912388
1 27.969237 41.694163
1 28.091434 41.322038
1 21.268369 34.353328
1 22.062483 34.767972
1 25.921196 38.444912
1 23.116304 35.039145
1 26.147415 37.771189
1 31.326707 42.596821
1 23.311286 34.571980
1 22.044548 33.217094
1 30.465477 41.517853
1 26.602691 37.621894
1 30.240243 40.969720
1 30.237054 40.903519
1 23.394970 33.889093
1 26.018938 36.484857
1 24.272969 34.429544
1 25.629578 35.609179
1 25.427470 35.301984
1 30.969676 40.549740
1 21.855905 31.423237
1 30.008933 39.569196
1 22.779159 32.185947
1 27.295808 36.512826
1 25.572875 34.782087
1 30.143315 39.277827
1 20.015840 28.679444
1 22.654112 31.183335
1 22.089939 30.588712
1 24.114430 32.584475
1 24.948304 33.329327
1 32.432948 40.786924
1 24.944859 33.228112
1 24.177367 32.446947
1 30.137871 38.345995
1 22.264306 30.339755
1 32.940923 40.965811
1 28.627111 36.476390
1 20.773493 28.621140
1 23.828237 31.390811
1 34.677957 42.169601
1 28.201995 35.644297
1 30.536967 37.949668
1 29.592954 36.998788
1 22.544857 29.946829
1 24.227257 31.553129
1 21.627102 28.700940
1 22.882635 29.953352
1 28.104159 35.157716
1 30.816609 37.799610
1 19.538632 26.483996
1 31.492193 38.129355
1 33.378583 39.992972
1 26.110540 32.623660
1 20.491314 26.861990
1 23.584335 29.941439
1 22.089594 28.443453
1 21.729995 28.082043
1 25.745781 31.966100
1 25.157238 31.337194
1 26.963287 33.109270
1 25.060894 31.124586
1 26.512753 32.555736
1 28.422843 34.404920
1 23.359651 29.320562
1 26.437300 32.392977
1 22.119887 28.044396
1 34.172956 39.950594
1 24.392598 29.918950
1 34.447399 39.923194
1 31.626969 37.075063
1 33.465709 38.830394
1 22.470981 27.573500
1 27.569647 32.665484
1 27.138182 32.067705
1 28.375148 33.204072
1 32.024890 36.813249
1 23.524612 28.279511
1 33.720474 38.455125
1 27.176860 31.858550
1 26.773443 31.452080
1 23.943697 28.620446
1 29.105214 33.775198
1 17.880057 22.427822
1 22.069999 26.462952
1 27.992182 32.350279
1 25.729865 30.061258
1 33.809452 38.128693
1 42.544269 46.840521
1 19.374291 23.668665
1 26.888495 31.159201
1 32.048234 36.312783
1 22.731959 26.990150
1 35.361137 39.617388
1 29.192162 33.415395
1 28.406780 32.600720
1 22.808967 26.993287
1 22.103751 26.233992
1 34.145720 38.268889
1 32.073820 36.160872
1 24.166324 28.222990
1 26.062363 30.078257
1 31.454152 35.375347
1 29.152930 33.051515
1 25.983668 29.842501
1 32.352855 36.204182
1 22.044467 25.875172
1 32.243242 36.065313
1 23.049359 26.852506
1 27.710726 31.506245
1 33.561207 37.355036
1 23.940738 27.624481
1 29.093199 32.762893
1 19.711527 23.354421
1 24.682824 28.307157
1 21.959131 25.580562
1 21.939946 25.541657
1 26.602131 30.201428
1 35.204188 38.755587
1 32.897169 36.415726
1 34.842656 38.329627
1 28.058868 31.534603
1 22.247098 25.714036
1 26.357491 29.783162
1 21.925205 25.339140
1 32.003512 35.371022
1 20.164051 23.469718
1 25.384184 28.618078
1 30.305824 33.523315
1 30.364567 33.550242
1 24.389661 27.552336
1 26.691460 29.846550
1 30.934835 34.062080
1 24.063168 27.168465
1 29.277405 32.362754
1 30.234803 33.223264
1 23.127906 26.109336
1 24.651276 27.626485
1 29.013965 31.959638
1 33.274416 36.202878
1 34.943759 37.868644
1 28.546154 31.465206
1 20.875368 23.724489
1 20.151122 22.989675
1 22.965835 25.797557
1 26.309839 29.136284
1 28.448098 31.270742
1 18.156559 20.974544
1 22.926824 25.722330
1 24.170924 26.939558
1 35.854644 38.610083
1 22.749005 25.494433
1 37.881450 40.622147
1 24.830848 27.559023
1 27.239641 29.945470
1 28.172234 30.839999
1 36.498662 39.123280
1 29.890186 32.492530
1 21.977302 24.573955
1 32.715708 35.265395
1 27.233601 29.766098
1 34.936246 37.462803
1 33.546450 36.034181
1 20.230131 22.681078
1 22.283481 24.707523
1 32.167798 34.564416
1 24.252931 26.647280
1 30.225200 32.602527
1 28.936147 31.283917
1 25.593162 27.937634
1 24.662493 27.000157
1 42.124106 44.458118
1 27.098810 29.408013
1 28.092517 30.383411
1 27.610894 29.895818
1 22.275357 24.543073
1 29.296159 31.559393
1 35.300685 37.530177
1 25.581695 27.808247
1 27.987667 30.170693
1 31.168943 33.340260
1 20.592042 22.745684
1 27.718305 29.868008
1 20.936535 23.039369
1 28.255222 30.335687
1 24.205544 26.267067
1 22.191771 24.237798
1 22.942285 24.987095
1 24.124728 26.161241
1 31.934004 33.917673
1 27.329490 29.301912
1 27.861278 29.813722
1 23.878272 25.803073
1 33.582994 35.494640
1 24.741970 26.647917
1 24.327855 26.228750
1 28.634635 30.524292
1 27.281594 29.155589
1 33.255577 35.056284
1 33.170297 34.970001
1 18.775179 20.563292
1 26.380453 28.155842
1 29.548460 31.265157
1 32.673473 34.388926
1 23.292863 25.000324
1 24.626387 26.325219
1 29.023734 30.649031
1 25.716263 27.326206
1 24.118850 25.669538
1 32.541740 34.078116
1 19.486563 21.017412
1 32.818322 34.334313
1 28.428136 29.916093
1 23.233970 24.690319
1 27.493473 28.947751
1 29.399782 30.833584
1 30.688928 32.118518
1 29.868856 31.288549
1 30.587797 31.975009
1 25.842182 27.222928
1 21.779334 23.126425
1 35.852511 37.197812
1 29.551379 30.893323
1 30.989767 32.325788
1 25.629217 26.914930
1 25.057290 26.338912
1 33.025544 34.272654
1 36.126971 37.371273
1 26.982366 28.218770
1 27.380717 28.562145
1 25.341612 26.508915
1 39.631901 40.778161
1 28.914548 30.059672
1 28.776565 29.907925
1 24.863788 25.990137
1 30.239702 31.344069
1 30.325778 31.409813
1 22.221243 23.253782
1 32.357197 33.383614
1 25.143369 26.149035
1 30.918084 31.904541
1 35.419878 36.399403
1 25.871148 26.841294
1 30.540682 31.497084
1 35.450913 36.364377
1 31.119770 32.029032
1 29.703012 30.607137
1 40.026765 40.866563
1 31.876245 32.705160
1 29.918060 30.730178
1 24.485833 25.292203
1 22.972900 23.774871
1 39.387730 40.189039
1 26.290710 27.086950
1 33.185450 33.978325
1 27.692116 28.473768
1 30.367608 31.114273
1 35.459528 36.182563
1 30.895757 31.613950
1 24.565841 25.258113
1 30.509163 31.171322
1 27.938081 28.597590
1 31.298790 31.949743
1 27.820714 28.471337
1 37.090659 37.731195
1 34.746615 35.342134
1 34.631862 35.167608
1 30.160265 30.690672
1 22.627805 23.148721
1 25.388384 25.906875
1 31.081675 31.593673
1 29.588791 30.064418
1 34.062264 34.534964
1 39.014083 39.477654
1 26.072142 26.474691
1 27.039004 27.438435
1 37.523972 37.886608
1 27.024111 27.381261
1 35.002603 35.310317
1 39.723308 40.023041
1 33.801237 34.084746
1 32.105133 32.382806
1 25.579024 25.851080
1 31.067662 31.277949
1 38.829842 39.032437
1 29.274485 29.465133
1 31.294800 31.483868
1 31.713827 31.890201
1 24.972792 25.146744
1 27.347407 27.473957
1 26.833399 26.949645
1 35.841432 35.921219
1 23.014921 23.067286
1 41.828893 41.864083
1 36.539041 36.565412
1 23.255681 23.278517
0 0.000000 inf
0 0.000000 30.099849
0 0.000000 29.966747
0 0.000000 29.645376
0 0.000000 29.496091
0 0.000000 29.415005
0 0.000000 28.909401
0 0.000000 28.737229
0 0.000000 28.216019
0 0.000000 28.099182
0 0.000000 27.983210
0 0.000000 27.909478
0 0.000000 27.643996
0 0.000000 27.608559
0 0.000000 27.604106
0 0.000000 27.439938
0 0.000000 27.429230
0 0.000000 27.338897
0 0.000000 26.812425
0 0.000000 26.802060
0 0.000000 26.762538
0 0.000000 26.434361
0 0.000000 26.401118
0 0.000000 26.152948
0 0.000000 26.067042
0 0.000000 25.980417
0 0.000000 25.912483
0 0.000000 25.838198
0 0.000000 25.764017
0 0.000000 25.755022
0 0.000000 25.698506
0 0.000000 25.631674
0 0.000000 25.554503
0 0.000000 25.466641
0 0.000000 25.159215
0 0.000000 25.067000
0 0.000000 24.894765
0 0.000000 24.813041
0 0.000000 24.786540
0 0.000000 24.777458
0 0.000000 24.414397
0 0.000000 24.365836
0 0.000000 24.306113
0 0.000000 24.164394
0 0.000000 24.162214
0 0.000000 24.153669
0 0.000000 24.137274
0 0.000000 24.129353
0 0.000000 24.086843
0 0.000000 23.889804
0 0.000000 23.855807
0 0.000000 23.811046
0 0.000000 23.661997
0 0.000000 23.640087
0 0.000000 23.547752
0 0.000000 23.436580
0 0.000000 23.278434
0 0.000000 23.196899
0 0.000000 23.161623
0 0.000000 23.152832
0 0.000000 23.094445
0 0.000000 23.013946
0 0.000000 22.975484
0 0.000000 22.864934
0 0.000000 22.705049
0 0.000000 22.640017
0 0.000000 22.524600
0 0.000000 22.395253
0 0.000000 22.372362
0 0.000000 22.354986
0 0.000000 22.286739
0 0.000000 22.198602
0 0.000000 22.110427
0 0.000000 22.085933
0 0.000000 22.030498
0 0.000000 21.971927
0 0.000000 21.944874
0 0.000000 21.915686
0 0.000000 21.904376
0 0.000000 21.892190
0 0.000000 21.879301
0 0.000000 21.775985
0 0.000000 21.649657
0 0.000000 21.644045
0 0.000000 21.547657
0 0.000000 21.510843
0 0.000000 21.194040
0 0.000000 21.163937
0 0.000000 21.123651
0 0.000000 21.113639
0 0.000000 21.097999
0 0.000000 21.048025
0 0.000000 21.034426
0 0.000000 21.019042
0 0.000000 20.967696
0 0.000000 20.967453
0 0.000000 20.933375
0 0.000000 20.906920
0 0.000000 20.903478
0 0.000000 20.855808
0 0.000000 20.765514
0 0.000000 20.729205
0 0.000000 20.720175
0 0.000000 20.608512
0 0.000000 20.589878
0 0.000000 20.551646
0 0.000000 20.535417
0 0.000000 20.517989
0 0.000000 20.507316
0 0.000000 20.433659
0 0.000000 20.389215
0 0.000000 20.337674
0 0.000000 20.334615
0 0.000000 20.238459
0 0.000000 20.201214
0 0.000000 20.120829
0 0.000000 20.057095
0 0.000000 20.024788
0 0.000000 19.887203
0 0.000000 19.828091
0 0.000000 19.821254
0 0.000000 19.675267
0 0.000000 19.658661
0 0.000000 19.604240
0 0.000000 19.507058
0 0.000000 19.484256
0 0.000000 19.480596
0 0.000000 19.427816
0 0.000000 19.404265
0 0.000000 19.391003
0 0.000000 19.295077
0 0.000000 19.289242
0 0.000000 19.269007
0 0.000000 19.214808
0 0.000000 19.126738
0 0.000000 19.061832
0 0.000000 18.990514
0 0.000000 18.955183
0 0.000000 18.926682
0 0.000000 18.793750
0 0.000000 18.780293
0 0.000000 18.509321
0 0.000000 18.428869
0 0.000000 18.339015
0 0.000000 18.273795
0 0.000000 18.169648
0 0.000000 18.156065
0 0.000000 18.132590
0 0.000000 18.043720
0 0.000000 18.003802
0 0.000000 17.966960
0 0.000000 17.954744
0 0.000000 17.837171
0 0.000000 17.583177
0 0.000000 17.546516
0 0.000000 17.426880
0 0.000000 17.390689
0 0.000000 17.331266
0 0.000000 17.291368
0 0.000000 17.186832
0 0.000000 17.180275
0 0.000000 17.149530
0 0.000000 17.146253
0 0.000000 17.126606
0 0.000000 17.116521
0 0.000000 17.058679
0 0.000000 17.046307
0 0.000000 17.010918
0 0.000000 16.937166
0 0.000000 16.879858
0 0.000000 16.824861
0 0.000000 16.817580
0 0.000000 16.745032
0 0.000000 16.662049
0 0.000000 16.604537
0 0.000000 16.347404
0 0.000000 16.079368
0 0.000000 15.845253
0 0.000000 15.580038
0 0.000000 15.498212
0 0.000000 15.142736
0 0.000000 15.013616
0 0.000000 14.632098
0 0.000000 14.561601
0 0.000000 14.302663
0 0.000000 14.049934
0 0.000000 13.920513
