1 24.726117 45.628991
1 25.718176 46.464279
1 23.519630 42.537526
1 27.908935 44.615432
1 24.932953 39.209983
1 23.365238 37.349170
1 23.729736 35.654298
1 25.856744 37.625922
1 24.638059 36.372390
1 24.535216 36.246171
1 29.676847 41.355372
1 27.976320 39.512671
1 23.651690 34.907223
1 26.312002 37.310456
1 26.508557 37.255403
1 26.388288 37.058393
1 25.635428 36.213028
1 25.648317 35.857780
1 20.413187 30.539227
1 19.188259 29.082089
1 30.885546 40.421063
1 26.538360 35.991103
1 24.644783 34.038910
1 22.229933 31.454821
1 26.493565 35.538550
1 24.797262 33.829556
1 34.070163 43.082672
1 22.651676 31.462275
1 25.986483 34.693095
1 27.699152 36.337347
1 29.386133 37.952889
1 28.543382 36.949488
1 26.411437 34.765929
1 26.084961 34.292296
1 34.719267 42.874438
1 26.971804 35.090389
1 23.602971 31.701654
1 24.757791 32.821746
1 20.923480 28.902118
1 27.717716 35.511384
1 20.920033 28.454345
1 30.631462 38.134971
1 28.303996 35.684169
1 23.803295 31.170176
1 24.000965 31.342343
1 21.941369 29.182978
1 24.316780 31.545804
1 22.702101 29.881866
1 32.547620 39.647042
1 26.500510 33.562512
1 32.960193 39.985194
1 30.100992 37.119312
1 24.761656 31.726652
1 25.650385 32.508436
1 28.373047 35.044302
1 23.594922 30.251375
1 20.579684 27.170506
1 22.625507 29.210751
1 29.138413 35.630141
1 24.834884 31.160274
1 26.500132 32.755108
1 23.058386 29.130150
1 21.898270 27.943099
1 24.912243 30.930795
1 30.933797 36.946331
1 24.480571 30.454256
1 20.950547 26.899695
1 31.028935 36.969889
1 29.983290 35.881472
1 21.905900 27.754731
1 27.592007 33.435968
1 25.700451 31.515664
1 27.877410 33.621367
1 23.197123 28.901144
1 26.804064 32.475881
1 29.499417 35.148505
1 23.036985 28.601329
1 30.600065 36.019024
1 29.341128 34.690232
1 22.592183 27.901706
1 29.023819 34.073459
1 29.698701 34.637302
1 31.214571 36.106701
1 24.195971 29.062065
1 23.581991 28.389800
1 22.292680 27.076113
1 27.638784 32.403433
1 27.795251 32.527465
1 25.551836 30.278458
1 34.905271 39.554943
1 32.217457 36.815297
1 31.527598 36.123518
1 28.777543 33.178291
1 31.990120 36.338883
1 36.779572 41.039731
1 24.199256 28.406234
1 29.320330 33.453990
1 31.669134 35.798863
1 28.894792 33.020438
1 26.788803 30.847225
1 27.219749 31.246026
1 31.658522 35.645806
1 29.252040 33.229455
1 32.290666 36.248546
1 31.515431 35.439284
1 22.575697 26.406645
1 32.613397 36.429073
1 25.072218 28.863256
1 30.728433 34.517091
1 27.970743 31.639161
1 26.453547 30.037415
1 31.885611 35.383488
1 24.816095 28.311160
1 26.423289 29.900493
1 20.498731 23.915553
1 28.075344 31.400763
1 29.695169 32.965141
1 32.103613 35.344575
1 32.278073 35.474600
1 24.965495 28.145941
1 27.788700 30.945869
1 31.275928 34.423300
1 27.036830 30.139023
1 25.008302 28.100951
1 29.416940 32.507335
1 24.333927 27.395277
1 38.107444 41.154416
1 32.220787 35.258206
1 29.596500 32.610465
1 26.392362 29.384299
1 24.536329 27.506561
1 24.912470 27.876043
1 26.507204 29.469024
1 26.842497 29.789084
1 30.871604 33.759904
1 32.324515 35.204981
1 27.008842 29.879793
1 29.578087 32.407316
1 23.574338 26.397769
1 26.670593 29.432720
1 32.792169 35.550683
1 30.344451 33.087057
1 29.006398 31.730504
1 24.936740 27.585512
1 27.716367 30.349525
1 24.947362 27.568255
1 29.954405 32.575139
1 32.374900 34.941239
1 30.342427 32.857973
1 29.921869 32.415683
1 29.989738 32.479686
1 24.634813 27.065926
1 34.217784 36.606661
1 28.578667 30.964929
1 31.446195 33.828696
1 27.398384 29.752416
1 22.377108 24.718721
1 25.418259 27.749667
1 27.058049 29.379694
1 26.365439 28.684734
1 31.055300 33.364979
1 27.216416 29.517029
1 23.171406 25.462323
1 31.510562 33.770919
1 26.196258 28.429853
1 24.300037 26.533371
1 27.215054 29.441051
1 24.963973 27.184304
1 23.093737 25.307698
1 25.937986 28.140835
1 35.607540 37.782708
1 26.027823 28.192194
1 26.105426 28.258831
1 31.825844 33.973461
1 25.198670 27.342181
1 28.277462 30.420821
1 21.864290 23.985671
1 36.395629 38.482408
1 27.437583 29.511609
1 31.169098 33.237431
1 28.394344 30.429376
1 27.767705 29.785485
1 24.222789 26.230549
1 26.215234 28.220552
1 27.000365 28.983236
1 31.035759 33.012254
1 33.220475 35.138877
1 28.783383 30.687401
1 27.363868 29.255885
1 25.274801 27.163507
1 29.775916 31.655872
1 36.987101 38.841976
1 28.412519 30.260510
1 29.080382 30.923085
1 31.745564 33.578197
1 28.732567 30.552022
1 31.170715 32.977368
1 25.445401 27.227757
1 26.744791 28.523045
1 29.435519 31.185214
1 27.873862 29.612295
1 40.055549 41.781852
1 31.291672 33.017939
1 33.237504 34.958458
1 23.930328 25.646527
1 32.355337 34.055145
1 31.155797 32.832580
1 33.518290 35.163004
1 33.973661 35.613054
1 31.007634 32.608676
1 26.794274 28.390986
1 26.793964 28.386194
1 32.288555 33.798007
1 33.281363 34.777490
1 31.962926 33.452500
1 33.699771 35.174799
1 30.645350 32.114312
1 42.933657 44.397608
1 35.108189 36.556091
1 31.559477 33.000901
1 29.294097 30.731290
1 27.024646 28.459400
1 26.489485 27.923888
1 26.829366 28.250010
1 26.032668 27.423402
1 33.175241 34.559776
1 30.203949 31.570171
1 25.687463 27.040548
1 25.726218 27.079255
1 26.586135 27.935978
1 37.760676 39.087483
1 27.129198 28.437988
1 30.129043 31.418568
1 24.133276 25.391824
1 27.187468 28.407487
1 30.576795 31.787934
1 25.909310 27.109257
1 25.066575 26.238676
1 28.002818 29.174139
1 28.615654 29.776209
1 27.465074 28.615900
1 35.182303 36.308037
1 32.926820 34.041356
1 32.393293 33.465657
1 25.112256 26.184568
1 39.318407 40.355577
1 25.488511 26.489981
1 33.909731 34.900387
1 34.086951 35.044808
1 29.634819 30.581243
1 30.890531 31.825722
1 34.967005 35.896570
1 38.451030 39.357914
1 30.664484 31.549967
1 27.219222 28.075464
1 31.940006 32.777197
1 27.924509 28.757960
1 25.114898 25.946252
1 41.396019 42.220118
1 28.311282 29.117164
1 26.247362 27.046402
1 27.113680 27.910699
1 31.727748 32.492006
1 26.915794 27.638501
1 34.341203 35.063117
1 32.170087 32.883090
1 29.472267 30.183299
1 41.225453 41.927854
1 27.822507 28.523988
1 29.413551 30.113203
1 26.560586 27.246448
1 26.456806 27.127146
1 31.920287 32.571114
1 31.612093 32.207623
1 27.404502 27.985469
1 32.643774 33.195736
1 32.071093 32.618583
1 36.616330 37.159593
1 32.551400 33.070808
1 31.683820 32.199943
1 35.077967 35.590196
1 29.245111 29.751598
1 27.589487 28.092636
1 38.746074 39.247603
1 26.458979 26.949671
1 34.058431 34.479984
1 31.689560 32.065389
1 31.914472 32.285270
1 33.901710 34.270378
1 34.350609 34.697877
1 25.494252 25.812468
1 29.352755 29.637524
1 35.117137 35.380306
1 28.093917 28.355536
1 36.467927 36.694622
1 29.297455 29.467232
1 29.067828 29.187000
1 25.277601 25.394034
1 25.701458 25.786165
1 34.019010 34.094500
1 30.109099 30.180630
1 26.987846 27.038783
0 0.000000 inf
0 0.000000 31.243002
0 0.000000 30.014881
0 0.000000 29.108629
0 0.000000 28.934185
0 0.000000 28.834785
0 0.000000 28.332751
0 0.000000 27.840264
0 0.000000 27.687947
0 0.000000 27.185629
0 0.000000 27.154315
0 0.000000 27.117181
0 0.000000 26.919241
0 0.000000 26.778993
0 0.000000 26.459314
0 0.000000 26.377662
0 0.000000 26.260213
0 0.000000 26.245455
0 0.000000 26.165821
0 0.000000 26.127742
0 0.000000 25.931114
0 0.000000 25.899016
0 0.000000 25.853872
0 0.000000 25.777706
0 0.000000 25.500744
0 0.000000 25.441048
0 0.000000 25.421951
0 0.000000 25.400906
0 0.000000 25.382924
0 0.000000 25.316871
0 0.000000 25.017362
0 0.000000 24.804690
0 0.000000 24.801990
0 0.000000 24.749541
0 0.000000 24.680904
0 0.000000 24.672395
0 0.000000 24.668855
0 0.000000 24.595943
0 0.000000 24.584893
0 0.000000 24.564221
0 0.000000 24.520787
0 0.000000 24.475984
0 0.000000 24.444814
0 0.000000 24.409671
0 0.000000 24.369367
0 0.000000 24.305730
0 0.000000 24.201258
0 0.000000 24.193458
0 0.000000 24.070873
0 0.000000 23.980020
0 0.000000 23.859603
0 0.000000 23.812682
0 0.000000 23.748469
0 0.000000 23.746457
0 0.000000 23.624622
0 0.000000 23.605914
0 0.000000 23.329375
0 0.000000 23.264117
0 0.000000 23.184755
0 0.000000 23.141619
0 0.000000 23.135506
0 0.000000 23.068532
0 0.000000 23.040235
0 0.000000 22.988628
0 0.000000 22.945562
0 0.000000 22.929918
0 0.000000 22.908121
0 0.000000 22.828203
0 0.000000 22.807148
0 0.000000 22.769220
0 0.000000 22.755932
0 0.000000 22.712824
0 0.000000 22.709439
0 0.000000 22.708548
0 0.000000 22.649686
0 0.000000 22.640164
0 0.000000 22.619281
0 0.000000 22.618978
0 0.000000 22.586048
0 0.000000 22.573900
0 0.000000 22.573775
0 0.000000 22.561888
0 0.000000 22.554915
0 0.000000 22.490732
0 0.000000 22.428075
0 0.000000 22.397415
0 0.000000 22.378015
0 0.000000 22.090713
0 0.000000 22.089828
0 0.000000 22.050737
0 0.000000 22.016957
0 0.000000 22.008660
0 0.000000 22.007752
0 0.000000 21.892241
0 0.000000 21.861564
0 0.000000 21.800579
0 0.000000 21.767762
0 0.000000 21.709000
0 0.000000 21.705676
0 0.000000 21.579501
0 0.000000 21.518170
0 0.000000 21.507079
0 0.000000 21.442674
0 0.000000 21.399431
0 0.000000 21.398793
0 0.000000 21.374670
0 0.000000 21.235456
0 0.000000 21.208570
0 0.000000 21.187412
0 0.000000 21.103735
0 0.000000 21.058282
0 0.000000 21.038612
0 0.000000 20.892250
0 0.000000 20.869428
0 0.000000 20.778796
0 0.000000 20.652099
0 0.000000 20.640859
0 0.000000 20.635358
0 0.000000 20.627120
0 0.000000 20.622353
0 0.000000 20.579537
0 0.000000 20.573132
0 0.000000 20.528363
0 0.000000 20.524629
0 0.000000 20.509534
0 0.000000 20.338354
0 0.000000 20.275608
0 0.000000 20.263138
0 0.000000 20.234137
0 0.000000 20.194568
0 0.000000 20.180182
0 0.000000 20.004615
0 0.000000 19.965160
0 0.000000 19.959243
0 0.000000 19.811445
0 0.000000 19.787650
0 0.000000 19.747357
0 0.000000 19.747271
0 0.000000 19.706171
0 0.000000 19.693755
0 0.000000 19.689439
0 0.000000 19.689404
0 0.000000 19.587972
0 0.000000 19.553527
0 0.000000 19.524482
0 0.000000 19.439015
0 0.000000 19.371129
0 0.000000 19.110354
0 0.000000 19.096511
0 0.000000 18.871948
0 0.000000 18.861209
0 0.000000 18.841243
0 0.000000 18.782650
0 0.000000 18.757850
0 0.000000 18.729400
0 0.000000 18.612100
0 0.000000 18.610589
0 0.000000 18.525831
0 0.000000 18.491039
0 0.000000 18.475517
0 0.000000 18.471591
0 0.000000 18.470721
0 0.000000 18.306749
0 0.000000 18.298666
0 0.000000 18.165587
0 0.000000 18.060075
0 0.000000 18.021530
0 0.000000 18.021442
0 0.000000 17.900569
0 0.000000 17.897396
0 0.000000 17.618270
0 0.000000 17.538085
0 0.000000 17.352992
0 0.000000 17.286164
0 0.000000 17.167816
0 0.000000 17.138877
0 0.000000 17.012902
0 0.000000 16.981449
0 0.000000 16.645083
0 0.000000 16.325139
0 0.000000 16.295860
0 0.000000 16.291761
0 0.000000 15.636302
0 0.000000 15.281985
0 0.000000 14.925191
0 0.000000 14.832101
0 0.000000 14.018521
