1 26.872336 68.415418
1 28.944693 66.551297
1 40.477280 70.453654
1 29.972976 57.746456
1 30.547228 55.235729
1 23.068177 45.956372
1 27.493408 50.202376
1 26.168710 48.587909
1 43.246591 65.122084
1 28.738253 50.379542
1 26.487840 47.751532
1 28.536429 49.625043
1 29.189550 49.684855
1 36.953931 56.960568
1 26.899882 46.856266
1 31.259154 51.145587
1 24.406725 44.075983
1 37.946234 56.207603
1 27.024105 45.253724
1 23.793461 41.369553
1 27.443050 44.433051
1 30.785326 46.635709
1 30.102887 45.712754
1 17.916627 33.520763
1 45.676485 60.804554
1 16.305097 30.921978
1 22.217390 36.510696
1 42.323528 56.570327
1 36.008566 50.186321
1 24.683105 38.586616
1 36.535201 49.631364
1 38.692672 51.683475
1 31.687563 44.598525
1 26.935788 39.816082
1 19.014936 31.761657
1 32.090612 44.662689
1 21.653053 33.827816
1 26.857035 39.025165
1 27.951432 40.066585
1 34.054457 46.141797
1 16.739938 28.418096
1 19.098803 30.397841
1 27.535968 38.811007
1 37.928044 48.912633
1 43.008351 53.932155
1 39.528764 50.436353
1 27.356412 38.109258
1 36.059986 46.530548
1 31.938787 41.600392
1 32.379969 41.968252
1 24.806772 34.365528
1 28.153109 37.495321
1 19.005012 28.347008
1 29.696459 38.949694
1 30.075710 39.319126
1 24.074037 33.301094
1 30.466617 39.593525
1 39.414828 48.487768
1 51.957254 60.856184
1 35.533560 44.335009
1 36.236212 44.899763
1 42.412880 51.019189
1 31.503320 40.093635
1 29.982294 38.561634
1 32.876819 41.211902
1 18.037059 26.353555
1 26.954744 35.220888
1 30.114823 38.230615
1 28.445008 36.519103
1 34.061811 41.911918
1 28.650723 36.459683
1 30.893360 38.620953
1 38.067186 45.662307
1 25.557826 33.123933
1 38.978936 46.426391
1 26.003235 33.446692
1 26.332652 33.770370
1 35.965324 43.317387
1 25.557586 32.792238
1 40.657405 47.850113
1 20.526794 27.626371
1 23.791744 30.869299
1 31.917645 38.981613
1 27.495276 34.545413
1 31.754015 38.527176
1 41.119534 47.891340
1 30.988087 37.716484
1 32.656100 39.254021
1 31.992060 38.535759
1 17.850571 24.357845
1 44.994807 51.422277
1 22.818550 29.238954
1 34.622466 40.974674
1 27.348021 33.492048
1 42.389638 48.360125
1 41.620587 47.549861
1 32.097996 37.882592
1 20.815577 26.596002
1 47.849466 53.627977
1 40.188047 45.911612
1 29.812975 35.535873
1 39.317167 44.997259
1 30.508885 36.179889
1 31.327813 36.971894
1 33.050734 38.662351
1 26.815833 32.322982
1 29.555018 34.863855
1 29.573799 34.789742
1 29.191184 34.240130
1 36.787301 41.796215
1 24.616305 29.605250
1 35.143899 40.125502
1 28.798048 33.766162
1 23.742053 28.634130
1 33.698044 38.560316
1 34.219701 39.047298
1 27.674229 32.426529
1 40.775308 45.490514
1 26.500892 31.201224
1 26.113153 30.724788
1 36.311439 40.922212
1 32.605418 37.097059
1 31.567222 35.960385
1 37.904749 42.197995
1 28.748602 33.025729
1 35.333808 39.314271
1 30.073433 34.038746
1 39.931735 43.870041
1 27.635828 31.558541
1 32.793658 36.636205
1 32.804347 36.637629
1 17.091061 20.915654
1 32.548757 36.363750
1 29.089582 32.895484
1 27.883032 31.653551
1 39.649974 43.296192
1 34.427831 38.027665
1 16.478878 19.971323
1 41.949950 45.439988
1 41.808990 45.164059
1 30.728153 33.912132
1 38.578608 41.753599
1 40.247619 43.409661
1 49.366259 52.512239
1 33.233945 36.366525
1 34.706700 37.711650
1 57.477477 60.419664
1 27.875950 30.804720
1 26.485645 29.338083
1 28.835590 31.675009
1 29.392012 32.230325
1 32.654033 35.416988
1 27.395850 30.158585
1 20.314505 23.062003
1 39.821723 42.480746
1 45.209690 47.834664
1 41.546149 44.122929
1 33.060355 35.602247
1 33.083220 35.580193
1 32.802904 35.266388
1 24.219961 26.577046
1 27.344517 29.677908
1 50.428420 52.751111
1 22.425500 24.693956
1 28.232655 30.484007
1 30.389959 32.641163
1 30.246466 32.425959
1 28.966014 31.076194
1 43.824808 45.932042
1 33.367420 35.473153
1 35.771934 37.827213
1 34.711293 36.761778
1 35.957568 37.985121
1 30.246359 32.254190
1 33.930097 35.890224
1 22.009434 23.961301
1 28.293923 30.213757
1 34.142438 36.015933
1 21.134915 22.990484
1 33.881952 35.726627
1 20.002267 21.815130
1 30.012021 31.809366
1 23.224665 25.010391
1 19.648415 21.397374
1 19.979436 21.674670
1 25.722549 27.372981
1 32.373735 33.917411
1 47.875186 49.393340
1 34.371360 35.848579
1 26.440107 27.913062
1 23.441284 24.883600
1 30.022323 31.414138
1 41.112163 42.460296
1 27.368529 28.698769
1 33.411353 34.729409
1 32.644954 33.957808
1 23.715678 25.025084
1 31.060098 32.363414
1 25.420250 26.701601
1 35.328023 36.508980
1 21.306894 22.463415
1 43.766139 44.922233
1 16.844126 17.976944
1 40.937878 42.065565
1 25.580617 26.704812
1 36.684341 37.776106
1 45.798585 46.889017
1 34.005083 35.091437
1 48.120005 49.132826
1 24.145117 25.154250
1 37.092855 38.087635
1 25.689007 26.615613
1 17.257500 18.169093
1 30.793931 31.694682
1 40.134583 40.929634
1 29.080851 29.871099
1 23.768517 24.556324
1 31.590088 32.373735
1 33.033009 33.799476
1 27.741249 28.474210
1 28.775304 29.485705
1 36.598099 37.297257
1 47.698666 48.389852
1 41.718072 42.404084
1 50.895106 51.576498
1 48.278698 48.906437
1 27.708614 28.334667
1 29.382360 29.986832
1 35.764120 36.346773
1 32.347484 32.923954
1 34.515298 35.087794
1 29.789156 30.355145
1 41.833523 42.398839
1 23.302976 23.859036
1 34.687072 35.222925
1 39.226314 39.757888
1 32.191762 32.712311
1 41.306707 41.817228
1 28.928151 29.434462
1 41.122966 41.558410
1 33.533781 33.966924
1 42.791053 43.214170
1 28.726900 29.149576
1 35.629148 36.038008
1 60.207958 60.580811
1 27.059881 27.417279
1 48.926613 49.281261
1 52.653407 52.987898
1 26.058924 26.373649
1 37.637700 37.951869
1 46.132465 46.445834
1 36.548282 36.848269
1 26.136552 26.414130
1 40.826784 41.095154
1 39.748180 40.010892
1 36.809450 37.063940
1 34.905814 35.099245
1 41.435387 41.619698
1 48.175497 48.341243
1 47.270265 47.435231
1 33.019819 33.135791
1 30.815097 30.926259
1 19.454368 19.545751
1 26.418484 26.488239
1 30.639088 30.706045
1 30.448742 30.497486
1 24.951434 24.987713
1 44.520337 44.554375
1 34.048812 34.073096
1 36.049375 36.062270
0 0.000000 inf
0 0.000000 36.056429
0 0.000000 35.388330
0 0.000000 34.209762
0 0.000000 33.902997
0 0.000000 32.439460
0 0.000000 31.914481
0 0.000000 30.964659
0 0.000000 30.771048
0 0.000000 30.461081
0 0.000000 30.248927
0 0.000000 30.021633
0 0.000000 30.017116
0 0.000000 29.320005
0 0.000000 28.653462
0 0.000000 28.387223
0 0.000000 27.719318
0 0.000000 27.366469
0 0.000000 27.319369
0 0.000000 27.143821
0 0.000000 26.916967
0 0.000000 26.865450
0 0.000000 26.808383
0 0.000000 26.804397
0 0.000000 26.654254
0 0.000000 26.612634
0 0.000000 26.505006
0 0.000000 26.308030
0 0.000000 26.245116
0 0.000000 26.094647
0 0.000000 25.852409
0 0.000000 25.757133
0 0.000000 25.737285
0 0.000000 25.732864
0 0.000000 25.450920
0 0.000000 25.449473
0 0.000000 25.331624
0 0.000000 25.221304
0 0.000000 25.156643
0 0.000000 25.146806
0 0.000000 25.110482
0 0.000000 25.095196
0 0.000000 25.048861
0 0.000000 24.999511
0 0.000000 24.931231
0 0.000000 24.915658
0 0.000000 24.887252
0 0.000000 24.768393
0 0.000000 24.740293
0 0.000000 24.673634
0 0.000000 24.599579
0 0.000000 24.426235
0 0.000000 24.363997
0 0.000000 24.317293
0 0.000000 24.248213
0 0.000000 24.247144
0 0.000000 24.222111
0 0.000000 24.096998
0 0.000000 24.033598
0 0.000000 23.997577
0 0.000000 23.864842
0 0.000000 23.712495
0 0.000000 23.625315
0 0.000000 23.307688
0 0.000000 23.259318
0 0.000000 23.198757
0 0.000000 23.079565
0 0.000000 23.056913
0 0.000000 23.050409
0 0.000000 22.931766
0 0.000000 22.926535
0 0.000000 22.694283
0 0.000000 22.535263
0 0.000000 22.488609
0 0.000000 22.379505
0 0.000000 22.347414
0 0.000000 22.176564
0 0.000000 22.053762
0 0.000000 22.053307
0 0.000000 21.944420
0 0.000000 21.437112
0 0.000000 21.382330
0 0.000000 21.370735
0 0.000000 21.295320
0 0.000000 21.285054
0 0.000000 21.216935
0 0.000000 21.148924
0 0.000000 21.120319
0 0.000000 21.104048
0 0.000000 21.001568
0 0.000000 20.995742
0 0.000000 20.861531
0 0.000000 20.556588
0 0.000000 20.507458
0 0.000000 20.460331
0 0.000000 20.460034
0 0.000000 20.340315
0 0.000000 20.232567
0 0.000000 20.154962
0 0.000000 20.113482
0 0.000000 20.105854
0 0.000000 20.070667
0 0.000000 20.000549
0 0.000000 19.916546
0 0.000000 19.862963
0 0.000000 19.851353
0 0.000000 19.797177
0 0.000000 19.754857
0 0.000000 19.744680
0 0.000000 19.680542
0 0.000000 19.586006
0 0.000000 19.568667
0 0.000000 19.552003
0 0.000000 19.532442
0 0.000000 19.463657
0 0.000000 19.086016
0 0.000000 18.906645
0 0.000000 18.793022
0 0.000000 18.792907
0 0.000000 18.632412
0 0.000000 18.622670
0 0.000000 18.576669
0 0.000000 18.451948
0 0.000000 18.433867
0 0.000000 18.361401
0 0.000000 18.103194
0 0.000000 18.071474
0 0.000000 17.998005
0 0.000000 17.988475
0 0.000000 17.779243
0 0.000000 17.580252
0 0.000000 17.439401
0 0.000000 17.313175
0 0.000000 17.272272
0 0.000000 17.104569
0 0.000000 16.863707
0 0.000000 16.771677
0 0.000000 16.738808
0 0.000000 16.668725
0 0.000000 16.594414
0 0.000000 16.544337
0 0.000000 16.510134
0 0.000000 16.467297
0 0.000000 16.398552
0 0.000000 16.077031
0 0.000000 16.061521
0 0.000000 15.859458
0 0.000000 15.752092
0 0.000000 15.670357
0 0.000000 15.646001
0 0.000000 15.271456
0 0.000000 15.223678
0 0.000000 15.213191
0 0.000000 14.861526
0 0.000000 14.828220
0 0.000000 14.821124
0 0.000000 14.779565
0 0.000000 14.761677
0 0.000000 14.692676
0 0.000000 14.590334
0 0.000000 14.472514
0 0.000000 14.466541
0 0.000000 14.322055
0 0.000000 14.276304
0 0.000000 14.266466
0 0.000000 14.168491
0 0.000000 13.902015
0 0.000000 13.626482
0 0.000000 13.619380
0 0.000000 13.425722
0 0.000000 13.342176
0 0.000000 12.930421
0 0.000000 12.910095
0 0.000000 12.723151
0 0.000000 12.527439
0 0.000000 12.251410
0 0.000000 12.230269
0 0.000000 12.214285
0 0.000000 12.169598
0 0.000000 12.117288
0 0.000000 11.969482
0 0.000000 11.511605
0 0.000000 11.414232
0 0.000000 11.351767
0 0.000000 11.233579
0 0.000000 9.613905
0 0.000000 7.432444
