1 31.415681 46.726865
1 24.867149 38.059630
1 23.990186 37.177860
1 25.689811 38.873426
1 29.318512 42.303612
1 25.059749 37.399098
1 28.521255 40.674165
1 25.241119 36.869265
1 24.473800 36.086315
1 25.435811 36.853013
1 21.469022 32.663137
1 24.001426 34.995856
1 25.908868 36.256631
1 20.170709 30.407960
1 28.961834 39.196786
1 26.046454 36.091089
1 25.370635 34.860771
1 27.684287 36.812060
1 25.088822 34.212779
1 25.483555 34.576777
1 26.565898 35.415274
1 22.490660 31.181954
1 27.318756 35.980962
1 28.328259 36.935193
1 26.447524 34.954836
1 26.008619 34.470433
1 27.780287 36.183203
1 22.175206 30.536274
1 24.419190 32.771265
1 27.047575 35.086365
1 26.711972 34.683442
1 28.842428 36.704038
1 30.127212 37.982056
1 22.837918 30.672544
1 30.184980 37.869530
1 27.215934 34.607555
1 22.634388 29.970906
1 29.205451 36.536494
1 29.190621 36.474924
1 28.351138 35.623924
1 27.567378 34.802143
1 27.416418 34.637043
1 22.935895 30.027496
1 18.656260 25.664277
1 22.522312 29.341386
1 27.120062 33.874782
1 25.869453 32.569330
1 27.632850 34.285504
1 29.744229 36.380466
1 19.374597 26.006057
1 25.140819 31.769304
1 26.856215 33.460385
1 23.766226 30.146115
1 22.990906 29.342376
1 28.981936 35.329679
1 22.195081 28.375481
1 22.856833 29.018615
1 25.051095 31.127316
1 26.998186 32.965893
1 30.125240 36.038059
1 25.327499 31.208110
1 18.387641 24.229776
1 22.653840 28.444297
1 26.210047 31.777211
1 27.995921 33.557672
1 21.730095 27.227729
1 25.235841 30.727245
1 28.858866 34.285615
1 27.708759 33.035442
1 30.038316 35.357016
1 22.164702 27.448040
1 25.742101 30.849422
1 24.329344 29.380442
1 29.307331 34.162433
1 27.516985 32.293706
1 19.882981 24.648978
1 18.577626 23.326793
1 28.129915 32.799868
1 29.534483 34.085049
1 24.500000 28.952871
1 31.912077 36.328142
1 24.877025 29.283805
1 17.928315 22.321202
1 27.153805 31.498504
1 18.550712 22.868047
1 29.870079 34.149129
1 27.710914 31.869721
1 25.986527 30.139953
1 30.337208 34.462077
1 25.152172 29.273619
1 29.504135 33.584806
1 25.932793 30.000012
1 25.591721 29.555782
1 21.536123 25.482416
1 22.323461 26.263900
1 25.112048 29.009745
1 30.809651 34.696195
1 32.280955 36.084409
1 23.596391 27.388674
1 23.621506 27.403054
1 33.887702 37.656022
1 21.987824 25.725988
1 24.550936 28.279764
1 23.916720 27.628746
1 28.418192 32.105512
1 28.435277 32.097773
1 26.774919 30.367003
1 28.093542 31.648788
1 23.715622 27.265396
1 28.594048 32.124415
1 29.777271 33.269155
1 23.535487 26.936002
1 27.913603 31.302829
1 34.440120 37.819155
1 25.512778 28.885609
1 25.599519 28.947015
1 30.619304 33.939612
1 29.351327 32.632673
1 30.562837 33.825904
1 28.721485 31.949027
1 17.048582 20.259142
1 19.613289 22.818994
1 24.018090 27.223067
1 27.704857 30.823472
1 28.414723 31.526643
1 27.098673 30.210447
1 26.698395 29.806080
1 25.110797 28.175874
1 31.839967 34.903062
1 26.595360 29.618989
1 26.645888 29.660643
1 28.020384 31.035043
1 20.055034 23.049518
1 27.704092 30.681564
1 30.506678 33.483745
1 28.644709 31.620972
1 29.745048 32.690536
1 32.663644 35.570613
1 21.817210 24.721138
1 28.346257 31.199438
1 27.020519 29.854009
1 18.881634 21.706759
1 26.282778 29.104073
1 30.437179 33.227753
1 32.691146 35.476310
1 29.074690 31.849915
1 19.962645 22.719949
1 29.279751 32.036853
1 22.677607 25.390394
1 27.089983 29.704916
1 32.548578 35.140451
1 30.559386 33.113277
1 22.352546 24.874683
1 28.845309 31.366856
1 24.522104 27.040247
1 31.150459 33.656674
1 25.903481 28.370892
1 31.063991 33.524205
1 19.557171 22.009645
1 29.267329 31.715452
1 33.148349 35.585111
1 25.173008 27.607900
1 24.657058 27.089636
1 32.696087 35.088802
1 32.507071 34.883029
1 29.227243 31.591655
1 20.115216 22.476821
1 23.913310 26.269330
1 30.005616 32.315893
1 27.824862 30.066546
1 32.236225 34.462711
1 25.783692 28.001082
1 30.874755 33.087819
1 27.674962 29.879180
1 31.594543 33.791171
1 19.229645 21.411078
1 21.216301 23.391746
1 30.812403 32.983202
1 23.062893 25.206869
1 24.455126 26.597063
1 27.126105 29.265275
1 28.198428 30.307073
1 20.432929 22.534918
1 32.055800 34.130685
1 25.273548 27.336918
1 30.003526 32.040660
1 34.298721 36.329951
1 27.930529 29.895026
1 31.360710 33.314027
1 22.337606 24.255995
1 32.430223 34.340106
1 30.777778 32.655202
1 28.666715 30.536014
1 29.211189 31.065662
1 20.568653 22.416497
1 27.389943 29.231995
1 32.574477 34.406715
1 32.243840 34.054636
1 25.447691 27.257946
1 26.417811 28.217902
1 22.932843 24.732932
1 21.053686 22.838361
1 29.829785 31.594441
1 35.295926 37.058346
1 19.825505 21.573770
1 19.145299 20.876660
1 28.826589 30.540091
1 24.065862 25.775528
1 22.379930 24.059912
1 34.175318 35.832199
1 26.886547 28.535162
1 27.912326 29.558799
1 29.463559 31.084399
1 30.275908 31.885437
1 24.638898 26.244001
1 21.083867 22.686041
1 28.764820 30.359723
1 31.841384 33.434336
1 24.418920 25.994603
1 24.598997 26.140400
1 23.256521 24.781966
1 28.125972 29.613075
1 27.059132 28.531560
1 21.792181 23.257408
1 28.375836 29.834951
1 27.742040 29.200500
1 31.960764 33.416089
1 23.078155 24.509255
1 20.655266 22.078965
1 32.632357 34.055143
1 32.083926 33.491482
1 33.147708 34.533614
1 23.109317 24.491542
1 25.916011 27.293562
1 32.922286 34.299812
1 31.051323 32.423613
1 26.047143 27.415727
1 28.800992 30.168508
1 35.159206 36.526673
1 25.534390 26.897666
1 33.592449 34.946846
1 24.439365 25.787590
1 30.560569 31.897544
1 35.162272 36.497991
1 30.205618 31.518229
1 39.229443 40.531537
1 24.535181 25.831160
1 33.828589 35.102256
1 29.675752 30.932497
1 27.718703 28.958505
1 29.595987 30.821664
1 30.865230 32.058496
1 22.691691 23.882841
1 27.904467 29.074620
1 23.089642 24.254227
1 25.228744 26.371597
1 26.273244 27.397546
1 31.721620 32.843380
1 34.077617 35.183196
1 28.743064 29.836960
1 30.103140 31.091955
1 29.529111 30.507334
1 33.763038 34.737876
1 21.358340 22.317976
1 29.995799 30.951591
1 29.398004 30.345001
1 25.023727 25.941347
1 34.176143 35.062358
1 33.271710 34.156915
1 35.307487 36.178133
1 24.340114 25.199556
1 23.033573 23.855016
1 30.856805 31.642135
1 21.940772 22.720575
1 20.735783 21.494248
1 31.355056 32.077486
1 30.787817 31.504003
1 34.169440 34.885620
1 33.138336 33.839325
1 26.849521 27.543530
1 33.534480 34.162095
1 33.746653 34.365033
1 27.600247 28.212233
1 26.951148 27.562366
1 34.317777 34.922911
1 28.220910 28.820949
1 38.852303 39.433875
1 33.361537 33.942125
1 35.058396 35.631391
1 36.868114 37.430257
1 28.327912 28.884301
1 30.129788 30.656027
1 28.896722 29.365597
1 30.481032 30.916284
1 32.158794 32.592125
1 28.497818 28.910475
1 33.849472 34.260631
1 42.932633 43.294403
1 32.749743 33.029473
1 26.298777 26.570838
1 25.089181 25.358851
1 26.201078 26.410766
1 35.850933 36.037569
1 32.632797 32.704183
1 34.750902 34.814418
1 25.321030 25.342103
1 34.229263 34.233794
0 0.000000 inf
0 0.000000 29.945869
0 0.000000 29.847507
0 0.000000 28.395292
0 0.000000 27.973733
0 0.000000 27.738012
0 0.000000 27.641504
0 0.000000 27.600584
0 0.000000 27.460653
0 0.000000 27.295903
0 0.000000 27.119252
0 0.000000 27.047975
0 0.000000 26.930422
0 0.000000 26.902454
0 0.000000 26.515330
0 0.000000 26.161462
0 0.000000 26.099060
0 0.000000 26.092041
0 0.000000 26.081513
0 0.000000 25.941136
0 0.000000 25.914459
0 0.000000 25.634808
0 0.000000 25.538597
0 0.000000 25.536445
0 0.000000 25.426049
0 0.000000 25.368251
0 0.000000 25.306664
0 0.000000 25.302102
0 0.000000 25.242044
0 0.000000 25.189835
0 0.000000 25.086217
0 0.000000 25.082245
0 0.000000 25.029345
0 0.000000 25.004594
0 0.000000 24.988097
0 0.000000 24.975241
0 0.000000 24.819926
0 0.000000 24.798443
0 0.000000 24.754206
0 0.000000 24.621071
0 0.000000 24.556266
0 0.000000 24.464384
0 0.000000 24.440337
0 0.000000 24.430387
0 0.000000 24.213327
0 0.000000 24.209348
0 0.000000 24.020495
0 0.000000 23.926998
0 0.000000 23.912232
0 0.000000 23.854836
0 0.000000 23.780703
0 0.000000 23.707518
0 0.000000 23.622286
0 0.000000 23.574900
0 0.000000 23.549792
0 0.000000 23.441223
0 0.000000 23.430458
0 0.000000 23.389463
0 0.000000 23.343564
0 0.000000 23.277523
0 0.000000 23.192377
0 0.000000 23.183443
0 0.000000 23.081403
0 0.000000 23.077389
0 0.000000 23.016903
0 0.000000 22.944331
0 0.000000 22.894426
0 0.000000 22.862012
0 0.000000 22.837799
0 0.000000 22.807825
0 0.000000 22.767494
0 0.000000 22.733556
0 0.000000 22.695099
0 0.000000 22.565685
0 0.000000 22.466839
0 0.000000 22.393226
0 0.000000 22.374121
0 0.000000 22.336800
0 0.000000 22.331997
0 0.000000 22.314003
0 0.000000 22.310367
0 0.000000 22.297606
0 0.000000 22.212819
0 0.000000 22.199471
0 0.000000 22.144053
0 0.000000 22.099693
0 0.000000 22.091386
0 0.000000 22.057967
0 0.000000 22.006500
0 0.000000 21.904640
0 0.000000 21.896782
0 0.000000 21.855816
0 0.000000 21.836658
0 0.000000 21.776638
0 0.000000 21.509766
0 0.000000 21.439627
0 0.000000 21.345657
0 0.000000 21.338011
0 0.000000 21.289594
0 0.000000 21.285147
0 0.000000 21.234827
0 0.000000 21.217427
0 0.000000 21.153057
0 0.000000 21.146431
0 0.000000 21.132901
0 0.000000 21.129931
0 0.000000 21.122524
0 0.000000 21.080700
0 0.000000 21.051921
0 0.000000 21.031745
0 0.000000 21.010340
0 0.000000 20.959942
0 0.000000 20.959539
0 0.000000 20.881693
0 0.000000 20.881121
0 0.000000 20.830160
0 0.000000 20.760833
0 0.000000 20.749761
0 0.000000 20.684741
0 0.000000 20.623285
0 0.000000 20.564958
0 0.000000 20.546271
0 0.000000 20.517917
0 0.000000 20.517526
0 0.000000 20.376387
0 0.000000 20.251327
0 0.000000 20.123875
0 0.000000 19.992473
0 0.000000 19.989130
0 0.000000 19.945960
0 0.000000 19.942868
0 0.000000 19.851861
0 0.000000 19.724484
0 0.000000 19.688718
0 0.000000 19.633874
0 0.000000 19.632946
0 0.000000 19.596242
0 0.000000 19.536469
0 0.000000 19.508479
0 0.000000 19.162040
0 0.000000 19.043619
0 0.000000 19.011981
0 0.000000 18.946536
0 0.000000 18.624221
0 0.000000 18.617839
0 0.000000 18.562782
0 0.000000 18.560037
0 0.000000 18.452101
0 0.000000 18.420589
0 0.000000 18.416596
0 0.000000 18.389517
0 0.000000 18.355820
0 0.000000 18.290516
0 0.000000 18.244670
0 0.000000 18.198980
0 0.000000 18.186925
0 0.000000 18.152279
0 0.000000 18.123619
0 0.000000 17.976327
0 0.000000 17.968834
0 0.000000 17.596944
0 0.000000 17.514813
0 0.000000 17.414032
0 0.000000 17.230925
0 0.000000 17.210888
0 0.000000 17.160452
0 0.000000 17.069659
0 0.000000 17.020891
0 0.000000 17.007061
0 0.000000 16.994793
0 0.000000 16.906920
0 0.000000 16.844975
0 0.000000 16.760554
0 0.000000 16.605655
0 0.000000 16.522635
0 0.000000 16.336816
0 0.000000 16.314788
0 0.000000 16.101646
0 0.000000 16.082099
0 0.000000 15.878157
0 0.000000 15.683615
0 0.000000 15.542619
0 0.000000 15.312403
0 0.000000 14.922811
0 0.000000 14.355589
0 0.000000 14.008926
0 0.000000 13.146600
