1 29.391120 64.423953
1 27.657988 60.545052
1 31.068416 61.074079
1 30.740651 60.192211
1 22.812143 51.458413
1 32.528482 59.941090
1 31.815977 57.792863
1 29.288809 55.085118
1 30.871024 55.305819
1 33.779387 58.115908
1 28.266989 51.963595
1 32.935708 54.531223
1 27.523518 49.101921
1 26.464205 46.878696
1 25.767651 45.611619
1 34.282146 53.525069
1 31.520973 50.435138
1 30.992491 48.606714
1 24.255990 41.767233
1 26.002096 43.215837
1 31.913963 49.121838
1 31.851476 48.767958
1 45.190908 61.765445
1 33.124962 49.569853
1 40.474890 56.579670
1 39.692472 55.606517
1 33.279702 49.038179
1 20.646970 35.999170
1 24.710794 39.860813
1 33.266387 48.318073
1 34.337376 48.898896
1 35.420527 49.844350
1 37.984598 52.257841
1 29.219291 43.129763
1 28.860879 42.050035
1 25.862823 38.889751
1 35.117818 47.966801
1 30.974731 43.548351
1 30.587327 42.781590
1 33.598171 45.688001
1 29.682660 41.729382
1 35.689989 47.649619
1 35.657667 47.576582
1 44.760803 56.499843
1 46.520762 58.198614
1 36.026824 47.693357
1 24.133721 35.707293
1 35.860754 47.069330
1 42.944492 54.100771
1 16.663004 27.573409
1 40.004028 50.845638
1 43.411846 54.212305
1 35.643049 46.423755
1 32.126750 42.825602
1 26.934520 37.497592
1 24.206058 34.472769
1 31.652536 41.873104
1 38.210997 48.186332
1 33.972207 43.866529
1 17.592601 27.486593
1 34.379315 44.192730
1 38.670784 48.374548
1 37.348028 46.994841
1 35.957814 45.583782
1 32.411697 41.902186
1 28.703762 38.155483
1 23.653186 33.059799
1 24.321651 33.727319
1 25.107154 34.503598
1 37.803341 46.638400
1 31.094892 39.886877
1 39.123782 47.854353
1 25.425365 33.975885
1 39.760015 48.152313
1 37.796459 46.128445
1 21.066956 29.234137
1 23.542102 31.651290
1 26.105386 34.182812
1 30.428520 38.437062
1 28.954742 36.862672
1 25.543890 33.337116
1 18.567257 26.279481
1 33.169737 40.545531
1 26.710317 34.027635
1 20.438354 27.697983
1 49.228883 56.419824
1 40.946694 48.130523
1 32.547636 39.721778
1 16.927723 23.999833
1 30.418542 37.214762
1 27.063091 33.767810
1 45.191855 51.751583
1 23.303889 29.763280
1 32.970690 39.420551
1 33.564654 39.995909
1 26.815857 33.234863
1 26.064282 32.365672
1 37.194232 43.427345
1 25.719001 31.911543
1 36.212612 42.310472
1 28.528680 34.587622
1 31.575916 37.604353
1 38.852183 44.869607
1 30.116934 36.132381
1 14.367161 19.974296
1 33.778643 39.333385
1 21.787533 27.332961
1 40.798447 46.072276
1 38.580987 43.649910
1 38.241099 43.281674
1 41.747959 46.704754
1 30.767864 35.682718
1 39.807228 44.674030
1 24.776732 29.567443
1 32.398142 37.031591
1 32.533551 37.138164
1 33.980716 38.574789
1 31.402727 35.662255
1 26.027677 30.237969
1 44.083078 48.247495
1 32.810878 36.952001
1 30.494250 34.620412
1 49.645294 53.729825
1 41.634835 45.707731
1 29.271626 33.212495
1 36.591021 40.490469
1 27.994957 31.865605
1 36.109405 39.973524
1 39.951174 43.758402
1 42.446613 46.229301
1 27.015720 30.716003
1 28.543641 32.175884
1 34.996801 38.588853
1 27.541009 31.116523
1 26.769215 30.271165
1 33.779133 37.276000
1 37.269769 40.740889
1 16.015855 19.366716
1 43.110566 46.457215
1 29.404534 32.710956
1 44.228901 47.442447
1 37.665544 40.851510
1 29.358932 32.458602
1 52.607221 55.565100
1 38.024069 40.948365
1 34.426903 37.330593
1 28.271428 31.163066
1 29.663591 32.520784
1 31.507573 34.297202
1 39.783241 42.492551
1 33.660014 36.231343
1 37.555507 40.088431
1 45.805873 48.303278
1 23.522544 25.909588
1 34.711830 37.090844
1 41.225274 43.431516
1 31.656580 33.800680
1 44.881775 46.979093
1 36.664264 38.743157
1 34.972337 37.030555
1 34.869217 36.904559
1 22.755942 24.729009
1 29.298323 31.213012
1 45.963639 47.850598
1 27.702454 29.584191
1 40.217280 42.091497
1 20.929525 22.782758
1 32.048158 33.851753
1 26.746908 28.454580
1 32.490311 34.177451
1 32.686329 34.373043
1 28.453308 30.094582
1 25.095340 26.726235
1 51.181884 52.807948
1 36.498457 38.063884
1 30.359623 31.862645
1 36.145574 37.646530
1 28.629257 30.078325
1 31.893286 33.328894
1 28.228628 29.590395
1 39.108196 40.447928
1 45.480754 46.817826
1 40.655596 41.982593
1 30.168790 31.493892
1 35.649531 36.926728
1 41.420231 42.695710
1 29.223684 30.471276
1 34.580714 35.777592
1 35.897855 37.087163
1 42.195007 43.356845
1 41.031497 42.183102
1 45.385362 46.533488
1 25.421945 26.566524
1 26.755232 27.885695
1 34.769683 35.881756
1 20.595455 21.701073
1 19.184567 20.272865
1 26.787699 27.849519
1 47.936627 48.998374
1 33.453417 34.431564
1 37.827067 38.801669
1 35.859533 36.826488
1 44.269168 45.219590
1 32.826571 33.767097
1 38.484769 39.391897
1 39.390034 40.281758
1 31.098160 31.980458
1 29.744415 30.618021
1 26.291904 27.156079
1 32.426838 33.278418
1 40.348752 41.196172
1 37.414020 38.255673
1 50.694374 51.502517
1 36.422427 37.197980
1 54.809534 55.511894
1 26.396750 27.095921
1 47.439472 48.133085
1 30.825532 31.513483
1 34.260643 34.941259
1 40.955288 41.627508
1 45.766274 46.429685
1 32.820626 33.452418
1 25.332760 25.961733
1 41.115864 41.734499
1 51.269019 51.854827
1 43.294243 43.869410
1 27.433303 27.982836
1 30.296016 30.820621
1 48.912447 49.435760
1 30.440986 30.956579
1 39.221688 39.697232
1 30.302052 30.707586
1 32.332327 32.737068
1 32.319639 32.719789
1 52.916179 53.313107
1 43.710568 44.074706
1 32.130377 32.474409
1 33.583400 33.924929
1 53.354325 53.675826
1 49.689799 49.993247
1 38.580545 38.871085
1 47.214021 47.492423
1 43.317026 43.589690
1 38.473216 38.733730
1 32.451148 32.688890
1 52.214908 52.394107
1 47.290178 47.465897
1 26.458855 26.608779
1 37.249652 37.389157
1 46.618567 46.729510
1 53.783670 53.836681
1 57.845892 57.893956
1 31.029207 31.062449
1 47.226119 47.257699
1 28.407996 28.430807
1 40.632459 40.653127
1 62.370604 62.384298
1 43.731732 43.744497
1 23.761180 23.769057
1 26.072410 26.077933
0 0.000000 inf
0 0.000000 42.081962
0 0.000000 34.385685
0 0.000000 34.310164
0 0.000000 33.991196
0 0.000000 33.288014
0 0.000000 33.145084
0 0.000000 33.105355
0 0.000000 32.589494
0 0.000000 32.111555
0 0.000000 30.926221
0 0.000000 30.833885
0 0.000000 29.977692
0 0.000000 29.555256
0 0.000000 29.498508
0 0.000000 28.879613
0 0.000000 28.313510
0 0.000000 28.243825
0 0.000000 28.101220
0 0.000000 27.944405
0 0.000000 27.668369
0 0.000000 27.649708
0 0.000000 27.635610
0 0.000000 27.584497
0 0.000000 27.381858
0 0.000000 27.365350
0 0.000000 27.321137
0 0.000000 27.289990
0 0.000000 27.266185
0 0.000000 27.257024
0 0.000000 27.222495
0 0.000000 27.155966
0 0.000000 27.013807
0 0.000000 26.787173
0 0.000000 26.735437
0 0.000000 26.676020
0 0.000000 26.585083
0 0.000000 26.563209
0 0.000000 26.413921
0 0.000000 26.329887
0 0.000000 25.802975
0 0.000000 25.730087
0 0.000000 25.714331
0 0.000000 25.683400
0 0.000000 25.154677
0 0.000000 25.065030
0 0.000000 25.014096
0 0.000000 24.944399
0 0.000000 24.576360
0 0.000000 24.531197
0 0.000000 24.479491
0 0.000000 24.277696
0 0.000000 24.213289
0 0.000000 24.131360
0 0.000000 24.124571
0 0.000000 24.047258
0 0.000000 23.942511
0 0.000000 23.917461
0 0.000000 23.847749
0 0.000000 23.835380
0 0.000000 23.806508
0 0.000000 23.603911
0 0.000000 23.593636
0 0.000000 23.523085
0 0.000000 23.426603
0 0.000000 23.376466
0 0.000000 23.366813
0 0.000000 23.347355
0 0.000000 23.329984
0 0.000000 23.298626
0 0.000000 23.189200
0 0.000000 23.132483
0 0.000000 23.102124
0 0.000000 23.068127
0 0.000000 23.067043
0 0.000000 23.059047
0 0.000000 23.047723
0 0.000000 23.033281
0 0.000000 22.912384
0 0.000000 22.848934
0 0.000000 22.819939
0 0.000000 22.718514
0 0.000000 22.648849
0 0.000000 22.585445
0 0.000000 22.544380
0 0.000000 22.329928
0 0.000000 22.325288
0 0.000000 22.270616
0 0.000000 22.233944
0 0.000000 22.163470
0 0.000000 22.003679
0 0.000000 21.992274
0 0.000000 21.919967
0 0.000000 21.644228
0 0.000000 21.563153
0 0.000000 21.472657
0 0.000000 21.434778
0 0.000000 21.428227
0 0.000000 21.413415
0 0.000000 21.380182
0 0.000000 21.215700
0 0.000000 21.047278
0 0.000000 20.986344
0 0.000000 20.985627
0 0.000000 20.979580
0 0.000000 20.925678
0 0.000000 20.916579
0 0.000000 20.906895
0 0.000000 20.881846
0 0.000000 20.820888
0 0.000000 20.817351
0 0.000000 20.479009
0 0.000000 20.306226
0 0.000000 20.296370
0 0.000000 20.000857
0 0.000000 19.912217
0 0.000000 19.911355
0 0.000000 19.674425
0 0.000000 19.602000
0 0.000000 19.566671
0 0.000000 19.551093
0 0.000000 19.531786
0 0.000000 19.346652
0 0.000000 19.300705
0 0.000000 19.285990
0 0.000000 19.221114
0 0.000000 19.210223
0 0.000000 19.187351
0 0.000000 18.778274
0 0.000000 18.755489
0 0.000000 18.460411
0 0.000000 18.443226
0 0.000000 18.419622
0 0.000000 18.407451
0 0.000000 18.344396
0 0.000000 18.264730
0 0.000000 18.231357
0 0.000000 18.223397
0 0.000000 17.809327
0 0.000000 17.779248
0 0.000000 17.603607
0 0.000000 17.589785
0 0.000000 17.388935
0 0.000000 16.779006
0 0.000000 16.772330
0 0.000000 16.771123
0 0.000000 16.661789
0 0.000000 16.651307
0 0.000000 16.480124
0 0.000000 16.449326
0 0.000000 16.429377
0 0.000000 16.370632
0 0.000000 16.267567
0 0.000000 15.807965
0 0.000000 15.741530
0 0.000000 15.527225
0 0.000000 15.226092
0 0.000000 15.040278
0 0.000000 15.014945
0 0.000000 15.013904
0 0.000000 14.999399
0 0.000000 14.987051
0 0.000000 14.933697
0 0.000000 14.758262
0 0.000000 14.687366
0 0.000000 14.640634
0 0.000000 14.511031
0 0.000000 14.425738
0 0.000000 14.166483
0 0.000000 14.042796
0 0.000000 14.015085
0 0.000000 13.900131
0 0.000000 13.842563
0 0.000000 13.811834
0 0.000000 13.778086
0 0.000000 13.630079
0 0.000000 13.614657
0 0.000000 13.509556
0 0.000000 13.410732
0 0.000000 13.212212
0 0.000000 12.952357
0 0.000000 12.858170
0 0.000000 12.841782
0 0.000000 11.932983
0 0.000000 11.609068
0 0.000000 9.929242
0 0.000000 7.979868
