1 23.924634 37.417032
1 24.469450 37.332238
1 23.643258 36.366470
1 24.397272 36.526301
1 25.403375 37.064143
1 25.054757 36.628485
1 20.696837 32.141674
1 24.885209 36.311304
1 23.218628 34.491982
1 21.591049 32.759519
1 21.578593 32.453750
1 25.549731 36.347699
1 22.498761 33.284343
1 26.505708 37.079636
1 27.239041 37.725666
1 23.116267 33.586315
1 27.854869 38.212422
1 26.482804 36.784581
1 22.142215 32.411746
1 29.085389 39.238916
1 28.974322 39.113270
1 26.047324 36.069816
1 28.741510 38.453620
1 27.091506 36.759074
1 24.468552 34.034207
1 22.652668 32.143168
1 23.271916 32.714676
1 22.944022 32.274040
1 24.123827 33.355285
1 24.468768 33.586443
1 22.176919 30.706653
1 24.448397 32.957573
1 23.857610 32.241692
1 24.100059 32.436246
1 24.073451 32.296876
1 26.576459 34.772682
1 26.479902 34.579137
1 24.278457 32.309893
1 27.685500 35.366691
1 24.560551 32.192126
1 28.901301 36.315606
1 21.174716 28.469423
1 27.577934 34.786109
1 25.433906 32.623206
1 29.890311 37.058011
1 25.269668 32.354522
1 25.520457 32.472805
1 24.738757 31.629450
1 22.690032 29.561596
1 22.372979 29.243357
1 25.378910 32.247022
1 24.100664 30.839898
1 26.758236 33.480677
1 26.339522 32.928884
1 24.438549 30.972430
1 24.936870 31.458071
1 24.230561 30.626559
1 28.068634 34.344866
1 24.365416 30.628089
1 25.759667 31.961913
1 27.416094 33.587945
1 27.967191 33.993922
1 27.682621 33.641982
1 26.739582 32.671027
1 24.486940 30.387520
1 24.111314 29.909699
1 24.164411 29.865209
1 22.738110 28.403993
1 26.377056 31.983511
1 29.906340 35.407530
1 26.469794 31.949122
1 23.698788 29.176202
1 25.179615 30.607309
1 28.113805 33.313863
1 28.307764 33.478492
1 21.580592 26.720301
1 25.613979 30.590768
1 24.813218 29.784087
1 25.732553 30.675486
1 28.129460 33.061446
1 29.280885 34.208418
1 27.634187 32.522211
1 31.410928 36.264863
1 26.335342 31.181720
1 30.372006 35.125131
1 21.851569 26.553545
1 28.429924 33.087594
1 26.925698 31.509293
1 25.627851 30.143597
1 28.996264 33.494233
1 31.341066 35.717168
1 26.765578 31.137026
1 25.039311 29.402946
1 24.946283 29.291629
1 23.342303 27.631499
1 31.268789 35.423416
1 26.778769 30.877491
1 26.688645 30.774628
1 29.149436 33.141842
1 29.507675 33.474678
1 30.607243 34.551254
1 25.119720 29.011777
1 20.589264 24.182326
1 26.811143 30.386372
1 31.222489 34.795254
1 28.121967 31.650952
1 27.387044 30.843134
1 23.215597 26.645808
1 25.597806 29.024664
1 25.708884 29.124711
1 28.237707 31.640346
1 33.724676 37.091573
1 28.496236 31.862582
1 26.621722 29.965301
1 25.383875 28.659255
1 28.505529 31.772110
1 24.269833 27.515577
1 28.323481 31.536848
1 25.254749 28.458548
1 27.106078 30.306996
1 26.940030 30.128629
1 24.527389 27.690007
1 27.394741 30.557009
1 26.813970 29.958957
1 25.677154 28.808875
1 20.854920 23.978076
1 26.379928 29.492489
1 25.486573 28.540351
1 24.904825 27.921859
1 25.261425 28.276412
1 24.252274 27.259802
1 22.351887 25.347522
1 25.494626 28.480823
1 26.105165 29.074980
1 30.381694 33.345169
1 26.292960 29.235301
1 28.171482 31.100135
1 27.723000 30.616006
1 20.069317 22.952098
1 31.196616 34.023840
1 30.303983 33.100397
1 24.812097 27.591582
1 32.049341 34.785263
1 28.856964 31.585557
1 26.209595 28.938141
1 23.817792 26.528950
1 23.187104 25.867299
1 29.614873 32.279094
1 28.084505 30.733895
1 29.644393 32.267972
1 28.615031 31.227825
1 26.548800 29.121756
1 22.496517 25.066294
1 26.396022 28.959338
1 27.589873 30.151727
1 30.239637 32.758304
1 23.786979 26.285364
1 25.673905 28.169352
1 31.597152 34.087577
1 27.922309 30.407411
1 26.354638 28.833953
1 21.077887 23.548002
1 28.658507 31.125668
1 27.977110 30.441710
1 27.169607 29.608345
1 26.056567 28.449035
1 27.227460 29.601226
1 30.818132 33.190130
1 23.819294 26.182670
1 27.414325 29.777309
1 23.859286 26.214784
1 21.337398 23.685557
1 23.935271 26.253408
1 33.809657 36.106899
1 25.100445 27.373846
1 21.940963 24.186146
1 27.175029 29.410080
1 27.966666 30.200119
1 28.118779 30.315885
1 30.964050 33.145029
1 33.428420 35.571528
1 29.285077 31.400399
1 31.383464 33.474139
1 30.482385 32.556068
1 27.055264 29.123317
1 30.811587 32.841404
1 30.338260 32.351677
1 33.092124 35.101415
1 23.619181 25.613562
1 30.668019 32.640155
1 27.813193 29.769093
1 24.190852 26.144587
1 24.842630 26.767527
1 21.286491 23.204602
1 20.755137 22.669184
1 27.169879 29.064140
1 31.481550 33.349436
1 26.018260 27.864494
1 34.857101 36.652085
1 22.402594 24.179116
1 29.948237 31.697395
1 25.817040 27.560462
1 27.795370 29.496843
1 24.790825 26.490052
1 30.601316 32.299272
1 24.322357 26.019747
1 26.498880 28.177954
1 29.559098 31.232517
1 27.888937 29.548890
1 25.331018 26.976748
1 22.554443 24.186282
1 28.085622 29.715352
1 26.387304 27.997180
1 21.224157 22.832817
1 32.672679 34.267749
1 31.816020 33.395185
1 37.241286 38.762992
1 30.366706 31.886001
1 31.266393 32.779882
1 31.214139 32.719397
1 35.345794 36.832800
1 31.051574 32.522531
1 28.424260 29.841131
1 33.597963 35.011373
1 33.242810 34.655564
1 28.352756 29.761692
1 30.023309 31.416881
1 30.831560 32.215964
1 31.634760 32.977857
1 27.667790 28.981488
1 27.857800 29.160792
1 27.862492 29.157598
1 25.539907 26.806807
1 26.285833 27.479710
1 34.396850 35.572249
1 30.334190 31.505881
1 29.522233 30.691904
1 30.193302 31.337469
1 20.820001 21.941131
1 31.119537 32.230325
1 32.051443 33.156998
1 28.987613 30.092192
1 27.020358 28.095607
1 30.868025 31.925862
1 23.227456 24.266703
1 28.604291 29.610383
1 33.617201 34.611195
1 26.043860 27.019959
1 27.755216 28.725446
1 30.190436 31.129908
1 27.752486 28.671240
1 31.264201 32.167054
1 30.087532 30.972870
1 27.482856 28.314083
1 29.962222 30.722377
1 27.623022 28.358384
1 31.251629 31.947588
1 32.360561 33.035560
1 27.074069 27.745474
1 29.411281 30.077775
1 28.494863 29.157055
1 30.841082 31.460688
1 30.737123 31.351149
1 30.184136 30.790926
1 32.129261 32.714786
1 28.096354 28.646859
1 26.642192 27.187441
1 30.294407 30.822741
1 27.363823 27.888363
1 37.006836 37.522988
1 30.933223 31.436503
1 28.297345 28.794469
1 35.500507 35.989380
1 35.946787 36.433985
1 34.260899 34.745043
1 30.696309 31.168633
1 31.522188 31.979327
1 27.030104 27.483325
1 31.640755 32.072858
1 27.763099 28.161987
1 26.172761 26.563887
1 29.300738 29.673221
1 28.100770 28.401006
1 32.442137 32.734960
1 30.012520 30.297457
1 29.672406 29.922429
1 29.482114 29.722669
1 31.346041 31.572863
1 28.830908 28.996689
1 27.948921 28.114670
1 36.356302 36.520782
1 31.885997 32.017179
1 27.577228 27.703794
1 36.143378 36.264649
1 35.338560 35.446224
1 33.896668 33.942479
1 25.937162 25.957091
0 0.000000 inf
0 0.000000 28.874844
0 0.000000 28.711036
0 0.000000 27.509922
0 0.000000 27.305662
0 0.000000 26.607073
0 0.000000 26.320037
0 0.000000 26.092662
0 0.000000 25.767444
0 0.000000 25.711296
0 0.000000 25.600552
0 0.000000 25.385067
0 0.000000 25.280697
0 0.000000 25.079643
0 0.000000 24.777109
0 0.000000 24.776468
0 0.000000 24.734388
0 0.000000 24.677862
0 0.000000 24.662118
0 0.000000 24.535714
0 0.000000 24.479235
0 0.000000 24.466996
0 0.000000 24.462610
0 0.000000 24.435309
0 0.000000 24.307662
0 0.000000 24.223275
0 0.000000 24.174593
0 0.000000 24.163074
0 0.000000 24.146886
0 0.000000 24.135238
0 0.000000 24.077440
0 0.000000 24.012836
0 0.000000 23.884905
0 0.000000 23.868591
0 0.000000 23.845540
0 0.000000 23.826753
0 0.000000 23.785057
0 0.000000 23.775333
0 0.000000 23.689951
0 0.000000 23.682803
0 0.000000 23.632828
0 0.000000 23.593514
0 0.000000 23.581902
0 0.000000 23.541173
0 0.000000 23.530334
0 0.000000 23.524044
0 0.000000 23.521416
0 0.000000 23.499633
0 0.000000 23.399699
0 0.000000 23.328135
0 0.000000 23.277869
0 0.000000 23.270930
0 0.000000 23.226246
0 0.000000 23.175436
0 0.000000 23.157762
0 0.000000 22.998251
0 0.000000 22.885156
0 0.000000 22.865981
0 0.000000 22.815258
0 0.000000 22.762373
0 0.000000 22.736375
0 0.000000 22.726343
0 0.000000 22.681742
0 0.000000 22.679619
0 0.000000 22.641204
0 0.000000 22.619885
0 0.000000 22.545993
0 0.000000 22.529304
0 0.000000 22.497909
0 0.000000 22.495874
0 0.000000 22.494050
0 0.000000 22.448948
0 0.000000 22.383419
0 0.000000 22.382793
0 0.000000 22.346857
0 0.000000 22.340512
0 0.000000 22.334649
0 0.000000 22.292981
0 0.000000 22.280701
0 0.000000 22.245809
0 0.000000 22.228993
0 0.000000 21.907522
0 0.000000 21.906546
0 0.000000 21.901944
0 0.000000 21.840807
0 0.000000 21.783835
0 0.000000 21.771411
0 0.000000 21.678023
0 0.000000 21.663407
0 0.000000 21.607993
0 0.000000 21.590631
0 0.000000 21.561290
0 0.000000 21.553850
0 0.000000 21.540415
0 0.000000 21.410258
0 0.000000 21.379979
0 0.000000 21.376711
0 0.000000 21.375291
0 0.000000 21.287241
0 0.000000 21.144954
0 0.000000 21.113943
0 0.000000 21.112986
0 0.000000 21.110041
0 0.000000 21.023439
0 0.000000 21.005858
0 0.000000 20.983979
0 0.000000 20.977684
0 0.000000 20.963312
0 0.000000 20.959815
0 0.000000 20.958817
0 0.000000 20.918880
0 0.000000 20.906639
0 0.000000 20.896934
0 0.000000 20.887121
0 0.000000 20.866669
0 0.000000 20.843601
0 0.000000 20.791712
0 0.000000 20.703642
0 0.000000 20.698847
0 0.000000 20.679679
0 0.000000 20.673401
0 0.000000 20.588788
0 0.000000 20.545694
0 0.000000 20.540631
0 0.000000 20.524593
0 0.000000 20.513212
0 0.000000 20.453067
0 0.000000 20.424423
0 0.000000 20.379493
0 0.000000 20.253043
0 0.000000 20.209698
0 0.000000 20.200227
0 0.000000 20.096937
0 0.000000 20.085610
0 0.000000 20.064716
0 0.000000 19.992311
0 0.000000 19.863600
0 0.000000 19.832089
0 0.000000 19.793714
0 0.000000 19.783288
0 0.000000 19.770703
0 0.000000 19.742770
0 0.000000 19.660347
0 0.000000 19.634323
0 0.000000 19.589404
0 0.000000 19.545308
0 0.000000 19.540303
0 0.000000 19.431705
0 0.000000 19.426763
0 0.000000 19.246808
0 0.000000 19.208800
0 0.000000 19.128458
0 0.000000 19.119373
0 0.000000 18.943260
0 0.000000 18.941042
0 0.000000 18.834895
0 0.000000 18.830984
0 0.000000 18.752076
0 0.000000 18.410569
0 0.000000 18.384083
0 0.000000 18.352506
0 0.000000 18.349615
0 0.000000 18.282712
0 0.000000 18.272951
0 0.000000 18.227754
0 0.000000 18.211428
0 0.000000 18.087646
0 0.000000 18.056210
0 0.000000 17.941998
0 0.000000 17.933911
0 0.000000 17.899267
0 0.000000 17.860020
0 0.000000 17.822459
0 0.000000 17.816843
0 0.000000 17.749877
0 0.000000 17.651097
0 0.000000 17.624811
0 0.000000 17.555108
0 0.000000 17.398351
0 0.000000 17.347714
0 0.000000 16.796515
0 0.000000 16.522555
0 0.000000 16.016834
0 0.000000 15.893379
0 0.000000 15.716409
0 0.000000 15.562527
0 0.000000 15.101346
