1 29.769204 65.480761
1 33.444915 63.497681
1 22.438903 51.227813
1 36.821653 63.972900
1 33.672592 60.065643
1 35.306859 58.207705
1 24.229804 46.791530
1 26.290409 48.828425
1 29.647319 51.793042
1 29.061660 50.970452
1 26.810805 48.480260
1 35.538072 56.372887
1 35.161691 55.996093
1 25.711624 45.883600
1 38.076672 57.731446
1 22.853756 41.893471
1 39.328748 57.904211
1 25.108115 43.204958
1 37.339015 55.396822
1 33.303800 50.941459
1 30.922256 48.514775
1 27.096210 43.753988
1 37.761328 54.313310
1 23.195123 39.213843
1 26.676483 41.867197
1 36.137830 50.792693
1 30.543763 44.739671
1 32.818717 46.922833
1 25.161183 39.234792
1 26.410772 40.033608
1 22.482036 36.067450
1 23.745874 37.208492
1 28.515059 41.920237
1 27.793544 41.110053
1 24.118004 36.802887
1 44.623396 57.158480
1 25.702462 37.551929
1 32.336672 43.898078
1 34.653503 46.150892
1 26.268072 36.944413
1 44.971331 55.528177
1 37.906751 48.238929
1 27.291618 37.563262
1 40.757752 50.743357
1 26.419268 36.133367
1 26.538509 36.107187
1 23.335148 32.869609
1 32.200892 41.704801
1 28.811581 37.947124
1 25.610082 34.741971
1 26.829160 35.942033
1 19.447997 28.450840
1 39.241827 48.021231
1 38.708277 47.402410
1 16.852362 25.451628
1 22.056997 30.636559
1 42.909609 51.475567
1 35.705913 43.968182
1 24.237434 32.456246
1 33.209141 41.427437
1 28.615100 36.654399
1 38.072382 46.081587
1 27.966987 35.742932
1 23.224016 30.878599
1 27.919771 35.458021
1 16.849847 24.381760
1 28.894183 36.346690
1 25.892397 33.257571
1 20.589069 27.859717
1 23.611184 30.776430
1 31.577375 38.732870
1 23.600842 30.733707
1 33.233577 40.366046
1 22.095248 29.180321
1 39.525622 46.546868
1 36.574828 43.523734
1 31.871587 38.637511
1 43.131505 49.840219
1 33.127528 39.783403
1 19.220128 25.654851
1 38.933005 45.351061
1 24.113226 30.490842
1 38.894333 45.258684
1 28.467343 34.813481
1 34.600410 40.939321
1 35.328647 41.614221
1 29.090361 35.290050
1 22.688271 28.657954
1 21.823967 27.784290
1 24.589764 30.442018
1 15.247845 21.087355
1 35.317045 41.058287
1 34.417125 40.028055
1 19.360661 24.906484
1 35.260466 40.724471
1 45.304657 50.581672
1 31.039846 36.313965
1 30.934288 36.015884
1 26.879217 31.865225
1 33.205099 38.101267
1 36.167423 40.985660
1 35.361494 39.983401
1 20.435120 24.928136
1 20.832891 25.283003
1 27.485855 31.932799
1 38.337988 42.713720
1 28.227510 32.589679
1 20.603108 24.962989
1 26.142507 30.348636
1 25.655816 29.846791
1 25.359461 29.496126
1 35.901284 40.002362
1 42.892290 46.944060
1 37.456244 41.483711
1 29.247029 33.260434
1 42.285547 46.286804
1 27.021769 30.864458
1 28.374811 32.146873
1 20.171485 23.900044
1 28.332482 32.057005
1 24.090580 27.768734
1 36.812619 40.264096
1 15.801605 19.224960
1 32.850102 36.252635
1 34.888067 38.263596
1 39.559330 42.862046
1 33.559519 36.842672
1 40.095037 43.353752
1 25.029041 28.242096
1 28.987516 32.198462
1 28.494807 31.676511
1 30.010251 33.109309
1 25.996998 29.068219
1 34.035402 37.033277
1 26.423252 29.420818
1 19.000399 21.982894
1 38.087718 41.067904
1 20.038172 22.997533
1 24.832865 27.738471
1 22.103209 24.879564
1 39.329470 42.076242
1 22.610765 25.316641
1 28.574762 31.238567
1 24.584190 27.212532
1 60.318852 62.889566
1 27.784612 30.309524
1 37.459207 39.943535
1 25.391957 27.814595
1 38.474995 40.884076
1 22.905098 25.252388
1 54.314569 56.636616
1 27.608238 29.907199
1 36.313425 38.593930
1 34.951398 37.120882
1 38.636120 40.804102
1 20.928248 23.084919
1 23.458273 25.612489
1 36.154515 38.270651
1 47.133946 49.180736
1 27.345033 29.360693
1 28.093739 30.074626
1 24.205465 26.155999
1 44.949534 46.870090
1 29.354663 31.262666
1 30.183839 32.091242
1 23.763953 25.663063
1 38.305319 40.184625
1 30.519547 32.349068
1 30.588274 32.407354
1 43.961499 45.668472
1 20.895674 22.596111
1 43.137551 44.825067
1 45.256500 46.917198
1 22.985001 24.562669
1 19.149665 20.682616
1 32.903538 34.436284
1 26.070284 27.580747
1 21.605440 23.111336
1 39.497817 41.000308
1 37.095507 38.579464
1 40.141060 41.622739
1 47.409781 48.890391
1 25.659795 27.114532
1 36.402782 37.847207
1 23.192319 24.629183
1 24.203856 25.638078
1 51.188156 52.613923
1 19.649887 21.054108
1 29.583661 30.864615
1 22.668476 23.947286
1 50.880397 52.132380
1 26.111526 27.352291
1 32.068986 33.300913
1 33.476281 34.707363
1 37.116677 38.342378
1 36.835612 38.058779
1 26.826703 28.005385
1 41.444883 42.581603
1 29.742155 30.859439
1 37.731973 38.841198
1 36.964149 38.054294
1 35.931713 37.002361
1 58.568787 59.629395
1 47.157160 48.214680
1 38.992310 40.024124
1 36.142114 37.123761
1 37.825007 38.801842
1 41.905980 42.867850
1 31.096434 32.057280
1 41.185984 42.140573
1 22.509639 23.460113
1 31.313346 32.243507
1 30.607441 31.537144
1 44.506692 45.425480
1 36.882935 37.788670
1 36.480006 37.383331
1 23.294723 24.182754
1 48.922673 49.786449
1 37.904010 38.747418
1 29.422240 30.247329
1 32.517910 33.315114
1 22.853062 23.637077
1 33.290448 34.068996
1 39.001453 39.766876
1 61.987780 62.731735
1 46.924099 47.655662
1 26.523086 27.237527
1 29.565765 30.258301
1 27.265695 27.933851
1 40.819505 41.470870
1 27.397159 28.046010
1 39.533263 40.165154
1 35.222131 35.845342
1 43.828003 44.429671
1 54.226300 54.812775
1 35.003856 35.545183
1 34.247354 34.779581
1 24.288190 24.809387
1 30.527344 31.046527
1 50.236440 50.732152
1 26.365234 26.857886
1 43.584179 44.058677
1 33.968921 34.403084
1 24.287562 24.699960
1 35.907594 36.308210
1 29.800491 30.191791
1 35.699654 36.063076
1 44.072771 44.413371
1 43.311716 43.651363
1 39.139364 39.451733
1 28.453395 28.701653
1 34.800715 35.038962
1 33.225108 33.461925
1 34.768206 35.002944
1 43.777974 44.006117
1 28.755969 28.965606
1 42.431778 42.632567
1 35.394595 35.584812
1 41.964318 42.143501
1 34.653194 34.830787
1 42.678804 42.855014
1 37.912972 38.077662
1 46.598754 46.753553
1 38.206340 38.343112
1 47.138315 47.218322
1 41.486998 41.563495
1 49.922398 49.995259
1 27.348630 27.389926
1 19.562123 19.589251
1 26.989982 27.005200
1 41.508670 41.517080
1 36.926429 36.934603
1 46.930348 46.937942
0 0.000000 inf
0 0.000000 36.134129
0 0.000000 34.687785
0 0.000000 33.632028
0 0.000000 32.683715
0 0.000000 32.073635
0 0.000000 31.975747
0 0.000000 30.914798
0 0.000000 30.282707
0 0.000000 30.269198
0 0.000000 30.254843
0 0.000000 29.984355
0 0.000000 29.701514
0 0.000000 29.622056
0 0.000000 29.615957
0 0.000000 29.383187
0 0.000000 29.326150
0 0.000000 29.295976
0 0.000000 29.203748
0 0.000000 28.965277
0 0.000000 28.443894
0 0.000000 28.193849
0 0.000000 27.538265
0 0.000000 27.473180
0 0.000000 27.383128
0 0.000000 27.337625
0 0.000000 27.109487
0 0.000000 26.987525
0 0.000000 26.944234
0 0.000000 26.662785
0 0.000000 26.634330
0 0.000000 26.609930
0 0.000000 26.378412
0 0.000000 26.370062
0 0.000000 26.356016
0 0.000000 26.126955
0 0.000000 25.891433
0 0.000000 25.775351
0 0.000000 25.743444
0 0.000000 25.479634
0 0.000000 25.400460
0 0.000000 25.095694
0 0.000000 25.089543
0 0.000000 24.907307
0 0.000000 24.844558
0 0.000000 24.840901
0 0.000000 24.837158
0 0.000000 24.831468
0 0.000000 24.433909
0 0.000000 24.409947
0 0.000000 24.317121
0 0.000000 24.308196
0 0.000000 24.246797
0 0.000000 24.205159
0 0.000000 24.140309
0 0.000000 23.921962
0 0.000000 23.734488
0 0.000000 23.639936
0 0.000000 23.626921
0 0.000000 23.467467
0 0.000000 23.441739
0 0.000000 23.200973
0 0.000000 22.932132
0 0.000000 22.927025
0 0.000000 22.880879
0 0.000000 22.117877
0 0.000000 22.113980
0 0.000000 22.097463
0 0.000000 21.793000
0 0.000000 21.776558
0 0.000000 21.662073
0 0.000000 21.641560
0 0.000000 21.375669
0 0.000000 21.188163
0 0.000000 21.160846
0 0.000000 21.089203
0 0.000000 21.035641
0 0.000000 20.994996
0 0.000000 20.863287
0 0.000000 20.856422
0 0.000000 20.753210
0 0.000000 20.456973
0 0.000000 20.438319
0 0.000000 20.421714
0 0.000000 20.289517
0 0.000000 20.262435
0 0.000000 20.190719
0 0.000000 20.137140
0 0.000000 20.089775
0 0.000000 19.938564
0 0.000000 19.801375
0 0.000000 19.572504
0 0.000000 19.542379
0 0.000000 19.516690
0 0.000000 19.434765
0 0.000000 19.301143
0 0.000000 19.299709
0 0.000000 19.298911
0 0.000000 19.283213
0 0.000000 19.163229
0 0.000000 19.073139
0 0.000000 18.760248
0 0.000000 18.666027
0 0.000000 18.593052
0 0.000000 18.426791
0 0.000000 18.349443
0 0.000000 18.247268
0 0.000000 18.229085
0 0.000000 18.183875
0 0.000000 18.162611
0 0.000000 18.153495
0 0.000000 18.143751
0 0.000000 18.132194
0 0.000000 18.110499
0 0.000000 18.078899
0 0.000000 18.066568
0 0.000000 17.900606
0 0.000000 17.885875
0 0.000000 17.762738
0 0.000000 17.680478
0 0.000000 17.625097
0 0.000000 17.545433
0 0.000000 17.456352
0 0.000000 17.354448
0 0.000000 17.274409
0 0.000000 17.253811
0 0.000000 17.204024
0 0.000000 17.039220
0 0.000000 16.996277
0 0.000000 16.966749
0 0.000000 16.920801
0 0.000000 16.853854
0 0.000000 16.846607
0 0.000000 16.833323
0 0.000000 16.813455
0 0.000000 16.807175
0 0.000000 16.780573
0 0.000000 16.760593
0 0.000000 16.743112
0 0.000000 16.712090
0 0.000000 16.541016
0 0.000000 16.474247
0 0.000000 16.259238
0 0.000000 16.207588
0 0.000000 16.198516
0 0.000000 16.176531
0 0.000000 16.144698
0 0.000000 16.092694
0 0.000000 16.073721
0 0.000000 15.964534
0 0.000000 15.838213
0 0.000000 15.825389
0 0.000000 15.461352
0 0.000000 15.437089
0 0.000000 15.277874
0 0.000000 15.202587
0 0.000000 15.137542
0 0.000000 15.096704
0 0.000000 15.088809
0 0.000000 14.967139
0 0.000000 14.903740
0 0.000000 14.663462
0 0.000000 14.606829
0 0.000000 14.530648
0 0.000000 14.441834
0 0.000000 14.106081
0 0.000000 13.975813
0 0.000000 13.867614
0 0.000000 13.737002
0 0.000000 13.729095
0 0.000000 13.660238
0 0.000000 13.610832
0 0.000000 13.555695
0 0.000000 13.532102
0 0.000000 13.340992
0 0.000000 13.323366
0 0.000000 12.959372
0 0.000000 12.931132
0 0.000000 12.795191
0 0.000000 12.700741
0 0.000000 12.637417
0 0.000000 12.362715
0 0.000000 12.324479
0 0.000000 11.470937
0 0.000000 10.976718
0 0.000000 10.408752
0 0.000000 9.160398
