1 25.173940 41.175340
1 23.969283 39.122788
1 23.853726 38.410807
1 28.425441 42.026294
1 21.746601 34.775311
1 27.966391 40.564945
1 24.550546 37.014503
1 25.128624 37.002476
1 23.149443 34.988714
1 27.737951 39.571104
1 23.570442 35.041807
1 23.552157 34.849183
1 25.181251 36.156387
1 25.542004 36.417819
1 26.733022 37.591684
1 23.561522 34.377024
1 22.029400 32.747028
1 24.289107 35.000037
1 21.832186 32.382260
1 23.744796 34.280856
1 29.754634 40.248585
1 25.232062 35.491996
1 24.518238 34.769673
1 26.835264 37.013063
1 25.158967 35.154808
1 23.005790 32.652127
1 24.382763 33.797419
1 23.286565 32.541036
1 25.527190 34.668369
1 23.801711 32.840009
1 25.478151 34.490312
1 25.320486 34.327457
1 23.506563 32.507206
1 24.065048 33.045344
1 22.443451 31.183934
1 26.482715 35.113926
1 22.700127 31.307611
1 26.169704 34.748458
1 27.483281 36.030552
1 24.847766 33.300343
1 27.718573 36.163682
1 24.841791 33.260119
1 26.192061 34.537235
1 24.770707 32.807953
1 32.137332 40.080080
1 25.998056 33.849622
1 25.971734 33.752464
1 31.616075 39.305874
1 25.823387 33.507596
1 25.797954 33.439198
1 25.676438 33.221435
1 21.963671 29.299069
1 24.782354 32.082152
1 23.096274 30.319881
1 26.557496 33.636804
1 25.784975 32.799430
1 24.442679 31.416209
1 27.485478 34.456101
1 23.809298 30.495560
1 23.826788 30.464467
1 29.867234 36.471641
1 22.457810 28.972056
1 25.397527 31.833055
1 26.238636 32.601409
1 25.589347 31.846314
1 25.737497 31.941876
1 22.709362 28.813086
1 25.556272 31.654224
1 26.196373 32.160795
1 27.355131 33.307947
1 24.115277 30.044101
1 28.920072 34.829367
1 37.802170 43.694033
1 33.805720 39.676415
1 22.757859 28.501928
1 27.695563 33.242007
1 23.670662 29.156499
1 27.777964 33.259206
1 26.205685 31.584830
1 27.311101 32.641168
1 24.735857 30.016000
1 24.129464 29.397366
1 23.655552 28.917245
1 26.288342 31.401132
1 30.021770 35.049940
1 25.882538 30.872634
1 32.234471 37.213348
1 28.075274 33.014768
1 26.213285 31.131893
1 28.039660 32.920305
1 26.450288 31.049591
1 34.322325 38.914430
1 24.556715 29.143709
1 22.756278 27.311388
1 26.669178 31.122614
1 26.248456 30.598908
1 23.856628 28.203561
1 28.216077 32.562458
1 27.354460 31.576960
1 26.078367 30.297222
1 26.555314 30.732482
1 27.147209 31.300646
1 25.533502 29.664454
1 29.044823 33.174980
1 29.138421 33.224197
1 29.394972 33.468284
1 36.566411 40.604050
1 22.112322 26.062630
1 26.225879 29.965404
1 25.433755 29.167654
1 20.146116 23.843696
1 25.971892 29.663737
1 29.060184 32.731644
1 37.395146 40.993107
1 23.814447 27.347545
1 26.357028 29.825982
1 25.703224 29.154494
1 28.591435 32.023993
1 23.082649 26.503616
1 28.944948 32.360294
1 34.801627 38.196063
1 23.118557 26.508317
1 26.671712 30.013043
1 22.785084 26.067168
1 27.980709 31.251154
1 30.316991 33.542340
1 29.103450 32.301201
1 27.877133 31.067384
1 35.555457 38.673867
1 26.486284 29.599820
1 31.455449 34.523009
1 30.029482 33.066841
1 25.423418 28.460725
1 21.375452 24.377712
1 25.132709 28.078090
1 28.908943 31.837387
1 26.585229 29.459301
1 23.170719 25.960856
1 27.473504 30.261775
1 30.068228 32.855205
1 24.637683 27.422863
1 27.558446 30.314614
1 29.000616 31.733087
1 24.811591 27.535281
1 27.440544 30.070681
1 31.443238 34.071197
1 29.747133 32.370754
1 24.411619 27.020172
1 28.581975 31.175210
1 26.390090 28.954036
1 27.152942 29.706566
1 18.733402 21.216775
1 37.085596 39.512695
1 27.491663 29.916767
1 20.696620 23.085279
1 25.985429 28.345255
1 29.303707 31.656273
1 23.217222 25.524799
1 34.247744 36.511434
1 24.339199 26.590656
1 26.160626 28.384447
1 30.839609 33.033963
1 30.617183 32.806837
1 22.682874 24.871473
1 30.269666 32.417771
1 25.783573 27.895851
1 26.061176 28.170704
1 29.226493 31.303578
1 27.687353 29.750121
1 25.741422 27.798865
1 25.235440 27.269993
1 31.237480 33.255109
1 26.793618 28.782686
1 26.385081 28.362543
1 20.965486 22.941611
1 32.366007 34.339890
1 22.105195 24.071144
1 25.456028 27.417658
1 27.100529 29.053196
1 29.934294 31.870627
1 25.879357 27.783269
1 26.205120 28.102958
1 26.725161 28.618739
1 24.559791 26.452450
1 23.485349 25.338636
1 27.230528 29.061049
1 26.657729 28.487588
1 28.536447 30.318315
1 31.804262 33.582219
1 25.127312 26.892154
1 26.296951 28.028546
1 24.623533 26.348689
1 21.709991 23.418925
1 25.888995 27.567753
1 28.624402 30.285049
1 29.020203 30.667918
1 29.023703 30.669799
1 35.270524 36.915714
1 24.388904 26.022085
1 27.100553 28.703655
1 25.453074 27.050696
1 29.981875 31.560073
1 29.537544 31.058657
1 28.322874 29.783982
1 31.729054 33.176944
1 28.245444 29.664855
1 31.828401 33.241455
1 32.495119 33.906781
1 31.902740 33.308793
1 21.955992 23.347838
1 23.205888 24.585195
1 27.567598 28.922179
1 26.036041 27.383235
1 28.279717 29.626211
1 32.804052 34.146524
1 33.113065 34.442990
1 23.118097 24.444543
1 31.836163 33.111940
1 26.126922 27.402589
1 27.158808 28.428420
1 26.308269 27.548159
1 28.550775 29.789709
1 37.521187 38.742701
1 31.204768 32.399793
1 27.944474 29.120501
1 29.393759 30.568617
1 29.368191 30.540234
1 29.307557 30.469267
1 28.462034 29.621805
1 33.772355 34.929786
1 32.160910 33.290117
1 29.459731 30.533998
1 32.821086 33.883505
1 35.620900 36.676562
1 32.317888 33.370249
1 31.095299 32.132882
1 43.370247 44.398547
1 31.466255 32.490947
1 28.005641 29.021417
1 34.718964 35.723455
1 31.218798 32.185676
1 32.515150 33.471577
1 29.522803 30.467882
1 30.669151 31.611165
1 21.925364 22.837817
1 24.358274 25.235925
1 26.208086 27.073678
1 28.277539 29.128758
1 29.285522 30.119802
1 31.575079 32.395019
1 31.187267 31.989975
1 32.071444 32.856805
1 33.754115 34.496900
1 35.510521 36.236459
1 31.197944 31.903497
1 32.537696 33.229185
1 32.051985 32.738388
1 25.500921 26.168798
1 33.399884 34.047569
1 30.101154 30.702287
1 32.780481 33.370230
1 25.630716 26.195781
1 27.564837 28.114601
1 31.482272 32.002409
1 29.803779 30.317789
1 35.127863 35.635793
1 26.577735 27.071879
1 28.010057 28.501497
1 32.372375 32.835592
1 28.912116 29.370518
1 33.510588 33.953075
1 30.904411 31.272632
1 26.771495 27.128366
1 31.676278 31.985274
1 28.861054 29.164301
1 34.376948 34.676426
1 30.879040 31.158207
1 34.565786 34.779151
1 31.652021 31.856121
1 26.473006 26.659822
1 34.042938 34.225222
1 32.673951 32.819405
1 37.672406 37.804981
1 29.882095 30.007864
1 32.113559 32.214137
1 32.176068 32.272107
1 33.959757 34.046507
1 31.848922 31.932814
1 32.380011 32.449390
0 0.000000 inf
0 0.000000 31.573698
0 0.000000 31.097962
0 0.000000 30.009626
0 0.000000 29.794058
0 0.000000 26.793472
0 0.000000 26.306206
0 0.000000 25.835289
0 0.000000 25.789965
0 0.000000 25.693869
0 0.000000 25.569487
0 0.000000 25.501060
0 0.000000 25.459884
0 0.000000 25.338158
0 0.000000 25.314445
0 0.000000 25.223095
0 0.000000 25.177110
0 0.000000 25.168063
0 0.000000 24.928528
0 0.000000 24.927423
0 0.000000 24.913286
0 0.000000 24.757120
0 0.000000 24.657469
0 0.000000 24.563892
0 0.000000 24.320202
0 0.000000 24.287321
0 0.000000 24.231642
0 0.000000 24.155510
0 0.000000 24.138333
0 0.000000 24.116105
0 0.000000 24.114694
0 0.000000 24.070149
0 0.000000 24.043307
0 0.000000 23.943691
0 0.000000 23.892644
0 0.000000 23.872234
0 0.000000 23.836210
0 0.000000 23.743226
0 0.000000 23.709627
0 0.000000 23.650774
0 0.000000 23.528249
0 0.000000 23.493194
0 0.000000 23.480646
0 0.000000 23.479120
0 0.000000 23.457661
0 0.000000 23.427169
0 0.000000 23.370098
0 0.000000 23.359310
0 0.000000 23.337272
0 0.000000 23.308741
0 0.000000 23.300851
0 0.000000 23.292215
0 0.000000 23.258695
0 0.000000 23.198494
0 0.000000 23.157907
0 0.000000 22.972042
0 0.000000 22.954283
0 0.000000 22.953322
0 0.000000 22.948756
0 0.000000 22.891137
0 0.000000 22.832337
0 0.000000 22.817898
0 0.000000 22.750058
0 0.000000 22.728065
0 0.000000 22.726002
0 0.000000 22.685831
0 0.000000 22.673162
0 0.000000 22.555071
0 0.000000 22.545282
0 0.000000 22.538953
0 0.000000 22.527043
0 0.000000 22.519827
0 0.000000 22.483165
0 0.000000 22.448107
0 0.000000 22.429013
0 0.000000 22.331131
0 0.000000 22.283066
0 0.000000 22.262910
0 0.000000 22.216775
0 0.000000 22.202464
0 0.000000 22.084676
0 0.000000 22.035662
0 0.000000 22.031638
0 0.000000 21.965927
0 0.000000 21.818834
0 0.000000 21.761182
0 0.000000 21.759493
0 0.000000 21.745982
0 0.000000 21.700330
0 0.000000 21.677817
0 0.000000 21.650817
0 0.000000 21.631341
0 0.000000 21.631169
0 0.000000 21.605959
0 0.000000 21.603601
0 0.000000 21.581214
0 0.000000 21.561460
0 0.000000 21.544152
0 0.000000 21.535643
0 0.000000 21.515451
0 0.000000 21.488744
0 0.000000 21.450350
0 0.000000 21.439891
0 0.000000 21.438353
0 0.000000 21.423917
0 0.000000 21.335816
0 0.000000 21.273656
0 0.000000 21.231402
0 0.000000 21.217211
0 0.000000 21.210588
0 0.000000 21.192113
0 0.000000 21.060404
0 0.000000 21.026814
0 0.000000 20.982116
0 0.000000 20.913729
0 0.000000 20.841948
0 0.000000 20.816200
0 0.000000 20.725862
0 0.000000 20.707042
0 0.000000 20.706619
0 0.000000 20.677509
0 0.000000 20.675342
0 0.000000 20.665948
0 0.000000 20.571660
0 0.000000 20.511463
0 0.000000 20.495835
0 0.000000 20.470623
0 0.000000 20.441481
0 0.000000 20.420495
0 0.000000 20.284957
0 0.000000 20.265454
0 0.000000 20.231662
0 0.000000 20.188277
0 0.000000 20.177010
0 0.000000 20.123525
0 0.000000 20.099980
0 0.000000 20.017316
0 0.000000 20.003880
0 0.000000 19.981519
0 0.000000 19.938172
0 0.000000 19.801366
0 0.000000 19.786782
0 0.000000 19.767046
0 0.000000 19.722103
0 0.000000 19.679525
0 0.000000 19.610740
0 0.000000 19.585388
0 0.000000 19.501704
0 0.000000 19.432367
0 0.000000 19.366897
0 0.000000 19.316112
0 0.000000 19.228569
0 0.000000 19.213575
0 0.000000 19.170982
0 0.000000 19.135084
0 0.000000 18.962286
0 0.000000 18.953813
0 0.000000 18.842059
0 0.000000 18.828993
0 0.000000 18.793875
0 0.000000 18.784173
0 0.000000 18.708084
0 0.000000 18.609975
0 0.000000 18.512985
0 0.000000 18.463652
0 0.000000 18.431446
0 0.000000 18.412980
0 0.000000 18.255443
0 0.000000 18.245047
0 0.000000 18.110308
0 0.000000 18.070249
0 0.000000 17.985075
0 0.000000 17.981990
0 0.000000 17.900404
0 0.000000 17.806156
0 0.000000 17.738379
0 0.000000 17.378375
0 0.000000 16.916237
0 0.000000 16.624224
0 0.000000 16.609464
0 0.000000 16.521802
0 0.000000 16.426722
0 0.000000 16.149752
0 0.000000 15.740476
0 0.000000 15.284268
0 0.000000 15.220569
0 0.000000 14.120204
