1 28.145783 48.208678
1 22.935976 41.821403
1 23.405342 40.924741
1 31.995523 48.639623
1 27.860466 44.413774
1 28.994535 45.170120
1 26.597423 41.287669
1 27.258255 41.781049
1 24.063173 37.788394
1 27.468468 41.174180
1 24.137884 37.710216
1 24.179346 37.493802
1 24.135597 37.217532
1 24.528756 37.587104
1 34.556454 47.528235
1 20.388481 33.321647
1 23.030825 35.845658
1 26.782779 39.169602
1 28.157752 39.975650
1 23.426640 35.177799
1 32.532240 43.728442
1 32.005186 43.191111
1 27.824365 38.982562
1 27.894300 38.998262
1 22.867868 33.852244
1 26.412134 37.276746
1 25.979748 36.768313
1 28.402224 39.029932
1 26.468507 37.037183
1 26.613251 37.108656
1 30.096611 40.408294
1 22.583679 32.783595
1 26.544259 36.614228
1 32.393697 42.318022
1 18.359819 28.054155
1 30.027692 39.715263
1 25.245128 34.490353
1 25.467183 34.697935
1 24.674909 33.638960
1 27.823184 36.703407
1 24.193946 32.844268
1 28.916426 37.556218
1 24.172734 32.791447
1 25.232138 33.780923
1 27.695582 36.116300
1 25.024354 33.305286
1 26.017266 34.223614
1 28.360598 36.554417
1 24.053501 32.128909
1 22.467525 30.470844
1 31.264961 39.006761
1 20.745844 28.446028
1 23.615918 31.251625
1 27.784006 35.335732
1 24.405390 31.926329
1 22.217641 29.578809
1 29.504706 36.769379
1 34.170102 41.287549
1 20.678726 27.738416
1 25.628665 32.687596
1 25.261891 31.960855
1 26.924379 33.296444
1 25.810959 32.120571
1 27.234820 33.424142
1 25.818708 31.997663
1 22.966115 29.055066
1 25.814083 31.814954
1 29.526676 35.495052
1 41.081400 46.786720
1 23.355178 28.974522
1 24.232856 29.816456
1 31.565962 37.120106
1 29.800529 35.319734
1 27.202489 32.710038
1 30.624760 36.028519
1 29.237696 34.521445
1 20.840392 25.961735
1 23.816587 28.763357
1 26.609378 31.528786
1 29.528679 34.362187
1 19.629533 24.387228
1 27.417393 32.149135
1 35.605602 40.263081
1 25.813467 30.440233
1 34.243005 38.786023
1 32.487238 37.021759
1 33.235213 37.600906
1 27.224457 31.511707
1 27.334150 31.582687
1 31.624116 35.855405
1 30.370517 34.475168
1 23.519591 27.601124
1 30.446999 34.460411
1 28.635870 32.599306
1 34.819662 38.700681
1 30.813338 34.667834
1 26.874979 30.725944
1 28.513483 32.364004
1 22.844651 26.671446
1 27.644610 31.405080
1 21.648838 25.383007
1 33.586537 37.318614
1 21.278038 25.009811
1 28.336184 32.022008
1 25.729680 29.397555
1 22.803566 26.463195
1 24.448036 28.086076
1 39.662787 43.297317
1 32.115906 35.662431
1 29.727456 33.178435
1 24.192135 27.575223
1 30.293675 33.673461
1 23.453108 26.822767
1 38.410026 41.679824
1 28.088757 31.282313
1 29.256394 32.414855
1 33.709741 36.840666
1 20.299823 23.423858
1 26.046934 29.151872
1 25.572191 28.612207
1 27.908539 30.943228
1 26.218015 29.244430
1 36.421796 39.354179
1 33.379467 36.301577
1 28.906006 31.812546
1 29.136924 31.993266
1 30.976835 33.817993
1 30.864590 33.675678
1 25.801771 28.599608
1 22.144002 24.893052
1 23.944533 26.639880
1 38.626659 41.285631
1 26.837383 29.474001
1 31.404296 34.002818
1 39.443371 42.025299
1 26.986831 29.547529
1 30.111251 32.658812
1 29.084313 31.611753
1 27.757992 30.278192
1 30.072721 32.551688
1 34.363175 36.835122
1 34.696960 37.165085
1 31.977373 34.444989
1 20.285617 22.746588
1 30.222158 32.634378
1 18.565941 20.946638
1 26.652112 29.027826
1 27.045527 29.380315
1 26.055017 28.340239
1 37.562355 39.829197
1 30.728716 32.954772
1 24.332121 26.548984
1 22.901488 25.116920
1 22.436376 24.635868
1 28.020089 30.204863
1 30.736991 32.919869
1 25.913516 28.090752
1 32.604859 34.781417
1 24.378984 26.533657
1 24.107452 26.253834
1 37.960346 40.095745
1 30.209327 32.341116
1 27.851928 29.982177
1 23.244473 25.373685
1 29.313561 31.410781
1 31.415517 33.502030
1 21.145106 23.219141
1 27.794850 29.868845
1 38.483626 40.518001
1 24.735461 26.756578
1 31.284816 33.279243
1 29.856931 31.849258
1 27.755125 29.744368
1 26.095290 28.058627
1 29.330773 31.277656
1 26.682952 28.625643
1 35.674543 37.597528
1 23.415661 25.290118
1 33.840191 35.702453
1 32.451592 34.302958
1 30.066440 31.895842
1 36.786856 38.613371
1 24.692168 26.513836
1 29.147932 30.957952
1 30.429224 32.218140
1 29.759274 31.532492
1 22.914671 24.635292
1 21.087881 22.795928
1 27.627340 29.320861
1 25.370780 27.006416
1 26.664289 28.279268
1 34.975516 36.561324
1 32.889252 34.472953
1 32.351769 33.886547
1 33.056253 34.584165
1 34.023035 35.538794
1 26.089114 27.603984
1 37.610253 39.121166
1 27.753771 29.222756
1 31.875519 33.328509
1 19.658840 21.090270
1 29.168645 30.588870
1 22.985894 24.388508
1 34.237494 35.631865
1 34.394418 35.774055
1 32.477280 33.851852
1 35.778853 37.123325
1 26.299102 27.642728
1 35.246655 36.571540
1 35.533912 36.858765
1 29.435600 30.729491
1 22.831113 24.121497
1 22.150762 23.436882
1 32.709889 33.968649
1 33.987140 35.205554
1 30.716001 31.926322
1 38.541793 39.743016
1 27.274220 28.468302
1 25.648315 26.808178
1 34.204376 35.355056
1 22.165139 23.310472
1 33.748028 34.889263
1 27.451062 28.584302
1 30.353041 31.484826
1 38.624454 39.710719
1 41.780254 42.851982
1 20.686813 21.754388
1 25.762822 26.806512
1 33.053160 34.072417
1 24.186916 25.193213
1 37.042049 38.024569
1 26.364929 27.342071
1 26.844732 27.811442
1 30.832085 31.793236
1 34.081178 35.019841
1 39.995090 40.903503
1 27.124023 28.025767
1 39.858494 40.751459
1 23.221821 24.111866
1 30.825659 31.714014
1 29.616295 30.491795
1 29.746154 30.621424
1 30.164710 31.033699
1 33.169084 34.035447
1 29.509289 30.361924
1 35.799275 36.631086
1 23.755309 24.580350
1 37.859960 38.682939
1 28.562385 29.377477
1 31.588247 32.346855
1 31.545300 32.284609
1 24.620238 25.332348
1 31.368769 32.080503
1 23.209043 23.914648
1 36.190887 36.839094
1 35.221553 35.853693
1 24.792326 25.405842
1 28.355745 28.936378
1 36.154135 36.703403
1 32.393738 32.896609
1 36.482433 36.939933
1 46.058215 46.488608
1 33.999695 34.408689
1 34.495577 34.892688
1 29.849938 30.245481
1 47.946142 48.325517
1 40.957369 41.312983
1 43.787516 44.142130
1 35.120568 35.444096
1 38.751029 39.066405
1 31.467625 31.776972
1 29.672724 29.967316
1 33.478023 33.748074
1 30.776248 31.031737
1 32.595723 32.836206
1 32.279291 32.512388
1 25.481136 25.702088
1 37.795339 37.973647
1 38.660165 38.836366
1 29.220799 29.391145
1 28.233152 28.337784
1 34.345584 34.445175
1 29.939213 30.029886
1 40.367468 40.445460
1 36.393262 36.465718
1 27.317591 27.383860
1 29.979183 30.007062
1 35.803983 35.822008
1 39.198692 39.211195
0 0.000000 inf
0 0.000000 36.917850
0 0.000000 31.928637
0 0.000000 31.119188
0 0.000000 30.992194
0 0.000000 30.291185
0 0.000000 29.980336
0 0.000000 29.692539
0 0.000000 28.785279
0 0.000000 28.721041
0 0.000000 28.418204
0 0.000000 28.387350
0 0.000000 27.548108
0 0.000000 27.324879
0 0.000000 27.192877
0 0.000000 27.145033
0 0.000000 27.108431
0 0.000000 27.033345
0 0.000000 26.740269
0 0.000000 26.718902
0 0.000000 26.661374
0 0.000000 26.588282
0 0.000000 26.112032
0 0.000000 26.044899
0 0.000000 25.866628
0 0.000000 25.843516
0 0.000000 25.774817
0 0.000000 25.692356
0 0.000000 25.625466
0 0.000000 25.618920
0 0.000000 25.606712
0 0.000000 25.542015
0 0.000000 25.472048
0 0.000000 25.414556
0 0.000000 25.342046
0 0.000000 25.262269
0 0.000000 25.009040
0 0.000000 24.726488
0 0.000000 24.653248
0 0.000000 24.586294
0 0.000000 24.396690
0 0.000000 24.383726
0 0.000000 24.217865
0 0.000000 24.156466
0 0.000000 24.054434
0 0.000000 23.994868
0 0.000000 23.805764
0 0.000000 23.768053
0 0.000000 23.712214
0 0.000000 23.708716
0 0.000000 23.692975
0 0.000000 23.523830
0 0.000000 23.519214
0 0.000000 23.497001
0 0.000000 23.459179
0 0.000000 23.428111
0 0.000000 23.348590
0 0.000000 23.306686
0 0.000000 23.286319
0 0.000000 23.282083
0 0.000000 23.236695
0 0.000000 23.158654
0 0.000000 23.127150
0 0.000000 23.066447
0 0.000000 23.059720
0 0.000000 22.942190
0 0.000000 22.922777
0 0.000000 22.908073
0 0.000000 22.876920
0 0.000000 22.725824
0 0.000000 22.722930
0 0.000000 22.678868
0 0.000000 22.641382
0 0.000000 22.634387
0 0.000000 22.619294
0 0.000000 22.568329
0 0.000000 22.565430
0 0.000000 22.547479
0 0.000000 22.402733
0 0.000000 22.322001
0 0.000000 22.258727
0 0.000000 22.215878
0 0.000000 21.909433
0 0.000000 21.879162
0 0.000000 21.617201
0 0.000000 21.598496
0 0.000000 21.488280
0 0.000000 21.484113
0 0.000000 21.424904
0 0.000000 21.408947
0 0.000000 21.353458
0 0.000000 21.273306
0 0.000000 21.270254
0 0.000000 21.266833
0 0.000000 21.223976
0 0.000000 21.201254
0 0.000000 21.156745
0 0.000000 21.153179
0 0.000000 21.042673
0 0.000000 21.022740
0 0.000000 20.994829
0 0.000000 20.985431
0 0.000000 20.935434
0 0.000000 20.931708
0 0.000000 20.913068
0 0.000000 20.899940
0 0.000000 20.875799
0 0.000000 20.874769
0 0.000000 20.853888
0 0.000000 20.806032
0 0.000000 20.704875
0 0.000000 20.670033
0 0.000000 20.631831
0 0.000000 20.617505
0 0.000000 20.599001
0 0.000000 20.571780
0 0.000000 20.550249
0 0.000000 20.522103
0 0.000000 20.474025
0 0.000000 20.464968
0 0.000000 20.461538
0 0.000000 20.345261
0 0.000000 20.338093
0 0.000000 20.326265
0 0.000000 20.262324
0 0.000000 20.253459
0 0.000000 20.244724
0 0.000000 20.175478
0 0.000000 20.138292
0 0.000000 20.028990
0 0.000000 20.023482
0 0.000000 20.003275
0 0.000000 19.776019
0 0.000000 19.765177
0 0.000000 19.489427
0 0.000000 19.483267
0 0.000000 19.453032
0 0.000000 19.384463
0 0.000000 19.373563
0 0.000000 19.343086
0 0.000000 19.338342
0 0.000000 19.219713
0 0.000000 19.187526
0 0.000000 19.083125
0 0.000000 19.060194
0 0.000000 19.003725
0 0.000000 18.967864
0 0.000000 18.951472
0 0.000000 18.928594
0 0.000000 18.894595
0 0.000000 18.870329
0 0.000000 18.867613
0 0.000000 18.769156
0 0.000000 18.695101
0 0.000000 18.672352
0 0.000000 18.452333
0 0.000000 18.412879
0 0.000000 18.401724
0 0.000000 18.385943
0 0.000000 18.282802
0 0.000000 18.212570
0 0.000000 18.152486
0 0.000000 18.098260
0 0.000000 18.031830
0 0.000000 17.847073
0 0.000000 17.824088
0 0.000000 17.786327
0 0.000000 17.743229
0 0.000000 17.682870
0 0.000000 17.580964
0 0.000000 17.411005
0 0.000000 17.154790
0 0.000000 17.096561
0 0.000000 17.035352
0 0.000000 16.901578
0 0.000000 16.766461
0 0.000000 16.714837
0 0.000000 16.598890
0 0.000000 16.570008
0 0.000000 16.525939
0 0.000000 16.454927
0 0.000000 16.447026
0 0.000000 15.951338
0 0.000000 15.341392
0 0.000000 14.904400
0 0.000000 13.891115
0 0.000000 12.634232
