1 25.197290 45.376316
1 24.862542 43.096973
1 26.684609 44.096938
1 26.055595 41.973189
1 24.714491 40.208454
1 24.862250 39.900311
1 23.914938 38.850708
1 25.568537 40.181608
1 23.503456 37.638921
1 24.835605 38.021895
1 24.183062 37.366487
1 28.368724 41.292789
1 28.063182 40.947282
1 25.902699 38.327419
1 25.016141 37.300541
1 27.285976 39.424007
1 26.013324 37.376889
1 23.996196 35.074762
1 27.969355 38.993898
1 23.872002 34.759485
1 25.116234 35.826064
1 27.973947 38.464485
1 25.107948 35.518487
1 24.586995 34.972028
1 22.965460 33.342600
1 27.530874 37.898040
1 23.991557 34.118181
1 24.373783 34.104283
1 27.394501 37.089701
1 23.890784 33.433727
1 26.703754 36.231294
1 27.724565 37.207310
1 30.909238 40.383295
1 24.000854 33.412702
1 26.164901 35.542166
1 31.297845 40.500969
1 28.985739 38.174712
1 25.375672 34.547748
1 28.768581 37.866304
1 25.501175 34.364898
1 23.083658 31.881310
1 25.454714 34.110331
1 28.148551 36.562756
1 26.880240 35.286196
1 27.852555 35.966048
1 24.087508 31.936909
1 26.340093 34.181430
1 28.323961 36.069421
1 28.778910 36.516608
1 26.253629 33.851329
1 26.739473 34.272516
1 30.046097 37.347501
1 28.473141 35.704004
1 25.676607 32.868015
1 29.617004 36.784625
1 26.752695 33.903845
1 25.967456 33.117066
1 28.659401 35.788360
1 25.082492 32.202014
1 31.292505 38.342022
1 28.981643 36.010847
1 24.985506 31.930706
1 29.711823 36.639106
1 25.069062 31.885606
1 26.081397 32.849341
1 26.555701 33.124373
1 29.693275 35.942166
1 28.809298 34.992523
1 28.168043 34.192850
1 27.876147 33.835337
1 29.828253 35.593090
1 26.539642 32.248702
1 25.160074 30.845864
1 24.558486 30.194262
1 30.708438 36.342519
1 26.827383 32.396210
1 29.395613 34.844509
1 27.938146 33.370594
1 28.856390 34.268253
1 27.969384 33.254347
1 27.234712 32.352315
1 29.419364 34.476671
1 25.740638 30.794599
1 29.613445 34.599582
1 24.770673 29.719720
1 28.381877 33.275803
1 29.896467 34.735823
1 25.864608 30.674720
1 29.136012 33.816184
1 29.798368 34.268415
1 22.675611 27.094081
1 29.417422 33.815645
1 31.610803 35.959798
1 28.863928 33.193781
1 31.795847 36.067990
1 27.458264 31.676950
1 29.425918 33.631344
1 28.285503 32.463785
1 37.409222 41.569482
1 26.465161 30.584629
1 26.606862 30.622486
1 25.292572 29.278360
1 29.590108 33.529214
1 26.250536 30.182980
1 28.913964 32.781308
1 26.147798 29.991144
1 26.124192 29.962970
1 27.104952 30.906004
1 23.483363 27.252541
1 26.210166 29.946727
1 26.474766 30.137732
1 21.314641 24.961655
1 28.498307 32.058991
1 32.079110 35.574243
1 35.119391 38.577894
1 26.940597 30.338277
1 37.654127 41.044191
1 27.731052 31.109453
1 32.178504 35.550826
1 27.823341 31.190300
1 27.333497 30.699395
1 32.815346 36.167370
1 28.624773 31.911209
1 24.888076 28.138239
1 25.238668 28.377344
1 29.160602 32.284398
1 28.564823 31.678571
1 22.108608 25.182693
1 22.263509 25.321988
1 34.006040 37.017591
1 34.070197 37.046504
1 26.844167 29.766043
1 28.140732 31.016820
1 30.485339 33.304555
1 29.762346 32.567474
1 28.636868 31.431394
1 25.249586 28.004250
1 28.735117 31.473264
1 30.011038 32.713468
1 28.001229 30.684675
1 29.913269 32.560587
1 32.598872 35.218216
1 23.238902 25.812252
1 28.878384 31.447704
1 26.488153 29.047970
1 28.593137 31.148043
1 35.126668 37.669353
1 24.694394 27.230307
1 32.084590 34.611891
1 24.739154 27.264064
1 22.174353 24.698953
1 31.053179 33.524976
1 29.057563 31.508303
1 25.358531 27.784995
1 32.616891 35.019974
1 32.078207 34.392529
1 24.013319 26.320265
1 30.690077 32.994807
1 32.622162 34.895970
1 24.378600 26.647699
1 29.721345 31.975771
1 28.370490 30.624684
1 27.940804 30.173818
1 29.753929 31.978116
1 25.099051 27.301314
1 25.796635 27.986262
1 24.195330 26.370865
1 37.288838 39.456512
1 30.155026 32.302238
1 29.050784 31.195700
1 27.746538 29.868446
1 35.056619 37.154293
1 32.388393 34.420181
1 25.197034 27.204257
1 24.118800 26.125712
1 32.681310 34.668436
1 28.568379 30.535513
1 24.777944 26.683647
1 27.113522 29.009915
1 22.240210 24.135412
1 36.307856 38.187824
1 31.953543 33.816412
1 32.647438 34.508199
1 30.126072 31.965024
1 33.523583 35.315433
1 31.554589 33.331810
1 35.476056 37.166132
1 25.911237 27.557387
1 31.407264 33.020023
1 33.287398 34.896256
1 35.957385 37.452811
1 30.446211 31.935557
1 33.772845 35.259060
1 31.144165 32.607359
1 30.133663 31.589534
1 30.702945 32.150979
1 29.980607 31.426637
1 28.401986 29.845291
1 28.700880 30.132206
1 30.273779 31.700922
1 31.494873 32.920042
1 33.914474 35.331072
1 26.986971 28.397357
1 40.700747 42.079004
1 21.979687 23.330844
1 29.228760 30.575303
1 28.558834 29.899402
1 33.490749 34.827327
1 34.263025 35.594930
1 31.871097 33.166737
1 30.984777 32.274104
1 23.827813 25.109996
1 31.205037 32.486654
1 25.691627 26.972915
1 33.539606 34.819943
1 31.363012 32.609585
1 29.306666 30.542874
1 29.124240 30.347148
1 33.629786 34.826843
1 33.354895 34.545473
1 31.146901 32.297836
1 34.599670 35.749406
1 25.774514 26.911635
1 33.083569 34.200368
1 31.916057 33.020092
1 32.758152 33.844588
1 28.563635 29.647616
1 30.617652 31.686972
1 31.299039 32.360112
1 35.068725 36.111920
1 32.822182 33.863238
1 29.811499 30.817342
1 31.108103 32.105012
1 27.746110 28.740880
1 31.213061 32.195211
1 37.176787 38.100610
1 32.419367 33.327746
1 31.179168 32.087502
1 28.820450 29.704258
1 27.509461 28.362501
1 33.803753 34.620100
1 32.937602 33.742674
1 37.101227 37.895886
1 31.031574 31.817371
1 34.928312 35.709166
1 20.754149 21.528506
1 29.780695 30.546647
1 32.046498 32.801631
1 30.050262 30.795808
1 31.729887 32.423613
1 31.011279 31.698862
1 28.615891 29.290491
1 29.864788 30.500670
1 30.549333 31.166294
1 31.644879 32.243242
1 33.506965 34.082191
1 33.263491 33.812005
1 32.748878 33.289342
1 36.474537 37.008144
1 35.336797 35.841157
1 33.968476 34.455760
1 30.991867 31.469894
1 37.961864 38.429084
1 27.609590 28.072975
1 33.093977 33.515280
1 28.832873 29.242280
1 30.384692 30.763743
1 37.546105 37.915894
1 29.521365 29.849241
1 35.324994 35.624194
1 34.125858 34.387745
1 37.314306 37.557297
1 38.295259 38.513825
1 43.516003 43.731775
1 32.379447 32.590938
1 28.587749 28.777432
1 34.250450 34.437786
1 26.204481 26.369285
1 30.245836 30.388572
1 34.330394 34.462056
1 41.010229 41.129896
1 36.130309 36.242355
1 34.104846 34.190769
1 32.899637 32.974527
1 34.403917 34.476592
1 33.457370 33.516159
1 33.603505 33.661665
1 34.258034 34.314575
1 39.424888 39.478737
1 37.125662 37.161221
1 31.601548 31.629064
1 41.498540 41.516192
1 36.287759 36.296287
1 31.496349 31.499703
0 0.000000 inf
0 0.000000 28.394145
0 0.000000 28.154046
0 0.000000 28.123008
0 0.000000 27.577112
0 0.000000 26.995275
0 0.000000 26.879219
0 0.000000 26.616450
0 0.000000 26.577536
0 0.000000 26.530144
0 0.000000 26.495756
0 0.000000 26.323594
0 0.000000 26.306575
0 0.000000 26.258218
0 0.000000 26.110961
0 0.000000 26.010205
0 0.000000 25.885154
0 0.000000 25.802915
0 0.000000 25.683297
0 0.000000 25.545552
0 0.000000 25.407948
0 0.000000 25.335439
0 0.000000 25.260600
0 0.000000 25.224807
0 0.000000 25.105825
0 0.000000 25.050049
0 0.000000 25.037078
0 0.000000 24.893317
0 0.000000 24.832070
0 0.000000 24.789206
0 0.000000 24.769558
0 0.000000 24.755328
0 0.000000 24.751060
0 0.000000 24.732664
0 0.000000 24.672644
0 0.000000 24.547707
0 0.000000 24.498891
0 0.000000 24.476030
0 0.000000 24.459566
0 0.000000 24.446641
0 0.000000 24.296238
0 0.000000 24.279740
0 0.000000 24.249964
0 0.000000 24.245151
0 0.000000 24.065642
0 0.000000 24.063175
0 0.000000 24.043768
0 0.000000 24.027773
0 0.000000 23.970159
0 0.000000 23.930208
0 0.000000 23.852918
0 0.000000 23.831791
0 0.000000 23.818927
0 0.000000 23.737574
0 0.000000 23.710535
0 0.000000 23.700087
0 0.000000 23.650620
0 0.000000 23.622806
0 0.000000 23.621891
0 0.000000 23.593447
0 0.000000 23.592417
0 0.000000 23.583237
0 0.000000 23.548239
0 0.000000 23.535903
0 0.000000 23.520778
0 0.000000 23.517563
0 0.000000 23.440031
0 0.000000 23.422977
0 0.000000 23.408142
0 0.000000 23.351854
0 0.000000 23.309320
0 0.000000 23.270907
0 0.000000 23.212152
0 0.000000 23.199724
0 0.000000 23.070288
0 0.000000 23.019761
0 0.000000 23.014714
0 0.000000 22.985378
0 0.000000 22.975950
0 0.000000 22.971239
0 0.000000 22.969960
0 0.000000 22.966883
0 0.000000 22.919499
0 0.000000 22.913082
0 0.000000 22.874772
0 0.000000 22.835540
0 0.000000 22.763699
0 0.000000 22.612534
0 0.000000 22.543884
0 0.000000 22.496331
0 0.000000 22.479598
0 0.000000 22.470073
0 0.000000 22.418798
0 0.000000 22.372646
0 0.000000 22.312784
0 0.000000 22.311053
0 0.000000 22.273166
0 0.000000 22.246567
0 0.000000 22.244926
0 0.000000 22.238431
0 0.000000 22.179203
0 0.000000 22.179195
0 0.000000 22.114690
0 0.000000 22.058910
0 0.000000 22.049059
0 0.000000 22.028484
0 0.000000 21.984970
0 0.000000 21.979120
0 0.000000 21.957362
0 0.000000 21.916740
0 0.000000 21.858571
0 0.000000 21.846770
0 0.000000 21.822381
0 0.000000 21.759962
0 0.000000 21.746373
0 0.000000 21.726393
0 0.000000 21.721653
0 0.000000 21.688041
0 0.000000 21.663052
0 0.000000 21.585595
0 0.000000 21.556596
0 0.000000 21.534439
0 0.000000 21.452853
0 0.000000 21.376708
0 0.000000 21.244858
0 0.000000 21.230656
0 0.000000 21.228443
0 0.000000 21.162801
0 0.000000 21.138296
0 0.000000 21.054393
0 0.000000 20.990989
0 0.000000 20.958316
0 0.000000 20.955280
0 0.000000 20.915515
0 0.000000 20.912823
0 0.000000 20.886236
0 0.000000 20.886093
0 0.000000 20.839163
0 0.000000 20.804595
0 0.000000 20.803662
0 0.000000 20.732788
0 0.000000 20.725486
0 0.000000 20.664259
0 0.000000 20.555522
0 0.000000 20.519028
0 0.000000 20.445857
0 0.000000 20.330866
0 0.000000 20.288293
0 0.000000 20.232430
0 0.000000 20.215940
0 0.000000 20.002890
0 0.000000 19.998370
0 0.000000 19.977200
0 0.000000 19.968959
0 0.000000 19.955571
0 0.000000 19.893714
0 0.000000 19.795691
0 0.000000 19.785514
0 0.000000 19.673520
0 0.000000 19.501235
0 0.000000 19.487767
0 0.000000 19.381571
0 0.000000 19.334658
0 0.000000 19.195220
0 0.000000 19.119939
0 0.000000 19.116917
0 0.000000 19.103267
0 0.000000 19.087407
0 0.000000 18.917654
0 0.000000 18.901959
0 0.000000 18.775821
0 0.000000 18.608015
0 0.000000 18.341624
0 0.000000 18.251099
0 0.000000 18.226394
0 0.000000 18.066705
0 0.000000 17.949011
0 0.000000 17.723375
0 0.000000 17.704625
0 0.000000 17.584571
0 0.000000 17.508301
0 0.000000 17.505555
0 0.000000 17.376628
0 0.000000 16.916724
0 0.000000 16.785286
0 0.000000 16.693258
0 0.000000 16.308412
