1 25.191632 44.482038
1 28.521630 46.244277
1 23.064676 40.151035
1 32.183753 48.926124
1 24.498993 40.588606
1 29.918304 45.097344
1 26.068461 40.663630
1 23.157445 37.541615
1 28.304678 42.395236
1 23.470947 37.431842
1 30.247694 42.661320
1 31.322969 43.540811
1 23.460528 35.636466
1 25.201128 36.946183
1 22.825433 34.277379
1 27.016571 38.318944
1 23.886414 35.147357
1 28.536986 39.437293
1 24.531513 35.342134
1 24.192384 34.634846
1 25.582047 35.940332
1 28.871791 38.770733
1 29.031930 38.481025
1 27.019511 36.422620
1 22.075858 31.370537
1 23.754208 32.959718
1 25.786981 34.991483
1 25.348423 34.512740
1 29.002250 38.105294
1 30.407283 39.500049
1 30.307587 39.348038
1 30.749147 39.703151
1 25.635424 34.347102
1 29.529636 38.230231
1 29.123620 37.693173
1 22.600355 31.124142
1 23.573923 32.087434
1 29.491535 37.984511
1 28.934459 37.410129
1 23.101938 31.511315
1 22.576885 30.980048
1 24.577762 32.944867
1 27.110159 35.395842
1 21.599970 29.804259
1 31.504353 39.406318
1 23.995984 31.897824
1 30.187844 37.583025
1 26.493719 33.823433
1 29.578619 36.848436
1 22.388327 29.608534
1 25.516602 32.660716
1 27.079848 33.952677
1 25.220473 31.997224
1 24.496536 31.208742
1 30.890035 37.527144
1 24.153382 30.726363
1 24.634158 31.170553
1 30.197300 36.630751
1 20.396095 26.583820
1 25.889429 31.985620
1 23.331893 29.367082
1 24.153071 29.938588
1 21.328069 27.093972
1 31.566678 37.294626
1 26.041166 31.737911
1 27.236064 32.924317
1 33.771141 39.184390
1 24.349510 29.738546
1 38.664957 43.759387
1 22.377638 27.445760
1 24.624922 29.593645
1 31.002010 35.826189
1 25.042231 29.833213
1 26.915561 31.669058
1 32.729112 37.476291
1 32.258408 36.967313
1 25.054937 29.752301
1 25.712507 30.403884
1 32.193807 36.879321
1 29.660676 34.260141
1 33.376117 37.962230
1 24.148303 28.733085
1 23.716144 28.232375
1 32.736037 37.012933
1 25.253438 29.441694
1 23.312677 27.470196
1 32.559101 36.687812
1 26.162462 30.274694
1 27.959807 32.022743
1 26.833793 30.892910
1 29.091808 33.150092
1 21.713911 25.720042
1 27.596825 31.600058
1 22.897976 26.899456
1 35.350661 39.227369
1 23.657112 27.489945
1 29.299809 33.063172
1 24.319803 28.033583
1 27.634133 31.330074
1 29.505644 33.094517
1 34.279384 37.852256
1 33.688763 37.260975
1 27.166629 30.653451
1 25.228605 28.662045
1 30.743702 34.158798
1 20.033271 23.425688
1 31.000457 34.371337
1 27.606133 30.967043
1 21.780334 25.139940
1 29.219880 32.550823
1 22.787135 26.088356
1 28.871781 32.130703
1 28.046730 31.276610
1 35.177089 38.389218
1 26.637889 29.821411
1 33.045817 36.216609
1 23.426066 26.588644
1 26.021869 29.149985
1 26.616424 29.705539
1 32.834511 35.901040
1 27.907593 30.956017
1 30.806784 33.850639
1 30.019378 33.058107
1 32.874018 35.884650
1 28.187046 31.174933
1 26.982090 29.901463
1 25.380864 28.271907
1 24.905129 27.762409
1 24.908268 27.761433
1 31.083630 33.919811
1 30.804545 33.621468
1 28.411484 31.225061
1 31.999978 34.801239
1 23.487658 26.279148
1 27.210860 29.977951
1 26.186477 28.953095
1 30.794741 33.550362
1 21.539956 24.258181
1 22.282413 24.994301
1 35.064564 37.762965
1 30.330187 33.024301
1 23.496578 26.169917
1 28.830400 31.499429
1 34.109090 36.771248
1 26.604051 29.216989
1 27.292545 29.865806
1 39.208056 41.757932
1 31.289392 33.799956
1 25.907549 28.402678
1 23.135997 25.627255
1 29.472869 31.958411
1 31.569557 34.043670
1 27.797013 30.252402
1 24.098013 26.499981
1 35.694612 38.087247
1 29.637169 32.016978
1 28.676379 31.051194
1 28.882355 31.256834
1 28.796194 31.150453
1 23.958582 26.281867
1 21.003539 23.286203
1 28.830377 31.094057
1 27.147222 29.398681
1 26.359555 28.592195
1 29.538230 31.746603
1 29.126047 31.308124
1 24.228783 26.400736
1 24.976716 27.146300
1 29.783855 31.929380
1 28.399899 30.534448
1 36.789143 38.906950
1 28.193351 30.280707
1 21.962758 24.017448
1 23.088805 25.141435
1 30.408979 32.338960
1 32.511422 34.438631
1 28.498354 30.408404
1 31.083285 32.988576
1 20.411902 22.287785
1 30.900017 32.773424
1 29.553594 31.417254
1 26.706468 28.550533
1 24.971978 26.793932
1 25.768790 27.579008
1 29.271965 31.036359
1 31.063476 32.817181
1 30.066508 31.780592
1 30.753260 32.456083
1 23.943778 25.642740
1 36.273420 37.923979
1 30.543171 32.177032
1 24.599063 26.228840
1 27.658707 29.256943
1 30.933621 32.490770
1 29.230729 30.769516
1 26.596433 28.123699
1 28.590346 30.105583
1 32.613251 34.123717
1 35.651594 37.147334
1 25.662653 27.118471
1 20.167813 21.617959
1 30.311519 31.740176
1 36.254078 37.678182
1 31.368461 32.788600
1 36.876904 38.295137
1 28.848462 30.259857
1 28.853845 30.250514
1 33.719488 35.101321
1 24.644308 26.015509
1 26.262787 27.628261
1 26.447531 27.802025
1 29.311337 30.651117
1 26.484314 27.811821
1 25.439361 26.758069
1 27.586998 28.899294
1 41.444872 42.658166
1 30.322495 31.487396
1 25.621813 26.749858
1 35.758336 36.862966
1 36.193737 37.291137
1 26.924348 28.021644
1 27.515503 28.588467
1 31.694456 32.763677
1 32.154697 33.218346
1 28.170214 29.229742
1 32.761439 33.815730
1 25.094091 26.129392
1 29.267397 30.279062
1 26.806538 27.815686
1 24.984607 25.981823
1 31.865263 32.854256
1 30.562569 31.531929
1 25.128814 26.084118
1 26.596545 27.498105
1 25.073739 25.972532
1 29.871845 30.763306
1 23.737060 24.616464
1 27.937859 28.796898
1 31.911350 32.755261
1 41.303935 42.137426
1 39.925348 40.742946
1 32.694126 33.490234
1 28.652196 29.425853
1 28.996104 29.757762
1 28.810786 29.569078
1 29.197616 29.944434
1 32.003012 32.747509
1 29.685308 30.426174
1 36.633176 37.341037
1 27.452270 28.140649
1 22.254163 22.938722
1 29.906215 30.557681
1 36.145583 36.756809
1 25.871406 26.475743
1 34.788895 35.380641
1 41.045482 41.635909
1 28.304972 28.891242
1 37.612284 38.194129
1 29.817532 30.398503
1 35.961513 36.536829
1 23.689335 24.250353
1 29.927028 30.469506
1 34.859290 35.383187
1 27.397614 27.871998
1 28.040037 28.510913
1 27.414710 27.882158
1 30.622563 31.076649
1 28.552946 29.005108
1 30.557965 31.006312
1 34.213895 34.647615
1 25.646173 26.068624
1 35.653312 36.066845
1 35.491464 35.898450
1 32.194355 32.587914
1 32.827469 33.215112
1 27.651246 28.036364
1 47.939312 48.306680
1 36.180846 36.519177
1 34.575732 34.875394
1 28.850552 29.124374
1 35.602545 35.873449
1 35.403064 35.671229
1 25.558345 25.815788
1 38.151850 38.406492
1 31.986180 32.186393
1 37.829755 37.996077
1 24.696775 24.861032
1 28.952362 29.104919
1 33.166115 33.315938
1 35.585650 35.729537
1 37.849050 37.927222
1 37.869296 37.928303
1 29.256524 29.308822
1 37.572077 37.617368
0 0.000000 inf
0 0.000000 30.297608
0 0.000000 29.855305
0 0.000000 28.830752
0 0.000000 28.663147
0 0.000000 28.624674
0 0.000000 27.899479
0 0.000000 27.758071
0 0.000000 27.709557
0 0.000000 27.635121
0 0.000000 27.207087
0 0.000000 27.204334
0 0.000000 27.141048
0 0.000000 27.099316
0 0.000000 26.871055
0 0.000000 26.649474
0 0.000000 26.331483
0 0.000000 26.274572
0 0.000000 26.195701
0 0.000000 26.067255
0 0.000000 26.058991
0 0.000000 25.735922
0 0.000000 25.635350
0 0.000000 25.582736
0 0.000000 25.366585
0 0.000000 25.270917
0 0.000000 25.231323
0 0.000000 25.213743
0 0.000000 24.768773
0 0.000000 24.514479
0 0.000000 24.320564
0 0.000000 24.230379
0 0.000000 24.100172
0 0.000000 23.936039
0 0.000000 23.847908
0 0.000000 23.666816
0 0.000000 23.646507
0 0.000000 23.634592
0 0.000000 23.577815
0 0.000000 23.361318
0 0.000000 23.331317
0 0.000000 23.312993
0 0.000000 23.291699
0 0.000000 23.206154
0 0.000000 23.181803
0 0.000000 23.176789
0 0.000000 23.141930
0 0.000000 23.141851
0 0.000000 23.132297
0 0.000000 23.101149
0 0.000000 23.039222
0 0.000000 22.984565
0 0.000000 22.960711
0 0.000000 22.934939
0 0.000000 22.735579
0 0.000000 22.714933
0 0.000000 22.714802
0 0.000000 22.591248
0 0.000000 22.574822
0 0.000000 22.569555
0 0.000000 22.552331
0 0.000000 22.520150
0 0.000000 22.488276
0 0.000000 22.469425
0 0.000000 22.455210
0 0.000000 22.396552
0 0.000000 22.375646
0 0.000000 22.364197
0 0.000000 22.334971
0 0.000000 22.313771
0 0.000000 22.263041
0 0.000000 22.224353
0 0.000000 22.197683
0 0.000000 22.195209
0 0.000000 22.156051
0 0.000000 22.122888
0 0.000000 22.116392
0 0.000000 22.116199
0 0.000000 22.072815
0 0.000000 22.052361
0 0.000000 22.041584
0 0.000000 22.037337
0 0.000000 22.013396
0 0.000000 21.963221
0 0.000000 21.955209
0 0.000000 21.954276
0 0.000000 21.946051
0 0.000000 21.909836
0 0.000000 21.888998
0 0.000000 21.884374
0 0.000000 21.851194
0 0.000000 21.815380
0 0.000000 21.691988
0 0.000000 21.634900
0 0.000000 21.586374
0 0.000000 21.561698
0 0.000000 21.508368
0 0.000000 21.463825
0 0.000000 21.456993
0 0.000000 21.451791
0 0.000000 21.397307
0 0.000000 21.325379
0 0.000000 21.304032
0 0.000000 21.266061
0 0.000000 21.251895
0 0.000000 21.225817
0 0.000000 21.143801
0 0.000000 21.040642
0 0.000000 20.997283
0 0.000000 20.976929
0 0.000000 20.871336
0 0.000000 20.864363
0 0.000000 20.819994
0 0.000000 20.761458
0 0.000000 20.721579
0 0.000000 20.676701
0 0.000000 20.672585
0 0.000000 20.655082
0 0.000000 20.651618
0 0.000000 20.571451
0 0.000000 20.521918
0 0.000000 20.482877
0 0.000000 20.307899
0 0.000000 20.253817
0 0.000000 20.240222
0 0.000000 20.185235
0 0.000000 19.986109
0 0.000000 19.926212
0 0.000000 19.905802
0 0.000000 19.895655
0 0.000000 19.884615
0 0.000000 19.776771
0 0.000000 19.697339
0 0.000000 19.683244
0 0.000000 19.588621
0 0.000000 19.447156
0 0.000000 19.446448
0 0.000000 19.445732
0 0.000000 19.404520
0 0.000000 19.386900
0 0.000000 19.379890
0 0.000000 19.245291
0 0.000000 19.165145
0 0.000000 19.133301
0 0.000000 18.987408
0 0.000000 18.977251
0 0.000000 18.970158
0 0.000000 18.925904
0 0.000000 18.899327
0 0.000000 18.874683
0 0.000000 18.857477
0 0.000000 18.849359
0 0.000000 18.697053
0 0.000000 18.577884
0 0.000000 18.557655
0 0.000000 18.486459
0 0.000000 18.404228
0 0.000000 18.359337
0 0.000000 18.243562
0 0.000000 18.238885
0 0.000000 18.106691
0 0.000000 18.073462
0 0.000000 17.985602
0 0.000000 17.970990
0 0.000000 17.908495
0 0.000000 17.797343
0 0.000000 17.659935
0 0.000000 17.572319
0 0.000000 17.441909
0 0.000000 17.375237
0 0.000000 17.350518
0 0.000000 17.134045
0 0.000000 17.100207
0 0.000000 17.016089
0 0.000000 16.998268
0 0.000000 16.975117
0 0.000000 16.935879
0 0.000000 16.603821
0 0.000000 16.368844
0 0.000000 16.366933
0 0.000000 16.293536
0 0.000000 16.116078
0 0.000000 15.860958
0 0.000000 15.769861
0 0.000000 15.618568
0 0.000000 15.481177
0 0.000000 15.200888
