1 24.286004 43.360426
1 22.769780 41.161665
1 28.104438 44.831964
1 26.553396 41.115767
1 23.649353 37.574098
1 22.607184 36.035196
1 22.599140 35.552174
1 25.616040 38.416979
1 22.169621 34.824060
1 26.456716 38.876240
1 24.761157 36.903896
1 23.484587 35.570548
1 23.570913 35.531533
1 22.362313 34.149947
1 27.587045 39.267193
1 25.493108 36.802030
1 22.601475 33.726632
1 24.241544 35.233603
1 25.042454 35.984946
1 23.146431 33.828903
1 25.173444 35.770790
1 24.793101 35.293903
1 24.519078 34.768148
1 28.176371 38.214983
1 24.536667 34.571548
1 22.775112 32.775897
1 27.894667 37.825706
1 24.169933 34.028774
1 30.130278 39.754905
1 23.659931 33.284557
1 22.921446 32.275634
1 23.726333 32.725574
1 24.267749 33.260462
1 26.822910 35.682502
1 23.359961 32.124380
1 27.183229 35.817268
1 22.423431 30.919809
1 27.242871 35.532245
1 29.349912 37.597410
1 24.031780 32.269367
1 24.956093 33.050100
1 25.122581 32.900019
1 25.584485 33.314408
1 25.178836 32.520351
1 27.433659 34.688565
1 26.896338 34.145034
1 27.145051 34.329298
1 26.135445 33.179825
1 26.191983 33.210282
1 28.867878 35.576931
1 24.109855 30.805283
1 20.193260 26.675912
1 23.285676 29.765046
1 23.405493 29.738595
1 22.965293 29.286136
1 24.696425 30.733166
1 26.079492 32.079763
1 24.155288 29.983634
1 25.829325 31.603190
1 28.784342 34.518523
1 19.985326 25.681540
1 25.822842 31.512805
1 25.494668 30.992896
1 22.947448 28.298539
1 30.366119 35.473860
1 32.532611 37.507607
1 26.673342 31.643650
1 24.194351 29.134536
1 22.547135 27.438954
1 25.476344 30.367208
1 27.436567 32.291929
1 27.095328 31.948813
1 30.403967 35.245680
1 27.411884 32.241639
1 25.939213 30.752683
1 23.735534 28.492025
1 27.695485 32.432148
1 25.477599 29.998408
1 26.725537 31.205117
1 25.195397 29.596181
1 28.634438 33.010424
1 25.853241 30.207791
1 30.212724 34.451462
1 23.059183 27.295482
1 24.979008 29.147848
1 25.165810 29.328999
1 28.228854 32.356010
1 20.709453 24.770034
1 24.692666 28.739962
1 26.968442 30.980368
1 23.931051 27.814077
1 30.267884 34.146657
1 31.466613 35.325281
1 22.921301 26.772940
1 24.116920 27.933377
1 35.856659 39.657844
1 25.220758 29.000476
1 35.834370 39.567717
1 23.659363 27.385486
1 25.522891 29.247339
1 28.852399 32.545236
1 27.413580 31.094229
1 26.979094 30.536747
1 33.831526 37.341330
1 28.682197 32.191661
1 25.198142 28.701236
1 31.153280 34.653157
1 24.648391 28.143548
1 28.726044 32.177902
1 27.630927 31.047175
1 33.984657 37.354897
1 29.490460 32.848858
1 26.112490 29.446704
1 24.128563 27.454941
1 26.224208 29.520289
1 23.262820 26.544565
1 28.009882 31.287146
1 26.056297 29.323297
1 26.871406 30.108188
1 28.798870 32.033822
1 31.474296 34.680304
1 27.116805 30.307333
1 22.297055 25.441438
1 33.558195 36.698624
1 30.242127 33.361500
1 23.727357 26.832208
1 26.730560 29.831102
1 23.466780 26.547502
1 25.148981 28.218664
1 24.520140 27.575272
1 23.816549 26.864130
1 24.217997 27.259295
1 29.916808 32.940352
1 28.023710 31.013377
1 27.848403 30.789455
1 25.873621 28.806111
1 27.514564 30.445741
1 21.810642 24.732483
1 26.282913 29.193401
1 21.941396 24.840414
1 24.679004 27.568965
1 24.342146 27.211638
1 21.139278 23.975456
1 24.244140 27.060441
1 29.172958 31.986635
1 34.463706 37.263231
1 28.775416 31.573170
1 24.943118 27.730881
1 33.405646 36.169362
1 27.088802 29.836183
1 27.814655 30.534215
1 27.555800 30.260999
1 24.954300 27.596915
1 25.356431 27.950105
1 26.011922 28.600361
1 28.431273 31.016765
1 27.461444 29.940969
1 27.055404 29.504466
1 26.631835 29.028691
1 20.223589 22.603588
1 28.358652 30.695915
1 35.627938 37.941483
1 25.709003 27.970827
1 31.193132 33.452423
1 28.723058 30.976339
1 31.774244 34.003924
1 30.271399 32.495018
1 25.174714 27.350722
1 24.987276 27.161888
1 30.724827 32.880985
1 23.754887 25.899056
1 25.028042 27.161115
1 26.299779 28.430664
1 25.629317 27.745343
1 26.284188 28.398553
1 22.577601 24.691656
1 29.183447 31.292115
1 29.705113 31.792992
1 28.892681 30.966425
1 23.636673 25.691969
1 25.960415 27.990270
1 34.986250 37.011761
1 23.921147 25.933623
1 30.265805 32.248539
1 30.007840 31.964761
1 25.432898 27.364260
1 26.751208 28.671232
1 24.976583 26.892883
1 28.174263 30.055721
1 32.309608 34.177825
1 30.751365 32.612128
1 27.414484 29.266097
1 25.361828 27.204859
1 30.534819 32.343929
1 25.979880 27.762316
1 32.063875 33.838139
1 20.892278 22.664069
1 24.877121 26.639414
1 25.490948 27.203732
1 28.574968 30.284486
1 31.496081 33.189703
1 27.335048 29.028483
1 29.412952 31.028783
1 25.997956 27.608429
1 23.271770 24.873956
1 33.631581 35.225827
1 26.964530 28.550182
1 28.005551 29.579596
1 26.844596 28.405972
1 24.711240 26.260244
1 30.698954 32.245237
1 23.769885 25.304074
1 26.570131 28.101951
1 41.802282 43.332083
1 23.687977 25.216628
1 26.357468 27.873850
1 31.436454 32.950771
1 29.018389 30.528386
1 29.942323 31.434334
1 28.148367 29.635263
1 25.088696 26.546737
1 30.251816 31.708559
1 26.186977 27.621499
1 26.840840 28.186126
1 30.125600 31.439105
1 27.472564 28.770593
1 31.005548 32.303406
1 24.637415 25.927469
1 34.366576 35.647610
1 29.804524 31.076847
1 24.910608 26.148316
1 26.651457 27.871144
1 33.332704 34.528422
1 31.018839 32.211440
1 25.779517 26.941625
1 29.607647 30.743606
1 30.625607 31.713746
1 33.085727 34.168644
1 29.823297 30.894273
1 26.248092 27.309748
1 26.798030 27.815129
1 35.610650 36.621519
1 30.585654 31.595238
1 29.818834 30.823754
1 32.394043 33.377531
1 28.474851 29.453050
1 25.310761 26.247316
1 30.994496 31.857998
1 32.954019 33.783168
1 33.386403 34.207807
1 31.029848 31.838436
1 30.630218 31.418440
1 30.427668 31.172476
1 32.494070 33.226479
1 20.775943 21.493880
1 28.967299 29.677512
1 27.557099 28.262092
1 25.652429 26.352603
1 30.283725 30.957932
1 33.333545 33.991824
1 32.081417 32.728850
1 26.585185 27.177167
1 38.634701 39.223234
1 34.623570 35.187696
1 33.893314 34.455062
1 27.991364 28.529112
1 30.563172 31.050129
1 30.940596 31.403056
1 31.239981 31.690465
1 32.818333 33.247249
1 24.210795 24.588618
1 30.708824 31.085127
1 31.462040 31.832004
1 31.653842 32.010739
1 26.598044 26.952087
1 33.033905 33.387350
1 37.358230 37.698898
1 28.526392 28.862669
1 33.333060 33.665167
1 34.278877 34.608954
1 28.160366 28.489836
1 35.878420 36.187436
1 28.510564 28.737694
1 34.179428 34.402001
1 22.041261 22.234176
1 31.778149 31.951012
1 35.474863 35.552364
1 32.693745 32.768962
1 33.979792 34.051517
1 27.838417 27.903736
1 31.197317 31.258932
1 37.048304 37.069566
1 28.700120 28.718243
1 35.333424 35.343090
0 0.000000 inf
0 0.000000 27.810551
0 0.000000 27.718220
0 0.000000 27.148571
0 0.000000 26.780461
0 0.000000 26.547712
0 0.000000 26.390153
0 0.000000 26.373056
0 0.000000 26.332465
0 0.000000 26.039352
0 0.000000 26.027607
0 0.000000 25.408663
0 0.000000 25.364678
0 0.000000 25.345518
0 0.000000 25.229031
0 0.000000 25.056474
0 0.000000 24.965632
0 0.000000 24.953117
0 0.000000 24.872907
0 0.000000 24.490660
0 0.000000 24.436001
0 0.000000 24.407713
0 0.000000 24.238244
0 0.000000 24.230218
0 0.000000 24.137537
0 0.000000 23.957582
0 0.000000 23.878064
0 0.000000 23.757607
0 0.000000 23.756311
0 0.000000 23.692056
0 0.000000 23.577650
0 0.000000 23.392084
0 0.000000 23.341270
0 0.000000 23.301369
0 0.000000 23.280855
0 0.000000 23.238563
0 0.000000 23.208274
0 0.000000 23.063539
0 0.000000 23.038920
0 0.000000 23.007422
0 0.000000 22.998293
0 0.000000 22.926763
0 0.000000 22.881907
0 0.000000 22.877789
0 0.000000 22.744161
0 0.000000 22.737906
0 0.000000 22.661947
0 0.000000 22.644609
0 0.000000 22.610268
0 0.000000 22.581304
0 0.000000 22.579924
0 0.000000 22.556050
0 0.000000 22.531272
0 0.000000 22.530600
0 0.000000 22.481930
0 0.000000 22.441945
0 0.000000 22.387812
0 0.000000 22.352126
0 0.000000 22.290437
0 0.000000 22.203514
0 0.000000 22.169282
0 0.000000 22.086608
0 0.000000 22.080947
0 0.000000 22.062573
0 0.000000 22.022246
0 0.000000 21.962830
0 0.000000 21.861208
0 0.000000 21.841007
0 0.000000 21.812733
0 0.000000 21.735094
0 0.000000 21.727573
0 0.000000 21.698048
0 0.000000 21.661641
0 0.000000 21.659347
0 0.000000 21.656952
0 0.000000 21.644639
0 0.000000 21.640287
0 0.000000 21.588325
0 0.000000 21.558875
0 0.000000 21.507611
0 0.000000 21.497255
0 0.000000 21.475433
0 0.000000 21.446839
0 0.000000 21.440008
0 0.000000 21.439357
0 0.000000 21.438335
0 0.000000 21.413785
0 0.000000 21.375793
0 0.000000 21.296522
0 0.000000 21.291289
0 0.000000 21.286742
0 0.000000 21.220559
0 0.000000 21.213472
0 0.000000 21.203030
0 0.000000 21.155193
0 0.000000 21.073237
0 0.000000 21.000250
0 0.000000 20.950934
0 0.000000 20.911428
0 0.000000 20.908601
0 0.000000 20.753630
0 0.000000 20.697468
0 0.000000 20.663012
0 0.000000 20.515915
0 0.000000 20.493373
0 0.000000 20.486261
0 0.000000 20.483196
0 0.000000 20.431792
0 0.000000 20.374571
0 0.000000 20.358942
0 0.000000 20.290760
0 0.000000 20.274296
0 0.000000 20.243216
0 0.000000 20.211803
0 0.000000 20.183919
0 0.000000 20.174168
0 0.000000 20.138738
0 0.000000 20.062638
0 0.000000 20.060723
0 0.000000 20.041131
0 0.000000 20.026409
0 0.000000 20.017128
0 0.000000 20.001786
0 0.000000 19.979173
0 0.000000 19.966752
0 0.000000 19.881996
0 0.000000 19.876372
0 0.000000 19.862042
0 0.000000 19.835545
0 0.000000 19.766736
0 0.000000 19.744832
0 0.000000 19.694853
0 0.000000 19.682063
0 0.000000 19.671416
0 0.000000 19.635005
0 0.000000 19.587518
0 0.000000 19.577525
0 0.000000 19.512102
0 0.000000 19.479852
0 0.000000 19.450096
0 0.000000 19.426839
0 0.000000 19.410178
0 0.000000 19.367904
0 0.000000 19.330824
0 0.000000 19.301518
0 0.000000 19.226455
0 0.000000 19.099442
0 0.000000 19.098900
0 0.000000 19.025586
0 0.000000 19.020829
0 0.000000 18.966474
0 0.000000 18.871332
0 0.000000 18.802650
0 0.000000 18.772910
0 0.000000 18.697132
0 0.000000 18.643731
0 0.000000 18.401253
0 0.000000 18.370104
0 0.000000 18.066541
0 0.000000 18.060604
0 0.000000 18.025848
0 0.000000 17.995207
0 0.000000 17.981415
0 0.000000 17.976115
0 0.000000 17.829546
0 0.000000 17.825489
0 0.000000 17.755075
0 0.000000 17.742179
0 0.000000 17.687515
0 0.000000 17.677958
0 0.000000 17.563594
0 0.000000 17.523924
0 0.000000 17.457582
0 0.000000 17.457446
0 0.000000 17.164239
0 0.000000 17.163119
0 0.000000 17.114730
0 0.000000 16.984466
0 0.000000 16.668293
0 0.000000 16.629211
0 0.000000 16.368716
0 0.000000 16.097570
0 0.000000 15.877679
0 0.000000 14.690527
0 0.000000 14.609463
0 0.000000 14.493403
0 0.000000 12.772715
