1 27.369481 45.454737
1 25.601611 41.860353
1 24.947660 40.473091
1 26.006589 40.706396
1 28.341452 43.003562
1 28.139259 42.404182
1 23.785097 37.818989
1 26.618186 40.211922
1 23.430537 35.977146
1 23.590531 35.727803
1 27.106650 38.476817
1 25.127161 36.392278
1 29.625778 40.691329
1 21.787529 32.800614
1 22.831574 33.573471
1 23.920797 34.462886
1 26.124605 36.499450
1 27.347846 37.558119
1 28.469491 38.650993
1 29.964884 39.771222
1 25.960572 35.707769
1 21.865236 31.518488
1 27.063892 36.655235
1 21.470739 30.996720
1 27.277591 36.664277
1 26.123760 35.440591
1 24.316918 33.583750
1 24.393254 33.534041
1 26.036575 35.141000
1 28.836693 37.789179
1 29.041547 37.821391
1 26.159916 34.854696
1 24.673073 33.362354
1 24.994440 33.605442
1 27.773063 36.344748
1 28.515046 36.953652
1 28.427555 36.727734
1 30.599389 38.677878
1 28.558080 36.471899
1 23.775422 31.686429
1 29.711518 37.496674
1 26.656601 34.164535
1 22.067838 29.550086
1 26.309524 33.605111
1 28.661216 35.881493
1 28.043320 35.193960
1 24.570439 31.668270
1 30.308771 37.394429
1 31.141151 38.217173
1 24.411027 31.449923
1 33.543937 40.507110
1 24.114003 30.968655
1 30.779234 37.461288
1 24.204359 30.810591
1 28.531261 35.115119
1 26.188505 32.742859
1 23.810181 30.347718
1 23.467653 29.909408
1 33.948799 40.369230
1 30.673897 37.055816
1 24.628691 30.785456
1 29.937012 36.057136
1 24.110546 29.968301
1 29.266433 35.082303
1 23.983442 29.791228
1 32.037926 37.698441
1 28.102266 33.695579
1 30.814415 36.406126
1 22.967577 28.551502
1 28.491017 34.068714
1 34.546438 40.113118
1 27.323481 32.727509
1 26.142821 31.465106
1 27.165728 32.362643
1 30.549744 35.724731
1 26.651986 31.814434
1 22.418014 27.562185
1 23.535498 28.679648
1 24.002969 29.076337
1 27.956759 32.964430
1 26.628522 31.553025
1 22.084729 26.976284
1 31.565904 36.395816
1 31.622384 36.418229
1 28.837967 33.572333
1 20.888791 25.569823
1 31.618400 36.200132
1 26.144179 30.688584
1 31.292952 35.775094
1 29.555672 34.036123
1 28.327133 32.757942
1 26.121778 30.472137
1 29.922997 34.269322
1 29.314819 33.583414
1 24.084573 28.296634
1 30.846055 35.035166
1 30.636361 34.761477
1 28.987229 33.044782
1 31.809052 35.855327
1 33.441117 37.364696
1 24.026224 27.942612
1 24.754143 28.660828
1 26.868853 30.765199
1 26.600508 30.483527
1 26.381726 30.254693
1 29.571272 33.372794
1 25.552220 29.353275
1 31.830825 35.607302
1 27.031384 30.789032
1 26.933432 30.665092
1 34.210556 37.854496
1 29.353522 32.992352
1 24.863894 28.479750
1 24.431637 28.035352
1 24.333308 27.906533
1 29.691908 33.255016
1 28.042138 31.546304
1 24.780292 28.182858
1 24.728943 28.130191
1 27.680891 31.052779
1 32.845982 36.186868
1 28.202284 31.498576
1 24.600998 27.878066
1 24.158246 27.432212
1 32.770234 36.036535
1 30.516047 33.766126
1 23.558939 26.803278
1 32.035100 35.260590
1 28.439035 31.659533
1 25.248591 28.465538
1 25.049429 28.224525
1 32.851257 36.018420
1 32.499809 35.627790
1 31.600357 34.721134
1 24.142774 27.234400
1 25.006014 28.089457
1 35.329072 38.378136
1 28.758993 31.769843
1 31.456464 34.425958
1 31.935670 34.889674
1 30.800193 33.739731
1 26.375567 29.263477
1 23.250268 26.126275
1 32.711730 35.577537
1 27.239354 30.104605
1 25.885348 28.746945
1 26.612412 29.418469
1 27.601588 30.403920
1 25.075175 27.876646
1 22.826669 25.611003
1 29.533138 32.302961
1 22.326775 25.081706
1 23.083122 25.806763
1 26.894509 29.615966
1 29.101910 31.789399
1 26.800462 29.478233
1 29.100801 31.776741
1 29.327329 31.982592
1 24.638262 27.229219
1 31.338092 33.920303
1 25.808064 28.385893
1 32.695115 35.271013
1 33.692534 36.248391
1 23.568853 26.083980
1 27.549590 30.020826
1 27.147765 29.552408
1 24.652162 27.053115
1 23.103099 25.496977
1 25.066845 27.425500
1 28.644032 30.981737
1 25.469299 27.792970
1 31.500686 33.818790
1 28.129342 30.432879
1 25.116158 27.408718
1 32.515457 34.781481
1 28.961047 31.171740
1 25.361891 27.542452
1 27.501040 29.677259
1 34.050833 36.225415
1 39.211421 41.371343
1 26.935541 29.093080
1 28.389137 30.501004
1 33.405578 35.481466
1 29.398552 31.428485
1 26.074021 28.065846
1 34.055313 36.032116
1 24.530308 26.472687
1 28.178095 30.090865
1 28.764868 30.673006
1 34.731576 36.626131
1 34.311267 36.203983
1 29.783487 31.668558
1 38.240298 40.120196
1 25.560935 27.427465
1 33.177570 35.021502
1 36.230233 38.059388
1 22.641104 24.462979
1 27.343347 29.164490
1 34.152658 35.960150
1 24.833340 26.611172
1 32.703622 34.464667
1 24.417892 26.163095
1 32.188982 33.905981
1 34.031376 35.722053
1 26.281746 27.954838
1 34.205191 35.870924
1 27.352002 29.017068
1 27.546086 29.209706
1 36.189699 37.852721
1 28.014499 29.672118
1 25.846250 27.489953
1 27.332614 28.975025
1 30.779917 32.405714
1 26.929078 28.513595
1 29.020813 30.597374
1 33.288517 34.836859
1 26.480801 27.998483
1 33.594652 35.070793
1 30.300198 31.756481
1 31.656956 33.112168
1 29.009914 30.464517
1 31.293908 32.741025
1 32.768781 34.203114
1 30.410347 31.813574
1 30.315802 31.704488
1 31.641289 33.010595
1 33.498033 34.850068
1 32.848696 34.182313
1 22.621692 23.946261
1 32.076818 33.347272
1 33.993493 35.258206
1 29.510896 30.768105
1 41.904618 43.158223
1 31.646119 32.891021
1 26.452791 27.695033
1 24.888435 26.118178
1 26.985644 28.214886
1 27.076234 28.289141
1 33.545504 34.751587
1 36.304664 37.477398
1 33.407619 34.542995
1 34.574799 35.688735
1 32.780954 33.890314
1 32.359295 33.446297
1 32.504528 33.560930
1 31.543076 32.585100
1 28.671197 29.673853
1 29.962562 30.943424
1 32.297649 33.276611
1 32.066272 33.037230
1 30.328064 31.298185
1 28.127261 29.096606
1 30.332021 31.298808
1 33.193584 34.153441
1 27.921865 28.878375
1 28.705506 29.661339
1 27.330124 28.249911
1 28.025678 28.931928
1 25.918331 26.823109
1 38.954908 39.852552
1 28.511891 29.409224
1 29.584088 30.479116
1 26.179379 27.027882
1 37.321224 38.156118
1 32.592197 33.412130
1 42.165491 42.984629
1 28.822149 29.639355
1 36.481467 37.284804
1 35.079169 35.856525
1 28.014209 28.785903
1 26.680888 27.442622
1 37.443808 38.185673
1 32.766767 33.497979
1 30.572890 31.289675
1 33.115898 33.812356
1 35.151212 35.832037
1 35.396133 36.074052
1 30.259711 30.922864
1 29.068634 29.730084
1 33.035987 33.663191
1 24.720110 25.303735
1 36.482580 37.021954
1 35.764663 36.255951
1 30.764200 31.205082
1 30.627603 31.047527
1 32.307327 32.722045
1 31.598234 32.005745
1 39.195473 39.596186
1 38.387516 38.745424
1 37.486658 37.841755
1 38.260163 38.598522
1 27.643070 27.970420
1 33.596412 33.893574
1 35.157364 35.431308
1 30.912497 31.175282
1 30.852724 31.112303
1 34.342610 34.569870
1 41.128217 41.348377
1 32.026921 32.234218
1 28.296059 28.492191
1 27.156540 27.344693
1 32.630447 32.799440
1 27.687682 27.789377
1 31.378978 31.396103
0 0.000000 inf
0 0.000000 30.018774
0 0.000000 29.110491
0 0.000000 28.579875
0 0.000000 28.518366
0 0.000000 28.404421
0 0.000000 27.997772
0 0.000000 27.456735
0 0.000000 27.454101
0 0.000000 27.073732
0 0.000000 26.801657
0 0.000000 26.779110
0 0.000000 26.691481
0 0.000000 26.587517
0 0.000000 26.498194
0 0.000000 26.461415
0 0.000000 26.337906
0 0.000000 26.284934
0 0.000000 26.196326
0 0.000000 26.157134
0 0.000000 26.094256
0 0.000000 25.980079
0 0.000000 25.912591
0 0.000000 25.766033
0 0.000000 25.700790
0 0.000000 25.483198
0 0.000000 25.400849
0 0.000000 25.314327
0 0.000000 25.270620
0 0.000000 25.212964
0 0.000000 25.085718
0 0.000000 25.050556
0 0.000000 25.047813
0 0.000000 25.042671
0 0.000000 24.964874
0 0.000000 24.936126
0 0.000000 24.886297
0 0.000000 24.838699
0 0.000000 24.831438
0 0.000000 24.810244
0 0.000000 24.677013
0 0.000000 24.612591
0 0.000000 24.529320
0 0.000000 24.400401
0 0.000000 24.177330
0 0.000000 24.163387
0 0.000000 24.156506
0 0.000000 24.069491
0 0.000000 23.965900
0 0.000000 23.946554
0 0.000000 23.917691
0 0.000000 23.783847
0 0.000000 23.754909
0 0.000000 23.706357
0 0.000000 23.582048
0 0.000000 23.519355
0 0.000000 23.391240
0 0.000000 23.391223
0 0.000000 23.387521
0 0.000000 23.368288
0 0.000000 23.353539
0 0.000000 23.334843
0 0.000000 23.268666
0 0.000000 23.267528
0 0.000000 23.253923
0 0.000000 23.236329
0 0.000000 23.223610
0 0.000000 23.103476
0 0.000000 23.093436
0 0.000000 23.051940
0 0.000000 22.995582
0 0.000000 22.995510
0 0.000000 22.949735
0 0.000000 22.928263
0 0.000000 22.900703
0 0.000000 22.876841
0 0.000000 22.874027
0 0.000000 22.853201
0 0.000000 22.848523
0 0.000000 22.787125
0 0.000000 22.772335
0 0.000000 22.683892
0 0.000000 22.666457
0 0.000000 22.581897
0 0.000000 22.573360
0 0.000000 22.529205
0 0.000000 22.470265
0 0.000000 22.404748
0 0.000000 22.348789
0 0.000000 22.250639
0 0.000000 22.245937
0 0.000000 22.174917
0 0.000000 22.153435
0 0.000000 22.137616
0 0.000000 22.086098
0 0.000000 22.052356
0 0.000000 22.004891
0 0.000000 21.902956
0 0.000000 21.863768
0 0.000000 21.835165
0 0.000000 21.811878
0 0.000000 21.807323
0 0.000000 21.635552
0 0.000000 21.579846
0 0.000000 21.576071
0 0.000000 21.574574
0 0.000000 21.510755
0 0.000000 21.398871
0 0.000000 21.385278
0 0.000000 21.370835
0 0.000000 21.365895
0 0.000000 21.339508
0 0.000000 21.336070
0 0.000000 21.332707
0 0.000000 21.273177
0 0.000000 21.220364
0 0.000000 21.191072
0 0.000000 20.992834
0 0.000000 20.966297
0 0.000000 20.963995
0 0.000000 20.944574
0 0.000000 20.864595
0 0.000000 20.848553
0 0.000000 20.820877
0 0.000000 20.802242
0 0.000000 20.773317
0 0.000000 20.773155
0 0.000000 20.768015
0 0.000000 20.724931
0 0.000000 20.667990
0 0.000000 20.661579
0 0.000000 20.630040
0 0.000000 20.541186
0 0.000000 20.517329
0 0.000000 20.492348
0 0.000000 20.478000
0 0.000000 20.472855
0 0.000000 20.446482
0 0.000000 20.396141
0 0.000000 20.395191
0 0.000000 20.350443
0 0.000000 20.311206
0 0.000000 20.310614
0 0.000000 20.285360
0 0.000000 20.123698
0 0.000000 19.995325
0 0.000000 19.710159
0 0.000000 19.630129
0 0.000000 19.626200
0 0.000000 19.582478
0 0.000000 19.564941
0 0.000000 19.544502
0 0.000000 19.369215
0 0.000000 19.319919
0 0.000000 19.316652
0 0.000000 19.307495
0 0.000000 19.260897
0 0.000000 19.240631
0 0.000000 19.183892
0 0.000000 19.140717
0 0.000000 18.962376
0 0.000000 18.797771
0 0.000000 18.786058
0 0.000000 18.717023
0 0.000000 18.615811
0 0.000000 18.551320
0 0.000000 18.531531
0 0.000000 18.525121
0 0.000000 18.483046
0 0.000000 18.305329
0 0.000000 18.298990
0 0.000000 18.229456
0 0.000000 18.153407
0 0.000000 18.128254
0 0.000000 18.119633
0 0.000000 18.016047
0 0.000000 17.997997
0 0.000000 17.821642
0 0.000000 17.727590
0 0.000000 17.638266
0 0.000000 17.268675
0 0.000000 17.235418
0 0.000000 16.815535
0 0.000000 16.661556
0 0.000000 16.349284
0 0.000000 16.092291
0 0.000000 15.273822
