1 29.055001 61.279034
1 31.829094 62.289058
1 29.262448 58.260716
1 26.942499 51.531073
1 27.857565 51.533872
1 32.946464 55.666539
1 31.627993 53.174147
1 29.128008 49.850673
1 36.692448 56.891123
1 32.898271 52.697523
1 35.797214 55.138024
1 43.507475 62.205213
1 30.506246 48.981185
1 38.572025 56.584670
1 34.935875 52.751816
1 27.803404 45.551327
1 40.541377 58.155133
1 25.908220 43.105644
1 31.185815 47.551189
1 31.844358 48.199206
1 33.018136 49.193848
1 32.237392 48.151723
1 28.029115 43.380641
1 32.405658 46.962133
1 30.718854 44.899690
1 36.990112 50.994277
1 26.805205 40.692164
1 38.649016 52.343975
1 21.842485 35.515856
1 43.312291 56.789120
1 22.501165 35.802304
1 35.895303 48.914379
1 28.791958 41.619856
1 23.082308 35.687126
1 31.504891 44.043326
1 35.944405 48.458207
1 31.859587 44.259400
1 33.739111 46.017675
1 27.103409 39.291838
1 31.918174 43.980463
1 40.618186 52.643545
1 53.399524 65.324122
1 38.557580 50.063830
1 27.883212 39.361879
1 26.921905 38.399427
1 22.732923 34.063647
1 28.623522 39.739883
1 29.166864 40.197263
1 52.277231 63.283496
1 36.823794 47.739247
1 35.804972 46.134014
1 35.568959 45.671336
1 29.452693 39.488940
1 28.042987 38.044035
1 26.436660 36.171380
1 37.934465 47.326737
1 33.561792 42.792283
1 31.912189 41.019972
1 37.933168 46.863081
1 23.872906 32.770336
1 22.570629 31.446729
1 27.670024 36.369264
1 31.664495 40.144095
1 29.216054 37.691007
1 52.476578 60.600940
1 46.688462 54.767989
1 21.311516 29.015586
1 25.666016 33.234435
1 33.456151 40.987846
1 45.767846 53.221390
1 28.730527 36.110521
1 30.669203 37.991720
1 36.157620 43.390010
1 27.968615 34.895310
1 32.437019 39.273932
1 28.785378 35.574256
1 28.888845 35.658902
1 28.155808 34.921995
1 29.148866 35.841977
1 34.923641 41.578004
1 27.022916 33.573418
1 30.211004 36.724533
1 36.722748 43.124615
1 36.604916 42.990873
1 23.169049 29.532811
1 23.645373 29.986074
1 48.796682 54.925410
1 40.746251 46.844806
1 35.685466 41.762193
1 39.725063 45.717053
1 28.112293 34.071843
1 36.361608 42.288703
1 29.000777 34.792757
1 34.990580 40.762150
1 43.743896 49.453290
1 26.536076 32.207672
1 34.340210 39.903073
1 54.018325 59.546933
1 34.880656 40.376120
1 24.661818 30.127946
1 35.273374 40.686398
1 27.664085 33.030732
1 35.849699 41.172729
1 28.700991 33.953831
1 38.158011 43.380033
1 25.077890 29.922116
1 35.849188 40.641758
1 30.493433 35.178752
1 35.012027 39.680957
1 42.681543 47.347671
1 32.645383 37.204651
1 39.079579 43.605002
1 50.378455 54.896444
1 27.261978 31.769292
1 28.799090 33.275486
1 44.547292 48.985209
1 23.419847 27.840275
1 26.592900 30.959714
1 28.966392 33.236427
1 37.069163 41.320961
1 37.255348 41.425356
1 39.326894 43.496872
1 21.515961 25.649244
1 32.741636 36.850790
1 31.454063 35.501866
1 41.216058 45.243918
1 39.142286 43.029301
1 31.854893 35.656744
1 31.353619 35.153578
1 20.709753 24.443987
1 38.680279 42.404140
1 28.288073 31.982336
1 45.747939 49.419361
1 35.682319 39.269144
1 42.183464 45.695342
1 26.672630 30.133549
1 26.452463 29.795449
1 31.451494 34.735113
1 36.007783 39.128220
1 37.833572 40.949350
1 39.847189 42.846778
1 40.250759 43.243482
1 30.350747 33.263223
1 38.626508 41.527957
1 31.587835 34.438483
1 30.344645 33.177335
1 34.209330 37.032040
1 30.659004 33.467130
1 27.616632 30.395842
1 42.630988 45.334536
1 24.388647 27.072037
1 37.894995 40.511643
1 41.796976 44.371157
1 39.409427 41.969749
1 37.399666 39.934798
1 34.468170 36.972417
1 19.490358 21.991554
1 33.881630 36.366957
1 35.547148 37.978913
1 49.971944 52.358693
1 51.347216 53.595843
1 29.137573 31.305374
1 30.827530 32.937681
1 36.611905 38.698622
1 40.610083 42.660251
1 32.136537 34.175155
1 22.716394 24.752760
1 32.895934 34.921753
1 35.659085 37.675009
1 52.292955 54.280756
1 31.714093 33.684757
1 25.335010 27.210967
1 31.146727 32.954479
1 28.936956 30.736622
1 38.893294 40.680401
1 49.074102 50.833502
1 27.946784 29.698235
1 39.264094 40.924383
1 43.227603 44.868076
1 44.436440 46.065422
1 27.426324 29.017844
1 33.334371 34.888081
1 46.757777 48.310422
1 45.702654 47.241900
1 44.885797 46.395215
1 33.250629 34.759139
1 36.030129 37.532718
1 38.328448 39.808429
1 28.445362 29.909448
1 29.134127 30.561300
1 45.082164 46.500981
1 34.437796 35.824077
1 47.304380 48.676202
1 47.935893 49.303445
1 41.674151 43.012263
1 30.636655 31.902664
1 35.003984 36.233694
1 35.837441 37.058530
1 35.819899 37.014234
1 31.374211 32.523492
1 41.656277 42.802444
1 47.010277 48.151415
1 41.397245 42.498675
1 30.496443 31.591611
1 40.267035 41.361807
1 21.638550 22.723160
1 32.087169 33.154753
1 55.558570 56.624386
1 23.788264 24.837992
1 50.011762 51.003166
1 36.400789 37.383387
1 30.293840 31.229297
1 53.807169 54.729721
1 36.631692 37.506926
1 36.706654 37.581178
1 56.328962 57.198499
1 42.227802 43.095132
1 36.550863 37.404994
1 38.122508 38.976339
1 21.449948 22.282755
1 51.766460 52.591086
1 22.021295 22.829981
1 22.054752 22.827674
1 35.712478 36.437528
1 52.883330 53.602710
1 26.224288 26.920446
1 29.433107 30.128586
1 42.817395 43.485280
1 23.492831 24.153173
1 40.600367 41.255431
1 26.080450 26.734691
1 29.374165 30.022110
1 38.557733 39.176509
1 33.551117 34.155881
1 51.532044 52.109468
1 43.266384 43.822472
1 34.687056 35.203888
1 55.125745 55.623985
1 37.493101 37.955393
1 40.527110 40.987089
1 44.953822 45.410473
1 50.426258 50.840020
1 27.594183 27.986437
1 31.754973 32.140557
1 55.435598 55.799056
1 51.794784 52.156966
1 37.705141 38.058713
1 40.021706 40.359654
1 42.978964 43.229995
1 44.272868 44.518742
1 31.387250 31.620262
1 29.304471 29.531745
1 26.761500 26.970868
1 38.047219 38.255932
1 57.157994 57.362971
1 42.929829 43.101551
1 40.481748 40.641799
1 31.591534 31.739862
1 34.539047 34.686796
1 61.486204 61.626449
1 45.100306 45.235517
1 29.032057 29.154232
1 36.272220 36.391999
1 33.561368 33.644745
1 45.761457 45.841127
1 25.154010 25.206819
1 47.228399 47.274153
1 19.239186 19.275114
1 38.603663 38.628387
1 40.250004 40.272613
0 0.000000 inf
0 0.000000 38.861586
0 0.000000 37.894428
0 0.000000 36.689806
0 0.000000 35.405671
0 0.000000 34.793028
0 0.000000 34.433555
0 0.000000 34.290806
0 0.000000 34.222626
0 0.000000 33.698587
0 0.000000 32.106688
0 0.000000 31.161341
0 0.000000 30.596133
0 0.000000 30.279659
0 0.000000 29.529468
0 0.000000 29.393084
0 0.000000 29.375530
0 0.000000 29.259256
0 0.000000 29.200102
0 0.000000 28.671033
0 0.000000 28.661387
0 0.000000 28.590808
0 0.000000 28.505873
0 0.000000 28.142823
0 0.000000 28.017513
0 0.000000 27.636664
0 0.000000 27.460497
0 0.000000 27.364829
0 0.000000 27.181430
0 0.000000 27.136086
0 0.000000 27.121514
0 0.000000 27.023498
0 0.000000 26.983649
0 0.000000 26.754675
0 0.000000 26.417801
0 0.000000 26.403183
0 0.000000 26.394706
0 0.000000 26.348628
0 0.000000 26.330442
0 0.000000 26.022367
0 0.000000 25.965616
0 0.000000 25.959784
0 0.000000 25.938140
0 0.000000 25.700101
0 0.000000 25.682184
0 0.000000 25.431123
0 0.000000 25.366918
0 0.000000 25.223646
0 0.000000 24.759847
0 0.000000 24.737168
0 0.000000 24.713585
0 0.000000 24.607691
0 0.000000 24.540898
0 0.000000 24.479097
0 0.000000 24.421224
0 0.000000 24.399872
0 0.000000 24.341564
0 0.000000 24.335590
0 0.000000 24.203364
0 0.000000 23.984469
0 0.000000 23.965020
0 0.000000 23.896187
0 0.000000 23.649841
0 0.000000 23.638015
0 0.000000 23.446935
0 0.000000 23.438034
0 0.000000 23.410895
0 0.000000 23.358558
0 0.000000 23.207881
0 0.000000 23.185181
0 0.000000 23.150685
0 0.000000 23.069296
0 0.000000 22.983985
0 0.000000 22.941031
0 0.000000 22.841800
0 0.000000 22.801632
0 0.000000 22.761809
0 0.000000 22.710659
0 0.000000 22.692125
0 0.000000 22.619204
0 0.000000 22.436620
0 0.000000 22.416794
0 0.000000 22.227111
0 0.000000 22.176870
0 0.000000 22.164815
0 0.000000 22.043792
0 0.000000 21.912468
0 0.000000 21.822362
0 0.000000 21.822110
0 0.000000 21.784678
0 0.000000 21.705478
0 0.000000 21.696973
0 0.000000 21.677149
0 0.000000 21.626598
0 0.000000 21.614201
0 0.000000 21.546528
0 0.000000 21.379195
0 0.000000 21.368321
0 0.000000 21.097577
0 0.000000 20.955057
0 0.000000 20.922562
0 0.000000 20.838511
0 0.000000 20.801327
0 0.000000 20.759284
0 0.000000 20.754005
0 0.000000 20.440899
0 0.000000 20.427949
0 0.000000 20.423986
0 0.000000 20.364035
0 0.000000 20.091682
0 0.000000 20.019201
0 0.000000 19.899039
0 0.000000 19.892156
0 0.000000 19.721732
0 0.000000 19.606366
0 0.000000 19.561108
0 0.000000 19.521480
0 0.000000 19.516874
0 0.000000 19.487842
0 0.000000 19.392322
0 0.000000 19.390853
0 0.000000 19.334171
0 0.000000 19.329316
0 0.000000 19.273633
0 0.000000 19.271442
0 0.000000 19.166047
0 0.000000 19.097267
0 0.000000 19.082585
0 0.000000 19.042981
0 0.000000 18.970962
0 0.000000 18.943801
0 0.000000 18.646533
0 0.000000 18.603020
0 0.000000 18.592101
0 0.000000 18.480432
0 0.000000 18.416682
0 0.000000 18.382447
0 0.000000 18.231116
0 0.000000 18.221125
0 0.000000 18.202007
0 0.000000 17.950588
0 0.000000 17.910484
0 0.000000 17.816910
0 0.000000 17.754487
0 0.000000 17.686518
0 0.000000 17.664262
0 0.000000 17.588404
0 0.000000 17.487959
0 0.000000 17.472131
0 0.000000 17.302107
0 0.000000 17.214771
0 0.000000 16.949053
0 0.000000 16.837291
0 0.000000 16.697139
0 0.000000 16.693205
0 0.000000 16.483437
0 0.000000 16.419413
0 0.000000 16.292978
0 0.000000 16.172902
0 0.000000 16.148038
0 0.000000 16.058139
0 0.000000 16.029551
0 0.000000 15.874110
0 0.000000 15.544509
0 0.000000 15.427722
0 0.000000 15.101712
0 0.000000 14.762623
0 0.000000 14.546188
0 0.000000 14.338157
0 0.000000 14.218669
0 0.000000 14.192502
0 0.000000 13.970730
0 0.000000 13.521189
0 0.000000 13.448907
0 0.000000 13.341645
0 0.000000 13.104383
0 0.000000 12.851091
0 0.000000 11.541599
0 0.000000 11.414505
0 0.000000 11.409382
0 0.000000 10.955006
0 0.000000 10.784419
0 0.000000 10.462202
0 0.000000 10.458425
0 0.000000 9.472268
0 0.000000 7.654637
0 0.000000 5.039905
