1 24.744726 44.078503
1 23.487414 40.918163
1 26.867444 43.999761
1 25.847026 42.287649
1 29.792573 45.958791
1 24.383485 39.714035
1 25.905913 40.153338
1 22.737617 36.788415
1 26.001696 40.018710
1 23.544666 37.178752
1 22.367048 35.574114
1 25.121321 38.181041
1 22.530443 35.532982
1 22.303286 35.294667
1 26.341566 38.797936
1 23.572482 35.973516
1 31.233486 43.035877
1 29.224929 40.877458
1 23.554971 35.146586
1 25.268567 36.748714
1 23.716623 35.076690
1 29.296444 40.323092
1 27.031693 37.873013
1 25.778178 36.540348
1 22.533033 33.100117
1 25.339500 35.406095
1 32.362140 42.244982
1 22.743874 32.443668
1 23.795413 33.434508
1 22.878535 32.475178
1 25.141329 34.601259
1 25.928732 35.143685
1 21.934314 30.986042
1 25.999863 34.915524
1 27.993980 36.757849
1 24.153060 32.831390
1 27.179288 35.808934
1 26.166976 34.263624
1 25.325712 33.062843
1 23.987262 31.701520
1 30.474271 38.177793
1 32.069871 39.680295
1 25.864216 33.456302
1 27.256812 34.736117
1 19.542686 26.929902
1 30.904781 38.141218
1 25.231540 32.431900
1 32.301292 39.071057
1 26.581365 33.314734
1 26.862732 33.344462
1 25.182084 31.659970
1 29.042723 35.478267
1 25.960230 32.393543
1 27.661706 34.019830
1 23.720697 29.965165
1 26.192011 32.394362
1 25.971826 32.070575
1 27.292765 33.114041
1 23.591859 29.329902
1 29.155149 34.889716
1 25.334028 31.058764
1 19.735422 25.423366
1 29.755820 35.385681
1 29.334277 34.933668
1 23.052397 28.577415
1 23.469316 28.868463
1 26.126356 31.518167
1 28.015366 33.247713
1 24.918643 30.118454
1 25.038464 30.114024
1 31.895293 36.907535
1 23.678601 28.649506
1 29.663032 34.597998
1 25.620292 30.542822
1 27.377467 32.266865
1 23.488308 28.207939
1 28.884484 33.591247
1 21.838839 26.493941
1 26.910519 31.528634
1 24.806254 29.392845
1 30.694665 35.276484
1 23.073571 27.534611
1 29.748612 34.197124
1 32.195075 36.452314
1 24.479816 28.634657
1 26.548089 30.676935
1 28.575639 32.694774
1 25.999138 30.044614
1 19.958084 23.987898
1 24.641742 28.663670
1 35.483121 39.460305
1 27.139929 31.085057
1 28.178857 32.066124
1 28.586076 32.471901
1 25.752780 29.624897
1 24.912800 28.769085
1 23.990489 27.790024
1 31.834939 35.621535
1 26.863394 30.637672
1 25.946228 29.714239
1 30.645827 34.405532
1 29.332121 33.046631
1 29.568959 33.264422
1 35.802275 39.483398
1 23.726657 27.406048
1 26.605379 30.278320
1 27.272370 30.853543
1 23.483842 27.043690
1 21.609657 25.150539
1 25.855239 29.391384
1 23.800037 27.325709
1 25.195193 28.681673
1 28.656385 32.128100
1 36.350201 39.818204
1 25.879387 29.301585
1 25.650410 29.047009
1 27.745659 31.115687
1 30.281345 33.568392
1 24.127676 27.407405
1 32.695046 35.901561
1 29.363501 32.540809
1 26.941440 30.096135
1 27.426939 30.564401
1 20.858039 23.926606
1 29.544245 32.592488
1 35.084113 38.118147
1 26.763221 29.749467
1 38.580013 41.559191
1 31.573924 34.533873
1 26.052494 29.011263
1 21.424678 24.370016
1 26.412915 29.326593
1 23.904065 26.813046
1 32.245044 35.140150
1 25.574757 28.402752
1 27.571783 30.395663
1 27.494295 30.314919
1 24.905129 27.716669
1 27.375276 30.156134
1 31.415468 34.111266
1 27.572661 30.262111
1 29.345485 32.029522
1 33.172136 35.833866
1 24.182508 26.835425
1 25.281433 27.915983
1 29.214506 31.830713
1 30.227443 32.817880
1 32.305167 34.889790
1 37.096825 39.629790
1 24.121892 26.651935
1 28.140925 30.670672
1 30.562760 33.088695
1 29.401064 31.857434
1 26.207069 28.642938
1 30.600573 33.023345
1 29.468174 31.875526
1 31.191649 33.520226
1 21.701529 24.026204
1 28.872973 31.187053
1 25.720066 28.013603
1 25.186389 27.470804
1 27.823509 30.098540
1 31.686662 33.944752
1 27.125656 29.383646
1 23.075703 25.322480
1 28.148389 30.378854
1 29.239141 31.456038
1 32.432820 34.626283
1 23.491620 25.676106
1 28.844488 31.009057
1 24.321155 26.484194
1 32.699395 34.858450
1 27.077140 29.234827
1 23.364989 25.517279
1 25.279515 27.414621
1 25.223906 27.249798
1 23.094910 25.084887
1 29.712653 31.676919
1 20.604643 22.552572
1 31.034599 32.978236
1 37.379829 39.305940
1 27.979156 29.882864
1 26.210701 28.091980
1 37.596805 39.465648
1 26.896042 28.754276
1 26.362482 28.216143
1 26.921990 28.770406
1 27.695688 29.535777
1 28.949726 30.782836
1 29.921252 31.743773
1 31.128024 32.947036
1 26.667225 28.452699
1 29.081396 30.864075
1 30.397997 32.178879
1 31.497924 33.247720
1 31.889391 33.637302
1 28.037700 29.780620
1 25.402273 27.106585
1 27.291980 28.987544
1 42.298627 43.975304
1 34.420842 36.088505
1 23.213967 24.859325
1 34.076652 35.688898
1 24.852629 26.411287
1 28.073434 29.607143
1 24.751332 26.260232
1 33.372288 34.875099
1 23.761721 25.244707
1 32.840917 34.312193
1 26.568101 27.986667
1 27.209845 28.618391
1 27.138888 28.534375
1 32.847502 34.230963
1 34.992735 36.354695
1 32.669162 34.007798
1 26.805368 28.127038
1 31.692427 33.011876
1 36.273768 37.549403
1 32.181671 33.453304
1 27.865854 29.137383
1 25.416025 26.622771
1 27.754113 28.943503
1 38.394726 39.576998
1 27.718922 28.882565
1 30.372867 31.523431
1 30.724729 31.867252
1 25.038353 26.140020
1 24.961121 26.006672
1 28.642807 29.688196
1 21.060664 22.066198
1 24.951462 25.937387
1 25.406668 26.379171
1 28.594860 29.559064
1 38.842377 39.753837
1 34.189284 35.091623
1 27.255486 28.125585
1 32.933127 33.798482
1 32.773399 33.630527
1 30.078795 30.928362
1 38.843114 39.681603
1 26.675222 27.512162
1 25.839627 26.662990
1 26.642425 27.459668
1 30.899018 31.710274
1 38.282409 39.087891
1 33.333507 34.135659
1 34.999856 35.798304
1 20.251316 21.048158
1 32.030403 32.820305
1 35.878647 36.630156
1 38.316776 39.061988
1 29.854827 30.599531
1 30.896702 31.636029
1 31.881599 32.604219
1 27.197874 27.865680
1 37.579798 38.245843
1 28.916823 29.579322
1 20.585513 21.244563
1 25.450851 26.098201
1 27.881220 28.508739
1 31.243114 31.852431
1 30.213338 30.809404
1 41.677498 42.273037
1 26.889051 27.482020
1 31.672097 32.255894
1 28.669036 29.223161
1 31.430766 31.974149
1 30.241045 30.781282
1 25.830232 26.368940
1 36.696045 37.234721
1 31.615604 32.151115
1 32.411976 32.919856
1 36.669598 37.170114
1 31.731287 32.184526
1 30.541927 30.964559
1 31.724879 32.133248
1 34.769962 35.169288
1 32.537199 32.926739
1 32.853035 33.208524
1 34.616088 34.951265
1 27.693140 27.963200
1 27.929624 28.135962
1 34.455319 34.635027
1 31.681561 31.860872
1 34.183751 34.359422
1 34.097325 34.231703
1 41.022374 41.109337
1 36.272407 36.342513
1 39.207815 39.230021
1 29.368902 29.385208
0 0.000000 inf
0 0.000000 28.728196
0 0.000000 28.540265
0 0.000000 27.840088
0 0.000000 27.817125
0 0.000000 27.753020
0 0.000000 27.195003
0 0.000000 26.797690
0 0.000000 25.912831
0 0.000000 25.862101
0 0.000000 25.768614
0 0.000000 25.738636
0 0.000000 25.663295
0 0.000000 25.567158
0 0.000000 25.457194
0 0.000000 25.441961
0 0.000000 25.222471
0 0.000000 25.085609
0 0.000000 24.466003
0 0.000000 24.400421
0 0.000000 24.398260
0 0.000000 24.385454
0 0.000000 24.379905
0 0.000000 24.320350
0 0.000000 24.251140
0 0.000000 24.225397
0 0.000000 24.099994
0 0.000000 23.886538
0 0.000000 23.789332
0 0.000000 23.613845
0 0.000000 23.459116
0 0.000000 23.422512
0 0.000000 23.414740
0 0.000000 23.345623
0 0.000000 23.272314
0 0.000000 23.086203
0 0.000000 23.073234
0 0.000000 23.051489
0 0.000000 23.008980
0 0.000000 22.920726
0 0.000000 22.917819
0 0.000000 22.881914
0 0.000000 22.842151
0 0.000000 22.840894
0 0.000000 22.826101
0 0.000000 22.690707
0 0.000000 22.687317
0 0.000000 22.657153
0 0.000000 22.640354
0 0.000000 22.625797
0 0.000000 22.563933
0 0.000000 22.509857
0 0.000000 22.502669
0 0.000000 22.498664
0 0.000000 22.390040
0 0.000000 22.340095
0 0.000000 22.322766
0 0.000000 22.269477
0 0.000000 22.240123
0 0.000000 22.181228
0 0.000000 22.167054
0 0.000000 22.149350
0 0.000000 22.135203
0 0.000000 22.100892
0 0.000000 22.058833
0 0.000000 22.035347
0 0.000000 21.902785
0 0.000000 21.838581
0 0.000000 21.834621
0 0.000000 21.781148
0 0.000000 21.752609
0 0.000000 21.686772
0 0.000000 21.677367
0 0.000000 21.582206
0 0.000000 21.504767
0 0.000000 21.497104
0 0.000000 21.476994
0 0.000000 21.449361
0 0.000000 21.426374
0 0.000000 21.354198
0 0.000000 21.346938
0 0.000000 21.339170
0 0.000000 21.285533
0 0.000000 21.139034
0 0.000000 21.099221
0 0.000000 21.050846
0 0.000000 21.048997
0 0.000000 21.019049
0 0.000000 20.981425
0 0.000000 20.960836
0 0.000000 20.936491
0 0.000000 20.880369
0 0.000000 20.843439
0 0.000000 20.786755
0 0.000000 20.764399
0 0.000000 20.744960
0 0.000000 20.743840
0 0.000000 20.682999
0 0.000000 20.662634
0 0.000000 20.600533
0 0.000000 20.579910
0 0.000000 20.569986
0 0.000000 20.569264
0 0.000000 20.569004
0 0.000000 20.557464
0 0.000000 20.545007
0 0.000000 20.459291
0 0.000000 20.415412
0 0.000000 20.411729
0 0.000000 20.354164
0 0.000000 20.329513
0 0.000000 20.261002
0 0.000000 20.251224
0 0.000000 20.153247
0 0.000000 19.993255
0 0.000000 19.965680
0 0.000000 19.953808
0 0.000000 19.882669
0 0.000000 19.870573
0 0.000000 19.846776
0 0.000000 19.795052
0 0.000000 19.770927
0 0.000000 19.749980
0 0.000000 19.717453
0 0.000000 19.705903
0 0.000000 19.664727
0 0.000000 19.646915
0 0.000000 19.613106
0 0.000000 19.598692
0 0.000000 19.538353
0 0.000000 19.497105
0 0.000000 19.451866
0 0.000000 19.394019
0 0.000000 19.372864
0 0.000000 19.300889
0 0.000000 19.225119
0 0.000000 19.216688
0 0.000000 19.147579
0 0.000000 19.130631
0 0.000000 19.097841
0 0.000000 19.091510
0 0.000000 19.057109
0 0.000000 18.867484
0 0.000000 18.701101
0 0.000000 18.608302
0 0.000000 18.588651
0 0.000000 18.552488
0 0.000000 18.487142
0 0.000000 18.450694
0 0.000000 18.343447
0 0.000000 18.191664
0 0.000000 18.109659
0 0.000000 18.037473
0 0.000000 18.006667
0 0.000000 17.890679
0 0.000000 17.885167
0 0.000000 17.860472
0 0.000000 17.858888
0 0.000000 17.852068
0 0.000000 17.840334
0 0.000000 17.675360
0 0.000000 17.642923
0 0.000000 17.642220
0 0.000000 17.593177
0 0.000000 17.509807
0 0.000000 17.508918
0 0.000000 17.364667
0 0.000000 17.256735
0 0.000000 17.248302
0 0.000000 17.209919
0 0.000000 17.147085
0 0.000000 16.965584
0 0.000000 16.840145
0 0.000000 16.542010
0 0.000000 16.479142
0 0.000000 16.414443
0 0.000000 16.290559
0 0.000000 16.239285
0 0.000000 16.045954
0 0.000000 15.269789
0 0.000000 14.734451
0 0.000000 14.559122
0 0.000000 13.896873
0 0.000000 13.756252
0 0.000000 13.743480
0 0.000000 13.455080
0 0.000000 12.157242
