1 22.843154 38.251033
1 23.572387 37.818804
1 24.615453 37.194783
1 23.592707 36.162124
1 22.290602 34.764670
1 23.766891 36.236835
1 25.624092 37.561867
1 25.185273 36.940902
1 24.646692 36.189093
1 25.237817 36.576994
1 21.047394 31.361836
1 25.253114 35.520475
1 25.352134 35.583155
1 22.471073 32.675518
1 25.468994 35.672281
1 22.231816 32.393688
1 21.473360 31.464554
1 22.739098 32.588980
1 29.980266 39.765453
1 24.481973 34.254112
1 25.019965 34.773111
1 22.696763 32.260861
1 24.253743 33.660222
1 26.111514 35.499617
1 25.617760 34.992315
1 25.262882 34.629523
1 28.870717 38.137235
1 34.717484 43.310642
1 25.353438 33.904319
1 25.674550 34.220430
1 23.976461 32.448501
1 21.927165 30.353865
1 31.626303 39.949587
1 26.256566 34.565804
1 27.647453 35.657954
1 21.436440 29.426507
1 23.478753 31.411769
1 23.054563 30.943017
1 32.164547 39.952225
1 24.402429 32.036509
1 24.468666 32.074776
1 20.136581 27.622041
1 24.355236 31.827653
1 26.209354 33.659684
1 23.377171 30.807828
1 26.220910 33.626124
1 25.815696 33.090155
1 22.161806 29.251866
1 20.128852 27.173338
1 22.630522 29.493452
1 27.362073 34.172203
1 22.702207 29.239931
1 24.282438 30.775915
1 26.277067 32.737726
1 25.664466 32.006726
1 25.579570 31.830632
1 27.260668 33.411905
1 24.563337 30.706013
1 27.558728 33.622902
1 23.415624 29.254512
1 21.846321 27.672173
1 30.586276 36.405626
1 27.027494 32.818336
1 31.470255 37.204790
1 20.947706 26.655921
1 26.366577 32.020626
1 22.433159 28.052496
1 23.984720 29.602795
1 24.214805 29.784265
1 32.033200 37.523577
1 23.637943 29.110218
1 22.812551 28.243390
1 26.065775 31.465999
1 24.022298 29.420370
1 33.179781 38.500519
1 23.351456 28.616464
1 33.651329 38.856792
1 20.960088 26.090373
1 23.643778 28.588869
1 25.796094 30.643406
1 23.631409 28.416695
1 25.468631 30.190705
1 26.662843 31.376614
1 26.047149 30.588961
1 25.994943 30.300565
1 21.844406 26.130848
1 29.458406 33.630109
1 26.913464 31.074904
1 24.097834 28.244045
1 32.216245 36.333213
1 27.900232 32.014570
1 28.219042 32.309759
1 24.242602 28.323372
1 22.512616 26.550233
1 28.674359 32.700912
1 30.633124 34.575502
1 26.461819 30.371840
1 25.857925 29.759530
1 27.417919 31.248880
1 20.760944 24.480962
1 25.209353 28.925232
1 28.112258 31.805354
1 30.489048 34.166804
1 24.617602 28.260635
1 26.449905 30.020817
1 23.729494 27.289889
1 23.047957 26.596146
1 22.004205 25.538577
1 31.488605 34.998714
1 21.481488 24.919925
1 27.284475 30.666492
1 27.064551 30.441943
1 27.475137 30.766965
1 29.797233 33.074110
1 24.841753 28.101521
1 26.680752 29.933632
1 25.202257 28.454300
1 29.943005 33.128777
1 29.989200 33.162339
1 25.544747 28.638300
1 28.574963 31.655362
1 26.489301 29.537445
1 26.877725 29.925620
1 28.845818 31.870451
1 29.916467 32.926674
1 21.410788 24.414082
1 26.437158 29.439550
1 25.726397 28.722562
1 23.855820 26.827707
1 31.048241 34.008558
1 31.073244 34.014257
1 27.142113 30.079589
1 22.909146 25.807067
1 21.811221 24.707875
1 29.946228 32.806616
1 29.120850 31.955594
1 26.844916 29.647399
1 25.818527 28.561194
1 27.440092 30.165693
1 28.231560 30.947561
1 25.037397 27.752475
1 26.067103 28.749563
1 26.935305 29.616581
1 30.897812 33.553331
1 27.777729 30.426599
1 26.275469 28.915584
1 24.131987 26.767245
1 26.115820 28.733393
1 29.090510 31.705166
1 31.637433 34.183299
1 26.191245 28.696507
1 25.294285 27.792977
1 22.609831 25.104694
1 23.989635 26.441053
1 25.754725 28.204909
1 24.284008 26.731486
1 26.782823 29.229683
1 32.466279 34.899972
1 29.897407 32.328453
1 23.030920 25.457117
1 29.992809 32.413431
1 32.090543 34.502730
1 25.413878 27.763598
1 21.436039 23.744416
1 23.775255 26.068987
1 24.422910 26.716449
1 26.824580 29.103160
1 24.347722 26.608072
1 33.865043 36.113886
1 23.195286 25.442291
1 24.737944 26.978311
1 26.838883 29.051444
1 25.485547 27.693095
1 24.450713 26.651670
1 27.862452 30.047955
1 24.506053 26.676551
1 30.625733 32.764599
1 26.363878 28.492915
1 22.717829 24.814216
1 26.075406 28.162526
1 22.243152 24.321308
1 29.649468 31.698585
1 24.736244 26.782905
1 29.162506 31.192136
1 25.008839 27.008773
1 30.806756 32.721831
1 24.229156 26.128164
1 29.937629 31.835912
1 21.494235 23.392320
1 29.230472 31.103806
1 29.957622 31.823999
1 22.378891 24.214871
1 26.153283 27.957490
1 29.797231 31.580410
1 26.291766 28.053201
1 27.214895 28.967734
1 35.511948 37.262779
1 24.895668 26.627463
1 27.834760 29.565606
1 23.691911 25.417027
1 32.927852 34.647057
1 24.764237 26.448526
1 28.852032 30.519341
1 30.796734 32.457505
1 22.120452 23.778421
1 26.944670 28.556617
1 32.399859 33.983024
1 32.413201 33.994916
1 31.061362 32.631387
1 21.589884 23.128435
1 28.053999 29.557914
1 33.253474 34.742570
1 27.041344 28.520384
1 24.182949 25.653422
1 32.512802 33.980410
1 35.755331 37.222052
1 26.927157 28.385906
1 37.726522 39.170958
1 25.003157 26.441220
1 27.085091 28.500361
1 32.125285 33.530038
1 35.838738 37.231782
1 26.544198 27.910066
1 32.845991 34.193067
1 31.604613 32.948267
1 30.091960 31.432203
1 33.168522 34.493194
1 34.212859 35.535342
1 25.423033 26.742757
1 26.174190 27.415206
1 33.201275 34.432497
1 29.819540 31.034458
1 32.946860 34.127324
1 30.361695 31.541556
1 26.087146 27.241654
1 33.187130 34.315235
1 31.600801 32.719191
1 30.612411 31.719681
1 27.174468 28.273702
1 24.163676 25.262602
1 29.067330 30.164424
1 24.210652 25.307706
1 24.437459 25.519910
1 33.624647 34.619994
1 23.923359 24.906256
1 32.817502 33.792079
1 26.180671 27.146791
1 28.377559 29.333783
1 27.878900 28.817856
1 26.331964 27.226852
1 30.241054 31.110095
1 23.342190 24.179374
1 23.386859 24.218601
1 35.971974 36.793107
1 21.013609 21.831023
1 26.292802 27.097836
1 21.068323 21.854478
1 24.453207 25.238196
1 33.468914 34.241155
1 26.254989 27.025119
1 31.251160 32.019711
1 28.802732 29.561355
1 28.435619 29.190792
1 31.582824 32.331589
1 28.752244 29.492082
1 32.474488 33.163886
1 29.978642 30.660852
1 33.412730 34.092814
1 36.688603 37.367146
1 27.679327 28.308031
1 29.462675 30.071385
1 33.774523 34.382457
1 34.909238 35.505064
1 32.042513 32.637822
1 26.381861 26.952815
1 24.126552 24.685652
1 30.200402 30.716147
1 27.717081 28.228016
1 26.306148 26.804817
1 35.637109 36.113314
1 30.951292 31.399432
1 30.229350 30.660532
1 23.446859 23.850730
1 29.366031 29.762858
1 30.037318 30.427476
1 30.947940 31.329140
1 36.110324 36.475284
1 31.628691 31.986331
1 27.947438 28.292280
1 41.356644 41.697423
1 27.030188 27.345070
1 26.713677 27.027858
1 31.125087 31.369149
1 28.804093 29.037215
1 26.890293 27.079916
1 36.247397 36.426141
1 36.376978 36.550102
1 32.436529 32.607201
1 26.943220 27.092678
1 29.416374 29.562661
1 28.398069 28.499552
1 28.504845 28.578221
1 34.499977 34.540615
0 0.000000 inf
0 0.000000 30.753619
0 0.000000 30.313364
0 0.000000 29.261045
0 0.000000 28.402413
0 0.000000 28.165622
0 0.000000 28.030767
0 0.000000 26.788042
0 0.000000 26.124525
0 0.000000 25.818824
0 0.000000 25.695807
0 0.000000 25.686660
0 0.000000 25.535574
0 0.000000 25.503491
0 0.000000 25.447477
0 0.000000 25.156203
0 0.000000 24.924943
0 0.000000 24.820284
0 0.000000 24.701378
0 0.000000 24.598694
0 0.000000 24.272890
0 0.000000 24.099418
0 0.000000 23.997914
0 0.000000 23.927480
0 0.000000 23.856501
0 0.000000 23.803565
0 0.000000 23.782932
0 0.000000 23.727809
0 0.000000 23.708264
0 0.000000 23.470112
0 0.000000 23.465189
0 0.000000 23.453266
0 0.000000 23.449830
0 0.000000 23.302874
0 0.000000 23.274467
0 0.000000 23.113430
0 0.000000 23.011289
0 0.000000 22.922415
0 0.000000 22.844609
0 0.000000 22.838817
0 0.000000 22.781107
0 0.000000 22.756372
0 0.000000 22.729359
0 0.000000 22.683737
0 0.000000 22.673834
0 0.000000 22.637624
0 0.000000 22.504922
0 0.000000 22.462872
0 0.000000 22.386333
0 0.000000 22.183494
0 0.000000 22.105573
0 0.000000 22.088487
0 0.000000 22.076440
0 0.000000 22.033469
0 0.000000 22.029486
0 0.000000 22.017093
0 0.000000 22.003752
0 0.000000 21.993322
0 0.000000 21.919231
0 0.000000 21.880864
0 0.000000 21.771345
0 0.000000 21.762361
0 0.000000 21.747783
0 0.000000 21.727023
0 0.000000 21.698399
0 0.000000 21.687656
0 0.000000 21.603981
0 0.000000 21.513543
0 0.000000 21.505757
0 0.000000 21.437363
0 0.000000 21.397656
0 0.000000 21.371547
0 0.000000 21.358134
0 0.000000 21.267459
0 0.000000 21.262161
0 0.000000 21.229584
0 0.000000 21.187322
0 0.000000 21.186893
0 0.000000 21.179577
0 0.000000 21.136362
0 0.000000 21.124277
0 0.000000 21.090245
0 0.000000 21.068069
0 0.000000 21.013777
0 0.000000 20.980427
0 0.000000 20.978898
0 0.000000 20.959717
0 0.000000 20.899679
0 0.000000 20.870623
0 0.000000 20.756636
0 0.000000 20.736562
0 0.000000 20.711334
0 0.000000 20.639447
0 0.000000 20.611329
0 0.000000 20.605402
0 0.000000 20.531777
0 0.000000 20.510160
0 0.000000 20.376574
0 0.000000 20.354628
0 0.000000 20.344596
0 0.000000 20.114319
0 0.000000 20.048522
0 0.000000 20.036341
0 0.000000 19.998205
0 0.000000 19.988790
0 0.000000 19.914926
0 0.000000 19.908244
0 0.000000 19.896740
0 0.000000 19.889105
0 0.000000 19.865554
0 0.000000 19.844061
0 0.000000 19.826168
0 0.000000 19.789482
0 0.000000 19.701814
0 0.000000 19.630141
0 0.000000 19.542881
0 0.000000 19.537708
0 0.000000 19.501616
0 0.000000 19.418192
0 0.000000 19.395348
0 0.000000 19.390072
0 0.000000 19.368621
0 0.000000 19.277539
0 0.000000 19.267536
0 0.000000 19.255692
0 0.000000 19.225353
0 0.000000 19.225220
0 0.000000 19.223488
0 0.000000 19.100664
0 0.000000 19.073181
0 0.000000 19.046346
0 0.000000 18.992787
0 0.000000 18.985083
0 0.000000 18.977464
0 0.000000 18.911402
0 0.000000 18.890167
0 0.000000 18.701143
0 0.000000 18.686943
0 0.000000 18.641921
0 0.000000 18.641811
0 0.000000 18.604444
0 0.000000 18.600914
0 0.000000 18.475550
0 0.000000 18.448778
0 0.000000 18.442553
0 0.000000 18.409978
0 0.000000 18.343148
0 0.000000 18.312692
0 0.000000 18.281184
0 0.000000 18.232701
0 0.000000 18.197703
0 0.000000 18.173814
0 0.000000 18.077054
0 0.000000 18.016839
0 0.000000 17.943146
0 0.000000 17.917356
0 0.000000 17.869012
0 0.000000 17.787919
0 0.000000 17.748273
0 0.000000 17.741438
0 0.000000 17.733863
0 0.000000 17.696345
0 0.000000 17.689176
0 0.000000 17.611933
0 0.000000 17.484344
0 0.000000 17.448704
0 0.000000 17.411715
0 0.000000 17.386197
0 0.000000 17.307274
0 0.000000 16.882705
0 0.000000 16.857024
0 0.000000 16.792472
0 0.000000 16.781850
0 0.000000 16.778759
0 0.000000 16.465684
0 0.000000 16.392973
0 0.000000 16.356526
0 0.000000 16.303747
0 0.000000 16.178440
0 0.000000 16.095223
0 0.000000 16.089512
0 0.000000 16.066913
0 0.000000 16.005958
0 0.000000 15.660858
0 0.000000 15.411815
0 0.000000 15.052417
0 0.000000 14.795380
