1 20.307599 55.188901
1 17.080156 41.854445
1 16.438363 35.878139
1 21.147525 40.567654
1 17.138544 34.644802
1 19.517556 36.094036
1 19.418219 34.845260
1 18.193280 33.471739
1 21.060164 34.954732
1 17.007564 30.043542
1 18.328260 31.315176
1 16.171186 29.117688
1 15.488965 28.070778
1 19.817769 32.250814
1 18.170021 30.555962
1 15.242034 27.471755
1 19.152454 31.181290
1 15.031052 27.021316
1 14.713700 26.468143
1 18.662588 30.294285
1 14.609452 25.799412
1 20.589696 31.754893
1 17.366140 28.379109
1 21.963278 32.815773
1 15.912416 26.697057
1 18.363352 28.965717
1 19.815778 30.349113
1 19.605408 30.113889
1 18.927821 29.413959
1 16.524603 26.907819
1 17.816457 28.164386
1 16.375691 26.609439
1 19.729422 29.775149
1 15.264192 25.279680
1 21.252275 31.253420
1 21.455313 30.988406
1 23.031477 32.433418
1 19.262579 28.603060
1 19.085070 28.265693
1 20.383275 29.435574
1 19.452133 28.248057
1 24.894319 33.585203
1 21.187240 29.774170
1 19.674453 28.191277
1 24.099569 32.573230
1 16.219746 24.669911
1 21.828174 30.153224
1 16.616479 24.836345
1 14.578060 22.761665
1 18.627400 26.655781
1 15.660850 23.649497
1 24.101600 31.893498
1 19.713281 27.471047
1 22.277461 30.021281
1 15.693377 23.342195
1 20.888592 28.371029
1 19.587396 27.060828
1 24.225514 31.663059
1 20.093733 27.398582
1 18.177710 25.478638
1 24.750642 31.989555
1 17.962902 25.174176
1 19.099761 26.289325
1 19.056703 26.208288
1 19.961397 27.112033
1 21.312735 28.411885
1 20.743994 27.805645
1 18.541627 25.550495
1 16.625491 23.621087
1 24.119049 31.050441
1 20.748365 27.655451
1 20.961332 27.862695
1 20.131746 27.007270
1 21.244750 27.944042
1 20.862909 27.552831
1 19.025317 25.668367
1 16.881766 23.515562
1 20.249793 26.791844
1 21.659125 28.189826
1 17.749272 24.202810
1 21.837457 28.239938
1 20.003546 26.370994
1 21.074484 27.397628
1 19.474101 25.755401
1 21.123350 27.351415
1 23.059808 29.098467
1 28.533275 34.535822
1 18.192807 24.164187
1 16.750673 22.708022
1 25.252517 31.096594
1 19.471650 25.202639
1 19.782486 25.102867
1 24.602294 29.882523
1 20.736268 25.988478
1 16.028058 21.194679
1 19.120570 24.226783
1 24.349765 29.440504
1 17.634886 22.690534
1 20.633196 25.651002
1 35.313388 40.294538
1 20.847056 25.812756
1 20.530250 25.422569
1 22.553322 27.399586
1 21.156670 25.965886
1 20.179144 24.972741
1 18.956571 23.661423
1 24.288116 28.970597
1 22.748883 27.327826
1 24.011406 28.540592
1 21.749977 26.190185
1 16.516926 20.853738
1 26.477162 30.801459
1 22.135038 26.365394
1 20.793653 24.859346
1 14.990284 19.043788
1 22.153143 26.164629
1 22.405536 26.416928
1 18.300808 22.188395
1 25.273700 29.099449
1 22.089209 25.860806
1 18.474688 22.243839
1 17.953584 21.630963
1 23.478146 27.094994
1 16.925603 20.540564
1 20.925318 24.505706
1 19.017200 22.557770
1 21.785398 25.280115
1 19.318715 22.755595
1 22.401184 25.793411
1 18.594578 21.933558
1 13.864683 17.089957
1 24.065100 27.271392
1 20.403966 23.592274
1 26.043474 29.219991
1 22.409930 25.576203
1 17.164156 20.311795
1 20.466069 23.472213
1 21.489032 24.488091
1 29.598944 32.588437
1 23.477067 26.438445
1 16.660268 19.588473
1 21.695351 24.599510
1 16.954251 19.834100
1 21.846198 24.702639
1 28.354125 31.195904
1 25.665561 28.492651
1 18.372989 21.116036
1 21.806625 24.513851
1 23.806470 26.500153
1 23.061809 25.745275
1 17.181788 19.761865
1 19.561061 22.140212
1 21.422283 23.977874
1 17.624955 20.179732
1 20.425498 22.973873
1 22.246836 24.784786
1 19.242326 21.756935
1 25.327747 27.782514
1 19.882424 22.230767
1 28.719026 31.063137
1 27.863787 30.207887
1 20.057779 22.383711
1 21.169397 23.464816
1 23.414003 25.708368
1 40.897667 43.173170
1 29.335634 31.600107
1 17.121366 19.372237
1 21.437684 23.671302
1 25.528250 27.753650
1 21.007281 23.228447
1 18.514565 20.701501
1 29.639386 31.821185
1 15.287229 17.455245
1 23.839281 25.967597
1 21.592665 23.664539
1 17.889467 19.933831
1 26.945177 28.983049
1 25.977493 28.005344
1 18.501960 20.515417
1 16.969583 18.968729
1 17.750667 19.697217
1 24.945911 26.822082
1 24.928806 26.776388
1 29.242649 31.058359
1 25.393338 27.124197
1 30.856537 32.572093
1 26.581114 28.284762
1 25.551024 27.226969
1 26.478796 28.149237
1 22.409180 24.054636
1 23.978023 25.608922
1 21.198197 22.828168
1 20.661389 22.282532
1 18.531781 20.144442
1 23.250165 24.827733
1 20.806605 22.370783
1 24.405889 25.932188
1 25.365337 26.873895
1 17.522399 19.022580
1 18.869466 20.366524
1 26.085779 27.575450
1 19.289366 20.754709
1 23.618393 25.055481
1 22.289080 23.719428
1 23.489304 24.868676
1 21.946350 23.323036
1 22.929006 24.290460
1 24.662974 26.021799
1 23.100517 24.458814
1 31.642744 32.980883
1 19.968341 21.286302
1 18.988466 20.294778
1 20.696317 21.998107
1 21.151192 22.407974
1 27.564290 28.804482
1 19.524679 20.762601
1 22.172365 23.401911
1 25.096150 26.312644
1 28.171542 29.383493
1 18.447463 19.636253
1 28.561464 29.740714
1 20.623966 21.797480
1 22.173576 23.335803
1 19.507740 20.668934
1 23.974524 25.134580
1 21.472712 22.603101
1 25.612542 26.723705
1 21.820722 22.919136
1 20.960674 22.056682
1 27.266829 28.354924
1 23.324404 24.410814
1 21.696963 22.751628
1 17.949743 19.002130
1 26.174272 27.224232
1 18.979794 20.018737
1 26.969696 28.007664
1 20.868260 21.895186
1 24.632177 25.618253
1 23.193423 24.158910
1 20.910410 21.863648
1 21.770187 22.708364
1 22.771837 23.688763
1 25.031158 25.911416
1 17.756682 18.635459
1 26.489622 27.368170
1 22.246394 23.122451
1 24.453950 25.292815
1 24.240301 25.076987
1 36.785122 37.613422
1 22.787133 23.601229
1 26.818135 27.617073
1 24.641820 25.379044
1 29.318463 30.033491
1 39.850081 40.506851
1 22.338130 22.971648
1 18.334632 18.964482
1 25.475773 26.094842
1 20.394435 20.967815
1 25.232774 25.797116
1 21.731779 22.294849
1 23.912933 24.468646
1 29.782339 30.337497
1 28.576964 29.116699
1 24.311925 24.847543
1 27.031146 27.564012
1 26.358849 26.890838
1 24.166171 24.683780
1 27.284852 27.802438
1 21.755219 22.260653
1 25.186425 25.689641
1 21.795837 22.270679
1 31.580107 32.026329
1 29.008587 29.448946
1 28.678553 29.104622
1 25.391710 25.817030
1 35.147027 35.563110
1 38.043107 38.457952
1 37.295729 37.704234
1 24.522821 24.917318
1 26.362170 26.754037
1 34.881801 35.273200
1 19.438267 19.825616
1 23.666121 24.035519
1 27.583459 27.948662
1 25.573337 25.916447
1 22.097279 22.418621
1 24.736612 25.038657
1 20.429293 20.723932
1 36.793765 37.048038
1 27.301481 27.482983
1 20.556941 20.724388
1 18.293913 18.445164
1 26.942207 27.066467
1 27.161736 27.254842
1 32.001840 32.076001
1 23.294735 23.350495
1 24.252069 24.287620
1 32.036443 32.052219
0 0.000000 inf
0 0.000000 23.859400
0 0.000000 22.726029
0 0.000000 22.027212
0 0.000000 21.209241
0 0.000000 20.966087
0 0.000000 20.945593
0 0.000000 20.440052
0 0.000000 20.056706
0 0.000000 19.812682
0 0.000000 19.801382
0 0.000000 19.718219
0 0.000000 19.416238
0 0.000000 19.383964
0 0.000000 19.191382
0 0.000000 19.108222
0 0.000000 19.045371
0 0.000000 18.949654
0 0.000000 18.927930
0 0.000000 18.857060
0 0.000000 18.813742
0 0.000000 18.782622
0 0.000000 18.770909
0 0.000000 18.552504
0 0.000000 18.525010
0 0.000000 18.477650
0 0.000000 18.471744
0 0.000000 18.312180
0 0.000000 18.305878
0 0.000000 18.266354
0 0.000000 18.235132
0 0.000000 18.231877
0 0.000000 18.143803
0 0.000000 18.092052
0 0.000000 17.973785
0 0.000000 17.933870
0 0.000000 17.931998
0 0.000000 17.653110
0 0.000000 17.376422
0 0.000000 17.368198
0 0.000000 17.246946
0 0.000000 17.245036
0 0.000000 17.215375
0 0.000000 17.197423
0 0.000000 17.180239
0 0.000000 17.143742
0 0.000000 17.100944
0 0.000000 17.080588
0 0.000000 17.052698
0 0.000000 16.978989
0 0.000000 16.959390
0 0.000000 16.948945
0 0.000000 16.919198
0 0.000000 16.883129
0 0.000000 16.782815
0 0.000000 16.770603
0 0.000000 16.766315
0 0.000000 16.575370
0 0.000000 16.562494
0 0.000000 16.543828
0 0.000000 16.518747
0 0.000000 16.499751
0 0.000000 16.442002
0 0.000000 16.389645
0 0.000000 16.349647
0 0.000000 16.345469
0 0.000000 16.332100
0 0.000000 16.317230
0 0.000000 16.295324
0 0.000000 16.275477
0 0.000000 16.258798
0 0.000000 16.249656
0 0.000000 16.188669
0 0.000000 16.164603
0 0.000000 16.085268
0 0.000000 16.052854
0 0.000000 15.972499
0 0.000000 15.926947
0 0.000000 15.906787
0 0.000000 15.867183
0 0.000000 15.857780
0 0.000000 15.818133
0 0.000000 15.783824
0 0.000000 15.760466
0 0.000000 15.739445
0 0.000000 15.736264
0 0.000000 15.675377
0 0.000000 15.623874
0 0.000000 15.595897
0 0.000000 15.485334
0 0.000000 15.418723
0 0.000000 15.393637
0 0.000000 15.364411
0 0.000000 15.359585
0 0.000000 15.242736
0 0.000000 15.238974
0 0.000000 15.220304
0 0.000000 15.102324
0 0.000000 15.043699
0 0.000000 15.035848
0 0.000000 15.034926
0 0.000000 14.900733
0 0.000000 14.897686
0 0.000000 14.875469
0 0.000000 14.840335
0 0.000000 14.805164
0 0.000000 14.802897
0 0.000000 14.776698
0 0.000000 14.762935
0 0.000000 14.681535
0 0.000000 14.640761
0 0.000000 14.630315
0 0.000000 14.615656
0 0.000000 14.612482
0 0.000000 14.528437
0 0.000000 14.515278
0 0.000000 14.499904
0 0.000000 14.397596
0 0.000000 14.293513
0 0.000000 14.274385
0 0.000000 14.176746
0 0.000000 14.170806
0 0.000000 14.087340
0 0.000000 13.989873
0 0.000000 13.981593
0 0.000000 13.968487
0 0.000000 13.950181
0 0.000000 13.892784
0 0.000000 13.635138
0 0.000000 13.611107
0 0.000000 13.517674
0 0.000000 13.466765
0 0.000000 13.462944
0 0.000000 13.446604
0 0.000000 13.415325
0 0.000000 13.303822
0 0.000000 13.288286
0 0.000000 13.280729
0 0.000000 13.236347
0 0.000000 13.217360
0 0.000000 13.214749
0 0.000000 13.176887
0 0.000000 13.154617
0 0.000000 13.152813
0 0.000000 13.112181
0 0.000000 13.069554
0 0.000000 13.058274
0 0.000000 12.935459
0 0.000000 12.840595
0 0.000000 12.755131
0 0.000000 12.680801
0 0.000000 12.640930
0 0.000000 12.394718
0 0.000000 12.342908
0 0.000000 12.331246
0 0.000000 12.198395
0 0.000000 12.014174
0 0.000000 11.760528
0 0.000000 11.618676
0 0.000000 11.491514
0 0.000000 11.386534
0 0.000000 11.186802
0 0.000000 11.122939
0 0.000000 11.105983
0 0.000000 10.940933
0 0.000000 10.745890
0 0.000000 10.696620
0 0.000000 10.525834
0 0.000000 10.499839
0 0.000000 10.095045
0 0.000000 10.049353
0 0.000000 9.990936
0 0.000000 9.834197
0 0.000000 9.735083
0 0.000000 9.560921
0 0.000000 9.501581
0 0.000000 9.472805
0 0.000000 9.446635
0 0.000000 9.345808
0 0.000000 9.224088
0 0.000000 8.800792
0 0.000000 8.784666
0 0.000000 8.713651
0 0.000000 8.157068
0 0.000000 7.880305
0 0.000000 7.870027
0 0.000000 5.804331
