1 19.595245 36.187061
1 17.205993 32.416379
1 18.032858 32.296095
1 18.539001 32.214023
1 21.657070 35.170474
1 19.236449 32.395926
1 16.701130 29.114301
1 19.810493 31.592235
1 19.108658 30.270479
1 27.372844 38.355841
1 17.936928 28.405112
1 16.932476 27.094624
1 20.566007 30.547590
1 19.853835 29.696668
1 24.268926 34.077899
1 18.344037 28.146336
1 18.913053 28.301164
1 19.748780 28.936538
1 17.848310 26.950394
1 23.795934 32.793095
1 18.204969 27.017775
1 17.711386 26.401632
1 17.578340 26.223585
1 26.125992 34.428625
1 22.724090 30.889783
1 27.393433 35.549096
1 19.338248 27.467828
1 19.983145 28.044366
1 21.932730 29.811462
1 20.015259 27.864583
1 15.715442 23.495078
1 16.593151 24.292060
1 19.185228 26.836464
1 20.663485 28.203003
1 23.263019 30.781933
1 16.829528 24.305882
1 23.549895 30.891629
1 22.442245 29.754463
1 19.361470 26.628571
1 19.713779 26.972304
1 22.203919 29.444194
1 19.086799 26.272264
1 21.195687 28.337911
1 21.805624 28.912399
1 18.455835 25.556448
1 22.188829 29.030082
1 23.519155 30.316297
1 20.738528 27.505749
1 17.197712 23.932958
1 23.730484 30.434840
1 20.055606 26.629956
1 22.157691 28.630876
1 22.932021 29.288464
1 22.760841 29.077996
1 27.216564 33.526323
1 16.731445 22.967923
1 21.450538 27.591176
1 20.786432 26.853327
1 17.594873 23.661612
1 17.910936 23.955463
1 17.630284 23.659225
1 19.391749 25.393383
1 16.892395 22.847480
1 20.202707 26.122756
1 20.196708 26.089084
1 19.981493 25.813316
1 20.770082 26.563925
1 21.071943 26.727459
1 22.416781 27.980263
1 20.646556 26.153154
1 18.292408 23.788797
1 18.531324 24.006580
1 22.245351 27.719293
1 24.874108 30.237784
1 22.922267 28.211178
1 21.241918 26.520109
1 25.133864 30.340879
1 22.039335 27.235678
1 15.453265 20.641967
1 17.862805 23.017866
1 19.562685 24.690965
1 20.683956 25.812207
1 17.107009 22.215079
1 21.292433 26.333810
1 14.913339 19.949694
1 23.558664 28.538658
1 20.016834 24.925077
1 20.464940 25.367632
1 26.319263 31.203922
1 24.672308 29.501312
1 24.589011 29.362593
1 18.137564 22.786760
1 22.630843 27.259571
1 19.901098 24.481018
1 27.410904 31.966159
1 20.270083 24.804054
1 21.856807 26.336248
1 20.167728 24.560568
1 21.223949 25.587502
1 21.517279 25.828234
1 21.026997 25.331090
1 16.272866 20.522921
1 27.769507 31.989319
1 22.404526 26.621755
1 22.545706 26.730757
1 22.655760 26.829709
1 17.464436 21.531210
1 21.043773 25.106057
1 20.328555 24.336606
1 18.886689 22.877385
1 18.990599 22.968429
1 22.555692 26.525807
1 19.864188 23.790667
1 23.284867 27.163538
1 20.842232 24.692423
1 22.208685 26.016292
1 22.710001 26.513261
1 17.773857 21.560267
1 24.568670 28.292281
1 20.980022 24.678688
1 18.855095 22.478131
1 22.230505 25.758862
1 20.248598 23.725841
1 16.138695 19.530336
1 21.989840 25.333647
1 17.395139 20.738392
1 22.871756 26.149829
1 16.916737 20.172951
1 25.194407 28.417427
1 22.797404 25.988057
1 18.110498 21.277859
1 22.536940 25.698076
1 21.906201 25.031867
1 16.255152 19.380438
1 16.515861 19.601588
1 17.558372 20.627677
1 22.069535 25.061015
1 21.783441 24.737690
1 19.683827 22.619677
1 15.799650 18.703667
1 20.941020 23.832510
1 19.958671 22.837493
1 23.533569 26.346590
1 20.213873 23.024759
1 26.773020 29.579680
1 22.383345 25.189144
1 24.510564 27.277398
1 21.384092 24.126317
1 20.513548 23.234135
1 23.050394 25.765208
1 21.312249 24.026452
1 20.507918 23.219446
1 20.281226 22.982501
1 18.743082 21.428791
1 26.151483 28.811095
1 23.452933 26.064760
1 20.140339 22.744755
1 21.293774 23.882156
1 17.740719 20.313813
1 19.884908 22.452380
1 22.417305 24.950263
1 19.170382 21.696996
1 26.924016 29.429161
1 23.105869 25.581075
1 20.273278 22.725751
1 20.119459 22.565839
1 17.723670 20.138304
1 20.881386 23.294374
1 19.481224 21.888838
1 29.318188 31.702943
1 20.966843 23.300319
1 21.377417 23.681461
1 21.904106 24.187510
1 17.243634 19.505013
1 13.651403 15.904281
1 19.768326 22.020944
1 24.135519 26.339067
1 22.266578 24.428109
1 24.077964 26.230567
1 20.472293 22.621574
1 23.822426 25.878071
1 13.846831 15.896588
1 19.264985 21.310668
1 19.213507 21.215084
1 19.938618 21.912879
1 20.337704 22.299538
1 23.335609 25.293030
1 20.566958 22.495030
1 15.585281 17.506152
1 22.944215 24.836721
1 23.755746 25.640669
1 24.050881 25.934387
1 23.884918 25.762181
1 28.997977 30.869852
1 20.041554 21.888975
1 27.659848 29.350931
1 21.911870 23.599478
1 23.460459 25.137449
1 20.519145 22.195547
1 20.870584 22.534368
1 20.157087 21.786372
1 28.194646 29.809983
1 20.847465 22.457964
1 22.343168 23.916011
1 20.739093 22.251772
1 23.151515 24.660707
1 22.788930 24.295128
1 24.495401 25.993412
1 21.032824 22.530515
1 16.745484 18.235760
1 23.029318 24.445146
1 23.379668 24.763099
1 32.641622 34.019951
1 20.125668 21.487130
1 13.872356 15.227627
1 19.114630 20.462558
1 17.921305 19.263750
1 26.555430 27.886968
1 17.329160 18.655500
1 21.086984 22.384606
1 19.067910 20.355132
1 24.787340 26.062185
1 24.446959 25.710407
1 26.452981 27.644380
1 18.354945 19.543719
1 18.115163 19.285923
1 20.744980 21.900996
1 18.869974 20.013077
1 20.238579 21.378326
1 21.081053 22.210834
1 20.744151 21.850368
1 20.375990 21.455693
1 23.555604 24.628854
1 19.735755 20.776294
1 24.403175 25.437105
1 20.165094 21.179937
1 24.830319 25.833608
1 21.704736 22.693612
1 33.992139 34.965282
1 26.822530 27.794109
1 23.275436 24.242823
1 19.379093 20.344071
1 23.481733 24.435273
1 25.529522 26.481996
1 21.441615 22.382719
1 22.442411 23.374525
1 25.560425 26.488888
1 19.686636 20.610351
1 20.577789 21.499904
1 18.660315 19.533615
1 25.107174 25.959674
1 19.641122 20.492851
1 21.520521 22.356496
1 23.713050 24.547911
1 14.878404 15.704500
1 25.230224 26.050210
1 28.518549 29.208193
1 25.467822 26.148471
1 17.716112 18.371009
1 21.021580 21.672233
1 20.260834 20.909954
1 24.239569 24.857074
1 23.160154 23.774442
1 22.840062 23.430433
1 18.565790 19.150615
1 29.118487 29.675562
1 23.042950 23.576059
1 24.444442 24.967012
1 21.137367 21.656927
1 23.200851 23.718320
1 25.200292 25.701435
1 21.748532 22.243579
1 23.537735 23.997254
1 19.355361 19.810374
1 22.487462 22.942390
1 19.669304 20.117283
1 25.944532 26.391479
1 24.798039 25.231412
1 20.838442 21.257893
1 26.157877 26.566225
1 23.985698 24.382026
1 23.629757 24.012940
1 19.271169 19.653393
1 22.028143 22.399080
1 20.970443 21.338314
1 22.802476 23.155556
1 28.083553 28.435497
1 24.126734 24.469855
1 24.146251 24.378941
1 26.450490 26.675779
1 25.897534 26.098299
1 32.485349 32.671513
1 26.555733 26.727422
1 26.135526 26.276038
1 26.583396 26.713642
1 29.349068 29.456670
1 28.722634 28.822673
1 26.678650 26.765355
1 30.745690 30.793178
1 26.871296 26.905903
1 22.646927 22.671389
1 32.737248 32.755115
1 24.430875 24.445927
1 31.345584 31.353008
1 27.253020 27.255272
0 0.000000 inf
0 0.000000 25.434464
0 0.000000 23.853820
0 0.000000 23.083350
0 0.000000 22.207080
0 0.000000 21.967458
0 0.000000 21.799471
0 0.000000 21.732086
0 0.000000 21.629508
0 0.000000 21.588818
0 0.000000 21.246534
0 0.000000 21.192459
0 0.000000 21.037144
0 0.000000 20.970188
0 0.000000 20.881210
0 0.000000 20.491803
0 0.000000 20.319428
0 0.000000 20.077101
0 0.000000 20.076731
0 0.000000 20.056201
0 0.000000 19.974134
0 0.000000 19.903417
0 0.000000 19.830480
0 0.000000 19.588181
0 0.000000 19.314768
0 0.000000 19.268432
0 0.000000 19.205669
0 0.000000 19.196722
0 0.000000 19.086557
0 0.000000 19.043073
0 0.000000 19.033776
0 0.000000 18.884364
0 0.000000 18.879438
0 0.000000 18.801738
0 0.000000 18.792493
0 0.000000 18.763864
0 0.000000 18.710593
0 0.000000 18.633474
0 0.000000 18.622191
0 0.000000 18.612495
0 0.000000 18.498454
0 0.000000 18.486110
0 0.000000 18.477760
0 0.000000 18.374679
0 0.000000 18.308959
0 0.000000 18.168851
0 0.000000 18.097868
0 0.000000 18.014197
0 0.000000 17.991148
0 0.000000 17.980676
0 0.000000 17.908574
0 0.000000 17.829750
0 0.000000 17.815016
0 0.000000 17.804363
0 0.000000 17.776982
0 0.000000 17.753042
0 0.000000 17.717378
0 0.000000 17.653206
0 0.000000 17.468078
0 0.000000 17.457951
0 0.000000 17.448826
0 0.000000 17.441766
0 0.000000 17.386656
0 0.000000 17.273067
0 0.000000 17.254330
0 0.000000 17.220148
0 0.000000 17.074667
0 0.000000 17.058241
0 0.000000 17.010345
0 0.000000 16.963443
0 0.000000 16.913414
0 0.000000 16.893516
0 0.000000 16.874060
0 0.000000 16.854665
0 0.000000 16.827997
0 0.000000 16.812048
0 0.000000 16.791034
0 0.000000 16.728720
0 0.000000 16.675056
0 0.000000 16.669727
0 0.000000 16.659246
0 0.000000 16.588647
0 0.000000 16.568730
0 0.000000 16.552475
0 0.000000 16.547841
0 0.000000 16.529190
0 0.000000 16.506177
0 0.000000 16.444297
0 0.000000 16.435433
0 0.000000 16.194893
0 0.000000 16.126685
0 0.000000 16.099429
0 0.000000 16.064491
0 0.000000 16.038704
0 0.000000 16.003792
0 0.000000 15.999356
0 0.000000 15.973952
0 0.000000 15.928921
0 0.000000 15.915540
0 0.000000 15.813899
0 0.000000 15.803877
0 0.000000 15.796533
0 0.000000 15.792412
0 0.000000 15.780842
0 0.000000 15.741454
0 0.000000 15.698219
0 0.000000 15.696939
0 0.000000 15.624581
0 0.000000 15.617452
0 0.000000 15.573695
0 0.000000 15.573421
0 0.000000 15.490656
0 0.000000 15.425758
0 0.000000 15.413489
0 0.000000 15.377202
0 0.000000 15.366821
0 0.000000 15.344635
0 0.000000 15.231966
0 0.000000 15.208555
0 0.000000 15.115631
0 0.000000 15.044641
0 0.000000 15.034364
0 0.000000 14.998163
0 0.000000 14.970928
0 0.000000 14.873412
0 0.000000 14.830804
0 0.000000 14.778229
0 0.000000 14.712074
0 0.000000 14.677090
0 0.000000 14.621481
0 0.000000 14.596904
0 0.000000 14.581262
0 0.000000 14.580694
0 0.000000 14.575230
0 0.000000 14.550945
0 0.000000 14.506038
0 0.000000 14.485398
0 0.000000 14.464618
0 0.000000 14.463985
0 0.000000 14.433481
0 0.000000 14.427696
0 0.000000 14.414798
0 0.000000 14.364710
0 0.000000 14.347900
0 0.000000 14.234560
0 0.000000 14.220279
0 0.000000 14.213865
0 0.000000 14.181229
0 0.000000 14.164394
0 0.000000 14.162539
0 0.000000 14.076847
0 0.000000 14.017774
0 0.000000 14.014050
0 0.000000 13.977661
0 0.000000 13.838049
0 0.000000 13.836007
0 0.000000 13.728733
0 0.000000 13.723109
0 0.000000 13.698836
0 0.000000 13.649508
0 0.000000 13.613156
0 0.000000 13.539775
0 0.000000 13.501338
0 0.000000 13.463197
0 0.000000 13.382238
0 0.000000 13.367689
0 0.000000 13.268360
0 0.000000 13.243283
0 0.000000 13.147730
0 0.000000 13.145972
0 0.000000 12.925125
0 0.000000 12.520895
0 0.000000 12.293852
0 0.000000 12.213951
0 0.000000 11.725304
0 0.000000 11.718834
0 0.000000 11.679119
0 0.000000 11.607929
0 0.000000 11.465518
0 0.000000 11.441340
0 0.000000 11.437021
0 0.000000 11.425180
0 0.000000 11.298819
0 0.000000 10.916959
0 0.000000 10.818103
0 0.000000 10.666350
0 0.000000 10.577274
