1 26.883930 60.623326
1 27.520787 55.432128
1 26.884225 47.099432
1 23.795313 41.027619
1 21.353251 38.181522
1 24.428335 40.426556
1 22.334531 38.290120
1 24.479603 40.305450
1 27.636853 43.410762
1 28.579700 43.017773
1 25.782425 40.110124
1 28.202740 42.374653
1 25.146623 39.276609
1 27.725955 41.528840
1 25.179015 38.979716
1 19.662949 33.184695
1 23.955397 37.387611
1 21.742941 34.971804
1 30.168070 43.202467
1 21.568388 34.234510
1 24.434289 37.064874
1 24.317904 36.824285
1 26.332652 38.586999
1 21.864455 34.091937
1 25.031989 36.937210
1 21.567469 33.453362
1 22.484785 34.155891
1 28.766585 40.407253
1 27.139372 38.760986
1 24.963868 36.515771
1 22.483137 34.030117
1 31.284785 42.828369
1 22.018329 33.143295
1 23.529133 34.641032
1 29.342535 40.421996
1 21.053683 31.852355
1 27.218460 37.919345
1 23.137143 33.770896
1 27.215779 37.644669
1 28.623894 39.020071
1 23.219750 33.573979
1 25.793504 36.065476
1 24.537996 34.809643
1 25.681191 35.876812
1 21.403284 31.593584
1 27.343990 37.497543
1 22.801079 32.886457
1 27.335822 36.951323
1 23.260072 32.723778
1 28.613296 37.976895
1 23.280575 32.640025
1 30.017701 39.344075
1 22.294583 31.543184
1 24.695914 33.844894
1 21.698450 30.757448
1 20.477416 29.509342
1 21.499533 30.239227
1 30.425756 39.101616
1 27.181334 35.833350
1 27.372120 35.954902
1 23.027116 31.454446
1 22.204800 30.521667
1 26.319461 34.396046
1 30.823617 38.898658
1 25.725447 33.755010
1 21.096036 29.092649
1 23.201997 31.097947
1 21.661816 29.536230
1 26.813146 34.603147
1 28.081205 35.649130
1 28.313624 35.870049
1 27.096507 34.487071
1 30.401596 37.740968
1 23.804914 31.106622
1 25.553917 32.773665
1 34.324756 41.351117
1 24.321879 31.327527
1 27.911524 34.782516
1 26.689181 33.386537
1 22.065003 28.697656
1 22.717487 29.183513
1 24.987988 31.414642
1 30.207039 36.625921
1 20.691299 27.085104
1 31.760966 38.142510
1 28.962226 35.247575
1 30.674240 36.869913
1 30.924159 37.099542
1 23.719168 29.616336
1 24.737066 30.487188
1 33.349634 39.071748
1 23.385025 29.107117
1 27.394187 32.963946
1 23.965842 29.465920
1 23.359569 28.821851
1 21.710411 27.116559
1 24.033534 29.415314
1 24.689479 29.995641
1 23.105793 28.405051
1 23.128387 28.400571
1 17.455496 22.522730
1 29.860218 34.792481
1 28.235231 33.100775
1 26.488696 31.259122
1 32.586541 37.167911
1 28.935863 33.513524
1 28.419660 32.984374
1 21.968441 26.447207
1 24.123906 28.562264
1 23.927200 28.361966
1 30.540911 34.959898
1 15.418968 19.837019
1 23.170443 27.567224
1 23.036438 27.399232
1 29.577722 33.909898
1 32.742223 37.036653
1 29.720394 33.992496
1 38.568562 42.806215
1 18.786202 22.970892
1 22.151935 26.325382
1 30.702439 34.741590
1 30.615445 34.634289
1 29.012359 33.015133
1 27.717275 31.661540
1 32.864559 36.672950
1 24.485380 28.279120
1 31.438729 35.039009
1 31.069489 34.663275
1 31.140633 34.677833
1 24.055767 27.589170
1 26.968397 30.453136
1 26.596836 30.066071
1 21.259901 24.714928
1 24.158060 27.594678
1 31.460878 34.862039
1 17.350175 20.740801
1 31.978635 35.365238
1 27.636522 30.994089
1 25.956059 29.250052
1 25.863884 29.156195
1 27.203450 30.459612
1 29.769497 33.014749
1 24.317732 27.524885
1 21.116794 24.253077
1 36.196364 39.291418
1 27.355441 30.447644
1 31.417138 34.482138
1 26.764467 29.765930
1 23.830686 26.812467
1 23.261613 26.234617
1 29.540252 32.490815
1 29.186158 32.094830
1 23.178029 26.054789
1 21.649744 24.499718
1 25.043031 27.891044
1 23.735785 26.542639
1 26.545428 29.341224
1 21.655281 24.448626
1 25.567756 28.347505
1 40.494747 43.198768
1 31.296268 33.938840
1 27.922032 30.555799
1 29.872144 32.483576
1 25.203274 27.806912
1 24.941387 27.500939
1 24.249280 26.755584
1 22.870186 25.326539
1 29.112660 31.539318
1 25.644310 28.064098
1 28.260223 30.660814
1 18.789538 21.189835
1 26.355983 28.753013
1 24.016061 26.345721
1 29.167087 31.466884
1 26.229128 28.515545
1 24.507197 26.751614
1 23.484556 25.713275
1 43.672526 45.900221
1 32.923536 35.102641
1 29.289626 31.457972
1 33.077057 35.195995
1 31.947126 34.059877
1 24.665245 26.761862
1 25.857818 27.949652
1 32.594706 34.673224
1 30.804791 32.872407
1 27.157060 29.223464
1 25.867262 27.930941
1 23.114267 25.086515
1 31.986704 33.926110
1 25.487419 27.409585
1 24.591146 26.510152
1 24.387384 26.292498
1 30.478804 32.382038
1 27.812288 29.707782
1 34.746443 36.638967
1 25.507340 27.392781
1 20.148235 22.031543
1 33.514054 35.369524
1 26.715490 28.544036
1 30.808234 32.617001
1 30.294326 32.098707
1 34.443915 36.220231
1 31.032599 32.807413
1 18.759157 20.519031
1 29.148179 30.885417
1 35.002737 36.737417
1 26.772223 28.497820
1 35.717942 37.431158
1 31.442252 33.135708
1 34.820850 36.512227
1 26.605730 28.283554
1 23.038452 24.652166
1 24.257819 25.859888
1 25.764267 27.356809
1 36.507759 38.046464
1 26.325008 27.850954
1 18.839531 20.355851
1 51.107678 52.616028
1 31.929802 33.406594
1 30.101536 31.559073
1 32.465621 33.917204
1 30.080038 31.518899
1 24.233773 25.665775
1 27.615572 29.014514
1 29.621165 31.012541
1 21.009955 22.396742
1 25.988413 27.357987
1 27.578769 28.940470
1 35.393183 36.747625
1 34.862830 36.175533
1 22.148114 23.457140
1 27.914682 29.208358
1 20.186658 21.412692
1 25.380233 26.464381
1 33.849571 34.888640
1 20.377925 21.411124
1 33.336834 34.360397
1 24.229745 25.245251
1 22.935010 23.926141
1 30.989857 31.961507
1 34.558995 35.520664
1 27.353989 28.308562
1 26.884078 27.825215
1 24.649072 25.580444
1 30.071970 30.994084
1 31.781148 32.692382
1 59.223834 60.112818
1 28.128283 28.993077
1 23.007886 23.852439
1 35.081414 35.915727
1 32.160421 32.986360
1 29.939053 30.739391
1 22.030860 22.824099
1 25.055375 25.797011
1 31.408759 32.125520
1 27.537990 28.242195
1 37.800883 38.467779
1 22.339768 22.996376
1 25.521227 26.162400
1 26.624119 27.258454
1 33.129139 33.754116
1 30.828605 31.443542
1 36.864604 37.463564
1 27.842996 28.435608
1 33.066748 33.654142
1 28.831108 29.414284
1 39.830376 40.409623
1 26.234465 26.805844
1 30.687723 31.255329
1 28.809519 29.376540
1 30.793715 31.326719
1 30.714478 31.243285
1 21.782101 22.305226
1 44.810526 45.321867
1 36.737658 37.239081
1 33.776890 34.246916
1 28.501563 28.964898
1 29.675095 30.135664
1 27.236026 27.681678
1 21.755957 22.185488
1 31.329272 31.744151
1 29.783812 30.172802
1 33.450706 33.838500
1 20.255412 20.617475
1 31.513204 31.838303
1 28.343274 28.628697
1 38.203969 38.447424
1 37.443370 37.671323
1 18.714567 18.928449
1 27.546589 27.755122
1 39.049111 39.230270
1 34.255336 34.429622
1 25.861407 26.035093
1 30.974513 31.106030
1 34.200262 34.313188
1 32.728380 32.761008
1 32.531574 32.537512
0 0.000000 inf
0 0.000000 28.624054
0 0.000000 28.227676
0 0.000000 27.597737
0 0.000000 27.346849
0 0.000000 26.871262
0 0.000000 26.757724
0 0.000000 26.573081
0 0.000000 26.387598
0 0.000000 26.367069
0 0.000000 26.129500
0 0.000000 26.038118
0 0.000000 25.782805
0 0.000000 25.436477
0 0.000000 25.352386
0 0.000000 25.204611
0 0.000000 25.016291
0 0.000000 24.799676
0 0.000000 24.738411
0 0.000000 24.542804
0 0.000000 24.465605
0 0.000000 24.408671
0 0.000000 24.331616
0 0.000000 23.981678
0 0.000000 23.846933
0 0.000000 23.701401
0 0.000000 23.679145
0 0.000000 23.565262
0 0.000000 23.557721
0 0.000000 23.522144
0 0.000000 23.396763
0 0.000000 23.310092
0 0.000000 23.279909
0 0.000000 23.179656
0 0.000000 23.162066
0 0.000000 23.151943
0 0.000000 23.043589
0 0.000000 22.822801
0 0.000000 22.760799
0 0.000000 22.752963
0 0.000000 22.708218
0 0.000000 22.666870
0 0.000000 22.660245
0 0.000000 22.632425
0 0.000000 22.563816
0 0.000000 22.548439
0 0.000000 22.445805
0 0.000000 22.353105
0 0.000000 22.228914
0 0.000000 22.214387
0 0.000000 22.189340
0 0.000000 22.072679
0 0.000000 22.070567
0 0.000000 21.925703
0 0.000000 21.923399
0 0.000000 21.877042
0 0.000000 21.845729
0 0.000000 21.653723
0 0.000000 21.629979
0 0.000000 21.558880
0 0.000000 21.442965
0 0.000000 21.381343
0 0.000000 21.380806
0 0.000000 21.279158
0 0.000000 21.268650
0 0.000000 21.229653
0 0.000000 21.198510
0 0.000000 21.197634
0 0.000000 21.186081
0 0.000000 21.157508
0 0.000000 21.155504
0 0.000000 21.136539
0 0.000000 21.134872
0 0.000000 21.062774
0 0.000000 21.060040
0 0.000000 21.047968
0 0.000000 21.010129
0 0.000000 20.996159
0 0.000000 20.959776
0 0.000000 20.938419
0 0.000000 20.829027
0 0.000000 20.807399
0 0.000000 20.796103
0 0.000000 20.607293
0 0.000000 20.363489
0 0.000000 20.282157
0 0.000000 20.249265
0 0.000000 20.226391
0 0.000000 20.154132
0 0.000000 20.080019
0 0.000000 20.062314
0 0.000000 20.035115
0 0.000000 19.989628
0 0.000000 19.970888
0 0.000000 19.887508
0 0.000000 19.874686
0 0.000000 19.789643
0 0.000000 19.743031
0 0.000000 19.708460
0 0.000000 19.693074
0 0.000000 19.666337
0 0.000000 19.609988
0 0.000000 19.413654
0 0.000000 19.394950
0 0.000000 19.298065
0 0.000000 19.260387
0 0.000000 19.226309
0 0.000000 19.222026
0 0.000000 19.191148
0 0.000000 19.187011
0 0.000000 19.173432
0 0.000000 19.163386
0 0.000000 19.032992
0 0.000000 19.020210
0 0.000000 19.017053
0 0.000000 18.946891
0 0.000000 18.921450
0 0.000000 18.907076
0 0.000000 18.862000
0 0.000000 18.792493
0 0.000000 18.784601
0 0.000000 18.763406
0 0.000000 18.747224
0 0.000000 18.726898
0 0.000000 18.710983
0 0.000000 18.667460
0 0.000000 18.654665
0 0.000000 18.508714
0 0.000000 18.500471
0 0.000000 18.483456
0 0.000000 18.420304
0 0.000000 18.359455
0 0.000000 18.294538
0 0.000000 18.230966
0 0.000000 18.076091
0 0.000000 18.054419
0 0.000000 18.047609
0 0.000000 18.015200
0 0.000000 18.001949
0 0.000000 17.927493
0 0.000000 17.844066
0 0.000000 17.749777
0 0.000000 17.654329
0 0.000000 17.618265
0 0.000000 17.469428
0 0.000000 17.334608
0 0.000000 17.233885
0 0.000000 17.183756
0 0.000000 17.137142
0 0.000000 17.095471
0 0.000000 16.839842
0 0.000000 16.728233
0 0.000000 16.556107
0 0.000000 16.543705
0 0.000000 16.534155
0 0.000000 16.404221
0 0.000000 16.361564
0 0.000000 16.264724
0 0.000000 16.144885
0 0.000000 16.093227
0 0.000000 16.064632
0 0.000000 15.981624
0 0.000000 15.896648
0 0.000000 15.892311
0 0.000000 15.754550
0 0.000000 15.713253
0 0.000000 15.658748
0 0.000000 15.530340
0 0.000000 15.450980
0 0.000000 15.407075
0 0.000000 15.358276
0 0.000000 15.216420
0 0.000000 15.141323
0 0.000000 15.131570
0 0.000000 15.092327
0 0.000000 15.021750
0 0.000000 15.020813
0 0.000000 14.965197
0 0.000000 14.737790
0 0.000000 14.218644
0 0.000000 13.883758
0 0.000000 13.751330
0 0.000000 13.676910
0 0.000000 13.054433
0 0.000000 12.514901
0 0.000000 11.590177
0 0.000000 9.378857
