1 30.433875 63.895022
1 31.561895 58.137196
1 26.040890 51.449119
1 25.389121 49.650984
1 23.731768 46.597465
1 29.920475 52.059175
1 23.555889 45.678958
1 30.093484 51.525795
1 23.792289 45.097433
1 31.490847 52.706849
1 34.289512 55.078481
1 30.985328 51.242476
1 33.206815 52.982090
1 23.800882 42.525486
1 33.012096 51.715274
1 25.470046 43.103310
1 22.405368 39.744641
1 22.355002 39.416668
1 33.624071 50.213001
1 22.869333 39.225035
1 24.031975 40.282488
1 24.258638 40.479575
1 22.825395 38.879713
1 24.929674 40.891588
1 25.708628 41.547025
1 30.728064 46.228522
1 29.299066 44.724117
1 21.918981 36.918783
1 30.783306 45.455260
1 20.394821 35.002966
1 19.511814 33.886574
1 26.392577 40.615005
1 24.593866 38.769844
1 23.113130 37.287631
1 20.066399 34.172313
1 27.520588 41.167904
1 36.349626 49.980974
1 19.915854 33.473163
1 20.001757 33.408941
1 19.276317 32.325350
1 32.047322 44.972544
1 18.560193 31.456219
1 25.099528 37.935765
1 19.008649 31.678843
1 23.675301 36.164984
1 30.800171 43.224169
1 27.405270 39.779926
1 24.623866 36.801788
1 20.909091 33.084148
1 19.067129 31.137129
1 22.696425 34.519928
1 21.677839 33.397412
1 36.812023 48.352602
1 28.870904 40.409592
1 21.881231 33.284942
1 26.080625 37.479754
1 20.005148 31.239064
1 28.919678 40.086563
1 30.545974 41.650826
1 23.100574 34.139429
1 44.215842 55.225711
1 26.979526 37.878401
1 29.567494 40.096955
1 21.847076 32.330459
1 25.591081 35.928537
1 38.507723 48.580515
1 19.296792 29.328036
1 27.226384 37.206232
1 27.984886 37.872641
1 25.166368 34.895059
1 32.581078 42.163181
1 22.021271 31.588263
1 21.998246 31.558245
1 24.810380 34.142912
1 20.373381 29.507849
1 28.753383 37.761491
1 26.965293 35.872459
1 27.706695 36.609589
1 36.372549 45.232894
1 24.798116 33.657921
1 24.020031 32.817573
1 30.462042 38.892619
1 29.617185 37.992615
1 24.280768 32.600876
1 26.442827 34.621432
1 30.696820 38.786727
1 31.687210 39.662373
1 22.900758 30.866771
1 19.867851 27.738172
1 24.548199 32.253087
1 21.705477 29.343732
1 22.096480 29.404011
1 32.918915 40.165100
1 25.781594 32.921557
1 24.378727 31.518228
1 29.064670 36.090336
1 34.965683 41.951176
1 41.466572 48.257150
1 28.547917 35.302518
1 25.760959 32.440332
1 22.274775 28.934617
1 27.150365 33.680203
1 21.178495 27.652061
1 25.369031 31.826966
1 22.109382 28.554074
1 28.350549 34.664732
1 36.573939 42.857919
1 36.863702 43.147540
1 26.439606 32.676192
1 25.811218 31.950375
1 19.945421 25.990618
1 22.668226 28.690038
1 20.159493 25.814760
1 26.761694 32.334273
1 19.899102 25.437976
1 29.891419 35.417708
1 52.839354 58.139277
1 25.105668 30.297467
1 24.718185 29.908732
1 22.538983 27.728640
1 36.061544 41.178288
1 20.209542 25.294154
1 23.197821 28.257998
1 19.258371 24.294686
1 31.425260 36.405599
1 24.307778 29.283188
1 26.133619 31.082666
1 26.952971 31.762281
1 25.866692 30.604565
1 26.298343 31.018366
1 23.246196 27.872504
1 23.912691 28.497809
1 34.335023 38.778871
1 26.579755 31.018709
1 40.922264 45.345455
1 22.900094 27.285175
1 36.043032 40.357112
1 28.116338 32.374204
1 26.316378 30.548382
1 33.006930 37.196918
1 29.009476 33.195187
1 25.597342 29.746571
1 24.775520 28.906775
1 21.614363 25.741350
1 28.721307 32.833754
1 24.244120 28.313491
1 24.432944 28.427001
1 28.194189 32.187699
1 22.216536 26.195262
1 40.244202 44.187466
1 41.444672 45.363711
1 27.812211 31.717286
1 27.479172 31.369670
1 38.998473 42.829150
1 28.833408 32.662165
1 22.828251 26.654911
1 27.502615 31.178839
1 34.422936 38.098796
1 26.948602 30.593221
1 29.297518 32.928512
1 20.357501 23.948631
1 22.935099 26.453125
1 31.274078 34.748040
1 26.844895 30.303822
1 33.108587 36.564932
1 23.629009 27.080806
1 27.572892 30.923867
1 22.131887 25.454746
1 21.122706 24.366701
1 23.407502 26.618062
1 24.049944 27.252488
1 32.478104 35.622408
1 22.611185 25.750416
1 27.049841 30.155939
1 25.631942 28.726243
1 37.703885 40.785932
1 26.292572 29.290239
1 23.834360 26.807954
1 35.001511 37.847471
1 25.657429 28.500186
1 27.618474 30.443250
1 24.058723 26.857399
1 29.934814 32.669793
1 51.200802 53.902318
1 22.157270 24.849686
1 25.820476 28.503738
1 26.651482 29.312853
1 30.710205 33.368348
1 27.831449 30.440173
1 36.151174 38.744054
1 31.912578 34.482151
1 28.465089 31.019908
1 25.518202 28.020097
1 26.076311 28.562466
1 20.495339 22.972941
1 40.131031 42.520525
1 34.086109 36.465659
1 22.220939 24.587838
1 38.276689 40.639683
1 23.566643 25.892998
1 42.985797 45.309947
1 29.609885 31.901108
1 24.204945 26.470612
1 45.059930 47.310039
1 28.222816 30.471944
1 22.303344 24.542641
1 26.648379 28.847978
1 28.860205 31.058927
1 33.025521 35.170413
1 48.952459 51.030581
1 27.863874 29.937815
1 27.965404 30.002811
1 30.725563 32.761733
1 26.784178 28.795887
1 29.745260 31.722992
1 35.519305 37.444518
1 42.478422 44.378293
1 34.814847 36.690607
1 31.116527 32.989536
1 22.717695 24.571487
1 27.687826 29.533112
1 28.491733 30.313167
1 23.143524 24.943607
1 21.995362 23.776328
1 49.128873 50.897607
1 26.386131 28.142792
1 47.704334 49.455509
1 24.521004 26.252063
1 29.934073 31.658572
1 25.909612 27.614996
1 33.178868 34.804274
1 34.966549 36.565921
1 24.082967 25.478898
1 24.897879 26.291456
1 19.597954 20.973079
1 32.198982 33.573374
1 31.251900 32.623464
1 28.140867 29.511167
1 21.976147 23.334059
1 31.235846 32.591079
1 30.516409 31.848953
1 30.256705 31.539534
1 23.847879 25.119842
1 38.369212 39.569508
1 31.785734 32.981891
1 31.767766 32.962993
1 30.733518 31.916106
1 28.227419 29.394593
1 30.447214 31.611446
1 34.755202 35.918572
1 28.486514 29.644018
1 25.219641 26.353079
1 26.668390 27.800665
1 27.765163 28.871267
1 32.823975 33.919272
1 37.709941 38.802214
1 28.935038 30.000764
1 28.814275 29.867792
1 29.339694 30.364601
1 38.041094 39.064831
1 42.555508 43.530889
1 31.875679 32.841355
1 26.444488 27.405954
1 52.067603 53.016541
1 28.580057 29.461617
1 35.453395 36.317792
1 25.550210 26.327315
1 32.179791 32.920799
1 29.084277 29.821026
1 43.677597 44.411269
1 36.263859 36.996713
1 22.177008 22.905667
1 40.826849 41.533431
1 29.484995 30.175664
1 29.498741 30.188872
1 50.411910 51.074245
1 29.800779 30.461960
1 30.567021 31.207248
1 26.955761 27.570298
1 30.398817 31.008709
1 32.601644 33.172755
1 29.110867 29.670741
1 41.112210 41.660330
1 30.424160 30.950877
1 37.655592 38.175369
1 33.355848 33.828828
1 33.413942 33.884534
1 27.622762 28.076487
1 26.614537 27.059164
1 41.603540 42.007337
1 28.197246 28.590278
1 31.572490 31.960436
1 40.097538 40.451069
1 25.676388 26.021766
1 35.905910 36.246357
1 27.600965 27.925871
1 27.057392 27.368563
1 30.521267 30.811347
1 63.157939 63.355046
1 27.989127 28.146743
1 32.880741 33.024252
1 32.885174 33.027967
1 44.998077 45.124720
1 24.956342 25.059242
1 32.446339 32.540236
1 25.307367 25.368780
1 26.547680 26.588182
1 36.658303 36.691260
1 30.281321 30.292040
0 0.000000 inf
0 0.000000 29.538162
0 0.000000 29.397560
0 0.000000 29.365789
0 0.000000 28.781890
0 0.000000 28.546652
0 0.000000 28.531392
0 0.000000 27.954253
0 0.000000 27.852075
0 0.000000 27.254487
0 0.000000 26.400225
0 0.000000 26.356148
0 0.000000 26.292944
0 0.000000 25.869153
0 0.000000 25.790273
0 0.000000 25.523110
0 0.000000 25.471354
0 0.000000 25.121515
0 0.000000 24.682534
0 0.000000 24.355109
0 0.000000 24.031282
0 0.000000 23.894579
0 0.000000 23.681579
0 0.000000 23.567906
0 0.000000 23.540400
0 0.000000 23.516413
0 0.000000 23.511452
0 0.000000 23.438209
0 0.000000 23.103411
0 0.000000 22.995933
0 0.000000 22.942839
0 0.000000 22.939542
0 0.000000 22.925806
0 0.000000 22.888050
0 0.000000 22.850682
0 0.000000 22.531876
0 0.000000 22.453222
0 0.000000 22.295805
0 0.000000 22.261923
0 0.000000 22.198010
0 0.000000 22.195479
0 0.000000 22.138294
0 0.000000 22.128937
0 0.000000 22.040881
0 0.000000 21.988498
0 0.000000 21.981406
0 0.000000 21.916700
0 0.000000 21.826784
0 0.000000 21.759000
0 0.000000 21.743124
0 0.000000 21.740101
0 0.000000 21.739411
0 0.000000 21.738647
0 0.000000 21.637405
0 0.000000 21.531132
0 0.000000 21.479995
0 0.000000 21.385394
0 0.000000 21.337410
0 0.000000 21.333155
0 0.000000 21.191739
0 0.000000 21.159820
0 0.000000 21.128450
0 0.000000 21.052507
0 0.000000 20.767243
0 0.000000 20.759327
0 0.000000 20.729011
0 0.000000 20.641188
0 0.000000 20.621011
0 0.000000 20.573440
0 0.000000 20.542199
0 0.000000 20.507257
0 0.000000 20.498429
0 0.000000 20.411054
0 0.000000 20.265501
0 0.000000 20.208883
0 0.000000 20.198742
0 0.000000 20.173890
0 0.000000 20.173564
0 0.000000 20.064872
0 0.000000 20.009763
0 0.000000 19.964703
0 0.000000 19.938202
0 0.000000 19.875897
0 0.000000 19.874227
0 0.000000 19.785437
0 0.000000 19.782929
0 0.000000 19.774511
0 0.000000 19.665119
0 0.000000 19.656679
0 0.000000 19.611086
0 0.000000 19.476321
0 0.000000 19.417129
0 0.000000 19.286576
0 0.000000 19.194309
0 0.000000 19.193973
0 0.000000 19.116745
0 0.000000 19.091480
0 0.000000 19.087270
0 0.000000 19.085751
0 0.000000 19.077220
0 0.000000 19.040344
0 0.000000 19.006628
0 0.000000 18.934407
0 0.000000 18.864568
0 0.000000 18.833947
0 0.000000 18.833002
0 0.000000 18.761326
0 0.000000 18.696099
0 0.000000 18.574694
0 0.000000 18.483703
0 0.000000 18.405147
0 0.000000 18.380892
0 0.000000 18.347003
0 0.000000 18.327429
0 0.000000 18.227536
0 0.000000 18.204555
0 0.000000 18.148719
0 0.000000 18.121394
0 0.000000 18.116166
0 0.000000 18.082355
0 0.000000 18.011335
0 0.000000 17.970051
0 0.000000 17.920768
0 0.000000 17.914796
0 0.000000 17.791700
0 0.000000 17.772826
0 0.000000 17.761406
0 0.000000 17.748800
0 0.000000 17.703834
0 0.000000 17.664791
0 0.000000 17.649287
0 0.000000 17.536647
0 0.000000 17.525242
0 0.000000 17.307595
0 0.000000 17.265911
0 0.000000 17.257665
0 0.000000 17.219439
0 0.000000 17.217468
0 0.000000 17.154996
0 0.000000 17.037596
0 0.000000 17.004532
0 0.000000 16.980481
0 0.000000 16.897195
0 0.000000 16.868436
0 0.000000 16.866314
0 0.000000 16.799311
0 0.000000 16.744467
0 0.000000 16.717535
0 0.000000 16.709384
0 0.000000 16.573249
0 0.000000 16.560051
0 0.000000 16.497785
0 0.000000 16.480777
0 0.000000 16.394141
0 0.000000 16.362979
0 0.000000 16.323777
0 0.000000 16.133219
0 0.000000 16.080806
0 0.000000 16.010128
0 0.000000 15.994985
0 0.000000 15.940538
0 0.000000 15.765828
0 0.000000 15.597177
0 0.000000 15.513162
0 0.000000 15.496896
0 0.000000 15.418131
0 0.000000 15.347212
0 0.000000 15.332965
0 0.000000 15.317844
0 0.000000 14.697539
0 0.000000 14.585227
0 0.000000 14.534979
0 0.000000 14.497205
0 0.000000 14.313931
0 0.000000 14.247950
0 0.000000 14.191582
0 0.000000 14.082985
0 0.000000 13.749715
0 0.000000 13.644711
0 0.000000 13.105201
0 0.000000 12.845717
0 0.000000 12.730256
0 0.000000 12.696806
0 0.000000 12.633750
0 0.000000 12.348357
0 0.000000 11.931705
0 0.000000 11.561827
