1 17.827277 38.714735
1 20.306828 40.039665
1 22.378653 40.474859
1 18.527653 36.239562
1 20.896297 38.166658
1 19.407782 36.502362
1 19.634258 34.771702
1 21.310959 36.099397
1 18.603136 32.863272
1 19.562121 33.631308
1 22.565903 36.502416
1 18.509653 31.373117
1 18.741580 31.545592
1 25.426529 38.138542
1 21.407314 33.703378
1 19.467853 31.594831
1 22.052637 34.162177
1 18.617434 30.615051
1 18.061185 29.795294
1 23.036596 34.661625
1 20.988499 32.376006
1 18.658212 29.810387
1 21.124185 32.240376
1 17.759964 28.735227
1 20.670009 31.468219
1 20.010753 30.781131
1 21.578298 32.190629
1 21.658257 31.739548
1 19.230059 29.207570
1 18.540585 28.405971
1 19.460508 29.233410
1 20.925893 30.638081
1 19.260805 28.828303
1 18.022720 27.532485
1 20.327131 29.669457
1 21.663741 30.767905
1 18.346140 27.450176
1 23.444701 32.484656
1 19.711408 28.730260
1 18.336220 27.300300
1 17.458688 26.333811
1 19.834681 28.663491
1 26.479319 35.241028
1 24.807636 33.550051
1 20.587057 29.312000
1 22.961740 31.638889
1 18.313892 26.675408
1 17.286412 25.595292
1 27.647197 35.859699
1 18.172805 26.325642
1 22.437440 30.423011
1 28.787098 36.686670
1 17.409674 25.272784
1 19.854845 27.686778
1 21.982287 29.793979
1 23.160178 30.910931
1 19.974653 27.640057
1 24.226369 31.839328
1 17.156526 24.654326
1 22.105089 29.375825
1 21.558793 28.766830
1 22.645156 29.788726
1 23.637663 30.761621
1 19.828286 26.822320
1 28.868184 35.860368
1 20.551659 27.495770
1 18.579539 25.354821
1 20.331355 27.040318
1 20.901971 27.604928
1 17.525772 24.224792
1 18.306349 24.868976
1 23.718807 30.249227
1 22.620069 29.141710
1 21.504094 27.997645
1 18.682586 25.164272
1 16.870488 23.321240
1 15.434196 21.871928
1 20.840891 27.113515
1 26.121320 32.391163
1 23.449907 29.630743
1 17.950347 24.045844
1 18.287834 24.378118
1 15.683030 21.501251
1 28.561614 34.261820
1 22.704594 28.366303
1 23.444980 29.011174
1 24.454285 29.948020
1 18.597366 24.063003
1 18.689573 24.139667
1 21.611712 27.040833
1 23.352623 28.772158
1 23.185607 28.591660
1 23.876535 29.199676
1 19.365850 24.581612
1 18.701919 23.912737
1 20.903770 26.091486
1 19.575046 24.680077
1 12.207442 17.271002
1 19.775169 24.721389
1 19.879024 24.452034
1 18.472688 22.977977
1 21.653887 26.105893
1 20.491339 24.856274
1 18.628044 22.980474
1 24.146428 28.395508
1 28.319764 32.529781
1 22.613390 26.724694
1 17.260530 21.348716
1 33.846898 37.900759
1 21.109007 25.109185
1 24.403220 28.368420
1 19.141986 23.094051
1 26.586087 30.536155
1 24.014483 27.875958
1 19.802575 23.631360
1 20.516340 24.251654
1 23.971020 27.696203
1 20.442324 24.147228
1 23.576416 27.238886
1 21.378758 25.033321
1 17.799203 21.437236
1 19.930759 23.553509
1 20.941010 24.472192
1 21.310663 24.766862
1 21.009837 24.371602
1 19.797594 23.154264
1 22.455121 25.800741
1 20.001349 23.317535
1 19.233487 22.534865
1 19.820526 23.120673
1 17.015100 20.309991
1 21.332074 24.625130
1 20.404748 23.638110
1 22.884302 26.092098
1 21.700310 24.866821
1 18.017462 21.118566
1 21.617598 24.582739
1 20.637645 23.582130
1 23.195086 26.103763
1 21.747106 24.563191
1 24.939623 27.739770
1 18.129849 20.929657
1 18.222930 21.002489
1 22.314396 25.064324
1 18.526088 21.239374
1 19.639995 22.347766
1 18.373967 21.072447
1 21.655688 24.323358
1 26.377268 29.043024
1 25.066246 27.728060
1 18.427708 21.070535
1 25.117075 27.751167
1 24.501879 27.113381
1 24.514477 27.117208
1 17.108390 19.652499
1 21.270123 23.794978
1 20.881509 23.390243
1 19.611525 22.030278
1 26.960206 29.339429
1 28.251036 30.627261
1 21.806543 24.154433
1 19.695451 22.022829
1 21.459355 23.757280
1 22.628921 24.918269
1 26.017714 28.304981
1 21.755700 24.041394
1 22.250513 24.518247
1 19.748739 21.975538
1 18.954696 21.139258
1 19.392589 21.568594
1 19.024674 21.179666
1 22.500492 24.633839
1 20.624735 22.631259
1 21.225517 23.207561
1 17.030895 18.975791
1 29.648168 31.559464
1 19.602444 21.508575
1 28.608034 30.495417
1 22.184684 24.062047
1 26.161084 28.032860
1 21.725068 23.565531
1 20.969066 22.785521
1 16.764575 18.570779
1 35.197446 36.999997
1 21.564002 23.364479
1 26.155983 27.939864
1 25.182585 26.950145
1 22.299415 24.062935
1 21.431831 23.157998
1 19.770666 21.481885
1 28.834700 30.536285
1 23.575332 25.270131
1 20.887844 22.566091
1 32.196750 33.871708
1 19.762748 21.403982
1 24.994997 26.632019
1 15.419632 17.031959
1 22.547384 24.085105
1 21.728451 23.144865
1 21.780052 23.183986
1 27.675233 29.075755
1 19.525397 20.887365
1 29.335474 30.687901
1 17.930111 19.270194
1 30.865388 32.188586
1 19.199957 20.439428
1 23.181262 24.391894
1 27.951223 29.145078
1 20.960255 22.152010
1 31.276516 32.445978
1 25.898676 27.064486
1 25.336342 26.473354
1 28.233481 29.359597
1 24.878642 25.983905
1 26.537561 27.640170
1 23.698525 24.781154
1 26.051766 27.113384
1 18.246688 19.307273
1 23.635179 24.688321
1 19.622800 20.661799
1 19.649369 20.682850
1 30.593261 31.615287
1 21.959165 22.977625
1 23.321022 24.332555
1 18.559426 19.570524
1 22.972052 23.965599
1 19.030412 20.021945
1 18.903304 19.850952
1 23.348687 24.264284
1 28.077510 28.975982
1 17.894749 18.765983
1 26.954828 27.822002
1 23.838362 24.694929
1 24.333628 25.157767
1 19.630116 20.452716
1 21.301906 22.109604
1 31.317839 32.115756
1 28.442913 29.236016
1 25.418539 26.204271
1 21.275698 22.054916
1 22.081455 22.848279
1 20.064738 20.786101
1 34.200359 34.895648
1 19.451498 20.138278
1 20.598465 21.284386
1 25.293136 25.967395
1 17.632059 18.300148
1 30.922922 31.590299
1 25.963591 26.622897
1 23.089356 23.748039
1 21.372528 22.026661
1 21.812424 22.429067
1 18.595719 19.210450
1 26.946352 27.557388
1 26.012678 26.605513
1 26.975583 27.559933
1 20.916055 21.467928
1 23.646619 24.195476
1 24.713283 25.255295
1 26.907874 27.429195
1 24.797714 25.318915
1 23.710038 24.181729
1 31.430154 31.886550
1 23.567015 23.974502
1 24.008776 24.400925
1 25.330413 25.717628
1 28.666190 29.036915
1 25.838937 26.208012
1 19.858411 20.212274
1 18.513801 18.846548
1 28.969640 29.282538
1 33.426234 33.736367
1 20.892001 21.191477
1 28.231819 28.512944
1 29.028037 29.292669
1 21.335754 21.509257
1 36.334243 36.485680
1 21.075464 21.223693
1 27.498987 27.607286
1 26.431870 26.532902
1 24.889750 24.980849
1 21.020674 21.104341
1 21.610261 21.681173
1 28.091194 28.160451
1 22.669975 22.724386
1 29.390555 29.424015
1 22.477233 22.508925
1 23.615510 23.636365
1 20.096021 20.114906
1 21.156007 21.167406
1 26.164738 26.167681
0 0.000000 inf
0 0.000000 23.744984
0 0.000000 22.347730
0 0.000000 22.113494
0 0.000000 21.634360
0 0.000000 21.436914
0 0.000000 21.032048
0 0.000000 20.829402
0 0.000000 20.811732
0 0.000000 20.493370
0 0.000000 20.303426
0 0.000000 20.268153
0 0.000000 19.929212
0 0.000000 19.557068
0 0.000000 19.333997
0 0.000000 19.105988
0 0.000000 19.093599
0 0.000000 19.065769
0 0.000000 18.977132
0 0.000000 18.929582
0 0.000000 18.677225
0 0.000000 18.655871
0 0.000000 18.595702
0 0.000000 18.566464
0 0.000000 18.467731
0 0.000000 18.348491
0 0.000000 18.297563
0 0.000000 18.289776
0 0.000000 18.249493
0 0.000000 18.240633
0 0.000000 18.209933
0 0.000000 18.180806
0 0.000000 18.142188
0 0.000000 18.080185
0 0.000000 18.076848
0 0.000000 17.908761
0 0.000000 17.870248
0 0.000000 17.831941
0 0.000000 17.828811
0 0.000000 17.826801
0 0.000000 17.825263
0 0.000000 17.801902
0 0.000000 17.761628
0 0.000000 17.760567
0 0.000000 17.738484
0 0.000000 17.704820
0 0.000000 17.654453
0 0.000000 17.592527
0 0.000000 17.568580
0 0.000000 17.472369
0 0.000000 17.442146
0 0.000000 17.386736
0 0.000000 17.373293
0 0.000000 17.362798
0 0.000000 17.361889
0 0.000000 17.345334
0 0.000000 17.329299
0 0.000000 17.289974
0 0.000000 17.188518
0 0.000000 17.129419
0 0.000000 17.107764
0 0.000000 17.040430
0 0.000000 17.029170
0 0.000000 16.993891
0 0.000000 16.983742
0 0.000000 16.966200
0 0.000000 16.932484
0 0.000000 16.860849
0 0.000000 16.850882
0 0.000000 16.791919
0 0.000000 16.767950
0 0.000000 16.693006
0 0.000000 16.634730
0 0.000000 16.623643
0 0.000000 16.546251
0 0.000000 16.478141
0 0.000000 16.434606
0 0.000000 16.342194
0 0.000000 16.323967
0 0.000000 16.320209
0 0.000000 16.255162
0 0.000000 16.145168
0 0.000000 16.121819
0 0.000000 16.096479
0 0.000000 16.079649
0 0.000000 16.040473
0 0.000000 16.026437
0 0.000000 16.019075
0 0.000000 16.012557
0 0.000000 15.965709
0 0.000000 15.942226
0 0.000000 15.889949
0 0.000000 15.864416
0 0.000000 15.854716
0 0.000000 15.837054
0 0.000000 15.824934
0 0.000000 15.809528
0 0.000000 15.767308
0 0.000000 15.745661
0 0.000000 15.713512
0 0.000000 15.699725
0 0.000000 15.687732
0 0.000000 15.635852
0 0.000000 15.625772
0 0.000000 15.550126
0 0.000000 15.538413
0 0.000000 15.533626
0 0.000000 15.521332
0 0.000000 15.519846
0 0.000000 15.503220
0 0.000000 15.477970
0 0.000000 15.431275
0 0.000000 15.398530
0 0.000000 15.343310
0 0.000000 15.325207
0 0.000000 15.251807
0 0.000000 15.251297
0 0.000000 15.222878
0 0.000000 15.143140
0 0.000000 15.127904
0 0.000000 15.040713
0 0.000000 15.037959
0 0.000000 14.985057
0 0.000000 14.890519
0 0.000000 14.819637
0 0.000000 14.781175
0 0.000000 14.763270
0 0.000000 14.752758
0 0.000000 14.725631
0 0.000000 14.676737
0 0.000000 14.587311
0 0.000000 14.558414
0 0.000000 14.555304
0 0.000000 14.538415
0 0.000000 14.477050
0 0.000000 14.475809
0 0.000000 14.469684
0 0.000000 14.466783
0 0.000000 14.444834
0 0.000000 14.425354
0 0.000000 14.405692
0 0.000000 14.316420
0 0.000000 14.297009
0 0.000000 14.267562
0 0.000000 14.241865
0 0.000000 14.238143
0 0.000000 14.212544
0 0.000000 14.029580
0 0.000000 13.925953
0 0.000000 13.920116
0 0.000000 13.873262
0 0.000000 13.832483
0 0.000000 13.756070
0 0.000000 13.583531
0 0.000000 13.527184
0 0.000000 13.500529
0 0.000000 13.473050
0 0.000000 13.362434
0 0.000000 13.334917
0 0.000000 13.207304
0 0.000000 13.159588
0 0.000000 13.129759
0 0.000000 13.100392
0 0.000000 13.074961
0 0.000000 13.036085
0 0.000000 12.961106
0 0.000000 12.848489
0 0.000000 12.810990
0 0.000000 12.710500
0 0.000000 12.694457
0 0.000000 12.628575
0 0.000000 12.443106
0 0.000000 12.437072
0 0.000000 12.334660
0 0.000000 12.282612
0 0.000000 12.191098
0 0.000000 12.092702
0 0.000000 12.020500
0 0.000000 11.972766
0 0.000000 11.910573
0 0.000000 11.848551
0 0.000000 11.812071
0 0.000000 11.148969
0 0.000000 10.705696
0 0.000000 10.285927
0 0.000000 10.210871
0 0.000000 10.127700
