1 20.798900 47.773887
1 21.098338 47.184194
1 20.943281 46.329481
1 21.462094 45.235001
1 27.945654 49.878108
1 20.819987 42.502201
1 21.403496 41.953293
1 26.909767 46.669181
1 24.384446 44.024204
1 24.232069 43.472082
1 22.532049 41.461189
1 21.047135 39.579982
1 21.486932 39.742543
1 21.695280 39.889790
1 20.755674 38.924431
1 18.362659 36.448528
1 23.317116 40.777262
1 19.604994 36.883438
1 20.793084 37.036983
1 27.289425 43.493494
1 20.650804 35.892535
1 23.650463 38.781121
1 22.712461 37.412505
1 28.734375 43.382339
1 20.365953 34.835321
1 22.737739 37.123194
1 20.177319 34.114204
1 23.221842 37.156813
1 21.613702 35.138833
1 22.652546 35.816790
1 19.860791 32.874289
1 30.073471 43.082633
1 18.781678 31.665946
1 22.753483 35.540705
1 20.836442 33.494803
1 22.251514 34.845374
1 21.811189 34.364956
1 28.265114 40.738674
1 23.563883 36.032418
1 24.267034 36.629052
1 21.420656 33.765479
1 23.415713 35.756118
1 22.333062 34.477568
1 23.363695 35.132743
1 23.589627 35.280630
1 24.943557 36.585267
1 22.688710 34.165641
1 24.091658 35.509263
1 25.218753 36.532818
1 24.372740 35.630173
1 22.874458 34.120571
1 24.156253 35.283269
1 36.512713 47.460034
1 26.330532 37.164561
1 30.073130 40.874132
1 21.874163 32.575237
1 22.759619 33.391408
1 23.039847 33.434490
1 22.110820 32.460853
1 34.206236 44.496355
1 24.109422 34.371108
1 22.102348 32.325084
1 21.810823 31.986943
1 22.603224 32.748882
1 21.782722 31.926264
1 30.495082 40.523675
1 19.920960 29.912985
1 25.665504 35.657473
1 24.540701 34.464781
1 34.310602 44.209052
1 21.332978 31.158924
1 21.200420 30.887584
1 25.456841 35.009781
1 29.432995 38.968192
1 24.041384 33.380287
1 22.076747 31.217112
1 21.839209 30.958930
1 19.866210 28.800591
1 22.710193 31.509880
1 23.134954 31.932418
1 23.659773 32.388962
1 26.139171 34.858027
1 21.922828 30.634257
1 20.981672 29.651008
1 25.249895 33.881311
1 28.908633 37.533896
1 22.300554 30.827917
1 27.230907 35.681699
1 38.779697 47.170569
1 20.101931 28.458106
1 25.431491 33.779387
1 29.804686 38.136131
1 23.052352 31.234485
1 25.463968 33.500803
1 22.696649 30.712638
1 25.073656 33.056982
1 33.414504 41.381594
1 25.142458 33.096791
1 21.293816 29.157099
1 28.540388 36.348480
1 23.051885 30.765291
1 21.819055 29.438286
1 24.897450 32.289635
1 23.670605 31.060983
1 21.884869 29.240244
1 26.044187 33.365689
1 26.083436 33.367916
1 24.105685 31.342392
1 30.159537 37.318819
1 20.047833 26.928096
1 25.930009 32.758815
1 24.127420 30.815464
1 25.487936 32.171001
1 25.955868 32.636971
1 25.704264 32.312969
1 23.446750 29.931735
1 25.110476 31.412681
1 21.779143 28.076801
1 26.526960 32.729321
1 30.097237 36.242444
1 32.344953 38.422917
1 30.218878 36.290383
1 21.075310 27.126246
1 22.669284 28.641223
1 25.573656 31.467933
1 26.032365 31.835217
1 23.736945 29.410698
1 25.614001 31.279226
1 35.440381 41.081153
1 26.458650 32.070772
1 23.155684 28.696816
1 25.455008 30.947131
1 20.667763 26.125815
1 23.834701 29.226078
1 15.400573 20.755506
1 32.060994 37.414107
1 22.352406 27.690571
1 21.210562 26.406646
1 27.741415 32.885430
1 30.908620 35.891952
1 26.633276 31.590513
1 25.198012 30.134563
1 18.936790 23.815991
1 29.342240 34.002028
1 22.814826 27.465663
1 22.684081 27.329824
1 27.881089 32.386976
1 25.590601 30.089896
1 27.500329 31.995649
1 17.876510 22.361728
1 36.062225 40.494565
1 20.931067 25.274151
1 24.609235 28.899700
1 30.254274 34.532339
1 27.382881 31.610466
1 26.549053 30.769191
1 25.469364 29.606920
1 23.961844 27.952964
1 25.075341 29.014597
1 22.677038 26.564004
1 25.911122 29.753957
1 22.890868 26.669184
1 26.055504 29.719347
1 24.107834 27.725478
1 24.764371 28.307365
1 27.878325 31.393294
1 29.860264 33.370592
1 33.550814 37.058111
1 38.493611 41.947312
1 29.516312 32.969978
1 24.154996 27.578156
1 24.314083 27.728480
1 23.945897 27.341721
1 23.251615 26.618326
1 23.000270 26.269518
1 22.760530 25.957661
1 27.308446 30.478886
1 26.342358 29.453775
1 28.461979 31.541314
1 24.433969 27.509880
1 25.801319 28.801828
1 28.804179 31.766539
1 24.853927 27.648756
1 25.247341 28.013530
1 24.035456 26.800151
1 29.804297 32.558408
1 23.626063 26.334613
1 38.056449 40.740193
1 28.622297 31.281998
1 23.174038 25.802049
1 28.500316 31.119107
1 28.469775 31.075645
1 31.179440 33.752041
1 23.062148 25.618720
1 30.432527 32.947027
1 41.044599 43.526722
1 21.129790 23.586930
1 23.009429 25.448184
1 24.415929 26.759571
1 28.770497 31.113806
1 24.032637 26.337716
1 30.562791 32.843278
1 30.028881 32.299004
1 32.052531 34.312971
1 23.901308 26.150887
1 38.201086 40.409301
1 25.849553 28.055081
1 28.023389 30.207445
1 28.139305 30.301741
1 28.779411 30.923835
1 29.465757 31.597251
1 28.047620 30.170693
1 20.288086 22.381969
1 21.882719 23.955295
1 22.518539 24.584509
1 25.514756 27.563371
1 32.960464 34.943186
1 26.608930 28.589378
1 37.347856 39.293019
1 24.783280 26.708553
1 40.923345 42.825091
1 22.101735 23.956134
1 31.108516 32.927328
1 29.524390 31.269476
1 26.215473 27.922806
1 36.034831 37.724239
1 33.099238 34.776917
1 19.928278 21.583249
1 24.950548 26.571051
1 21.875868 23.496230
1 27.099669 28.712387
1 27.108843 28.696036
1 29.585497 31.101113
1 38.621306 40.134477
1 33.761130 35.238968
1 28.195004 29.672668
1 24.490591 25.962498
1 28.811494 30.230747
1 22.571716 23.927744
1 39.858707 41.190357
1 29.392466 30.651433
1 24.506774 25.672840
1 23.927408 25.088794
1 27.905559 29.052748
1 29.213126 30.285429
1 27.660891 28.714130
1 32.319006 33.365466
1 32.880787 33.882851
1 26.861716 27.812363
1 27.410745 28.304098
1 37.089879 37.966089
1 23.977405 24.808493
1 35.265032 36.093167
1 29.733856 30.554978
1 30.312910 31.104071
1 27.772872 28.559036
1 28.404096 29.179445
1 32.912144 33.681478
1 29.709620 30.465170
1 35.840029 36.579417
1 30.580650 31.290241
1 28.742508 29.421810
1 39.067973 39.739044
1 34.608859 35.252032
1 32.989800 33.629388
1 33.397298 34.023802
1 28.087032 28.707629
1 33.390466 33.969477
1 32.061469 32.633809
1 31.894537 32.456053
1 32.871502 33.423701
1 34.263066 34.813437
1 28.559506 29.109745
1 33.852398 34.352464
1 28.265998 28.758142
1 44.736883 45.211151
1 35.392841 35.859371
1 35.664564 36.071849
1 32.154764 32.560422
1 37.401231 37.799690
1 36.576930 36.956980
1 31.461452 31.826249
1 36.760263 37.103001
1 26.093312 26.429179
1 30.612622 30.945225
1 31.130634 31.457786
1 31.935510 32.215883
1 40.001150 40.277820
1 35.249956 35.447336
1 28.712859 28.862677
1 32.220406 32.352958
1 39.788244 39.901228
1 31.693612 31.769962
1 34.075287 34.099829
1 30.696809 30.718159
1 28.003699 28.005300
0 0.000000 inf
0 0.000000 26.963091
0 0.000000 26.328202
0 0.000000 24.505884
0 0.000000 24.211230
0 0.000000 23.492863
0 0.000000 23.092359
0 0.000000 22.944892
0 0.000000 22.856743
0 0.000000 22.761950
0 0.000000 22.398755
0 0.000000 22.311713
0 0.000000 22.290172
0 0.000000 22.237808
0 0.000000 22.138961
0 0.000000 22.074086
0 0.000000 21.844714
0 0.000000 21.745714
0 0.000000 21.735022
0 0.000000 21.669127
0 0.000000 21.654670
0 0.000000 21.590758
0 0.000000 21.459896
0 0.000000 21.408634
0 0.000000 21.403554
0 0.000000 21.272906
0 0.000000 21.024939
0 0.000000 20.978169
0 0.000000 20.978093
0 0.000000 20.966754
0 0.000000 20.962106
0 0.000000 20.895607
0 0.000000 20.835070
0 0.000000 20.772725
0 0.000000 20.756563
0 0.000000 20.728043
0 0.000000 20.710240
0 0.000000 20.673304
0 0.000000 20.669698
0 0.000000 20.633767
0 0.000000 20.520944
0 0.000000 20.503838
0 0.000000 20.414256
0 0.000000 20.386301
0 0.000000 20.352796
0 0.000000 20.318219
0 0.000000 20.270624
0 0.000000 20.214345
0 0.000000 20.199350
0 0.000000 20.125872
0 0.000000 20.122963
0 0.000000 20.082045
0 0.000000 20.057617
0 0.000000 20.016912
0 0.000000 19.987545
0 0.000000 19.923977
0 0.000000 19.863172
0 0.000000 19.824931
0 0.000000 19.815706
0 0.000000 19.736600
0 0.000000 19.702056
0 0.000000 19.695363
0 0.000000 19.683756
0 0.000000 19.660972
0 0.000000 19.606145
0 0.000000 19.583819
0 0.000000 19.559486
0 0.000000 19.515508
0 0.000000 19.511292
0 0.000000 19.383467
0 0.000000 19.334566
0 0.000000 19.249729
0 0.000000 19.238865
0 0.000000 19.150139
0 0.000000 19.081138
0 0.000000 18.960637
0 0.000000 18.940828
0 0.000000 18.922584
0 0.000000 18.919226
0 0.000000 18.830428
0 0.000000 18.750481
0 0.000000 18.718279
0 0.000000 18.624222
0 0.000000 18.616361
0 0.000000 18.593843
0 0.000000 18.586279
0 0.000000 18.579747
0 0.000000 18.555208
0 0.000000 18.513212
0 0.000000 18.476112
0 0.000000 18.377956
0 0.000000 18.362776
0 0.000000 18.336197
0 0.000000 18.252364
0 0.000000 18.203013
0 0.000000 18.120428
0 0.000000 18.094703
0 0.000000 18.034218
0 0.000000 18.033727
0 0.000000 18.014067
0 0.000000 17.926358
0 0.000000 17.917424
0 0.000000 17.884595
0 0.000000 17.880417
0 0.000000 17.838463
0 0.000000 17.815032
0 0.000000 17.737109
0 0.000000 17.728226
0 0.000000 17.672475
0 0.000000 17.578130
0 0.000000 17.505983
0 0.000000 17.498877
0 0.000000 17.480806
0 0.000000 17.470790
0 0.000000 17.420567
0 0.000000 17.414314
0 0.000000 17.366623
0 0.000000 17.306494
0 0.000000 17.292738
0 0.000000 17.286843
0 0.000000 17.249371
0 0.000000 17.229544
0 0.000000 17.055761
0 0.000000 17.027518
0 0.000000 16.931900
0 0.000000 16.748664
0 0.000000 16.724353
0 0.000000 16.622540
0 0.000000 16.564875
0 0.000000 16.561970
0 0.000000 16.546549
0 0.000000 16.460339
0 0.000000 16.366749
0 0.000000 16.355248
0 0.000000 16.345253
0 0.000000 16.337695
0 0.000000 16.283176
0 0.000000 16.222713
0 0.000000 16.220126
0 0.000000 16.175277
0 0.000000 16.096919
0 0.000000 16.059728
0 0.000000 16.019252
0 0.000000 15.892374
0 0.000000 15.749811
0 0.000000 15.730013
0 0.000000 15.647634
0 0.000000 15.616900
0 0.000000 15.572983
0 0.000000 15.572407
0 0.000000 15.562417
0 0.000000 15.539867
0 0.000000 15.442186
0 0.000000 15.397397
0 0.000000 15.361287
0 0.000000 15.276629
0 0.000000 15.266010
0 0.000000 15.050410
0 0.000000 15.021091
0 0.000000 14.991167
0 0.000000 14.937466
0 0.000000 14.908622
0 0.000000 14.876229
0 0.000000 14.862690
0 0.000000 14.588015
0 0.000000 14.423009
0 0.000000 14.359887
0 0.000000 14.221471
0 0.000000 13.987107
0 0.000000 13.936847
0 0.000000 13.824036
0 0.000000 13.773757
0 0.000000 13.710499
0 0.000000 13.687222
0 0.000000 13.645589
0 0.000000 13.552241
0 0.000000 13.473166
0 0.000000 13.358353
0 0.000000 13.172895
0 0.000000 12.947890
0 0.000000 12.920378
0 0.000000 12.885434
0 0.000000 12.855276
0 0.000000 12.438542
0 0.000000 12.423563
0 0.000000 12.357718
0 0.000000 10.749335
