1 36.747416 73.844399
1 34.384119 66.991343
1 32.988120 65.173823
1 32.876319 65.060411
1 30.075406 60.923282
1 37.631683 65.573719
1 40.531825 68.117748
1 38.976162 64.964186
1 30.904666 56.867315
1 36.341785 62.082908
1 38.405510 63.240355
1 30.480310 54.977755
1 32.164027 56.327019
1 40.735215 64.444727
1 39.673398 62.852049
1 33.300757 56.433057
1 34.587649 57.358950
1 30.854543 53.593186
1 34.354483 56.328376
1 35.348813 56.882343
1 37.223076 58.671839
1 46.681074 67.955405
1 41.278344 62.514375
1 32.150106 53.125521
1 39.691472 60.596027
1 39.598915 60.387579
1 31.024083 51.406510
1 35.391195 55.518672
1 35.534733 55.552451
1 37.176096 57.178167
1 35.544742 55.418566
1 30.017607 49.872294
1 33.790766 53.515140
1 33.117880 52.792392
1 38.067492 57.682280
1 43.162905 62.725771
1 36.366704 55.747271
1 45.372459 64.697349
1 31.483534 50.780276
1 45.511366 64.618820
1 43.783873 62.884994
1 37.591448 56.510715
1 40.632824 59.482146
1 38.112271 56.816720
1 37.109720 55.694819
1 34.842292 53.358331
1 32.899777 51.265365
1 41.097917 59.364606
1 31.596437 49.769285
1 37.354874 55.428106
1 29.645973 47.575369
1 35.074879 52.760361
1 46.789058 64.084058
1 38.055177 55.132654
1 34.125996 51.042563
1 36.467688 52.593366
1 30.579729 46.198827
1 28.209702 43.672816
1 38.770863 54.057679
1 28.300592 43.485754
1 31.509312 46.456944
1 46.019189 60.811076
1 30.958302 45.670154
1 31.121272 45.722311
1 37.109398 51.479991
1 47.144663 61.334317
1 37.518160 51.671790
1 40.923901 55.015994
1 48.360533 62.405933
1 34.253907 47.860320
1 43.114540 56.595266
1 43.926901 57.234487
1 36.044273 49.347615
1 35.455820 48.697770
1 33.545116 46.658271
1 29.332014 42.394188
1 41.274993 54.124920
1 39.522657 52.340783
1 31.635702 44.370153
1 42.597909 55.177956
1 31.221866 43.775123
1 30.909294 43.394922
1 33.619103 46.019425
1 27.902177 39.708550
1 29.901062 41.690143
1 34.018227 45.792365
1 39.405245 51.000423
1 36.123365 47.710096
1 34.670460 46.164894
1 38.643666 49.776660
1 37.362604 48.398161
1 44.575142 55.321664
1 36.612541 47.353113
1 45.494443 56.190676
1 39.034728 49.725643
1 45.691809 56.170793
1 37.526366 47.972885
1 42.282064 52.596148
1 39.267200 49.538229
1 47.339183 57.526746
1 34.289347 44.355675
1 42.083437 51.903324
1 41.414635 51.186178
1 38.566175 48.263356
1 36.466489 45.963552
1 40.659615 50.097066
1 38.379447 47.678018
1 35.700980 44.933361
1 44.295223 53.525176
1 54.767516 63.942457
1 32.245086 41.258124
1 48.430684 57.431977
1 43.465579 52.321712
1 38.862236 47.677195
1 41.874527 50.648461
1 40.956938 49.712212
1 41.144422 49.846442
1 33.011090 41.412191
1 35.391765 43.761814
1 32.861162 41.200608
1 41.327483 49.379340
1 36.654611 44.670537
1 34.263194 42.189588
1 35.568033 43.492363
1 52.188800 60.107934
1 43.542448 51.426322
1 33.925732 41.679025
1 41.315056 48.959806
1 34.395602 41.965010
1 33.213575 40.649877
1 30.271075 37.695310
1 30.905518 38.288772
1 41.377626 48.686308
1 48.196585 55.318014
1 40.876118 47.804588
1 35.066980 41.917501
1 31.888723 38.636544
1 41.313549 48.011353
1 51.021852 57.583145
1 44.995273 51.513752
1 30.550880 36.941692
1 34.204774 40.505524
1 37.233768 43.514266
1 30.541540 36.780272
1 45.477195 51.690963
1 50.654534 56.849345
1 32.384464 38.523374
1 37.034250 43.092574
1 40.357900 46.387970
1 35.716680 41.672053
1 36.174144 41.972419
1 35.908424 41.703729
1 45.257054 50.887803
1 32.873643 38.350283
1 53.735836 59.209715
1 37.445372 42.865107
1 52.050110 57.410141
1 44.138158 49.496606
1 39.503751 44.735816
1 47.048667 52.172409
1 37.967413 43.085687
1 38.573619 43.651604
1 54.346647 59.409147
1 46.550019 51.567396
1 43.413893 48.347828
1 39.119364 43.993601
1 47.252175 52.102392
1 42.091714 46.893825
1 33.780147 38.517319
1 38.206484 42.926003
1 34.296997 39.006864
1 35.338854 39.965466
1 29.663479 34.285821
1 39.364430 43.907540
1 40.778590 45.271493
1 39.839951 44.270227
1 37.999753 42.426356
1 33.925711 38.306249
1 41.379228 45.696251
1 36.747094 41.019282
1 43.062145 47.234162
1 32.314843 36.474487
1 42.154961 46.295848
1 51.608392 55.736068
1 35.785019 39.902056
1 38.655846 42.654723
1 31.873409 35.817491
1 35.635942 39.506746
1 36.419289 40.259922
1 33.606526 37.359570
1 33.191706 36.925089
1 38.867796 42.581119
1 24.925466 28.599059
1 39.578127 43.247451
1 53.052051 56.622395
1 46.269721 49.838456
1 37.124179 40.630019
1 33.192837 36.632530
1 35.092350 38.463642
1 53.140403 56.462671
1 31.993127 35.147030
1 33.450483 36.571652
1 46.456732 49.562183
1 43.699653 46.734032
1 33.241649 36.225754
1 49.312226 52.263958
1 38.196884 41.146952
1 41.445102 44.380253
1 58.351447 61.247689
1 43.098912 45.937900
1 34.743135 37.523871
1 44.394516 47.085585
1 32.104539 34.783491
1 32.168174 34.835748
1 48.855592 51.512681
1 44.459347 47.051394
1 34.345919 36.871512
1 45.181372 47.648781
1 43.072111 45.482508
1 33.526915 35.909849
1 47.596958 49.936177
1 35.687168 38.014859
1 52.936113 55.071413
1 49.954573 52.020480
1 46.341977 48.252139
1 50.976823 52.851419
1 44.162935 46.024337
1 40.731160 42.534315
1 39.892748 41.669547
1 50.283568 52.048617
1 35.503399 37.266482
1 50.178040 51.884423
1 44.486146 46.189560
1 30.780626 32.467629
1 36.530384 38.194778
1 34.151181 35.787565
1 38.269047 39.903218
1 56.832063 58.446225
1 45.801260 47.371119
1 43.146302 44.665341
1 38.800494 40.316290
1 54.197018 55.651748
1 34.520392 35.963560
1 55.694080 57.106427
1 45.947904 47.348978
1 51.899036 53.230250
1 36.896559 38.225792
1 44.220842 45.533435
1 39.142237 40.442374
1 44.678567 45.961520
1 41.655141 42.932143
1 44.766176 46.042990
1 42.481673 43.752847
1 37.350323 38.611323
1 39.499201 40.659513
1 63.239148 64.373071
1 57.475282 58.583626
1 51.120743 52.220014
1 53.795243 54.892884
1 45.961997 47.038695
1 45.628657 46.610465
1 37.210880 38.159863
1 53.889435 54.781490
1 32.349072 33.224016
1 42.680466 43.545953
1 42.105025 42.958078
1 43.146674 43.970681
1 40.440583 41.237758
1 56.033129 56.826480
1 43.184055 43.937615
1 43.434786 44.154761
1 43.167268 43.851989
1 43.021121 43.692728
1 49.460903 50.121302
1 40.506587 41.143604
1 47.088653 47.710412
1 40.702721 41.300938
1 51.494296 52.038933
1 47.717359 48.250331
1 33.452625 33.920406
1 43.567546 44.000784
1 62.529531 62.945587
1 57.773838 58.162929
1 50.514312 50.851464
1 45.437838 45.769970
1 57.105865 57.436657
1 44.958701 45.287155
1 50.274085 50.572117
1 41.875116 42.099528
1 58.152796 58.370583
1 46.725838 46.919331
1 46.056477 46.194537
1 40.122798 40.213595
1 41.760102 41.813176
1 52.331568 52.382245
1 51.908561 51.945944
1 65.140681 65.170153
0 0.000000 inf
0 0.000000 44.148047
0 0.000000 37.748720
0 0.000000 37.669309
0 0.000000 37.381241
0 0.000000 37.343592
0 0.000000 36.970088
0 0.000000 36.919678
0 0.000000 36.753505
0 0.000000 36.151537
0 0.000000 35.757225
0 0.000000 35.744150
0 0.000000 35.085350
0 0.000000 35.084847
0 0.000000 34.796279
0 0.000000 34.674296
0 0.000000 34.556238
0 0.000000 34.169551
0 0.000000 33.982476
0 0.000000 33.829957
0 0.000000 33.589655
0 0.000000 33.483139
0 0.000000 33.466468
0 0.000000 33.339178
0 0.000000 33.272417
0 0.000000 33.221236
0 0.000000 33.183021
0 0.000000 33.140588
0 0.000000 32.851570
0 0.000000 32.815474
0 0.000000 32.734958
0 0.000000 32.255176
0 0.000000 32.158650
0 0.000000 31.951524
0 0.000000 31.897795
0 0.000000 31.817920
0 0.000000 31.745030
0 0.000000 31.743347
0 0.000000 31.649534
0 0.000000 31.602792
0 0.000000 31.523697
0 0.000000 31.455237
0 0.000000 31.347584
0 0.000000 31.321932
0 0.000000 31.215483
0 0.000000 30.809042
0 0.000000 30.732102
0 0.000000 30.671451
0 0.000000 30.652213
0 0.000000 30.614689
0 0.000000 30.599584
0 0.000000 30.553546
0 0.000000 30.543398
0 0.000000 30.525231
0 0.000000 30.523930
0 0.000000 30.362290
0 0.000000 30.361018
0 0.000000 30.359442
0 0.000000 30.167430
0 0.000000 30.123260
0 0.000000 29.876957
0 0.000000 29.849758
0 0.000000 29.799915
0 0.000000 29.775050
0 0.000000 29.743861
0 0.000000 29.645364
0 0.000000 29.644061
0 0.000000 29.530425
0 0.000000 29.508760
0 0.000000 29.504506
0 0.000000 29.475961
0 0.000000 29.415839
0 0.000000 29.374056
0 0.000000 29.299270
0 0.000000 29.280940
0 0.000000 29.119419
0 0.000000 29.061216
0 0.000000 29.008115
0 0.000000 28.894518
0 0.000000 28.763914
0 0.000000 28.719575
0 0.000000 28.695174
0 0.000000 28.634587
0 0.000000 28.600414
0 0.000000 28.562700
0 0.000000 28.550748
0 0.000000 28.549263
0 0.000000 28.543044
0 0.000000 28.540067
0 0.000000 28.524817
0 0.000000 28.459906
0 0.000000 28.458972
0 0.000000 28.354342
0 0.000000 28.296647
0 0.000000 28.291082
0 0.000000 28.287624
0 0.000000 28.232204
0 0.000000 28.099442
0 0.000000 28.046600
0 0.000000 28.020086
0 0.000000 28.005837
0 0.000000 27.958496
0 0.000000 27.862103
0 0.000000 27.848254
0 0.000000 27.772366
0 0.000000 27.690390
0 0.000000 27.643920
0 0.000000 27.526213
0 0.000000 27.521071
0 0.000000 27.516391
0 0.000000 27.434759
0 0.000000 27.386441
0 0.000000 27.335175
0 0.000000 27.274670
0 0.000000 27.263936
0 0.000000 27.216775
0 0.000000 27.216507
0 0.000000 27.215981
0 0.000000 27.192122
0 0.000000 27.177541
0 0.000000 27.138374
0 0.000000 27.033954
0 0.000000 27.028409
0 0.000000 26.886176
0 0.000000 26.862797
0 0.000000 26.791591
0 0.000000 26.765970
0 0.000000 26.712504
0 0.000000 26.712377
0 0.000000 26.415988
0 0.000000 26.391249
0 0.000000 26.286981
0 0.000000 26.285513
0 0.000000 26.240869
0 0.000000 26.221142
0 0.000000 26.088919
0 0.000000 26.070259
0 0.000000 26.053589
0 0.000000 25.966047
0 0.000000 25.909553
0 0.000000 25.854066
0 0.000000 25.833412
0 0.000000 25.790034
0 0.000000 25.783164
0 0.000000 25.694778
0 0.000000 25.645613
0 0.000000 25.643574
0 0.000000 25.623433
0 0.000000 25.615681
0 0.000000 25.442399
0 0.000000 25.421835
0 0.000000 25.406325
0 0.000000 25.395404
0 0.000000 25.337702
0 0.000000 25.166655
0 0.000000 25.148693
0 0.000000 25.076713
0 0.000000 24.957659
0 0.000000 24.928942
0 0.000000 24.752434
0 0.000000 24.720877
0 0.000000 24.623751
0 0.000000 24.289460
0 0.000000 24.120356
0 0.000000 24.015838
0 0.000000 23.970225
0 0.000000 23.954450
0 0.000000 23.790002
0 0.000000 23.537828
0 0.000000 23.363173
0 0.000000 23.307244
0 0.000000 23.288950
0 0.000000 23.235907
0 0.000000 23.178667
0 0.000000 23.034446
0 0.000000 22.975513
0 0.000000 22.906963
0 0.000000 22.871067
0 0.000000 22.756142
0 0.000000 22.673073
0 0.000000 22.419079
0 0.000000 22.047326
0 0.000000 21.586224
0 0.000000 21.504576
0 0.000000 20.856415
0 0.000000 18.116594
0 0.000000 14.955873
