1 30.069365 51.688436
1 28.095870 49.113936
1 28.275037 48.769674
1 28.706949 48.973898
1 22.558505 41.564353
1 34.209412 53.116439
1 29.420459 47.985710
1 28.834043 47.373035
1 23.584506 41.560371
1 24.392610 41.612947
1 30.849458 47.357911
1 25.988774 41.988394
1 36.958022 52.686020
1 30.859327 46.490781
1 24.257048 39.680489
1 32.201380 47.465163
1 34.926797 49.530085
1 24.453896 38.845778
1 33.651732 47.625454
1 29.273360 43.174909
1 33.196405 46.913976
1 28.335935 42.036593
1 26.085666 39.758384
1 33.479339 47.036413
1 27.078664 40.606097
1 31.391919 44.612767
1 32.977215 46.054067
1 29.663884 42.713389
1 22.770592 35.668567
1 22.587562 35.408460
1 27.671973 40.274308
1 22.624542 35.086264
1 35.731247 47.858245
1 25.737960 37.860641
1 22.254089 34.362569
1 26.650226 38.645533
1 30.104109 42.049491
1 26.151507 38.090463
1 23.785701 35.607428
1 32.174413 43.964088
1 22.964442 34.717558
1 28.963171 40.598469
1 25.963394 37.563090
1 31.985185 43.571932
1 29.753923 41.039794
1 22.860479 33.850916
1 27.069741 38.024566
1 30.102661 40.893318
1 24.608354 35.148037
1 23.691686 33.653382
1 26.093740 36.032627
1 24.645181 34.437727
1 33.495925 43.103637
1 26.635143 36.228575
1 25.908341 35.472131
1 24.610941 34.084816
1 32.185535 41.574082
1 29.386100 38.201560
1 29.466269 38.278797
1 30.429624 39.219509
1 36.983383 45.754789
1 26.821044 35.501082
1 22.804324 31.473907
1 24.378249 32.963990
1 32.582093 41.026182
1 23.528612 31.883194
1 30.035982 38.340241
1 26.508263 34.683617
1 23.455663 31.596241
1 30.774533 38.812985
1 36.349336 44.320351
1 24.624801 32.581667
1 20.931110 28.887420
1 25.900602 33.853102
1 31.437053 39.334624
1 26.960421 34.817436
1 24.858845 32.652783
1 24.709658 32.321322
1 28.426076 35.967096
1 24.893478 32.397021
1 32.924336 40.416587
1 27.308178 34.765377
1 23.266695 30.637719
1 34.268425 41.444399
1 27.733725 34.896605
1 28.470044 35.594987
1 31.612337 38.720575
1 23.570735 30.625258
1 25.066978 32.087963
1 37.755984 44.772718
1 23.572650 30.469560
1 37.184084 44.059862
1 28.928933 35.697747
1 29.272062 35.899490
1 25.814068 32.427405
1 31.147117 37.569987
1 22.664078 29.034425
1 27.938425 34.267747
1 34.317053 40.613844
1 26.886023 33.170928
1 29.183330 35.314317
1 30.314235 36.335383
1 28.513397 34.518449
1 40.536080 46.515498
1 24.342184 30.194397
1 38.797661 44.643078
1 33.180054 38.948506
1 21.318965 27.009261
1 35.201337 40.891496
1 35.210975 40.868954
1 25.864781 31.390757
1 24.002282 29.420373
1 26.837757 32.211133
1 24.640475 29.989969
1 40.009145 45.304138
1 27.308112 32.577698
1 28.786458 34.035381
1 30.115555 35.336435
1 25.345577 30.474171
1 24.099469 29.208160
1 25.735955 30.818632
1 28.814959 33.813797
1 31.921039 36.889190
1 24.903242 29.739945
1 24.484590 29.238196
1 25.794657 30.473093
1 23.924562 28.589897
1 31.772711 36.379398
1 35.899795 40.494037
1 30.051406 34.633570
1 18.775219 23.338247
1 35.039763 39.597301
1 27.202429 31.717598
1 25.035949 29.542871
1 26.115472 30.582977
1 29.179455 33.634090
1 24.324391 28.772867
1 23.443160 27.731128
1 26.921672 31.175954
1 30.081881 34.289249
1 37.572631 41.777432
1 33.277811 37.471091
1 28.988150 33.168567
1 25.031578 29.199612
1 42.740487 46.881434
1 22.086355 26.204289
1 23.331050 27.381555
1 27.447519 31.484296
1 33.606404 37.526337
1 27.806245 31.714962
1 24.364008 28.252166
1 23.768835 27.502644
1 24.082195 27.678066
1 30.766801 34.343257
1 31.717852 35.293244
1 27.463884 31.037680
1 27.564232 31.118650
1 31.472273 35.023068
1 35.364843 38.897277
1 24.379341 27.894840
1 41.624508 45.108140
1 29.030150 32.500206
1 37.565413 41.026234
1 26.880371 30.339326
1 29.951985 33.386163
1 26.711113 30.138534
1 34.784506 38.191442
1 42.304585 45.693711
1 20.707991 24.090066
1 23.207104 26.581777
1 22.866410 26.238005
1 22.621361 25.989703
1 23.407162 26.742190
1 29.678487 33.010103
1 31.772156 35.078140
1 31.778035 35.049986
1 26.401838 29.666650
1 23.206033 26.441085
1 40.599209 43.773769
1 22.722039 25.893951
1 23.220829 26.355406
1 30.620811 33.702393
1 31.070894 34.138575
1 32.634133 35.593984
1 27.207086 30.155488
1 35.264365 38.162031
1 27.450885 30.337862
1 31.290763 34.144906
1 24.087749 26.855010
1 28.700949 31.454200
1 30.410962 33.111855
1 32.976173 35.665058
1 32.006720 34.611606
1 30.845974 33.364708
1 30.974793 33.468349
1 31.254066 33.735554
1 29.819997 32.274328
1 32.323245 34.774463
1 45.337485 47.788210
1 30.315164 32.760376
1 32.510677 34.929938
1 24.895473 27.313734
1 29.749577 32.144755
1 24.721992 27.096850
1 30.261007 32.625727
1 37.696374 40.040318
1 34.144204 36.474885
1 24.500342 26.780236
1 31.046482 33.324219
1 22.928207 25.194387
1 29.891505 32.125800
1 29.537515 31.725271
1 28.813311 30.966963
1 32.664231 34.709009
1 42.451030 44.442014
1 27.463674 29.452548
1 23.676402 25.630737
1 27.129162 29.057960
1 34.938839 36.808914
1 21.944093 23.802168
1 26.574514 28.419404
1 42.252937 44.077364
1 38.455239 40.197841
1 33.627886 35.365356
1 24.887641 26.612899
1 34.404797 36.075241
1 24.103861 25.722131
1 36.140317 37.723657
1 39.211288 40.790317
1 23.515822 25.064377
1 25.643379 27.179592
1 39.085519 40.590843
1 29.648162 31.148152
1 35.448212 36.920882
1 27.218504 28.686670
1 36.076987 37.531306
1 24.374301 25.804281
1 32.071981 33.501457
1 27.481045 28.902597
1 31.753793 33.166360
1 30.327948 31.680115
1 32.467084 33.806163
1 22.854021 24.163783
1 29.561061 30.865849
1 23.826687 25.107209
1 33.514271 34.793750
1 33.155143 34.396943
1 27.328787 28.521368
1 27.100136 28.271558
1 45.798043 46.966093
1 25.056191 26.215546
1 20.374485 21.496819
1 29.683128 30.772467
1 36.911175 37.996033
1 40.488518 41.563541
1 25.489683 26.556808
1 28.277886 29.331421
1 32.330458 33.354672
1 22.458058 23.481475
1 22.220982 23.201599
1 24.615248 25.552928
1 32.042655 32.977273
1 31.086185 32.014511
1 26.955797 27.849223
1 30.156530 31.045737
1 28.813739 29.688982
1 24.202454 25.075633
1 37.950889 38.802239
1 37.169283 38.003656
1 27.669734 28.477499
1 46.620187 47.398966
1 27.855535 28.627287
1 34.250754 35.015999
1 38.265767 39.008178
1 40.539536 41.244602
1 31.047535 31.749744
1 47.156292 47.853093
1 32.937590 33.633030
1 38.467746 39.153436
1 29.833816 30.513383
1 27.863640 28.529674
1 31.281363 31.933454
1 37.638583 38.274957
1 35.607318 36.232747
1 29.034964 29.617997
1 34.537185 35.117626
1 33.456571 34.035790
1 33.256592 33.807519
1 31.507254 32.017116
1 36.946502 37.315218
1 29.060346 29.373639
1 34.527412 34.828219
1 33.428761 33.661453
1 30.977023 31.152592
1 39.332562 39.475713
1 31.516444 31.618023
1 34.975471 35.040284
1 35.778266 35.839654
1 31.249758 31.298359
1 29.900033 29.945723
1 27.332081 27.374078
1 34.679586 34.717788
1 28.239787 28.240245
0 0.000000 inf
0 0.000000 32.721978
0 0.000000 32.132064
0 0.000000 31.595152
0 0.000000 31.051943
0 0.000000 30.846477
0 0.000000 30.652865
0 0.000000 30.287125
0 0.000000 30.017588
0 0.000000 30.010765
0 0.000000 30.006253
0 0.000000 29.898771
0 0.000000 29.357928
0 0.000000 29.020381
0 0.000000 28.809871
0 0.000000 28.604233
0 0.000000 28.454992
0 0.000000 28.396431
0 0.000000 27.868734
0 0.000000 27.851660
0 0.000000 27.678977
0 0.000000 27.297574
0 0.000000 27.295751
0 0.000000 27.252235
0 0.000000 27.132188
0 0.000000 27.107562
0 0.000000 27.047611
0 0.000000 26.823270
0 0.000000 26.519143
0 0.000000 26.508518
0 0.000000 26.391073
0 0.000000 25.902949
0 0.000000 25.898378
0 0.000000 25.879025
0 0.000000 25.679451
0 0.000000 25.547524
0 0.000000 25.480361
0 0.000000 25.433274
0 0.000000 25.386070
0 0.000000 25.193088
0 0.000000 25.130723
0 0.000000 25.004286
0 0.000000 24.969746
0 0.000000 24.967787
0 0.000000 24.953838
0 0.000000 24.914373
0 0.000000 24.907121
0 0.000000 24.864165
0 0.000000 24.855784
0 0.000000 24.776655
0 0.000000 24.654820
0 0.000000 24.573296
0 0.000000 24.501864
0 0.000000 24.413113
0 0.000000 24.330668
0 0.000000 24.068640
0 0.000000 24.048851
0 0.000000 23.915475
0 0.000000 23.709282
0 0.000000 23.702824
0 0.000000 23.697100
0 0.000000 23.691601
0 0.000000 23.674035
0 0.000000 23.620095
0 0.000000 23.534915
0 0.000000 23.452077
0 0.000000 23.270212
0 0.000000 23.150310
0 0.000000 22.895572
0 0.000000 22.882059
0 0.000000 22.861511
0 0.000000 22.855736
0 0.000000 22.806952
0 0.000000 22.534463
0 0.000000 22.500697
0 0.000000 22.464201
0 0.000000 22.453060
0 0.000000 22.447662
0 0.000000 22.407555
0 0.000000 22.388458
0 0.000000 22.370651
0 0.000000 22.315385
0 0.000000 22.260265
0 0.000000 22.222303
0 0.000000 22.176177
0 0.000000 22.034973
0 0.000000 21.991934
0 0.000000 21.979162
0 0.000000 21.881495
0 0.000000 21.846465
0 0.000000 21.830720
0 0.000000 21.782674
0 0.000000 21.709914
0 0.000000 21.689575
0 0.000000 21.679426
0 0.000000 21.656661
0 0.000000 21.655963
0 0.000000 21.613300
0 0.000000 21.607646
0 0.000000 21.594660
0 0.000000 21.517034
0 0.000000 21.456414
0 0.000000 21.408368
0 0.000000 21.332776
0 0.000000 21.329059
0 0.000000 21.280744
0 0.000000 21.150800
0 0.000000 21.147599
0 0.000000 21.084332
0 0.000000 21.074475
0 0.000000 21.063340
0 0.000000 20.976370
0 0.000000 20.976212
0 0.000000 20.907041
0 0.000000 20.758817
0 0.000000 20.643495
0 0.000000 20.579395
0 0.000000 20.557607
0 0.000000 20.549334
0 0.000000 20.538201
0 0.000000 20.507364
0 0.000000 20.484875
0 0.000000 20.437187
0 0.000000 20.435311
0 0.000000 20.404352
0 0.000000 20.308747
0 0.000000 20.263838
0 0.000000 20.213776
0 0.000000 20.187574
0 0.000000 20.177218
0 0.000000 20.116890
0 0.000000 20.106054
0 0.000000 19.978758
0 0.000000 19.934643
0 0.000000 19.914767
0 0.000000 19.825016
0 0.000000 19.668246
0 0.000000 19.626516
0 0.000000 19.578126
0 0.000000 19.500797
0 0.000000 19.412981
0 0.000000 19.383688
0 0.000000 19.309237
0 0.000000 19.288945
0 0.000000 19.261272
0 0.000000 19.227764
0 0.000000 19.226114
0 0.000000 19.052311
0 0.000000 18.946662
0 0.000000 18.877885
0 0.000000 18.837241
0 0.000000 18.807845
0 0.000000 18.671578
0 0.000000 18.613129
0 0.000000 18.577084
0 0.000000 18.504454
0 0.000000 18.503005
0 0.000000 18.495602
0 0.000000 18.413313
0 0.000000 18.316261
0 0.000000 18.264939
0 0.000000 17.914313
0 0.000000 17.776979
0 0.000000 17.743270
0 0.000000 17.631673
0 0.000000 17.599509
0 0.000000 17.360841
0 0.000000 17.245032
0 0.000000 17.051141
0 0.000000 16.874604
0 0.000000 16.517921
0 0.000000 16.185018
0 0.000000 16.156411
0 0.000000 16.043033
0 0.000000 15.750516
0 0.000000 15.682256
0 0.000000 15.640612
0 0.000000 15.587654
0 0.000000 15.547815
0 0.000000 15.541369
0 0.000000 15.515795
0 0.000000 15.512504
0 0.000000 15.373666
0 0.000000 14.883841
0 0.000000 13.743138
0 0.000000 12.770712
0 0.000000 11.604321
