1 35.673944 70.455237
1 37.478316 68.136021
1 41.445070 70.869220
1 35.910591 65.252530
1 38.078294 66.627572
1 38.243392 65.901218
1 36.778171 61.956500
1 31.268371 56.312716
1 31.306021 54.906984
1 32.966646 55.828604
1 37.047983 59.374018
1 26.149354 47.998288
1 33.805996 55.282773
1 43.486447 64.498501
1 31.704744 52.370846
1 32.846705 52.722509
1 34.249940 53.506086
1 31.199068 50.345093
1 31.741828 50.333245
1 35.277505 53.862321
1 42.501002 60.911648
1 32.223001 50.565658
1 40.233395 58.336054
1 34.491172 52.472109
1 32.248540 50.222479
1 50.792304 68.333552
1 28.688374 45.760092
1 30.716140 47.630524
1 32.577853 49.149393
1 38.981728 55.547302
1 29.563298 46.040470
1 31.449411 47.775010
1 36.604107 52.882263
1 30.037928 46.256645
1 25.092820 40.824289
1 22.795900 38.263861
1 32.299888 47.153560
1 31.865268 46.228002
1 33.429460 47.698968
1 40.353988 53.970898
1 29.489703 42.574712
1 36.172319 49.031347
1 34.117297 46.905944
1 31.281989 43.675598
1 41.372892 53.336553
1 45.170202 57.094977
1 31.472969 43.335534
1 22.709924 34.468359
1 38.132228 49.815224
1 43.961109 55.548041
1 28.483323 40.059203
1 36.820765 48.388628
1 30.504301 42.054405
1 31.683011 43.040533
1 38.367415 49.185984
1 21.696746 32.255474
1 28.084128 38.621218
1 23.674515 34.166436
1 26.889128 37.319633
1 67.248807 77.647418
1 32.033811 41.945852
1 41.213137 51.079822
1 47.952811 57.762334
1 33.546174 43.331908
1 35.989587 45.679407
1 34.433926 43.939169
1 38.901824 48.089809
1 52.208461 61.332810
1 22.906724 31.960472
1 31.056606 39.978665
1 23.360178 32.241717
1 33.528912 42.069982
1 32.555830 41.028640
1 23.373271 31.836535
1 43.923768 52.364439
1 28.368707 36.674896
1 23.541353 31.830109
1 37.071685 44.806797
1 28.549700 36.239940
1 36.408874 43.850762
1 33.185732 40.447583
1 47.190518 54.427992
1 28.984943 36.207240
1 32.067094 39.272762
1 30.772853 37.926513
1 30.674058 37.822191
1 37.018244 44.095863
1 28.653632 35.642064
1 19.627488 26.589149
1 55.224480 62.176845
1 23.820897 30.550285
1 33.369040 40.046068
1 24.765941 31.097990
1 31.553870 37.805919
1 31.619004 37.866663
1 33.505645 39.737356
1 20.524384 26.715653
1 27.772530 33.852291
1 34.878562 40.918092
1 26.453530 32.433743
1 38.404035 44.358983
1 29.106322 35.049620
1 38.359187 44.265990
1 20.560402 26.390963
1 39.767056 45.528945
1 19.389824 25.100881
1 31.929633 37.583348
1 42.552801 48.205252
1 48.411317 53.926195
1 24.037117 29.503355
1 32.521328 37.949227
1 32.461622 37.826596
1 21.941135 27.045466
1 36.408040 41.478588
1 34.943683 39.925387
1 40.533035 45.502197
1 32.311771 37.270222
1 33.275946 38.191594
1 32.959988 37.811919
1 33.803947 38.618430
1 46.116262 50.897929
1 36.889815 41.654183
1 32.583118 37.274486
1 34.758683 39.409531
1 31.657775 36.230741
1 20.126755 24.661652
1 43.785451 48.316072
1 23.560052 28.073256
1 29.539846 33.932621
1 29.397916 33.742489
1 40.261519 44.596515
1 33.014957 37.336445
1 34.490494 38.795466
1 56.156311 60.412253
1 32.576150 36.822042
1 20.355053 24.597478
1 43.281277 47.479391
1 38.888314 43.067217
1 32.482776 36.625917
1 34.860736 38.979071
1 22.491354 26.573303
1 33.910281 37.967933
1 30.605409 34.633247
1 44.249350 48.264461
1 37.025041 41.027674
1 25.314186 29.316338
1 24.090458 28.073453
1 50.279950 54.246854
1 42.158737 46.102572
1 30.754355 34.621281
1 33.059133 36.897112
1 32.818365 36.557292
1 34.002049 37.603789
1 36.229182 39.825968
1 31.735162 35.314873
1 33.098306 36.585917
1 32.399897 35.841166
1 33.421205 36.848462
1 28.704628 32.110213
1 24.595890 27.998003
1 36.039049 39.428981
1 30.533996 33.880910
1 34.429739 37.769532
1 34.387045 37.699462
1 23.782175 27.057990
1 27.714671 30.944131
1 29.192763 32.409822
1 29.773312 32.957552
1 33.965905 37.146002
1 27.214389 30.386343
1 37.168627 40.315380
1 31.157600 34.272450
1 48.957759 52.040329
1 21.911655 24.979722
1 34.228971 37.265400
1 33.013370 35.911075
1 22.324502 25.209031
1 32.282460 35.131605
1 41.841391 44.683865
1 29.394168 32.235983
1 25.291959 28.098431
1 35.907825 38.656657
1 34.760755 37.466376
1 34.710286 37.391057
1 21.091159 23.765748
1 20.068167 22.666693
1 21.406617 23.965561
1 41.611207 44.118094
1 71.181633 73.657562
1 32.586983 35.042569
1 23.316796 25.762735
1 33.497917 35.940543
1 38.263480 40.700147
1 33.526119 35.885027
1 47.086926 49.442244
1 23.567152 25.891980
1 32.276987 34.555302
1 37.540712 39.740220
1 19.560443 21.755935
1 32.833929 35.003726
1 45.290150 47.449667
1 28.377596 30.502705
1 38.495286 40.605766
1 40.531021 42.603182
1 27.519707 29.581256
1 24.638064 26.685209
1 15.787306 17.829406
1 43.705570 45.710579
1 27.249908 29.201472
1 39.671707 41.553909
1 31.599620 33.476430
1 34.470160 36.342395
1 39.311253 41.178987
1 30.716071 32.582324
1 23.073311 24.935702
1 22.836254 24.683793
1 32.222284 34.012898
1 40.689661 42.475682
1 19.781723 21.543197
1 33.608608 35.346094
1 38.220988 39.955630
1 35.955157 37.684333
1 21.043362 22.766641
1 59.979655 61.684826
1 43.978554 45.648695
1 30.491454 32.158536
1 58.056132 59.691659
1 35.260542 36.877474
1 36.302489 37.909270
1 27.822361 29.358045
1 36.129466 37.662568
1 42.312123 43.822514
1 42.407233 43.904195
1 29.372161 30.864288
1 26.291584 27.739282
1 34.785295 36.228142
1 52.078138 53.492769
1 27.851098 29.263748
1 35.890897 37.296516
1 43.280928 44.674328
1 31.513161 32.905191
1 48.879217 50.252983
1 36.868882 38.228698
1 36.040736 37.368644
1 44.758447 46.082636
1 35.226320 36.519800
1 56.109401 57.383147
1 59.837487 61.091022
1 29.968946 31.214204
1 37.006341 38.240599
1 25.434595 26.648672
1 28.705339 29.898568
1 49.123019 50.311766
1 29.262784 30.426308
1 41.135820 42.256669
1 50.866755 51.968526
1 61.100951 62.172996
1 35.874265 36.907599
1 35.599548 36.625405
1 40.153631 41.138685
1 32.197777 33.165061
1 27.330125 28.207588
1 37.673189 38.550599
1 38.019653 38.880155
1 20.368443 21.175932
1 43.824632 44.623217
1 46.280872 47.063277
1 38.451958 39.204277
1 36.055042 36.783313
1 29.051418 29.769361
1 29.461205 30.173741
1 46.117778 46.818876
1 39.923119 40.613946
1 33.192586 33.881485
1 31.950275 32.589855
1 39.682752 40.318099
1 36.359040 36.991810
1 67.307622 67.934001
1 31.352213 31.932625
1 30.394543 30.960368
1 24.308777 24.853909
1 33.046641 33.590896
1 30.959692 31.459335
1 60.111536 60.605669
1 39.314643 39.808274
1 56.737173 57.226184
1 52.074985 52.545366
1 49.235738 49.704340
1 66.560465 66.993679
1 55.282074 55.704244
1 35.376564 35.782777
1 48.692388 49.096233
1 26.805959 27.181924
1 25.389073 25.764923
1 29.670946 29.967720
1 25.562824 25.854785
1 23.503720 23.780049
1 50.512129 50.757427
1 50.735936 50.891082
1 39.734017 39.835036
1 29.985673 30.075309
1 47.943365 48.021004
1 49.058010 49.133889
1 24.135093 24.200075
1 29.293393 29.319043
1 44.116705 44.118206
0 0.000000 inf
0 0.000000 40.573779
0 0.000000 39.607824
0 0.000000 35.744178
0 0.000000 35.606951
0 0.000000 35.249770
0 0.000000 34.914228
0 0.000000 34.219340
0 0.000000 33.946043
0 0.000000 33.324085
0 0.000000 32.899742
0 0.000000 32.269325
0 0.000000 32.244657
0 0.000000 32.118543
0 0.000000 32.030386
0 0.000000 31.677443
0 0.000000 31.623974
0 0.000000 31.389766
0 0.000000 31.279565
0 0.000000 31.098517
0 0.000000 31.007923
0 0.000000 31.002479
0 0.000000 30.860975
0 0.000000 30.442763
0 0.000000 30.297577
0 0.000000 30.248308
0 0.000000 30.070642
0 0.000000 30.059894
0 0.000000 29.977966
0 0.000000 29.723318
0 0.000000 29.672776
0 0.000000 29.650479
0 0.000000 29.649338
0 0.000000 29.564372
0 0.000000 29.543995
0 0.000000 29.532887
0 0.000000 29.392017
0 0.000000 29.059843
0 0.000000 29.036289
0 0.000000 29.033127
0 0.000000 28.881932
0 0.000000 28.768454
0 0.000000 28.683912
0 0.000000 28.665803
0 0.000000 28.597817
0 0.000000 28.370249
0 0.000000 28.337592
0 0.000000 28.326854
0 0.000000 28.313792
0 0.000000 28.312020
0 0.000000 28.280639
0 0.000000 28.107420
0 0.000000 28.035506
0 0.000000 27.917258
0 0.000000 27.905959
0 0.000000 27.835852
0 0.000000 27.808099
0 0.000000 27.783094
0 0.000000 27.761904
0 0.000000 27.734801
0 0.000000 27.567530
0 0.000000 27.494983
0 0.000000 27.434079
0 0.000000 27.415799
0 0.000000 27.391941
0 0.000000 27.389805
0 0.000000 27.333946
0 0.000000 27.311240
0 0.000000 27.035860
0 0.000000 27.030832
0 0.000000 26.909237
0 0.000000 26.896073
0 0.000000 26.828400
0 0.000000 26.617857
0 0.000000 26.451825
0 0.000000 26.442852
0 0.000000 26.338166
0 0.000000 26.258422
0 0.000000 26.258308
0 0.000000 26.109818
0 0.000000 25.925036
0 0.000000 25.924058
0 0.000000 25.764664
0 0.000000 25.726433
0 0.000000 25.611072
0 0.000000 25.519625
0 0.000000 25.481655
0 0.000000 25.470434
0 0.000000 25.274657
0 0.000000 25.080919
0 0.000000 24.903703
0 0.000000 24.724503
0 0.000000 24.675145
0 0.000000 24.480938
0 0.000000 24.374042
0 0.000000 24.364378
0 0.000000 24.108638
0 0.000000 23.951140
0 0.000000 23.896300
0 0.000000 23.860452
0 0.000000 23.824398
0 0.000000 23.773926
0 0.000000 23.529311
0 0.000000 23.441204
0 0.000000 23.411808
0 0.000000 23.274889
0 0.000000 23.163586
0 0.000000 23.123397
0 0.000000 23.086815
0 0.000000 22.997494
0 0.000000 22.970913
0 0.000000 22.867086
0 0.000000 22.693355
0 0.000000 22.653938
0 0.000000 22.563291
0 0.000000 22.560103
0 0.000000 22.542842
0 0.000000 22.442391
0 0.000000 22.437325
0 0.000000 22.206267
0 0.000000 22.098116
0 0.000000 21.974467
0 0.000000 21.911177
0 0.000000 21.907499
0 0.000000 21.860951
0 0.000000 21.807085
0 0.000000 21.739676
0 0.000000 21.732746
0 0.000000 21.699961
0 0.000000 21.678233
0 0.000000 21.605176
0 0.000000 21.453703
0 0.000000 21.163536
0 0.000000 21.027499
0 0.000000 20.817165
0 0.000000 20.782173
0 0.000000 20.650243
0 0.000000 20.589826
0 0.000000 20.564839
0 0.000000 20.331002
0 0.000000 20.280584
0 0.000000 20.208466
0 0.000000 20.152224
0 0.000000 20.108321
0 0.000000 20.091918
0 0.000000 20.090051
0 0.000000 20.024698
0 0.000000 19.945434
0 0.000000 19.889154
0 0.000000 19.785685
0 0.000000 19.720945
0 0.000000 19.628088
0 0.000000 19.575496
0 0.000000 19.548551
0 0.000000 19.510666
0 0.000000 19.501304
0 0.000000 19.234254
0 0.000000 19.183131
0 0.000000 18.876968
0 0.000000 18.741313
0 0.000000 18.731906
0 0.000000 18.592994
0 0.000000 18.356467
0 0.000000 18.182070
0 0.000000 18.110693
0 0.000000 17.922791
0 0.000000 17.889999
0 0.000000 17.782451
0 0.000000 17.735954
0 0.000000 17.432922
0 0.000000 17.241886
0 0.000000 17.213000
0 0.000000 17.108050
0 0.000000 17.107382
0 0.000000 16.902786
0 0.000000 16.786708
0 0.000000 16.621079
0 0.000000 16.463891
0 0.000000 16.317477
0 0.000000 16.176228
0 0.000000 16.093371
0 0.000000 15.905089
0 0.000000 14.585174
0 0.000000 14.458212
0 0.000000 14.037056
0 0.000000 12.734503
0 0.000000 7.840389
