1 29.814497 76.507281
1 32.003393 70.242011
1 24.241734 58.195032
1 25.825572 59.162498
1 26.188793 59.194991
1 25.299387 58.113044
1 26.572044 58.425983
1 26.024304 57.297888
1 31.160577 61.790486
1 24.442136 54.622837
1 30.368161 60.186707
1 30.843638 60.569941
1 27.741194 56.673466
1 22.942839 51.843045
1 28.059258 56.289354
1 22.503827 49.636779
1 27.653757 53.984979
1 23.830932 49.809433
1 28.846848 54.594606
1 35.213180 60.385222
1 29.392954 53.351005
1 25.753257 49.673632
1 29.318234 53.176458
1 29.235580 52.504899
1 36.352712 59.520954
1 25.187674 48.143546
1 23.994348 46.733097
1 33.600070 56.295055
1 27.486316 50.097353
1 23.713761 46.136641
1 25.791490 48.166878
1 32.710138 55.059033
1 24.729123 46.847255
1 21.097831 43.160577
1 24.557323 46.078121
1 29.428752 50.267824
1 25.041199 45.702790
1 33.074941 53.694313
1 22.978122 43.500145
1 24.203543 44.650792
1 24.601253 45.034990
1 28.993713 49.350768
1 27.298202 47.557507
1 31.043591 51.206470
1 33.007602 53.085367
1 24.218790 44.238232
1 30.374551 50.330199
1 23.062086 43.002976
1 37.546547 56.933464
1 36.712874 55.857481
1 25.732896 44.833506
1 30.895432 49.808935
1 31.016419 49.861054
1 24.601982 43.293265
1 29.528927 47.969350
1 39.496380 57.869627
1 34.502088 52.258442
1 29.320797 47.038517
1 29.363696 47.043126
1 21.361128 38.740292
1 28.852721 46.212397
1 29.662009 46.998195
1 24.502212 41.779154
1 30.874399 48.091106
1 25.140738 42.018552
1 27.656660 44.476278
1 28.541373 45.330952
1 25.891052 42.565056
1 34.282198 50.912907
1 23.036478 39.591710
1 34.233854 50.702221
1 36.978691 53.349167
1 24.367482 40.689748
1 31.910187 48.128989
1 28.516772 44.664433
1 35.667328 51.757674
1 28.509423 44.551407
1 27.346941 43.090936
1 26.884587 42.088002
1 23.648076 38.628919
1 28.467721 43.105130
1 38.023806 52.540647
1 24.687675 39.140191
1 30.423409 44.646431
1 25.048165 39.222419
1 31.302695 45.431907
1 28.167967 42.030775
1 33.858963 47.570557
1 26.990412 40.467203
1 28.616790 41.950996
1 28.924583 42.196395
1 30.928472 44.146777
1 22.994344 36.183909
1 27.523500 40.672112
1 26.718044 39.792075
1 23.029544 36.074797
1 25.524891 38.551615
1 34.214447 47.227893
1 29.719079 42.717892
1 23.205246 36.179195
1 21.866990 34.749835
1 29.516989 42.303393
1 29.240231 42.010430
1 26.479851 39.228736
1 28.102752 40.625276
1 29.241766 41.732372
1 29.446263 41.875968
1 27.801493 40.229443
1 25.765370 38.061116
1 29.094503 41.307900
1 29.476132 41.632897
1 29.356539 41.158104
1 33.016173 44.683041
1 30.149169 41.808962
1 39.577209 51.152621
1 36.435034 47.859734
1 37.582961 48.756187
1 51.674705 62.831273
1 28.195587 39.201967
1 33.452756 44.410619
1 28.157132 39.025477
1 36.186437 46.894850
1 24.859817 35.498064
1 31.996640 42.172418
1 25.143406 35.105530
1 36.280743 46.153253
1 24.849170 34.581578
1 36.215673 45.845064
1 26.317738 35.898654
1 23.838659 33.386666
1 23.214202 32.443523
1 40.632432 49.677021
1 38.784220 47.761259
1 21.249011 30.221508
1 26.042062 35.012602
1 34.896859 43.726808
1 26.078344 34.704656
1 28.214376 36.661809
1 41.394260 49.202294
1 30.669630 38.367808
1 30.603839 38.226632
1 34.623204 42.183292
1 40.566546 48.107581
1 38.491589 45.963925
1 34.120674 41.367907
1 42.003061 49.116197
1 34.376106 41.468662
1 37.973873 45.034874
1 30.841281 37.533845
1 38.771839 45.320491
1 40.392916 46.820065
1 42.960341 49.253224
1 42.037226 48.249202
1 25.136408 31.013618
1 39.771271 45.580980
1 34.405789 40.159184
1 21.428738 27.170563
1 30.132244 35.788846
1 37.749129 43.346419
1 21.119698 26.674814
1 26.698255 32.219194
1 35.449896 40.757051
1 38.388782 43.685812
1 28.563742 33.852046
1 36.551285 41.809188
1 38.366851 43.610486
1 33.184714 38.389240
1 32.105428 37.271587
1 44.217279 49.372677
1 25.225150 30.347364
1 25.022791 30.023675
1 22.780538 27.761900
1 42.647288 47.382199
1 30.369669 34.898123
1 30.058228 34.535076
1 50.085760 54.468279
1 18.909796 23.272133
1 39.083630 43.420159
1 34.305694 38.607689
1 34.755541 38.729791
1 22.191782 26.147996
1 32.275334 36.228241
1 32.514639 36.387615
1 34.175617 37.967693
1 33.842276 37.608165
1 43.238648 46.930098
1 44.527789 48.190367
1 35.923238 39.581594
1 33.025695 36.680341
1 37.720261 41.371433
1 34.406775 38.020738
1 40.008917 43.411880
1 24.931229 28.292881
1 44.215429 47.549651
1 37.923495 41.243290
1 41.358961 44.456435
1 24.956790 28.033672
1 36.638397 39.525024
1 29.954669 32.836869
1 46.410811 49.279520
1 41.797118 44.612848
1 40.162791 42.950463
1 36.350143 39.036836
1 43.482158 46.140030
1 38.986329 41.638189
1 29.767195 32.411536
1 31.399680 34.013734
1 39.703175 42.236882
1 31.224777 33.742805
1 31.669381 34.139289
1 30.288841 32.659706
1 45.337398 47.661663
1 28.150598 30.448046
1 29.817441 31.994648
1 32.269322 34.245914
1 17.058167 19.024392
1 28.925668 30.869180
1 39.705328 41.573618
1 25.757953 27.605605
1 29.286388 30.914767
1 27.518406 29.116205
1 26.373120 27.941404
1 44.754891 46.227202
1 45.811905 47.251021
1 33.309926 34.687159
1 42.088914 43.438896
1 32.185634 33.483845
1 32.780593 34.053766
1 44.481237 45.677624
1 43.545284 44.620541
1 25.351520 26.354642
1 37.821486 38.809516
1 55.717451 56.699085
1 39.475750 40.426812
1 40.679643 41.628287
1 38.554232 39.484576
1 33.265114 34.151943
1 34.339234 35.224381
1 29.088820 29.955195
1 29.110492 29.968255
1 22.817663 23.652966
1 34.560018 35.391489
1 46.321471 47.148801
1 54.566907 55.299854
1 46.487223 47.206548
1 38.811789 39.514210
1 54.697100 55.390570
1 41.221872 41.889069
1 38.687015 39.343692
1 22.377276 23.031421
1 48.050554 48.691997
1 34.587379 35.209403
1 26.793193 27.408097
1 37.328294 37.937837
1 42.521640 43.109535
1 42.296265 42.872826
1 48.101063 48.676920
1 56.966231 57.533797
1 34.651095 35.154269
1 43.571724 44.048726
1 42.149890 42.620089
1 39.220027 39.662005
1 44.378973 44.713139
1 56.714612 57.017177
1 50.861765 51.089727
1 35.995335 36.202703
1 41.092278 41.276243
1 43.453186 43.588743
1 37.270227 37.360533
1 52.224458 52.310507
1 43.458705 43.542368
1 59.222561 59.287146
1 48.238574 48.301652
1 41.718706 41.745858
0 0.000000 inf
0 0.000000 33.415818
0 0.000000 28.241585
0 0.000000 27.219912
0 0.000000 27.147674
0 0.000000 26.772057
0 0.000000 26.354743
0 0.000000 26.184992
0 0.000000 25.892228
0 0.000000 25.874920
0 0.000000 25.874501
0 0.000000 25.837487
0 0.000000 25.503686
0 0.000000 25.418535
0 0.000000 25.410041
0 0.000000 25.207997
0 0.000000 25.174771
0 0.000000 25.012631
0 0.000000 24.981707
0 0.000000 24.870637
0 0.000000 24.621620
0 0.000000 24.498737
0 0.000000 24.420589
0 0.000000 23.858867
0 0.000000 23.492422
0 0.000000 23.478144
0 0.000000 23.419991
0 0.000000 23.268705
0 0.000000 23.181485
0 0.000000 23.060082
0 0.000000 23.005750
0 0.000000 22.943439
0 0.000000 22.870303
0 0.000000 22.839709
0 0.000000 22.814385
0 0.000000 22.714493
0 0.000000 22.707503
0 0.000000 22.602895
0 0.000000 22.552884
0 0.000000 22.515164
0 0.000000 22.396474
0 0.000000 22.379662
0 0.000000 22.299149
0 0.000000 22.297852
0 0.000000 22.242537
0 0.000000 22.186560
0 0.000000 22.174774
0 0.000000 22.064221
0 0.000000 22.054515
0 0.000000 22.045693
0 0.000000 21.943883
0 0.000000 21.924327
0 0.000000 21.736977
0 0.000000 21.604912
0 0.000000 21.545544
0 0.000000 21.526899
0 0.000000 21.491400
0 0.000000 21.477196
0 0.000000 21.460279
0 0.000000 21.376368
0 0.000000 21.260613
0 0.000000 21.219479
0 0.000000 21.192091
0 0.000000 21.182456
0 0.000000 21.137853
0 0.000000 21.087498
0 0.000000 21.056321
0 0.000000 20.986542
0 0.000000 20.973249
0 0.000000 20.968367
0 0.000000 20.953690
0 0.000000 20.912359
0 0.000000 20.904465
0 0.000000 20.777216
0 0.000000 20.776384
0 0.000000 20.761542
0 0.000000 20.703160
0 0.000000 20.647996
0 0.000000 20.593633
0 0.000000 20.574096
0 0.000000 20.558929
0 0.000000 20.555331
0 0.000000 20.515309
0 0.000000 20.443711
0 0.000000 20.441404
0 0.000000 20.417022
0 0.000000 20.331365
0 0.000000 20.323895
0 0.000000 20.287232
0 0.000000 20.251050
0 0.000000 20.097998
0 0.000000 20.094858
0 0.000000 20.073650
0 0.000000 19.962407
0 0.000000 19.937231
0 0.000000 19.924566
0 0.000000 19.771699
0 0.000000 19.755709
0 0.000000 19.708799
0 0.000000 19.615630
0 0.000000 19.604338
0 0.000000 19.574872
0 0.000000 19.567415
0 0.000000 19.525330
0 0.000000 19.442716
0 0.000000 19.370685
0 0.000000 19.365235
0 0.000000 19.358288
0 0.000000 19.355336
0 0.000000 19.209232
0 0.000000 19.073791
0 0.000000 18.850244
0 0.000000 18.812911
0 0.000000 18.786463
0 0.000000 18.762182
0 0.000000 18.684310
0 0.000000 18.630636
0 0.000000 18.596747
0 0.000000 18.589843
0 0.000000 18.589008
0 0.000000 18.517950
0 0.000000 18.494877
0 0.000000 18.471308
0 0.000000 18.446376
0 0.000000 18.307751
0 0.000000 18.304416
0 0.000000 18.301129
0 0.000000 18.301067
0 0.000000 18.251840
0 0.000000 18.134552
0 0.000000 18.109968
0 0.000000 18.073176
0 0.000000 18.018349
0 0.000000 17.979511
0 0.000000 17.969250
0 0.000000 17.841585
0 0.000000 17.802187
0 0.000000 17.761753
0 0.000000 17.466435
0 0.000000 17.368904
0 0.000000 17.358287
0 0.000000 17.341264
0 0.000000 17.335777
0 0.000000 17.311150
0 0.000000 17.309667
0 0.000000 17.258080
0 0.000000 16.983504
0 0.000000 16.962559
0 0.000000 16.882086
0 0.000000 16.846765
0 0.000000 16.823357
0 0.000000 16.821771
0 0.000000 16.803080
0 0.000000 16.752091
0 0.000000 16.718276
0 0.000000 16.711192
0 0.000000 16.688283
0 0.000000 16.623546
0 0.000000 16.478771
0 0.000000 16.433805
0 0.000000 16.370735
0 0.000000 16.355398
0 0.000000 16.235619
0 0.000000 16.235386
0 0.000000 16.221303
0 0.000000 16.183821
0 0.000000 16.166001
0 0.000000 16.098821
0 0.000000 15.780597
0 0.000000 15.606248
0 0.000000 15.536995
0 0.000000 15.459465
0 0.000000 15.338039
0 0.000000 15.115989
0 0.000000 15.095445
0 0.000000 15.062239
0 0.000000 14.875740
0 0.000000 14.790210
0 0.000000 14.522335
0 0.000000 14.365479
0 0.000000 14.340337
0 0.000000 14.204347
0 0.000000 14.165569
0 0.000000 14.107782
0 0.000000 14.087211
0 0.000000 13.734897
0 0.000000 13.374854
