1 17.927041 33.907108
1 18.303644 33.006984
1 18.898354 33.454543
1 20.920196 35.350353
1 22.865338 36.720762
1 21.492454 34.012255
1 21.698015 33.796747
1 21.696618 33.674990
1 18.553799 30.531908
1 19.977312 31.743103
1 16.764443 28.255630
1 20.831006 32.231593
1 22.796605 33.819949
1 20.625990 31.319970
1 18.596328 28.920078
1 21.550241 31.813898
1 21.028208 30.707845
1 18.778207 28.389245
1 19.624614 29.161246
1 18.668744 28.004502
1 21.377234 30.416887
1 21.382164 30.387275
1 20.604538 29.534330
1 21.893815 30.623463
1 20.071195 28.747356
1 16.734371 25.366692
1 19.902487 28.415305
1 17.730368 26.080053
1 22.085466 30.412424
1 24.614435 32.865190
1 19.679010 27.925221
1 24.030611 32.186833
1 17.130961 25.267922
1 18.316529 26.421088
1 17.892751 25.921683
1 21.845508 29.717532
1 18.838201 26.694209
1 22.099433 29.832311
1 25.989724 33.642597
1 17.934033 25.543063
1 24.355142 31.949007
1 25.818458 33.341750
1 20.552229 27.957651
1 20.630061 27.956661
1 20.236875 27.449376
1 16.301371 23.354371
1 23.234517 30.130312
1 24.455205 31.295298
1 22.980309 29.678303
1 19.436807 25.977683
1 20.375340 26.829832
1 20.871021 27.275604
1 24.110285 30.505877
1 18.084739 24.466150
1 17.298557 23.551404
1 23.192051 29.395594
1 25.480630 31.614059
1 22.995275 29.084632
1 19.593580 25.544915
1 19.351391 25.173529
1 18.892051 24.712608
1 18.854936 24.665018
1 20.784450 26.553837
1 18.917457 24.634874
1 20.550493 26.266483
1 19.431727 25.138492
1 22.157892 27.746679
1 19.792230 25.364354
1 21.319979 26.806152
1 20.450506 25.931232
1 20.018016 25.497383
1 25.977332 31.381828
1 19.289315 24.590890
1 23.157647 28.409820
1 21.953558 27.093055
1 16.778359 21.895908
1 20.063335 25.142806
1 21.519599 26.535904
1 24.489682 29.468902
1 19.100574 23.989284
1 20.027066 24.895479
1 18.597409 23.446705
1 18.668131 23.479778
1 19.201169 23.984791
1 21.271496 26.035485
1 17.162883 21.852023
1 22.313557 26.923634
1 19.090321 23.665040
1 18.175601 22.743692
1 19.136543 23.682594
1 21.352247 25.808706
1 22.413805 26.819169
1 31.015426 35.417635
1 24.222999 28.619364
1 22.039637 26.354186
1 21.035850 25.284110
1 21.986560 26.208166
1 20.003152 24.211751
1 23.390170 27.490288
1 27.026066 31.059240
1 21.659086 25.676999
1 23.461238 27.462354
1 22.313704 26.256112
1 22.093432 26.001936
1 24.247629 28.106448
1 18.055782 21.912968
1 19.977216 23.826941
1 28.546587 32.393097
1 20.415728 24.224775
1 27.154698 30.938152
1 20.565496 24.331117
1 17.699973 21.422808
1 22.120461 25.808497
1 26.027839 29.704843
1 20.448822 24.080328
1 18.526563 22.147998
1 16.262409 19.878937
1 21.626058 25.238716
1 26.367690 29.960328
1 18.121051 21.687474
1 20.171711 23.718789
1 17.524360 21.039842
1 20.681266 24.189369
1 19.975043 23.476920
1 24.356510 27.847169
1 22.745066 26.218813
1 20.367965 23.753846
1 23.367234 26.618767
1 21.603297 24.796350
1 22.516734 25.686574
1 18.111827 21.104107
1 20.961696 23.929959
1 25.558051 28.522056
1 19.771523 22.702213
1 19.425261 22.336147
1 22.598441 25.504318
1 19.341222 22.226090
1 23.413568 26.223943
1 23.467169 26.270734
1 19.881281 22.665874
1 19.698185 22.482202
1 18.457271 21.217463
1 30.473046 33.212599
1 23.099934 25.830711
1 18.219846 20.889701
1 27.028354 29.680527
1 20.203168 22.826456
1 23.780833 26.356414
1 23.070239 25.632029
1 19.642590 22.198587
1 23.306682 25.850433
1 27.635068 30.085105
1 22.640461 25.086109
1 27.554507 29.957474
1 26.615038 29.012833
1 25.618317 27.957116
1 24.662419 26.987814
1 23.741498 26.051814
1 21.754389 24.061760
1 21.825354 24.129908
1 27.789874 30.086356
1 19.277246 21.550757
1 28.239312 30.507715
1 21.075055 23.341573
1 28.917453 31.148143
1 16.380791 18.581313
1 28.031221 30.223681
1 19.482281 21.665457
1 24.025263 26.200631
1 24.722726 26.885244
1 23.090165 25.246615
1 27.370142 29.484756
1 21.408310 23.518510
1 24.654254 26.763148
1 21.351867 23.460448
1 21.153026 23.241940
1 22.667518 24.745476
1 27.319381 29.350698
1 19.354327 21.354030
1 23.337626 25.311163
1 18.201729 20.172795
1 19.195801 21.151517
1 24.172776 26.120017
1 20.231582 22.162064
1 26.161435 28.061225
1 28.983796 30.868623
1 20.660268 22.517925
1 17.829224 19.664608
1 23.985911 25.820189
1 21.688287 23.510690
1 18.004176 19.815867
1 19.852252 21.657472
1 26.286688 28.086442
1 22.261014 24.041348
1 25.609651 27.387100
1 21.332336 23.082109
1 25.222747 26.966303
1 19.356928 21.087270
1 23.607449 25.305460
1 21.307654 22.961249
1 29.947227 31.547904
1 26.954226 28.543540
1 21.940530 23.514428
1 23.019085 24.582410
1 20.712694 22.273558
1 28.967178 30.519124
1 19.491270 20.976200
1 21.856300 23.320894
1 22.781669 24.231433
1 26.469792 27.907885
1 20.631545 22.040835
1 24.945660 26.347888
1 21.108747 22.488733
1 16.761917 18.133709
1 24.997747 26.364757
1 22.934628 24.278017
1 21.761387 23.102064
1 23.773680 25.111325
1 23.469748 24.781686
1 20.781053 22.064392
1 25.996019 27.238571
1 18.589016 19.822289
1 18.980469 20.184135
1 18.489859 19.684671
1 20.334974 21.520948
1 26.155535 27.336354
1 20.425432 21.580730
1 21.921111 23.054780
1 28.189625 29.318502
1 23.698545 24.783923
1 30.667703 31.718263
1 27.578067 28.622687
1 29.753993 30.795732
1 21.730314 22.741328
1 20.410458 21.407439
1 20.826177 21.818966
1 20.046980 21.033428
1 24.168986 25.147760
1 22.739404 23.676084
1 25.618452 26.525973
1 21.089750 21.981019
1 28.264204 29.134996
1 25.914333 26.782411
1 21.720156 22.579864
1 19.340379 20.192083
1 20.531020 21.372731
1 20.754314 21.586069
1 18.299538 19.114020
1 21.088801 21.890220
1 21.483099 22.275414
1 18.133212 18.924060
1 19.659904 20.375839
1 22.617522 23.297332
1 20.594972 21.273181
1 24.307290 24.952680
1 27.144808 27.787979
1 29.929738 30.568441
1 23.160233 23.773438
1 23.620568 24.215035
1 23.867654 24.455997
1 22.626046 23.211856
1 29.725798 30.278496
1 16.729946 17.281116
1 23.275277 23.821383
1 28.543262 29.086344
1 23.927847 24.458844
1 24.596178 25.122747
1 30.748843 31.256101
1 23.287240 23.762419
1 27.542168 27.998651
1 30.849091 31.276983
1 21.417579 21.832252
1 20.768127 21.158075
1 23.618543 24.002814
1 27.742370 28.124515
1 24.158322 24.507109
1 19.968116 20.310099
1 25.699458 26.040403
1 26.824391 27.158773
1 24.517510 24.822362
1 23.780176 24.061350
1 19.412868 19.686020
1 23.188463 23.449440
1 25.883126 26.021353
1 22.860266 22.996598
1 20.840583 20.969789
1 24.700052 24.806840
1 29.394800 29.482943
1 20.976866 21.054684
1 21.897241 21.971586
1 30.654695 30.722159
1 21.733929 21.737430
0 0.000000 inf
0 0.000000 25.703462
0 0.000000 23.502608
0 0.000000 23.097585
0 0.000000 21.062899
0 0.000000 21.001551
0 0.000000 20.925830
0 0.000000 20.841627
0 0.000000 20.748174
0 0.000000 20.733614
0 0.000000 20.503064
0 0.000000 20.479239
0 0.000000 20.379510
0 0.000000 20.133657
0 0.000000 20.113881
0 0.000000 19.955716
0 0.000000 19.900373
0 0.000000 19.832224
0 0.000000 19.807087
0 0.000000 19.749075
0 0.000000 19.745700
0 0.000000 19.740712
0 0.000000 19.702984
0 0.000000 19.641861
0 0.000000 19.624287
0 0.000000 19.581729
0 0.000000 19.559819
0 0.000000 19.550960
0 0.000000 19.546992
0 0.000000 19.420437
0 0.000000 19.198544
0 0.000000 19.156627
0 0.000000 19.142986
0 0.000000 19.040825
0 0.000000 19.032875
0 0.000000 19.016433
0 0.000000 18.945855
0 0.000000 18.911898
0 0.000000 18.906821
0 0.000000 18.887584
0 0.000000 18.815198
0 0.000000 18.743428
0 0.000000 18.741938
0 0.000000 18.737216
0 0.000000 18.647003
0 0.000000 18.597033
0 0.000000 18.595493
0 0.000000 18.492879
0 0.000000 18.449994
0 0.000000 18.292067
0 0.000000 18.182462
0 0.000000 18.173297
0 0.000000 18.143868
0 0.000000 18.141083
0 0.000000 18.064565
0 0.000000 17.995646
0 0.000000 17.946669
0 0.000000 17.893661
0 0.000000 17.866077
0 0.000000 17.857445
0 0.000000 17.759447
0 0.000000 17.759233
0 0.000000 17.721348
0 0.000000 17.663296
0 0.000000 17.658425
0 0.000000 17.646603
0 0.000000 17.591359
0 0.000000 17.500148
0 0.000000 17.496242
0 0.000000 17.488423
0 0.000000 17.483193
0 0.000000 17.452413
0 0.000000 17.420789
0 0.000000 17.340298
0 0.000000 17.317142
0 0.000000 17.312544
0 0.000000 17.230367
0 0.000000 17.226803
0 0.000000 17.218109
0 0.000000 17.146794
0 0.000000 17.016451
0 0.000000 16.986281
0 0.000000 16.929236
0 0.000000 16.867545
0 0.000000 16.744596
0 0.000000 16.700945
0 0.000000 16.632986
0 0.000000 16.557657
0 0.000000 16.547365
0 0.000000 16.449101
0 0.000000 16.420929
0 0.000000 16.407961
0 0.000000 16.406393
0 0.000000 16.374355
0 0.000000 16.306408
0 0.000000 16.280274
0 0.000000 16.272306
0 0.000000 16.261539
0 0.000000 16.250819
0 0.000000 16.246985
0 0.000000 16.177153
0 0.000000 16.153122
0 0.000000 16.092046
0 0.000000 16.054706
0 0.000000 15.975017
0 0.000000 15.953388
0 0.000000 15.931840
0 0.000000 15.908016
0 0.000000 15.907926
0 0.000000 15.898161
0 0.000000 15.875525
0 0.000000 15.716463
0 0.000000 15.694815
0 0.000000 15.687932
0 0.000000 15.673265
0 0.000000 15.654041
0 0.000000 15.640584
0 0.000000 15.610532
0 0.000000 15.599012
0 0.000000 15.518843
0 0.000000 15.436529
0 0.000000 15.390435
0 0.000000 15.301179
0 0.000000 15.300128
0 0.000000 15.288007
0 0.000000 15.223489
0 0.000000 15.139900
0 0.000000 15.108721
0 0.000000 15.092765
0 0.000000 15.037546
0 0.000000 15.021046
0 0.000000 15.020445
0 0.000000 15.002286
0 0.000000 14.898574
0 0.000000 14.886249
0 0.000000 14.862968
0 0.000000 14.840663
0 0.000000 14.690876
0 0.000000 14.680490
0 0.000000 14.661423
0 0.000000 14.653729
0 0.000000 14.631548
0 0.000000 14.552294
0 0.000000 14.504960
0 0.000000 14.443782
0 0.000000 14.420045
0 0.000000 14.394367
0 0.000000 14.363338
0 0.000000 14.360915
0 0.000000 14.345892
0 0.000000 14.308096
0 0.000000 14.283507
0 0.000000 14.255569
0 0.000000 14.229937
0 0.000000 14.192158
0 0.000000 14.082015
0 0.000000 14.073138
0 0.000000 14.053545
0 0.000000 14.023762
0 0.000000 13.988170
0 0.000000 13.828037
0 0.000000 13.817502
0 0.000000 13.780455
0 0.000000 13.755783
0 0.000000 13.714198
0 0.000000 13.701253
0 0.000000 13.669278
0 0.000000 13.598393
0 0.000000 13.597971
0 0.000000 13.516033
0 0.000000 13.433369
0 0.000000 13.318501
0 0.000000 13.214856
0 0.000000 13.096112
0 0.000000 13.021147
0 0.000000 12.860541
0 0.000000 12.740895
0 0.000000 12.545390
0 0.000000 12.505456
0 0.000000 12.333232
0 0.000000 12.208623
0 0.000000 11.855554
0 0.000000 11.730722
0 0.000000 11.543439
0 0.000000 11.473376
0 0.000000 10.965813
0 0.000000 9.866129
