1 21.018316 44.167475
1 19.368662 38.090684
1 20.618672 34.335579
1 19.306343 32.673106
1 18.486168 31.181824
1 24.958611 37.534484
1 23.380725 35.866840
1 28.984720 41.358124
1 19.235814 31.225175
1 22.708306 33.938735
1 29.777086 40.338162
1 21.678375 31.694930
1 20.896243 30.634781
1 20.474648 30.176815
1 30.789659 40.097670
1 19.938237 29.167840
1 16.559933 25.786505
1 18.463992 27.554384
1 19.158496 28.118403
1 22.759695 31.647423
1 22.781994 31.445299
1 22.583331 31.128723
1 21.472799 29.850077
1 19.377148 27.673608
1 20.708889 28.857357
1 21.905477 29.825363
1 24.219512 32.021668
1 21.843454 29.626433
1 25.821004 33.594049
1 21.851539 29.532336
1 19.681490 27.260270
1 23.629369 31.188174
1 20.107333 27.328223
1 26.123515 33.328644
1 18.950539 26.131973
1 19.820110 26.952961
1 26.606119 33.738609
1 28.637466 35.733876
1 25.141250 32.210146
1 16.253259 23.317127
1 22.125917 29.142840
1 23.848842 30.845592
1 24.348346 31.320140
1 24.224295 31.160696
1 24.552070 31.455577
1 19.346371 26.210123
1 21.182935 27.868542
1 22.503076 29.165260
1 21.159160 27.690296
1 20.345268 26.813967
1 22.881908 29.303681
1 20.007438 26.405935
1 24.719981 31.011908
1 21.754125 27.969579
1 22.604014 28.812246
1 31.238536 37.376789
1 17.732353 23.794555
1 20.440670 26.142102
1 20.314675 25.996229
1 28.410213 33.886714
1 20.666625 26.108766
1 20.830970 26.221630
1 19.386451 24.681571
1 21.435884 26.662291
1 20.751554 25.917088
1 20.048566 25.203511
1 22.678112 27.741376
1 21.442094 26.499964
1 18.304004 23.225883
1 18.234489 23.106880
1 20.403858 25.269825
1 22.915419 27.696687
1 31.364216 36.045226
1 22.329002 26.985266
1 16.991964 21.538389
1 24.793424 29.323888
1 24.319858 28.818518
1 22.129682 26.608604
1 22.382582 26.681525
1 23.077450 27.347881
1 21.493549 25.752303
1 18.383334 22.637896
1 20.859311 25.048703
1 19.460937 23.648204
1 21.414299 25.558565
1 19.417521 23.540878
1 16.766024 20.877515
1 20.577810 24.687046
1 19.496683 23.573461
1 23.693915 27.718528
1 21.906346 25.868220
1 23.275860 27.219211
1 20.385288 24.301129
1 21.119394 24.986394
1 23.760910 27.605052
1 16.382771 20.217723
1 22.903237 26.721114
1 17.916664 21.718667
1 20.792227 24.584192
1 19.821235 23.599026
1 17.690712 21.461882
1 21.919739 25.670818
1 22.129830 25.781588
1 23.188993 26.821754
1 22.033687 25.628280
1 18.041877 21.626925
1 29.300716 32.883771
1 23.395536 26.937952
1 19.111255 22.653124
1 24.823574 28.362928
1 27.749444 31.288128
1 19.920325 23.375611
1 22.342416 25.775501
1 19.727512 23.121016
1 17.363606 20.732927
1 18.209666 21.545822
1 25.509031 28.819649
1 29.212518 32.507532
1 20.391150 23.629817
1 20.890545 24.116377
1 22.196107 25.393196
1 19.159541 22.246561
1 19.090384 22.175729
1 21.988053 25.056322
1 21.753761 24.802924
1 23.677145 26.706441
1 31.660726 34.663839
1 22.800428 25.765394
1 17.509194 20.466547
1 21.000168 23.931818
1 21.541632 24.472582
1 23.381531 26.295102
1 19.796867 22.706377
1 21.309961 24.218262
1 25.306394 28.202469
1 26.435181 29.310957
1 19.573183 22.428846
1 18.873272 21.715469
1 20.014960 22.806101
1 26.587824 29.299946
1 22.331182 25.041299
1 28.132816 30.838215
1 23.536180 26.211218
1 18.511518 21.144748
1 21.540543 24.158783
1 25.777615 28.394264
1 19.448001 22.055794
1 29.780383 32.335613
1 25.910421 28.458677
1 20.887886 23.420185
1 33.287993 35.760916
1 24.938529 27.389339
1 17.788354 20.226422
1 29.694723 32.061756
1 22.783703 25.074162
1 22.374114 24.660817
1 12.534916 14.797753
1 22.211098 24.455019
1 23.478997 25.706594
1 22.744085 24.951740
1 23.276401 25.463344
1 20.691364 22.869673
1 15.835425 18.006116
1 24.819763 26.983782
1 29.031249 31.174450
1 24.750237 26.849069
1 22.659175 24.757538
1 20.320351 22.412006
1 23.877056 25.957553
1 21.751396 23.818989
1 19.104478 21.168634
1 20.591368 22.651257
1 20.504852 22.564243
1 35.331746 37.385541
1 10.799588 12.834677
1 29.546134 31.579551
1 23.603854 25.615328
1 19.920082 21.929995
1 19.986285 21.952846
1 29.338434 31.302151
1 20.939391 22.900623
1 27.160013 29.093167
1 20.801343 22.700201
1 25.421736 27.256107
1 23.504647 25.314689
1 22.364278 24.166245
1 26.824770 28.623501
1 28.627771 30.386299
1 31.727635 33.478904
1 24.790929 26.498970
1 30.895695 32.592845
1 27.156402 28.847881
1 21.937852 23.609815
1 23.788502 25.459750
1 24.166965 25.796929
1 19.266757 20.875386
1 23.798967 25.402987
1 18.665557 20.261098
1 21.312693 22.888332
1 25.233760 26.808714
1 17.552149 19.122081
1 22.454752 24.013685
1 29.218630 30.772270
1 25.042102 26.591180
1 17.837208 19.371968
1 20.529859 22.018503
1 18.423054 19.897630
1 27.883200 29.335117
1 18.834782 20.277490
1 29.111458 30.514275
1 25.460462 26.860021
1 27.802348 29.200154
1 17.883076 19.275100
1 16.600554 17.984883
1 35.013488 36.370171
1 22.198589 23.551907
1 21.906772 23.257170
1 22.249552 23.580586
1 25.868228 27.194983
1 35.665391 36.981113
1 21.883941 23.195210
1 20.803742 22.089189
1 24.017950 25.297207
1 19.623981 20.889964
1 21.213671 22.464381
1 21.349037 22.597009
1 23.689680 24.933407
1 17.195920 18.391631
1 22.997307 24.191269
1 33.948918 35.136437
1 21.401823 22.565993
1 29.766448 30.923617
1 26.904913 28.054970
1 20.476331 21.591896
1 28.952886 30.052289
1 22.364847 23.447614
1 22.818899 23.881369
1 23.065843 24.109320
1 20.719282 21.759066
1 17.434739 18.466532
1 30.431069 31.453568
1 19.203491 20.214286
1 24.857446 25.862608
1 21.072742 22.076757
1 23.464051 24.435976
1 21.700669 22.628390
1 23.929065 24.842328
1 24.002029 24.915234
1 21.876729 22.782222
1 31.875272 32.764352
1 22.140904 23.001044
1 22.614586 23.467472
1 33.702434 34.555271
1 19.038774 19.890168
1 21.370642 22.219302
1 25.091028 25.935358
1 30.616277 31.449367
1 37.327891 38.128058
1 21.607721 22.389094
1 22.873758 23.632015
1 30.582726 31.333814
1 25.567194 26.312905
1 24.923184 25.656750
1 24.507426 25.234738
1 25.412043 26.122390
1 33.604440 34.304382
1 29.432732 30.131913
1 24.159368 24.832946
1 23.964052 24.605810
1 24.404512 25.025387
1 25.083812 25.691158
1 18.319489 18.869318
1 20.263445 20.809530
1 20.831836 21.365378
1 22.094758 22.627780
1 24.977146 25.504304
1 23.512261 24.018042
1 25.857071 26.361629
1 28.114283 28.618208
1 19.805398 20.302947
1 24.873179 25.348288
1 28.328794 28.802072
1 26.857617 27.324432
1 25.545210 25.999374
1 21.603357 22.052060
1 25.625716 26.070780
1 27.035333 27.441154
1 21.425304 21.772810
1 19.144579 19.437625
1 20.982942 21.256550
1 28.959605 29.218458
1 26.601990 26.852982
1 24.465586 24.713202
1 28.220629 28.396767
1 21.274175 21.443253
1 30.334217 30.497744
1 31.998750 32.110069
1 25.879954 25.969932
1 26.278069 26.317862
1 38.603465 38.605903
0 0.000000 inf
0 0.000000 29.020619
0 0.000000 28.864523
0 0.000000 26.380734
0 0.000000 22.603321
0 0.000000 22.190062
0 0.000000 22.118027
0 0.000000 22.033618
0 0.000000 21.535985
0 0.000000 21.020281
0 0.000000 21.002443
0 0.000000 20.798151
0 0.000000 20.754791
0 0.000000 20.737565
0 0.000000 20.640975
0 0.000000 20.479244
0 0.000000 20.283632
0 0.000000 20.281401
0 0.000000 20.256122
0 0.000000 20.075226
0 0.000000 20.040364
0 0.000000 20.017753
0 0.000000 19.956635
0 0.000000 19.654128
0 0.000000 19.545203
0 0.000000 19.484400
0 0.000000 19.414832
0 0.000000 19.399342
0 0.000000 19.393575
0 0.000000 19.377153
0 0.000000 19.374828
0 0.000000 19.329499
0 0.000000 19.197858
0 0.000000 19.087993
0 0.000000 19.060214
0 0.000000 19.060100
0 0.000000 19.058641
0 0.000000 19.036960
0 0.000000 18.976981
0 0.000000 18.928610
0 0.000000 18.823146
0 0.000000 18.790574
0 0.000000 18.736261
0 0.000000 18.693908
0 0.000000 18.545423
0 0.000000 18.544845
0 0.000000 18.450762
0 0.000000 18.439936
0 0.000000 18.438579
0 0.000000 18.411606
0 0.000000 18.394360
0 0.000000 18.377090
0 0.000000 18.365865
0 0.000000 18.292607
0 0.000000 18.249300
0 0.000000 18.234627
0 0.000000 18.219703
0 0.000000 18.202139
0 0.000000 18.198957
0 0.000000 18.194555
0 0.000000 18.122472
0 0.000000 18.012016
0 0.000000 17.992497
0 0.000000 17.980875
0 0.000000 17.961669
0 0.000000 17.842253
0 0.000000 17.840882
0 0.000000 17.812435
0 0.000000 17.754962
0 0.000000 17.741519
0 0.000000 17.718258
0 0.000000 17.678653
0 0.000000 17.671115
0 0.000000 17.660510
0 0.000000 17.652444
0 0.000000 17.635371
0 0.000000 17.601768
0 0.000000 17.579441
0 0.000000 17.454393
0 0.000000 17.367559
0 0.000000 17.366179
0 0.000000 17.247948
0 0.000000 17.212582
0 0.000000 17.148709
0 0.000000 17.148620
0 0.000000 17.141302
0 0.000000 17.108370
0 0.000000 17.081165
0 0.000000 17.068372
0 0.000000 17.054955
0 0.000000 16.906704
0 0.000000 16.893150
0 0.000000 16.848920
0 0.000000 16.819772
0 0.000000 16.779559
0 0.000000 16.774152
0 0.000000 16.721778
0 0.000000 16.717985
0 0.000000 16.687096
0 0.000000 16.682627
0 0.000000 16.670851
0 0.000000 16.668778
0 0.000000 16.666509
0 0.000000 16.659687
0 0.000000 16.658247
0 0.000000 16.624499
0 0.000000 16.554131
0 0.000000 16.553681
0 0.000000 16.501980
0 0.000000 16.457462
0 0.000000 16.441703
0 0.000000 16.436373
0 0.000000 16.302125
0 0.000000 16.296609
0 0.000000 16.270201
0 0.000000 16.241094
0 0.000000 16.231634
0 0.000000 16.208837
0 0.000000 16.170197
0 0.000000 16.132188
0 0.000000 16.124351
0 0.000000 16.070885
0 0.000000 16.042630
0 0.000000 16.004808
0 0.000000 15.946234
0 0.000000 15.893581
0 0.000000 15.800257
0 0.000000 15.696081
0 0.000000 15.633315
0 0.000000 15.617577
0 0.000000 15.590106
0 0.000000 15.545539
0 0.000000 15.478776
0 0.000000 15.438185
0 0.000000 15.431083
0 0.000000 15.423260
0 0.000000 15.395507
0 0.000000 15.356152
0 0.000000 15.276438
0 0.000000 15.130974
0 0.000000 15.007449
0 0.000000 14.980450
0 0.000000 14.973088
0 0.000000 14.972697
0 0.000000 14.954819
0 0.000000 14.911419
0 0.000000 14.908892
0 0.000000 14.895583
0 0.000000 14.850906
0 0.000000 14.759645
0 0.000000 14.755638
0 0.000000 14.747447
0 0.000000 14.584213
0 0.000000 14.561991
0 0.000000 14.430599
0 0.000000 14.377370
0 0.000000 13.926224
0 0.000000 13.903545
0 0.000000 13.863500
0 0.000000 13.843912
0 0.000000 13.764384
0 0.000000 13.718975
0 0.000000 13.714328
0 0.000000 13.530834
0 0.000000 13.501177
0 0.000000 13.499683
0 0.000000 13.328044
0 0.000000 13.303323
0 0.000000 13.238537
0 0.000000 13.231291
0 0.000000 13.198839
0 0.000000 13.101542
0 0.000000 12.995803
0 0.000000 12.863044
0 0.000000 12.827163
0 0.000000 12.068266
0 0.000000 12.058002
0 0.000000 11.987163
0 0.000000 11.963639
0 0.000000 11.953724
0 0.000000 11.759178
0 0.000000 11.655969
0 0.000000 10.703602
0 0.000000 10.099807
0 0.000000 9.634579
0 0.000000 9.010151
0 0.000000 8.640776
