1 25.568924 44.175621
1 24.132378 41.015144
1 23.284011 39.514761
1 27.349882 43.382700
1 26.507185 42.241713
1 23.883819 39.206295
1 25.449334 40.596491
1 23.323689 38.423465
1 27.824373 42.119655
1 26.455979 40.161501
1 21.237409 34.612145
1 23.645157 36.861976
1 25.522598 38.733909
1 23.569929 36.371151
1 23.363108 35.832228
1 20.514048 32.912202
1 22.720843 35.110636
1 23.390904 35.538317
1 21.626919 33.666071
1 25.132874 36.919781
1 27.682944 39.461170
1 27.070470 38.758547
1 21.877906 33.235079
1 23.419133 34.413603
1 23.523837 34.306936
1 20.549321 31.222808
1 28.825526 39.495623
1 23.459502 34.098094
1 26.953432 37.400382
1 26.663067 37.044828
1 21.831956 32.087298
1 25.207954 35.422817
1 27.008511 37.003356
1 24.303189 34.237887
1 25.563845 35.464613
1 23.859041 33.757876
1 26.135024 36.024447
1 23.669754 33.550222
1 23.819165 33.661247
1 26.961426 36.733227
1 24.366352 34.085168
1 21.900249 31.590241
1 28.661893 38.335006
1 23.126273 32.720901
1 31.133660 40.693991
1 22.632691 32.041063
1 22.252540 31.633330
1 21.505655 30.709383
1 25.742166 34.854462
1 24.569626 33.633964
1 22.734625 31.666068
1 22.654011 31.448367
1 21.680924 30.465388
1 29.088178 37.791870
1 22.642281 31.315159
1 23.073215 31.709500
1 21.436885 30.011504
1 25.047084 33.330302
1 27.397213 35.644625
1 27.718756 35.900241
1 24.570958 32.722368
1 26.568041 34.583016
1 27.957752 35.758137
1 22.723005 30.416689
1 24.103326 31.774254
1 24.980772 32.649442
1 25.854455 33.515376
1 23.185845 30.766436
1 30.794272 38.311240
1 24.775664 32.253503
1 27.415082 34.859582
1 23.783614 31.036047
1 25.287959 32.529486
1 25.778277 32.878097
1 23.740292 30.733470
1 24.846970 31.708765
1 30.213628 36.950555
1 27.065865 33.749425
1 28.643270 35.311512
1 23.968328 30.605735
1 24.808431 31.417742
1 29.094332 35.698373
1 28.124596 34.681130
1 23.528802 30.041734
1 24.240631 30.749602
1 20.845742 27.299653
1 26.708823 33.155655
1 25.411926 31.851954
1 23.627407 30.042575
1 21.005665 27.293958
1 20.769634 26.870869
1 29.467050 35.502996
1 25.815224 31.815974
1 24.266132 30.025532
1 28.055003 33.786167
1 24.564722 30.279947
1 29.571918 35.243015
1 25.955507 31.568881
1 27.497338 33.065589
1 24.064661 29.632064
1 28.150821 33.680088
1 20.635521 26.040794
1 24.046066 29.443517
1 23.362453 28.728334
1 27.389710 32.672561
1 33.619524 38.855593
1 23.985590 29.102325
1 29.145281 34.238962
1 23.501373 28.556955
1 25.252529 30.231128
1 21.110878 26.007192
1 24.226546 29.082118
1 26.951787 31.780508
1 24.345195 29.151269
1 26.916473 31.700389
1 25.969217 30.746565
1 20.773383 25.463457
1 27.252164 31.940083
1 25.511692 30.184432
1 24.114973 28.786269
1 30.480033 35.146043
1 18.444930 23.068040
1 27.155010 31.777524
1 24.380579 28.998457
1 24.688494 29.297012
1 30.088002 34.590265
1 26.989429 31.408864
1 25.929257 30.197951
1 23.029296 27.208245
1 30.721129 34.810656
1 26.604510 30.685681
1 24.070186 28.108025
1 22.963922 26.970366
1 24.660479 28.550815
1 24.100007 27.985763
1 26.984580 30.851220
1 23.871964 27.725244
1 23.347057 27.195184
1 22.476660 26.323234
1 28.480549 32.318765
1 20.101605 23.822268
1 31.535167 35.240746
1 21.362172 25.057954
1 25.922445 29.602192
1 26.425300 30.031614
1 21.562324 25.140599
1 27.940928 31.464558
1 30.632403 34.146439
1 31.657428 35.130083
1 26.997962 30.409192
1 23.127630 26.538194
1 24.430462 27.763125
1 26.103061 29.412561
1 23.519319 26.806914
1 26.945223 30.226159
1 27.263110 30.543629
1 22.841956 26.101576
1 29.397475 32.654205
1 25.752017 28.989839
1 23.850193 27.085301
1 24.410739 27.642937
1 23.868877 27.090902
1 26.298367 29.480463
1 30.581447 33.760959
1 22.257834 25.419756
1 24.926908 28.086551
1 21.910076 24.985462
1 25.510500 28.581795
1 20.664849 23.724341
1 24.821418 27.845482
1 24.741654 27.749641
1 26.527784 29.533631
1 26.666172 29.565857
1 27.006876 29.896850
1 27.094703 29.970951
1 25.357615 28.211961
1 35.138409 37.966113
1 24.364512 27.183449
1 23.494751 26.304584
1 19.669042 22.455930
1 25.084722 27.862999
1 26.249994 29.027565
1 25.736461 28.509332
1 34.839413 37.601740
1 30.431990 33.129489
1 21.759840 24.456728
1 26.701568 29.366485
1 25.590860 28.212375
1 24.279038 26.791794
1 38.528142 41.036507
1 32.209983 34.716835
1 28.866680 31.367728
1 25.988917 28.472792
1 25.995726 28.457110
1 28.360950 30.773715
1 25.229225 27.603468
1 22.839357 25.211827
1 26.967314 29.334984
1 20.312566 22.664524
1 34.090298 36.412860
1 22.124305 24.353345
1 25.674091 27.891774
1 31.037789 33.217372
1 32.762707 34.933499
1 28.908921 31.070404
1 27.591733 29.742803
1 32.725480 34.802670
1 23.902491 25.962518
1 29.149461 31.172372
1 30.451139 32.463630
1 26.761360 28.755562
1 29.200666 31.193642
1 26.486897 28.440975
1 26.527665 28.474075
1 28.039652 29.941027
1 22.776599 24.651493
1 22.970233 24.831620
1 28.917360 30.772269
1 25.000073 26.803139
1 33.957292 35.743940
1 22.565224 24.324208
1 28.499586 30.240435
1 29.245476 30.985715
1 22.085977 23.825587
1 30.388416 32.102549
1 27.158205 28.848538
1 20.166602 21.850471
1 22.485299 24.151488
1 30.902897 32.567232
1 26.703108 28.365752
1 30.998028 32.658901
1 34.438850 36.094033
1 33.305441 34.948784
1 23.369833 24.927454
1 27.723160 29.262268
1 24.663187 26.190858
1 23.814152 25.318578
1 25.879449 27.348122
1 23.747587 25.198269
1 25.347016 26.750637
1 36.607081 37.939954
1 29.329550 30.546239
1 32.597772 33.804218
1 27.328565 28.507006
1 32.104665 33.266728
1 25.623755 26.772593
1 23.948135 25.078403
1 29.535315 30.656803
1 27.221659 28.316748
1 39.394971 40.472563
1 32.771549 33.836003
1 26.932556 27.995296
1 25.406108 26.452165
1 31.605399 32.643731
1 25.961752 26.960344
1 25.254072 26.246129
1 26.316010 27.293087
1 24.640859 25.594292
1 25.276984 26.228328
1 29.796468 30.712750
1 29.216114 30.075380
1 26.123104 26.974462
1 21.599081 22.447889
1 31.328559 32.128432
1 36.960984 37.735328
1 30.688841 31.452851
1 31.573042 32.334150
1 20.603946 21.335165
1 26.411834 27.122862
1 30.370304 31.058098
1 25.815198 26.502935
1 41.449074 42.086217
1 32.476102 33.065556
1 24.994778 25.579376
1 30.220082 30.795247
1 34.215599 34.788924
1 29.205890 29.772732
1 33.416197 33.974933
1 34.070613 34.622829
1 36.661967 37.189928
1 28.598685 29.104400
1 28.643020 29.099952
1 28.973075 29.394389
1 28.919808 29.313477
1 28.277741 28.659147
1 31.020299 31.399512
1 29.899138 30.265636
1 24.823469 25.178652
1 38.982517 39.335820
1 22.611715 22.942045
1 25.906597 26.225492
1 24.596679 24.904725
1 35.534272 35.792811
1 30.540555 30.734929
1 31.508121 31.669290
1 27.817747 27.961715
1 35.641792 35.762206
1 29.185201 29.285604
1 33.618291 33.683678
1 22.731993 22.787977
1 23.831476 23.867067
0 0.000000 inf
0 0.000000 30.511691
0 0.000000 27.781842
0 0.000000 26.516936
0 0.000000 26.192289
0 0.000000 25.536026
0 0.000000 25.457381
0 0.000000 25.262226
0 0.000000 25.135625
0 0.000000 24.975819
0 0.000000 24.682259
0 0.000000 24.676491
0 0.000000 24.548329
0 0.000000 24.544911
0 0.000000 23.881355
0 0.000000 23.736287
0 0.000000 23.718350
0 0.000000 23.535399
0 0.000000 23.492469
0 0.000000 23.472476
0 0.000000 23.442417
0 0.000000 23.317558
0 0.000000 23.313659
0 0.000000 23.241097
0 0.000000 23.116575
0 0.000000 23.099831
0 0.000000 23.064531
0 0.000000 22.980850
0 0.000000 22.941532
0 0.000000 22.908674
0 0.000000 22.883817
0 0.000000 22.781911
0 0.000000 22.741164
0 0.000000 22.622792
0 0.000000 22.615845
0 0.000000 22.615692
0 0.000000 22.611622
0 0.000000 22.586143
0 0.000000 22.484739
0 0.000000 22.328651
0 0.000000 22.327986
0 0.000000 22.141461
0 0.000000 21.980455
0 0.000000 21.975839
0 0.000000 21.930283
0 0.000000 21.921496
0 0.000000 21.868809
0 0.000000 21.809752
0 0.000000 21.801200
0 0.000000 21.799134
0 0.000000 21.697572
0 0.000000 21.690575
0 0.000000 21.688637
0 0.000000 21.642253
0 0.000000 21.613064
0 0.000000 21.508834
0 0.000000 21.501675
0 0.000000 21.456079
0 0.000000 21.421145
0 0.000000 21.397144
0 0.000000 21.308186
0 0.000000 21.268741
0 0.000000 21.250797
0 0.000000 21.230485
0 0.000000 21.188848
0 0.000000 21.128894
0 0.000000 21.100615
0 0.000000 21.063514
0 0.000000 20.941048
0 0.000000 20.932604
0 0.000000 20.928734
0 0.000000 20.922585
0 0.000000 20.853815
0 0.000000 20.803801
0 0.000000 20.759738
0 0.000000 20.733596
0 0.000000 20.733259
0 0.000000 20.675956
0 0.000000 20.648989
0 0.000000 20.641942
0 0.000000 20.639903
0 0.000000 20.593350
0 0.000000 20.570098
0 0.000000 20.553306
0 0.000000 20.546233
0 0.000000 20.543884
0 0.000000 20.478490
0 0.000000 20.431084
0 0.000000 20.428783
0 0.000000 20.425904
0 0.000000 20.384662
0 0.000000 20.348127
0 0.000000 20.336348
0 0.000000 20.320283
0 0.000000 20.305146
0 0.000000 20.216933
0 0.000000 20.187023
0 0.000000 20.164033
0 0.000000 20.151016
0 0.000000 20.121012
0 0.000000 20.081942
0 0.000000 20.066751
0 0.000000 20.046996
0 0.000000 20.017023
0 0.000000 19.978332
0 0.000000 19.934285
0 0.000000 19.879075
0 0.000000 19.866612
0 0.000000 19.839982
0 0.000000 19.777590
0 0.000000 19.754716
0 0.000000 19.740136
0 0.000000 19.711818
0 0.000000 19.685015
0 0.000000 19.668399
0 0.000000 19.645650
0 0.000000 19.644452
0 0.000000 19.628701
0 0.000000 19.590886
0 0.000000 19.565289
0 0.000000 19.515446
0 0.000000 19.505579
0 0.000000 19.444927
0 0.000000 19.441405
0 0.000000 19.404712
0 0.000000 19.383991
0 0.000000 19.312651
0 0.000000 19.268755
0 0.000000 19.247892
0 0.000000 19.208214
0 0.000000 19.148106
0 0.000000 19.138585
0 0.000000 19.094120
0 0.000000 19.086503
0 0.000000 19.028405
0 0.000000 19.002393
0 0.000000 18.995615
0 0.000000 18.892525
0 0.000000 18.882978
0 0.000000 18.877487
0 0.000000 18.806998
0 0.000000 18.786924
0 0.000000 18.750002
0 0.000000 18.743285
0 0.000000 18.688300
0 0.000000 18.606497
0 0.000000 18.541534
0 0.000000 18.521417
0 0.000000 18.496191
0 0.000000 18.478803
0 0.000000 18.477560
0 0.000000 18.453740
0 0.000000 18.408160
0 0.000000 18.318697
0 0.000000 18.276331
0 0.000000 18.226664
0 0.000000 18.210575
0 0.000000 18.196296
0 0.000000 18.136438
0 0.000000 18.126952
0 0.000000 18.037261
0 0.000000 17.842665
0 0.000000 17.826583
0 0.000000 17.817644
0 0.000000 17.728241
0 0.000000 17.624124
0 0.000000 17.524088
0 0.000000 17.258944
0 0.000000 17.126495
0 0.000000 17.015923
0 0.000000 16.941768
0 0.000000 16.765373
0 0.000000 16.663530
0 0.000000 16.466196
0 0.000000 16.424330
0 0.000000 16.216856
0 0.000000 15.726574
0 0.000000 15.675792
0 0.000000 15.581353
0 0.000000 15.574269
0 0.000000 15.317906
0 0.000000 14.995090
0 0.000000 14.422580
0 0.000000 13.496654
0 0.000000 13.209787
0 0.000000 12.624938
0 0.000000 9.981421
