8 20 -1 -1 76.587048
20 31 -1 -1 76.688585
8 15 -1 -1 65.756565
15 20 -1 -1 65.843254
8 15 20 -1 78.684882
20 27 -1 -1 65.700849
27 31 -1 -1 65.937465
20 27 31 -1 78.785648
8 9 -1 -1 38.466913
9 15 -1 -1 65.933954
8 9 15 -1 69.157514
20 21 -1 -1 38.459153
15 21 -1 -1 66.012300
15 20 21 -1 68.400774
21 27 -1 -1 66.332957
20 21 27 -1 69.119803
27 32 -1 -1 66.093077
31 32 -1 -1 38.473152
27 31 32 -1 68.478034
9 21 -1 -1 76.567672
9 15 21 -1 78.759444
21 32 -1 -1 76.651080
21 27 32 -1 78.843922
9 16 -1 -1 65.965778
16 21 -1 -1 66.051986
9 16 21 -1 78.779779
21 28 -1 -1 65.932412
28 32 -1 -1 65.663597
21 28 32 -1 78.857269
9 10 -1 -1 38.538927
10 16 -1 -1 66.390919
9 10 16 -1 69.197596
16 22 -1 -1 66.439562
21 22 -1 -1 38.545732
16 21 22 -1 68.449491
22 28 -1 -1 66.299109
21 22 28 -1 69.168013
32 33 -1 -1 38.530037
28 33 -1 -1 66.054738
28 32 33 -1 68.510010
10 22 -1 -1 76.579404
10 16 22 -1 78.998635
22 33 -1 -1 76.643745
22 28 33 -1 79.060281
10 17 -1 -1 65.585935
17 22 -1 -1 65.630038
10 17 22 -1 78.573756
22 29 -1 -1 65.944101
29 33 -1 -1 65.688850
22 29 33 -1 78.637158
10 11 -1 -1 38.603020
11 17 -1 -1 66.158926
10 11 17 -1 69.276720
17 23 -1 -1 66.239479
22 23 -1 -1 38.597585
17 22 23 -1 68.488712
23 29 -1 -1 66.064529
22 23 29 -1 69.187018
33 34 -1 -1 38.599959
29 34 -1 -1 66.289634
29 33 34 -1 68.543590
11 23 -1 -1 76.597307
11 17 23 -1 78.897140
23 34 -1 -1 76.649582
23 29 34 -1 78.949609
8 -1 -1 -1 0.000000
9 -1 -1 -1 0.000000
10 -1 -1 -1 0.000000
11 -1 -1 -1 0.000000
15 -1 -1 -1 0.000000
16 -1 -1 -1 0.000000
17 -1 -1 -1 0.000000
20 -1 -1 -1 0.000000
21 -1 -1 -1 0.000000
22 -1 -1 -1 0.000000
23 -1 -1 -1 0.000000
27 -1 -1 -1 0.000000
28 -1 -1 -1 0.000000
29 -1 -1 -1 0.000000
31 -1 -1 -1 0.000000
32 -1 -1 -1 0.000000
33 -1 -1 -1 0.000000
34 -1 -1 -1 0.000000
