65 116 -1 -1 61.930826
65 98 -1 -1 23.918351
98 116 -1 -1 58.881594
65 98 116 -1 62.093416
187 189 -1 -1 19.704741
174 189 -1 -1 10.413100
174 187 -1 -1 25.914001
174 187 189 -1 28.643244
188 189 -1 -1 5.459889
174 188 -1 -1 13.422712
174 188 189 -1 14.440128
116 123 -1 -1 35.087560
98 123 -1 -1 45.708372
98 116 123 -1 58.943230
123 166 -1 -1 29.057554
116 166 -1 -1 42.216511
116 123 166 -1 42.659944
65 74 -1 -1 43.339997
74 98 -1 -1 38.857286
65 74 98 -1 43.602399
123 162 -1 -1 39.829995
123 131 -1 -1 43.159550
131 162 -1 -1 20.457297
123 131 162 -1 43.324766
162 167 -1 -1 37.866356
131 167 -1 -1 39.009772
131 162 167 -1 39.929449
167 184 -1 -1 31.124654
162 184 -1 -1 34.946791
162 167 184 -1 40.384533
253 255 -1 -1 47.167344
238 255 -1 -1 38.930180
238 253 -1 -1 37.889301
238 253 255 -1 48.665704
65 99 -1 -1 58.551184
99 116 -1 -1 34.042870
104 116 -1 -1 24.765463
99 104 -1 -1 11.952069
99 104 116 -1 46.447525
65 99 116 -1 63.062166
104 107 -1 -1 45.256746
99 107 -1 -1 43.367301
99 104 107 -1 45.269493
189 192 -1 -1 6.656365
187 192 -1 -1 20.627585
187 189 192 -1 20.635116
188 192 -1 -1 4.738086
188 189 192 -1 6.736418
117 123 -1 -1 38.652193
117 131 -1 -1 27.613001
117 123 131 -1 43.912994
246 259 -1 -1 35.131123
74 100 -1 -1 27.897166
98 100 -1 -1 25.133190
74 98 100 -1 38.956386
100 117 -1 -1 25.925035
100 113 -1 -1 10.647430
113 117 -1 -1 23.741132
100 113 117 -1 25.926253
162 164 -1 -1 27.515996
164 184 -1 -1 33.315623
162 164 184 -1 37.339728
164 166 -1 -1 29.070794
164 185 -1 -1 44.213640
166 185 -1 -1 53.259816
164 166 185 -1 53.265230
123 155 -1 -1 20.094529
155 166 -1 -1 15.378868
123 155 166 -1 30.783428
155 162 -1 -1 29.133130
123 155 162 -1 41.555646
155 164 -1 -1 26.125221
155 164 166 -1 29.194604
155 162 164 -1 31.957151
212 255 -1 -1 41.194733
212 238 -1 -1 12.526483
212 238 255 -1 41.207773
74 91 -1 -1 31.587552
126 167 -1 -1 42.540989
126 131 -1 -1 38.490704
126 131 167 -1 46.360000
157 182 -1 -1 29.976567
157 174 -1 -1 19.747494
174 182 -1 -1 19.152900
157 174 182 -1 30.517533
182 188 -1 -1 14.389933
174 182 188 -1 19.179677
182 192 -1 -1 18.498591
182 188 192 -1 32.845473
116 142 -1 -1 26.609073
104 142 -1 -1 31.968135
104 116 142 -1 32.826410
141 142 -1 -1 14.825052
104 141 -1 -1 42.624358
104 141 142 -1 53.621633
141 175 -1 -1 37.945342
147 175 -1 -1 26.972961
141 147 -1 -1 22.952002
141 147 175 -1 38.378565
170 171 -1 -1 31.596128
171 175 -1 -1 32.754357
147 171 -1 -1 18.566328
147 171 175 -1 32.754362
80 107 -1 -1 19.970641
112 123 -1 -1 41.355809
98 112 -1 -1 12.084846
98 112 123 -1 47.002160
112 117 -1 -1 20.286782
112 117 123 -1 41.680078
100 112 -1 -1 18.971030
98 100 112 -1 26.134978
100 112 117 -1 26.143705
337 362 -1 -1 30.582167
334 366 -1 -1 29.758758
351 366 -1 -1 25.001088
334 351 -1 -1 32.001243
334 351 366 -1 33.862724
259 294 -1 -1 45.579480
294 334 -1 -1 33.225164
259 334 -1 -1 49.460255
259 294 334 -1 50.984628
294 366 -1 -1 46.358686
294 334 366 -1 46.510478
191 192 -1 -1 15.297209
187 191 -1 -1 24.437365
187 191 192 -1 24.557383
182 191 -1 -1 29.712952
182 191 192 -1 35.352328
164 194 -1 -1 26.939747
184 194 -1 -1 35.051864
164 184 194 -1 37.246403
193 194 -1 -1 31.517572
184 193 -1 -1 20.601819
184 193 194 -1 35.429730
185 194 -1 -1 25.720628
164 185 194 -1 48.464323
194 223 -1 -1 32.420068
185 223 -1 -1 29.644889
185 194 223 -1 34.229978
193 223 -1 -1 43.946343
193 194 223 -1 44.013844
334 335 -1 -1 30.857910
335 351 -1 -1 20.399828
334 335 351 -1 33.269359
335 348 -1 -1 26.946290
348 351 -1 -1 28.862332
335 348 351 -1 30.076506
346 348 -1 -1 23.715143
333 348 -1 -1 28.939416
333 346 -1 -1 20.218815
333 346 348 -1 29.224920
330 346 -1 -1 8.251661
330 333 -1 -1 26.876214
330 333 346 -1 39.672173
335 346 -1 -1 20.311498
335 346 348 -1 27.893011
330 335 -1 -1 18.502356
330 335 346 -1 20.311992
253 297 -1 -1 32.403198
246 253 -1 -1 55.790254
246 297 -1 -1 60.350619
246 253 297 -1 60.985446
259 314 -1 -1 47.047755
314 334 -1 -1 34.646870
259 314 334 -1 51.794001
314 335 -1 -1 28.562608
314 334 335 -1 36.596113
314 330 -1 -1 24.706411
314 330 335 -1 28.888414
246 314 -1 -1 54.330041
246 259 314 -1 54.951974
242 253 -1 -1 35.809246
242 246 -1 -1 34.653786
242 246 253 -1 57.675517
151 172 -1 -1 16.651019
139 151 -1 -1 28.105562
139 172 -1 -1 33.938279
139 151 172 -1 34.077862
100 108 -1 -1 8.332750
74 108 -1 -1 28.848189
74 100 108 -1 28.864170
91 108 -1 -1 16.866730
74 91 108 -1 31.826123
108 113 -1 -1 5.840603
100 108 113 -1 10.702038
91 113 -1 -1 19.319517
91 108 113 -1 20.108389
117 120 -1 -1 23.043181
120 131 -1 -1 32.209063
117 120 131 -1 32.881476
120 126 -1 -1 29.833108
120 126 131 -1 39.570591
113 120 -1 -1 19.269456
113 117 120 -1 25.681861
91 120 -1 -1 29.257731
91 113 120 -1 29.591177
91 96 -1 -1 18.059012
143 182 -1 -1 33.039179
143 157 -1 -1 17.190400
143 157 182 -1 33.203856
126 143 -1 -1 13.490821
143 167 -1 -1 37.812861
126 143 167 -1 43.364786
167 182 -1 -1 16.096296
143 167 182 -1 37.917955
50 84 -1 -1 42.785995
142 149 -1 -1 8.584274
116 149 -1 -1 31.030704
116 142 149 -1 33.802463
141 149 -1 -1 14.411749
141 142 149 -1 15.307115
149 175 -1 -1 40.972572
141 149 175 -1 40.989258
211 230 -1 -1 33.391159
197 230 -1 -1 29.299383
197 211 -1 -1 38.957274
197 211 230 -1 40.059083
211 237 -1 -1 24.874840
230 237 -1 -1 22.725308
211 230 237 -1 33.396505
230 251 -1 -1 24.046048
171 190 -1 -1 31.092343
175 190 -1 -1 16.461424
171 175 190 -1 33.187610
190 211 -1 -1 46.679898
190 197 -1 -1 25.903294
190 197 211 -1 46.680430
104 111 -1 -1 51.474524
107 111 -1 -1 19.131021
104 107 111 -1 51.957092
111 141 -1 -1 49.048793
104 111 141 -1 55.555562
88 99 -1 -1 18.241573
338 362 -1 -1 21.069861
337 338 -1 -1 17.457768
337 338 362 -1 31.615611
331 362 -1 -1 22.500212
331 338 -1 -1 21.582349
331 338 362 -1 25.106069
337 353 -1 -1 31.419407
270 272 -1 -1 27.791544
270 288 -1 -1 18.033413
272 288 -1 -1 14.432235
270 272 288 -1 31.279863
254 272 -1 -1 21.679305
254 255 -1 -1 21.943894
255 272 -1 -1 34.860269
254 255 272 -1 36.281714
255 270 -1 -1 32.632039
255 270 272 -1 37.110452
241 254 -1 -1 20.839809
241 255 -1 -1 12.178283
241 254 255 -1 22.392327
212 241 -1 -1 40.010479
212 241 255 -1 41.253829
348 364 -1 -1 24.979352
333 364 -1 -1 35.679572
333 348 364 -1 35.986506
253 285 -1 -1 23.963216
255 285 -1 -1 37.598449
253 255 285 -1 47.580249
270 285 -1 -1 19.544938
255 270 285 -1 37.611199
290 297 -1 -1 16.551240
253 290 -1 -1 19.713620
253 290 297 -1 40.266194
297 298 -1 -1 18.584848
290 298 -1 -1 9.680705
290 297 298 -1 18.629861
285 290 -1 -1 16.721152
253 285 290 -1 24.210512
313 314 -1 -1 18.430534
313 330 -1 -1 22.845807
313 314 330 -1 25.884935
313 333 -1 -1 41.324792
313 330 333 -1 44.625143
297 313 -1 -1 20.889128
297 333 -1 -1 45.680645
297 313 333 -1 45.705889
246 313 -1 -1 56.839041
246 297 313 -1 60.353920
246 313 314 -1 56.865220
242 258 -1 -1 12.836422
246 258 -1 -1 23.568710
242 246 258 -1 57.043970
221 242 -1 -1 22.407063
221 258 -1 -1 24.847865
221 242 258 -1 24.940123
203 209 -1 -1 29.414622
203 221 -1 -1 19.300484
209 221 -1 -1 31.464136
203 209 221 -1 32.240918
244 258 -1 -1 33.560523
244 246 -1 -1 38.307566
244 246 258 -1 38.664044
221 244 -1 -1 34.747611
221 244 258 -1 36.696803
203 244 -1 -1 36.554979
203 221 244 -1 37.173388
195 244 -1 -1 40.102002
195 203 -1 -1 24.343203
195 203 244 -1 40.769312
212 226 -1 -1 15.200696
226 238 -1 -1 16.278495
212 226 238 -1 17.200113
198 226 -1 -1 25.592705
198 209 -1 -1 20.369187
209 226 -1 -1 21.419584
198 209 226 -1 26.436611
181 203 -1 -1 39.983972
181 209 -1 -1 36.095745
181 203 209 -1 41.503920
207 226 -1 -1 29.603430
207 212 -1 -1 25.703561
207 212 226 -1 29.609159
198 207 -1 -1 15.750875
198 207 226 -1 29.619694
146 151 -1 -1 17.550519
139 146 -1 -1 14.331113
139 146 151 -1 33.644853
92 128 -1 -1 30.146732
84 92 -1 -1 56.208141
84 128 -1 -1 50.992907
84 92 128 -1 56.575387
50 92 -1 -1 53.144383
50 84 92 -1 59.518958
149 154 -1 -1 22.878087
154 175 -1 -1 37.613022
149 154 175 -1 41.446036
154 166 -1 -1 25.834418
154 185 -1 -1 52.313109
154 166 185 -1 54.473856
116 154 -1 -1 41.495164
116 154 166 -1 44.017641
116 149 154 -1 42.078182
230 264 -1 -1 31.595843
251 264 -1 -1 28.011002
230 251 264 -1 32.820336
237 264 -1 -1 21.882519
230 237 264 -1 31.595988
293 302 -1 -1 28.003461
302 304 -1 -1 33.527561
293 304 -1 -1 37.755165
293 302 304 -1 39.068818
211 228 -1 -1 32.614320
228 237 -1 -1 24.002080
211 228 237 -1 32.812874
228 264 -1 -1 34.435954
228 237 264 -1 34.706436
228 269 -1 -1 36.184501
264 269 -1 -1 24.980910
228 264 269 -1 37.820607
223 228 -1 -1 34.809092
185 228 -1 -1 45.344384
185 223 228 -1 45.350676
185 211 -1 -1 34.566453
185 211 228 -1 45.528228
362 365 -1 -1 35.697534
331 365 -1 -1 43.226685
331 362 365 -1 43.291651
316 365 -1 -1 44.014513
316 331 -1 -1 35.371064
316 331 365 -1 47.726539
87 99 -1 -1 30.495454
87 107 -1 -1 25.559865
87 99 107 -1 44.178923
87 88 -1 -1 18.146173
87 88 99 -1 33.348691
80 87 -1 -1 17.562263
80 87 107 -1 25.635808
270 303 -1 -1 37.743489
288 303 -1 -1 34.697822
270 288 303 -1 37.875955
339 364 -1 -1 19.379269
333 339 -1 -1 30.016279
333 339 364 -1 35.679733
274 277 -1 -1 27.898162
257 274 -1 -1 19.090856
257 277 -1 -1 18.088989
257 274 277 -1 28.120266
277 287 -1 -1 26.951370
274 287 -1 -1 22.091379
274 277 287 -1 29.981081
254 277 -1 -1 26.972993
254 257 -1 -1 28.657109
254 257 277 -1 29.514700
272 277 -1 -1 13.735425
254 272 277 -1 27.155272
193 205 -1 -1 35.346317
184 205 -1 -1 37.519277
184 193 205 -1 38.161671
167 205 -1 -1 37.705108
167 184 205 -1 41.314988
182 205 -1 -1 35.336123
167 182 205 -1 37.813467
191 205 -1 -1 17.805441
182 191 205 -1 35.373684
250 252 -1 -1 17.478350
250 257 -1 -1 17.692391
252 257 -1 -1 22.506117
250 252 257 -1 22.884406
231 250 -1 -1 13.876239
231 252 -1 -1 28.491180
231 250 252 -1 37.354487
250 254 -1 -1 32.521663
250 254 257 -1 32.614833
252 268 -1 -1 10.428569
257 268 -1 -1 23.337090
252 257 268 -1 23.606069
268 274 -1 -1 13.406829
257 268 274 -1 23.337097
266 274 -1 -1 22.336948
266 268 -1 -1 16.210529
266 268 274 -1 22.527497
227 268 -1 -1 19.184653
227 266 -1 -1 18.919222
227 266 268 -1 21.053866
227 252 -1 -1 18.657316
227 252 268 -1 19.704551
280 302 -1 -1 13.329290
280 287 -1 -1 19.595461
287 302 -1 -1 14.539895
280 287 302 -1 19.597155
274 280 -1 -1 19.868562
274 280 287 -1 23.813271
266 280 -1 -1 22.618847
266 274 280 -1 25.059507
280 293 -1 -1 21.692728
266 293 -1 -1 27.710227
266 280 293 -1 28.395770
280 293 302 -1 28.810896
285 289 -1 -1 7.104903
270 289 -1 -1 19.881822
270 285 289 -1 20.062580
289 303 -1 -1 41.719024
289 298 -1 -1 10.076285
298 303 -1 -1 42.970110
289 298 303 -1 42.970704
270 289 303 -1 41.777502
289 290 -1 -1 15.209915
289 290 298 -1 15.477105
285 289 290 -1 16.722038
209 225 -1 -1 31.147290
221 225 -1 -1 28.984285
209 221 225 -1 35.319088
225 226 -1 -1 17.325289
209 225 226 -1 32.490353
225 242 -1 -1 24.682566
221 225 242 -1 29.896924
225 238 -1 -1 17.820677
225 226 238 -1 19.833263
225 253 -1 -1 35.885658
225 238 253 -1 38.227506
225 242 253 -1 38.181631
178 198 -1 -1 21.994540
178 209 -1 -1 28.625955
178 198 209 -1 28.738493
178 181 -1 -1 21.217985
178 181 209 -1 36.109278
152 181 -1 -1 31.994687
151 152 -1 -1 21.326560
151 181 -1 -1 30.215286
151 152 181 -1 33.200127
146 152 -1 -1 18.756860
146 151 152 -1 22.442388
152 178 -1 -1 40.189716
152 178 181 -1 40.409301
179 203 -1 -1 33.162749
179 195 -1 -1 23.079004
179 195 203 -1 33.171268
179 181 -1 -1 19.633631
179 181 203 -1 40.136638
172 179 -1 -1 29.129794
151 179 -1 -1 30.126174
151 172 179 -1 30.918572
151 179 181 -1 31.907209
97 128 -1 -1 32.451453
84 97 -1 -1 28.005765
84 97 128 -1 56.180241
125 143 -1 -1 32.818988
125 157 -1 -1 31.604890
125 143 157 -1 33.495564
125 126 -1 -1 37.284111
125 126 143 -1 37.699030
101 127 -1 -1 33.796557
109 127 -1 -1 24.729569
101 109 -1 -1 24.388109
101 109 127 -1 33.844416
92 101 -1 -1 19.013955
92 127 -1 -1 39.788516
92 101 127 -1 39.864642
50 101 -1 -1 49.063079
50 92 101 -1 53.168004
154 177 -1 -1 31.651403
177 185 -1 -1 34.993741
154 177 185 -1 53.758895
175 177 -1 -1 23.853170
154 175 177 -1 37.815496
177 211 -1 -1 35.618601
177 185 211 -1 40.492653
177 190 -1 -1 32.961682
175 177 190 -1 34.716540
177 190 211 -1 46.811797
228 243 -1 -1 24.292822
243 269 -1 -1 42.643279
228 243 269 -1 42.688624
243 293 -1 -1 42.912697
243 266 -1 -1 27.811463
243 266 293 -1 43.750347
227 243 -1 -1 22.747447
227 243 266 -1 28.008458
223 243 -1 -1 27.875325
223 227 -1 -1 29.931212
223 227 243 -1 31.529089
223 228 243 -1 35.040831
141 148 -1 -1 31.819866
147 148 -1 -1 20.060224
141 147 148 -1 31.950853
111 148 -1 -1 35.471246
111 141 148 -1 49.136833
137 148 -1 -1 14.456197
264 275 -1 -1 19.103837
251 275 -1 -1 30.411371
251 264 275 -1 31.104789
269 275 -1 -1 26.398602
264 269 275 -1 27.729204
316 326 -1 -1 31.841641
326 331 -1 -1 20.835132
316 326 331 -1 35.767001
293 311 -1 -1 25.280069
304 311 -1 -1 31.609097
293 304 311 -1 38.094262
332 353 -1 -1 37.276936
332 337 -1 -1 41.518822
332 337 353 -1 43.232293
332 343 -1 -1 15.845854
286 343 -1 -1 49.817651
286 328 -1 -1 44.456417
328 343 -1 -1 45.531477
286 328 343 -1 54.033477
286 303 -1 -1 37.693744
303 328 -1 -1 25.065532
286 303 328 -1 44.489379
286 288 -1 -1 29.583049
286 288 303 -1 39.795036
277 286 -1 -1 28.382153
286 287 -1 -1 22.665476
277 286 287 -1 30.368065
272 286 -1 -1 32.039600
272 286 288 -1 32.110996
272 277 286 -1 32.067176
303 323 -1 -1 28.240377
298 323 -1 -1 39.362007
298 303 323 -1 44.102027
297 323 -1 -1 40.724994
323 333 -1 -1 19.755463
297 323 333 -1 45.693334
297 298 323 -1 41.266492
323 328 -1 -1 37.949579
303 323 328 -1 37.951534
323 339 -1 -1 37.585684
323 333 339 -1 37.784255
205 213 -1 -1 32.637933
193 213 -1 -1 14.930883
193 205 213 -1 35.374365
205 231 -1 -1 36.035668
213 231 -1 -1 20.968648
205 213 231 -1 36.452292
213 252 -1 -1 37.293350
213 231 252 -1 37.549639
213 227 -1 -1 43.258549
213 227 252 -1 43.455719
213 223 -1 -1 44.948458
193 213 223 -1 45.184093
213 223 227 -1 46.942988
215 241 -1 -1 18.979681
215 254 -1 -1 32.195905
215 241 254 -1 33.817880
212 215 -1 -1 43.296535
212 215 241 -1 43.366890
191 215 -1 -1 29.504902
187 215 -1 -1 43.260661
187 191 215 -1 45.063079
207 215 -1 -1 48.778377
187 207 -1 -1 20.508908
187 207 215 -1 48.837423
207 212 215 -1 48.898527
180 187 -1 -1 29.529074
174 180 -1 -1 30.311270
174 180 187 -1 33.203610
180 207 -1 -1 33.434942
180 187 207 -1 33.788193
157 180 -1 -1 33.828751
157 174 180 -1 34.152127
180 198 -1 -1 35.376611
180 198 207 -1 35.587450
150 152 -1 -1 39.579671
132 150 -1 -1 27.318639
132 152 -1 -1 35.988357
132 150 152 -1 40.787232
150 178 -1 -1 21.535378
150 152 178 -1 41.436985
150 180 -1 -1 13.533390
132 180 -1 -1 30.825526
132 150 180 -1 30.837674
150 198 -1 -1 32.894800
150 178 198 -1 33.231627
150 180 198 -1 35.380809
127 129 -1 -1 47.098047
129 132 -1 -1 49.223797
127 132 -1 -1 29.252318
127 129 132 -1 50.657646
129 152 -1 -1 26.251227
129 132 152 -1 50.606701
92 129 -1 -1 28.787210
92 127 129 -1 47.267153
129 146 -1 -1 15.168156
129 146 152 -1 26.730189
128 129 -1 -1 19.832705
92 128 129 -1 31.349179
128 139 -1 -1 14.926517
129 139 -1 -1 15.633954
128 129 139 -1 20.085991
129 139 146 -1 17.404158
97 130 -1 -1 31.407922
128 130 -1 -1 12.988204
97 128 130 -1 32.708352
130 139 -1 -1 13.015809
128 130 139 -1 15.878392
127 138 -1 -1 32.661775
132 138 -1 -1 16.735421
127 132 138 -1 32.743139
125 138 -1 -1 18.855238
125 127 -1 -1 27.989957
125 127 138 -1 32.738383
138 157 -1 -1 25.876439
125 138 157 -1 31.616324
138 180 -1 -1 30.288276
138 157 180 -1 35.263576
132 138 180 -1 31.785283
121 125 -1 -1 17.392864
121 127 -1 -1 23.920842
121 125 127 -1 28.159905
51 95 -1 -1 23.554877
95 109 -1 -1 14.153500
51 109 -1 -1 32.272841
51 95 109 -1 35.737097
95 101 -1 -1 16.426695
95 101 109 -1 25.314199
275 301 -1 -1 21.913215
269 301 -1 -1 22.924574
269 275 301 -1 27.741790
320 326 -1 -1 25.862076
322 326 -1 -1 13.400300
320 322 -1 -1 29.618984
320 322 326 -1 29.644709
320 338 -1 -1 23.665084
320 331 -1 -1 27.969029
320 331 338 -1 28.799705
320 326 331 -1 29.296126
243 282 -1 -1 42.170709
269 282 -1 -1 25.537009
243 269 282 -1 44.476920
282 293 -1 -1 22.122131
243 282 293 -1 44.078394
282 301 -1 -1 35.067482
269 282 301 -1 35.102189
324 332 -1 -1 34.853108
324 337 -1 -1 28.236355
324 332 337 -1 41.971252
304 324 -1 -1 21.656819
304 332 -1 -1 20.249677
304 324 332 -1 37.725217
343 345 -1 -1 15.705916
345 367 -1 -1 15.490224
328 345 -1 -1 40.866238
328 343 345 -1 45.873183
286 308 -1 -1 28.856866
308 343 -1 -1 45.348599
286 308 343 -1 50.432438
302 308 -1 -1 5.589722
304 308 -1 -1 32.190981
302 304 308 -1 33.949974
287 308 -1 -1 14.194890
287 302 308 -1 14.673063
286 287 308 -1 29.350348
308 332 -1 -1 42.979556
304 308 332 -1 45.168523
308 332 343 -1 45.370007
205 218 -1 -1 10.553559
218 231 -1 -1 36.252560
205 218 231 -1 36.542958
191 218 -1 -1 14.268824
191 205 218 -1 17.805856
215 218 -1 -1 19.836330
191 215 218 -1 33.697582
215 232 -1 -1 32.533453
232 254 -1 -1 29.366146
215 232 254 -1 36.318608
232 250 -1 -1 12.299049
232 250 254 -1 32.582223
231 232 -1 -1 5.726938
231 232 250 -1 13.901482
218 232 -1 -1 36.981786
218 231 232 -1 37.027409
215 218 232 -1 37.060831
114 127 -1 -1 23.398294
109 114 -1 -1 7.109810
109 114 127 -1 24.750018
114 121 -1 -1 20.306898
114 121 127 -1 26.199756
51 114 -1 -1 36.389033
51 109 114 -1 42.180347
94 96 -1 -1 16.572258
124 125 -1 -1 37.015752
124 126 -1 -1 23.819167
124 125 126 -1 39.221901
121 124 -1 -1 35.583111
121 124 125 -1 37.501131
120 124 -1 -1 25.868768
120 124 126 -1 31.087485
91 124 -1 -1 30.932103
91 120 124 -1 33.374455
96 124 -1 -1 31.045098
91 96 124 -1 32.394815
94 124 -1 -1 25.958793
94 96 124 -1 31.050007
317 326 -1 -1 17.997435
316 317 -1 -1 32.669732
316 317 326 -1 33.619365
317 322 -1 -1 10.899946
317 322 326 -1 18.066565
307 316 -1 -1 34.616774
307 317 -1 -1 21.849305
307 316 317 -1 35.683013
299 320 -1 -1 22.227841
299 322 -1 -1 21.963213
299 320 322 -1 29.772969
306 311 -1 -1 11.848993
293 306 -1 -1 22.994889
293 306 311 -1 25.318676
282 306 -1 -1 9.418044
282 293 306 -1 23.157692
301 306 -1 -1 35.627982
282 301 306 -1 35.726721
299 306 -1 -1 30.303587
299 301 -1 -1 17.481086
299 301 306 -1 35.660821
311 321 -1 -1 15.358598
304 321 -1 -1 25.791279
304 311 321 -1 31.854042
321 324 -1 -1 7.063905
304 321 324 -1 29.364367
345 347 -1 -1 37.265266
328 347 -1 -1 14.586155
328 345 347 -1 40.947830
339 347 -1 -1 35.559369
323 347 -1 -1 43.230704
323 328 347 -1 44.077542
323 339 347 -1 45.353735
105 124 -1 -1 32.042062
105 121 -1 -1 13.009617
105 121 124 -1 35.709978
94 105 -1 -1 19.758013
94 105 124 -1 32.063545
105 114 -1 -1 19.688460
105 114 121 -1 21.166600
295 301 -1 -1 16.802700
275 295 -1 -1 22.449177
275 295 301 -1 23.975550
295 307 -1 -1 34.100453
295 317 -1 -1 23.919851
295 307 317 -1 34.302525
295 322 -1 -1 22.387259
295 317 322 -1 24.035602
295 299 -1 -1 25.938451
295 299 322 -1 27.339506
295 299 301 -1 26.213544
299 318 -1 -1 19.563882
318 320 -1 -1 21.307400
299 318 320 -1 24.382652
318 321 -1 -1 19.099259
311 318 -1 -1 13.673641
311 318 321 -1 19.284480
306 318 -1 -1 15.826539
306 311 318 -1 16.291813
299 306 318 -1 34.135997
347 363 -1 -1 20.461451
363 367 -1 -1 22.272360
345 363 -1 -1 29.637770
345 363 367 -1 30.289745
345 347 363 -1 37.372074
263 295 -1 -1 34.428538
263 307 -1 -1 36.208368
263 295 307 -1 40.358580
263 275 -1 -1 33.447481
263 275 295 -1 35.988717
251 263 -1 -1 31.174448
251 263 275 -1 36.676737
318 319 -1 -1 14.965390
319 320 -1 -1 14.546694
318 319 320 -1 21.326528
319 321 -1 -1 10.819850
318 319 321 -1 19.150827
319 324 -1 -1 15.512968
319 321 324 -1 17.705798
319 338 -1 -1 28.587664
319 320 338 -1 28.650605
319 337 -1 -1 32.152591
319 337 338 -1 32.278968
319 324 337 -1 32.152953
47 -1 -1 -1 0.000000
50 -1 -1 -1 0.000000
51 -1 -1 -1 0.000000
65 -1 -1 -1 0.000000
74 -1 -1 -1 0.000000
80 -1 -1 -1 0.000000
84 -1 -1 -1 0.000000
87 -1 -1 -1 0.000000
88 -1 -1 -1 0.000000
91 -1 -1 -1 0.000000
92 -1 -1 -1 0.000000
94 -1 -1 -1 0.000000
95 -1 -1 -1 0.000000
96 -1 -1 -1 0.000000
97 -1 -1 -1 0.000000
98 -1 -1 -1 0.000000
99 -1 -1 -1 0.000000
100 -1 -1 -1 0.000000
101 -1 -1 -1 0.000000
104 -1 -1 -1 0.000000
105 -1 -1 -1 0.000000
107 -1 -1 -1 0.000000
108 -1 -1 -1 0.000000
109 -1 -1 -1 0.000000
111 -1 -1 -1 0.000000
112 -1 -1 -1 0.000000
113 -1 -1 -1 0.000000
114 -1 -1 -1 0.000000
116 -1 -1 -1 0.000000
117 -1 -1 -1 0.000000
120 -1 -1 -1 0.000000
121 -1 -1 -1 0.000000
123 -1 -1 -1 0.000000
124 -1 -1 -1 0.000000
125 -1 -1 -1 0.000000
126 -1 -1 -1 0.000000
127 -1 -1 -1 0.000000
128 -1 -1 -1 0.000000
129 -1 -1 -1 0.000000
130 -1 -1 -1 0.000000
131 -1 -1 -1 0.000000
132 -1 -1 -1 0.000000
137 -1 -1 -1 0.000000
138 -1 -1 -1 0.000000
139 -1 -1 -1 0.000000
141 -1 -1 -1 0.000000
142 -1 -1 -1 0.000000
143 -1 -1 -1 0.000000
146 -1 -1 -1 0.000000
147 -1 -1 -1 0.000000
148 -1 -1 -1 0.000000
149 -1 -1 -1 0.000000
150 -1 -1 -1 0.000000
151 -1 -1 -1 0.000000
152 -1 -1 -1 0.000000
154 -1 -1 -1 0.000000
155 -1 -1 -1 0.000000
157 -1 -1 -1 0.000000
162 -1 -1 -1 0.000000
164 -1 -1 -1 0.000000
166 -1 -1 -1 0.000000
167 -1 -1 -1 0.000000
170 -1 -1 -1 0.000000
171 -1 -1 -1 0.000000
172 -1 -1 -1 0.000000
174 -1 -1 -1 0.000000
175 -1 -1 -1 0.000000
177 -1 -1 -1 0.000000
178 -1 -1 -1 0.000000
179 -1 -1 -1 0.000000
180 -1 -1 -1 0.000000
181 -1 -1 -1 0.000000
182 -1 -1 -1 0.000000
184 -1 -1 -1 0.000000
185 -1 -1 -1 0.000000
187 -1 -1 -1 0.000000
188 -1 -1 -1 0.000000
189 -1 -1 -1 0.000000
190 -1 -1 -1 0.000000
191 -1 -1 -1 0.000000
192 -1 -1 -1 0.000000
193 -1 -1 -1 0.000000
194 -1 -1 -1 0.000000
195 -1 -1 -1 0.000000
197 -1 -1 -1 0.000000
198 -1 -1 -1 0.000000
203 -1 -1 -1 0.000000
205 -1 -1 -1 0.000000
207 -1 -1 -1 0.000000
209 -1 -1 -1 0.000000
211 -1 -1 -1 0.000000
212 -1 -1 -1 0.000000
213 -1 -1 -1 0.000000
215 -1 -1 -1 0.000000
218 -1 -1 -1 0.000000
221 -1 -1 -1 0.000000
223 -1 -1 -1 0.000000
225 -1 -1 -1 0.000000
226 -1 -1 -1 0.000000
227 -1 -1 -1 0.000000
228 -1 -1 -1 0.000000
230 -1 -1 -1 0.000000
231 -1 -1 -1 0.000000
232 -1 -1 -1 0.000000
237 -1 -1 -1 0.000000
238 -1 -1 -1 0.000000
241 -1 -1 -1 0.000000
242 -1 -1 -1 0.000000
243 -1 -1 -1 0.000000
244 -1 -1 -1 0.000000
246 -1 -1 -1 0.000000
250 -1 -1 -1 0.000000
251 -1 -1 -1 0.000000
252 -1 -1 -1 0.000000
253 -1 -1 -1 0.000000
254 -1 -1 -1 0.000000
255 -1 -1 -1 0.000000
257 -1 -1 -1 0.000000
258 -1 -1 -1 0.000000
259 -1 -1 -1 0.000000
263 -1 -1 -1 0.000000
264 -1 -1 -1 0.000000
266 -1 -1 -1 0.000000
268 -1 -1 -1 0.000000
269 -1 -1 -1 0.000000
270 -1 -1 -1 0.000000
272 -1 -1 -1 0.000000
274 -1 -1 -1 0.000000
275 -1 -1 -1 0.000000
277 -1 -1 -1 0.000000
280 -1 -1 -1 0.000000
282 -1 -1 -1 0.000000
285 -1 -1 -1 0.000000
286 -1 -1 -1 0.000000
287 -1 -1 -1 0.000000
288 -1 -1 -1 0.000000
289 -1 -1 -1 0.000000
290 -1 -1 -1 0.000000
293 -1 -1 -1 0.000000
294 -1 -1 -1 0.000000
295 -1 -1 -1 0.000000
297 -1 -1 -1 0.000000
298 -1 -1 -1 0.000000
299 -1 -1 -1 0.000000
301 -1 -1 -1 0.000000
302 -1 -1 -1 0.000000
303 -1 -1 -1 0.000000
304 -1 -1 -1 0.000000
306 -1 -1 -1 0.000000
307 -1 -1 -1 0.000000
308 -1 -1 -1 0.000000
311 -1 -1 -1 0.000000
313 -1 -1 -1 0.000000
314 -1 -1 -1 0.000000
316 -1 -1 -1 0.000000
317 -1 -1 -1 0.000000
318 -1 -1 -1 0.000000
319 -1 -1 -1 0.000000
320 -1 -1 -1 0.000000
321 -1 -1 -1 0.000000
322 -1 -1 -1 0.000000
323 -1 -1 -1 0.000000
324 -1 -1 -1 0.000000
326 -1 -1 -1 0.000000
328 -1 -1 -1 0.000000
330 -1 -1 -1 0.000000
331 -1 -1 -1 0.000000
332 -1 -1 -1 0.000000
333 -1 -1 -1 0.000000
334 -1 -1 -1 0.000000
335 -1 -1 -1 0.000000
337 -1 -1 -1 0.000000
338 -1 -1 -1 0.000000
339 -1 -1 -1 0.000000
343 -1 -1 -1 0.000000
345 -1 -1 -1 0.000000
346 -1 -1 -1 0.000000
347 -1 -1 -1 0.000000
348 -1 -1 -1 0.000000
351 -1 -1 -1 0.000000
353 -1 -1 -1 0.000000
362 -1 -1 -1 0.000000
363 -1 -1 -1 0.000000
364 -1 -1 -1 0.000000
365 -1 -1 -1 0.000000
366 -1 -1 -1 0.000000
367 -1 -1 -1 0.000000
