245 268 -1 -1 34.010868
237 252 -1 -1 37.763602
252 257 -1 -1 26.943664
237 257 -1 -1 37.695351
237 252 257 -1 40.392223
251 263 -1 -1 38.391718
185 188 -1 -1 45.745867
165 185 -1 -1 35.113797
165 188 -1 -1 51.304152
165 185 188 -1 52.543147
163 185 -1 -1 40.939819
185 193 -1 -1 40.306922
163 193 -1 -1 41.180550
163 185 193 -1 47.127966
221 224 -1 -1 32.399718
221 244 -1 -1 44.701345
224 244 -1 -1 22.780675
221 224 244 -1 46.722811
206 228 -1 -1 42.046771
214 228 -1 -1 43.679530
206 214 -1 -1 32.056378
206 214 228 -1 46.259237
221 228 -1 -1 44.721540
214 221 -1 -1 27.034420
214 221 228 -1 46.452774
126 130 -1 -1 24.592862
126 129 -1 -1 18.892488
129 130 -1 -1 17.388214
126 129 130 -1 24.677809
92 110 -1 -1 33.106219
56 110 -1 -1 55.172428
56 92 -1 -1 49.122578
56 92 110 -1 55.745193
265 268 -1 -1 19.811495
170 183 -1 -1 18.716589
170 182 -1 -1 33.652650
182 183 -1 -1 21.653163
170 182 183 -1 36.489280
242 262 -1 -1 37.472927
252 261 -1 -1 35.338927
257 261 -1 -1 25.210947
252 257 261 -1 35.461183
261 264 -1 -1 31.389289
239 252 -1 -1 44.192539
237 239 -1 -1 35.782379
237 239 252 -1 46.017253
252 263 -1 -1 33.148851
227 237 -1 -1 48.097010
211 227 -1 -1 41.284523
211 237 -1 -1 33.005886
211 227 237 -1 48.862411
168 184 -1 -1 61.399064
168 175 -1 -1 31.042861
175 184 -1 -1 47.803227
168 175 184 -1 62.367688
218 228 -1 -1 40.676362
206 218 -1 -1 20.725951
206 218 228 -1 42.806220
146 185 -1 -1 42.756121
146 163 -1 -1 32.175544
146 163 185 -1 45.382602
146 165 -1 -1 54.920589
146 165 185 -1 54.926701
146 152 -1 -1 59.381093
132 146 -1 -1 47.918779
132 152 -1 -1 44.553201
132 146 152 -1 60.331945
152 165 -1 -1 35.303880
146 152 165 -1 60.482029
205 237 -1 -1 47.468837
205 211 -1 -1 34.712352
205 211 237 -1 47.476454
193 211 -1 -1 42.874284
193 205 -1 -1 37.603258
193 205 211 -1 44.930696
185 205 -1 -1 55.399694
185 193 205 -1 55.402494
188 205 -1 -1 39.344220
185 188 205 -1 56.111450
248 251 -1 -1 36.324812
244 251 -1 -1 43.934272
244 248 -1 -1 46.310721
244 248 251 -1 49.363466
221 248 -1 -1 39.634602
221 244 248 -1 50.577220
228 248 -1 -1 49.886730
221 228 248 -1 52.387584
245 250 -1 -1 35.884484
146 160 -1 -1 48.403336
145 160 -1 -1 36.705508
145 146 -1 -1 52.751983
145 146 160 -1 54.560998
160 163 -1 -1 34.046522
146 160 163 -1 48.514831
137 157 -1 -1 29.709068
130 150 -1 -1 20.196204
130 145 -1 -1 25.642103
145 150 -1 -1 19.138326
130 145 150 -1 25.939093
126 150 -1 -1 19.520172
126 130 150 -1 25.292077
35 57 -1 -1 21.284242
35 42 -1 -1 52.288916
42 57 -1 -1 43.976470
35 42 57 -1 53.212040
106 117 -1 -1 34.541804
106 132 -1 -1 49.456427
117 132 -1 -1 33.062971
106 117 132 -1 49.577668
111 112 -1 -1 33.810684
112 136 -1 -1 57.483590
111 136 -1 -1 57.657651
111 112 136 -1 60.226364
84 86 -1 -1 44.086336
56 84 -1 -1 22.400923
56 86 -1 -1 34.629980
56 84 86 -1 44.635242
91 122 -1 -1 42.277885
82 91 -1 -1 46.306664
87 91 -1 -1 30.049020
82 87 -1 -1 31.392394
82 87 91 -1 46.738544
54 72 -1 -1 24.224207
72 75 -1 -1 26.948522
54 75 -1 -1 34.378635
54 72 75 -1 34.553390
62 72 -1 -1 29.125329
62 82 -1 -1 25.557070
72 82 -1 -1 36.891815
62 72 82 -1 37.057082
30 62 -1 -1 47.352704
89 92 -1 -1 26.962104
87 92 -1 -1 48.243567
87 89 -1 -1 34.618050
87 89 92 -1 49.403140
89 110 -1 -1 25.785809
89 92 110 -1 33.881979
89 121 -1 -1 32.900531
110 121 -1 -1 30.124743
89 110 121 -1 34.669850
72 79 -1 -1 20.140890
75 79 -1 -1 24.386778
72 75 79 -1 28.063507
79 82 -1 -1 32.937443
72 79 82 -1 37.068877
79 87 -1 -1 43.949941
79 82 87 -1 44.049216
79 92 -1 -1 33.899053
79 87 92 -1 49.863320
76 79 -1 -1 34.108527
75 76 -1 -1 21.512953
75 76 79 -1 34.283487
76 92 -1 -1 24.446093
76 79 92 -1 36.440392
76 84 -1 -1 22.855397
56 76 -1 -1 39.552319
56 76 84 -1 46.558986
56 76 92 -1 49.541770
182 194 -1 -1 40.497775
187 194 -1 -1 23.916617
182 187 -1 -1 39.594301
182 187 194 -1 41.985159
194 195 -1 -1 36.290408
192 194 -1 -1 17.869393
192 195 -1 -1 35.966103
192 194 195 -1 37.291850
187 195 -1 -1 41.792075
187 194 195 -1 41.933448
182 202 -1 -1 37.404557
194 202 -1 -1 46.954546
182 194 202 -1 48.843757
249 264 -1 -1 35.883632
227 249 -1 -1 38.100634
238 249 -1 -1 33.876121
227 238 -1 -1 34.044019
227 238 249 -1 41.022583
234 249 -1 -1 44.207897
234 238 -1 -1 24.424338
234 238 249 -1 44.568917
249 261 -1 -1 42.584763
249 261 264 -1 43.499128
252 258 -1 -1 44.211926
258 263 -1 -1 21.923514
252 258 263 -1 45.763003
239 258 -1 -1 30.011032
239 252 258 -1 46.992895
251 258 -1 -1 25.677933
251 258 263 -1 40.200504
244 258 -1 -1 31.811549
244 251 258 -1 44.496519
239 244 -1 -1 19.738343
239 244 258 -1 32.727239
219 227 -1 -1 30.359473
211 219 -1 -1 26.210928
211 219 227 -1 41.359367
199 219 -1 -1 41.108488
193 199 -1 -1 61.133658
193 219 -1 -1 49.122560
193 199 219 -1 61.385704
193 211 219 -1 49.183874
226 234 -1 -1 24.112068
226 238 -1 -1 19.269934
226 234 238 -1 26.443805
203 221 -1 -1 44.239301
203 214 -1 -1 23.530663
203 214 221 -1 52.116621
203 224 -1 -1 57.222218
203 221 224 -1 57.473031
179 184 -1 -1 35.071546
175 179 -1 -1 24.398908
175 179 184 -1 49.628124
179 203 -1 -1 44.511240
184 203 -1 -1 33.279092
179 184 203 -1 45.038873
188 197 -1 -1 31.500099
165 197 -1 -1 53.521175
165 188 197 -1 55.064453
197 203 -1 -1 24.462101
184 197 -1 -1 26.976056
184 197 203 -1 33.745219
197 224 -1 -1 61.008639
188 224 -1 -1 52.397561
188 197 224 -1 61.009329
197 203 224 -1 61.097249
152 164 -1 -1 36.335042
164 165 -1 -1 33.617279
152 164 165 -1 40.573570
164 197 -1 -1 53.037150
164 165 197 -1 56.151146
164 184 -1 -1 39.126307
164 184 197 -1 54.966414
198 218 -1 -1 28.439653
198 206 -1 -1 32.139171
198 206 218 -1 32.638658
198 213 -1 -1 52.600891
181 198 -1 -1 20.418570
181 213 -1 -1 53.055091
181 198 213 -1 53.855342
213 218 -1 -1 43.207007
198 213 218 -1 52.637143
179 198 -1 -1 35.971972
175 198 -1 -1 45.968933
175 179 198 -1 46.347349
177 198 -1 -1 44.773881
175 177 -1 -1 26.222754
175 177 198 -1 47.434489
177 181 -1 -1 34.584235
177 181 198 -1 46.602188
142 146 -1 -1 28.557634
132 142 -1 -1 25.446100
132 142 146 -1 58.482674
142 145 -1 -1 45.672857
142 145 146 -1 52.806751
117 142 -1 -1 41.023438
117 132 142 -1 41.047613
224 232 -1 -1 29.929198
232 244 -1 -1 35.010205
224 232 244 -1 35.351418
232 239 -1 -1 29.554789
232 239 244 -1 35.028181
188 232 -1 -1 48.654278
188 224 232 -1 53.244848
205 232 -1 -1 29.194915
188 205 232 -1 48.659320
232 237 -1 -1 37.859175
232 237 239 -1 40.267898
205 232 237 -1 47.473927
250 260 -1 -1 30.264832
228 260 -1 -1 49.228187
228 250 -1 -1 40.847124
228 250 260 -1 49.332934
248 260 -1 -1 41.934241
228 248 260 -1 54.698138
160 180 -1 -1 35.374810
163 180 -1 -1 27.222602
160 163 180 -1 37.763956
180 199 -1 -1 43.371949
180 193 -1 -1 39.691605
180 193 199 -1 61.337956
163 180 193 -1 42.991838
126 148 -1 -1 20.085587
148 157 -1 -1 23.009538
148 150 -1 -1 11.538010
126 148 150 -1 20.721448
145 148 -1 -1 27.596328
145 148 150 -1 34.291419
160 161 -1 -1 17.298629
145 161 -1 -1 32.201344
145 160 161 -1 36.707339
148 161 -1 -1 33.118598
145 148 161 -1 36.046528
157 161 -1 -1 18.076620
148 157 161 -1 34.597785
137 161 -1 -1 40.528074
137 157 161 -1 44.288817
57 61 -1 -1 21.204948
61 67 -1 -1 19.048143
57 67 -1 -1 24.709678
57 61 67 -1 25.519674
42 61 -1 -1 44.632714
42 57 61 -1 45.649815
60 61 -1 -1 38.769915
60 67 -1 -1 30.358487
60 61 67 -1 39.481819
37 53 -1 -1 32.362562
37 69 -1 -1 24.038465
53 69 -1 -1 15.788457
37 53 69 -1 33.816933
19 52 -1 -1 43.412806
52 53 -1 -1 42.560630
53 64 -1 -1 34.041580
52 64 -1 -1 17.003197
52 53 64 -1 44.827528
40 57 -1 -1 31.373511
35 40 -1 -1 22.917836
35 40 57 -1 31.374114
128 130 -1 -1 15.079672
128 129 -1 -1 26.042787
128 129 130 -1 27.153913
114 118 -1 -1 25.331744
90 114 -1 -1 48.817168
90 118 -1 -1 47.212442
90 114 118 -1 49.864200
111 118 -1 -1 29.164586
118 136 -1 -1 49.862812
111 118 136 -1 57.658181
106 125 -1 -1 43.827050
125 132 -1 -1 31.162278
106 125 132 -1 50.129050
125 152 -1 -1 38.422885
125 132 152 -1 45.407831
114 125 -1 -1 25.026193
114 152 -1 -1 51.100563
114 125 152 -1 52.987402
60 94 -1 -1 32.513938
60 90 -1 -1 49.511088
90 94 -1 -1 46.578831
60 90 94 -1 51.217792
55 57 -1 -1 35.406208
55 67 -1 -1 22.243851
55 57 67 -1 35.732611
40 55 -1 -1 27.265225
40 55 57 -1 36.849338
112 139 -1 -1 31.414892
136 139 -1 -1 40.486975
112 136 139 -1 59.642868
99 112 -1 -1 34.418986
99 111 -1 -1 25.497844
99 111 112 -1 36.787170
110 115 -1 -1 36.637143
56 115 -1 -1 67.911597
56 110 115 -1 68.017688
112 115 -1 -1 41.359633
56 112 -1 -1 60.990844
56 112 115 -1 68.823410
115 139 -1 -1 41.054606
115 133 -1 -1 21.954587
133 139 -1 -1 27.455470
115 133 139 -1 44.247997
112 115 139 -1 44.573837
41 42 -1 -1 47.545983
52 63 -1 -1 39.323256
63 64 -1 -1 31.760479
52 63 64 -1 40.407148
170 172 -1 -1 32.894451
172 182 -1 -1 34.482050
170 172 182 -1 38.907883
172 187 -1 -1 29.411622
172 182 187 -1 40.784033
158 172 -1 -1 23.604453
158 187 -1 -1 27.882215
158 172 187 -1 31.482816
168 176 -1 -1 12.744277
175 176 -1 -1 21.280829
168 175 176 -1 40.499848
176 177 -1 -1 29.168232
175 176 177 -1 30.203619
89 124 -1 -1 38.996019
121 124 -1 -1 15.042279
89 121 124 -1 39.922265
41 46 -1 -1 26.785291
30 47 -1 -1 47.034344
47 62 -1 -1 29.684300
30 47 62 -1 49.718468
47 54 -1 -1 25.629892
47 72 -1 -1 32.276563
47 54 72 -1 32.711988
47 62 72 -1 35.178134
241 242 -1 -1 30.864574
241 262 -1 -1 31.862853
241 242 262 -1 39.113357
169 195 -1 -1 28.216329
181 195 -1 -1 37.704901
169 181 -1 -1 46.303883
169 181 195 -1 46.331738
169 187 -1 -1 43.039741
169 187 195 -1 45.011059
247 249 -1 -1 27.393580
227 247 -1 -1 19.815353
227 247 249 -1 39.740037
237 247 -1 -1 45.385624
247 257 -1 -1 22.935686
237 247 257 -1 45.482625
227 237 247 -1 48.241654
247 261 -1 -1 39.888895
247 257 261 -1 42.961459
247 249 261 -1 43.885210
227 229 -1 -1 21.223617
229 238 -1 -1 24.062610
227 229 238 -1 34.321185
219 229 -1 -1 28.495324
219 227 229 -1 31.640833
226 229 -1 -1 30.958969
226 229 238 -1 30.960155
179 207 -1 -1 32.906944
203 207 -1 -1 28.528613
179 203 207 -1 44.556388
206 207 -1 -1 14.625245
207 214 -1 -1 24.719046
206 207 214 -1 33.395289
203 207 214 -1 29.921830
198 207 -1 -1 39.408849
198 206 207 -1 41.682377
179 198 207 -1 42.035774
147 184 -1 -1 57.930492
147 168 -1 -1 37.820481
147 168 184 -1 63.120857
147 164 -1 -1 31.629071
147 164 184 -1 61.441371
136 147 -1 -1 27.312072
136 168 -1 -1 30.337176
136 147 168 -1 38.209628
147 152 -1 -1 47.450849
147 152 164 -1 47.472276
114 147 -1 -1 58.644872
114 147 152 -1 61.347823
118 147 -1 -1 57.653678
118 136 147 -1 57.686379
114 118 147 -1 59.621133
195 200 -1 -1 19.762668
181 200 -1 -1 30.452181
181 195 200 -1 37.845790
200 213 -1 -1 41.348651
181 200 213 -1 53.187816
192 200 -1 -1 38.560322
192 195 200 -1 38.936872
218 222 -1 -1 36.419888
222 228 -1 -1 37.620169
218 222 228 -1 44.312743
213 222 -1 -1 34.589710
213 218 222 -1 44.750534
222 250 -1 -1 38.891780
222 245 -1 -1 35.895082
222 245 250 -1 42.700873
222 228 250 -1 45.252307
161 174 -1 -1 40.288254
137 174 -1 -1 38.891004
137 161 174 -1 46.097150
174 199 -1 -1 40.846598
103 105 -1 -1 23.438906
105 126 -1 -1 35.163091
105 129 -1 -1 38.779400
105 126 129 -1 38.867739
103 129 -1 -1 40.564920
103 105 129 -1 41.625305
44 55 -1 -1 18.016831
37 44 -1 -1 38.713003
141 142 -1 -1 36.115369
117 141 -1 -1 40.021529
117 141 142 -1 45.275821
128 141 -1 -1 13.632253
117 128 -1 -1 39.960591
117 128 141 -1 40.585287
141 145 -1 -1 24.251446
141 142 145 -1 45.954259
130 141 -1 -1 20.048915
130 141 145 -1 27.287576
128 130 141 -1 20.056459
104 118 -1 -1 33.728852
90 104 -1 -1 30.965055
90 104 118 -1 47.307778
104 111 -1 -1 23.561517
104 111 118 -1 34.389464
94 109 -1 -1 29.605567
90 109 -1 -1 26.688276
90 94 109 -1 50.084771
106 109 -1 -1 24.294355
94 106 -1 -1 25.764977
94 106 109 -1 31.051420
109 114 -1 -1 41.235510
90 109 114 -1 48.821558
109 125 -1 -1 45.650112
106 109 125 -1 46.596898
109 114 125 -1 45.969159
80 94 -1 -1 38.267591
60 80 -1 -1 46.029723
60 80 94 -1 46.644940
80 96 -1 -1 13.613647
94 96 -1 -1 38.776489
80 94 96 -1 39.163545
74 96 -1 -1 28.942834
74 80 -1 -1 31.290395
74 80 96 -1 31.339129
69 74 -1 -1 41.352778
69 80 -1 -1 55.504001
69 74 80 -1 56.150429
100 128 -1 -1 36.201813
100 117 -1 -1 29.850176
100 117 128 -1 41.623290
96 100 -1 -1 33.930619
74 100 -1 -1 48.162877
74 96 100 -1 48.860385
94 116 -1 -1 31.657876
106 116 -1 -1 16.701113
94 106 116 -1 31.733707
96 116 -1 -1 40.012095
94 96 116 -1 43.042048
100 116 -1 -1 30.832437
96 100 116 -1 41.210729
116 117 -1 -1 22.929579
106 116 117 -1 40.078946
100 116 117 -1 32.792374
86 88 -1 -1 24.210409
56 88 -1 -1 29.574592
56 86 88 -1 35.222518
88 112 -1 -1 49.052527
56 88 112 -1 61.701457
88 99 -1 -1 22.379705
88 99 112 -1 55.498655
113 121 -1 -1 23.771541
110 113 -1 -1 23.194186
110 113 121 -1 30.609918
113 115 -1 -1 20.105871
110 113 115 -1 40.557756
113 149 -1 -1 44.230647
121 149 -1 -1 38.262803
113 121 149 -1 44.266086
113 133 -1 -1 37.376448
113 115 133 -1 45.823683
113 151 -1 -1 51.438447
133 151 -1 -1 36.648038
113 133 151 -1 51.468860
149 151 -1 -1 26.472741
113 149 151 -1 51.439040
41 71 -1 -1 35.431497
42 71 -1 -1 42.738193
41 42 71 -1 49.397143
71 86 -1 -1 17.987198
71 84 -1 -1 46.863959
71 84 86 -1 46.910875
162 172 -1 -1 21.120853
158 162 -1 -1 20.395589
158 162 172 -1 25.237754
149 162 -1 -1 37.114116
134 149 -1 -1 25.705344
134 162 -1 -1 27.316982
134 149 162 -1 37.122321
149 158 -1 -1 39.544142
149 158 162 -1 40.007307
131 176 -1 -1 30.810234
131 168 -1 -1 27.485002
131 168 176 -1 30.841286
131 136 -1 -1 34.656823
131 136 168 -1 36.152272
131 139 -1 -1 26.545355
131 136 139 -1 40.918644
120 122 -1 -1 21.252237
122 134 -1 -1 44.258446
120 134 -1 -1 42.891981
120 122 134 -1 45.013742
120 124 -1 -1 25.213317
124 134 -1 -1 32.924255
120 124 134 -1 43.004465
91 120 -1 -1 41.213713
87 120 -1 -1 41.463007
87 91 120 -1 44.374016
91 120 122 -1 43.214883
89 120 -1 -1 43.813267
87 89 120 -1 46.727800
89 120 124 -1 44.134432
143 149 -1 -1 13.099365
121 143 -1 -1 32.245157
121 143 149 -1 40.098817
124 143 -1 -1 26.259697
121 124 143 -1 32.649242
134 143 -1 -1 15.822710
134 143 149 -1 31.448467
124 134 143 -1 33.430547
50 54 -1 -1 19.954988
46 50 -1 -1 36.343106
50 75 -1 -1 29.876400
50 54 75 -1 34.522947
222 240 -1 -1 44.214941
240 245 -1 -1 38.456000
222 240 245 -1 46.263107
213 240 -1 -1 28.762219
213 222 240 -1 44.241359
149 166 -1 -1 42.485525
151 166 -1 -1 29.315502
149 151 166 -1 43.024083
158 166 -1 -1 23.520724
149 158 166 -1 43.095789
166 187 -1 -1 35.092514
158 166 187 -1 35.193228
166 169 -1 -1 26.716029
166 169 187 -1 43.092563
202 220 -1 -1 29.028376
209 219 -1 -1 23.467521
199 209 -1 -1 26.298797
199 209 219 -1 44.110229
209 229 -1 -1 19.351869
209 219 229 -1 28.719387
200 215 -1 -1 37.349039
192 215 -1 -1 36.430801
192 200 215 -1 43.275499
213 215 -1 -1 31.093269
200 213 215 -1 43.081111
215 240 -1 -1 33.305884
213 215 240 -1 36.052726
161 189 -1 -1 38.878651
160 189 -1 -1 30.248355
160 161 189 -1 40.549871
174 189 -1 -1 20.456815
161 174 189 -1 41.059661
180 189 -1 -1 17.325310
160 180 189 -1 35.395984
189 199 -1 -1 40.511293
180 189 199 -1 43.411895
174 189 199 -1 42.034182
63 81 -1 -1 48.070935
81 103 -1 -1 31.976645
73 80 -1 -1 28.536516
60 73 -1 -1 32.953895
60 73 80 -1 46.343363
67 73 -1 -1 41.492145
60 67 73 -1 41.922621
55 73 -1 -1 33.380555
55 67 73 -1 41.611824
44 73 -1 -1 37.133024
44 55 73 -1 37.179318
37 73 -1 -1 46.823638
37 44 73 -1 48.212471
69 73 -1 -1 54.811069
37 69 73 -1 55.109488
69 73 80 -1 57.115699
77 104 -1 -1 45.616105
77 90 -1 -1 36.532051
77 90 104 -1 45.818844
60 77 -1 -1 48.176181
60 77 90 -1 52.690303
61 77 -1 -1 35.672463
60 61 77 -1 48.840571
42 77 -1 -1 51.672880
42 61 77 -1 52.597723
77 78 -1 -1 25.237879
78 104 -1 -1 45.838221
77 78 104 -1 47.576108
78 88 -1 -1 39.164442
78 86 -1 -1 30.279850
78 86 88 -1 39.173109
71 78 -1 -1 36.316287
71 78 86 -1 36.410870
42 78 -1 -1 45.821175
42 71 78 -1 48.666452
42 77 78 -1 51.694216
138 170 -1 -1 40.227823
138 172 -1 -1 43.752958
138 170 172 -1 45.820368
138 162 -1 -1 32.937772
138 162 172 -1 45.514487
134 138 -1 -1 30.355708
134 138 162 -1 35.181534
177 178 -1 -1 14.061692
178 181 -1 -1 42.258860
177 178 181 -1 46.175426
169 178 -1 -1 29.474282
169 178 181 -1 47.307892
176 178 -1 -1 34.455062
176 177 178 -1 34.957910
131 178 -1 -1 43.353365
131 176 178 -1 43.674282
50 68 -1 -1 29.083044
68 75 -1 -1 25.610946
50 68 75 -1 32.738538
68 76 -1 -1 29.145230
68 75 76 -1 30.056506
68 84 -1 -1 27.140354
68 76 84 -1 30.875944
241 259 -1 -1 32.706401
255 259 -1 -1 17.588476
241 255 -1 -1 33.642693
241 255 259 -1 34.447438
259 265 -1 -1 30.836380
236 255 -1 -1 25.200599
236 241 -1 -1 43.544234
236 241 255 -1 43.671190
215 236 -1 -1 34.583741
236 240 -1 -1 15.588103
215 236 240 -1 34.982001
253 268 -1 -1 31.342835
245 253 -1 -1 23.319866
245 253 268 -1 35.152040
253 265 -1 -1 30.337761
253 265 268 -1 32.599193
240 253 -1 -1 32.166162
240 245 253 -1 38.541056
253 259 -1 -1 34.802478
253 259 265 -1 37.193754
253 255 -1 -1 24.506615
253 255 259 -1 37.144822
236 253 -1 -1 33.092826
236 240 253 -1 33.654930
236 253 255 -1 33.309051
210 220 -1 -1 20.567409
220 225 -1 -1 32.349873
210 225 -1 -1 23.917038
210 220 225 -1 32.394237
202 210 -1 -1 25.606495
202 210 220 -1 29.786051
194 210 -1 -1 41.045162
192 210 -1 -1 31.534883
192 194 210 -1 43.467020
194 202 210 -1 47.052648
231 236 -1 -1 29.982302
231 241 -1 -1 35.937723
231 236 241 -1 43.956229
215 231 -1 -1 33.637096
215 225 -1 -1 26.522683
225 231 -1 -1 14.484092
215 225 231 -1 35.081769
215 231 236 -1 37.986015
233 242 -1 -1 29.357553
220 233 -1 -1 19.000074
233 241 -1 -1 31.877967
233 241 242 -1 35.508649
231 233 -1 -1 25.167526
231 233 241 -1 36.867514
225 233 -1 -1 31.799964
220 225 233 -1 33.593291
225 231 233 -1 32.679924
215 217 -1 -1 24.677472
217 225 -1 -1 10.388801
215 217 225 -1 26.531816
192 217 -1 -1 25.508712
192 215 217 -1 36.483324
210 217 -1 -1 20.921721
210 217 225 -1 23.961197
192 210 217 -1 31.657792
63 65 -1 -1 39.911540
64 65 -1 -1 23.271597
63 64 65 -1 39.928151
65 81 -1 -1 35.423739
63 65 81 -1 48.961839
53 65 -1 -1 28.837791
65 69 -1 -1 32.571448
53 65 69 -1 32.579303
53 64 65 -1 34.484191
65 74 -1 -1 42.414119
65 69 74 -1 45.477722
74 81 -1 -1 35.316014
65 74 81 -1 44.194981
100 108 -1 -1 33.592848
74 108 -1 -1 53.421808
74 100 108 -1 54.346104
81 108 -1 -1 43.622919
74 81 108 -1 53.670531
108 128 -1 -1 29.587792
108 129 -1 -1 21.572533
108 128 129 -1 30.468232
100 108 128 -1 38.627546
103 108 -1 -1 37.320624
103 108 129 -1 40.923499
81 103 108 -1 44.664218
88 102 -1 -1 31.105151
99 102 -1 -1 15.062463
88 99 102 -1 33.281635
78 102 -1 -1 38.843997
78 88 102 -1 42.533178
102 104 -1 -1 17.524106
78 102 104 -1 46.878338
102 111 -1 -1 23.368967
99 102 111 -1 25.895151
102 104 111 -1 25.295967
153 178 -1 -1 38.173132
153 169 -1 -1 49.864902
153 169 178 -1 49.992366
153 166 -1 -1 47.724278
151 153 -1 -1 30.190056
151 153 166 -1 49.809264
153 166 169 -1 50.871833
131 153 -1 -1 26.867657
131 153 178 -1 43.823147
139 153 -1 -1 35.811950
131 139 153 -1 35.995921
50 66 -1 -1 34.930012
46 66 -1 -1 14.388683
46 50 66 -1 36.548115
66 68 -1 -1 16.652891
50 66 68 -1 35.106349
41 66 -1 -1 32.611922
41 46 66 -1 33.155877
66 71 -1 -1 46.308227
41 66 71 -1 46.440775
66 84 -1 -1 35.311229
66 71 84 -1 50.345954
66 68 84 -1 36.545804
139 155 -1 -1 34.456881
133 155 -1 -1 17.003560
133 139 155 -1 34.876226
153 155 -1 -1 13.076930
139 153 155 -1 35.939263
151 155 -1 -1 24.762183
133 151 155 -1 43.011270
151 153 155 -1 30.790437
19 -1 -1 -1 0.000000
30 -1 -1 -1 0.000000
35 -1 -1 -1 0.000000
37 -1 -1 -1 0.000000
40 -1 -1 -1 0.000000
41 -1 -1 -1 0.000000
42 -1 -1 -1 0.000000
44 -1 -1 -1 0.000000
46 -1 -1 -1 0.000000
47 -1 -1 -1 0.000000
50 -1 -1 -1 0.000000
52 -1 -1 -1 0.000000
53 -1 -1 -1 0.000000
54 -1 -1 -1 0.000000
55 -1 -1 -1 0.000000
56 -1 -1 -1 0.000000
57 -1 -1 -1 0.000000
60 -1 -1 -1 0.000000
61 -1 -1 -1 0.000000
62 -1 -1 -1 0.000000
63 -1 -1 -1 0.000000
64 -1 -1 -1 0.000000
65 -1 -1 -1 0.000000
66 -1 -1 -1 0.000000
67 -1 -1 -1 0.000000
68 -1 -1 -1 0.000000
69 -1 -1 -1 0.000000
71 -1 -1 -1 0.000000
72 -1 -1 -1 0.000000
73 -1 -1 -1 0.000000
74 -1 -1 -1 0.000000
75 -1 -1 -1 0.000000
76 -1 -1 -1 0.000000
77 -1 -1 -1 0.000000
78 -1 -1 -1 0.000000
79 -1 -1 -1 0.000000
80 -1 -1 -1 0.000000
81 -1 -1 -1 0.000000
82 -1 -1 -1 0.000000
84 -1 -1 -1 0.000000
86 -1 -1 -1 0.000000
87 -1 -1 -1 0.000000
88 -1 -1 -1 0.000000
89 -1 -1 -1 0.000000
90 -1 -1 -1 0.000000
91 -1 -1 -1 0.000000
92 -1 -1 -1 0.000000
94 -1 -1 -1 0.000000
96 -1 -1 -1 0.000000
99 -1 -1 -1 0.000000
100 -1 -1 -1 0.000000
102 -1 -1 -1 0.000000
103 -1 -1 -1 0.000000
104 -1 -1 -1 0.000000
105 -1 -1 -1 0.000000
106 -1 -1 -1 0.000000
108 -1 -1 -1 0.000000
109 -1 -1 -1 0.000000
110 -1 -1 -1 0.000000
111 -1 -1 -1 0.000000
112 -1 -1 -1 0.000000
113 -1 -1 -1 0.000000
114 -1 -1 -1 0.000000
115 -1 -1 -1 0.000000
116 -1 -1 -1 0.000000
117 -1 -1 -1 0.000000
118 -1 -1 -1 0.000000
120 -1 -1 -1 0.000000
121 -1 -1 -1 0.000000
122 -1 -1 -1 0.000000
124 -1 -1 -1 0.000000
125 -1 -1 -1 0.000000
126 -1 -1 -1 0.000000
128 -1 -1 -1 0.000000
129 -1 -1 -1 0.000000
130 -1 -1 -1 0.000000
131 -1 -1 -1 0.000000
132 -1 -1 -1 0.000000
133 -1 -1 -1 0.000000
134 -1 -1 -1 0.000000
136 -1 -1 -1 0.000000
137 -1 -1 -1 0.000000
138 -1 -1 -1 0.000000
139 -1 -1 -1 0.000000
141 -1 -1 -1 0.000000
142 -1 -1 -1 0.000000
143 -1 -1 -1 0.000000
145 -1 -1 -1 0.000000
146 -1 -1 -1 0.000000
147 -1 -1 -1 0.000000
148 -1 -1 -1 0.000000
149 -1 -1 -1 0.000000
150 -1 -1 -1 0.000000
151 -1 -1 -1 0.000000
152 -1 -1 -1 0.000000
153 -1 -1 -1 0.000000
155 -1 -1 -1 0.000000
157 -1 -1 -1 0.000000
158 -1 -1 -1 0.000000
160 -1 -1 -1 0.000000
161 -1 -1 -1 0.000000
162 -1 -1 -1 0.000000
163 -1 -1 -1 0.000000
164 -1 -1 -1 0.000000
165 -1 -1 -1 0.000000
166 -1 -1 -1 0.000000
168 -1 -1 -1 0.000000
169 -1 -1 -1 0.000000
170 -1 -1 -1 0.000000
172 -1 -1 -1 0.000000
174 -1 -1 -1 0.000000
175 -1 -1 -1 0.000000
176 -1 -1 -1 0.000000
177 -1 -1 -1 0.000000
178 -1 -1 -1 0.000000
179 -1 -1 -1 0.000000
180 -1 -1 -1 0.000000
181 -1 -1 -1 0.000000
182 -1 -1 -1 0.000000
183 -1 -1 -1 0.000000
184 -1 -1 -1 0.000000
185 -1 -1 -1 0.000000
187 -1 -1 -1 0.000000
188 -1 -1 -1 0.000000
189 -1 -1 -1 0.000000
192 -1 -1 -1 0.000000
193 -1 -1 -1 0.000000
194 -1 -1 -1 0.000000
195 -1 -1 -1 0.000000
197 -1 -1 -1 0.000000
198 -1 -1 -1 0.000000
199 -1 -1 -1 0.000000
200 -1 -1 -1 0.000000
202 -1 -1 -1 0.000000
203 -1 -1 -1 0.000000
205 -1 -1 -1 0.000000
206 -1 -1 -1 0.000000
207 -1 -1 -1 0.000000
209 -1 -1 -1 0.000000
210 -1 -1 -1 0.000000
211 -1 -1 -1 0.000000
213 -1 -1 -1 0.000000
214 -1 -1 -1 0.000000
215 -1 -1 -1 0.000000
217 -1 -1 -1 0.000000
218 -1 -1 -1 0.000000
219 -1 -1 -1 0.000000
220 -1 -1 -1 0.000000
221 -1 -1 -1 0.000000
222 -1 -1 -1 0.000000
224 -1 -1 -1 0.000000
225 -1 -1 -1 0.000000
226 -1 -1 -1 0.000000
227 -1 -1 -1 0.000000
228 -1 -1 -1 0.000000
229 -1 -1 -1 0.000000
231 -1 -1 -1 0.000000
232 -1 -1 -1 0.000000
233 -1 -1 -1 0.000000
234 -1 -1 -1 0.000000
236 -1 -1 -1 0.000000
237 -1 -1 -1 0.000000
238 -1 -1 -1 0.000000
239 -1 -1 -1 0.000000
240 -1 -1 -1 0.000000
241 -1 -1 -1 0.000000
242 -1 -1 -1 0.000000
244 -1 -1 -1 0.000000
245 -1 -1 -1 0.000000
247 -1 -1 -1 0.000000
248 -1 -1 -1 0.000000
249 -1 -1 -1 0.000000
250 -1 -1 -1 0.000000
251 -1 -1 -1 0.000000
252 -1 -1 -1 0.000000
253 -1 -1 -1 0.000000
255 -1 -1 -1 0.000000
257 -1 -1 -1 0.000000
258 -1 -1 -1 0.000000
259 -1 -1 -1 0.000000
260 -1 -1 -1 0.000000
261 -1 -1 -1 0.000000
262 -1 -1 -1 0.000000
263 -1 -1 -1 0.000000
264 -1 -1 -1 0.000000
265 -1 -1 -1 0.000000
268 -1 -1 -1 0.000000
