173 195 -1 -1 43.688050
175 195 -1 -1 60.489404
173 175 -1 -1 45.884772
173 175 195 -1 60.728058
232 233 -1 -1 43.044412
195 204 -1 -1 48.358284
175 204 -1 -1 43.637316
175 195 204 -1 61.076493
198 204 -1 -1 50.395216
204 212 -1 -1 44.190540
198 212 -1 -1 41.207220
198 204 212 -1 52.918373
27 31 -1 -1 43.346069
56 68 -1 -1 41.400377
58 68 -1 -1 53.386249
56 58 -1 -1 37.479598
56 58 68 -1 53.587374
25 35 -1 -1 41.382837
31 35 -1 -1 32.581113
146 161 -1 -1 60.809434
161 165 -1 -1 41.371538
146 165 -1 -1 44.276963
146 161 165 -1 60.810934
134 146 -1 -1 41.386291
134 138 -1 -1 41.663934
138 146 -1 -1 44.525498
134 138 146 -1 49.192786
146 158 -1 -1 44.137187
134 158 -1 -1 42.502550
134 146 158 -1 49.330292
233 239 -1 -1 19.896443
212 239 -1 -1 39.439208
212 233 -1 -1 37.255826
212 233 239 -1 39.915816
239 250 -1 -1 29.780777
228 240 -1 -1 55.739266
107 133 -1 -1 54.308031
133 138 -1 -1 41.149655
107 138 -1 -1 45.128715
107 133 138 -1 55.548550
204 217 -1 -1 41.179653
195 217 -1 -1 35.421174
195 204 217 -1 49.458500
215 217 -1 -1 49.477697
215 232 -1 -1 50.799598
217 232 -1 -1 37.740918
215 217 232 -1 54.141683
132 134 -1 -1 65.662827
118 132 -1 -1 33.650905
118 134 -1 -1 64.047433
118 132 134 -1 67.221474
132 158 -1 -1 57.591332
132 134 158 -1 66.584251
160 169 -1 -1 48.660430
160 173 -1 -1 38.897348
169 173 -1 -1 33.035296
160 169 173 -1 48.867782
169 175 -1 -1 37.446209
169 173 175 -1 46.460060
161 169 -1 -1 38.320256
161 175 -1 -1 48.431002
161 169 175 -1 49.262609
144 146 -1 -1 51.242862
144 161 -1 -1 34.543111
144 146 161 -1 60.845144
133 144 -1 -1 34.396610
138 144 -1 -1 48.011944
133 138 144 -1 49.020509
138 144 146 -1 55.615953
161 181 -1 -1 35.462033
175 181 -1 -1 37.450443
161 175 181 -1 48.774174
165 181 -1 -1 30.311106
161 165 181 -1 42.373406
198 210 -1 -1 20.951429
210 212 -1 -1 30.855667
198 210 212 -1 42.420387
174 182 -1 -1 19.660635
164 174 -1 -1 20.526315
164 182 -1 -1 31.361367
164 174 182 -1 32.131620
176 189 -1 -1 40.778700
165 176 -1 -1 38.197130
165 189 -1 -1 34.674925
165 176 189 -1 44.025938
181 189 -1 -1 22.397551
165 181 189 -1 35.130949
137 157 -1 -1 43.042839
123 157 -1 -1 62.380732
123 137 -1 -1 40.899676
123 137 157 -1 62.720315
231 241 -1 -1 31.065988
221 231 -1 -1 23.360292
24 38 -1 -1 34.665929
68 90 -1 -1 37.439077
68 91 -1 -1 24.200326
90 91 -1 -1 44.083753
68 90 91 -1 44.096733
90 107 -1 -1 65.572846
91 107 -1 -1 50.445224
90 91 107 -1 65.631693
97 107 -1 -1 56.192617
90 97 -1 -1 40.306811
90 97 107 -1 65.947940
58 90 -1 -1 43.008406
58 68 90 -1 53.805670
90 93 -1 -1 50.306877
58 93 -1 -1 48.733189
58 90 93 -1 54.996884
68 78 -1 -1 27.418116
78 91 -1 -1 29.702766
68 78 91 -1 31.620810
64 68 -1 -1 42.536200
64 78 -1 -1 20.315304
64 68 78 -1 52.164538
35 53 -1 -1 30.418247
31 53 -1 -1 31.171360
31 35 53 -1 36.292380
53 64 -1 -1 42.399815
31 64 -1 -1 42.609267
31 53 64 -1 45.687561
53 68 -1 -1 49.423027
53 56 -1 -1 22.444563
53 56 68 -1 49.788904
53 64 68 -1 52.218843
42 56 -1 -1 29.468217
42 58 -1 -1 50.882042
42 56 58 -1 51.410442
42 45 -1 -1 27.845603
45 58 -1 -1 51.004949
42 45 58 -1 52.960155
42 53 -1 -1 33.730389
42 53 56 -1 34.272734
35 42 -1 -1 30.841762
35 42 53 -1 36.694218
25 42 -1 -1 31.084689
25 35 42 -1 41.621247
25 45 -1 -1 28.729982
25 42 45 -1 33.861317
146 159 -1 -1 40.863390
158 159 -1 -1 28.999450
146 158 159 -1 45.436346
159 164 -1 -1 38.308257
158 164 -1 -1 42.470779
158 159 164 -1 43.610931
159 176 -1 -1 37.628971
164 176 -1 -1 55.241186
159 164 176 -1 55.335359
159 165 -1 -1 46.343586
159 165 176 -1 47.901787
146 159 165 -1 50.803008
97 135 -1 -1 37.041970
118 135 -1 -1 62.574538
97 118 -1 -1 58.093497
97 118 135 -1 63.775809
134 135 -1 -1 21.626622
118 134 135 -1 64.395958
97 108 -1 -1 36.937605
108 118 -1 -1 43.161427
97 108 118 -1 58.155805
90 108 -1 -1 50.035618
90 97 108 -1 50.714151
93 108 -1 -1 22.633467
90 93 108 -1 51.501747
40 55 -1 -1 49.582757
39 40 -1 -1 47.481570
39 55 -1 -1 28.593187
39 40 55 -1 50.899501
39 45 -1 -1 43.203533
30 34 -1 -1 28.003135
27 50 -1 -1 43.935274
31 50 -1 -1 49.104746
27 31 50 -1 52.788664
50 64 -1 -1 33.210769
31 50 64 -1 49.912901
246 250 -1 -1 29.603488
209 224 -1 -1 39.777950
205 209 -1 -1 36.375371
205 224 -1 -1 35.468011
205 209 224 -1 43.141489
224 243 -1 -1 36.210940
240 243 -1 -1 40.258230
224 240 -1 -1 26.124218
224 240 243 -1 41.064098
194 209 -1 -1 53.431591
194 205 -1 -1 35.314002
194 205 209 -1 53.762693
189 194 -1 -1 31.602273
176 194 -1 -1 35.909606
176 189 194 -1 42.420390
194 210 -1 -1 35.480505
205 210 -1 -1 35.479277
194 205 210 -1 40.905096
194 198 -1 -1 35.330910
194 198 210 -1 37.066039
189 198 -1 -1 29.198488
189 194 198 -1 37.382619
208 209 -1 -1 35.431359
207 208 -1 -1 33.514293
207 209 -1 -1 44.259879
207 208 209 -1 44.967470
208 228 -1 -1 46.404572
208 240 -1 -1 51.775436
208 228 240 -1 59.731318
208 224 -1 -1 51.611926
208 224 240 -1 53.428360
208 209 224 -1 51.710400
107 114 -1 -1 65.552970
114 133 -1 -1 53.842941
107 114 133 -1 67.988320
114 121 -1 -1 66.834941
104 114 -1 -1 52.337242
104 121 -1 -1 43.212181
104 114 121 -1 66.866781
187 196 -1 -1 34.952584
183 187 -1 -1 19.492412
183 196 -1 -1 38.590561
183 187 196 -1 38.722540
173 187 -1 -1 42.398337
173 183 -1 -1 47.937303
173 183 187 -1 48.065013
187 195 -1 -1 35.635757
173 187 195 -1 47.305104
197 222 -1 -1 49.465871
197 203 -1 -1 48.071749
203 222 -1 -1 13.541111
197 203 222 -1 49.498665
221 222 -1 -1 13.966186
226 231 -1 -1 23.492733
231 235 -1 -1 24.494494
226 235 -1 -1 13.899065
226 231 235 -1 25.122563
221 226 -1 -1 24.085976
221 226 231 -1 27.311935
222 226 -1 -1 33.114521
221 222 226 -1 37.693287
197 226 -1 -1 43.570942
197 222 226 -1 50.383140
218 229 -1 -1 37.439456
229 237 -1 -1 39.462170
218 237 -1 -1 43.581667
218 229 237 -1 46.686692
187 201 -1 -1 39.633679
195 201 -1 -1 46.539000
187 195 201 -1 47.926861
196 201 -1 -1 24.035447
187 196 201 -1 40.005540
201 217 -1 -1 58.236953
195 201 217 -1 58.239205
201 215 -1 -1 37.931514
201 215 217 -1 58.750692
218 219 -1 -1 25.682498
219 237 -1 -1 32.598399
218 219 237 -1 43.827547
214 219 -1 -1 22.775187
214 218 -1 -1 29.300461
214 218 219 -1 30.460601
215 245 -1 -1 26.205878
232 245 -1 -1 42.861996
215 232 245 -1 50.815787
217 223 -1 -1 32.873184
204 223 -1 -1 30.621364
204 217 223 -1 41.718563
212 223 -1 -1 40.999345
223 233 -1 -1 20.209855
212 223 233 -1 41.120453
204 212 223 -1 45.831179
223 232 -1 -1 41.625224
223 232 233 -1 43.690509
217 223 232 -1 43.801206
26 40 -1 -1 45.030560
26 39 -1 -1 29.617347
26 39 40 -1 48.959516
149 158 -1 -1 32.847801
149 164 -1 -1 36.495352
149 158 164 -1 43.901615
132 149 -1 -1 39.111709
132 149 158 -1 59.910954
149 174 -1 -1 41.678597
149 164 174 -1 41.681015
142 149 -1 -1 51.990942
132 142 -1 -1 39.373791
132 142 149 -1 52.384782
156 169 -1 -1 37.758990
156 161 -1 -1 40.503084
156 161 169 -1 44.939119
144 156 -1 -1 34.154774
144 156 161 -1 42.527031
133 156 -1 -1 48.237550
133 143 -1 -1 49.691135
143 156 -1 -1 20.639492
133 143 156 -1 50.203088
133 144 156 -1 48.239824
181 192 -1 -1 32.164777
175 192 -1 -1 34.213124
175 181 192 -1 40.219878
192 204 -1 -1 42.861290
175 192 204 -1 47.097702
192 198 -1 -1 17.114027
192 198 204 -1 52.483308
189 192 -1 -1 28.655349
189 192 198 -1 30.294781
181 189 192 -1 33.007525
210 227 -1 -1 35.459440
212 227 -1 -1 31.033500
210 212 227 -1 37.756345
205 227 -1 -1 40.126171
205 210 227 -1 43.011491
177 194 -1 -1 61.558832
176 177 -1 -1 49.264893
176 177 194 -1 61.571924
177 209 -1 -1 44.041877
177 194 209 -1 63.012599
164 177 -1 -1 44.121724
164 176 177 -1 57.988147
177 182 -1 -1 29.430253
164 177 182 -1 44.182831
177 207 -1 -1 38.240617
177 207 209 -1 48.982928
182 207 -1 -1 45.831761
177 182 207 -1 46.068579
185 193 -1 -1 37.046475
193 197 -1 -1 21.326708
185 197 -1 -1 42.368363
185 193 197 -1 42.377158
193 203 -1 -1 47.549343
193 197 203 -1 49.059233
145 157 -1 -1 30.599744
123 145 -1 -1 59.908014
123 145 157 -1 63.334739
157 168 -1 -1 32.683197
145 168 -1 -1 47.957816
145 157 168 -1 48.489595
168 178 -1 -1 37.165825
229 249 -1 -1 32.075326
237 249 -1 -1 38.843339
229 237 249 -1 42.923855
229 235 -1 -1 20.940880
32 38 -1 -1 34.647743
38 46 -1 -1 24.991549
24 46 -1 -1 26.468793
24 38 46 -1 34.817834
38 54 -1 -1 42.279405
46 54 -1 -1 27.415937
38 46 54 -1 44.323386
27 46 -1 -1 48.725035
24 27 -1 -1 46.613230
24 27 46 -1 49.754050
46 50 -1 -1 50.747391
27 46 50 -1 55.472586
50 54 -1 -1 37.326235
46 50 54 -1 51.908231
131 134 -1 -1 38.017757
131 138 -1 -1 19.566869
131 134 138 -1 41.744395
131 135 -1 -1 24.659976
131 134 135 -1 40.527593
107 131 -1 -1 35.037866
107 131 138 -1 47.479309
97 131 -1 -1 47.952661
97 107 131 -1 56.535446
97 131 135 -1 48.701968
45 59 -1 -1 30.167498
58 59 -1 -1 39.635658
45 58 59 -1 51.069760
39 59 -1 -1 37.513506
39 45 59 -1 44.086810
55 59 -1 -1 27.560090
39 55 59 -1 37.733305
108 115 -1 -1 21.010814
93 115 -1 -1 34.781736
93 108 115 -1 36.115014
95 115 -1 -1 42.783153
93 95 -1 -1 48.539020
93 95 115 -1 49.874613
115 118 -1 -1 27.518789
108 115 118 -1 52.725326
33 48 -1 -1 32.555553
33 34 -1 -1 25.370008
34 48 -1 -1 37.966367
33 34 48 -1 38.453335
30 36 -1 -1 28.106505
86 105 -1 -1 34.370443
238 239 -1 -1 31.770909
238 250 -1 -1 35.145675
238 239 250 -1 37.508901
238 246 -1 -1 20.518287
238 246 250 -1 35.191756
212 238 -1 -1 34.988423
212 238 239 -1 41.412692
227 238 -1 -1 21.225782
212 227 238 -1 35.355794
244 246 -1 -1 15.810764
238 244 -1 -1 21.864339
238 244 246 -1 22.900198
227 244 -1 -1 25.605522
227 238 244 -1 26.789999
240 242 -1 -1 30.615559
242 243 -1 -1 25.001712
240 242 243 -1 40.287482
243 244 -1 -1 17.251724
99 107 -1 -1 34.094056
91 99 -1 -1 34.053000
91 99 107 -1 50.678864
99 114 -1 -1 54.044723
99 107 114 -1 65.663731
121 136 -1 -1 51.214302
114 136 -1 -1 49.719123
114 121 136 -1 67.348952
133 136 -1 -1 62.567571
136 143 -1 -1 34.590625
133 136 143 -1 62.732322
114 133 136 -1 65.019149
50 73 -1 -1 47.376296
54 73 -1 -1 28.205886
50 54 73 -1 47.392876
216 226 -1 -1 25.694760
197 216 -1 -1 31.363054
197 216 226 -1 44.124801
216 235 -1 -1 26.537929
216 226 235 -1 27.136087
216 229 -1 -1 29.794177
216 229 235 -1 30.611300
216 218 -1 -1 27.413492
216 218 229 -1 37.841481
171 196 -1 -1 37.002278
171 183 -1 -1 36.913648
171 183 196 -1 43.332571
199 218 -1 -1 33.118802
199 214 -1 -1 19.054015
199 214 218 -1 33.327349
171 199 -1 -1 42.853661
171 185 -1 -1 43.756399
185 199 -1 -1 45.999523
171 185 199 -1 51.113583
196 199 -1 -1 31.941572
171 196 199 -1 44.076762
201 230 -1 -1 40.213538
215 230 -1 -1 28.383885
201 215 230 -1 42.036985
219 230 -1 -1 18.233926
230 237 -1 -1 33.656767
219 230 237 -1 34.507578
230 245 -1 -1 42.689990
215 230 245 -1 43.781028
125 130 -1 -1 18.555044
125 132 -1 -1 52.285802
118 125 -1 -1 43.659115
118 125 132 -1 52.569206
162 169 -1 -1 32.984558
160 162 -1 -1 37.531758
160 162 169 -1 48.726381
156 162 -1 -1 20.099519
156 162 169 -1 37.806182
143 162 -1 -1 20.108134
143 156 162 -1 23.425689
234 243 -1 -1 23.284929
234 244 -1 -1 17.801335
234 243 244 -1 23.448044
227 234 -1 -1 17.869143
227 234 244 -1 25.617496
224 234 -1 -1 33.497737
224 234 243 -1 37.175524
205 234 -1 -1 37.673916
205 224 234 -1 41.190983
205 227 234 -1 40.310237
190 206 -1 -1 24.050119
190 207 -1 -1 36.274831
206 207 -1 -1 28.132128
190 206 207 -1 36.303709
206 208 -1 -1 44.859118
206 207 208 -1 44.919471
172 182 -1 -1 27.609771
172 174 -1 -1 28.231709
172 174 182 -1 29.842037
178 188 -1 -1 27.166913
168 188 -1 -1 43.040222
168 178 188 -1 43.421095
188 193 -1 -1 20.371932
188 203 -1 -1 39.596118
188 193 203 -1 48.271797
179 193 -1 -1 32.453749
179 185 -1 -1 20.320428
179 185 193 -1 37.140364
145 179 -1 -1 52.929210
168 179 -1 -1 24.328821
145 168 179 -1 52.968921
179 188 -1 -1 42.392318
168 179 188 -1 44.574570
179 188 193 -1 43.767409
32 51 -1 -1 38.566859
38 51 -1 -1 32.724210
32 38 51 -1 41.101035
51 54 -1 -1 51.457459
38 51 54 -1 51.607073
32 49 -1 -1 37.188589
49 51 -1 -1 38.959046
32 49 51 -1 44.178817
71 93 -1 -1 44.821607
58 71 -1 -1 36.060167
58 71 93 -1 50.906270
59 71 -1 -1 22.738664
58 59 71 -1 40.090764
55 71 -1 -1 30.942054
55 59 71 -1 31.997072
69 71 -1 -1 30.375304
55 69 -1 -1 21.844716
55 69 71 -1 32.819747
33 37 -1 -1 25.206549
37 48 -1 -1 40.681533
33 37 48 -1 40.693771
32 37 -1 -1 35.896821
37 49 -1 -1 23.181081
32 37 49 -1 38.580189
105 119 -1 -1 37.183697
119 137 -1 -1 44.678644
119 123 -1 -1 40.386299
119 123 137 -1 48.652400
65 83 -1 -1 37.838854
70 83 -1 -1 19.909744
65 70 -1 -1 38.056090
65 70 83 -1 39.326744
51 65 -1 -1 37.797415
51 70 -1 -1 22.729978
51 65 70 -1 39.755650
49 65 -1 -1 26.338495
49 51 65 -1 40.889503
77 78 -1 -1 24.370670
77 91 -1 -1 33.248860
77 78 91 -1 34.395485
77 99 -1 -1 37.055847
77 91 99 -1 40.315132
64 77 -1 -1 36.573821
64 77 78 -1 38.806207
119 127 -1 -1 46.550563
123 127 -1 -1 30.980377
119 123 127 -1 47.233145
112 121 -1 -1 30.165144
104 112 -1 -1 38.373931
104 112 121 -1 44.323648
112 117 -1 -1 25.168300
117 121 -1 -1 41.404176
112 117 121 -1 41.669030
83 88 -1 -1 24.157522
70 88 -1 -1 32.722535
70 83 88 -1 32.869231
87 88 -1 -1 30.014845
88 104 -1 -1 39.720319
87 104 -1 -1 34.694049
87 88 104 -1 41.055747
202 216 -1 -1 30.497061
197 202 -1 -1 24.868217
197 202 216 -1 33.793721
202 218 -1 -1 28.167638
202 216 218 -1 33.245437
199 202 -1 -1 27.471142
199 202 218 -1 34.623143
185 202 -1 -1 39.552453
185 197 202 -1 43.216170
185 199 202 -1 46.201758
213 230 -1 -1 32.991073
201 213 -1 -1 23.997944
201 213 230 -1 40.231403
196 213 -1 -1 23.538673
196 201 213 -1 27.551725
213 219 -1 -1 27.430031
213 214 -1 -1 10.744332
213 214 219 -1 28.267662
213 219 230 -1 32.991278
199 213 -1 -1 25.519751
199 213 214 -1 28.148124
196 199 213 -1 32.327407
115 116 -1 -1 21.936689
95 116 -1 -1 32.930720
95 115 116 -1 43.520057
116 118 -1 -1 28.820665
115 116 118 -1 30.620909
116 125 -1 -1 25.749355
116 118 125 -1 45.449288
172 191 -1 -1 22.659077
182 191 -1 -1 27.441685
172 182 191 -1 30.203283
191 207 -1 -1 35.872581
182 191 207 -1 45.853532
190 191 -1 -1 20.518550
190 191 207 -1 37.633542
150 167 -1 -1 44.830716
145 150 -1 -1 45.625835
145 167 -1 -1 38.583695
145 150 167 -1 50.012212
167 171 -1 -1 35.879873
150 171 -1 -1 57.049422
150 167 171 -1 57.054406
167 185 -1 -1 31.358966
167 171 185 -1 44.314857
167 179 -1 -1 36.228960
167 179 185 -1 36.307471
145 167 179 -1 52.929210
117 128 -1 -1 49.094476
121 128 -1 -1 62.695640
117 121 128 -1 62.767021
127 128 -1 -1 49.620234
123 128 -1 -1 44.907127
123 127 128 -1 50.490086
128 145 -1 -1 55.116288
123 128 145 -1 62.719456
128 150 -1 -1 49.261706
128 145 150 -1 58.325904
171 180 -1 -1 34.559345
180 183 -1 -1 13.874119
171 180 183 -1 36.925429
150 180 -1 -1 54.256122
150 171 180 -1 58.701530
154 180 -1 -1 49.166666
150 154 -1 -1 33.918259
150 154 180 -1 55.231618
76 95 -1 -1 42.887064
76 80 -1 -1 44.172895
80 95 -1 -1 38.878034
76 80 95 -1 48.666417
69 76 -1 -1 40.237276
69 80 -1 -1 25.492318
69 76 80 -1 44.712144
80 93 -1 -1 36.115462
80 93 95 -1 49.203022
71 80 -1 -1 29.060112
71 80 93 -1 44.921407
69 71 80 -1 32.925028
111 125 -1 -1 15.884902
36 52 -1 -1 36.356814
36 41 -1 -1 28.717605
30 41 -1 -1 24.314694
30 36 41 -1 31.441509
41 52 -1 -1 19.893987
36 41 52 -1 36.500676
34 41 -1 -1 24.810298
30 34 41 -1 29.896915
41 48 -1 -1 36.599584
34 41 48 -1 39.582451
48 52 -1 -1 31.205893
41 48 52 -1 36.610307
62 86 -1 -1 40.580092
62 85 -1 -1 45.407798
85 86 -1 -1 44.838971
62 85 86 -1 50.521674
52 62 -1 -1 30.175103
61 65 -1 -1 31.563013
49 61 -1 -1 33.051558
49 61 65 -1 35.417891
37 61 -1 -1 43.570217
48 61 -1 -1 26.307783
37 48 61 -1 44.560374
37 49 61 -1 44.255386
61 81 -1 -1 42.561728
65 81 -1 -1 42.466074
61 65 81 -1 45.785426
73 75 -1 -1 26.977992
50 75 -1 -1 43.325356
50 73 75 -1 47.949525
64 75 -1 -1 50.838528
50 64 75 -1 51.325527
75 77 -1 -1 31.458323
64 75 77 -1 51.159315
73 87 -1 -1 32.936514
75 87 -1 -1 36.345139
73 75 87 -1 37.821377
66 73 -1 -1 25.663548
66 87 -1 -1 40.805903
66 73 87 -1 40.849754
66 88 -1 -1 26.639023
66 87 88 -1 40.829704
66 70 -1 -1 22.377041
66 70 88 -1 32.949215
54 66 -1 -1 35.437619
54 66 73 -1 35.775030
51 66 -1 -1 37.531156
51 66 70 -1 40.657855
51 54 66 -1 51.458455
148 154 -1 -1 28.100347
154 160 -1 -1 39.288178
148 160 -1 -1 29.749039
148 154 160 -1 39.409473
136 148 -1 -1 37.891810
143 148 -1 -1 39.915989
136 143 148 -1 43.476925
148 162 -1 -1 38.818915
143 148 162 -1 40.770552
148 160 162 -1 41.478354
154 170 -1 -1 42.409293
160 170 -1 -1 28.287566
154 160 170 -1 43.745658
170 180 -1 -1 12.408997
154 170 180 -1 54.800519
170 183 -1 -1 21.075183
170 180 183 -1 21.978262
170 173 -1 -1 45.728351
170 173 183 -1 48.304661
160 170 173 -1 45.963058
113 116 -1 -1 17.948589
95 113 -1 -1 18.943420
95 113 116 -1 40.907252
111 113 -1 -1 14.520825
95 111 -1 -1 28.472105
95 111 113 -1 31.671382
113 125 -1 -1 23.397578
113 116 125 -1 26.565328
111 113 125 -1 23.797920
65 84 -1 -1 34.433821
83 84 -1 -1 24.224292
65 83 84 -1 38.653630
81 84 -1 -1 31.105522
65 81 84 -1 43.044073
81 98 -1 -1 57.827882
81 85 -1 -1 43.184946
85 98 -1 -1 32.357843
81 85 98 -1 58.531688
98 127 -1 -1 37.796975
98 119 -1 -1 44.087373
98 119 127 -1 49.930561
98 105 -1 -1 43.587873
98 105 119 -1 48.409423
86 98 -1 -1 51.946418
85 86 98 -1 52.348885
86 98 105 -1 52.375622
110 128 -1 -1 43.748162
110 117 -1 -1 28.356315
110 117 128 -1 49.476478
110 127 -1 -1 19.202752
110 127 128 -1 49.905919
67 81 -1 -1 41.308599
67 85 -1 -1 30.762958
67 81 85 -1 45.422254
61 67 -1 -1 29.307035
61 67 81 -1 44.787521
62 67 -1 -1 39.798814
62 67 85 -1 46.262218
48 67 -1 -1 35.501455
48 61 67 -1 36.149410
52 67 -1 -1 41.503479
48 52 67 -1 42.656226
52 62 67 -1 43.828779
75 96 -1 -1 22.884390
87 96 -1 -1 34.598205
75 87 96 -1 37.561785
77 96 -1 -1 30.181987
96 99 -1 -1 39.505846
77 96 99 -1 41.749242
75 77 96 -1 33.229902
140 148 -1 -1 39.747110
140 154 -1 -1 31.687005
140 148 154 -1 40.036865
128 140 -1 -1 48.961311
121 140 -1 -1 40.180074
121 128 140 -1 62.708899
136 140 -1 -1 47.344590
121 136 140 -1 54.136264
136 140 148 -1 48.990017
140 150 -1 -1 48.505257
140 150 154 -1 48.712871
128 140 150 -1 56.479147
88 92 -1 -1 20.988606
83 92 -1 -1 25.455076
83 88 92 -1 27.410511
84 92 -1 -1 30.683190
83 84 92 -1 31.589676
92 112 -1 -1 39.038379
92 104 -1 -1 35.179034
92 104 112 -1 43.456591
88 92 104 -1 39.812408
109 110 -1 -1 26.506227
109 117 -1 -1 28.192085
109 110 117 -1 32.008677
98 109 -1 -1 49.502002
81 109 -1 -1 38.946779
81 98 109 -1 58.598389
109 127 -1 -1 39.608479
98 109 127 -1 50.349326
109 110 127 -1 45.399517
99 102 -1 -1 34.728636
102 114 -1 -1 38.019535
99 102 114 -1 54.327895
96 102 -1 -1 16.668655
96 99 102 -1 39.593030
87 102 -1 -1 38.284927
87 96 102 -1 38.286130
102 104 -1 -1 54.354659
102 104 114 -1 57.154107
87 102 104 -1 54.670224
92 101 -1 -1 28.902171
101 112 -1 -1 24.805522
92 101 112 -1 39.089553
84 101 -1 -1 30.112470
84 92 101 -1 34.555692
101 117 -1 -1 33.655564
101 112 117 -1 33.801902
101 109 -1 -1 31.779379
101 109 117 -1 36.305634
81 101 -1 -1 43.570311
81 84 101 -1 43.573904
81 101 109 -1 45.045980
24 -1 -1 -1 0.000000
25 -1 -1 -1 0.000000
26 -1 -1 -1 0.000000
27 -1 -1 -1 0.000000
30 -1 -1 -1 0.000000
31 -1 -1 -1 0.000000
32 -1 -1 -1 0.000000
33 -1 -1 -1 0.000000
34 -1 -1 -1 0.000000
35 -1 -1 -1 0.000000
36 -1 -1 -1 0.000000
37 -1 -1 -1 0.000000
38 -1 -1 -1 0.000000
39 -1 -1 -1 0.000000
40 -1 -1 -1 0.000000
41 -1 -1 -1 0.000000
42 -1 -1 -1 0.000000
45 -1 -1 -1 0.000000
46 -1 -1 -1 0.000000
48 -1 -1 -1 0.000000
49 -1 -1 -1 0.000000
50 -1 -1 -1 0.000000
51 -1 -1 -1 0.000000
52 -1 -1 -1 0.000000
53 -1 -1 -1 0.000000
54 -1 -1 -1 0.000000
55 -1 -1 -1 0.000000
56 -1 -1 -1 0.000000
58 -1 -1 -1 0.000000
59 -1 -1 -1 0.000000
61 -1 -1 -1 0.000000
62 -1 -1 -1 0.000000
64 -1 -1 -1 0.000000
65 -1 -1 -1 0.000000
66 -1 -1 -1 0.000000
67 -1 -1 -1 0.000000
68 -1 -1 -1 0.000000
69 -1 -1 -1 0.000000
70 -1 -1 -1 0.000000
71 -1 -1 -1 0.000000
73 -1 -1 -1 0.000000
75 -1 -1 -1 0.000000
76 -1 -1 -1 0.000000
77 -1 -1 -1 0.000000
78 -1 -1 -1 0.000000
80 -1 -1 -1 0.000000
81 -1 -1 -1 0.000000
83 -1 -1 -1 0.000000
84 -1 -1 -1 0.000000
85 -1 -1 -1 0.000000
86 -1 -1 -1 0.000000
87 -1 -1 -1 0.000000
88 -1 -1 -1 0.000000
90 -1 -1 -1 0.000000
91 -1 -1 -1 0.000000
92 -1 -1 -1 0.000000
93 -1 -1 -1 0.000000
95 -1 -1 -1 0.000000
96 -1 -1 -1 0.000000
97 -1 -1 -1 0.000000
98 -1 -1 -1 0.000000
99 -1 -1 -1 0.000000
101 -1 -1 -1 0.000000
102 -1 -1 -1 0.000000
104 -1 -1 -1 0.000000
105 -1 -1 -1 0.000000
107 -1 -1 -1 0.000000
108 -1 -1 -1 0.000000
109 -1 -1 -1 0.000000
110 -1 -1 -1 0.000000
111 -1 -1 -1 0.000000
112 -1 -1 -1 0.000000
113 -1 -1 -1 0.000000
114 -1 -1 -1 0.000000
115 -1 -1 -1 0.000000
116 -1 -1 -1 0.000000
117 -1 -1 -1 0.000000
118 -1 -1 -1 0.000000
119 -1 -1 -1 0.000000
121 -1 -1 -1 0.000000
123 -1 -1 -1 0.000000
125 -1 -1 -1 0.000000
127 -1 -1 -1 0.000000
128 -1 -1 -1 0.000000
130 -1 -1 -1 0.000000
131 -1 -1 -1 0.000000
132 -1 -1 -1 0.000000
133 -1 -1 -1 0.000000
134 -1 -1 -1 0.000000
135 -1 -1 -1 0.000000
136 -1 -1 -1 0.000000
137 -1 -1 -1 0.000000
138 -1 -1 -1 0.000000
140 -1 -1 -1 0.000000
142 -1 -1 -1 0.000000
143 -1 -1 -1 0.000000
144 -1 -1 -1 0.000000
145 -1 -1 -1 0.000000
146 -1 -1 -1 0.000000
148 -1 -1 -1 0.000000
149 -1 -1 -1 0.000000
150 -1 -1 -1 0.000000
154 -1 -1 -1 0.000000
156 -1 -1 -1 0.000000
157 -1 -1 -1 0.000000
158 -1 -1 -1 0.000000
159 -1 -1 -1 0.000000
160 -1 -1 -1 0.000000
161 -1 -1 -1 0.000000
162 -1 -1 -1 0.000000
164 -1 -1 -1 0.000000
165 -1 -1 -1 0.000000
167 -1 -1 -1 0.000000
168 -1 -1 -1 0.000000
169 -1 -1 -1 0.000000
170 -1 -1 -1 0.000000
171 -1 -1 -1 0.000000
172 -1 -1 -1 0.000000
173 -1 -1 -1 0.000000
174 -1 -1 -1 0.000000
175 -1 -1 -1 0.000000
176 -1 -1 -1 0.000000
177 -1 -1 -1 0.000000
178 -1 -1 -1 0.000000
179 -1 -1 -1 0.000000
180 -1 -1 -1 0.000000
181 -1 -1 -1 0.000000
182 -1 -1 -1 0.000000
183 -1 -1 -1 0.000000
185 -1 -1 -1 0.000000
187 -1 -1 -1 0.000000
188 -1 -1 -1 0.000000
189 -1 -1 -1 0.000000
190 -1 -1 -1 0.000000
191 -1 -1 -1 0.000000
192 -1 -1 -1 0.000000
193 -1 -1 -1 0.000000
194 -1 -1 -1 0.000000
195 -1 -1 -1 0.000000
196 -1 -1 -1 0.000000
197 -1 -1 -1 0.000000
198 -1 -1 -1 0.000000
199 -1 -1 -1 0.000000
201 -1 -1 -1 0.000000
202 -1 -1 -1 0.000000
203 -1 -1 -1 0.000000
204 -1 -1 -1 0.000000
205 -1 -1 -1 0.000000
206 -1 -1 -1 0.000000
207 -1 -1 -1 0.000000
208 -1 -1 -1 0.000000
209 -1 -1 -1 0.000000
210 -1 -1 -1 0.000000
212 -1 -1 -1 0.000000
213 -1 -1 -1 0.000000
214 -1 -1 -1 0.000000
215 -1 -1 -1 0.000000
216 -1 -1 -1 0.000000
217 -1 -1 -1 0.000000
218 -1 -1 -1 0.000000
219 -1 -1 -1 0.000000
221 -1 -1 -1 0.000000
222 -1 -1 -1 0.000000
223 -1 -1 -1 0.000000
224 -1 -1 -1 0.000000
226 -1 -1 -1 0.000000
227 -1 -1 -1 0.000000
228 -1 -1 -1 0.000000
229 -1 -1 -1 0.000000
230 -1 -1 -1 0.000000
231 -1 -1 -1 0.000000
232 -1 -1 -1 0.000000
233 -1 -1 -1 0.000000
234 -1 -1 -1 0.000000
235 -1 -1 -1 0.000000
237 -1 -1 -1 0.000000
238 -1 -1 -1 0.000000
239 -1 -1 -1 0.000000
240 -1 -1 -1 0.000000
241 -1 -1 -1 0.000000
242 -1 -1 -1 0.000000
243 -1 -1 -1 0.000000
244 -1 -1 -1 0.000000
245 -1 -1 -1 0.000000
246 -1 -1 -1 0.000000
249 -1 -1 -1 0.000000
250 -1 -1 -1 0.000000
