168 184 -1 -1 22.281726
183 184 -1 -1 43.967345
168 183 -1 -1 40.735463
168 183 184 -1 44.302061
184 190 -1 -1 44.031303
183 190 -1 -1 31.012370
183 184 190 -1 47.015815
157 168 -1 -1 25.291027
157 183 -1 -1 26.707530
157 168 183 -1 41.825826
124 129 -1 -1 24.776310
129 130 -1 -1 27.543256
124 130 -1 -1 28.632101
124 129 130 -1 31.314620
129 158 -1 -1 48.323104
129 138 -1 -1 35.689163
138 158 -1 -1 35.067895
129 138 158 -1 48.432773
158 172 -1 -1 24.858957
158 185 -1 -1 34.127963
172 185 -1 -1 28.744733
158 172 185 -1 34.800033
40 55 -1 -1 33.472454
40 58 -1 -1 23.396800
76 82 -1 -1 21.332983
54 76 -1 -1 31.340537
54 82 -1 -1 41.951472
54 76 82 -1 43.228366
66 78 -1 -1 28.244573
60 78 -1 -1 32.680163
60 66 -1 -1 33.008122
60 66 78 -1 36.380284
66 69 -1 -1 26.950989
69 78 -1 -1 25.789285
66 69 78 -1 31.236678
262 278 -1 -1 33.010969
262 270 -1 -1 28.718703
261 270 -1 -1 23.902748
261 262 -1 -1 22.011984
261 262 270 -1 29.437404
270 278 -1 -1 33.079135
262 270 278 -1 36.690160
152 160 -1 -1 39.156384
152 154 -1 -1 25.272013
154 160 -1 -1 25.815556
152 154 160 -1 39.768785
160 177 -1 -1 46.546260
152 177 -1 -1 36.411816
152 160 177 -1 47.982673
165 190 -1 -1 36.124978
165 183 -1 -1 23.511965
165 183 190 -1 36.503857
177 198 -1 -1 48.744798
198 200 -1 -1 49.006221
177 200 -1 -1 41.146621
177 198 200 -1 53.882251
198 217 -1 -1 27.013626
200 217 -1 -1 32.443177
198 200 217 -1 52.385026
92 100 -1 -1 29.106697
126 141 -1 -1 21.594993
138 141 -1 -1 30.695186
126 138 -1 -1 38.364304
126 138 141 -1 38.408085
121 141 -1 -1 36.857240
121 126 -1 -1 33.762267
121 126 141 -1 37.401143
121 152 -1 -1 52.153085
147 152 -1 -1 38.808106
121 147 -1 -1 52.102082
121 147 152 -1 56.163776
141 147 -1 -1 33.224018
121 141 147 -1 52.380852
173 178 -1 -1 28.257010
147 173 -1 -1 36.577586
147 178 -1 -1 36.726312
147 173 178 -1 39.722144
178 192 -1 -1 30.483296
173 192 -1 -1 29.797991
173 178 192 -1 34.127260
177 178 -1 -1 23.176445
178 200 -1 -1 37.688197
177 178 200 -1 41.626519
192 200 -1 -1 27.889699
178 192 200 -1 38.235514
254 266 -1 -1 34.370297
250 254 -1 -1 51.561098
250 266 -1 -1 41.589706
250 254 266 -1 51.763343
236 254 -1 -1 45.123244
236 250 -1 -1 35.453527
236 250 254 -1 52.605915
194 199 -1 -1 23.664059
185 199 -1 -1 27.528081
185 194 -1 -1 31.106639
185 194 199 -1 32.294897
173 194 -1 -1 38.460231
173 185 -1 -1 35.875182
173 185 194 -1 41.015447
192 194 -1 -1 28.891471
173 192 194 -1 38.850526
159 173 -1 -1 30.132498
159 185 -1 -1 34.852777
159 173 185 -1 39.103212
158 159 -1 -1 22.561488
158 159 185 -1 36.512551
147 159 -1 -1 38.018925
147 159 173 -1 40.804161
138 159 -1 -1 35.021829
138 158 159 -1 37.015023
263 270 -1 -1 31.318662
233 258 -1 -1 40.790205
257 258 -1 -1 35.202450
233 257 -1 -1 23.423991
233 257 258 -1 40.906102
233 260 -1 -1 44.561486
258 260 -1 -1 13.781393
233 258 260 -1 44.871629
258 270 -1 -1 28.537008
258 263 -1 -1 43.466180
258 263 270 -1 43.526523
260 261 -1 -1 15.042203
258 261 -1 -1 23.932175
258 260 261 -1 25.845537
258 261 270 -1 29.801501
233 245 -1 -1 46.052454
245 260 -1 -1 22.506377
233 245 260 -1 46.862940
51 58 -1 -1 40.502651
58 73 -1 -1 17.042037
51 73 -1 -1 48.117495
51 58 73 -1 50.098853
51 95 -1 -1 57.648141
73 95 -1 -1 46.917546
51 73 95 -1 59.773277
82 95 -1 -1 25.709742
51 82 -1 -1 45.411491
51 82 95 -1 59.651829
51 54 -1 -1 36.531521
51 54 82 -1 48.228915
51 55 -1 -1 15.031063
54 55 -1 -1 34.729557
51 54 55 -1 36.691944
40 51 -1 -1 28.121627
40 51 55 -1 33.726888
40 51 58 -1 41.615105
28 54 -1 -1 38.567247
73 101 -1 -1 44.790908
95 101 -1 -1 6.187604
73 95 101 -1 48.913987
92 101 -1 -1 16.389562
100 101 -1 -1 18.122945
92 100 101 -1 32.090250
95 100 -1 -1 15.599651
95 100 101 -1 18.680313
89 95 -1 -1 15.910197
89 100 -1 -1 13.186309
89 95 100 -1 17.350066
82 89 -1 -1 16.150802
82 89 95 -1 26.830875
76 89 -1 -1 33.038515
76 82 89 -1 39.406928
89 107 -1 -1 47.611898
100 107 -1 -1 44.173860
89 100 107 -1 47.967973
62 78 -1 -1 40.557783
62 104 -1 -1 40.764203
78 104 -1 -1 33.687771
62 78 104 -1 44.674990
62 69 -1 -1 24.451981
62 69 78 -1 42.556227
62 76 -1 -1 41.762751
54 62 -1 -1 45.886608
54 62 76 -1 47.233962
107 109 -1 -1 23.355466
88 107 -1 -1 44.134726
88 109 -1 -1 32.722839
88 107 109 -1 45.211548
62 109 -1 -1 53.543031
76 109 -1 -1 40.543952
62 76 109 -1 54.188379
89 109 -1 -1 44.894561
89 107 109 -1 48.087163
76 89 109 -1 46.608544
88 104 -1 -1 28.981334
104 109 -1 -1 49.818230
88 104 109 -1 52.243197
62 104 109 -1 56.402006
28 49 -1 -1 41.003022
49 54 -1 -1 42.734689
28 49 54 -1 47.197100
49 62 -1 -1 46.688680
49 54 62 -1 52.185220
38 49 -1 -1 21.691330
49 69 -1 -1 43.312213
38 69 -1 -1 36.992894
38 49 69 -1 43.323704
49 62 69 -1 47.145076
61 63 -1 -1 22.345199
60 61 -1 -1 25.442498
60 63 -1 -1 31.601296
60 61 63 -1 31.872398
38 67 -1 -1 22.910840
67 69 -1 -1 19.961290
38 67 69 -1 42.345351
66 67 -1 -1 18.324060
66 67 69 -1 26.952548
184 191 -1 -1 30.182252
211 218 -1 -1 21.843376
211 219 -1 -1 29.926282
218 219 -1 -1 32.959005
211 218 219 -1 33.779606
198 218 -1 -1 34.184272
198 211 -1 -1 31.479362
198 211 218 -1 35.025067
217 218 -1 -1 40.415289
198 217 218 -1 40.837551
215 217 -1 -1 44.575345
200 215 -1 -1 36.748945
200 215 217 -1 45.269870
192 215 -1 -1 48.958130
192 200 215 -1 49.383861
233 246 -1 -1 42.662138
246 257 -1 -1 37.915993
233 246 257 -1 42.850226
246 259 -1 -1 23.862169
257 259 -1 -1 33.534017
246 257 259 -1 38.411820
153 165 -1 -1 35.313496
160 165 -1 -1 38.148378
153 160 -1 -1 23.176430
153 160 165 -1 38.942552
153 154 -1 -1 32.307361
153 154 160 -1 32.599439
195 198 -1 -1 42.864982
195 211 -1 -1 21.689857
195 198 211 -1 44.588577
165 195 -1 -1 30.771385
190 195 -1 -1 21.788374
165 190 195 -1 36.262326
195 219 -1 -1 39.683062
195 211 219 -1 40.206080
190 219 -1 -1 42.763722
190 195 219 -1 43.116455
165 182 -1 -1 47.139882
160 182 -1 -1 30.861051
160 165 182 -1 47.286911
177 182 -1 -1 29.404251
160 177 182 -1 47.434313
182 198 -1 -1 29.266425
177 182 198 -1 52.710075
182 195 -1 -1 51.307623
165 182 195 -1 52.208368
182 195 198 -1 51.323023
122 142 -1 -1 32.538809
133 142 -1 -1 32.726753
142 149 -1 -1 12.307401
133 149 -1 -1 24.712716
133 142 149 -1 37.987322
122 133 -1 -1 41.392547
122 133 142 -1 42.207387
142 157 -1 -1 29.299306
149 157 -1 -1 28.796731
142 149 157 -1 29.745216
112 133 -1 -1 27.556626
112 122 -1 -1 37.400090
112 122 133 -1 42.391278
100 112 -1 -1 30.756755
107 112 -1 -1 29.192871
100 107 112 -1 44.335344
107 133 -1 -1 38.960327
107 112 133 -1 39.026544
25 34 -1 -1 37.888322
34 50 -1 -1 24.017474
34 42 -1 -1 31.237304
42 50 -1 -1 12.872822
34 42 50 -1 33.728325
63 75 -1 -1 34.446368
60 75 -1 -1 41.295728
60 63 75 -1 42.336917
75 91 -1 -1 42.872773
60 91 -1 -1 29.011620
60 75 91 -1 44.882224
75 96 -1 -1 37.959511
91 96 -1 -1 35.695413
75 91 96 -1 45.311182
102 121 -1 -1 35.755518
102 126 -1 -1 33.260562
102 121 126 -1 39.622134
96 102 -1 -1 30.052463
96 126 -1 -1 43.632866
96 102 126 -1 43.693854
121 135 -1 -1 50.230807
88 121 -1 -1 57.420767
88 135 -1 -1 50.322157
88 121 135 -1 61.244447
107 135 -1 -1 58.135671
88 107 135 -1 60.006269
135 152 -1 -1 38.576416
135 154 -1 -1 21.405319
135 152 154 -1 41.377138
121 135 152 -1 55.314095
135 153 -1 -1 42.695581
135 153 154 -1 43.893798
133 135 -1 -1 65.822404
107 133 135 -1 66.340571
133 153 -1 -1 51.514242
133 135 153 -1 65.857721
34 48 -1 -1 42.456687
25 48 -1 -1 44.879943
25 34 48 -1 48.528551
48 84 -1 -1 47.807824
34 84 -1 -1 48.819036
34 48 84 -1 53.792707
48 85 -1 -1 54.199734
84 85 -1 -1 21.848646
48 84 85 -1 54.390162
32 44 -1 -1 24.294627
44 61 -1 -1 31.251788
32 61 -1 -1 24.045769
32 44 61 -1 31.681382
44 63 -1 -1 31.622765
44 61 63 -1 33.636406
30 57 -1 -1 46.555446
30 63 -1 -1 30.084539
57 63 -1 -1 57.090266
30 57 63 -1 57.217643
30 44 -1 -1 21.918788
30 44 63 -1 33.067055
152 176 -1 -1 20.223126
176 177 -1 -1 24.241918
152 176 177 -1 38.655348
176 178 -1 -1 26.918923
176 177 178 -1 28.807788
147 176 -1 -1 26.782907
147 152 176 -1 41.438035
147 176 178 -1 36.803155
254 268 -1 -1 20.771585
268 273 -1 -1 34.260721
254 273 -1 -1 38.120887
254 268 273 -1 38.340305
266 268 -1 -1 17.095587
254 266 268 -1 44.942848
268 274 -1 -1 42.345290
266 274 -1 -1 28.528127
266 268 274 -1 59.651935
148 158 -1 -1 36.343231
148 172 -1 -1 29.400158
148 158 172 -1 36.567127
129 148 -1 -1 43.317701
130 148 -1 -1 39.711017
129 130 148 -1 44.304716
129 148 158 -1 50.243257
118 139 -1 -1 38.477995
136 139 -1 -1 20.121661
118 136 -1 -1 27.919458
118 136 139 -1 39.888831
93 124 -1 -1 38.568035
93 103 -1 -1 17.498155
103 124 -1 -1 27.091154
93 103 124 -1 43.744440
141 146 -1 -1 17.285321
146 147 -1 -1 18.839654
141 146 147 -1 45.969044
146 159 -1 -1 31.550255
146 147 159 -1 38.141132
138 146 -1 -1 33.242044
138 141 146 -1 33.518231
138 146 159 -1 38.524680
258 264 -1 -1 36.724936
263 264 -1 -1 32.991969
258 263 264 -1 44.621629
257 264 -1 -1 27.973499
257 258 264 -1 39.077323
264 272 -1 -1 34.949489
259 264 -1 -1 40.274000
259 272 -1 -1 37.296943
259 264 272 -1 43.539107
257 259 264 -1 40.747062
224 245 -1 -1 19.861480
224 233 -1 -1 42.472387
224 233 245 -1 46.101187
224 237 -1 -1 16.080850
219 224 -1 -1 25.423556
219 237 -1 -1 32.585837
219 224 237 -1 33.202737
237 245 -1 -1 24.832831
224 237 245 -1 24.873253
248 260 -1 -1 22.488528
248 261 -1 -1 19.922629
248 260 261 -1 22.933116
245 248 -1 -1 16.418335
245 248 260 -1 24.163555
248 262 -1 -1 31.800789
248 261 262 -1 32.155148
255 262 -1 -1 21.953385
248 255 -1 -1 28.327358
248 255 262 -1 32.596287
41 67 -1 -1 20.653416
38 41 -1 -1 22.588991
38 41 67 -1 25.533663
41 66 -1 -1 27.438698
41 66 67 -1 27.440838
32 41 -1 -1 34.684955
65 66 -1 -1 16.203351
60 65 -1 -1 24.894902
60 65 66 -1 34.154114
61 65 -1 -1 15.583964
60 61 65 -1 26.482347
32 65 -1 -1 28.024760
32 61 65 -1 28.056558
41 65 -1 -1 33.526972
32 41 65 -1 37.430230
41 65 66 -1 33.779982
274 275 -1 -1 49.492470
252 275 -1 -1 35.672480
252 274 -1 -1 55.037843
252 274 275 -1 56.129016
252 266 -1 -1 54.867755
250 252 -1 -1 33.441488
250 252 266 -1 54.961543
252 266 274 -1 56.904061
239 252 -1 -1 49.429007
239 250 -1 -1 63.400015
239 250 252 -1 64.017330
269 272 -1 -1 35.777533
259 269 -1 -1 46.617709
259 269 272 -1 47.450756
252 269 -1 -1 48.852158
269 275 -1 -1 28.732289
252 269 275 -1 49.343153
190 202 -1 -1 25.059035
184 202 -1 -1 42.821382
184 190 202 -1 45.399317
191 202 -1 -1 26.290128
184 191 202 -1 43.284513
202 219 -1 -1 35.039113
190 202 219 -1 42.768762
202 237 -1 -1 39.939303
202 219 237 -1 41.924850
194 212 -1 -1 31.725120
192 212 -1 -1 46.106360
192 194 212 -1 46.672236
212 215 -1 -1 41.031078
192 212 215 -1 52.773265
199 212 -1 -1 40.073600
194 199 212 -1 40.087420
212 236 -1 -1 54.041124
212 250 -1 -1 60.951038
212 236 250 -1 61.399650
212 214 -1 -1 58.026039
214 236 -1 -1 38.647129
212 214 236 -1 59.939594
199 214 -1 -1 42.907605
199 212 214 -1 58.041720
212 239 -1 -1 56.279941
212 239 250 -1 69.764496
215 239 -1 -1 28.538928
212 215 239 -1 58.730204
215 221 -1 -1 42.558900
217 221 -1 -1 23.316412
215 217 221 -1 45.361781
221 239 -1 -1 47.568872
215 221 239 -1 48.108849
221 246 -1 -1 33.140477
239 246 -1 -1 40.017848
221 239 246 -1 48.227690
134 165 -1 -1 48.649438
134 183 -1 -1 43.610628
134 165 183 -1 48.694221
134 153 -1 -1 34.236142
134 153 165 -1 48.660860
134 157 -1 -1 35.225177
134 157 183 -1 43.627432
134 149 -1 -1 18.626914
134 149 157 -1 35.289215
133 134 -1 -1 24.140412
133 134 149 -1 26.431431
133 134 153 -1 61.383006
84 90 -1 -1 12.129796
85 90 -1 -1 25.566859
84 85 90 -1 25.605662
96 120 -1 -1 40.758922
120 126 -1 -1 32.632226
96 120 126 -1 45.880114
120 124 -1 -1 40.709432
120 129 -1 -1 36.200386
120 124 129 -1 41.168280
120 138 -1 -1 33.781502
120 129 138 -1 40.723298
120 126 138 -1 40.686799
57 74 -1 -1 32.656302
63 74 -1 -1 49.952574
57 63 74 -1 57.337086
74 75 -1 -1 26.930206
63 74 75 -1 52.622598
74 93 -1 -1 46.523278
74 103 -1 -1 48.939646
74 93 103 -1 48.992367
74 96 -1 -1 53.884000
74 75 96 -1 57.771640
96 97 -1 -1 32.872642
91 97 -1 -1 12.757256
91 96 97 -1 35.719512
97 102 -1 -1 22.206043
96 97 102 -1 33.832376
87 102 -1 -1 42.569036
87 121 -1 -1 57.854481
87 102 121 -1 58.061055
87 88 -1 -1 37.487580
87 104 -1 -1 13.794259
87 88 104 -1 42.449399
87 88 121 -1 60.953807
87 97 -1 -1 30.533477
87 97 102 -1 44.413360
78 87 -1 -1 30.859847
78 87 104 -1 33.689165
37 53 -1 -1 33.199352
25 53 -1 -1 41.759704
48 53 -1 -1 26.320823
25 48 53 -1 45.732326
70 79 -1 -1 31.523113
79 85 -1 -1 19.322485
70 85 -1 -1 45.010020
70 79 85 -1 53.510997
48 70 -1 -1 42.189307
48 70 85 -1 55.674070
70 93 -1 -1 32.646212
79 93 -1 -1 31.053131
70 79 93 -1 36.676359
70 74 -1 -1 37.953176
57 70 -1 -1 36.576016
57 70 74 -1 41.478837
70 74 93 -1 46.972254
33 37 -1 -1 17.747662
33 57 -1 -1 35.355843
37 57 -1 -1 37.544659
33 37 57 -1 37.835907
30 33 -1 -1 19.960074
30 33 57 -1 50.062515
139 140 -1 -1 29.165500
140 156 -1 -1 46.599739
139 156 -1 -1 46.872388
139 140 156 -1 49.193736
140 148 -1 -1 37.402382
130 140 -1 -1 32.973294
130 140 148 -1 42.719216
117 118 -1 -1 33.359556
117 136 -1 -1 14.587437
117 118 136 -1 33.731133
172 186 -1 -1 31.655571
185 186 -1 -1 45.389768
172 185 186 -1 45.762818
186 199 -1 -1 42.110138
185 186 199 -1 46.355733
148 186 -1 -1 46.896750
148 172 186 -1 47.665085
230 254 -1 -1 58.807819
230 236 -1 -1 30.533015
230 236 254 -1 59.760236
214 230 -1 -1 15.739597
214 230 236 -1 40.884538
79 115 -1 -1 39.016165
85 115 -1 -1 28.132998
79 85 115 -1 41.312722
93 114 -1 -1 47.675995
79 114 -1 -1 46.298763
79 93 114 -1 49.822243
114 115 -1 -1 42.060430
79 114 115 -1 49.419139
114 118 -1 -1 25.559160
115 118 -1 -1 26.682976
114 115 118 -1 44.034584
114 124 -1 -1 39.277166
93 114 124 -1 49.238546
114 130 -1 -1 34.158130
114 124 130 -1 40.329293
114 139 -1 -1 46.286222
114 118 139 -1 46.286663
114 140 -1 -1 48.226352
114 130 140 -1 48.250845
114 139 140 -1 49.770241
238 248 -1 -1 24.384577
238 245 -1 -1 25.103666
237 238 -1 -1 18.636593
237 238 245 -1 26.914783
238 245 248 -1 26.249343
252 256 -1 -1 42.198352
239 256 -1 -1 31.818229
239 252 256 -1 49.853964
256 269 -1 -1 35.845607
252 256 269 -1 50.131451
256 259 -1 -1 30.601065
256 259 269 -1 46.628928
246 256 -1 -1 36.541034
239 246 256 -1 42.252557
246 256 259 -1 36.792878
218 226 -1 -1 24.071802
217 226 -1 -1 34.107308
217 218 226 -1 40.505227
221 226 -1 -1 18.920855
217 221 226 -1 35.713795
226 246 -1 -1 35.489908
221 226 246 -1 35.934932
77 90 -1 -1 40.514656
90 98 -1 -1 26.726827
77 98 -1 -1 28.276005
77 90 98 -1 40.659765
105 120 -1 -1 20.899060
96 105 -1 -1 36.157922
96 105 120 -1 40.820343
74 105 -1 -1 55.683399
103 105 -1 -1 26.181226
74 103 105 -1 55.685111
74 96 105 -1 58.091211
105 124 -1 -1 34.129630
103 105 124 -1 34.692773
105 120 124 -1 40.740449
87 94 -1 -1 18.198905
78 94 -1 -1 22.771778
78 87 94 -1 31.098923
60 94 -1 -1 34.415835
60 78 94 -1 35.744990
91 94 -1 -1 18.933056
60 91 94 -1 34.419343
94 97 -1 -1 20.913371
91 94 97 -1 21.235641
87 94 97 -1 31.265239
53 56 -1 -1 12.086784
48 56 -1 -1 27.691832
48 53 56 -1 27.871046
56 70 -1 -1 43.724042
56 57 -1 -1 23.581981
56 57 70 -1 43.726390
48 56 70 -1 45.433885
37 56 -1 -1 32.627400
37 56 57 -1 37.902844
37 53 56 -1 33.517660
139 161 -1 -1 40.916057
156 161 -1 -1 23.969858
139 156 161 -1 46.888651
161 171 -1 -1 23.814511
156 171 -1 -1 35.766805
156 161 171 -1 36.029375
203 214 -1 -1 22.760226
199 203 -1 -1 29.350101
199 203 214 -1 45.723410
186 203 -1 -1 25.434125
186 199 203 -1 42.789262
169 186 -1 -1 40.111855
148 169 -1 -1 50.370173
148 169 186 -1 53.517200
140 169 -1 -1 47.756712
156 169 -1 -1 27.964696
140 156 169 -1 49.432441
140 148 169 -1 53.162100
90 99 -1 -1 18.243222
85 99 -1 -1 19.628504
85 90 99 -1 25.670952
99 115 -1 -1 14.959127
85 99 115 -1 29.597043
98 99 -1 -1 23.314324
90 98 99 -1 27.225397
98 115 -1 -1 27.268280
98 99 115 -1 27.284133
113 117 -1 -1 26.359172
113 118 -1 -1 35.367855
113 117 118 -1 37.285789
113 115 -1 -1 32.646874
113 115 118 -1 37.105524
98 113 -1 -1 27.828132
98 113 115 -1 34.199914
77 113 -1 -1 47.880403
108 113 -1 -1 55.328554
77 108 -1 -1 47.230635
77 108 113 -1 58.467498
77 98 113 -1 53.818573
113 125 -1 -1 51.969967
108 125 -1 -1 55.706189
108 113 125 -1 62.824620
117 125 -1 -1 40.265372
113 117 125 -1 52.845368
242 254 -1 -1 38.859755
242 273 -1 -1 47.919894
242 254 273 -1 49.182334
169 197 -1 -1 45.166669
156 197 -1 -1 40.093782
156 169 197 -1 45.725485
171 197 -1 -1 41.159908
156 171 197 -1 45.258523
181 197 -1 -1 32.139191
171 181 -1 -1 32.500265
171 181 197 -1 41.916224
229 251 -1 -1 37.564110
251 271 -1 -1 50.001172
39 42 -1 -1 17.478643
39 50 -1 -1 27.847061
39 42 50 -1 37.794301
226 243 -1 -1 17.679532
218 243 -1 -1 24.026012
218 226 243 -1 25.859268
219 243 -1 -1 41.370263
218 219 243 -1 41.389240
243 246 -1 -1 41.666567
233 243 -1 -1 17.383741
233 243 246 -1 43.154661
226 243 246 -1 42.027028
224 243 -1 -1 46.274845
219 224 243 -1 46.521885
224 233 243 -1 46.288045
64 77 -1 -1 35.874376
64 90 -1 -1 24.411351
64 77 90 -1 40.905191
64 84 -1 -1 26.742877
64 84 90 -1 26.772529
42 64 -1 -1 39.265160
34 64 -1 -1 39.625909
34 42 64 -1 42.958326
34 64 84 -1 48.871206
125 150 -1 -1 36.073475
150 161 -1 -1 21.018276
150 171 -1 -1 35.784954
150 161 171 -1 37.180146
117 150 -1 -1 38.638522
117 125 150 -1 44.385587
136 150 -1 -1 38.304662
117 136 150 -1 39.191733
139 150 -1 -1 38.666239
136 139 150 -1 39.877542
139 150 161 -1 41.461253
181 193 -1 -1 22.795583
163 181 -1 -1 51.153787
163 171 -1 -1 37.530414
163 171 181 -1 51.253257
150 163 -1 -1 46.098418
150 163 171 -1 47.149641
232 242 -1 -1 36.569767
242 244 -1 -1 36.149226
232 244 -1 -1 45.698544
232 242 244 -1 46.742861
230 232 -1 -1 34.636661
232 254 -1 -1 59.410174
230 232 254 -1 61.829765
232 242 254 -1 61.198927
265 271 -1 -1 51.858273
251 265 -1 -1 36.140300
251 265 271 -1 54.527712
265 273 -1 -1 51.267246
242 265 -1 -1 54.271103
242 265 273 -1 59.294943
244 265 -1 -1 52.503298
242 244 265 -1 56.790197
244 251 -1 -1 34.316857
244 251 265 -1 52.823806
203 204 -1 -1 43.260339
186 204 -1 -1 44.231131
186 203 204 -1 45.747962
204 214 -1 -1 43.111860
203 204 214 -1 44.769225
204 209 -1 -1 31.094741
197 209 -1 -1 42.573337
197 204 -1 -1 43.497669
197 204 209 -1 46.167642
227 251 -1 -1 30.900176
227 244 -1 -1 36.077477
227 244 251 -1 39.212125
227 231 -1 -1 17.742710
231 244 -1 -1 28.108305
227 231 244 -1 36.800183
227 229 -1 -1 17.772296
227 229 251 -1 37.874772
196 197 -1 -1 34.620162
169 196 -1 -1 25.830331
169 196 197 -1 45.382614
196 204 -1 -1 18.505445
196 197 204 -1 45.228136
186 196 -1 -1 40.700161
169 186 196 -1 42.651830
186 196 204 -1 44.248797
208 209 -1 -1 27.387657
197 208 -1 -1 26.015820
197 208 209 -1 44.222958
181 208 -1 -1 37.597344
181 197 208 -1 38.201337
193 208 -1 -1 45.845177
181 193 208 -1 46.068520
208 231 -1 -1 40.470223
209 222 -1 -1 24.847551
222 232 -1 -1 17.496956
209 232 -1 -1 27.426022
209 222 232 -1 27.974638
204 222 -1 -1 22.412741
204 209 222 -1 31.391738
222 230 -1 -1 31.476301
222 230 232 -1 34.772322
214 222 -1 -1 37.052723
214 222 230 -1 37.398420
204 214 222 -1 43.114014
208 228 -1 -1 28.424667
228 231 -1 -1 19.584065
208 228 231 -1 44.175651
209 228 -1 -1 27.394009
208 209 228 -1 32.041608
228 244 -1 -1 26.136458
228 231 244 -1 29.193916
228 232 -1 -1 43.998420
228 232 244 -1 46.965568
209 228 232 -1 45.949792
25 -1 -1 -1 0.000000
28 -1 -1 -1 0.000000
30 -1 -1 -1 0.000000
32 -1 -1 -1 0.000000
33 -1 -1 -1 0.000000
34 -1 -1 -1 0.000000
37 -1 -1 -1 0.000000
38 -1 -1 -1 0.000000
39 -1 -1 -1 0.000000
40 -1 -1 -1 0.000000
41 -1 -1 -1 0.000000
42 -1 -1 -1 0.000000
44 -1 -1 -1 0.000000
48 -1 -1 -1 0.000000
49 -1 -1 -1 0.000000
50 -1 -1 -1 0.000000
51 -1 -1 -1 0.000000
53 -1 -1 -1 0.000000
54 -1 -1 -1 0.000000
55 -1 -1 -1 0.000000
56 -1 -1 -1 0.000000
57 -1 -1 -1 0.000000
58 -1 -1 -1 0.000000
60 -1 -1 -1 0.000000
61 -1 -1 -1 0.000000
62 -1 -1 -1 0.000000
63 -1 -1 -1 0.000000
64 -1 -1 -1 0.000000
65 -1 -1 -1 0.000000
66 -1 -1 -1 0.000000
67 -1 -1 -1 0.000000
69 -1 -1 -1 0.000000
70 -1 -1 -1 0.000000
73 -1 -1 -1 0.000000
74 -1 -1 -1 0.000000
75 -1 -1 -1 0.000000
76 -1 -1 -1 0.000000
77 -1 -1 -1 0.000000
78 -1 -1 -1 0.000000
79 -1 -1 -1 0.000000
82 -1 -1 -1 0.000000
84 -1 -1 -1 0.000000
85 -1 -1 -1 0.000000
87 -1 -1 -1 0.000000
88 -1 -1 -1 0.000000
89 -1 -1 -1 0.000000
90 -1 -1 -1 0.000000
91 -1 -1 -1 0.000000
92 -1 -1 -1 0.000000
93 -1 -1 -1 0.000000
94 -1 -1 -1 0.000000
95 -1 -1 -1 0.000000
96 -1 -1 -1 0.000000
97 -1 -1 -1 0.000000
98 -1 -1 -1 0.000000
99 -1 -1 -1 0.000000
100 -1 -1 -1 0.000000
101 -1 -1 -1 0.000000
102 -1 -1 -1 0.000000
103 -1 -1 -1 0.000000
104 -1 -1 -1 0.000000
105 -1 -1 -1 0.000000
107 -1 -1 -1 0.000000
108 -1 -1 -1 0.000000
109 -1 -1 -1 0.000000
112 -1 -1 -1 0.000000
113 -1 -1 -1 0.000000
114 -1 -1 -1 0.000000
115 -1 -1 -1 0.000000
117 -1 -1 -1 0.000000
118 -1 -1 -1 0.000000
120 -1 -1 -1 0.000000
121 -1 -1 -1 0.000000
122 -1 -1 -1 0.000000
124 -1 -1 -1 0.000000
125 -1 -1 -1 0.000000
126 -1 -1 -1 0.000000
129 -1 -1 -1 0.000000
130 -1 -1 -1 0.000000
133 -1 -1 -1 0.000000
134 -1 -1 -1 0.000000
135 -1 -1 -1 0.000000
136 -1 -1 -1 0.000000
138 -1 -1 -1 0.000000
139 -1 -1 -1 0.000000
140 -1 -1 -1 0.000000
141 -1 -1 -1 0.000000
142 -1 -1 -1 0.000000
146 -1 -1 -1 0.000000
147 -1 -1 -1 0.000000
148 -1 -1 -1 0.000000
149 -1 -1 -1 0.000000
150 -1 -1 -1 0.000000
152 -1 -1 -1 0.000000
153 -1 -1 -1 0.000000
154 -1 -1 -1 0.000000
156 -1 -1 -1 0.000000
157 -1 -1 -1 0.000000
158 -1 -1 -1 0.000000
159 -1 -1 -1 0.000000
160 -1 -1 -1 0.000000
161 -1 -1 -1 0.000000
163 -1 -1 -1 0.000000
165 -1 -1 -1 0.000000
168 -1 -1 -1 0.000000
169 -1 -1 -1 0.000000
171 -1 -1 -1 0.000000
172 -1 -1 -1 0.000000
173 -1 -1 -1 0.000000
176 -1 -1 -1 0.000000
177 -1 -1 -1 0.000000
178 -1 -1 -1 0.000000
181 -1 -1 -1 0.000000
182 -1 -1 -1 0.000000
183 -1 -1 -1 0.000000
184 -1 -1 -1 0.000000
185 -1 -1 -1 0.000000
186 -1 -1 -1 0.000000
190 -1 -1 -1 0.000000
191 -1 -1 -1 0.000000
192 -1 -1 -1 0.000000
193 -1 -1 -1 0.000000
194 -1 -1 -1 0.000000
195 -1 -1 -1 0.000000
196 -1 -1 -1 0.000000
197 -1 -1 -1 0.000000
198 -1 -1 -1 0.000000
199 -1 -1 -1 0.000000
200 -1 -1 -1 0.000000
202 -1 -1 -1 0.000000
203 -1 -1 -1 0.000000
204 -1 -1 -1 0.000000
208 -1 -1 -1 0.000000
209 -1 -1 -1 0.000000
211 -1 -1 -1 0.000000
212 -1 -1 -1 0.000000
214 -1 -1 -1 0.000000
215 -1 -1 -1 0.000000
217 -1 -1 -1 0.000000
218 -1 -1 -1 0.000000
219 -1 -1 -1 0.000000
221 -1 -1 -1 0.000000
222 -1 -1 -1 0.000000
224 -1 -1 -1 0.000000
226 -1 -1 -1 0.000000
227 -1 -1 -1 0.000000
228 -1 -1 -1 0.000000
229 -1 -1 -1 0.000000
230 -1 -1 -1 0.000000
231 -1 -1 -1 0.000000
232 -1 -1 -1 0.000000
233 -1 -1 -1 0.000000
236 -1 -1 -1 0.000000
237 -1 -1 -1 0.000000
238 -1 -1 -1 0.000000
239 -1 -1 -1 0.000000
242 -1 -1 -1 0.000000
243 -1 -1 -1 0.000000
244 -1 -1 -1 0.000000
245 -1 -1 -1 0.000000
246 -1 -1 -1 0.000000
248 -1 -1 -1 0.000000
250 -1 -1 -1 0.000000
251 -1 -1 -1 0.000000
252 -1 -1 -1 0.000000
254 -1 -1 -1 0.000000
255 -1 -1 -1 0.000000
256 -1 -1 -1 0.000000
257 -1 -1 -1 0.000000
258 -1 -1 -1 0.000000
259 -1 -1 -1 0.000000
260 -1 -1 -1 0.000000
261 -1 -1 -1 0.000000
262 -1 -1 -1 0.000000
263 -1 -1 -1 0.000000
264 -1 -1 -1 0.000000
265 -1 -1 -1 0.000000
266 -1 -1 -1 0.000000
268 -1 -1 -1 0.000000
269 -1 -1 -1 0.000000
270 -1 -1 -1 0.000000
271 -1 -1 -1 0.000000
272 -1 -1 -1 0.000000
273 -1 -1 -1 0.000000
274 -1 -1 -1 0.000000
275 -1 -1 -1 0.000000
278 -1 -1 -1 0.000000
