199 224 -1 -1 19.646510
195 199 -1 -1 29.869594
195 224 -1 -1 26.735560
195 199 224 -1 30.476367
286 303 -1 -1 37.610757
303 326 -1 -1 27.490798
286 326 -1 -1 32.833555
286 303 326 -1 38.667829
150 171 -1 -1 27.600595
143 171 -1 -1 26.088871
143 150 -1 -1 26.304607
143 150 171 -1 30.820377
205 207 -1 -1 12.057375
182 207 -1 -1 21.505249
182 205 -1 -1 24.026972
182 205 207 -1 24.068800
158 171 -1 -1 26.681631
143 158 -1 -1 32.194800
143 158 171 -1 33.302217
158 187 -1 -1 28.560047
168 187 -1 -1 22.748080
158 168 -1 -1 28.778926
158 168 187 -1 31.233565
251 254 -1 -1 32.054103
302 327 -1 -1 38.700903
292 327 -1 -1 37.446067
292 302 -1 -1 19.729141
292 302 327 -1 39.488818
254 259 -1 -1 32.296400
254 274 -1 -1 36.683426
259 274 -1 -1 35.595726
254 259 274 -1 40.410364
251 259 -1 -1 15.886228
251 254 259 -1 33.206322
224 227 -1 -1 16.382183
199 227 -1 -1 28.446583
199 224 227 -1 29.307175
235 251 -1 -1 18.093172
227 235 -1 -1 23.086764
227 251 -1 -1 17.946565
227 235 251 -1 23.467076
224 235 -1 -1 21.145977
224 227 235 -1 23.932239
195 235 -1 -1 37.584596
195 224 235 -1 38.543628
357 374 -1 -1 25.813389
333 357 -1 -1 38.019974
333 374 -1 -1 42.415434
333 357 374 -1 42.964429
320 357 -1 -1 43.728991
320 333 -1 -1 34.051139
320 333 357 -1 45.383598
346 357 -1 -1 21.834421
320 346 -1 -1 36.310156
320 346 357 -1 43.848638
286 319 -1 -1 33.640619
311 319 -1 -1 18.151660
286 311 -1 -1 38.742330
286 311 319 -1 38.762913
319 326 -1 -1 9.224914
286 319 326 -1 33.686049
345 365 -1 -1 18.352037
346 365 -1 -1 31.482510
345 346 -1 -1 20.830904
345 346 365 -1 32.878481
345 357 -1 -1 37.129498
345 346 357 -1 43.297206
291 327 -1 -1 33.540047
291 292 -1 -1 16.198358
291 292 327 -1 37.449582
257 303 -1 -1 24.146639
257 263 -1 -1 24.018685
263 303 -1 -1 36.263056
257 263 303 -1 36.591442
257 286 -1 -1 31.886198
257 286 303 -1 37.885816
257 267 -1 -1 41.190830
267 286 -1 -1 32.430436
257 267 286 -1 41.872937
320 331 -1 -1 32.129827
331 346 -1 -1 33.143588
320 331 346 -1 39.280028
331 365 -1 -1 30.374117
331 346 365 -1 36.639043
116 117 -1 -1 32.458030
116 129 -1 -1 20.927544
117 129 -1 -1 21.791515
116 117 129 -1 32.851212
129 134 -1 -1 17.996913
129 151 -1 -1 39.145491
134 151 -1 -1 33.620246
129 134 151 -1 39.227398
117 134 -1 -1 27.183438
117 129 134 -1 27.262840
77 85 -1 -1 43.617207
362 370 -1 -1 12.163399
311 370 -1 -1 42.624666
311 362 -1 -1 46.060187
311 362 370 -1 46.595529
267 284 -1 -1 27.993883
248 284 -1 -1 26.815203
248 267 -1 -1 22.452974
248 267 284 -1 30.068527
284 286 -1 -1 20.796306
267 284 286 -1 32.758666
150 174 -1 -1 26.992254
171 174 -1 -1 36.082092
150 171 174 -1 36.374212
174 199 -1 -1 26.015540
174 195 -1 -1 34.600490
174 195 199 -1 35.635282
356 367 -1 -1 38.957674
356 371 -1 -1 51.533520
367 371 -1 -1 33.811173
356 367 371 -1 51.533620
302 335 -1 -1 30.800413
327 335 -1 -1 21.958997
302 327 335 -1 38.748316
116 148 -1 -1 33.070166
116 160 -1 -1 39.176702
148 160 -1 -1 15.371947
116 148 160 -1 39.997228
148 179 -1 -1 36.035060
151 179 -1 -1 26.698096
148 151 -1 -1 42.030054
148 151 179 -1 42.374366
129 148 -1 -1 41.001861
129 148 151 -1 47.085027
116 129 148 -1 41.243311
160 182 -1 -1 22.572966
148 182 -1 -1 31.810357
148 160 182 -1 34.442159
145 158 -1 -1 21.237366
143 145 -1 -1 29.748166
143 145 158 -1 33.139030
128 145 -1 -1 35.364522
128 143 -1 -1 24.151708
128 143 145 -1 35.777156
145 168 -1 -1 35.976622
145 158 168 -1 35.979355
116 152 -1 -1 36.479644
152 160 -1 -1 29.978792
116 152 160 -1 41.315930
152 153 -1 -1 16.312454
153 160 -1 -1 28.697264
152 153 160 -1 30.622115
153 178 -1 -1 22.249402
153 168 -1 -1 26.351684
168 178 -1 -1 18.699957
153 168 178 -1 26.792426
160 178 -1 -1 36.958138
178 182 -1 -1 32.467150
160 178 182 -1 37.299150
153 160 178 -1 36.983555
178 187 -1 -1 32.853553
168 178 187 -1 33.925676
128 135 -1 -1 13.118178
112 135 -1 -1 25.814242
112 128 -1 -1 27.812062
112 128 135 -1 27.940845
135 145 -1 -1 34.399109
125 145 -1 -1 28.820094
125 135 -1 -1 14.763568
125 135 145 -1 34.838575
128 135 145 -1 35.605092
254 308 -1 -1 36.166591
274 308 -1 -1 13.316739
254 274 308 -1 37.075330
254 306 -1 -1 31.757884
259 280 -1 -1 38.728289
274 280 -1 -1 18.698997
259 274 280 -1 38.878297
268 280 -1 -1 22.033159
259 268 -1 -1 45.236911
259 268 280 -1 45.265872
280 317 -1 -1 42.668370
274 317 -1 -1 45.957409
274 280 317 -1 45.987964
280 302 -1 -1 39.822784
302 317 -1 -1 14.609290
280 302 317 -1 42.675523
280 292 -1 -1 38.648481
268 292 -1 -1 35.358956
268 280 292 -1 39.123275
280 292 302 -1 40.600674
252 259 -1 -1 12.443826
251 252 -1 -1 12.874757
251 252 259 -1 16.259185
227 252 -1 -1 15.857429
227 251 252 -1 18.454486
334 362 -1 -1 27.116169
334 365 -1 -1 15.114614
311 334 -1 -1 43.621852
311 334 362 -1 47.199341
319 334 -1 -1 36.791032
311 319 334 -1 44.224826
326 334 -1 -1 38.175547
319 326 334 -1 38.190031
331 334 -1 -1 36.763517
331 334 365 -1 37.672833
365 379 -1 -1 33.842065
345 379 -1 -1 27.598043
345 365 379 -1 33.878297
281 303 -1 -1 29.529772
263 281 -1 -1 28.946681
263 281 303 -1 37.271079
281 331 -1 -1 43.107224
303 331 -1 -1 36.958339
281 303 331 -1 43.774609
281 287 -1 -1 17.911955
287 320 -1 -1 32.159743
281 320 -1 -1 41.055153
281 287 320 -1 42.855720
281 320 331 -1 45.595550
298 327 -1 -1 26.223253
327 333 -1 -1 27.390096
298 333 -1 -1 33.956701
298 327 333 -1 34.644488
291 298 -1 -1 21.859044
291 298 327 -1 33.561039
243 257 -1 -1 32.428882
243 267 -1 -1 22.430279
243 257 267 -1 41.388285
243 263 -1 -1 42.212785
243 257 263 -1 42.418922
130 152 -1 -1 31.875348
124 130 -1 -1 17.992058
124 152 -1 -1 22.175859
124 130 152 -1 32.932419
116 130 -1 -1 26.252598
116 130 152 -1 37.428584
347 370 -1 -1 22.793804
311 347 -1 -1 32.490914
311 347 370 -1 43.203490
323 347 -1 -1 32.109563
311 323 -1 -1 19.713722
311 323 347 -1 33.923303
336 347 -1 -1 18.043910
323 336 -1 -1 27.883753
323 336 347 -1 32.192218
157 174 -1 -1 26.275290
157 167 -1 -1 14.472371
167 174 -1 -1 29.005003
157 167 174 -1 29.091341
150 157 -1 -1 17.970712
150 157 174 -1 28.309883
86 103 -1 -1 23.120625
103 132 -1 -1 31.306268
131 132 -1 -1 15.905620
103 131 -1 -1 24.997364
103 131 132 -1 31.568203
97 128 -1 -1 35.026457
97 112 -1 -1 19.390452
97 112 128 -1 35.116882
194 207 -1 -1 24.045106
182 194 -1 -1 30.688919
182 194 207 -1 30.830023
148 194 -1 -1 39.923859
148 182 194 -1 40.619503
179 194 -1 -1 27.809387
148 179 194 -1 41.110016
205 221 -1 -1 31.794860
207 221 -1 -1 27.856776
205 207 221 -1 32.081078
194 221 -1 -1 37.179202
194 207 221 -1 37.187399
221 222 -1 -1 15.027570
194 222 -1 -1 34.683278
194 221 222 -1 37.216192
221 256 -1 -1 28.632238
222 256 -1 -1 34.086785
221 222 256 -1 34.402275
102 113 -1 -1 24.918741
102 125 -1 -1 29.907374
113 125 -1 -1 19.712374
102 113 125 -1 30.114666
343 367 -1 -1 21.368128
354 367 -1 -1 9.095735
343 354 -1 -1 20.005065
343 354 367 -1 21.424310
343 356 -1 -1 24.400711
343 356 367 -1 43.541000
317 343 -1 -1 31.678457
317 354 -1 -1 27.415620
317 343 354 -1 31.971986
343 348 -1 -1 34.548610
325 343 -1 -1 35.697098
325 348 -1 -1 25.528084
325 343 348 -1 37.728605
348 356 -1 -1 27.540322
343 348 356 -1 34.796864
352 374 -1 -1 31.210534
333 352 -1 -1 32.855527
333 352 374 -1 42.745873
327 352 -1 -1 33.216260
327 333 352 -1 36.304198
335 352 -1 -1 32.132701
327 335 352 -1 34.724482
335 353 -1 -1 15.757034
302 353 -1 -1 30.052628
302 335 353 -1 31.531644
317 353 -1 -1 26.233067
353 354 -1 -1 4.423099
317 353 354 -1 27.919241
302 317 353 -1 30.052690
140 153 -1 -1 30.807353
140 168 -1 -1 38.897627
140 153 168 -1 39.023838
140 152 -1 -1 26.691689
140 152 153 -1 30.824984
124 140 -1 -1 22.259127
124 140 152 -1 27.789918
113 140 -1 -1 32.520847
113 124 -1 -1 35.863616
113 124 140 -1 36.488911
125 140 -1 -1 32.432616
113 125 140 -1 34.084549
174 190 -1 -1 34.788362
171 190 -1 -1 24.318677
171 174 190 -1 37.766723
190 199 -1 -1 28.675296
174 190 199 -1 35.459223
158 189 -1 -1 29.471163
171 189 -1 -1 32.569498
158 171 189 -1 34.508002
189 190 -1 -1 26.255908
171 189 190 -1 33.063840
190 206 -1 -1 21.314273
189 206 -1 -1 12.807569
189 190 206 -1 26.481038
187 189 -1 -1 18.153864
158 187 189 -1 30.579880
231 232 -1 -1 21.135819
232 245 -1 -1 16.605026
231 245 -1 -1 23.312866
231 232 245 -1 24.109633
189 223 -1 -1 24.496846
206 223 -1 -1 18.694129
189 206 223 -1 24.907464
254 305 -1 -1 31.895893
305 306 -1 -1 7.088794
254 305 306 -1 32.032025
305 308 -1 -1 14.721736
254 305 308 -1 36.279225
317 332 -1 -1 14.151102
274 332 -1 -1 43.728588
274 317 332 -1 45.957411
308 332 -1 -1 38.520046
274 308 332 -1 45.099860
332 343 -1 -1 26.755117
325 332 -1 -1 22.053909
325 332 343 -1 35.763856
317 332 343 -1 31.891770
305 318 -1 -1 15.343954
306 318 -1 -1 15.072437
305 306 318 -1 15.649083
318 321 -1 -1 6.945337
305 321 -1 -1 13.603471
305 318 321 -1 15.344943
318 325 -1 -1 22.901237
321 325 -1 -1 21.059027
318 321 325 -1 23.046093
262 273 -1 -1 20.123463
240 262 -1 -1 18.647433
240 273 -1 -1 30.491886
240 262 273 -1 31.377767
269 273 -1 -1 14.763294
262 269 -1 -1 18.243253
262 269 273 -1 20.903958
255 268 -1 -1 25.947257
245 255 -1 -1 17.260337
245 268 -1 -1 35.274892
245 255 268 -1 37.038983
352 371 -1 -1 36.472264
225 238 -1 -1 27.812213
225 248 -1 -1 45.748038
238 248 -1 -1 41.833609
225 238 248 -1 46.552344
213 225 -1 -1 20.415941
213 248 -1 -1 49.360414
213 225 248 -1 49.398401
91 134 -1 -1 28.443266
91 117 -1 -1 35.729792
91 117 134 -1 36.292879
85 91 -1 -1 24.397116
77 91 -1 -1 37.394856
77 85 91 -1 43.671712
77 117 -1 -1 29.558901
77 91 117 -1 40.016533
126 154 -1 -1 30.881628
154 166 -1 -1 26.032189
166 175 -1 -1 25.248216
154 175 -1 -1 21.903073
154 166 175 -1 28.368544
121 154 -1 -1 40.213450
121 126 -1 -1 31.219682
121 126 154 -1 40.747710
121 166 -1 -1 40.370598
121 154 166 -1 42.575325
177 198 -1 -1 22.247676
177 179 -1 -1 25.193722
179 198 -1 -1 33.021118
177 179 198 -1 33.041417
172 198 -1 -1 28.024414
172 177 -1 -1 20.389421
172 177 198 -1 28.295669
151 177 -1 -1 27.221408
151 177 179 -1 30.496788
192 198 -1 -1 28.305307
172 192 -1 -1 22.416632
172 192 198 -1 30.702208
166 192 -1 -1 35.267712
166 172 -1 -1 29.872814
166 172 192 -1 35.494265
198 211 -1 -1 22.913020
192 211 -1 -1 36.786822
192 198 211 -1 36.794837
304 334 -1 -1 37.645821
304 326 -1 -1 16.727893
304 326 334 -1 38.886035
304 331 -1 -1 23.658265
304 331 334 -1 39.262744
303 304 -1 -1 20.052808
303 304 326 -1 27.658685
303 304 331 -1 40.847950
276 281 -1 -1 34.611410
276 287 -1 -1 29.092837
276 281 287 -1 34.626454
256 276 -1 -1 22.838939
263 276 -1 -1 39.025645
256 263 -1 -1 27.533816
256 263 276 -1 39.776859
263 276 281 -1 40.370348
262 276 -1 -1 23.388794
269 276 -1 -1 13.925830
262 269 276 -1 23.407465
256 262 -1 -1 30.643883
256 262 276 -1 30.871895
296 298 -1 -1 24.884477
291 296 -1 -1 32.470245
291 296 298 -1 32.495330
208 243 -1 -1 35.207955
208 267 -1 -1 41.099786
208 243 267 -1 41.123406
208 248 -1 -1 49.312984
208 248 267 -1 49.729746
208 213 -1 -1 20.168121
208 213 248 -1 50.400837
192 208 -1 -1 33.919614
208 211 -1 -1 23.165472
192 208 211 -1 37.646414
192 213 -1 -1 28.606390
192 208 213 -1 33.990609
208 237 -1 -1 34.968695
211 237 -1 -1 20.961165
208 211 237 -1 36.155700
237 243 -1 -1 30.374414
208 237 243 -1 38.923925
89 117 -1 -1 23.331801
89 116 -1 -1 41.048389
89 116 117 -1 41.116390
89 130 -1 -1 36.079417
89 116 130 -1 41.594463
77 89 -1 -1 28.928147
77 89 117 -1 31.898913
347 377 -1 -1 29.590364
370 377 -1 -1 21.530971
347 370 377 -1 29.769613
138 157 -1 -1 31.387761
138 150 -1 -1 26.766437
138 150 157 -1 31.437690
138 143 -1 -1 28.329800
138 143 150 -1 31.382308
128 138 -1 -1 27.845349
128 138 143 -1 31.113522
97 138 -1 -1 33.010141
97 128 138 -1 37.349173
132 155 -1 -1 16.112393
131 155 -1 -1 21.991976
131 132 155 -1 22.027141
138 155 -1 -1 35.398226
131 138 -1 -1 30.198709
131 138 155 -1 35.603930
155 157 -1 -1 18.180969
138 155 157 -1 35.451771
155 167 -1 -1 15.857207
155 157 167 -1 18.961755
83 103 -1 -1 24.190081
83 131 -1 -1 30.519892
83 103 131 -1 31.363222
83 138 -1 -1 39.553347
83 131 138 -1 40.014207
83 97 -1 -1 19.169535
83 97 138 -1 39.696349
83 86 -1 -1 27.122618
83 86 103 -1 28.878422
178 204 -1 -1 29.243664
187 204 -1 -1 25.984889
178 187 204 -1 34.403636
229 246 -1 -1 14.725418
229 231 -1 -1 25.863223
231 246 -1 -1 20.807782
229 231 246 -1 25.875801
204 229 -1 -1 35.097620
229 234 -1 -1 20.634719
204 234 -1 -1 32.760569
204 229 234 -1 35.803821
229 240 -1 -1 15.065016
234 240 -1 -1 11.505420
229 234 240 -1 21.024745
229 273 -1 -1 32.964575
229 240 273 -1 33.060807
246 273 -1 -1 31.909438
229 246 273 -1 33.383359
198 210 -1 -1 21.930070
210 211 -1 -1 22.002394
198 210 211 -1 25.745153
228 262 -1 -1 20.808834
228 256 -1 -1 28.012671
228 256 262 -1 31.558724
221 228 -1 -1 22.780984
221 228 256 -1 30.942172
228 240 -1 -1 21.169251
228 240 262 -1 23.430049
228 234 -1 -1 20.499534
228 234 240 -1 21.708313
205 228 -1 -1 30.770787
205 234 -1 -1 27.239476
205 228 234 -1 31.359488
205 221 228 -1 33.613500
102 106 -1 -1 29.667377
106 113 -1 -1 19.261181
102 106 113 -1 29.870599
109 135 -1 -1 19.736358
109 125 -1 -1 26.049516
109 125 135 -1 26.245534
102 109 -1 -1 14.072065
102 109 125 -1 29.916243
109 112 -1 -1 16.366979
109 112 135 -1 25.816733
348 349 -1 -1 10.519077
325 349 -1 -1 29.515120
325 348 349 -1 30.140169
360 367 -1 -1 7.251476
360 371 -1 -1 32.448878
360 367 371 -1 33.920085
352 360 -1 -1 33.691359
352 360 371 -1 39.651195
335 360 -1 -1 17.936115
335 352 360 -1 34.317048
353 360 -1 -1 12.430569
335 353 360 -1 18.333288
354 360 -1 -1 12.015613
354 360 367 -1 12.044045
353 354 360 -1 12.479671
141 145 -1 -1 14.276962
125 141 -1 -1 26.656762
125 141 145 -1 28.996435
140 141 -1 -1 14.505515
125 140 141 -1 32.907320
141 168 -1 -1 35.008879
141 145 168 -1 36.309931
140 141 168 -1 39.009880
190 219 -1 -1 22.391775
206 219 -1 -1 12.833438
190 206 219 -1 22.927812
199 219 -1 -1 38.455872
190 199 219 -1 38.739792
230 232 -1 -1 11.154132
230 231 -1 -1 14.414931
230 231 232 -1 22.618687
223 230 -1 -1 5.809011
223 232 -1 -1 13.564290
223 230 232 -1 13.842061
309 332 -1 -1 32.252081
308 309 -1 -1 10.766451
308 309 332 -1 43.689047
305 309 -1 -1 14.104077
309 321 -1 -1 9.005330
305 309 321 -1 14.666980
305 308 309 -1 15.555829
309 325 -1 -1 24.143613
309 321 325 -1 24.434344
309 325 332 -1 32.264123
315 318 -1 -1 15.656611
315 325 -1 -1 26.507632
315 318 325 -1 26.623886
315 349 -1 -1 28.643149
315 325 349 -1 32.680216
266 273 -1 -1 29.721107
246 266 -1 -1 25.025808
246 266 273 -1 33.807420
246 258 -1 -1 15.329768
231 258 -1 -1 16.634490
231 246 258 -1 21.060325
245 258 -1 -1 19.185883
231 245 258 -1 23.612210
255 258 -1 -1 10.984752
245 255 258 -1 19.358219
258 266 -1 -1 25.387440
246 258 266 -1 26.465600
255 266 -1 -1 22.803667
255 258 266 -1 25.388189
191 225 -1 -1 27.331652
175 191 -1 -1 28.759010
166 191 -1 -1 35.281454
166 175 191 -1 35.692538
238 275 -1 -1 47.270180
248 275 -1 -1 34.471574
238 248 275 -1 48.744053
275 284 -1 -1 37.845799
248 275 284 -1 39.160689
275 301 -1 -1 27.245535
284 301 -1 -1 25.770666
275 284 301 -1 37.852217
301 310 -1 -1 8.882590
284 310 -1 -1 28.108107
284 301 310 -1 28.257650
286 310 -1 -1 38.742578
284 286 310 -1 39.890429
310 311 -1 -1 31.592232
286 310 311 -1 42.429282
310 323 -1 -1 15.867613
310 311 323 -1 38.504886
100 121 -1 -1 40.483105
98 121 -1 -1 40.113705
98 100 -1 -1 15.000839
98 100 121 -1 41.026656
91 100 -1 -1 28.433243
85 100 -1 -1 20.259412
85 91 100 -1 29.016536
127 166 -1 -1 39.500899
127 172 -1 -1 31.597383
127 166 172 -1 40.120369
121 127 -1 -1 30.000012
121 127 166 -1 43.103847
127 177 -1 -1 33.697043
127 151 -1 -1 32.116835
127 151 177 -1 36.183650
127 172 177 -1 34.513665
276 294 -1 -1 28.807599
269 294 -1 -1 19.516583
269 276 294 -1 32.621629
287 294 -1 -1 32.484127
276 287 294 -1 34.973291
293 296 -1 -1 18.095612
293 298 -1 -1 23.128490
293 296 298 -1 26.005773
287 293 -1 -1 25.205052
293 320 -1 -1 32.783248
287 293 320 -1 35.240872
293 294 -1 -1 19.875812
287 293 294 -1 32.494144
294 296 -1 -1 6.252867
293 294 296 -1 20.035316
293 333 -1 -1 40.392980
293 320 333 -1 41.950058
293 298 333 -1 40.419037
244 256 -1 -1 37.433106
244 263 -1 -1 35.919225
244 256 263 -1 39.612659
222 244 -1 -1 18.770916
222 244 256 -1 37.579956
243 244 -1 -1 34.401060
243 244 263 -1 43.970220
237 244 -1 -1 13.573922
237 243 244 -1 34.550362
89 114 -1 -1 37.942878
114 130 -1 -1 18.916961
89 114 130 -1 38.445082
106 114 -1 -1 24.469313
114 124 -1 -1 23.529255
114 124 130 -1 23.956190
113 114 -1 -1 34.128334
113 114 124 -1 37.237131
106 113 114 -1 34.882936
92 121 -1 -1 39.440431
92 126 -1 -1 34.184822
92 121 126 -1 41.026311
92 98 -1 -1 21.247111
92 98 121 -1 41.294212
377 380 -1 -1 19.862306
336 380 -1 -1 31.877905
347 380 -1 -1 29.731524
336 347 380 -1 32.408434
347 377 380 -1 31.478422
203 204 -1 -1 19.942869
178 203 -1 -1 31.927140
178 203 204 -1 32.587170
203 205 -1 -1 18.938921
182 203 -1 -1 33.831680
182 203 205 -1 34.757042
178 182 203 -1 37.842614
203 234 -1 -1 20.810701
203 205 234 -1 27.293954
203 204 234 -1 34.254404
204 212 -1 -1 17.387052
187 212 -1 -1 24.522992
187 204 212 -1 26.970909
189 212 -1 -1 29.617464
187 189 212 -1 29.671571
212 223 -1 -1 16.977912
189 212 223 -1 29.620126
212 230 -1 -1 18.080699
212 223 230 -1 18.086320
212 231 -1 -1 20.605228
212 230 231 -1 21.081067
212 229 -1 -1 33.660183
212 229 231 -1 33.683353
204 212 229 -1 35.640252
194 216 -1 -1 33.537464
216 222 -1 -1 23.237600
194 216 222 -1 36.313859
210 216 -1 -1 12.722551
194 210 -1 -1 28.291541
194 210 216 -1 34.425868
216 244 -1 -1 22.532088
216 222 244 -1 25.103898
216 237 -1 -1 16.768123
216 237 244 -1 22.629878
211 216 -1 -1 20.507142
211 216 237 -1 22.675785
210 211 216 -1 22.403526
194 196 -1 -1 21.551985
179 196 -1 -1 22.435511
179 194 196 -1 28.389377
196 210 -1 -1 9.928902
194 196 210 -1 33.998529
196 198 -1 -1 23.833117
179 196 198 -1 33.026344
196 198 210 -1 23.841422
349 375 -1 -1 12.971879
348 375 -1 -1 14.214332
348 349 375 -1 14.814210
356 375 -1 -1 29.077440
348 356 375 -1 29.396385
217 223 -1 -1 14.143193
206 217 -1 -1 11.552660
206 217 223 -1 18.716511
217 219 -1 -1 7.521227
206 217 219 -1 12.972040
217 232 -1 -1 13.143756
217 223 232 -1 15.745531
214 252 -1 -1 22.756424
214 227 -1 -1 25.684526
214 227 252 -1 25.986012
214 259 -1 -1 31.520390
214 252 259 -1 38.249572
199 214 -1 -1 41.509376
199 214 227 -1 42.151678
214 219 -1 -1 25.442193
199 214 219 -1 42.419321
214 268 -1 -1 47.068680
214 245 -1 -1 24.597498
214 245 268 -1 48.152467
214 259 268 -1 49.168248
266 278 -1 -1 22.714120
273 278 -1 -1 14.751458
266 273 278 -1 30.492797
278 296 -1 -1 16.437622
278 291 -1 -1 32.853173
278 291 296 -1 33.755630
266 291 -1 -1 35.104142
266 278 291 -1 36.190693
255 279 -1 -1 13.571390
268 279 -1 -1 17.208034
255 268 279 -1 28.492391
266 279 -1 -1 15.697487
255 266 279 -1 23.323010
279 292 -1 -1 40.205088
268 279 292 -1 40.271916
279 291 -1 -1 40.526300
279 291 292 -1 41.211062
266 279 291 -1 40.980724
192 209 -1 -1 16.200147
166 209 -1 -1 38.081969
166 192 209 -1 38.127816
191 209 -1 -1 15.851814
166 191 209 -1 38.113967
209 213 -1 -1 18.379874
192 209 213 -1 30.741487
209 225 -1 -1 28.861416
209 213 225 -1 29.020000
191 209 225 -1 29.401468
100 137 -1 -1 42.230315
121 137 -1 -1 41.842408
100 121 137 -1 47.964218
127 137 -1 -1 24.934912
121 127 137 -1 42.341516
91 137 -1 -1 31.759130
91 100 137 -1 42.237666
134 137 -1 -1 22.532974
91 134 137 -1 32.718391
137 151 -1 -1 28.606581
134 137 151 -1 34.014647
127 137 151 -1 33.521139
80 114 -1 -1 31.649957
80 89 -1 -1 21.823341
80 89 114 -1 37.957482
214 241 -1 -1 15.286544
219 241 -1 -1 21.111365
214 219 241 -1 25.473644
217 241 -1 -1 19.307848
232 241 -1 -1 10.921658
217 232 241 -1 20.120092
217 219 241 -1 21.144805
241 245 -1 -1 12.742426
232 241 245 -1 16.608790
214 241 245 -1 29.146378
289 294 -1 -1 5.693605
289 296 -1 -1 8.024080
289 294 296 -1 8.064611
278 289 -1 -1 11.015774
278 289 296 -1 18.711374
273 289 -1 -1 17.077029
273 278 289 -1 17.261035
269 289 -1 -1 19.233240
269 273 289 -1 20.016385
269 289 294 -1 19.610755
310 330 -1 -1 27.339879
323 330 -1 -1 22.191566
310 323 330 -1 27.340166
330 336 -1 -1 16.970295
323 330 336 -1 27.883967
77 -1 -1 -1 0.000000
80 -1 -1 -1 0.000000
83 -1 -1 -1 0.000000
85 -1 -1 -1 0.000000
86 -1 -1 -1 0.000000
89 -1 -1 -1 0.000000
91 -1 -1 -1 0.000000
92 -1 -1 -1 0.000000
97 -1 -1 -1 0.000000
98 -1 -1 -1 0.000000
100 -1 -1 -1 0.000000
102 -1 -1 -1 0.000000
103 -1 -1 -1 0.000000
106 -1 -1 -1 0.000000
109 -1 -1 -1 0.000000
112 -1 -1 -1 0.000000
113 -1 -1 -1 0.000000
114 -1 -1 -1 0.000000
116 -1 -1 -1 0.000000
117 -1 -1 -1 0.000000
121 -1 -1 -1 0.000000
124 -1 -1 -1 0.000000
125 -1 -1 -1 0.000000
126 -1 -1 -1 0.000000
127 -1 -1 -1 0.000000
128 -1 -1 -1 0.000000
129 -1 -1 -1 0.000000
130 -1 -1 -1 0.000000
131 -1 -1 -1 0.000000
132 -1 -1 -1 0.000000
134 -1 -1 -1 0.000000
135 -1 -1 -1 0.000000
137 -1 -1 -1 0.000000
138 -1 -1 -1 0.000000
140 -1 -1 -1 0.000000
141 -1 -1 -1 0.000000
143 -1 -1 -1 0.000000
145 -1 -1 -1 0.000000
148 -1 -1 -1 0.000000
150 -1 -1 -1 0.000000
151 -1 -1 -1 0.000000
152 -1 -1 -1 0.000000
153 -1 -1 -1 0.000000
154 -1 -1 -1 0.000000
155 -1 -1 -1 0.000000
157 -1 -1 -1 0.000000
158 -1 -1 -1 0.000000
160 -1 -1 -1 0.000000
166 -1 -1 -1 0.000000
167 -1 -1 -1 0.000000
168 -1 -1 -1 0.000000
171 -1 -1 -1 0.000000
172 -1 -1 -1 0.000000
174 -1 -1 -1 0.000000
175 -1 -1 -1 0.000000
177 -1 -1 -1 0.000000
178 -1 -1 -1 0.000000
179 -1 -1 -1 0.000000
182 -1 -1 -1 0.000000
187 -1 -1 -1 0.000000
189 -1 -1 -1 0.000000
190 -1 -1 -1 0.000000
191 -1 -1 -1 0.000000
192 -1 -1 -1 0.000000
194 -1 -1 -1 0.000000
195 -1 -1 -1 0.000000
196 -1 -1 -1 0.000000
198 -1 -1 -1 0.000000
199 -1 -1 -1 0.000000
203 -1 -1 -1 0.000000
204 -1 -1 -1 0.000000
205 -1 -1 -1 0.000000
206 -1 -1 -1 0.000000
207 -1 -1 -1 0.000000
208 -1 -1 -1 0.000000
209 -1 -1 -1 0.000000
210 -1 -1 -1 0.000000
211 -1 -1 -1 0.000000
212 -1 -1 -1 0.000000
213 -1 -1 -1 0.000000
214 -1 -1 -1 0.000000
216 -1 -1 -1 0.000000
217 -1 -1 -1 0.000000
219 -1 -1 -1 0.000000
221 -1 -1 -1 0.000000
222 -1 -1 -1 0.000000
223 -1 -1 -1 0.000000
224 -1 -1 -1 0.000000
225 -1 -1 -1 0.000000
227 -1 -1 -1 0.000000
228 -1 -1 -1 0.000000
229 -1 -1 -1 0.000000
230 -1 -1 -1 0.000000
231 -1 -1 -1 0.000000
232 -1 -1 -1 0.000000
234 -1 -1 -1 0.000000
235 -1 -1 -1 0.000000
237 -1 -1 -1 0.000000
238 -1 -1 -1 0.000000
240 -1 -1 -1 0.000000
241 -1 -1 -1 0.000000
243 -1 -1 -1 0.000000
244 -1 -1 -1 0.000000
245 -1 -1 -1 0.000000
246 -1 -1 -1 0.000000
248 -1 -1 -1 0.000000
251 -1 -1 -1 0.000000
252 -1 -1 -1 0.000000
254 -1 -1 -1 0.000000
255 -1 -1 -1 0.000000
256 -1 -1 -1 0.000000
257 -1 -1 -1 0.000000
258 -1 -1 -1 0.000000
259 -1 -1 -1 0.000000
262 -1 -1 -1 0.000000
263 -1 -1 -1 0.000000
266 -1 -1 -1 0.000000
267 -1 -1 -1 0.000000
268 -1 -1 -1 0.000000
269 -1 -1 -1 0.000000
273 -1 -1 -1 0.000000
274 -1 -1 -1 0.000000
275 -1 -1 -1 0.000000
276 -1 -1 -1 0.000000
278 -1 -1 -1 0.000000
279 -1 -1 -1 0.000000
280 -1 -1 -1 0.000000
281 -1 -1 -1 0.000000
284 -1 -1 -1 0.000000
286 -1 -1 -1 0.000000
287 -1 -1 -1 0.000000
289 -1 -1 -1 0.000000
291 -1 -1 -1 0.000000
292 -1 -1 -1 0.000000
293 -1 -1 -1 0.000000
294 -1 -1 -1 0.000000
296 -1 -1 -1 0.000000
298 -1 -1 -1 0.000000
301 -1 -1 -1 0.000000
302 -1 -1 -1 0.000000
303 -1 -1 -1 0.000000
304 -1 -1 -1 0.000000
305 -1 -1 -1 0.000000
306 -1 -1 -1 0.000000
308 -1 -1 -1 0.000000
309 -1 -1 -1 0.000000
310 -1 -1 -1 0.000000
311 -1 -1 -1 0.000000
315 -1 -1 -1 0.000000
317 -1 -1 -1 0.000000
318 -1 -1 -1 0.000000
319 -1 -1 -1 0.000000
320 -1 -1 -1 0.000000
321 -1 -1 -1 0.000000
323 -1 -1 -1 0.000000
325 -1 -1 -1 0.000000
326 -1 -1 -1 0.000000
327 -1 -1 -1 0.000000
330 -1 -1 -1 0.000000
331 -1 -1 -1 0.000000
332 -1 -1 -1 0.000000
333 -1 -1 -1 0.000000
334 -1 -1 -1 0.000000
335 -1 -1 -1 0.000000
336 -1 -1 -1 0.000000
343 -1 -1 -1 0.000000
345 -1 -1 -1 0.000000
346 -1 -1 -1 0.000000
347 -1 -1 -1 0.000000
348 -1 -1 -1 0.000000
349 -1 -1 -1 0.000000
352 -1 -1 -1 0.000000
353 -1 -1 -1 0.000000
354 -1 -1 -1 0.000000
356 -1 -1 -1 0.000000
357 -1 -1 -1 0.000000
360 -1 -1 -1 0.000000
362 -1 -1 -1 0.000000
365 -1 -1 -1 0.000000
367 -1 -1 -1 0.000000
370 -1 -1 -1 0.000000
371 -1 -1 -1 0.000000
374 -1 -1 -1 0.000000
375 -1 -1 -1 0.000000
377 -1 -1 -1 0.000000
379 -1 -1 -1 0.000000
380 -1 -1 -1 0.000000
