196 225 -1 -1 37.842440
201 225 -1 -1 30.476361
196 201 -1 -1 30.589472
196 201 225 -1 38.903429
220 225 -1 -1 33.822688
201 220 -1 -1 43.553985
201 220 225 -1 43.713269
283 285 -1 -1 37.085230
275 285 -1 -1 40.489615
275 283 -1 -1 24.240906
275 283 285 -1 41.161478
124 132 -1 -1 44.127358
124 148 -1 -1 34.447518
132 148 -1 -1 47.184371
124 132 148 -1 49.438301
132 145 -1 -1 35.394992
145 148 -1 -1 32.506946
132 145 148 -1 47.215199
104 108 -1 -1 40.722806
94 104 -1 -1 32.616640
94 108 -1 -1 35.131244
94 104 108 -1 42.408472
225 226 -1 -1 25.693125
224 225 -1 -1 20.618952
224 226 -1 -1 28.038667
224 225 226 -1 29.227506
220 226 -1 -1 26.521791
220 225 226 -1 34.270373
226 254 -1 -1 41.369657
224 254 -1 -1 37.896737
224 226 254 -1 42.619497
188 205 -1 -1 34.087711
171 205 -1 -1 45.701030
171 188 -1 -1 32.077093
171 188 205 -1 45.751143
196 205 -1 -1 28.715260
171 196 -1 -1 40.406245
171 196 205 -1 46.288859
60 65 -1 -1 19.520850
45 60 -1 -1 19.026010
50 65 -1 -1 31.738254
167 188 -1 -1 33.588257
167 171 -1 -1 33.436786
167 171 188 -1 38.167567
46 64 -1 -1 30.586196
46 66 -1 -1 33.200044
64 66 -1 -1 27.057347
46 64 66 -1 35.324748
49 64 -1 -1 29.894719
46 49 -1 -1 26.307267
46 49 64 -1 33.591086
74 85 -1 -1 28.832897
74 94 -1 -1 26.514466
85 94 -1 -1 25.746385
74 85 94 -1 31.334475
66 85 -1 -1 30.921097
66 74 -1 -1 39.855091
66 74 85 -1 40.105696
85 104 -1 -1 35.373362
85 94 104 -1 36.882025
83 85 -1 -1 33.833938
83 104 -1 -1 34.471830
83 85 104 -1 39.926396
64 85 -1 -1 46.437435
64 66 85 -1 48.369703
64 83 -1 -1 43.142107
64 83 85 -1 48.538091
283 292 -1 -1 22.781483
275 292 -1 -1 15.161107
275 283 292 -1 24.929476
261 283 -1 -1 41.366420
261 285 -1 -1 37.507298
261 283 285 -1 44.820582
255 261 -1 -1 24.088815
255 283 -1 -1 33.982648
255 261 283 -1 41.370832
274 279 -1 -1 21.814578
274 277 -1 -1 39.387124
277 279 -1 -1 26.075627
274 277 279 -1 42.007720
229 266 -1 -1 37.617523
229 237 -1 -1 20.980379
212 237 -1 -1 21.038521
276 287 -1 -1 39.478301
285 287 -1 -1 28.593883
276 285 -1 -1 46.737122
276 285 287 -1 46.906676
58 67 -1 -1 33.754299
41 67 -1 -1 38.668015
41 58 -1 -1 30.439029
41 58 67 -1 40.251340
58 77 -1 -1 37.684568
67 77 -1 -1 29.006063
58 67 77 -1 39.330691
145 178 -1 -1 49.812759
124 135 -1 -1 33.571052
135 148 -1 -1 29.981889
124 135 148 -1 37.898601
120 124 -1 -1 41.895793
120 135 -1 -1 33.793926
120 124 135 -1 43.013035
123 124 -1 -1 23.852832
123 132 -1 -1 28.001195
123 124 132 -1 49.270215
101 123 -1 -1 32.002970
101 106 -1 -1 31.957859
106 123 -1 -1 31.919017
101 106 123 -1 36.904234
106 124 -1 -1 34.659412
106 123 124 -1 35.832952
145 166 -1 -1 33.923842
166 178 -1 -1 44.983242
145 166 178 -1 51.148801
148 166 -1 -1 39.096127
145 148 166 -1 41.092080
214 238 -1 -1 30.766306
214 228 -1 -1 29.358224
228 238 -1 -1 27.094846
214 228 238 -1 33.702621
199 220 -1 -1 39.759291
199 201 -1 -1 34.286206
199 201 220 -1 45.893607
220 228 -1 -1 25.117574
199 228 -1 -1 44.230422
199 220 228 -1 44.596421
199 214 -1 -1 36.191737
199 214 228 -1 44.459443
176 196 -1 -1 39.433588
171 176 -1 -1 29.128900
171 176 196 -1 42.892887
176 201 -1 -1 44.870422
176 196 201 -1 45.775507
90 97 -1 -1 21.738421
80 97 -1 -1 22.718920
80 90 -1 -1 17.233942
80 90 97 -1 24.141631
90 92 -1 -1 16.233773
92 97 -1 -1 29.682539
90 92 97 -1 30.329112
76 97 -1 -1 29.770315
76 92 -1 -1 24.607175
76 92 97 -1 32.654873
76 100 -1 -1 48.774153
100 112 -1 -1 39.657073
76 112 -1 -1 29.584984
76 100 112 -1 48.795276
92 100 -1 -1 43.459363
76 92 100 -1 48.845193
76 113 -1 -1 59.530453
97 113 -1 -1 50.702316
76 97 113 -1 59.555120
45 63 -1 -1 39.033319
43 63 -1 -1 36.544536
63 71 -1 -1 30.843811
43 71 -1 -1 36.280420
43 63 71 -1 40.196623
251 265 -1 -1 40.420851
243 251 -1 -1 36.213448
243 265 -1 -1 29.782167
243 251 265 -1 41.880694
231 244 -1 -1 30.850679
230 231 -1 -1 20.158330
230 244 -1 -1 27.997942
230 231 244 -1 31.563134
227 254 -1 -1 43.590202
224 227 -1 -1 35.008670
224 227 254 -1 45.505249
49 50 -1 -1 34.284271
81 100 -1 -1 21.776308
81 95 -1 -1 38.575456
95 100 -1 -1 31.058937
81 95 100 -1 38.600998
70 83 -1 -1 45.218297
83 95 -1 -1 28.690417
70 95 -1 -1 30.274998
70 83 95 -1 45.931651
64 70 -1 -1 34.217808
64 70 83 -1 47.981109
70 81 -1 -1 33.281395
70 81 95 -1 40.017840
50 70 -1 -1 34.588391
49 70 -1 -1 43.032892
49 50 70 -1 44.105828
49 64 70 -1 43.267415
65 70 -1 -1 47.172401
50 65 70 -1 47.174676
65 81 -1 -1 33.778242
65 70 81 -1 47.174953
263 277 -1 -1 33.541521
226 262 -1 -1 43.989747
254 262 -1 -1 30.368627
226 254 262 -1 45.795370
261 262 -1 -1 27.081509
226 261 -1 -1 39.191757
226 261 262 -1 44.545628
262 285 -1 -1 29.926742
261 262 285 -1 37.864822
262 276 -1 -1 35.955139
262 276 285 -1 46.737203
254 276 -1 -1 34.378135
254 262 276 -1 39.021396
226 240 -1 -1 30.805274
220 240 -1 -1 13.587587
220 226 240 -1 30.915973
240 261 -1 -1 39.054002
226 240 261 -1 42.560347
240 255 -1 -1 37.998066
240 255 261 -1 40.590462
228 240 -1 -1 17.419146
220 228 240 -1 26.345702
266 274 -1 -1 23.316319
252 263 -1 -1 35.257047
247 252 -1 -1 24.486198
247 263 -1 -1 41.031640
247 252 263 -1 41.206814
221 238 -1 -1 25.830547
238 247 -1 -1 23.354951
221 247 -1 -1 25.913377
221 238 247 -1 28.993376
214 221 -1 -1 37.402115
214 221 238 -1 37.748629
197 221 -1 -1 44.583667
209 221 -1 -1 40.039928
197 209 -1 -1 26.614985
197 209 221 -1 45.107430
197 214 -1 -1 35.204197
197 214 221 -1 46.009677
255 284 -1 -1 37.045785
283 284 -1 -1 14.327791
255 283 284 -1 37.048733
263 284 -1 -1 24.953587
255 263 -1 -1 42.773699
255 263 284 -1 42.946071
284 292 -1 -1 19.889814
283 284 292 -1 23.020357
249 263 -1 -1 35.683641
249 255 -1 -1 21.895202
249 255 263 -1 42.825546
247 249 -1 -1 29.456462
247 249 263 -1 42.038818
238 249 -1 -1 26.574503
238 247 249 -1 30.975721
228 249 -1 -1 35.159908
228 238 249 -1 35.518509
240 249 -1 -1 41.110512
228 240 249 -1 41.424072
240 249 255 -1 41.520220
103 124 -1 -1 36.802221
103 106 -1 -1 28.348935
103 106 124 -1 39.001253
103 120 -1 -1 26.747965
103 120 124 -1 42.441153
79 93 -1 -1 35.282782
68 79 -1 -1 27.376456
68 93 -1 -1 41.630092
68 79 93 -1 42.016157
58 79 -1 -1 39.185072
58 68 -1 -1 28.973106
58 68 79 -1 39.207326
77 79 -1 -1 20.368069
58 77 79 -1 39.952897
79 103 -1 -1 36.711363
93 103 -1 -1 32.709221
79 93 103 -1 40.431016
79 106 -1 -1 39.174666
77 106 -1 -1 34.577181
77 79 106 -1 39.231492
79 103 106 -1 41.016493
78 96 -1 -1 26.418798
96 101 -1 -1 26.684216
78 101 -1 -1 36.342676
78 96 101 -1 36.415643
96 106 -1 -1 27.730191
96 101 106 -1 33.621059
77 96 -1 -1 22.330023
77 96 106 -1 34.635785
67 96 -1 -1 34.063703
67 77 96 -1 34.396056
67 78 -1 -1 29.883933
67 78 96 -1 35.406099
129 135 -1 -1 29.590370
120 129 -1 -1 34.302382
120 129 135 -1 37.807288
193 212 -1 -1 52.359949
162 166 -1 -1 28.356043
148 162 -1 -1 36.150994
148 162 166 -1 40.776275
186 197 -1 -1 29.076881
177 186 -1 -1 24.762223
177 197 -1 -1 38.633781
177 186 197 -1 38.644514
162 186 -1 -1 29.405952
162 177 -1 -1 31.760661
162 177 186 -1 33.549105
166 186 -1 -1 31.341287
162 166 186 -1 34.390272
191 197 -1 -1 32.091358
191 214 -1 -1 32.364809
191 197 214 -1 38.473832
191 199 -1 -1 27.512599
191 199 214 -1 37.673720
177 191 -1 -1 27.726123
177 191 197 -1 39.218033
60 72 -1 -1 26.421886
65 72 -1 -1 28.939100
60 65 72 -1 29.767809
72 90 -1 -1 21.738456
72 80 -1 -1 28.322039
72 80 90 -1 28.348832
45 72 -1 -1 34.370942
45 60 72 -1 34.623672
63 72 -1 -1 37.206992
63 80 -1 -1 23.342333
63 72 80 -1 37.221852
45 63 72 -1 42.742128
61 93 -1 -1 43.503450
61 68 -1 -1 22.518077
61 68 93 -1 44.270876
87 97 -1 -1 32.606080
80 87 -1 -1 24.221328
80 87 97 -1 32.627278
63 87 -1 -1 25.970942
63 80 87 -1 28.393671
71 87 -1 -1 21.603148
63 71 87 -1 31.294955
88 113 -1 -1 42.355923
88 97 -1 -1 32.482034
88 97 113 -1 50.963806
88 99 -1 -1 29.138928
99 113 -1 -1 36.171359
88 99 113 -1 42.999767
87 88 -1 -1 20.865859
87 88 97 -1 34.357856
71 88 -1 -1 34.648892
71 87 88 -1 36.719562
61 88 -1 -1 47.901947
61 71 -1 -1 26.244482
61 71 88 -1 49.137523
93 99 -1 -1 18.390739
88 93 -1 -1 42.201909
88 93 99 -1 50.689801
61 88 93 -1 51.685124
99 121 -1 -1 23.167041
113 121 -1 -1 35.434339
99 113 121 -1 37.853085
93 121 -1 -1 28.785209
93 99 121 -1 28.827873
103 121 -1 -1 34.110257
120 121 -1 -1 18.192950
103 120 121 -1 34.359753
93 103 121 -1 37.048709
74 75 -1 -1 30.663347
219 251 -1 -1 34.877472
219 243 -1 -1 27.285586
219 243 251 -1 38.526263
219 231 -1 -1 37.936376
231 243 -1 -1 31.553419
219 231 243 -1 38.529432
208 231 -1 -1 31.670530
208 230 -1 -1 30.214985
208 230 231 -1 32.795198
190 208 -1 -1 34.334630
231 246 -1 -1 33.524883
243 246 -1 -1 24.701780
231 243 246 -1 35.251438
244 246 -1 -1 24.385308
231 244 246 -1 34.930230
244 264 -1 -1 36.302415
246 264 -1 -1 26.181693
244 246 264 -1 36.318283
246 265 -1 -1 30.904537
243 246 265 -1 33.242781
264 265 -1 -1 36.542904
246 264 265 -1 37.210610
223 227 -1 -1 25.665952
223 224 -1 -1 21.744754
223 224 227 -1 35.133560
205 223 -1 -1 28.680273
196 223 -1 -1 34.899714
196 205 223 -1 36.148116
223 225 -1 -1 32.960635
223 224 225 -1 33.713360
196 223 225 -1 40.896382
36 46 -1 -1 29.414559
36 66 -1 -1 36.935748
36 46 66 -1 38.834232
100 111 -1 -1 19.962899
111 112 -1 -1 25.117146
100 111 112 -1 47.181076
111 130 -1 -1 31.595892
112 130 -1 -1 28.693779
111 112 130 -1 33.305719
111 117 -1 -1 27.520842
117 130 -1 -1 30.297294
111 117 130 -1 34.573319
95 111 -1 -1 41.319245
95 100 111 -1 43.008271
95 117 -1 -1 41.194753
95 111 117 -1 43.763222
229 269 -1 -1 37.594006
266 269 -1 -1 22.805476
229 266 269 -1 39.463681
252 269 -1 -1 14.509167
229 252 -1 -1 36.176532
229 252 269 -1 37.786940
269 274 -1 -1 32.783065
266 269 274 -1 32.784816
269 277 -1 -1 40.169057
269 274 277 -1 43.665212
263 269 -1 -1 41.256380
263 269 277 -1 44.695079
252 263 269 -1 42.530125
221 222 -1 -1 27.489201
209 222 -1 -1 22.594452
209 221 222 -1 41.600340
193 222 -1 -1 34.673687
193 209 -1 -1 18.254072
193 209 222 -1 38.500910
212 222 -1 -1 42.864268
193 212 222 -1 52.625149
222 237 -1 -1 40.728986
212 222 237 -1 43.382598
222 229 -1 -1 30.913390
222 229 237 -1 41.593115
221 242 -1 -1 22.286875
242 247 -1 -1 32.471177
221 242 247 -1 32.630016
242 252 -1 -1 36.354204
242 247 252 -1 37.175057
229 242 -1 -1 16.412599
229 242 252 -1 37.233057
222 242 -1 -1 20.959277
222 229 242 -1 33.121015
221 222 242 -1 28.016133
227 241 -1 -1 29.461980
227 236 -1 -1 46.373618
236 241 -1 -1 31.208990
227 236 241 -1 47.040278
54 67 -1 -1 31.027344
41 54 -1 -1 27.821300
41 54 67 -1 39.051990
143 159 -1 -1 41.729121
156 159 -1 -1 16.824518
143 156 -1 -1 31.165303
143 156 159 -1 47.117468
143 161 -1 -1 42.449993
156 161 -1 -1 21.152998
143 156 161 -1 44.365913
129 161 -1 -1 51.726283
129 143 -1 -1 30.518756
129 143 161 -1 51.739153
166 180 -1 -1 45.967225
178 180 -1 -1 22.309148
166 178 180 -1 46.948480
180 193 -1 -1 17.051516
129 154 -1 -1 35.521492
135 154 -1 -1 34.101004
129 135 154 -1 38.485845
148 154 -1 -1 43.493894
135 148 154 -1 43.645117
154 162 -1 -1 24.828267
148 154 162 -1 43.500642
154 177 -1 -1 38.305033
154 162 177 -1 38.498487
150 176 -1 -1 43.985553
150 171 -1 -1 50.010106
150 171 176 -1 50.316176
150 159 -1 -1 25.449886
159 176 -1 -1 31.572128
150 159 176 -1 44.720948
143 150 -1 -1 48.879125
143 150 159 -1 48.879126
159 182 -1 -1 41.287210
176 182 -1 -1 31.826445
159 176 182 -1 41.771360
182 201 -1 -1 33.416996
176 182 201 -1 44.937599
161 182 -1 -1 34.898783
156 182 -1 -1 41.374510
156 161 182 -1 41.395024
156 159 182 -1 42.215026
182 199 -1 -1 37.921478
182 199 201 -1 40.867053
182 191 -1 -1 50.106148
182 191 199 -1 50.689454
81 82 -1 -1 23.942819
65 82 -1 -1 28.451109
65 81 82 -1 34.322938
72 82 -1 -1 22.146785
65 72 82 -1 31.109715
82 100 -1 -1 37.894308
82 92 -1 -1 19.198622
82 92 100 -1 43.532227
81 82 100 -1 40.834318
82 90 -1 -1 27.415531
82 90 92 -1 27.933565
72 82 90 -1 28.101368
130 140 -1 -1 25.439729
140 147 -1 -1 21.753289
130 147 -1 -1 31.550640
130 140 147 -1 31.753613
140 142 -1 -1 24.409237
142 147 -1 -1 39.146718
140 142 147 -1 43.508497
117 140 -1 -1 37.017434
117 130 140 -1 37.316641
119 140 -1 -1 46.166934
117 119 -1 -1 31.030120
117 119 140 -1 46.346040
119 142 -1 -1 41.828332
119 140 142 -1 46.422648
108 127 -1 -1 37.775773
104 127 -1 -1 28.169244
104 108 127 -1 42.222461
119 127 -1 -1 36.810782
104 119 -1 -1 42.952544
104 119 127 -1 43.420395
205 210 -1 -1 18.895977
188 210 -1 -1 31.863664
188 205 210 -1 34.620145
192 210 -1 -1 28.893158
188 192 -1 -1 24.370474
188 192 210 -1 33.332466
210 223 -1 -1 39.996355
205 210 223 -1 43.387723
210 227 -1 -1 44.147269
210 223 227 -1 44.657502
210 211 -1 -1 23.532706
192 211 -1 -1 35.902210
192 210 211 -1 35.998964
211 227 -1 -1 42.664284
211 236 -1 -1 32.177783
211 227 236 -1 47.982965
210 211 227 -1 45.170845
265 281 -1 -1 40.026019
264 281 -1 -1 24.845919
264 265 281 -1 40.793680
281 288 -1 -1 24.171870
265 288 -1 -1 31.298024
265 281 288 -1 40.038806
267 276 -1 -1 29.352291
254 267 -1 -1 35.056126
254 267 276 -1 38.314987
227 267 -1 -1 49.712375
227 254 267 -1 50.905163
241 267 -1 -1 34.692522
227 241 267 -1 50.690997
256 265 -1 -1 26.670261
251 256 -1 -1 33.583689
251 256 265 -1 40.689002
256 259 -1 -1 22.990569
251 259 -1 -1 36.975549
251 256 259 -1 37.641739
256 288 -1 -1 36.329294
256 265 288 -1 37.261289
241 258 -1 -1 29.378593
236 258 -1 -1 30.859345
236 241 258 -1 35.231965
251 258 -1 -1 35.432141
236 251 -1 -1 37.619630
236 251 258 -1 40.363380
258 259 -1 -1 27.019295
251 258 259 -1 39.068540
126 143 -1 -1 34.603297
113 126 -1 -1 27.556792
113 143 -1 -1 41.997812
113 126 143 -1 42.214422
126 129 -1 -1 24.855217
126 129 143 -1 35.572873
121 126 -1 -1 21.818277
113 121 126 -1 35.439329
120 126 -1 -1 26.741999
120 126 129 -1 34.541853
120 121 126 -1 26.922944
180 185 -1 -1 34.884551
166 185 -1 -1 31.879162
166 180 185 -1 46.034528
185 193 -1 -1 26.339949
180 185 193 -1 36.113973
185 186 -1 -1 17.425539
166 185 186 -1 32.897335
185 209 -1 -1 28.942410
185 193 209 -1 29.520296
185 197 -1 -1 27.203988
185 197 209 -1 31.920500
185 186 197 -1 29.734150
158 161 -1 -1 19.207903
129 158 -1 -1 47.703775
129 158 161 -1 51.733693
154 158 -1 -1 24.548809
129 154 158 -1 49.087905
158 177 -1 -1 29.740829
154 158 177 -1 38.308586
158 191 -1 -1 48.492901
158 177 191 -1 53.528172
158 182 -1 -1 47.550260
158 161 182 -1 55.011376
158 182 191 -1 56.293489
151 167 -1 -1 29.293323
151 171 -1 -1 42.291569
151 167 171 -1 42.486718
150 151 -1 -1 32.743435
150 151 171 -1 50.437302
147 151 -1 -1 27.009094
147 167 -1 -1 36.477464
147 151 167 -1 36.968245
43 55 -1 -1 24.545893
55 71 -1 -1 23.458991
43 55 71 -1 36.651412
55 61 -1 -1 24.586529
55 61 71 -1 28.690225
57 61 -1 -1 30.702170
57 68 -1 -1 31.521717
57 61 68 -1 33.390311
55 57 -1 -1 30.039297
55 57 61 -1 33.221340
57 58 -1 -1 34.176742
57 58 68 -1 36.695173
108 136 -1 -1 40.392591
83 118 -1 -1 35.041471
104 118 -1 -1 46.239576
83 104 118 -1 46.549045
118 119 -1 -1 24.483496
104 118 119 -1 46.737733
95 118 -1 -1 29.689979
83 95 118 -1 36.499659
117 118 -1 -1 20.906539
95 117 118 -1 43.253371
117 118 119 -1 31.110750
136 138 -1 -1 28.891189
108 138 -1 -1 30.615664
108 136 138 -1 40.520514
136 149 -1 -1 30.044783
138 149 -1 -1 27.116779
136 138 149 -1 33.207094
127 138 -1 -1 29.773560
108 127 138 -1 38.703535
187 190 -1 -1 20.289571
175 187 -1 -1 21.069575
136 157 -1 -1 35.575422
149 157 -1 -1 36.858096
136 149 157 -1 39.826111
157 175 -1 -1 25.739990
160 167 -1 -1 27.804530
147 160 -1 -1 40.965937
147 160 167 -1 41.898028
142 160 -1 -1 37.978748
142 147 160 -1 45.522075
160 188 -1 -1 44.884564
160 167 188 -1 44.967459
208 217 -1 -1 24.941581
217 231 -1 -1 25.484192
208 217 231 -1 32.401525
207 217 -1 -1 25.830583
207 208 -1 -1 37.381709
207 208 217 -1 37.513939
217 219 -1 -1 27.389313
217 219 231 -1 37.951611
207 219 -1 -1 39.488648
207 217 219 -1 39.688899
173 202 -1 -1 43.138017
173 183 -1 -1 35.747621
183 202 -1 -1 41.375961
173 183 202 -1 46.670544
202 207 -1 -1 24.313103
183 207 -1 -1 29.580075
183 202 207 -1 41.993991
202 219 -1 -1 42.083505
202 207 219 -1 42.930107
36 47 -1 -1 37.749749
47 74 -1 -1 33.319924
47 66 -1 -1 45.543522
47 66 74 -1 46.856962
36 47 66 -1 47.119014
47 75 -1 -1 36.604150
47 74 75 -1 39.040805
267 286 -1 -1 26.560469
276 286 -1 -1 27.505415
267 276 286 -1 32.196660
286 293 -1 -1 37.352599
286 291 -1 -1 42.261405
291 293 -1 -1 23.818288
286 291 293 -1 42.470867
259 291 -1 -1 29.832028
130 133 -1 -1 39.497410
133 147 -1 -1 37.441599
130 133 147 -1 42.238692
133 151 -1 -1 30.169810
133 147 151 -1 37.846788
112 133 -1 -1 40.050791
112 130 133 -1 42.650907
133 150 -1 -1 33.082693
133 150 151 -1 37.032913
194 208 -1 -1 27.761411
190 194 -1 -1 26.296314
190 194 208 -1 34.999938
187 194 -1 -1 23.081409
187 190 194 -1 27.310907
194 207 -1 -1 40.483940
183 194 -1 -1 33.619998
183 194 207 -1 41.188605
194 207 208 -1 41.867375
157 164 -1 -1 46.044314
149 164 -1 -1 26.570154
149 157 164 -1 46.062868
164 175 -1 -1 39.308142
157 164 175 -1 46.087516
155 164 -1 -1 25.126450
149 155 -1 -1 31.526557
149 155 164 -1 32.623870
160 163 -1 -1 41.082221
142 163 -1 -1 33.728671
142 160 163 -1 43.826053
163 173 -1 -1 32.491232
160 173 -1 -1 38.834895
160 163 173 -1 43.806685
119 137 -1 -1 31.663389
137 142 -1 -1 30.864059
119 137 142 -1 42.061581
137 163 -1 -1 34.038967
137 142 163 -1 38.061425
137 155 -1 -1 33.594117
155 163 -1 -1 32.103203
137 155 163 -1 38.422695
127 137 -1 -1 36.431432
119 127 137 -1 40.614116
138 144 -1 -1 22.854874
127 144 -1 -1 25.106085
127 138 144 -1 30.608396
137 144 -1 -1 28.799467
127 137 144 -1 36.585274
144 155 -1 -1 26.060522
137 144 155 -1 34.725236
144 149 -1 -1 31.361705
138 144 149 -1 32.157898
144 149 155 -1 34.550739
202 203 -1 -1 23.736158
173 203 -1 -1 41.332067
173 202 203 -1 44.116001
203 211 -1 -1 33.168353
192 203 -1 -1 24.487736
192 203 211 -1 37.108520
202 233 -1 -1 41.549365
219 233 -1 -1 23.966296
202 219 233 -1 43.656023
233 251 -1 -1 24.908189
233 236 -1 -1 30.547395
233 236 251 -1 37.776014
219 233 251 -1 34.883201
271 286 -1 -1 36.932414
271 291 -1 -1 22.116710
271 286 291 -1 42.297126
267 271 -1 -1 33.519292
267 271 286 -1 38.260112
259 271 -1 -1 31.104093
259 271 291 -1 32.737700
258 271 -1 -1 26.378061
258 259 271 -1 32.848859
241 271 -1 -1 38.263480
241 267 271 -1 41.205406
241 258 271 -1 38.335272
128 150 -1 -1 35.968647
128 143 -1 -1 37.843388
128 143 150 -1 49.257307
128 133 -1 -1 34.283622
128 133 150 -1 39.846247
113 128 -1 -1 39.194720
113 128 143 -1 45.956781
76 128 -1 -1 53.437391
76 113 128 -1 60.788804
112 128 -1 -1 55.887928
76 112 128 -1 56.948455
112 128 133 -1 56.331709
169 187 -1 -1 22.620701
169 175 -1 -1 28.173215
169 175 187 -1 28.588552
164 169 -1 -1 20.709425
164 169 175 -1 40.901431
169 194 -1 -1 28.669454
169 187 194 -1 29.343358
169 183 -1 -1 37.538791
169 183 194 -1 39.123419
164 168 -1 -1 29.320688
155 168 -1 -1 26.930110
155 164 168 -1 31.522105
163 168 -1 -1 26.934603
155 163 168 -1 33.540227
168 169 -1 -1 37.506416
168 183 -1 -1 28.286743
168 169 183 -1 40.510602
164 168 169 -1 37.685181
168 173 -1 -1 33.943778
168 173 183 -1 38.179741
163 168 173 -1 36.373512
184 203 -1 -1 29.635232
184 192 -1 -1 25.904536
184 192 203 -1 31.163697
173 184 -1 -1 20.268037
173 184 203 -1 44.105975
160 184 -1 -1 32.767110
160 173 184 -1 38.841064
184 188 -1 -1 41.420347
184 188 192 -1 44.341274
160 184 188 -1 46.832396
203 216 -1 -1 32.311689
211 216 -1 -1 29.221979
203 211 216 -1 36.594712
216 236 -1 -1 26.292789
211 216 236 -1 34.109825
216 233 -1 -1 20.017595
216 233 236 -1 30.901374
202 216 -1 -1 32.968471
202 203 216 -1 35.048207
202 216 233 -1 42.246102
36 -1 -1 -1 0.000000
41 -1 -1 -1 0.000000
43 -1 -1 -1 0.000000
45 -1 -1 -1 0.000000
46 -1 -1 -1 0.000000
47 -1 -1 -1 0.000000
49 -1 -1 -1 0.000000
50 -1 -1 -1 0.000000
54 -1 -1 -1 0.000000
55 -1 -1 -1 0.000000
57 -1 -1 -1 0.000000
58 -1 -1 -1 0.000000
60 -1 -1 -1 0.000000
61 -1 -1 -1 0.000000
63 -1 -1 -1 0.000000
64 -1 -1 -1 0.000000
65 -1 -1 -1 0.000000
66 -1 -1 -1 0.000000
67 -1 -1 -1 0.000000
68 -1 -1 -1 0.000000
70 -1 -1 -1 0.000000
71 -1 -1 -1 0.000000
72 -1 -1 -1 0.000000
74 -1 -1 -1 0.000000
75 -1 -1 -1 0.000000
76 -1 -1 -1 0.000000
77 -1 -1 -1 0.000000
78 -1 -1 -1 0.000000
79 -1 -1 -1 0.000000
80 -1 -1 -1 0.000000
81 -1 -1 -1 0.000000
82 -1 -1 -1 0.000000
83 -1 -1 -1 0.000000
85 -1 -1 -1 0.000000
87 -1 -1 -1 0.000000
88 -1 -1 -1 0.000000
90 -1 -1 -1 0.000000
92 -1 -1 -1 0.000000
93 -1 -1 -1 0.000000
94 -1 -1 -1 0.000000
95 -1 -1 -1 0.000000
96 -1 -1 -1 0.000000
97 -1 -1 -1 0.000000
99 -1 -1 -1 0.000000
100 -1 -1 -1 0.000000
101 -1 -1 -1 0.000000
103 -1 -1 -1 0.000000
104 -1 -1 -1 0.000000
106 -1 -1 -1 0.000000
108 -1 -1 -1 0.000000
111 -1 -1 -1 0.000000
112 -1 -1 -1 0.000000
113 -1 -1 -1 0.000000
117 -1 -1 -1 0.000000
118 -1 -1 -1 0.000000
119 -1 -1 -1 0.000000
120 -1 -1 -1 0.000000
121 -1 -1 -1 0.000000
123 -1 -1 -1 0.000000
124 -1 -1 -1 0.000000
126 -1 -1 -1 0.000000
127 -1 -1 -1 0.000000
128 -1 -1 -1 0.000000
129 -1 -1 -1 0.000000
130 -1 -1 -1 0.000000
132 -1 -1 -1 0.000000
133 -1 -1 -1 0.000000
135 -1 -1 -1 0.000000
136 -1 -1 -1 0.000000
137 -1 -1 -1 0.000000
138 -1 -1 -1 0.000000
140 -1 -1 -1 0.000000
142 -1 -1 -1 0.000000
143 -1 -1 -1 0.000000
144 -1 -1 -1 0.000000
145 -1 -1 -1 0.000000
147 -1 -1 -1 0.000000
148 -1 -1 -1 0.000000
149 -1 -1 -1 0.000000
150 -1 -1 -1 0.000000
151 -1 -1 -1 0.000000
154 -1 -1 -1 0.000000
155 -1 -1 -1 0.000000
156 -1 -1 -1 0.000000
157 -1 -1 -1 0.000000
158 -1 -1 -1 0.000000
159 -1 -1 -1 0.000000
160 -1 -1 -1 0.000000
161 -1 -1 -1 0.000000
162 -1 -1 -1 0.000000
163 -1 -1 -1 0.000000
164 -1 -1 -1 0.000000
166 -1 -1 -1 0.000000
167 -1 -1 -1 0.000000
168 -1 -1 -1 0.000000
169 -1 -1 -1 0.000000
171 -1 -1 -1 0.000000
173 -1 -1 -1 0.000000
175 -1 -1 -1 0.000000
176 -1 -1 -1 0.000000
177 -1 -1 -1 0.000000
178 -1 -1 -1 0.000000
180 -1 -1 -1 0.000000
182 -1 -1 -1 0.000000
183 -1 -1 -1 0.000000
184 -1 -1 -1 0.000000
185 -1 -1 -1 0.000000
186 -1 -1 -1 0.000000
187 -1 -1 -1 0.000000
188 -1 -1 -1 0.000000
190 -1 -1 -1 0.000000
191 -1 -1 -1 0.000000
192 -1 -1 -1 0.000000
193 -1 -1 -1 0.000000
194 -1 -1 -1 0.000000
196 -1 -1 -1 0.000000
197 -1 -1 -1 0.000000
199 -1 -1 -1 0.000000
201 -1 -1 -1 0.000000
202 -1 -1 -1 0.000000
203 -1 -1 -1 0.000000
205 -1 -1 -1 0.000000
207 -1 -1 -1 0.000000
208 -1 -1 -1 0.000000
209 -1 -1 -1 0.000000
210 -1 -1 -1 0.000000
211 -1 -1 -1 0.000000
212 -1 -1 -1 0.000000
214 -1 -1 -1 0.000000
216 -1 -1 -1 0.000000
217 -1 -1 -1 0.000000
219 -1 -1 -1 0.000000
220 -1 -1 -1 0.000000
221 -1 -1 -1 0.000000
222 -1 -1 -1 0.000000
223 -1 -1 -1 0.000000
224 -1 -1 -1 0.000000
225 -1 -1 -1 0.000000
226 -1 -1 -1 0.000000
227 -1 -1 -1 0.000000
228 -1 -1 -1 0.000000
229 -1 -1 -1 0.000000
230 -1 -1 -1 0.000000
231 -1 -1 -1 0.000000
233 -1 -1 -1 0.000000
236 -1 -1 -1 0.000000
237 -1 -1 -1 0.000000
238 -1 -1 -1 0.000000
240 -1 -1 -1 0.000000
241 -1 -1 -1 0.000000
242 -1 -1 -1 0.000000
243 -1 -1 -1 0.000000
244 -1 -1 -1 0.000000
246 -1 -1 -1 0.000000
247 -1 -1 -1 0.000000
249 -1 -1 -1 0.000000
251 -1 -1 -1 0.000000
252 -1 -1 -1 0.000000
254 -1 -1 -1 0.000000
255 -1 -1 -1 0.000000
256 -1 -1 -1 0.000000
258 -1 -1 -1 0.000000
259 -1 -1 -1 0.000000
261 -1 -1 -1 0.000000
262 -1 -1 -1 0.000000
263 -1 -1 -1 0.000000
264 -1 -1 -1 0.000000
265 -1 -1 -1 0.000000
266 -1 -1 -1 0.000000
267 -1 -1 -1 0.000000
269 -1 -1 -1 0.000000
271 -1 -1 -1 0.000000
274 -1 -1 -1 0.000000
275 -1 -1 -1 0.000000
276 -1 -1 -1 0.000000
277 -1 -1 -1 0.000000
279 -1 -1 -1 0.000000
281 -1 -1 -1 0.000000
283 -1 -1 -1 0.000000
284 -1 -1 -1 0.000000
285 -1 -1 -1 0.000000
286 -1 -1 -1 0.000000
287 -1 -1 -1 0.000000
288 -1 -1 -1 0.000000
291 -1 -1 -1 0.000000
292 -1 -1 -1 0.000000
293 -1 -1 -1 0.000000
