176 180 -1 -1 41.183585
176 201 -1 -1 51.693243
180 201 -1 -1 36.865142
176 180 201 -1 52.109280
146 180 -1 -1 51.160000
146 176 -1 -1 58.250363
146 176 180 -1 59.691390
177 197 -1 -1 46.022328
171 177 -1 -1 31.112279
171 197 -1 -1 54.036497
171 177 197 -1 54.127605
163 177 -1 -1 52.819349
177 188 -1 -1 32.902386
163 188 -1 -1 45.575550
163 177 188 -1 53.225548
204 207 -1 -1 38.564693
204 210 -1 -1 35.018021
207 210 -1 -1 17.961551
204 207 210 -1 38.611079
236 246 -1 -1 31.636679
126 130 -1 -1 48.482564
130 148 -1 -1 40.319485
126 148 -1 -1 51.130320
126 130 148 -1 54.546926
192 197 -1 -1 35.581215
171 192 -1 -1 43.348573
171 192 197 -1 54.181041
192 209 -1 -1 46.993462
197 209 -1 -1 54.409358
192 197 209 -1 55.063729
126 152 -1 -1 33.873828
148 152 -1 -1 58.382318
126 148 152 -1 58.688286
42 46 -1 -1 41.774672
46 68 -1 -1 34.351032
42 68 -1 -1 34.777512
42 46 68 -1 43.381988
40 72 -1 -1 49.596651
40 60 -1 -1 36.904663
60 72 -1 -1 31.938717
40 60 72 -1 49.623678
107 121 -1 -1 31.706586
88 102 -1 -1 61.000386
88 94 -1 -1 52.853402
94 102 -1 -1 38.201897
88 94 102 -1 61.536369
138 153 -1 -1 48.263489
138 146 -1 -1 70.530588
146 153 -1 -1 51.503431
138 146 153 -1 70.530666
118 138 -1 -1 33.765883
129 138 -1 -1 42.943338
118 129 -1 -1 35.096459
118 129 138 -1 44.049288
117 118 -1 -1 36.363163
117 129 -1 -1 19.422448
117 118 129 -1 37.195003
136 151 -1 -1 39.313770
146 151 -1 -1 41.874988
136 146 -1 -1 53.693847
136 146 151 -1 54.127740
120 138 -1 -1 42.484006
120 146 -1 -1 61.337355
120 138 146 -1 70.990996
120 136 -1 -1 49.569815
120 136 146 -1 64.223816
45 50 -1 -1 25.460669
232 242 -1 -1 39.145402
152 158 -1 -1 44.558222
148 158 -1 -1 39.745203
148 152 158 -1 58.439480
189 206 -1 -1 34.151798
205 206 -1 -1 37.040014
189 205 -1 -1 41.026461
189 205 206 -1 43.592080
189 196 -1 -1 41.208651
196 206 -1 -1 31.526095
189 196 206 -1 42.191539
186 189 -1 -1 37.483738
186 196 -1 -1 31.380871
186 189 196 -1 43.113992
158 189 -1 -1 54.473149
172 189 -1 -1 47.129238
158 172 -1 -1 17.543571
158 172 189 -1 56.494514
158 186 -1 -1 51.251149
158 186 189 -1 56.691961
176 195 -1 -1 47.067896
195 201 -1 -1 64.811977
176 195 201 -1 65.467662
195 214 -1 -1 60.309187
201 214 -1 -1 30.686915
195 201 214 -1 65.153143
110 132 -1 -1 28.159991
26 32 -1 -1 15.346843
32 41 -1 -1 45.059041
26 41 -1 -1 34.634863
26 32 41 -1 54.382508
209 219 -1 -1 28.458613
197 219 -1 -1 53.422533
197 209 219 -1 55.926723
209 231 -1 -1 36.932650
205 209 -1 -1 28.887169
205 231 -1 -1 50.697621
205 209 231 -1 51.485064
219 231 -1 -1 31.988712
209 219 231 -1 38.223383
231 235 -1 -1 45.284306
219 235 -1 -1 24.619464
219 231 235 -1 46.996428
177 202 -1 -1 57.774314
188 202 -1 -1 44.994108
177 188 202 -1 57.950700
197 202 -1 -1 41.772238
177 197 202 -1 58.320762
230 235 -1 -1 27.807963
230 238 -1 -1 38.969566
221 238 -1 -1 33.365486
221 230 -1 -1 52.276088
221 230 238 -1 52.315488
168 177 -1 -1 31.142202
168 171 -1 -1 31.493521
168 171 177 -1 36.085305
163 168 -1 -1 44.342383
163 168 177 -1 52.893510
212 214 -1 -1 49.776866
201 212 -1 -1 40.222917
201 212 214 -1 49.804238
190 207 -1 -1 45.398300
190 204 -1 -1 36.382860
190 204 207 -1 47.111835
204 218 -1 -1 21.988018
210 218 -1 -1 30.958526
204 210 218 -1 35.465735
212 218 -1 -1 22.811713
204 212 -1 -1 6.798494
204 212 218 -1 22.822801
186 191 -1 -1 32.460033
191 196 -1 -1 42.907916
186 191 196 -1 43.110613
166 191 -1 -1 25.118568
166 184 -1 -1 25.345826
184 191 -1 -1 36.855377
166 184 191 -1 36.937705
240 248 -1 -1 25.280990
215 236 -1 -1 30.735357
210 215 -1 -1 34.955031
210 236 -1 -1 46.387552
210 215 236 -1 46.388639
207 215 -1 -1 46.137004
196 215 -1 -1 51.797157
196 207 -1 -1 42.058299
196 207 215 -1 54.536814
207 210 215 -1 52.120180
175 192 -1 -1 36.121243
171 175 -1 -1 26.855477
171 175 192 -1 43.473307
147 152 -1 -1 10.016763
126 147 -1 -1 25.740380
126 147 152 -1 50.839750
137 152 -1 -1 39.388893
137 147 -1 -1 35.719465
137 147 152 -1 40.626346
52 75 -1 -1 28.275616
52 70 -1 -1 28.709909
70 75 -1 -1 32.462071
52 70 75 -1 34.668704
124 147 -1 -1 48.430259
124 126 -1 -1 46.684810
124 126 147 -1 49.498213
124 137 -1 -1 35.530295
124 137 147 -1 48.570567
38 42 -1 -1 36.470389
38 46 -1 -1 29.941348
38 42 46 -1 42.828321
38 39 -1 -1 41.050047
39 46 -1 -1 33.806345
38 39 46 -1 41.693346
65 72 -1 -1 28.494340
60 65 -1 -1 40.933224
60 65 72 -1 41.085338
37 40 -1 -1 60.229069
40 56 -1 -1 32.749076
37 56 -1 -1 48.423677
37 40 56 -1 60.361761
52 56 -1 -1 43.334786
56 70 -1 -1 24.237466
52 56 70 -1 45.991894
37 52 -1 -1 32.687884
37 52 56 -1 49.553630
56 72 -1 -1 49.051975
40 56 72 -1 52.295439
56 74 -1 -1 45.842775
72 74 -1 -1 43.244267
56 72 74 -1 53.390159
107 114 -1 -1 29.588663
114 121 -1 -1 31.622299
107 114 121 -1 35.813918
102 114 -1 -1 27.943456
94 114 -1 -1 41.111672
94 102 114 -1 42.548021
102 119 -1 -1 29.859053
115 119 -1 -1 37.210907
102 115 -1 -1 54.607255
102 115 119 -1 57.588734
119 120 -1 -1 54.878801
115 120 -1 -1 35.400361
115 119 120 -1 55.439802
119 136 -1 -1 38.986008
119 120 136 -1 56.675174
114 119 -1 -1 47.954581
102 114 119 -1 51.749451
119 121 -1 -1 61.293767
121 136 -1 -1 71.164311
119 121 136 -1 71.234745
114 119 121 -1 62.002680
50 61 -1 -1 37.195776
45 61 -1 -1 48.573243
45 50 61 -1 49.316463
58 61 -1 -1 29.929766
45 58 -1 -1 44.593963
45 58 61 -1 49.541041
42 69 -1 -1 41.692023
68 69 -1 -1 30.404950
42 68 69 -1 42.441617
65 69 -1 -1 43.813553
60 69 -1 -1 59.253546
60 65 69 -1 59.269868
65 84 -1 -1 50.357122
84 95 -1 -1 44.762447
65 95 -1 -1 53.592879
65 84 95 -1 57.682862
69 84 -1 -1 32.907314
65 69 84 -1 51.029853
84 88 -1 -1 56.839308
68 84 -1 -1 49.880066
68 88 -1 -1 60.182717
68 84 88 -1 64.773966
68 69 84 -1 51.384470
46 71 -1 -1 43.964775
68 71 -1 -1 40.254630
46 68 71 -1 46.301802
71 88 -1 -1 34.700854
68 71 88 -1 62.794721
153 178 -1 -1 33.559700
178 184 -1 -1 30.786118
153 184 -1 -1 36.139890
153 178 184 -1 38.928118
178 190 -1 -1 34.250230
178 180 -1 -1 31.557192
180 190 -1 -1 41.554823
178 180 190 -1 42.452261
146 178 -1 -1 49.233843
146 178 180 -1 52.956405
146 153 178 -1 53.515556
117 123 -1 -1 26.897152
105 123 -1 -1 33.579405
105 117 -1 -1 34.968610
105 117 123 -1 37.296873
112 123 -1 -1 41.844573
123 130 -1 -1 33.693639
112 130 -1 -1 40.613228
112 123 130 -1 45.192272
105 112 -1 -1 38.167587
105 112 123 -1 44.248445
123 129 -1 -1 26.071544
117 123 129 -1 28.485974
109 118 -1 -1 31.384871
95 109 -1 -1 27.773096
95 118 -1 -1 52.897771
95 109 118 -1 65.974837
109 117 -1 -1 24.081473
109 117 118 -1 36.840926
105 109 -1 -1 45.923863
95 105 -1 -1 59.159883
95 105 109 -1 60.985930
105 109 117 -1 46.702621
173 176 -1 -1 28.300478
146 173 -1 -1 45.872970
146 173 176 -1 59.306657
151 173 -1 -1 26.965679
146 151 173 -1 46.523462
118 128 -1 -1 19.135422
128 138 -1 -1 26.541006
118 128 138 -1 33.845306
120 128 -1 -1 28.090192
120 128 138 -1 43.441965
115 118 -1 -1 58.696240
115 128 -1 -1 47.625615
115 118 128 -1 65.539462
115 120 128 -1 47.935998
30 45 -1 -1 41.610429
30 39 -1 -1 25.367791
39 45 -1 -1 36.031123
30 39 45 -1 41.888636
214 216 -1 -1 32.509690
216 228 -1 -1 44.607033
214 228 -1 -1 41.626604
214 216 228 -1 46.692654
216 243 -1 -1 32.166140
228 243 -1 -1 27.251387
216 228 243 -1 44.938337
195 216 -1 -1 56.340881
195 222 -1 -1 38.708771
216 222 -1 -1 29.025380
195 216 222 -1 60.668330
195 214 216 -1 61.117962
222 242 -1 -1 38.335479
227 242 -1 -1 22.788883
222 227 -1 -1 20.678678
222 227 242 -1 46.068412
227 232 -1 -1 32.668258
227 232 242 -1 39.171349
158 165 -1 -1 40.219698
148 165 -1 -1 34.981269
148 158 165 -1 44.465069
165 186 -1 -1 32.982622
158 165 186 -1 51.273768
165 191 -1 -1 40.773329
165 186 191 -1 41.833695
165 166 -1 -1 41.656078
165 166 191 -1 43.294567
153 169 -1 -1 18.091119
169 184 -1 -1 26.240680
153 169 184 -1 37.956754
166 169 -1 -1 27.340978
166 169 184 -1 30.423860
189 194 -1 -1 34.705023
194 205 -1 -1 39.477201
189 194 205 -1 44.637994
194 209 -1 -1 50.087185
194 205 209 -1 50.151878
192 194 -1 -1 31.892190
192 194 209 -1 51.583717
175 194 -1 -1 43.253311
175 192 194 -1 44.106623
35 55 -1 -1 61.501101
35 57 -1 -1 51.358066
55 57 -1 -1 37.371837
35 55 57 -1 61.633968
32 35 -1 -1 27.002655
35 41 -1 -1 56.185111
32 35 41 -1 56.949291
41 55 -1 -1 34.781585
35 41 55 -1 62.199715
26 29 -1 -1 28.189200
29 32 -1 -1 16.563007
26 29 32 -1 34.029032
29 35 -1 -1 33.348728
29 32 35 -1 33.597548
231 241 -1 -1 26.215449
202 211 -1 -1 38.570372
211 221 -1 -1 49.613193
202 221 -1 -1 27.542638
202 211 221 -1 49.869656
211 230 -1 -1 43.940042
211 221 230 -1 56.530515
211 235 -1 -1 34.333037
211 230 235 -1 43.942779
197 211 -1 -1 31.879856
197 202 211 -1 43.916646
211 219 -1 -1 34.983933
211 219 235 -1 37.085488
197 211 219 -1 55.567555
238 244 -1 -1 20.483207
230 244 -1 -1 29.628639
230 238 244 -1 39.633323
200 202 -1 -1 32.986917
200 221 -1 -1 42.185351
200 202 221 -1 42.214168
188 200 -1 -1 30.720826
188 200 202 -1 44.994411
226 238 -1 -1 27.654892
221 226 -1 -1 17.244245
221 226 238 -1 33.413474
160 168 -1 -1 26.146456
160 163 -1 -1 35.154946
160 163 168 -1 44.356721
214 234 -1 -1 48.429862
228 234 -1 -1 22.149330
214 228 234 -1 48.536353
212 234 -1 -1 45.243601
212 214 234 -1 55.338293
218 234 -1 -1 34.367840
212 218 234 -1 46.383375
234 246 -1 -1 37.981451
180 203 -1 -1 34.527907
201 203 -1 -1 25.914101
180 201 203 -1 38.424851
190 203 -1 -1 24.008002
180 190 203 -1 41.568010
203 212 -1 -1 27.195966
201 203 212 -1 40.662612
203 204 -1 -1 29.050883
203 204 212 -1 29.416417
190 203 204 -1 36.470464
223 236 -1 -1 28.506309
210 223 -1 -1 41.369037
210 223 236 -1 46.976181
218 223 -1 -1 25.476287
210 218 223 -1 41.459114
223 246 -1 -1 22.182147
223 236 246 -1 32.590866
223 234 -1 -1 33.133517
223 234 246 -1 38.173562
218 223 234 -1 36.476789
187 207 -1 -1 22.344997
187 196 -1 -1 34.775417
187 196 207 -1 42.089964
187 191 -1 -1 25.312908
187 191 196 -1 42.908475
187 190 -1 -1 45.023604
187 190 207 -1 46.663808
184 187 -1 -1 44.562878
184 187 191 -1 44.563995
236 251 -1 -1 45.000452
215 251 -1 -1 50.509915
215 236 251 -1 51.097944
240 251 -1 -1 22.761422
215 240 -1 -1 44.703741
215 240 251 -1 50.517278
206 217 -1 -1 32.134737
196 217 -1 -1 48.011793
196 206 217 -1 48.472188
215 217 -1 -1 25.425656
196 215 217 -1 52.113616
217 240 -1 -1 31.841818
215 217 240 -1 45.711111
108 124 -1 -1 39.656359
108 137 -1 -1 56.069456
108 124 137 -1 56.409060
91 108 -1 -1 66.205932
82 91 -1 -1 36.000887
82 108 -1 -1 66.918944
82 91 108 -1 69.150135
103 108 -1 -1 38.121709
91 103 -1 -1 47.544745
91 103 108 -1 67.364685
157 158 -1 -1 43.704709
157 172 -1 -1 35.382533
157 158 172 -1 45.556968
152 157 -1 -1 24.148028
152 157 158 -1 45.906450
122 124 -1 -1 52.646963
122 126 -1 -1 32.696604
122 124 126 -1 53.301151
112 122 -1 -1 28.452898
101 122 -1 -1 38.607219
101 112 -1 -1 39.499592
101 112 122 -1 41.949962
122 130 -1 -1 41.560915
122 126 130 -1 49.148313
112 122 130 -1 43.814711
98 112 -1 -1 39.329620
98 101 -1 -1 37.446504
98 101 112 -1 44.791217
74 98 -1 -1 43.859668
74 100 -1 -1 33.168384
98 100 -1 -1 17.084357
74 98 100 -1 49.663372
98 105 -1 -1 42.891048
100 105 -1 -1 38.309343
98 100 105 -1 42.971701
98 105 112 -1 46.530224
31 38 -1 -1 26.894790
31 42 -1 -1 35.348390
31 38 42 -1 38.751694
74 86 -1 -1 35.469551
86 100 -1 -1 26.966282
74 86 100 -1 37.414347
72 86 -1 -1 44.469277
72 74 86 -1 47.971581
65 86 -1 -1 49.038473
65 72 86 -1 49.613351
86 95 -1 -1 55.723132
65 86 95 -1 61.191320
86 105 -1 -1 41.621763
86 100 105 -1 42.705054
86 95 105 -1 61.784200
75 76 -1 -1 29.480414
70 76 -1 -1 38.465136
70 75 76 -1 39.540362
76 98 -1 -1 47.396385
74 76 -1 -1 39.353884
74 76 98 -1 50.701476
76 87 -1 -1 24.411174
76 101 -1 -1 58.920981
87 101 -1 -1 54.414756
76 87 101 -1 58.951297
76 98 101 -1 58.994349
61 83 -1 -1 49.347704
58 83 -1 -1 54.637982
58 61 83 -1 55.015985
84 99 -1 -1 50.129724
95 99 -1 -1 64.847802
84 95 99 -1 65.004504
99 118 -1 -1 72.988299
99 115 -1 -1 34.674014
99 115 118 -1 74.027842
95 99 118 -1 75.269180
88 99 -1 -1 38.799826
84 88 99 -1 58.041721
99 102 -1 -1 58.365511
99 102 115 -1 59.636669
88 99 102 -1 63.225216
71 85 -1 -1 42.545916
85 88 -1 -1 41.505454
71 85 88 -1 46.155305
85 94 -1 -1 31.875960
85 88 94 -1 52.864700
83 85 -1 -1 47.238459
58 85 -1 -1 31.952313
58 83 85 -1 54.853141
58 63 -1 -1 32.824816
45 63 -1 -1 38.981863
45 58 63 -1 45.910361
178 183 -1 -1 23.095132
183 184 -1 -1 12.124956
178 183 184 -1 35.037122
183 190 -1 -1 23.882538
178 183 190 -1 34.318048
183 187 -1 -1 46.040879
183 184 187 -1 46.044263
183 187 190 -1 47.220768
136 139 -1 -1 66.938088
121 139 -1 -1 23.561986
121 136 139 -1 71.167213
133 139 -1 -1 27.589019
133 136 -1 -1 57.962734
133 136 139 -1 67.365911
150 153 -1 -1 25.589711
138 150 -1 -1 28.630643
138 150 153 -1 59.422872
150 169 -1 -1 28.200322
150 153 169 -1 28.792802
181 189 -1 -1 41.831082
172 181 -1 -1 20.791809
172 181 189 -1 47.141104
181 194 -1 -1 24.380750
181 189 194 -1 41.848643
175 181 -1 -1 32.917330
175 181 194 -1 43.569017
157 181 -1 -1 39.669033
157 172 181 -1 39.781567
157 175 -1 -1 32.938696
157 175 181 -1 41.251566
164 179 -1 -1 40.211983
195 213 -1 -1 44.802373
179 195 -1 -1 59.561412
179 213 -1 -1 59.063504
179 195 213 -1 64.059600
213 222 -1 -1 44.527364
195 213 222 -1 49.560244
213 232 -1 -1 31.599205
47 52 -1 -1 34.042123
37 47 -1 -1 39.471499
37 47 52 -1 41.387846
241 248 -1 -1 23.169623
220 231 -1 -1 46.930101
205 220 -1 -1 33.742524
205 220 231 -1 52.269048
220 241 -1 -1 44.352279
220 231 241 -1 47.842317
217 220 -1 -1 30.819013
220 240 -1 -1 36.473674
217 220 240 -1 38.535483
220 248 -1 -1 42.965730
220 240 248 -1 43.062246
220 241 248 -1 45.352108
206 220 -1 -1 32.688547
205 206 220 -1 40.018607
206 217 220 -1 36.845017
143 163 -1 -1 34.646980
143 160 -1 -1 42.649626
143 160 163 -1 44.088628
132 143 -1 -1 34.671944
142 161 -1 -1 21.289068
161 168 -1 -1 26.677411
142 168 -1 -1 32.887546
142 161 168 -1 32.976379
142 160 -1 -1 20.626227
142 160 168 -1 32.898230
55 73 -1 -1 41.656158
104 108 -1 -1 44.401759
104 124 -1 -1 38.363466
104 108 124 -1 47.449266
104 122 -1 -1 58.247076
101 104 -1 -1 37.874701
101 104 122 -1 59.006589
104 122 124 -1 59.583491
82 104 -1 -1 53.865334
82 104 108 -1 67.148095
157 170 -1 -1 32.536345
170 175 -1 -1 26.327784
157 170 175 -1 35.758327
170 171 -1 -1 24.329443
170 171 175 -1 29.908268
168 170 -1 -1 37.443203
168 170 171 -1 37.709419
161 170 -1 -1 25.002087
161 168 170 -1 37.488013
80 81 -1 -1 24.475372
80 87 -1 -1 15.593762
81 87 -1 -1 20.576422
80 81 87 -1 24.611945
76 80 -1 -1 17.863009
75 80 -1 -1 18.527013
75 76 80 -1 31.033320
76 80 87 -1 24.455835
31 34 -1 -1 51.930052
34 42 -1 -1 39.327562
31 34 42 -1 51.963295
34 69 -1 -1 55.091191
34 60 -1 -1 31.131869
34 60 69 -1 59.875822
34 42 69 -1 55.251782
76 77 -1 -1 27.557747
70 77 -1 -1 23.572045
70 76 77 -1 38.777216
74 77 -1 -1 18.263294
74 76 77 -1 44.137065
56 77 -1 -1 37.231922
56 70 77 -1 38.104407
56 74 77 -1 47.763670
83 97 -1 -1 20.249161
97 107 -1 -1 42.721067
85 97 -1 -1 43.948830
94 97 -1 -1 23.306927
85 94 97 -1 45.396230
83 85 97 -1 47.329027
97 114 -1 -1 43.700001
94 97 114 -1 44.337050
97 107 114 -1 46.009353
63 79 -1 -1 28.366077
58 79 -1 -1 16.891806
58 63 79 -1 32.827608
71 79 -1 -1 32.704694
63 71 -1 -1 30.958307
63 71 79 -1 35.596800
79 85 -1 -1 21.960882
58 79 85 -1 33.995600
71 79 85 -1 43.250790
39 54 -1 -1 23.016151
45 54 -1 -1 40.185876
39 45 54 -1 40.521665
54 63 -1 -1 18.541953
45 54 63 -1 40.793038
46 54 -1 -1 23.342840
39 46 54 -1 33.874721
54 71 -1 -1 40.218007
46 54 71 -1 44.296849
54 63 71 -1 41.825977
139 140 -1 -1 33.646519
133 140 -1 -1 31.940271
133 139 140 -1 36.191804
140 164 -1 -1 53.507520
133 164 -1 -1 40.243161
133 140 164 -1 53.710638
155 164 -1 -1 27.813365
133 155 -1 -1 28.489883
133 155 164 -1 40.252566
151 155 -1 -1 23.543701
136 155 -1 -1 48.443137
136 151 155 -1 48.879694
133 136 155 -1 58.117437
155 173 -1 -1 38.525497
151 155 173 -1 39.026287
164 173 -1 -1 42.282369
155 164 173 -1 43.337439
173 185 -1 -1 38.432064
176 185 -1 -1 40.011930
173 176 185 -1 42.102792
164 185 -1 -1 31.802662
164 173 185 -1 44.134020
185 195 -1 -1 42.359869
176 185 195 -1 50.207666
179 185 -1 -1 34.777955
179 185 195 -1 60.602147
164 179 185 -1 41.799893
134 138 -1 -1 22.366633
129 134 -1 -1 34.519059
129 134 138 -1 43.153746
134 150 -1 -1 21.191997
134 138 150 -1 28.902230
162 169 -1 -1 21.425976
162 166 -1 -1 25.773548
162 166 169 -1 29.076100
150 162 -1 -1 29.218575
150 162 169 -1 30.969829
224 227 -1 -1 24.088863
222 224 -1 -1 37.690959
222 224 227 -1 41.411838
213 224 -1 -1 16.711820
213 222 224 -1 45.693520
224 232 -1 -1 18.483023
224 227 232 -1 33.112161
213 224 232 -1 39.925759
103 106 -1 -1 20.772314
103 110 -1 -1 46.483029
106 110 -1 -1 47.646428
103 106 110 -1 48.322836
91 106 -1 -1 37.483720
91 103 106 -1 49.411398
35 44 -1 -1 28.772741
44 47 -1 -1 25.747740
44 57 -1 -1 53.086554
35 44 57 -1 54.407728
108 125 -1 -1 37.411898
125 137 -1 -1 68.268382
108 125 137 -1 68.295008
103 125 -1 -1 29.400724
103 108 125 -1 41.008568
110 125 -1 -1 42.636570
125 132 -1 -1 38.699567
110 125 132 -1 43.676419
103 110 125 -1 47.522946
57 78 -1 -1 27.792006
57 82 -1 -1 60.616504
78 82 -1 -1 60.476908
57 78 82 -1 62.207932
78 91 -1 -1 41.434401
78 82 91 -1 61.939926
55 78 -1 -1 37.392843
55 57 78 -1 40.267848
73 78 -1 -1 35.896370
55 73 78 -1 44.548504
87 93 -1 -1 26.852276
93 101 -1 -1 43.511690
87 93 101 -1 55.023571
93 104 -1 -1 34.487911
93 101 104 -1 45.320247
82 93 -1 -1 36.072583
82 93 104 -1 54.614956
81 93 -1 -1 33.455761
81 82 -1 -1 38.604599
81 82 93 -1 41.836289
81 87 93 -1 33.464426
156 170 -1 -1 21.243334
156 157 -1 -1 37.361716
156 157 170 -1 37.489403
152 156 -1 -1 46.183722
137 156 -1 -1 29.061022
137 152 156 -1 46.491737
152 156 157 -1 46.352650
156 161 -1 -1 16.848230
156 161 170 -1 25.302831
142 156 -1 -1 33.785392
137 142 -1 -1 47.516609
137 142 156 -1 47.978538
142 156 161 -1 40.902768
33 34 -1 -1 38.306280
33 40 -1 -1 32.824856
33 60 -1 -1 42.043015
33 40 60 -1 43.758953
33 34 60 -1 43.801081
134 144 -1 -1 29.611503
144 150 -1 -1 36.436121
134 144 150 -1 36.436153
144 162 -1 -1 26.775407
144 150 162 -1 36.883850
129 144 -1 -1 46.305714
129 134 144 -1 46.337588
130 144 -1 -1 48.681585
144 148 -1 -1 46.446081
130 144 148 -1 52.565974
123 144 -1 -1 53.292563
123 129 144 -1 53.293756
123 130 144 -1 54.422671
59 80 -1 -1 32.581576
59 75 -1 -1 22.987389
59 75 80 -1 33.422700
59 81 -1 -1 28.620563
59 80 81 -1 33.691366
44 59 -1 -1 40.895045
47 59 -1 -1 39.964583
44 47 59 -1 42.672047
52 59 -1 -1 36.273073
52 59 75 -1 36.274669
47 52 59 -1 42.754028
135 142 -1 -1 28.610366
135 137 -1 -1 62.982976
135 137 142 -1 66.659356
125 135 -1 -1 32.838108
125 135 137 -1 68.565431
132 135 -1 -1 31.571382
125 132 135 -1 40.293565
135 160 -1 -1 33.059832
135 142 160 -1 33.333922
135 143 -1 -1 43.645828
132 135 143 -1 44.044614
135 143 160 -1 46.726498
144 159 -1 -1 21.063671
159 162 -1 -1 21.918530
144 159 162 -1 27.475942
159 165 -1 -1 32.730625
159 166 -1 -1 34.751237
159 165 166 -1 42.899424
159 162 166 -1 34.805303
148 159 -1 -1 37.854180
148 159 165 -1 40.860000
144 148 159 -1 47.182350
89 106 -1 -1 32.044267
89 91 -1 -1 35.693932
89 91 106 -1 40.737579
78 89 -1 -1 44.990130
78 89 91 -1 47.604531
73 89 -1 -1 42.088856
73 78 89 -1 47.892470
59 64 -1 -1 33.651271
64 81 -1 -1 39.027905
59 64 81 -1 40.030312
57 64 -1 -1 32.241687
64 82 -1 -1 47.418829
57 64 82 -1 61.106085
64 81 82 -1 49.024779
44 64 -1 -1 38.618163
44 57 64 -1 53.443407
44 59 64 -1 43.944793
26 -1 -1 -1 0.000000
29 -1 -1 -1 0.000000
30 -1 -1 -1 0.000000
31 -1 -1 -1 0.000000
32 -1 -1 -1 0.000000
33 -1 -1 -1 0.000000
34 -1 -1 -1 0.000000
35 -1 -1 -1 0.000000
37 -1 -1 -1 0.000000
38 -1 -1 -1 0.000000
39 -1 -1 -1 0.000000
40 -1 -1 -1 0.000000
41 -1 -1 -1 0.000000
42 -1 -1 -1 0.000000
44 -1 -1 -1 0.000000
45 -1 -1 -1 0.000000
46 -1 -1 -1 0.000000
47 -1 -1 -1 0.000000
50 -1 -1 -1 0.000000
52 -1 -1 -1 0.000000
54 -1 -1 -1 0.000000
55 -1 -1 -1 0.000000
56 -1 -1 -1 0.000000
57 -1 -1 -1 0.000000
58 -1 -1 -1 0.000000
59 -1 -1 -1 0.000000
60 -1 -1 -1 0.000000
61 -1 -1 -1 0.000000
63 -1 -1 -1 0.000000
64 -1 -1 -1 0.000000
65 -1 -1 -1 0.000000
68 -1 -1 -1 0.000000
69 -1 -1 -1 0.000000
70 -1 -1 -1 0.000000
71 -1 -1 -1 0.000000
72 -1 -1 -1 0.000000
73 -1 -1 -1 0.000000
74 -1 -1 -1 0.000000
75 -1 -1 -1 0.000000
76 -1 -1 -1 0.000000
77 -1 -1 -1 0.000000
78 -1 -1 -1 0.000000
79 -1 -1 -1 0.000000
80 -1 -1 -1 0.000000
81 -1 -1 -1 0.000000
82 -1 -1 -1 0.000000
83 -1 -1 -1 0.000000
84 -1 -1 -1 0.000000
85 -1 -1 -1 0.000000
86 -1 -1 -1 0.000000
87 -1 -1 -1 0.000000
88 -1 -1 -1 0.000000
89 -1 -1 -1 0.000000
91 -1 -1 -1 0.000000
93 -1 -1 -1 0.000000
94 -1 -1 -1 0.000000
95 -1 -1 -1 0.000000
97 -1 -1 -1 0.000000
98 -1 -1 -1 0.000000
99 -1 -1 -1 0.000000
100 -1 -1 -1 0.000000
101 -1 -1 -1 0.000000
102 -1 -1 -1 0.000000
103 -1 -1 -1 0.000000
104 -1 -1 -1 0.000000
105 -1 -1 -1 0.000000
106 -1 -1 -1 0.000000
107 -1 -1 -1 0.000000
108 -1 -1 -1 0.000000
109 -1 -1 -1 0.000000
110 -1 -1 -1 0.000000
112 -1 -1 -1 0.000000
114 -1 -1 -1 0.000000
115 -1 -1 -1 0.000000
117 -1 -1 -1 0.000000
118 -1 -1 -1 0.000000
119 -1 -1 -1 0.000000
120 -1 -1 -1 0.000000
121 -1 -1 -1 0.000000
122 -1 -1 -1 0.000000
123 -1 -1 -1 0.000000
124 -1 -1 -1 0.000000
125 -1 -1 -1 0.000000
126 -1 -1 -1 0.000000
128 -1 -1 -1 0.000000
129 -1 -1 -1 0.000000
130 -1 -1 -1 0.000000
132 -1 -1 -1 0.000000
133 -1 -1 -1 0.000000
134 -1 -1 -1 0.000000
135 -1 -1 -1 0.000000
136 -1 -1 -1 0.000000
137 -1 -1 -1 0.000000
138 -1 -1 -1 0.000000
139 -1 -1 -1 0.000000
140 -1 -1 -1 0.000000
142 -1 -1 -1 0.000000
143 -1 -1 -1 0.000000
144 -1 -1 -1 0.000000
146 -1 -1 -1 0.000000
147 -1 -1 -1 0.000000
148 -1 -1 -1 0.000000
150 -1 -1 -1 0.000000
151 -1 -1 -1 0.000000
152 -1 -1 -1 0.000000
153 -1 -1 -1 0.000000
155 -1 -1 -1 0.000000
156 -1 -1 -1 0.000000
157 -1 -1 -1 0.000000
158 -1 -1 -1 0.000000
159 -1 -1 -1 0.000000
160 -1 -1 -1 0.000000
161 -1 -1 -1 0.000000
162 -1 -1 -1 0.000000
163 -1 -1 -1 0.000000
164 -1 -1 -1 0.000000
165 -1 -1 -1 0.000000
166 -1 -1 -1 0.000000
168 -1 -1 -1 0.000000
169 -1 -1 -1 0.000000
170 -1 -1 -1 0.000000
171 -1 -1 -1 0.000000
172 -1 -1 -1 0.000000
173 -1 -1 -1 0.000000
175 -1 -1 -1 0.000000
176 -1 -1 -1 0.000000
177 -1 -1 -1 0.000000
178 -1 -1 -1 0.000000
179 -1 -1 -1 0.000000
180 -1 -1 -1 0.000000
181 -1 -1 -1 0.000000
183 -1 -1 -1 0.000000
184 -1 -1 -1 0.000000
185 -1 -1 -1 0.000000
186 -1 -1 -1 0.000000
187 -1 -1 -1 0.000000
188 -1 -1 -1 0.000000
189 -1 -1 -1 0.000000
190 -1 -1 -1 0.000000
191 -1 -1 -1 0.000000
192 -1 -1 -1 0.000000
194 -1 -1 -1 0.000000
195 -1 -1 -1 0.000000
196 -1 -1 -1 0.000000
197 -1 -1 -1 0.000000
200 -1 -1 -1 0.000000
201 -1 -1 -1 0.000000
202 -1 -1 -1 0.000000
203 -1 -1 -1 0.000000
204 -1 -1 -1 0.000000
205 -1 -1 -1 0.000000
206 -1 -1 -1 0.000000
207 -1 -1 -1 0.000000
209 -1 -1 -1 0.000000
210 -1 -1 -1 0.000000
211 -1 -1 -1 0.000000
212 -1 -1 -1 0.000000
213 -1 -1 -1 0.000000
214 -1 -1 -1 0.000000
215 -1 -1 -1 0.000000
216 -1 -1 -1 0.000000
217 -1 -1 -1 0.000000
218 -1 -1 -1 0.000000
219 -1 -1 -1 0.000000
220 -1 -1 -1 0.000000
221 -1 -1 -1 0.000000
222 -1 -1 -1 0.000000
223 -1 -1 -1 0.000000
224 -1 -1 -1 0.000000
226 -1 -1 -1 0.000000
227 -1 -1 -1 0.000000
228 -1 -1 -1 0.000000
230 -1 -1 -1 0.000000
231 -1 -1 -1 0.000000
232 -1 -1 -1 0.000000
234 -1 -1 -1 0.000000
235 -1 -1 -1 0.000000
236 -1 -1 -1 0.000000
238 -1 -1 -1 0.000000
240 -1 -1 -1 0.000000
241 -1 -1 -1 0.000000
242 -1 -1 -1 0.000000
243 -1 -1 -1 0.000000
244 -1 -1 -1 0.000000
246 -1 -1 -1 0.000000
248 -1 -1 -1 0.000000
251 -1 -1 -1 0.000000
