302 304 -1 -1 19.177863
302 340 -1 -1 29.026522
304 340 -1 -1 17.758091
302 304 340 -1 29.855580
456 463 -1 -1 21.907378
426 463 -1 -1 31.522846
426 456 -1 -1 24.324759
426 456 463 -1 31.607470
468 487 -1 -1 21.739463
467 475 -1 -1 32.617028
434 475 -1 -1 30.853811
434 467 -1 -1 25.076129
434 467 475 -1 34.604846
302 331 -1 -1 28.877411
331 340 -1 -1 20.894946
302 331 340 -1 31.044215
455 478 -1 -1 21.610481
477 478 -1 -1 26.014301
455 477 -1 -1 32.135580
455 477 478 -1 32.293508
478 487 -1 -1 24.620733
304 346 -1 -1 32.317827
340 346 -1 -1 22.156771
304 340 346 -1 33.908158
346 369 -1 -1 30.600006
337 369 -1 -1 27.198752
337 346 -1 -1 21.658284
337 346 369 -1 31.452837
303 304 -1 -1 30.333735
289 303 -1 -1 22.310869
289 304 -1 -1 23.148994
289 303 304 -1 30.518578
303 346 -1 -1 31.465880
303 337 -1 -1 22.848422
303 337 346 -1 31.465897
303 304 346 -1 36.261891
321 331 -1 -1 31.692751
302 321 -1 -1 29.537320
302 321 331 -1 34.772728
337 356 -1 -1 31.415241
342 356 -1 -1 17.512233
337 342 -1 -1 36.262975
337 342 356 -1 36.269841
356 369 -1 -1 23.945177
337 356 369 -1 32.449423
369 390 -1 -1 24.611537
390 401 -1 -1 28.264959
369 401 -1 -1 29.752043
369 390 401 -1 32.071227
367 390 -1 -1 28.236261
367 394 -1 -1 28.229814
390 394 -1 -1 29.500718
367 390 394 -1 33.111340
132 135 -1 -1 15.767593
144 179 -1 -1 34.773062
168 179 -1 -1 24.600322
144 168 -1 -1 20.541585
144 168 179 -1 35.351200
132 144 -1 -1 23.783679
132 168 -1 -1 27.958829
132 144 168 -1 28.601201
467 473 -1 -1 21.376072
406 438 -1 -1 18.484018
394 438 -1 -1 27.634259
394 406 -1 -1 28.267629
394 406 438 -1 29.630396
438 442 -1 -1 28.991255
394 442 -1 -1 27.269916
394 438 442 -1 32.327237
438 455 -1 -1 23.729487
442 455 -1 -1 16.605900
438 442 455 -1 28.991318
388 398 -1 -1 21.317611
362 388 -1 -1 24.796896
362 398 -1 -1 26.861808
362 388 398 -1 28.444809
365 388 -1 -1 24.545785
362 365 -1 -1 27.936389
362 365 388 -1 29.930924
422 456 -1 -1 29.418270
422 426 -1 -1 25.162727
422 426 456 -1 30.774638
424 463 -1 -1 32.357747
424 426 -1 -1 18.203978
424 426 463 -1 33.351334
424 451 -1 -1 21.700965
451 463 -1 -1 22.993950
424 451 463 -1 32.394260
395 424 -1 -1 28.414109
395 426 -1 -1 26.398353
395 424 426 -1 29.195686
398 424 -1 -1 20.214135
395 398 -1 -1 20.305976
395 398 424 -1 28.417999
468 470 -1 -1 15.436488
451 470 -1 -1 19.348780
451 468 -1 -1 22.139957
451 468 470 -1 22.620573
463 470 -1 -1 21.358054
451 463 470 -1 24.699757
225 247 -1 -1 34.984522
222 225 -1 -1 28.272828
222 247 -1 -1 28.685032
222 225 247 -1 36.089332
248 278 -1 -1 32.439063
248 267 -1 -1 29.555518
267 278 -1 -1 26.537017
248 267 278 -1 34.428052
247 248 -1 -1 19.624685
247 267 -1 -1 17.758772
247 248 267 -1 30.510520
225 248 -1 -1 26.998071
248 250 -1 -1 24.186580
225 250 -1 -1 31.247294
225 248 250 -1 32.346010
225 247 248 -1 35.174181
278 287 -1 -1 18.686379
267 287 -1 -1 25.266102
267 278 287 -1 27.818976
287 297 -1 -1 20.393503
297 319 -1 -1 25.069802
287 319 -1 -1 17.986960
287 297 319 -1 25.361405
230 236 -1 -1 11.959030
230 242 -1 -1 27.606403
236 242 -1 -1 21.545650
230 236 242 -1 28.944583
236 262 -1 -1 33.460107
242 262 -1 -1 23.377051
236 242 262 -1 33.657276
392 397 -1 -1 28.880830
379 392 -1 -1 26.972125
379 397 -1 -1 23.211636
379 392 397 -1 30.771826
367 382 -1 -1 24.326918
382 394 -1 -1 21.388637
367 382 394 -1 29.098325
382 406 -1 -1 21.821975
382 394 406 -1 28.566209
382 388 -1 -1 26.706896
365 382 -1 -1 20.105193
365 382 388 -1 27.971865
388 406 -1 -1 22.296225
382 388 406 -1 27.714984
331 364 -1 -1 15.761588
331 365 -1 -1 27.893335
364 365 -1 -1 21.242942
331 364 365 -1 28.086230
364 382 -1 -1 26.687020
364 365 382 -1 27.070592
364 367 -1 -1 15.808281
364 367 382 -1 27.073554
346 349 -1 -1 13.530212
340 349 -1 -1 10.967227
340 346 349 -1 28.591785
313 337 -1 -1 35.965964
313 342 -1 -1 23.162311
313 337 342 -1 38.130585
303 313 -1 -1 38.973975
303 313 337 -1 39.624691
284 321 -1 -1 21.523605
284 302 -1 -1 14.101672
284 302 321 -1 31.487839
278 284 -1 -1 22.383656
278 321 -1 -1 22.651306
278 284 321 -1 25.635809
248 284 -1 -1 40.833905
250 284 -1 -1 39.659409
248 250 284 -1 42.237479
248 278 284 -1 40.960500
316 321 -1 -1 9.462855
278 316 -1 -1 21.957066
278 316 321 -1 22.879757
287 316 -1 -1 20.384700
316 319 -1 -1 8.500408
287 316 319 -1 20.427342
278 287 316 -1 23.644028
325 331 -1 -1 24.800878
325 365 -1 -1 32.664032
325 331 365 -1 33.611466
321 325 -1 -1 15.427694
321 325 331 -1 32.331272
316 325 -1 -1 18.468731
316 321 325 -1 18.488605
319 325 -1 -1 22.547975
316 319 325 -1 23.658301
390 411 -1 -1 20.358870
401 411 -1 -1 24.828861
390 401 411 -1 29.040281
411 442 -1 -1 21.756162
394 411 -1 -1 24.310805
394 411 442 -1 28.616704
390 394 411 -1 29.779818
346 366 -1 -1 16.918905
366 369 -1 -1 27.231308
346 366 369 -1 30.751774
366 390 -1 -1 17.118733
366 369 390 -1 27.718142
366 367 -1 -1 18.907306
366 367 390 -1 28.991028
349 366 -1 -1 19.814571
349 367 -1 -1 21.572217
349 366 367 -1 23.321883
346 349 366 -1 20.098611
472 480 -1 -1 11.473300
455 462 -1 -1 30.202017
462 477 -1 -1 17.371966
455 462 477 -1 32.625972
442 462 -1 -1 27.225185
442 455 462 -1 30.406966
462 469 -1 -1 14.038774
464 472 -1 -1 20.628131
447 464 -1 -1 15.447260
447 472 -1 -1 19.525249
447 464 472 -1 21.789839
438 460 -1 -1 19.739493
455 460 -1 -1 19.307739
438 455 460 -1 24.585134
460 478 -1 -1 22.689793
455 460 478 -1 24.634486
460 487 -1 -1 25.808577
460 468 -1 -1 19.108054
460 468 487 -1 26.377638
460 478 487 -1 28.257004
368 398 -1 -1 23.637774
362 368 -1 -1 13.364543
362 368 398 -1 26.870210
368 395 -1 -1 24.684939
368 395 398 -1 26.649266
395 399 -1 -1 20.244485
399 426 -1 -1 29.380733
395 399 426 -1 30.174089
399 422 -1 -1 22.673248
399 422 426 -1 30.335458
422 458 -1 -1 25.243886
456 458 -1 -1 20.201402
422 456 458 -1 29.886947
458 475 -1 -1 18.496328
434 458 -1 -1 30.944447
434 458 475 -1 32.383963
422 434 -1 -1 31.681208
422 434 458 -1 34.225547
388 423 -1 -1 20.794005
406 423 -1 -1 22.640038
388 406 423 -1 25.346979
423 424 -1 -1 18.414072
423 451 -1 -1 22.792918
423 424 451 -1 24.466334
398 423 -1 -1 20.763475
388 398 423 -1 24.206136
398 423 424 -1 22.940988
175 197 -1 -1 28.622534
179 197 -1 -1 14.160092
175 179 -1 -1 31.219259
175 179 197 -1 31.267726
197 225 -1 -1 23.392668
197 222 -1 -1 30.877652
197 222 225 -1 32.339019
144 145 -1 -1 18.258377
145 179 -1 -1 38.491074
144 145 179 -1 38.535523
145 175 -1 -1 25.937618
145 175 179 -1 38.694484
197 232 -1 -1 38.065899
179 232 -1 -1 38.860629
179 197 232 -1 39.189523
225 232 -1 -1 26.289072
197 225 232 -1 38.636947
232 250 -1 -1 25.824323
225 232 250 -1 32.559741
234 247 -1 -1 21.703233
222 234 -1 -1 26.042206
222 234 247 -1 29.961185
234 236 -1 -1 20.872289
230 234 -1 -1 19.554455
230 234 236 -1 21.267468
234 267 -1 -1 28.881946
234 247 267 -1 28.937548
183 211 -1 -1 27.854952
203 211 -1 -1 39.162249
183 203 -1 -1 24.129187
183 203 211 -1 39.500599
301 323 -1 -1 22.277521
297 323 -1 -1 23.100243
297 301 -1 -1 22.556227
297 301 323 -1 26.156912
259 262 -1 -1 32.289596
242 259 -1 -1 37.493809
242 259 262 -1 37.773330
259 276 -1 -1 21.149593
259 265 -1 -1 14.664778
265 276 -1 -1 13.039048
259 265 276 -1 21.435312
279 287 -1 -1 21.977436
267 279 -1 -1 19.126385
267 279 287 -1 26.097004
301 308 -1 -1 34.459385
290 301 -1 -1 27.344887
290 308 -1 -1 18.248484
290 301 308 -1 34.658030
308 314 -1 -1 15.167900
314 339 -1 -1 27.271529
308 339 -1 -1 23.904889
308 314 339 -1 27.358488
325 330 -1 -1 18.565341
319 330 -1 -1 26.737641
319 325 330 -1 27.109432
330 365 -1 -1 31.624274
330 362 -1 -1 18.641170
330 362 365 -1 31.865221
325 330 365 -1 33.618592
297 327 -1 -1 20.625453
319 327 -1 -1 16.740553
297 319 327 -1 25.227779
323 327 -1 -1 17.154228
297 323 327 -1 23.942660
327 330 -1 -1 24.375125
319 327 330 -1 27.263340
301 328 -1 -1 22.076030
323 328 -1 -1 22.537887
301 323 328 -1 25.749317
308 328 -1 -1 29.455835
328 339 -1 -1 21.633681
308 328 339 -1 29.870852
301 308 328 -1 34.748959
392 418 -1 -1 18.215173
397 418 -1 -1 32.271226
392 397 418 -1 32.499421
428 473 -1 -1 34.198292
428 467 -1 -1 29.627445
428 467 473 -1 34.492916
418 428 -1 -1 27.641966
397 428 -1 -1 27.337607
397 418 428 -1 33.954807
428 434 -1 -1 34.061017
428 434 467 -1 35.026380
418 434 -1 -1 25.844402
418 428 434 -1 34.694851
331 352 -1 -1 15.927133
340 352 -1 -1 11.598438
331 340 352 -1 21.076592
352 364 -1 -1 12.185043
331 352 364 -1 17.165124
349 352 -1 -1 12.403635
340 349 352 -1 13.513122
352 367 -1 -1 18.789994
352 364 367 -1 18.921334
349 352 367 -1 21.658449
256 271 -1 -1 15.697791
271 289 -1 -1 24.926511
256 289 -1 -1 31.336437
256 271 289 -1 31.675637
179 187 -1 -1 18.188992
168 187 -1 -1 20.893059
168 179 187 -1 25.180275
181 187 -1 -1 20.659324
168 181 -1 -1 18.474394
168 181 187 -1 23.195909
187 232 -1 -1 32.259362
179 187 232 -1 39.134698
227 232 -1 -1 25.581973
187 227 -1 -1 35.263991
187 227 232 -1 36.662743
135 160 -1 -1 26.586918
148 160 -1 -1 15.039811
246 256 -1 -1 30.002429
227 246 -1 -1 42.254559
227 256 -1 -1 36.082509
227 246 256 -1 43.059348
246 282 -1 -1 35.064627
269 282 -1 -1 23.116658
246 269 -1 -1 35.956567
246 269 282 -1 37.577726
356 404 -1 -1 30.168459
369 404 -1 -1 23.535206
356 369 404 -1 30.744398
401 404 -1 -1 14.544082
369 401 404 -1 30.217910
464 485 -1 -1 18.942045
469 485 -1 -1 23.113912
464 469 -1 -1 11.886422
464 469 485 -1 23.180726
459 480 -1 -1 12.680119
450 459 -1 -1 11.569683
459 472 -1 -1 17.525881
459 472 480 -1 17.548396
447 459 -1 -1 27.319717
447 459 472 -1 27.418268
437 462 -1 -1 22.885067
437 469 -1 -1 19.082018
437 462 469 -1 22.941282
411 437 -1 -1 25.739244
401 437 -1 -1 22.162259
401 411 437 -1 28.144112
437 442 -1 -1 29.672570
411 437 442 -1 30.475409
437 442 462 -1 31.194540
437 464 -1 -1 23.614958
437 464 469 -1 23.773215
437 447 -1 -1 25.852791
437 447 464 -1 26.259567
436 459 -1 -1 27.389690
436 450 -1 -1 21.990497
436 450 459 -1 28.372307
436 447 -1 -1 14.861183
436 447 459 -1 28.423712
174 183 -1 -1 24.743981
174 203 -1 -1 26.472476
174 183 203 -1 29.073654
166 174 -1 -1 20.132655
166 183 -1 -1 24.585705
166 174 183 -1 27.017901
163 174 -1 -1 19.590117
363 368 -1 -1 17.812778
363 395 -1 -1 25.263539
363 368 395 -1 26.742430
438 439 -1 -1 22.128741
406 439 -1 -1 23.161275
406 438 439 -1 24.830753
423 439 -1 -1 19.371695
406 423 439 -1 25.278282
439 451 -1 -1 16.779474
423 439 451 -1 23.318897
439 468 -1 -1 19.838744
439 451 468 -1 23.047102
439 460 -1 -1 25.373162
439 460 468 -1 25.669642
438 439 460 -1 26.348824
192 197 -1 -1 26.826745
192 222 -1 -1 21.375476
192 197 222 -1 31.479316
175 192 -1 -1 20.845824
175 192 197 -1 29.999602
169 192 -1 -1 23.321940
169 175 -1 -1 28.861359
169 175 192 -1 29.189948
152 169 -1 -1 30.162814
152 175 -1 -1 23.896348
152 169 175 -1 32.307774
145 152 -1 -1 26.281700
145 152 175 -1 29.366497
209 217 -1 -1 18.440143
203 209 -1 -1 34.042456
203 217 -1 -1 24.227613
203 209 217 -1 35.250055
217 230 -1 -1 33.629433
217 242 -1 -1 24.165124
217 230 242 -1 34.075290
209 230 -1 -1 29.480272
209 217 230 -1 33.716728
206 209 -1 -1 28.950255
206 230 -1 -1 19.962549
206 209 230 -1 31.094134
169 206 -1 -1 30.170571
169 171 -1 -1 25.157045
171 206 -1 -1 35.448441
169 171 206 -1 36.097400
171 209 -1 -1 32.929573
171 206 209 -1 37.830562
206 234 -1 -1 26.960931
206 222 -1 -1 30.020967
206 222 234 -1 32.162404
206 230 234 -1 27.025628
192 206 -1 -1 32.385939
192 206 222 -1 33.369601
169 192 206 -1 33.819076
235 254 -1 -1 16.306843
254 265 -1 -1 20.598095
235 265 -1 -1 22.246286
235 254 265 -1 23.250492
211 235 -1 -1 26.287072
203 235 -1 -1 34.840614
203 211 235 -1 39.992033
211 254 -1 -1 31.056646
211 235 254 -1 31.057864
292 320 -1 -1 19.507749
307 320 -1 -1 33.876843
292 307 -1 -1 27.067845
292 307 320 -1 33.894851
288 308 -1 -1 32.318021
288 290 -1 -1 32.487800
288 290 308 -1 33.770595
259 288 -1 -1 26.789340
259 290 -1 -1 32.869078
259 288 290 -1 35.828786
276 288 -1 -1 15.467793
259 276 288 -1 26.819677
288 314 -1 -1 28.660305
288 307 -1 -1 17.742174
307 314 -1 -1 19.583219
288 307 314 -1 29.121075
288 308 314 -1 32.319076
254 261 -1 -1 10.318132
261 265 -1 -1 16.156665
254 261 265 -1 20.903442
261 276 -1 -1 16.078747
261 265 276 -1 17.624044
254 266 -1 -1 22.134289
261 266 -1 -1 14.889822
254 261 266 -1 26.033637
266 276 -1 -1 22.049583
261 266 276 -1 22.051287
264 279 -1 -1 15.409433
264 267 -1 -1 22.957168
264 267 279 -1 23.151623
234 264 -1 -1 26.291435
234 264 267 -1 30.465322
236 264 -1 -1 20.249337
234 236 264 -1 26.741603
262 264 -1 -1 29.959895
236 262 264 -1 33.869371
264 291 -1 -1 23.113045
262 291 -1 -1 33.976583
262 264 291 -1 34.679367
279 291 -1 -1 10.548503
264 279 291 -1 28.143999
291 301 -1 -1 26.961729
291 297 -1 -1 14.150009
291 297 301 -1 26.972370
287 291 -1 -1 22.159939
287 291 297 -1 22.699219
279 287 291 -1 22.730306
314 326 -1 -1 16.532836
307 326 -1 -1 24.424181
307 314 326 -1 24.530763
326 339 -1 -1 31.236342
314 326 339 -1 31.269253
326 361 -1 -1 31.306907
339 361 -1 -1 18.552273
326 339 361 -1 32.745621
399 403 -1 -1 26.501894
403 422 -1 -1 27.243180
399 403 422 -1 29.649325
403 434 -1 -1 30.409493
403 422 434 -1 34.571686
403 418 -1 -1 21.748919
403 418 434 -1 30.988023
392 403 -1 -1 27.309834
392 403 418 -1 27.385818
358 392 -1 -1 19.355427
358 379 -1 -1 18.988431
358 379 392 -1 26.973604
326 358 -1 -1 26.705093
358 361 -1 -1 21.562660
326 358 361 -1 31.780051
343 358 -1 -1 25.652355
343 379 -1 -1 22.281989
343 358 379 -1 26.392580
326 343 -1 -1 19.734399
326 343 358 -1 28.292075
320 343 -1 -1 26.609957
307 343 -1 -1 34.924358
307 320 343 -1 37.323931
307 326 343 -1 35.998445
372 397 -1 -1 21.861957
372 379 -1 -1 12.764518
372 379 397 -1 23.610050
409 410 -1 -1 24.740222
410 429 -1 -1 13.635643
409 429 -1 -1 14.716127
409 410 429 -1 29.010318
409 450 -1 -1 17.992712
409 436 -1 -1 20.413883
429 436 -1 -1 10.468272
409 429 436 -1 21.357662
409 436 450 -1 23.472408
271 273 -1 -1 19.126078
273 289 -1 -1 19.417407
271 273 289 -1 25.266918
273 284 -1 -1 33.669685
273 302 -1 -1 28.578585
273 284 302 -1 34.036758
273 304 -1 -1 29.689444
273 289 304 -1 29.707627
273 302 304 -1 30.893679
263 273 -1 -1 14.173783
263 271 -1 -1 19.003087
263 271 273 -1 20.536753
263 284 -1 -1 38.233257
250 263 -1 -1 14.721846
250 263 284 -1 39.835216
263 273 284 -1 38.577585
232 249 -1 -1 20.067462
227 249 -1 -1 19.896121
227 232 249 -1 26.009093
249 256 -1 -1 26.169978
227 249 256 -1 36.925340
249 271 -1 -1 20.437394
249 256 271 -1 26.183686
249 263 -1 -1 24.278907
249 263 271 -1 25.034038
249 250 -1 -1 28.664195
232 249 250 -1 29.521489
249 250 263 -1 28.670882
298 313 -1 -1 24.361647
282 298 -1 -1 27.598259
269 298 -1 -1 27.630110
269 282 298 -1 30.405858
282 313 -1 -1 28.568457
282 298 313 -1 31.183189
246 268 -1 -1 22.894285
256 268 -1 -1 20.868564
246 256 268 -1 30.060763
268 282 -1 -1 20.743444
246 268 282 -1 36.634785
293 313 -1 -1 31.717220
293 303 -1 -1 18.578301
293 303 313 -1 39.375320
282 293 -1 -1 25.428739
282 293 313 -1 33.411477
268 293 -1 -1 23.384204
268 282 293 -1 27.046520
289 293 -1 -1 27.837955
289 293 303 -1 27.932018
256 293 -1 -1 33.096405
256 289 293 -1 35.767433
256 268 293 -1 33.320705
160 172 -1 -1 24.616174
135 172 -1 -1 20.045036
135 160 172 -1 27.916168
132 172 -1 -1 27.123019
132 135 172 -1 27.373019
168 172 -1 -1 27.512342
132 168 172 -1 31.797887
172 181 -1 -1 16.489898
168 172 181 -1 28.311125
204 246 -1 -1 36.454951
204 227 -1 -1 25.740186
204 227 246 -1 42.511621
428 445 -1 -1 23.573932
445 473 -1 -1 29.174140
428 445 473 -1 34.719030
383 404 -1 -1 22.245759
356 383 -1 -1 20.463299
356 383 404 -1 30.168680
404 410 -1 -1 15.068906
383 410 -1 -1 14.457090
383 404 410 -1 22.451105
342 383 -1 -1 31.974252
342 356 383 -1 35.130936
420 436 -1 -1 17.035402
420 447 -1 -1 26.220422
420 436 447 -1 27.974023
420 437 -1 -1 30.969495
401 420 -1 -1 17.647661
401 420 437 -1 31.608607
420 437 447 -1 32.387503
404 420 -1 -1 13.030519
401 404 420 -1 17.955494
410 420 -1 -1 11.270984
404 410 420 -1 15.512709
420 429 -1 -1 14.511690
410 420 429 -1 15.390444
420 429 436 -1 17.118886
174 177 -1 -1 31.266081
163 177 -1 -1 27.323427
163 174 177 -1 31.589404
177 209 -1 -1 16.360657
171 177 -1 -1 22.719049
171 177 209 -1 36.002719
177 203 -1 -1 35.680033
177 203 209 -1 36.023686
174 177 203 -1 36.800050
136 177 -1 -1 34.247288
136 171 -1 -1 22.028873
136 171 177 -1 34.761019
136 163 -1 -1 27.509053
136 163 177 -1 35.105906
328 357 -1 -1 20.578407
339 357 -1 -1 21.583657
328 339 357 -1 24.573268
357 361 -1 -1 26.989098
361 376 -1 -1 22.622721
357 376 -1 -1 13.704513
357 361 376 -1 27.018277
339 357 361 -1 27.130401
327 347 -1 -1 14.377991
323 347 -1 -1 18.993651
323 327 347 -1 19.811076
330 347 -1 -1 18.578147
327 330 347 -1 24.451793
347 368 -1 -1 25.106356
347 362 -1 -1 26.832693
347 362 368 -1 27.071544
330 347 362 -1 26.853640
128 152 -1 -1 25.200556
128 169 -1 -1 31.725125
128 152 169 -1 33.923654
128 171 -1 -1 31.615776
128 169 171 -1 34.509193
128 136 -1 -1 27.947058
128 136 171 -1 32.384905
237 259 -1 -1 23.781521
237 242 -1 -1 29.414143
237 242 259 -1 37.499781
217 237 -1 -1 27.397805
217 237 242 -1 31.457020
237 265 -1 -1 25.682230
237 259 265 -1 26.077882
235 237 -1 -1 22.309731
235 237 265 -1 27.262571
203 237 -1 -1 29.959459
203 217 237 -1 31.754679
203 235 237 -1 35.165989
178 183 -1 -1 20.992221
166 178 -1 -1 29.163115
166 178 183 -1 29.695854
243 254 -1 -1 19.642783
211 243 -1 -1 28.826187
211 243 254 -1 31.857159
243 266 -1 -1 26.579376
243 254 266 -1 27.097950
280 292 -1 -1 16.693723
280 307 -1 -1 27.372118
280 292 307 -1 28.601561
280 288 -1 -1 26.417805
280 288 307 -1 28.521655
266 280 -1 -1 14.146241
276 280 -1 -1 24.263547
266 276 280 -1 24.565938
276 280 288 -1 26.823619
285 291 -1 -1 32.622836
262 285 -1 -1 14.017744
262 285 291 -1 34.208590
285 301 -1 -1 24.292820
285 291 301 -1 33.247967
285 290 -1 -1 16.493085
285 290 301 -1 27.627983
259 285 -1 -1 34.332006
259 285 290 -1 34.781319
259 262 285 -1 34.408754
386 403 -1 -1 18.410336
386 399 -1 -1 20.648846
386 399 403 -1 26.593244
350 372 -1 -1 19.011187
343 350 -1 -1 12.458707
350 379 -1 -1 20.089246
343 350 379 -1 22.456649
350 372 379 -1 20.741786
320 350 -1 -1 25.640407
320 343 350 -1 26.973640
204 228 -1 -1 30.627231
228 246 -1 -1 20.563508
204 228 246 -1 36.466663
221 228 -1 -1 20.309408
228 269 -1 -1 42.121696
228 246 269 -1 42.154699
172 180 -1 -1 38.877800
160 180 -1 -1 28.466696
160 172 180 -1 38.967759
180 221 -1 -1 37.645737
180 228 -1 -1 39.638791
180 221 228 -1 40.217355
180 204 -1 -1 28.028236
180 204 228 -1 39.795838
194 204 -1 -1 21.720323
194 227 -1 -1 28.786064
194 204 227 -1 29.926117
187 194 -1 -1 29.161636
187 194 227 -1 36.513761
181 194 -1 -1 17.554536
181 187 194 -1 29.538086
172 194 -1 -1 24.695011
172 181 194 -1 24.727714
180 194 -1 -1 33.280917
172 180 194 -1 39.186690
180 194 204 -1 33.535476
357 375 -1 -1 20.740867
375 376 -1 -1 18.812470
357 375 376 -1 21.243847
363 375 -1 -1 14.179657
357 363 -1 -1 25.730271
357 363 375 -1 25.765620
375 386 -1 -1 23.800962
376 386 -1 -1 12.650015
375 376 386 -1 23.947394
375 399 -1 -1 21.498895
375 386 399 -1 25.540891
375 395 -1 -1 22.030688
375 395 399 -1 24.590253
363 375 395 -1 25.338955
351 357 -1 -1 26.115057
351 363 -1 -1 15.035530
351 357 363 -1 27.094114
347 351 -1 -1 15.105271
323 351 -1 -1 16.383670
323 347 351 -1 19.752027
328 351 -1 -1 26.804560
323 328 351 -1 26.887313
328 351 357 -1 28.731455
351 368 -1 -1 25.953396
351 363 368 -1 26.756047
347 351 368 -1 26.760919
183 208 -1 -1 23.202845
208 211 -1 -1 13.504681
183 208 211 -1 27.963441
178 208 -1 -1 15.520728
178 183 208 -1 23.784212
361 384 -1 -1 14.335684
376 384 -1 -1 17.931797
361 376 384 -1 22.632710
384 386 -1 -1 14.700922
376 384 386 -1 18.128127
358 384 -1 -1 26.854205
384 392 -1 -1 22.859381
358 384 392 -1 27.401874
358 361 384 -1 26.944923
384 403 -1 -1 22.345913
384 392 403 -1 28.365053
384 386 403 -1 22.465244
170 180 -1 -1 28.355217
160 170 -1 -1 35.869212
148 170 -1 -1 31.372818
148 160 170 -1 35.986570
160 170 180 -1 36.632204
140 178 -1 -1 28.601988
140 166 -1 -1 28.317064
140 166 178 -1 33.140619
128 -1 -1 -1 0.000000
132 -1 -1 -1 0.000000
135 -1 -1 -1 0.000000
136 -1 -1 -1 0.000000
140 -1 -1 -1 0.000000
144 -1 -1 -1 0.000000
145 -1 -1 -1 0.000000
148 -1 -1 -1 0.000000
152 -1 -1 -1 0.000000
160 -1 -1 -1 0.000000
163 -1 -1 -1 0.000000
166 -1 -1 -1 0.000000
168 -1 -1 -1 0.000000
169 -1 -1 -1 0.000000
170 -1 -1 -1 0.000000
171 -1 -1 -1 0.000000
172 -1 -1 -1 0.000000
174 -1 -1 -1 0.000000
175 -1 -1 -1 0.000000
177 -1 -1 -1 0.000000
178 -1 -1 -1 0.000000
179 -1 -1 -1 0.000000
180 -1 -1 -1 0.000000
181 -1 -1 -1 0.000000
183 -1 -1 -1 0.000000
187 -1 -1 -1 0.000000
192 -1 -1 -1 0.000000
194 -1 -1 -1 0.000000
197 -1 -1 -1 0.000000
203 -1 -1 -1 0.000000
204 -1 -1 -1 0.000000
206 -1 -1 -1 0.000000
208 -1 -1 -1 0.000000
209 -1 -1 -1 0.000000
211 -1 -1 -1 0.000000
217 -1 -1 -1 0.000000
221 -1 -1 -1 0.000000
222 -1 -1 -1 0.000000
225 -1 -1 -1 0.000000
227 -1 -1 -1 0.000000
228 -1 -1 -1 0.000000
230 -1 -1 -1 0.000000
232 -1 -1 -1 0.000000
234 -1 -1 -1 0.000000
235 -1 -1 -1 0.000000
236 -1 -1 -1 0.000000
237 -1 -1 -1 0.000000
242 -1 -1 -1 0.000000
243 -1 -1 -1 0.000000
246 -1 -1 -1 0.000000
247 -1 -1 -1 0.000000
248 -1 -1 -1 0.000000
249 -1 -1 -1 0.000000
250 -1 -1 -1 0.000000
254 -1 -1 -1 0.000000
256 -1 -1 -1 0.000000
259 -1 -1 -1 0.000000
261 -1 -1 -1 0.000000
262 -1 -1 -1 0.000000
263 -1 -1 -1 0.000000
264 -1 -1 -1 0.000000
265 -1 -1 -1 0.000000
266 -1 -1 -1 0.000000
267 -1 -1 -1 0.000000
268 -1 -1 -1 0.000000
269 -1 -1 -1 0.000000
271 -1 -1 -1 0.000000
273 -1 -1 -1 0.000000
276 -1 -1 -1 0.000000
278 -1 -1 -1 0.000000
279 -1 -1 -1 0.000000
280 -1 -1 -1 0.000000
282 -1 -1 -1 0.000000
284 -1 -1 -1 0.000000
285 -1 -1 -1 0.000000
287 -1 -1 -1 0.000000
288 -1 -1 -1 0.000000
289 -1 -1 -1 0.000000
290 -1 -1 -1 0.000000
291 -1 -1 -1 0.000000
292 -1 -1 -1 0.000000
293 -1 -1 -1 0.000000
297 -1 -1 -1 0.000000
298 -1 -1 -1 0.000000
301 -1 -1 -1 0.000000
302 -1 -1 -1 0.000000
303 -1 -1 -1 0.000000
304 -1 -1 -1 0.000000
307 -1 -1 -1 0.000000
308 -1 -1 -1 0.000000
313 -1 -1 -1 0.000000
314 -1 -1 -1 0.000000
316 -1 -1 -1 0.000000
319 -1 -1 -1 0.000000
320 -1 -1 -1 0.000000
321 -1 -1 -1 0.000000
323 -1 -1 -1 0.000000
325 -1 -1 -1 0.000000
326 -1 -1 -1 0.000000
327 -1 -1 -1 0.000000
328 -1 -1 -1 0.000000
330 -1 -1 -1 0.000000
331 -1 -1 -1 0.000000
337 -1 -1 -1 0.000000
339 -1 -1 -1 0.000000
340 -1 -1 -1 0.000000
342 -1 -1 -1 0.000000
343 -1 -1 -1 0.000000
346 -1 -1 -1 0.000000
347 -1 -1 -1 0.000000
349 -1 -1 -1 0.000000
350 -1 -1 -1 0.000000
351 -1 -1 -1 0.000000
352 -1 -1 -1 0.000000
356 -1 -1 -1 0.000000
357 -1 -1 -1 0.000000
358 -1 -1 -1 0.000000
361 -1 -1 -1 0.000000
362 -1 -1 -1 0.000000
363 -1 -1 -1 0.000000
364 -1 -1 -1 0.000000
365 -1 -1 -1 0.000000
366 -1 -1 -1 0.000000
367 -1 -1 -1 0.000000
368 -1 -1 -1 0.000000
369 -1 -1 -1 0.000000
372 -1 -1 -1 0.000000
375 -1 -1 -1 0.000000
376 -1 -1 -1 0.000000
379 -1 -1 -1 0.000000
382 -1 -1 -1 0.000000
383 -1 -1 -1 0.000000
384 -1 -1 -1 0.000000
386 -1 -1 -1 0.000000
388 -1 -1 -1 0.000000
390 -1 -1 -1 0.000000
392 -1 -1 -1 0.000000
394 -1 -1 -1 0.000000
395 -1 -1 -1 0.000000
397 -1 -1 -1 0.000000
398 -1 -1 -1 0.000000
399 -1 -1 -1 0.000000
401 -1 -1 -1 0.000000
403 -1 -1 -1 0.000000
404 -1 -1 -1 0.000000
406 -1 -1 -1 0.000000
409 -1 -1 -1 0.000000
410 -1 -1 -1 0.000000
411 -1 -1 -1 0.000000
418 -1 -1 -1 0.000000
420 -1 -1 -1 0.000000
422 -1 -1 -1 0.000000
423 -1 -1 -1 0.000000
424 -1 -1 -1 0.000000
426 -1 -1 -1 0.000000
428 -1 -1 -1 0.000000
429 -1 -1 -1 0.000000
434 -1 -1 -1 0.000000
436 -1 -1 -1 0.000000
437 -1 -1 -1 0.000000
438 -1 -1 -1 0.000000
439 -1 -1 -1 0.000000
442 -1 -1 -1 0.000000
445 -1 -1 -1 0.000000
447 -1 -1 -1 0.000000
450 -1 -1 -1 0.000000
451 -1 -1 -1 0.000000
455 -1 -1 -1 0.000000
456 -1 -1 -1 0.000000
458 -1 -1 -1 0.000000
459 -1 -1 -1 0.000000
460 -1 -1 -1 0.000000
462 -1 -1 -1 0.000000
463 -1 -1 -1 0.000000
464 -1 -1 -1 0.000000
467 -1 -1 -1 0.000000
468 -1 -1 -1 0.000000
469 -1 -1 -1 0.000000
470 -1 -1 -1 0.000000
472 -1 -1 -1 0.000000
473 -1 -1 -1 0.000000
475 -1 -1 -1 0.000000
477 -1 -1 -1 0.000000
478 -1 -1 -1 0.000000
480 -1 -1 -1 0.000000
485 -1 -1 -1 0.000000
487 -1 -1 -1 0.000000
