219 226 -1 -1 26.341861
219 242 -1 -1 16.864535
226 242 -1 -1 28.439444
219 226 242 -1 28.971562
197 226 -1 -1 28.544858
226 235 -1 -1 12.470338
197 235 -1 -1 19.909217
197 226 235 -1 33.649079
197 219 -1 -1 36.305625
197 219 226 -1 36.600794
224 236 -1 -1 25.629283
220 224 -1 -1 15.247770
220 236 -1 -1 21.329908
220 224 236 -1 25.657689
281 304 -1 -1 34.700566
276 281 -1 -1 33.010580
276 304 -1 -1 19.190591
276 281 304 -1 35.418745
302 304 -1 -1 35.332305
304 314 -1 -1 27.071815
302 314 -1 -1 26.184701
302 304 314 -1 35.589545
281 302 -1 -1 9.368293
281 302 304 -1 35.411733
342 348 -1 -1 29.159519
348 363 -1 -1 31.289772
342 363 -1 -1 20.979475
342 348 363 -1 32.355026
350 374 -1 -1 21.607281
374 378 -1 -1 20.743977
350 378 -1 -1 21.951504
350 374 378 -1 24.770283
344 374 -1 -1 23.297816
344 350 -1 -1 18.969166
344 350 374 -1 24.834934
302 310 -1 -1 14.738323
310 314 -1 -1 19.763962
302 310 314 -1 26.421401
427 448 -1 -1 20.647646
427 450 -1 -1 20.609209
448 450 -1 -1 19.355409
427 448 450 -1 23.358561
174 228 -1 -1 32.167415
207 228 -1 -1 28.633595
174 207 -1 -1 16.616721
174 207 228 -1 32.234269
174 200 -1 -1 27.909823
200 228 -1 -1 15.985003
174 200 228 -1 32.167416
178 200 -1 -1 17.838141
174 178 -1 -1 19.998690
174 178 200 -1 28.011754
179 219 -1 -1 31.769619
169 179 -1 -1 15.851505
169 219 -1 -1 29.710926
169 179 219 -1 32.051744
179 197 -1 -1 14.190871
179 197 219 -1 36.565986
226 247 -1 -1 19.343388
235 247 -1 -1 11.658484
226 235 247 -1 20.177465
240 265 -1 -1 25.622749
231 265 -1 -1 28.808747
231 240 -1 -1 17.260492
231 240 265 -1 29.098462
240 272 -1 -1 20.445734
265 272 -1 -1 20.567643
240 265 272 -1 26.262684
350 361 -1 -1 22.135628
361 378 -1 -1 14.602353
350 361 378 -1 23.363697
270 310 -1 -1 30.245870
301 310 -1 -1 25.630944
270 301 -1 -1 18.015063
270 301 310 -1 30.325012
270 302 -1 -1 27.379342
270 302 310 -1 30.308931
296 317 -1 -1 27.053557
296 301 -1 -1 33.120281
301 317 -1 -1 22.669670
296 301 317 -1 33.366900
270 296 -1 -1 39.031819
270 296 301 -1 39.175153
317 325 -1 -1 14.378486
301 325 -1 -1 15.885471
301 317 325 -1 22.834717
310 325 -1 -1 29.206671
301 310 325 -1 29.276636
325 344 -1 -1 22.482509
325 350 -1 -1 24.860131
325 344 350 -1 25.975569
317 350 -1 -1 23.317153
317 325 350 -1 25.359445
243 281 -1 -1 21.517387
243 276 -1 -1 21.420559
243 276 281 -1 33.571868
236 243 -1 -1 27.779131
236 276 -1 -1 28.754192
236 243 276 -1 30.566721
224 243 -1 -1 27.188731
224 236 243 -1 31.072306
242 281 -1 -1 30.486820
242 243 -1 -1 27.683156
242 243 281 -1 31.501333
224 242 -1 -1 26.751494
224 242 243 -1 31.426118
205 219 -1 -1 17.023030
169 205 -1 -1 28.907933
169 205 219 -1 30.657792
205 242 -1 -1 27.191988
205 219 242 -1 28.392699
205 224 -1 -1 21.452600
205 224 242 -1 29.400549
285 304 -1 -1 21.105414
276 285 -1 -1 14.284174
276 285 304 -1 21.694362
285 331 -1 -1 31.244645
304 331 -1 -1 23.428989
285 304 331 -1 31.249895
335 342 -1 -1 22.804065
335 363 -1 -1 31.940747
335 342 363 -1 32.003831
490 516 -1 -1 21.084422
511 516 -1 -1 29.152094
490 511 -1 -1 30.911422
490 511 516 -1 32.157428
459 490 -1 -1 24.942526
392 396 -1 -1 26.328263
363 392 -1 -1 25.738561
363 396 -1 -1 27.902685
363 392 396 -1 30.837957
372 396 -1 -1 15.674523
372 411 -1 -1 31.965039
396 411 -1 -1 22.006298
372 396 411 -1 35.275874
348 372 -1 -1 16.802569
363 372 -1 -1 26.119473
348 363 372 -1 31.294041
363 372 396 -1 28.378787
343 348 -1 -1 15.064575
342 343 -1 -1 19.721971
342 343 348 -1 31.732354
526 530 -1 -1 19.066499
511 526 -1 -1 30.661000
511 530 -1 -1 26.992089
511 526 530 -1 31.000928
392 428 -1 -1 20.333365
428 435 -1 -1 23.686073
392 435 -1 -1 32.678522
392 428 435 -1 32.833272
396 428 -1 -1 33.899191
392 396 428 -1 33.925969
494 526 -1 -1 24.187772
494 511 -1 -1 27.285398
494 511 526 -1 32.089525
457 494 -1 -1 22.885100
466 494 -1 -1 22.159218
457 466 -1 -1 21.425171
457 466 494 -1 25.611992
471 490 -1 -1 24.910413
471 511 -1 -1 20.962673
471 490 511 -1 31.067173
471 494 -1 -1 26.911354
471 494 511 -1 29.388772
457 471 -1 -1 23.003128
457 471 494 -1 28.326773
374 397 -1 -1 24.899559
378 397 -1 -1 13.119843
374 378 397 -1 24.912505
443 475 -1 -1 26.823320
521 529 -1 -1 19.112165
512 529 -1 -1 22.946519
512 521 -1 -1 16.887346
512 521 529 -1 23.381369
448 487 -1 -1 21.702616
462 487 -1 -1 21.224972
448 462 -1 -1 12.881329
448 462 487 -1 22.513395
222 228 -1 -1 22.317841
207 222 -1 -1 13.713430
207 222 228 -1 29.342523
212 240 -1 -1 24.835960
212 231 -1 -1 23.226880
212 231 240 -1 25.832779
199 222 -1 -1 25.080269
199 207 -1 -1 16.861078
199 207 222 -1 26.656550
199 236 -1 -1 29.352560
199 220 -1 -1 16.197789
199 220 236 -1 30.013738
222 236 -1 -1 27.907563
199 222 236 -1 31.880227
218 231 -1 -1 18.043723
272 290 -1 -1 8.542649
265 290 -1 -1 17.187658
265 272 290 -1 20.933140
290 303 -1 -1 20.435811
290 297 -1 -1 17.593309
297 303 -1 -1 13.105966
290 297 303 -1 20.633408
284 290 -1 -1 17.352275
284 297 -1 -1 9.585897
284 290 297 -1 18.174638
272 284 -1 -1 12.979501
272 284 290 -1 18.016451
275 302 -1 -1 18.357143
275 281 -1 -1 17.220708
275 281 302 -1 18.557913
270 275 -1 -1 14.443717
270 275 302 -1 29.662587
284 287 -1 -1 13.175009
287 297 -1 -1 14.117888
284 287 297 -1 14.628537
317 334 -1 -1 26.127449
334 350 -1 -1 27.933006
317 334 350 -1 30.017031
334 361 -1 -1 17.861553
334 350 361 -1 27.951510
173 199 -1 -1 24.140659
173 220 -1 -1 21.929123
173 199 220 -1 24.781263
173 224 -1 -1 27.505988
173 220 224 -1 27.563556
173 205 -1 -1 24.416201
173 205 224 -1 28.706519
260 286 -1 -1 20.692949
260 264 -1 -1 18.796737
264 286 -1 -1 20.741731
260 264 286 -1 23.247102
260 285 -1 -1 19.354352
285 286 -1 -1 18.351933
260 285 286 -1 22.563284
222 260 -1 -1 31.589423
222 264 -1 -1 31.645161
222 260 264 -1 33.114222
236 260 -1 -1 22.316224
222 236 260 -1 32.412722
260 276 -1 -1 24.792740
236 260 276 -1 29.764738
260 276 285 -1 24.845609
285 313 -1 -1 23.734589
313 331 -1 -1 22.634908
285 313 331 -1 31.379325
286 313 -1 -1 16.160591
285 286 313 -1 23.775136
313 335 -1 -1 19.680768
331 335 -1 -1 18.738818
313 331 335 -1 23.780114
318 343 -1 -1 17.195409
228 229 -1 -1 16.553077
200 229 -1 -1 20.831199
200 228 229 -1 21.179550
431 459 -1 -1 20.923973
396 431 -1 -1 32.040285
411 431 -1 -1 19.914830
396 411 431 -1 32.492358
428 431 -1 -1 26.239948
396 428 431 -1 35.999674
494 510 -1 -1 16.261625
510 526 -1 -1 11.038543
494 510 526 -1 29.045222
493 494 -1 -1 16.743858
466 493 -1 -1 13.632855
466 493 494 -1 22.192038
493 510 -1 -1 19.016614
500 510 -1 -1 14.721325
493 500 -1 -1 11.505568
493 500 510 -1 19.029649
493 494 510 -1 20.193144
476 490 -1 -1 16.649985
459 476 -1 -1 24.730959
459 476 490 -1 26.363392
471 476 -1 -1 15.864011
471 476 490 -1 25.293895
304 329 -1 -1 21.106332
314 329 -1 -1 24.254213
304 314 329 -1 28.322259
329 347 -1 -1 15.926868
314 347 -1 -1 29.000873
314 329 347 -1 29.000891
329 331 -1 -1 15.206750
304 329 331 -1 23.907633
347 359 -1 -1 21.521868
314 359 -1 -1 31.417718
314 347 359 -1 32.483722
347 382 -1 -1 22.613578
359 382 -1 -1 19.753346
347 359 382 -1 24.699925
335 349 -1 -1 17.020917
331 349 -1 -1 12.450683
331 335 349 -1 19.213044
329 349 -1 -1 19.343189
329 331 349 -1 19.353082
347 349 -1 -1 22.494569
329 347 349 -1 22.947532
392 420 -1 -1 33.509111
420 435 -1 -1 18.005975
392 420 435 -1 34.422105
395 420 -1 -1 16.698766
392 395 -1 -1 31.329820
392 395 420 -1 33.802441
358 392 -1 -1 33.881168
358 363 -1 -1 28.183406
358 363 392 -1 34.675988
358 395 -1 -1 23.090567
358 392 395 -1 35.025404
335 358 -1 -1 24.648556
335 358 363 -1 33.218578
349 358 -1 -1 19.352909
335 349 358 -1 24.740338
480 497 -1 -1 21.364510
445 480 -1 -1 24.738698
445 497 -1 -1 33.116630
445 480 497 -1 33.128476
441 445 -1 -1 24.237930
445 450 -1 -1 24.821906
441 450 -1 -1 15.187056
441 445 450 -1 25.812524
427 441 -1 -1 17.152762
427 441 450 -1 21.000657
421 441 -1 -1 11.730782
421 427 -1 -1 19.371525
421 427 441 -1 19.565819
416 421 -1 -1 16.626806
397 421 -1 -1 19.983845
397 416 -1 -1 26.128911
397 416 421 -1 26.130326
416 441 -1 -1 20.558202
416 445 -1 -1 26.225760
416 441 445 -1 27.715442
416 421 441 -1 20.563174
455 475 -1 -1 26.448671
443 455 -1 -1 23.717760
443 455 475 -1 29.749131
470 475 -1 -1 20.456749
470 509 -1 -1 24.508698
475 509 -1 -1 23.484988
470 475 509 -1 26.548448
470 487 -1 -1 21.703896
462 470 -1 -1 14.081390
462 470 487 -1 22.731899
455 470 -1 -1 21.227755
455 462 -1 -1 18.730233
455 462 470 -1 21.607733
455 470 475 -1 26.967636
518 521 -1 -1 18.099181
518 532 -1 -1 23.794293
497 518 -1 -1 20.374531
497 532 -1 -1 21.008538
497 518 532 -1 25.293066
512 518 -1 -1 19.687493
512 518 521 -1 21.176399
480 518 -1 -1 22.873875
480 512 -1 -1 19.494984
480 512 518 -1 24.129992
480 497 518 -1 24.959030
448 479 -1 -1 23.866856
450 479 -1 -1 14.918572
448 450 479 -1 23.894097
479 487 -1 -1 16.918269
448 479 487 -1 24.686034
445 479 -1 -1 28.046505
445 450 479 -1 28.116118
479 480 -1 -1 16.353960
445 479 480 -1 28.232995
479 512 -1 -1 22.127174
487 512 -1 -1 20.760777
479 487 512 -1 23.389133
479 480 512 -1 22.838445
509 529 -1 -1 21.528521
475 508 -1 -1 23.929903
192 197 -1 -1 22.364450
237 247 -1 -1 6.699320
235 237 -1 -1 11.506664
235 237 247 -1 12.102188
234 237 -1 -1 14.596012
234 247 -1 -1 18.553655
234 237 247 -1 20.676412
234 249 -1 -1 25.050099
247 249 -1 -1 16.030793
234 247 249 -1 25.074586
249 296 -1 -1 26.100096
249 270 -1 -1 32.525949
249 270 296 -1 39.350573
226 249 -1 -1 29.459824
226 247 249 -1 31.873183
226 270 -1 -1 31.608725
226 249 270 -1 36.111464
209 218 -1 -1 16.102673
209 231 -1 -1 21.080784
209 218 231 -1 21.725094
209 212 -1 -1 13.969166
209 212 231 -1 23.569442
190 218 -1 -1 17.481261
190 209 -1 -1 14.223606
190 209 218 -1 18.592838
212 216 -1 -1 23.230273
216 240 -1 -1 27.117996
212 216 240 -1 29.126667
184 199 -1 -1 15.217264
174 184 -1 -1 20.914935
184 207 -1 -1 20.525823
174 184 207 -1 22.622516
184 199 207 -1 20.883375
290 299 -1 -1 28.722948
265 299 -1 -1 19.986868
265 290 299 -1 29.252325
299 322 -1 -1 23.598526
255 281 -1 -1 22.897711
242 255 -1 -1 15.367861
242 255 281 -1 31.405408
255 275 -1 -1 11.457589
255 275 281 -1 23.614309
226 255 -1 -1 24.952777
226 242 255 -1 28.500100
255 270 -1 -1 21.649536
226 255 270 -1 31.724530
255 270 275 -1 23.502238
296 307 -1 -1 19.812259
307 317 -1 -1 31.069898
296 307 317 -1 31.417772
307 334 -1 -1 23.101469
307 317 334 -1 31.764013
287 307 -1 -1 22.238589
287 296 -1 -1 24.084781
287 296 307 -1 25.694609
303 307 -1 -1 28.222810
297 307 -1 -1 26.453439
297 303 307 -1 28.389473
287 297 307 -1 26.454613
305 335 -1 -1 29.659471
305 342 -1 -1 23.121584
305 335 342 -1 30.076259
305 313 -1 -1 21.612817
305 313 335 -1 29.672531
305 343 -1 -1 28.323049
305 342 343 -1 28.577230
305 318 -1 -1 26.061825
305 318 343 -1 28.863969
286 305 -1 -1 24.900667
286 305 313 -1 25.205056
266 318 -1 -1 29.384775
266 305 -1 -1 25.781283
266 305 318 -1 31.464281
266 286 -1 -1 32.587123
264 266 -1 -1 25.002176
264 266 286 -1 32.587781
266 286 305 -1 33.089107
482 507 -1 -1 14.303234
482 500 -1 -1 23.242880
500 507 -1 -1 17.178823
482 500 507 -1 23.322363
491 507 -1 -1 21.982449
482 491 -1 -1 19.567014
482 491 507 -1 22.373711
463 482 -1 -1 17.467836
463 500 -1 -1 22.980132
463 482 500 -1 24.964626
463 493 -1 -1 17.567526
463 493 500 -1 23.532738
463 466 -1 -1 15.996222
463 466 493 -1 18.447746
431 454 -1 -1 25.182131
454 459 -1 -1 23.225561
431 454 459 -1 26.914863
454 476 -1 -1 14.716539
454 459 476 -1 25.301747
428 454 -1 -1 19.993297
428 431 454 -1 27.934090
435 454 -1 -1 29.995557
428 435 454 -1 30.058021
454 457 -1 -1 33.695189
435 457 -1 -1 20.172918
435 454 457 -1 34.037958
454 471 -1 -1 26.788186
454 457 471 -1 33.833655
454 471 476 -1 31.685081
337 359 -1 -1 26.069605
314 337 -1 -1 23.476869
314 337 359 -1 32.059595
310 337 -1 -1 23.630523
310 314 337 -1 25.948370
325 337 -1 -1 28.253650
337 344 -1 -1 18.069516
325 337 344 -1 28.277987
310 325 337 -1 31.535846
410 420 -1 -1 29.109072
395 410 -1 -1 29.834148
395 410 420 -1 30.754982
349 377 -1 -1 28.744640
347 377 -1 -1 19.380949
347 349 377 -1 28.802778
358 377 -1 -1 25.274524
349 358 377 -1 29.285133
377 382 -1 -1 11.663867
347 377 382 -1 22.613583
377 395 -1 -1 21.341902
358 377 395 -1 27.035040
377 410 -1 -1 27.294070
382 410 -1 -1 20.588083
377 382 410 -1 29.577782
377 395 410 -1 30.952750
524 532 -1 -1 19.512291
497 524 -1 -1 23.884084
497 524 532 -1 25.095410
397 401 -1 -1 32.508965
374 401 -1 -1 20.914717
374 397 401 -1 32.508970
401 416 -1 -1 23.917382
397 401 416 -1 32.924419
307 341 -1 -1 30.469875
303 341 -1 -1 27.473211
303 307 341 -1 33.271929
334 341 -1 -1 27.612900
307 334 341 -1 31.820398
418 448 -1 -1 26.237682
418 427 -1 -1 19.431400
418 427 448 -1 26.513725
418 462 -1 -1 30.896893
418 448 462 -1 31.242565
399 418 -1 -1 19.051574
402 418 -1 -1 20.651166
399 402 -1 -1 19.531066
399 402 418 -1 22.840788
470 505 -1 -1 22.933066
505 509 -1 -1 20.516359
470 505 509 -1 26.356946
487 505 -1 -1 14.882033
470 487 505 -1 23.736079
505 529 -1 -1 14.959406
505 509 529 -1 22.532993
505 512 -1 -1 19.900057
505 512 529 -1 23.233267
487 505 512 -1 21.873083
509 520 -1 -1 18.112967
508 520 -1 -1 20.103143
475 520 -1 -1 26.490244
475 509 520 -1 27.089040
475 508 520 -1 27.643855
221 237 -1 -1 10.406076
221 234 -1 -1 18.898398
221 234 237 -1 19.031165
192 221 -1 -1 20.450854
197 221 -1 -1 14.820837
192 197 221 -1 22.965010
221 235 -1 -1 13.003058
197 221 235 -1 19.913130
221 235 237 -1 13.626539
249 251 -1 -1 26.272438
234 251 -1 -1 16.319183
234 249 251 -1 27.126849
216 251 -1 -1 21.348668
216 234 -1 -1 27.268134
216 234 251 -1 27.281087
186 195 -1 -1 17.441322
195 216 -1 -1 25.542041
195 212 -1 -1 17.177349
195 212 216 -1 26.235768
210 216 -1 -1 24.383756
210 234 -1 -1 14.522193
210 216 234 -1 27.372925
210 221 -1 -1 21.339842
210 221 234 -1 21.804013
192 210 -1 -1 15.183636
192 210 221 -1 22.456405
164 205 -1 -1 23.875408
164 169 -1 -1 18.634339
164 169 205 -1 29.030277
164 173 -1 -1 27.370801
164 173 205 -1 29.309902
253 265 -1 -1 20.880433
231 253 -1 -1 20.106968
231 253 265 -1 28.810931
417 421 -1 -1 17.992481
417 427 -1 -1 15.754978
417 421 427 -1 20.654395
417 418 -1 -1 22.461055
417 418 427 -1 22.915242
399 417 -1 -1 16.755207
399 417 418 -1 23.014778
381 397 -1 -1 19.111316
378 381 -1 -1 16.429097
378 381 397 -1 19.422033
361 381 -1 -1 14.739519
361 378 381 -1 17.707059
229 241 -1 -1 23.801151
241 266 -1 -1 29.530916
241 264 -1 -1 16.058867
241 264 266 -1 29.533647
228 241 -1 -1 17.010976
228 229 241 -1 23.801516
222 241 -1 -1 23.245952
222 241 264 -1 32.886020
222 228 241 -1 24.584012
420 438 -1 -1 22.917955
435 438 -1 -1 27.781320
420 435 438 -1 27.905089
438 463 -1 -1 24.856126
438 466 -1 -1 18.666706
438 463 466 -1 24.862481
436 463 -1 -1 22.804150
436 438 -1 -1 19.222451
436 438 463 -1 26.143325
410 438 -1 -1 26.491767
410 420 438 -1 30.645946
410 436 -1 -1 21.003292
410 436 438 -1 26.735700
438 457 -1 -1 26.949588
438 457 466 -1 27.089547
435 438 457 -1 29.456301
524 527 -1 -1 14.115267
507 527 -1 -1 17.503569
491 527 -1 -1 21.836938
491 507 527 -1 23.899722
491 524 -1 -1 19.290600
491 524 527 -1 22.173445
507 522 -1 -1 16.858275
500 522 -1 -1 19.872521
500 507 522 -1 20.963225
522 527 -1 -1 18.928064
507 522 527 -1 20.590346
510 522 -1 -1 23.424918
500 510 522 -1 23.561496
522 526 -1 -1 25.129041
510 522 526 -1 25.201200
451 463 -1 -1 20.495840
436 451 -1 -1 20.916361
436 451 463 -1 24.807468
451 482 -1 -1 19.450673
451 463 482 -1 22.233793
451 456 -1 -1 24.600721
444 456 -1 -1 16.382888
444 451 -1 -1 16.643937
444 451 456 -1 24.749846
451 491 -1 -1 29.690143
451 482 491 -1 30.068084
456 491 -1 -1 23.776574
451 456 491 -1 30.639944
499 524 -1 -1 15.842582
491 499 -1 -1 13.685771
491 499 524 -1 19.519122
497 499 -1 -1 14.064892
497 499 524 -1 24.826821
456 499 -1 -1 26.522506
456 491 499 -1 26.598569
445 499 -1 -1 34.696492
445 497 499 -1 34.862073
445 456 -1 -1 21.272951
445 456 499 -1 34.727748
401 429 -1 -1 20.366351
416 429 -1 -1 19.293642
401 416 429 -1 24.865947
429 456 -1 -1 24.287900
429 444 -1 -1 15.472452
429 444 456 -1 24.612839
429 445 -1 -1 29.285365
429 445 456 -1 29.765254
416 429 445 -1 29.889290
386 412 -1 -1 16.566198
386 402 -1 -1 24.130370
402 412 -1 -1 18.815180
386 402 412 -1 24.196839
309 341 -1 -1 29.013288
303 309 -1 -1 14.785659
303 309 341 -1 29.401723
299 309 -1 -1 27.391444
309 322 -1 -1 20.501518
299 309 322 -1 28.177180
290 309 -1 -1 24.327669
290 303 309 -1 24.393605
290 299 309 -1 31.164555
370 386 -1 -1 19.532468
370 402 -1 -1 21.155579
370 386 402 -1 25.284119
353 386 -1 -1 21.793257
353 370 -1 -1 21.960765
353 370 386 -1 24.448886
186 210 -1 -1 24.396200
251 263 -1 -1 19.238065
249 263 -1 -1 18.848374
249 251 263 -1 26.303305
263 287 -1 -1 17.672494
263 296 -1 -1 19.162508
263 287 296 -1 24.348648
249 263 296 -1 26.142751
216 252 -1 -1 24.537072
240 252 -1 -1 22.884670
216 240 252 -1 28.921654
251 252 -1 -1 19.294406
216 251 252 -1 25.515732
252 272 -1 -1 18.973700
252 284 -1 -1 14.784309
252 272 284 -1 19.020976
240 252 272 -1 24.222989
252 287 -1 -1 20.716068
252 284 287 -1 20.810135
252 263 -1 -1 25.011331
252 263 287 -1 25.330708
251 252 263 -1 25.326819
181 195 -1 -1 18.189909
181 209 -1 -1 18.784128
181 190 -1 -1 18.948475
181 190 209 -1 20.369882
206 210 -1 -1 17.113935
186 206 -1 -1 14.097041
186 206 210 -1 24.978306
206 216 -1 -1 15.256789
206 210 216 -1 24.598876
195 206 -1 -1 18.619336
186 195 206 -1 19.636972
195 206 216 -1 25.755213
400 421 -1 -1 19.287853
397 400 -1 -1 12.117642
397 400 421 -1 20.670767
400 417 -1 -1 10.133942
400 417 421 -1 19.506154
381 400 -1 -1 14.807520
381 397 400 -1 19.111370
399 400 -1 -1 20.325416
399 400 417 -1 20.403539
381 399 -1 -1 21.237537
381 399 400 -1 22.272412
364 381 -1 -1 18.875054
364 399 -1 -1 20.584519
364 381 399 -1 23.441638
364 370 -1 -1 25.648718
341 370 -1 -1 29.141023
341 364 -1 -1 23.204976
341 364 370 -1 30.465191
361 364 -1 -1 25.002402
361 364 381 -1 25.110606
334 364 -1 -1 29.505186
334 361 364 -1 29.605873
334 341 364 -1 31.324580
359 390 -1 -1 19.639579
382 390 -1 -1 9.894034
359 382 390 -1 20.349920
384 390 -1 -1 15.262715
359 384 -1 -1 22.371029
359 384 390 -1 22.818949
390 410 -1 -1 16.617064
382 390 410 -1 20.828838
384 410 -1 -1 25.566423
384 390 410 -1 26.672610
371 401 -1 -1 26.233073
371 374 -1 -1 24.573817
371 374 401 -1 27.933096
371 384 -1 -1 18.784707
384 401 -1 -1 27.264858
371 384 401 -1 28.600528
344 371 -1 -1 22.555853
344 371 374 -1 27.161085
359 371 -1 -1 21.501442
359 371 384 -1 24.290306
337 371 -1 -1 24.703856
337 344 371 -1 25.702311
337 359 371 -1 28.059956
410 424 -1 -1 26.018886
424 436 -1 -1 19.074746
410 424 436 -1 26.357379
384 424 -1 -1 24.340004
384 410 424 -1 29.256649
424 451 -1 -1 22.782757
424 444 -1 -1 19.547160
424 444 451 -1 23.329615
424 436 451 -1 24.357873
424 429 -1 -1 24.246644
424 429 444 -1 24.284112
401 424 -1 -1 29.873688
384 401 424 -1 31.694377
401 424 429 -1 30.061583
352 353 -1 -1 18.800657
322 352 -1 -1 31.981311
322 353 -1 -1 24.441276
322 352 353 -1 32.079812
352 386 -1 -1 28.445578
352 353 386 -1 28.453438
418 430 -1 -1 24.516465
402 430 -1 -1 27.595114
402 418 430 -1 28.599847
412 430 -1 -1 20.085597
402 412 430 -1 27.595509
430 455 -1 -1 14.872162
430 462 -1 -1 28.580014
430 455 462 -1 31.816486
418 430 462 -1 32.737408
430 443 -1 -1 27.895747
430 443 455 -1 27.896607
346 370 -1 -1 18.077008
346 353 -1 -1 17.952605
346 353 370 -1 22.723946
341 346 -1 -1 21.210283
341 346 370 -1 29.272307
309 346 -1 -1 25.783421
309 341 346 -1 29.960805
322 346 -1 -1 25.215004
322 346 353 -1 26.647713
309 322 346 -1 27.855812
195 204 -1 -1 12.158946
204 212 -1 -1 11.989194
195 204 212 -1 17.178573
181 204 -1 -1 10.660886
181 195 204 -1 18.878466
204 209 -1 -1 13.894684
204 209 212 -1 15.433862
181 204 209 -1 19.016032
370 383 -1 -1 16.167310
383 402 -1 -1 13.202735
370 383 402 -1 21.163753
364 383 -1 -1 16.162819
364 370 383 -1 26.553146
383 399 -1 -1 15.932455
383 399 402 -1 19.652482
364 383 399 -1 20.916214
352 391 -1 -1 25.152953
386 391 -1 -1 23.786654
352 386 391 -1 30.082318
391 412 -1 -1 29.021738
386 391 412 -1 29.021833
426 430 -1 -1 30.283346
426 443 -1 -1 24.352606
426 430 443 -1 32.131456
412 426 -1 -1 25.481635
412 426 430 -1 30.552863
391 426 -1 -1 21.764046
391 412 426 -1 29.998456
164 -1 -1 -1 0.000000
169 -1 -1 -1 0.000000
173 -1 -1 -1 0.000000
174 -1 -1 -1 0.000000
178 -1 -1 -1 0.000000
179 -1 -1 -1 0.000000
181 -1 -1 -1 0.000000
184 -1 -1 -1 0.000000
186 -1 -1 -1 0.000000
190 -1 -1 -1 0.000000
192 -1 -1 -1 0.000000
195 -1 -1 -1 0.000000
197 -1 -1 -1 0.000000
199 -1 -1 -1 0.000000
200 -1 -1 -1 0.000000
204 -1 -1 -1 0.000000
205 -1 -1 -1 0.000000
206 -1 -1 -1 0.000000
207 -1 -1 -1 0.000000
209 -1 -1 -1 0.000000
210 -1 -1 -1 0.000000
212 -1 -1 -1 0.000000
216 -1 -1 -1 0.000000
218 -1 -1 -1 0.000000
219 -1 -1 -1 0.000000
220 -1 -1 -1 0.000000
221 -1 -1 -1 0.000000
222 -1 -1 -1 0.000000
224 -1 -1 -1 0.000000
226 -1 -1 -1 0.000000
228 -1 -1 -1 0.000000
229 -1 -1 -1 0.000000
231 -1 -1 -1 0.000000
234 -1 -1 -1 0.000000
235 -1 -1 -1 0.000000
236 -1 -1 -1 0.000000
237 -1 -1 -1 0.000000
240 -1 -1 -1 0.000000
241 -1 -1 -1 0.000000
242 -1 -1 -1 0.000000
243 -1 -1 -1 0.000000
247 -1 -1 -1 0.000000
249 -1 -1 -1 0.000000
251 -1 -1 -1 0.000000
252 -1 -1 -1 0.000000
253 -1 -1 -1 0.000000
255 -1 -1 -1 0.000000
260 -1 -1 -1 0.000000
263 -1 -1 -1 0.000000
264 -1 -1 -1 0.000000
265 -1 -1 -1 0.000000
266 -1 -1 -1 0.000000
270 -1 -1 -1 0.000000
272 -1 -1 -1 0.000000
275 -1 -1 -1 0.000000
276 -1 -1 -1 0.000000
281 -1 -1 -1 0.000000
284 -1 -1 -1 0.000000
285 -1 -1 -1 0.000000
286 -1 -1 -1 0.000000
287 -1 -1 -1 0.000000
290 -1 -1 -1 0.000000
296 -1 -1 -1 0.000000
297 -1 -1 -1 0.000000
299 -1 -1 -1 0.000000
301 -1 -1 -1 0.000000
302 -1 -1 -1 0.000000
303 -1 -1 -1 0.000000
304 -1 -1 -1 0.000000
305 -1 -1 -1 0.000000
307 -1 -1 -1 0.000000
309 -1 -1 -1 0.000000
310 -1 -1 -1 0.000000
313 -1 -1 -1 0.000000
314 -1 -1 -1 0.000000
317 -1 -1 -1 0.000000
318 -1 -1 -1 0.000000
322 -1 -1 -1 0.000000
325 -1 -1 -1 0.000000
329 -1 -1 -1 0.000000
331 -1 -1 -1 0.000000
334 -1 -1 -1 0.000000
335 -1 -1 -1 0.000000
337 -1 -1 -1 0.000000
341 -1 -1 -1 0.000000
342 -1 -1 -1 0.000000
343 -1 -1 -1 0.000000
344 -1 -1 -1 0.000000
346 -1 -1 -1 0.000000
347 -1 -1 -1 0.000000
348 -1 -1 -1 0.000000
349 -1 -1 -1 0.000000
350 -1 -1 -1 0.000000
352 -1 -1 -1 0.000000
353 -1 -1 -1 0.000000
358 -1 -1 -1 0.000000
359 -1 -1 -1 0.000000
361 -1 -1 -1 0.000000
363 -1 -1 -1 0.000000
364 -1 -1 -1 0.000000
370 -1 -1 -1 0.000000
371 -1 -1 -1 0.000000
372 -1 -1 -1 0.000000
374 -1 -1 -1 0.000000
377 -1 -1 -1 0.000000
378 -1 -1 -1 0.000000
381 -1 -1 -1 0.000000
382 -1 -1 -1 0.000000
383 -1 -1 -1 0.000000
384 -1 -1 -1 0.000000
386 -1 -1 -1 0.000000
390 -1 -1 -1 0.000000
391 -1 -1 -1 0.000000
392 -1 -1 -1 0.000000
395 -1 -1 -1 0.000000
396 -1 -1 -1 0.000000
397 -1 -1 -1 0.000000
399 -1 -1 -1 0.000000
400 -1 -1 -1 0.000000
401 -1 -1 -1 0.000000
402 -1 -1 -1 0.000000
410 -1 -1 -1 0.000000
411 -1 -1 -1 0.000000
412 -1 -1 -1 0.000000
416 -1 -1 -1 0.000000
417 -1 -1 -1 0.000000
418 -1 -1 -1 0.000000
420 -1 -1 -1 0.000000
421 -1 -1 -1 0.000000
424 -1 -1 -1 0.000000
426 -1 -1 -1 0.000000
427 -1 -1 -1 0.000000
428 -1 -1 -1 0.000000
429 -1 -1 -1 0.000000
430 -1 -1 -1 0.000000
431 -1 -1 -1 0.000000
435 -1 -1 -1 0.000000
436 -1 -1 -1 0.000000
438 -1 -1 -1 0.000000
441 -1 -1 -1 0.000000
443 -1 -1 -1 0.000000
444 -1 -1 -1 0.000000
445 -1 -1 -1 0.000000
448 -1 -1 -1 0.000000
450 -1 -1 -1 0.000000
451 -1 -1 -1 0.000000
454 -1 -1 -1 0.000000
455 -1 -1 -1 0.000000
456 -1 -1 -1 0.000000
457 -1 -1 -1 0.000000
459 -1 -1 -1 0.000000
462 -1 -1 -1 0.000000
463 -1 -1 -1 0.000000
466 -1 -1 -1 0.000000
470 -1 -1 -1 0.000000
471 -1 -1 -1 0.000000
475 -1 -1 -1 0.000000
476 -1 -1 -1 0.000000
479 -1 -1 -1 0.000000
480 -1 -1 -1 0.000000
482 -1 -1 -1 0.000000
487 -1 -1 -1 0.000000
490 -1 -1 -1 0.000000
491 -1 -1 -1 0.000000
493 -1 -1 -1 0.000000
494 -1 -1 -1 0.000000
497 -1 -1 -1 0.000000
499 -1 -1 -1 0.000000
500 -1 -1 -1 0.000000
505 -1 -1 -1 0.000000
507 -1 -1 -1 0.000000
508 -1 -1 -1 0.000000
509 -1 -1 -1 0.000000
510 -1 -1 -1 0.000000
511 -1 -1 -1 0.000000
512 -1 -1 -1 0.000000
516 -1 -1 -1 0.000000
518 -1 -1 -1 0.000000
520 -1 -1 -1 0.000000
521 -1 -1 -1 0.000000
522 -1 -1 -1 0.000000
524 -1 -1 -1 0.000000
526 -1 -1 -1 0.000000
527 -1 -1 -1 0.000000
529 -1 -1 -1 0.000000
530 -1 -1 -1 0.000000
532 -1 -1 -1 0.000000
