283 314 -1 -1 26.360448
306 314 -1 -1 19.715621
283 306 -1 -1 18.629279
283 306 314 -1 26.401368
296 306 -1 -1 17.541980
298 306 -1 -1 23.007031
296 298 -1 -1 20.597838
296 298 306 -1 23.968940
283 296 -1 -1 17.437518
283 296 306 -1 20.664284
295 301 -1 -1 19.091169
284 301 -1 -1 22.887451
284 295 -1 -1 10.409949
284 295 301 -1 23.078179
295 318 -1 -1 22.590359
301 318 -1 -1 22.818867
295 301 318 -1 25.024777
313 344 -1 -1 30.086103
298 313 -1 -1 32.071204
298 344 -1 -1 21.371154
298 313 344 -1 33.206206
285 313 -1 -1 24.267679
285 298 -1 -1 21.791742
285 298 313 -1 32.089019
344 364 -1 -1 11.809482
313 364 -1 -1 30.562117
313 344 364 -1 30.939120
275 285 -1 -1 18.911473
275 298 -1 -1 25.434032
275 285 298 -1 26.104726
275 296 -1 -1 23.501221
275 296 298 -1 27.050807
233 275 -1 -1 30.122854
233 253 -1 -1 20.551679
253 275 -1 -1 15.692989
233 253 275 -1 32.425695
265 296 -1 -1 17.369579
265 283 -1 -1 17.829693
265 283 296 -1 20.264074
238 265 -1 -1 20.906815
238 252 -1 -1 13.642764
252 265 -1 -1 17.325057
238 252 265 -1 21.020919
238 239 -1 -1 14.731495
239 252 -1 -1 12.208902
238 239 252 -1 15.756048
301 347 -1 -1 20.013520
336 347 -1 -1 13.054162
255 295 -1 -1 21.327725
255 284 -1 -1 17.985054
255 284 295 -1 21.368223
255 270 -1 -1 29.869113
232 255 -1 -1 21.423810
232 270 -1 -1 34.995681
232 255 270 -1 35.167745
306 333 -1 -1 22.161920
298 333 -1 -1 28.871657
298 306 333 -1 29.369148
333 344 -1 -1 19.739671
298 333 344 -1 28.874984
213 238 -1 -1 21.002394
238 253 -1 -1 24.673287
213 253 -1 -1 25.270585
213 238 253 -1 27.531057
213 233 -1 -1 26.345809
213 233 253 -1 28.160851
211 233 -1 -1 33.227358
309 313 -1 -1 27.803802
313 327 -1 -1 21.676746
309 327 -1 -1 10.679683
309 313 327 -1 30.460599
285 309 -1 -1 35.238257
285 309 313 -1 35.378969
309 318 -1 -1 20.381028
318 327 -1 -1 21.225400
309 318 327 -1 21.583076
242 270 -1 -1 29.027928
232 242 -1 -1 26.486428
232 242 270 -1 35.776240
211 242 -1 -1 24.064275
233 242 -1 -1 21.207062
211 233 242 -1 33.317981
549 582 -1 -1 22.171521
549 566 -1 -1 20.516342
566 582 -1 -1 20.569297
549 566 582 -1 24.400724
269 275 -1 -1 27.018107
269 285 -1 -1 21.034106
269 275 285 -1 27.123602
233 269 -1 -1 29.173617
233 269 275 -1 33.318601
242 269 -1 -1 25.593010
233 242 269 -1 30.004200
269 270 -1 -1 18.218009
242 269 270 -1 29.381732
269 309 -1 -1 30.041806
269 285 309 -1 35.356354
270 309 -1 -1 19.805625
269 270 309 -1 31.003608
256 275 -1 -1 17.560826
256 296 -1 -1 19.636764
256 275 296 -1 24.013366
256 265 -1 -1 13.789964
256 265 296 -1 20.138457
253 256 -1 -1 13.543151
253 256 275 -1 18.322778
238 256 -1 -1 20.415077
238 253 256 -1 24.676257
238 256 265 -1 21.928269
406 411 -1 -1 19.866435
411 427 -1 -1 17.172637
406 427 -1 -1 20.336913
406 411 427 -1 22.237157
406 432 -1 -1 25.281032
427 432 -1 -1 16.237332
406 427 432 -1 25.323228
386 406 -1 -1 23.309106
386 411 -1 -1 17.695790
386 406 411 -1 23.974518
382 406 -1 -1 22.369023
406 430 -1 -1 31.798866
382 430 -1 -1 25.516848
382 406 430 -1 32.041827
430 432 -1 -1 23.722965
406 430 432 -1 32.208711
257 272 -1 -1 25.276814
226 272 -1 -1 31.840409
226 257 -1 -1 23.034281
226 257 272 -1 32.128846
535 575 -1 -1 22.664869
535 571 -1 -1 22.401746
571 575 -1 -1 19.092643
535 571 575 -1 24.877542
575 601 -1 -1 16.074390
571 601 -1 -1 20.076190
571 575 601 -1 21.502977
274 301 -1 -1 27.345252
274 284 -1 -1 21.112219
274 284 301 -1 28.095201
567 588 -1 -1 26.579807
567 597 -1 -1 21.852711
588 597 -1 -1 20.269311
567 588 597 -1 27.158493
567 575 -1 -1 17.331925
545 567 -1 -1 19.935724
545 575 -1 -1 17.511133
545 567 575 -1 21.242343
344 368 -1 -1 16.603513
364 368 -1 -1 16.351703
344 364 368 -1 17.652756
333 368 -1 -1 14.769382
333 344 368 -1 20.200461
367 406 -1 -1 24.378341
367 382 -1 -1 24.128348
367 382 406 -1 27.334223
367 368 -1 -1 28.204295
368 382 -1 -1 21.804067
367 368 382 -1 29.122377
333 367 -1 -1 23.308816
333 367 368 -1 28.238842
314 340 -1 -1 16.865590
306 340 -1 -1 17.537229
306 314 340 -1 20.994356
333 340 -1 -1 9.268348
306 333 340 -1 23.235999
340 367 -1 -1 20.901957
333 340 367 -1 23.341532
210 239 -1 -1 16.132144
291 295 -1 -1 14.699648
291 318 -1 -1 18.799570
291 295 318 -1 22.720981
291 309 -1 -1 18.005568
291 309 318 -1 22.106915
270 291 -1 -1 19.258756
270 291 309 -1 22.015396
255 291 -1 -1 24.542095
255 291 295 -1 24.690470
255 270 291 -1 29.979512
228 242 -1 -1 22.539091
228 232 -1 -1 14.880923
228 232 242 -1 26.509403
211 228 -1 -1 15.549615
211 228 242 -1 24.811349
582 602 -1 -1 19.315783
566 602 -1 -1 21.564468
566 582 602 -1 23.722879
411 444 -1 -1 23.813964
427 444 -1 -1 14.357366
411 427 444 -1 24.030656
432 444 -1 -1 25.431258
427 432 444 -1 27.488125
535 540 -1 -1 14.019622
540 571 -1 -1 21.686500
535 540 571 -1 23.275178
432 461 -1 -1 27.241793
430 461 -1 -1 23.178785
430 432 461 -1 28.810338
459 461 -1 -1 21.379331
430 459 -1 -1 26.600737
430 459 461 -1 27.789120
538 549 -1 -1 25.576819
538 566 -1 -1 16.932918
538 549 566 -1 25.652896
219 222 -1 -1 19.639291
222 257 -1 -1 25.295405
222 226 -1 -1 20.907593
222 226 257 -1 26.901763
218 226 -1 -1 24.576933
281 314 -1 -1 22.628624
281 283 -1 -1 20.346998
281 283 314 -1 27.232616
218 243 -1 -1 20.457718
226 243 -1 -1 22.320862
218 226 243 -1 26.158194
243 272 -1 -1 28.522418
226 243 272 -1 32.749572
210 243 -1 -1 27.450853
210 218 -1 -1 19.502782
210 218 243 -1 27.495248
239 243 -1 -1 29.884554
210 239 243 -1 30.166030
240 268 -1 -1 18.901995
347 375 -1 -1 30.373838
336 375 -1 -1 23.850444
336 347 375 -1 31.782257
318 346 -1 -1 27.347456
301 346 -1 -1 30.749095
301 318 346 -1 31.834169
346 347 -1 -1 18.839682
301 346 347 -1 31.774546
346 375 -1 -1 36.050648
346 347 375 -1 36.057399
346 396 -1 -1 31.303728
375 396 -1 -1 25.023314
346 375 396 -1 36.760748
374 406 -1 -1 19.734579
374 386 -1 -1 10.334534
374 386 406 -1 23.465792
367 374 -1 -1 13.526418
367 374 406 -1 24.398851
370 374 -1 -1 14.077579
370 386 -1 -1 11.286206
370 374 386 -1 14.248296
358 367 -1 -1 13.545880
358 374 -1 -1 16.549671
358 367 374 -1 17.104312
348 367 -1 -1 12.424967
348 358 -1 -1 7.796555
348 358 367 -1 13.730626
340 348 -1 -1 13.432061
340 348 367 -1 21.954073
314 348 -1 -1 14.342259
314 358 -1 -1 17.127616
314 348 358 -1 17.252581
314 340 348 -1 17.485370
259 274 -1 -1 21.917481
255 259 -1 -1 24.580496
259 284 -1 -1 22.531852
255 259 284 -1 25.604811
259 274 284 -1 25.261161
444 469 -1 -1 18.064308
432 469 -1 -1 31.753784
432 444 469 -1 31.777158
449 469 -1 -1 24.038600
449 464 -1 -1 11.844698
464 469 -1 -1 25.420659
449 464 469 -1 25.625975
444 449 -1 -1 16.961535
444 449 469 -1 24.080557
426 444 -1 -1 18.342276
411 426 -1 -1 20.003341
411 426 444 -1 24.475596
426 449 -1 -1 13.443806
426 444 449 -1 19.162371
540 558 -1 -1 19.521857
558 571 -1 -1 21.775860
540 558 571 -1 24.322982
521 540 -1 -1 17.503653
521 558 -1 -1 24.065740
521 540 558 -1 24.373855
506 538 -1 -1 26.561575
247 281 -1 -1 28.856116
247 272 -1 -1 33.636110
272 281 -1 -1 22.846792
247 272 281 -1 34.128930
243 247 -1 -1 18.718174
243 247 272 -1 33.651711
247 283 -1 -1 25.250258
247 281 283 -1 29.534082
247 265 -1 -1 22.690501
247 265 283 -1 26.018600
247 252 -1 -1 14.084412
247 252 265 -1 22.703215
239 247 -1 -1 22.177706
239 247 252 -1 24.436881
239 243 247 -1 29.940797
222 237 -1 -1 16.896563
219 237 -1 -1 13.626092
219 222 237 -1 19.986546
237 240 -1 -1 14.736595
419 438 -1 -1 16.910174
438 457 -1 -1 15.770544
419 457 -1 -1 19.402406
419 438 457 -1 20.316797
588 603 -1 -1 16.809385
557 603 -1 -1 23.912015
585 603 -1 -1 16.958608
557 585 -1 -1 21.373583
557 585 603 -1 24.620360
557 588 -1 -1 18.885110
557 588 603 -1 24.047981
313 361 -1 -1 25.001893
361 364 -1 -1 14.709513
313 361 364 -1 30.807119
346 398 -1 -1 29.577182
396 398 -1 -1 23.345537
346 396 398 -1 33.023963
398 437 -1 -1 24.156675
396 437 -1 -1 31.337435
396 398 437 -1 31.605260
318 339 -1 -1 18.908790
327 339 -1 -1 18.590970
318 327 339 -1 22.744710
339 346 -1 -1 22.943468
318 339 346 -1 27.690030
375 429 -1 -1 30.148611
396 429 -1 -1 17.405228
375 396 429 -1 30.156696
515 542 -1 -1 34.665549
489 515 -1 -1 29.157528
489 542 -1 -1 35.440443
489 515 542 -1 38.553783
542 557 -1 -1 19.380289
515 557 -1 -1 25.450719
515 542 557 -1 35.246476
542 567 -1 -1 23.127684
542 545 -1 -1 27.884440
542 545 567 -1 28.285746
542 588 -1 -1 24.560015
542 567 588 -1 28.734286
542 557 588 -1 24.950817
351 374 -1 -1 13.585780
351 370 -1 -1 8.807937
351 370 374 -1 14.609214
351 358 -1 -1 8.118670
351 358 374 -1 16.643617
582 598 -1 -1 18.693576
522 533 -1 -1 13.304052
522 549 -1 -1 25.695069
533 549 -1 -1 25.439265
522 533 549 -1 26.483325
533 565 -1 -1 19.891792
549 565 -1 -1 18.159499
533 549 565 -1 25.589984
565 582 -1 -1 19.928196
549 565 582 -1 23.445368
565 598 -1 -1 18.265661
565 582 598 -1 21.944675
578 598 -1 -1 20.809326
469 504 -1 -1 19.944933
469 500 -1 -1 27.612480
500 504 -1 -1 16.509554
469 500 504 -1 27.886427
469 479 -1 -1 26.249145
464 479 -1 -1 13.042644
464 469 479 -1 26.746663
479 500 -1 -1 15.978381
469 479 500 -1 28.285346
400 426 -1 -1 15.821729
400 411 -1 -1 19.620234
400 411 426 -1 21.613563
386 400 -1 -1 25.275317
386 400 411 -1 25.367842
414 419 -1 -1 16.144349
392 414 -1 -1 20.257357
392 419 -1 -1 21.264348
392 414 419 -1 22.564619
414 433 -1 -1 18.086641
414 457 -1 -1 22.779159
433 457 -1 -1 17.871094
414 433 457 -1 23.236395
414 419 457 -1 23.195782
433 466 -1 -1 17.754968
457 466 -1 -1 17.380056
433 457 466 -1 20.406279
458 466 -1 -1 15.534183
433 458 -1 -1 14.484117
433 458 466 -1 18.624070
400 418 -1 -1 20.368069
400 409 -1 -1 12.862568
409 418 -1 -1 12.486583
400 409 418 -1 21.289896
418 426 -1 -1 22.885637
400 418 426 -1 23.457391
414 418 -1 -1 18.425674
418 433 -1 -1 19.454766
414 418 433 -1 21.575090
369 400 -1 -1 21.128881
369 409 -1 -1 16.325890
369 400 409 -1 21.141397
558 578 -1 -1 19.031626
558 559 -1 -1 16.211249
521 559 -1 -1 21.255450
521 558 559 -1 24.544404
559 578 -1 -1 21.970423
558 559 578 -1 22.579095
505 543 -1 -1 20.512749
505 535 -1 -1 23.350023
535 543 -1 -1 8.702182
505 535 543 -1 23.570557
543 575 -1 -1 20.638104
543 545 -1 -1 10.723136
543 545 575 -1 20.639461
535 543 575 -1 22.677606
461 494 -1 -1 18.503944
459 494 -1 -1 23.098321
459 461 494 -1 24.525217
494 505 -1 -1 16.351990
461 505 -1 -1 26.679182
461 494 505 -1 27.066394
499 504 -1 -1 15.151475
504 521 -1 -1 19.028177
499 521 -1 -1 20.156231
499 504 521 -1 21.286132
469 499 -1 -1 19.434014
469 499 504 -1 21.340209
508 540 -1 -1 21.798155
508 535 -1 -1 24.194682
508 535 540 -1 24.439682
505 508 -1 -1 20.872979
505 508 535 -1 26.471793
508 521 -1 -1 19.838464
508 521 540 -1 23.038270
499 508 -1 -1 15.606332
499 508 521 -1 21.722243
513 538 -1 -1 28.803324
513 549 -1 -1 20.364216
513 538 549 -1 29.594394
506 513 -1 -1 22.596268
506 513 538 -1 30.423274
495 513 -1 -1 18.385406
495 506 -1 -1 19.611396
495 506 513 -1 23.641364
513 522 -1 -1 18.348214
513 522 549 -1 25.888246
438 474 -1 -1 21.930397
457 474 -1 -1 16.654494
438 457 474 -1 22.011818
474 506 -1 -1 22.504478
474 495 -1 -1 17.431771
474 495 506 -1 23.347031
466 474 -1 -1 17.769663
457 466 474 -1 19.960291
466 495 -1 -1 18.279853
466 474 495 -1 20.596978
382 421 -1 -1 32.326839
421 430 -1 -1 20.116319
382 421 430 -1 32.328612
421 459 -1 -1 21.744453
421 430 459 -1 27.116960
398 423 -1 -1 26.179679
393 398 -1 -1 28.936879
393 423 -1 -1 29.298598
393 398 423 -1 32.599164
423 437 -1 -1 16.660967
398 423 437 -1 26.826977
497 515 -1 -1 24.553621
489 497 -1 -1 29.753132
489 497 515 -1 32.410296
465 497 -1 -1 25.550178
465 489 -1 -1 21.007371
465 489 497 -1 30.332860
313 337 -1 -1 17.963510
327 337 -1 -1 13.105026
313 327 337 -1 21.706270
337 339 -1 -1 17.212709
327 337 339 -1 19.315384
337 361 -1 -1 29.129487
313 337 361 -1 29.308970
429 456 -1 -1 11.361587
429 445 -1 -1 22.813991
445 456 -1 -1 17.638080
429 445 456 -1 23.286031
437 445 -1 -1 19.171622
437 476 -1 -1 25.327411
445 476 -1 -1 21.418925
437 445 476 -1 25.994360
396 445 -1 -1 31.904569
396 437 445 -1 33.194300
396 429 445 -1 32.906526
445 480 -1 -1 20.717132
476 480 -1 -1 23.704342
445 476 480 -1 25.486994
456 480 -1 -1 25.440263
445 456 480 -1 25.649213
510 537 -1 -1 19.783998
537 550 -1 -1 23.353824
510 550 -1 -1 25.028358
510 537 550 -1 26.572224
537 583 -1 -1 24.925585
550 583 -1 -1 21.233305
537 550 583 -1 26.924150
583 595 -1 -1 15.645886
555 557 -1 -1 30.520419
555 585 -1 -1 22.260862
555 557 585 -1 30.527769
515 555 -1 -1 21.941078
515 555 557 -1 31.009913
230 255 -1 -1 31.296758
230 232 -1 -1 32.598223
230 232 255 -1 33.959137
230 259 -1 -1 17.828600
230 255 259 -1 31.364154
507 513 -1 -1 18.997711
495 507 -1 -1 18.420086
495 507 513 -1 21.486275
507 522 -1 -1 13.191851
507 513 522 -1 19.977854
500 522 -1 -1 16.269906
500 507 -1 -1 14.867133
500 507 522 -1 17.250202
479 507 -1 -1 16.940858
479 500 507 -1 18.471161
458 485 -1 -1 13.249554
466 485 -1 -1 12.149309
458 466 485 -1 16.061879
485 507 -1 -1 17.259447
479 485 -1 -1 10.862156
479 485 507 -1 18.040082
464 485 -1 -1 16.070762
464 479 485 -1 16.160556
458 464 -1 -1 9.592971
458 464 485 -1 16.081542
485 495 -1 -1 19.708130
466 485 495 -1 20.158331
485 495 507 -1 21.415336
426 428 -1 -1 15.808373
428 449 -1 -1 14.584229
426 428 449 -1 16.987195
418 428 -1 -1 13.848154
418 426 428 -1 23.298672
428 464 -1 -1 18.291974
428 449 464 -1 18.317972
428 458 -1 -1 15.992419
428 458 464 -1 18.308890
428 433 -1 -1 15.972512
428 433 458 -1 17.928690
418 428 433 -1 19.691604
401 418 -1 -1 13.867760
401 409 -1 -1 11.320087
401 409 418 -1 14.661301
401 414 -1 -1 20.198762
401 414 418 -1 20.819184
369 401 -1 -1 19.873578
369 401 409 -1 19.873583
281 303 -1 -1 30.267275
272 303 -1 -1 20.299743
272 281 303 -1 30.272942
303 316 -1 -1 16.827623
281 316 -1 -1 29.204017
281 303 316 -1 31.054756
281 334 -1 -1 29.939681
314 334 -1 -1 19.117800
281 314 334 -1 29.946781
316 334 -1 -1 15.791931
281 316 334 -1 30.714534
334 358 -1 -1 13.069053
314 334 358 -1 19.599723
334 351 -1 -1 10.682807
334 351 358 -1 13.087615
334 370 -1 -1 15.242163
334 351 370 -1 15.610172
316 370 -1 -1 24.682754
316 334 370 -1 25.597270
316 360 -1 -1 25.951660
360 370 -1 -1 10.998132
316 360 370 -1 26.094392
360 386 -1 -1 14.295466
360 370 386 -1 14.525185
360 400 -1 -1 23.386041
360 386 400 -1 25.640372
360 369 -1 -1 19.046272
360 369 400 -1 24.736346
303 331 -1 -1 25.134127
303 311 -1 -1 20.777191
311 331 -1 -1 20.387993
303 311 331 -1 25.990090
316 331 -1 -1 19.267325
303 316 331 -1 25.149507
331 360 -1 -1 22.151745
331 369 -1 -1 18.452683
331 360 369 -1 23.239832
316 331 360 -1 26.608118
240 258 -1 -1 23.231335
258 268 -1 -1 24.490021
240 258 268 -1 26.025731
237 258 -1 -1 22.251379
237 240 258 -1 24.080218
222 258 -1 -1 29.122978
257 258 -1 -1 19.494631
222 257 258 -1 29.574881
222 237 258 -1 29.241137
352 392 -1 -1 18.655816
328 352 -1 -1 15.793668
524 559 -1 -1 15.345565
521 524 -1 -1 15.302786
521 524 559 -1 21.270848
524 533 -1 -1 16.086011
533 559 -1 -1 17.688494
524 533 559 -1 19.018249
504 524 -1 -1 16.666219
504 521 524 -1 19.906789
500 524 -1 -1 20.168071
500 504 524 -1 20.891666
522 524 -1 -1 22.862956
500 522 524 -1 23.473864
522 524 533 -1 23.349916
559 564 -1 -1 16.985227
564 578 -1 -1 14.791147
559 564 578 -1 21.996751
564 598 -1 -1 17.158011
564 578 598 -1 21.073703
564 565 -1 -1 12.208957
564 565 598 -1 18.927493
533 564 -1 -1 21.796324
533 564 565 -1 22.024016
533 559 564 -1 22.294374
490 494 -1 -1 15.462892
459 490 -1 -1 17.542994
459 490 494 -1 23.105291
465 490 -1 -1 31.607489
489 490 -1 -1 21.813930
465 489 490 -1 31.734375
516 542 -1 -1 22.656801
516 545 -1 -1 21.220269
516 542 545 -1 28.421751
494 516 -1 -1 23.056404
505 516 -1 -1 24.694752
494 505 516 -1 25.510465
490 516 -1 -1 24.152320
490 494 516 -1 25.031975
516 543 -1 -1 26.419759
516 543 545 -1 27.620356
505 516 543 -1 27.969984
489 516 -1 -1 28.991087
489 516 542 -1 35.539042
489 490 516 -1 29.636441
469 477 -1 -1 27.280727
432 477 -1 -1 22.303809
432 469 477 -1 32.354414
477 499 -1 -1 19.574788
469 477 499 -1 27.287234
461 477 -1 -1 20.860399
432 461 477 -1 27.831257
477 508 -1 -1 21.108486
477 499 508 -1 22.102434
477 505 -1 -1 27.877933
461 477 505 -1 29.556394
477 505 508 -1 28.074411
361 389 -1 -1 23.839548
364 389 -1 -1 16.899377
361 364 389 -1 24.054829
368 389 -1 -1 16.987429
364 368 389 -1 19.344705
382 389 -1 -1 22.006441
368 382 389 -1 23.765634
389 421 -1 -1 26.428376
382 389 421 -1 32.555825
421 446 -1 -1 23.516197
446 459 -1 -1 20.010828
421 446 459 -1 25.290863
446 490 -1 -1 27.998828
446 459 490 -1 28.163199
446 465 -1 -1 20.461525
446 465 490 -1 32.118496
478 497 -1 -1 16.172492
465 478 -1 -1 22.275285
465 478 497 -1 25.825504
476 497 -1 -1 19.904177
476 478 -1 -1 16.371697
476 478 497 -1 20.567555
437 478 -1 -1 23.226710
437 476 478 -1 25.953463
423 478 -1 -1 22.527765
423 437 478 -1 24.579567
337 376 -1 -1 19.009009
339 376 -1 -1 19.257636
337 339 376 -1 21.424240
376 398 -1 -1 28.412935
376 393 -1 -1 16.328300
376 393 398 -1 29.925843
361 376 -1 -1 30.744885
361 393 -1 -1 28.520540
361 376 393 -1 31.071975
337 361 376 -1 31.662057
346 376 -1 -1 33.516840
346 376 398 -1 35.537915
339 346 376 -1 34.671142
497 509 -1 -1 23.574820
476 509 -1 -1 23.289216
476 497 509 -1 25.884172
509 515 -1 -1 29.501777
497 509 515 -1 30.461420
509 555 -1 -1 27.522870
509 515 555 -1 30.979494
509 510 -1 -1 26.408053
509 537 -1 -1 18.891875
509 510 537 -1 26.469547
480 509 -1 -1 29.303189
476 480 509 -1 30.056257
480 510 -1 -1 22.833526
480 509 510 -1 30.703731
556 583 -1 -1 18.066561
537 556 -1 -1 15.423809
537 556 583 -1 25.056940
509 556 -1 -1 27.366615
509 537 556 -1 28.377144
555 556 -1 -1 13.992215
509 555 556 -1 28.383947
257 288 -1 -1 19.488391
272 288 -1 -1 19.943299
257 272 288 -1 25.688551
331 341 -1 -1 13.627311
311 341 -1 -1 17.843896
311 331 341 -1 20.733694
341 369 -1 -1 19.526764
331 341 369 -1 20.391593
268 277 -1 -1 22.256065
258 277 -1 -1 22.967817
258 268 277 -1 26.901828
277 297 -1 -1 16.099417
258 297 -1 -1 23.641012
258 277 297 -1 24.849436
422 423 -1 -1 19.608429
393 422 -1 -1 18.828176
393 422 423 -1 29.689449
583 584 -1 -1 25.019375
584 595 -1 -1 19.665134
583 584 595 -1 25.020390
556 584 -1 -1 21.279653
556 583 584 -1 25.531668
584 585 -1 -1 14.946057
555 584 -1 -1 20.637070
555 584 585 -1 22.986018
555 556 584 -1 22.251928
300 303 -1 -1 8.423123
300 311 -1 -1 20.336901
300 303 311 -1 21.028875
288 300 -1 -1 5.879645
288 311 -1 -1 21.090086
288 300 311 -1 21.092178
272 300 -1 -1 18.243405
272 300 303 -1 20.307165
272 288 300 -1 20.145830
258 286 -1 -1 20.508406
286 297 -1 -1 12.468325
258 286 297 -1 23.654326
297 311 -1 -1 15.585798
286 311 -1 -1 20.612706
286 297 311 -1 20.660815
286 288 -1 -1 9.721428
286 288 311 -1 21.465216
257 286 -1 -1 18.054602
257 258 286 -1 22.435264
257 286 288 -1 19.620569
297 322 -1 -1 19.612946
311 322 -1 -1 20.631372
297 311 322 -1 21.858095
277 322 -1 -1 20.106315
277 297 322 -1 21.731067
322 328 -1 -1 15.463337
371 401 -1 -1 16.848671
369 371 -1 -1 17.388171
369 371 401 -1 21.025319
341 371 -1 -1 15.498147
341 369 371 -1 20.464059
361 399 -1 -1 23.238340
393 399 -1 -1 24.318578
361 393 399 -1 29.721098
399 422 -1 -1 22.224161
393 399 422 -1 25.553535
389 399 -1 -1 22.409482
361 389 399 -1 26.771086
399 421 -1 -1 22.686169
389 399 421 -1 27.827894
399 446 -1 -1 29.893188
399 421 446 -1 30.299122
422 446 -1 -1 24.355002
399 422 446 -1 30.382372
422 454 -1 -1 18.288181
423 454 -1 -1 15.590694
422 423 454 -1 20.838704
454 478 -1 -1 20.403720
454 465 -1 -1 14.936404
454 465 478 -1 22.916912
423 454 478 -1 23.198504
446 454 -1 -1 22.094963
446 454 465 -1 22.827289
422 446 454 -1 25.400546
338 371 -1 -1 17.756558
338 352 -1 -1 16.571417
352 371 -1 -1 20.539076
338 352 371 -1 21.431473
338 341 -1 -1 15.705052
338 341 371 -1 18.973703
328 338 -1 -1 16.134094
328 338 352 -1 18.678333
322 338 -1 -1 13.074216
322 328 338 -1 17.369045
311 338 -1 -1 23.381114
311 338 341 -1 23.393692
311 322 338 -1 23.481830
371 379 -1 -1 12.736771
379 401 -1 -1 15.414099
371 379 401 -1 17.635001
379 414 -1 -1 23.660602
379 392 -1 -1 14.010618
379 392 414 -1 23.741549
379 401 414 -1 23.888246
352 379 -1 -1 15.522037
352 379 392 -1 19.060884
352 371 379 -1 20.562071
210 -1 -1 -1 0.000000
211 -1 -1 -1 0.000000
213 -1 -1 -1 0.000000
218 -1 -1 -1 0.000000
219 -1 -1 -1 0.000000
222 -1 -1 -1 0.000000
226 -1 -1 -1 0.000000
228 -1 -1 -1 0.000000
230 -1 -1 -1 0.000000
232 -1 -1 -1 0.000000
233 -1 -1 -1 0.000000
237 -1 -1 -1 0.000000
238 -1 -1 -1 0.000000
239 -1 -1 -1 0.000000
240 -1 -1 -1 0.000000
242 -1 -1 -1 0.000000
243 -1 -1 -1 0.000000
247 -1 -1 -1 0.000000
252 -1 -1 -1 0.000000
253 -1 -1 -1 0.000000
255 -1 -1 -1 0.000000
256 -1 -1 -1 0.000000
257 -1 -1 -1 0.000000
258 -1 -1 -1 0.000000
259 -1 -1 -1 0.000000
265 -1 -1 -1 0.000000
268 -1 -1 -1 0.000000
269 -1 -1 -1 0.000000
270 -1 -1 -1 0.000000
272 -1 -1 -1 0.000000
274 -1 -1 -1 0.000000
275 -1 -1 -1 0.000000
277 -1 -1 -1 0.000000
281 -1 -1 -1 0.000000
283 -1 -1 -1 0.000000
284 -1 -1 -1 0.000000
285 -1 -1 -1 0.000000
286 -1 -1 -1 0.000000
288 -1 -1 -1 0.000000
291 -1 -1 -1 0.000000
295 -1 -1 -1 0.000000
296 -1 -1 -1 0.000000
297 -1 -1 -1 0.000000
298 -1 -1 -1 0.000000
300 -1 -1 -1 0.000000
301 -1 -1 -1 0.000000
303 -1 -1 -1 0.000000
306 -1 -1 -1 0.000000
309 -1 -1 -1 0.000000
311 -1 -1 -1 0.000000
313 -1 -1 -1 0.000000
314 -1 -1 -1 0.000000
316 -1 -1 -1 0.000000
318 -1 -1 -1 0.000000
322 -1 -1 -1 0.000000
327 -1 -1 -1 0.000000
328 -1 -1 -1 0.000000
331 -1 -1 -1 0.000000
333 -1 -1 -1 0.000000
334 -1 -1 -1 0.000000
336 -1 -1 -1 0.000000
337 -1 -1 -1 0.000000
338 -1 -1 -1 0.000000
339 -1 -1 -1 0.000000
340 -1 -1 -1 0.000000
341 -1 -1 -1 0.000000
344 -1 -1 -1 0.000000
346 -1 -1 -1 0.000000
347 -1 -1 -1 0.000000
348 -1 -1 -1 0.000000
351 -1 -1 -1 0.000000
352 -1 -1 -1 0.000000
358 -1 -1 -1 0.000000
360 -1 -1 -1 0.000000
361 -1 -1 -1 0.000000
364 -1 -1 -1 0.000000
367 -1 -1 -1 0.000000
368 -1 -1 -1 0.000000
369 -1 -1 -1 0.000000
370 -1 -1 -1 0.000000
371 -1 -1 -1 0.000000
374 -1 -1 -1 0.000000
375 -1 -1 -1 0.000000
376 -1 -1 -1 0.000000
379 -1 -1 -1 0.000000
382 -1 -1 -1 0.000000
386 -1 -1 -1 0.000000
389 -1 -1 -1 0.000000
392 -1 -1 -1 0.000000
393 -1 -1 -1 0.000000
396 -1 -1 -1 0.000000
398 -1 -1 -1 0.000000
399 -1 -1 -1 0.000000
400 -1 -1 -1 0.000000
401 -1 -1 -1 0.000000
406 -1 -1 -1 0.000000
409 -1 -1 -1 0.000000
411 -1 -1 -1 0.000000
414 -1 -1 -1 0.000000
418 -1 -1 -1 0.000000
419 -1 -1 -1 0.000000
421 -1 -1 -1 0.000000
422 -1 -1 -1 0.000000
423 -1 -1 -1 0.000000
426 -1 -1 -1 0.000000
427 -1 -1 -1 0.000000
428 -1 -1 -1 0.000000
429 -1 -1 -1 0.000000
430 -1 -1 -1 0.000000
432 -1 -1 -1 0.000000
433 -1 -1 -1 0.000000
437 -1 -1 -1 0.000000
438 -1 -1 -1 0.000000
444 -1 -1 -1 0.000000
445 -1 -1 -1 0.000000
446 -1 -1 -1 0.000000
449 -1 -1 -1 0.000000
454 -1 -1 -1 0.000000
456 -1 -1 -1 0.000000
457 -1 -1 -1 0.000000
458 -1 -1 -1 0.000000
459 -1 -1 -1 0.000000
461 -1 -1 -1 0.000000
464 -1 -1 -1 0.000000
465 -1 -1 -1 0.000000
466 -1 -1 -1 0.000000
469 -1 -1 -1 0.000000
474 -1 -1 -1 0.000000
476 -1 -1 -1 0.000000
477 -1 -1 -1 0.000000
478 -1 -1 -1 0.000000
479 -1 -1 -1 0.000000
480 -1 -1 -1 0.000000
485 -1 -1 -1 0.000000
489 -1 -1 -1 0.000000
490 -1 -1 -1 0.000000
494 -1 -1 -1 0.000000
495 -1 -1 -1 0.000000
497 -1 -1 -1 0.000000
499 -1 -1 -1 0.000000
500 -1 -1 -1 0.000000
504 -1 -1 -1 0.000000
505 -1 -1 -1 0.000000
506 -1 -1 -1 0.000000
507 -1 -1 -1 0.000000
508 -1 -1 -1 0.000000
509 -1 -1 -1 0.000000
510 -1 -1 -1 0.000000
513 -1 -1 -1 0.000000
515 -1 -1 -1 0.000000
516 -1 -1 -1 0.000000
521 -1 -1 -1 0.000000
522 -1 -1 -1 0.000000
524 -1 -1 -1 0.000000
533 -1 -1 -1 0.000000
535 -1 -1 -1 0.000000
537 -1 -1 -1 0.000000
538 -1 -1 -1 0.000000
540 -1 -1 -1 0.000000
542 -1 -1 -1 0.000000
543 -1 -1 -1 0.000000
545 -1 -1 -1 0.000000
549 -1 -1 -1 0.000000
550 -1 -1 -1 0.000000
555 -1 -1 -1 0.000000
556 -1 -1 -1 0.000000
557 -1 -1 -1 0.000000
558 -1 -1 -1 0.000000
559 -1 -1 -1 0.000000
564 -1 -1 -1 0.000000
565 -1 -1 -1 0.000000
566 -1 -1 -1 0.000000
567 -1 -1 -1 0.000000
571 -1 -1 -1 0.000000
575 -1 -1 -1 0.000000
578 -1 -1 -1 0.000000
582 -1 -1 -1 0.000000
583 -1 -1 -1 0.000000
584 -1 -1 -1 0.000000
585 -1 -1 -1 0.000000
588 -1 -1 -1 0.000000
595 -1 -1 -1 0.000000
597 -1 -1 -1 0.000000
598 -1 -1 -1 0.000000
601 -1 -1 -1 0.000000
602 -1 -1 -1 0.000000
603 -1 -1 -1 0.000000
