227 252 -1 -1 19.609996
578 624 -1 -1 24.549545
578 582 -1 -1 22.704375
582 624 -1 -1 20.482743
578 582 624 -1 26.284924
556 578 -1 -1 20.995532
556 582 -1 -1 17.123050
556 578 582 -1 23.831666
530 578 -1 -1 29.507992
530 556 -1 -1 22.593043
530 556 578 -1 29.614894
619 624 -1 -1 31.212074
578 619 -1 -1 24.077105
578 619 624 -1 31.707662
583 619 -1 -1 18.397168
578 583 -1 -1 19.286347
578 583 619 -1 24.496256
396 423 -1 -1 18.502483
310 336 -1 -1 19.268776
292 336 -1 -1 22.220664
292 310 -1 -1 27.802340
292 310 336 -1 27.964455
245 273 -1 -1 19.440116
245 252 -1 -1 14.357987
252 273 -1 -1 19.604256
245 252 273 -1 20.994166
246 273 -1 -1 26.697157
245 246 -1 -1 20.604745
245 246 273 -1 26.866232
334 374 -1 -1 20.779345
334 361 -1 -1 17.792189
361 374 -1 -1 9.828830
334 361 374 -1 20.808834
373 374 -1 -1 6.862403
334 373 -1 -1 23.305324
334 373 374 -1 23.920537
250 264 -1 -1 38.843838
250 251 -1 -1 33.196677
251 264 -1 -1 31.719666
250 251 264 -1 40.519181
260 264 -1 -1 34.120945
260 304 -1 -1 31.587900
264 304 -1 -1 32.601293
260 264 304 -1 37.898672
264 348 -1 -1 33.574902
304 348 -1 -1 27.410689
264 304 348 -1 36.368340
404 431 -1 -1 23.029744
404 442 -1 -1 21.408985
431 442 -1 -1 13.333910
404 431 442 -1 23.435407
339 356 -1 -1 19.156574
339 378 -1 -1 30.825810
356 378 -1 -1 27.477529
339 356 378 -1 31.244456
356 401 -1 -1 24.203839
378 401 -1 -1 18.025976
356 378 401 -1 27.925957
401 431 -1 -1 19.153443
431 433 -1 -1 13.663703
401 433 -1 -1 17.593503
401 431 433 -1 19.886965
401 404 -1 -1 26.454409
378 404 -1 -1 23.928666
378 401 404 -1 27.177567
401 404 431 -1 27.142537
364 413 -1 -1 26.922797
385 413 -1 -1 28.956345
364 385 -1 -1 20.420924
364 385 413 -1 30.125696
364 388 -1 -1 18.265470
388 413 -1 -1 19.693326
364 388 413 -1 26.923094
325 336 -1 -1 20.431469
292 325 -1 -1 15.106729
292 325 336 -1 22.925578
392 413 -1 -1 27.096579
388 392 -1 -1 22.579021
388 392 413 -1 27.565965
334 359 -1 -1 22.786467
320 359 -1 -1 23.743420
320 334 -1 -1 18.254500
320 334 359 -1 25.316775
359 373 -1 -1 13.871985
334 359 373 -1 24.180216
355 364 -1 -1 20.212487
355 388 -1 -1 17.563899
355 364 388 -1 21.701519
556 559 -1 -1 15.070660
559 582 -1 -1 21.852835
556 559 582 -1 21.928285
553 578 -1 -1 22.687271
530 553 -1 -1 18.964421
530 553 578 -1 29.508256
553 583 -1 -1 16.244567
553 578 583 -1 23.123501
404 434 -1 -1 23.588991
434 442 -1 -1 24.810482
404 434 442 -1 27.009914
434 478 -1 -1 26.759062
434 457 -1 -1 19.421804
457 478 -1 -1 19.544314
434 457 478 -1 26.802369
413 432 -1 -1 27.044315
385 432 -1 -1 20.394168
385 413 432 -1 30.162704
432 434 -1 -1 25.789635
432 457 -1 -1 19.630124
432 434 457 -1 26.002837
618 626 -1 -1 13.665492
401 417 -1 -1 15.761731
417 433 -1 -1 11.471948
401 417 433 -1 17.937726
356 417 -1 -1 25.837586
406 417 -1 -1 15.761198
356 406 -1 -1 22.973382
356 406 417 -1 26.133172
356 401 417 -1 26.477074
396 426 -1 -1 22.622480
396 406 -1 -1 21.728906
406 426 -1 -1 17.801594
396 406 426 -1 24.232284
417 426 -1 -1 25.717454
406 417 426 -1 26.102882
423 426 -1 -1 21.856261
396 423 426 -1 24.469492
493 502 -1 -1 16.320511
472 493 -1 -1 24.568194
472 502 -1 -1 14.216189
472 493 502 -1 25.681357
455 459 -1 -1 21.477318
459 472 -1 -1 17.983641
455 472 -1 -1 17.526689
455 459 472 -1 22.296670
455 493 -1 -1 26.865393
455 472 493 -1 27.536941
426 455 -1 -1 23.168366
426 459 -1 -1 11.306565
426 455 459 -1 23.304091
423 455 -1 -1 21.619850
423 426 455 -1 25.690243
329 359 -1 -1 24.325992
320 329 -1 -1 18.491495
320 329 359 -1 26.047501
359 367 -1 -1 20.796029
329 367 -1 -1 15.458857
329 359 367 -1 24.515048
227 241 -1 -1 22.815356
454 468 -1 -1 27.839635
411 468 -1 -1 33.579759
411 454 -1 -1 21.018402
411 454 468 -1 33.677768
454 490 -1 -1 26.595019
454 479 -1 -1 15.834638
479 490 -1 -1 18.802647
454 479 490 -1 27.002195
468 490 -1 -1 20.443679
454 468 490 -1 29.406292
233 251 -1 -1 20.248698
224 251 -1 -1 19.991364
224 250 -1 -1 23.747731
224 250 251 -1 33.555104
349 396 -1 -1 24.574376
349 406 -1 -1 25.078038
349 396 406 -1 27.615027
349 356 -1 -1 19.222979
349 356 406 -1 26.322778
339 349 -1 -1 27.897356
339 349 356 -1 27.942321
315 349 -1 -1 28.878092
315 339 -1 -1 31.707011
315 339 349 -1 34.227657
337 339 -1 -1 20.774904
331 339 -1 -1 14.744263
331 337 -1 -1 16.426905
331 337 339 -1 20.913320
337 378 -1 -1 20.939359
337 339 378 -1 30.957544
264 337 -1 -1 33.505347
264 331 -1 -1 29.928742
264 331 337 -1 33.537379
337 348 -1 -1 18.888099
264 337 348 -1 34.954603
379 404 -1 -1 19.919571
378 379 -1 -1 24.571902
378 379 404 -1 26.606218
364 368 -1 -1 15.754472
368 385 -1 -1 18.227455
364 368 385 -1 21.301553
260 284 -1 -1 25.477334
284 304 -1 -1 28.852630
260 284 304 -1 33.450785
284 324 -1 -1 26.397517
304 324 -1 -1 27.918091
284 304 324 -1 32.073724
284 325 -1 -1 22.539090
324 325 -1 -1 11.674667
284 324 325 -1 26.529959
284 292 -1 -1 22.814233
284 292 325 -1 24.053141
246 260 -1 -1 29.744964
246 284 -1 -1 27.648195
246 260 284 -1 32.090982
273 284 -1 -1 31.321775
246 273 284 -1 33.255890
273 292 -1 -1 21.097167
273 284 292 -1 31.325822
389 392 -1 -1 22.815316
389 411 -1 -1 23.207423
392 411 -1 -1 21.280272
389 392 411 -1 25.954842
359 389 -1 -1 20.560854
367 389 -1 -1 14.786538
359 367 389 -1 22.144122
373 389 -1 -1 28.965997
359 373 389 -1 31.492006
360 392 -1 -1 26.122296
360 388 -1 -1 19.915898
360 388 392 -1 26.972925
355 360 -1 -1 14.831799
355 360 388 -1 20.585782
360 389 -1 -1 27.814210
360 367 -1 -1 19.349752
360 367 389 -1 29.311923
360 389 392 -1 29.814880
336 355 -1 -1 14.396373
336 360 -1 -1 21.435497
336 355 360 -1 21.496855
310 360 -1 -1 28.353865
310 336 360 -1 28.368826
329 360 -1 -1 26.882101
329 360 367 -1 27.341943
310 329 -1 -1 21.236638
310 329 360 -1 29.968349
392 435 -1 -1 26.616384
413 435 -1 -1 22.644815
392 413 435 -1 29.621487
435 468 -1 -1 21.433064
411 435 -1 -1 32.494811
411 435 468 -1 34.961200
392 411 435 -1 32.636301
352 355 -1 -1 10.861206
352 364 -1 -1 19.267816
352 355 364 -1 20.598714
352 368 -1 -1 25.790732
324 368 -1 -1 21.148926
324 352 -1 -1 18.470823
324 352 368 -1 26.117968
352 364 368 -1 25.864144
325 352 -1 -1 17.496461
324 325 352 -1 19.065683
336 352 -1 -1 13.665842
325 336 352 -1 20.690528
336 352 355 -1 15.241286
606 640 -1 -1 27.968081
606 631 -1 -1 22.593018
631 640 -1 -1 16.757916
606 631 640 -1 27.970083
527 556 -1 -1 20.212934
527 530 -1 -1 27.625494
527 530 556 -1 28.036628
527 559 -1 -1 12.248676
527 556 559 -1 20.286476
493 532 -1 -1 15.087204
532 553 -1 -1 15.670287
530 532 -1 -1 17.989049
530 532 553 -1 20.427325
502 532 -1 -1 22.466709
502 530 -1 -1 19.931930
502 530 532 -1 23.562379
493 502 532 -1 22.472084
478 487 -1 -1 24.485193
457 487 -1 -1 18.879560
457 478 487 -1 24.930727
609 626 -1 -1 21.874547
599 626 -1 -1 24.411507
599 609 -1 -1 13.283839
599 609 626 -1 24.538438
609 618 -1 -1 22.146311
609 618 626 -1 23.158055
541 544 -1 -1 14.678777
541 572 -1 -1 13.201479
544 572 -1 -1 15.111909
541 544 572 -1 16.621323
235 266 -1 -1 24.795778
241 266 -1 -1 16.780466
235 241 -1 -1 22.386383
235 241 266 -1 25.439183
235 244 -1 -1 23.428988
389 405 -1 -1 28.055970
405 411 -1 -1 23.425543
389 405 411 -1 29.190654
373 405 -1 -1 25.467129
373 389 405 -1 31.877919
405 454 -1 -1 27.517160
405 411 454 -1 28.323785
405 446 -1 -1 23.680065
446 454 -1 -1 25.716660
405 446 454 -1 29.771347
452 473 -1 -1 18.345868
454 476 -1 -1 24.169293
476 479 -1 -1 14.187778
454 476 479 -1 25.287320
446 476 -1 -1 18.571064
446 454 476 -1 26.942437
285 298 -1 -1 19.904024
298 335 -1 -1 17.050422
334 335 -1 -1 21.390712
335 361 -1 -1 20.702366
334 335 361 -1 23.234290
279 287 -1 -1 23.190359
287 310 -1 -1 28.729400
279 310 -1 -1 22.626842
279 287 310 -1 29.409522
273 279 -1 -1 21.374194
279 292 -1 -1 29.450255
273 279 292 -1 29.471988
279 292 310 -1 31.220378
233 256 -1 -1 15.615578
251 256 -1 -1 13.489199
233 251 256 -1 20.262945
256 264 -1 -1 33.600989
251 256 264 -1 33.681325
256 260 -1 -1 16.575410
256 260 264 -1 34.938309
238 260 -1 -1 24.581722
238 246 -1 -1 19.431744
238 246 260 -1 29.899779
238 256 -1 -1 23.658583
238 256 260 -1 25.714402
233 238 -1 -1 18.478572
233 238 256 -1 23.681849
250 276 -1 -1 17.986147
249 276 -1 -1 15.976189
249 250 -1 -1 24.018059
249 250 276 -1 24.018186
308 339 -1 -1 20.187480
308 331 -1 -1 17.981760
308 331 339 -1 20.856256
308 315 -1 -1 22.018316
308 315 339 -1 31.966277
289 308 -1 -1 16.690420
289 315 -1 -1 25.907440
289 308 315 -1 26.113633
264 291 -1 -1 22.098111
250 291 -1 -1 31.433632
250 264 291 -1 38.854435
276 291 -1 -1 29.470468
250 276 291 -1 32.031918
289 291 -1 -1 23.795720
276 289 -1 -1 13.637965
276 289 291 -1 29.955094
291 308 -1 -1 18.967900
289 291 308 -1 23.951582
291 331 -1 -1 16.064277
264 291 331 -1 30.613667
291 308 331 -1 20.539271
338 396 -1 -1 28.896653
338 349 -1 -1 22.094360
338 349 396 -1 29.741896
315 338 -1 -1 26.104747
315 338 349 -1 30.184343
272 276 -1 -1 27.608146
272 289 -1 -1 24.738126
272 276 289 -1 27.646997
272 315 -1 -1 26.433901
272 289 315 -1 29.700581
248 272 -1 -1 22.451946
248 249 -1 -1 22.745795
249 272 -1 -1 28.144506
248 249 272 -1 28.882068
249 272 276 -1 29.110239
237 248 -1 -1 14.531977
237 249 -1 -1 18.616135
237 248 249 -1 22.809368
377 379 -1 -1 13.024492
377 378 -1 -1 17.794967
377 378 379 -1 25.401230
337 377 -1 -1 20.664309
337 377 378 -1 23.014952
348 377 -1 -1 11.105455
337 348 377 -1 20.831710
393 434 -1 -1 21.167550
393 404 -1 -1 25.029488
393 404 434 -1 27.041858
379 393 -1 -1 20.641015
379 393 404 -1 25.775160
393 432 -1 -1 24.387688
385 393 -1 -1 18.383774
385 393 432 -1 24.956098
393 432 434 -1 27.710661
368 393 -1 -1 29.524900
368 385 393 -1 30.957561
348 357 -1 -1 15.660584
304 357 -1 -1 27.166354
304 348 357 -1 28.489353
357 377 -1 -1 15.374993
348 357 377 -1 16.622218
357 379 -1 -1 13.142200
357 377 379 -1 16.169054
357 393 -1 -1 26.899449
357 379 393 -1 27.640819
552 580 -1 -1 16.406207
534 580 -1 -1 19.060682
534 552 -1 -1 17.074042
534 552 580 -1 20.366494
601 612 -1 -1 28.559464
601 618 -1 -1 16.669597
580 601 -1 -1 23.916109
580 618 -1 -1 22.685540
580 601 618 -1 25.002578
593 606 -1 -1 17.234465
593 631 -1 -1 17.598952
593 606 631 -1 22.883235
537 593 -1 -1 26.631746
537 573 -1 -1 22.337226
573 593 -1 -1 21.624350
537 573 593 -1 27.629879
431 456 -1 -1 16.751615
442 456 -1 -1 23.209227
431 442 456 -1 23.593108
456 471 -1 -1 14.962478
442 471 -1 -1 23.901484
442 456 471 -1 24.862813
433 456 -1 -1 14.164503
431 433 456 -1 17.426963
502 513 -1 -1 18.327195
513 530 -1 -1 19.120416
502 513 530 -1 22.124602
513 527 -1 -1 17.868212
513 527 530 -1 27.808701
512 544 -1 -1 21.874147
543 544 -1 -1 17.854611
512 543 -1 -1 17.156351
512 543 544 -1 22.422413
432 447 -1 -1 15.122763
413 447 -1 -1 26.639407
413 432 447 -1 27.983219
435 447 -1 -1 31.952112
413 435 447 -1 32.407323
447 457 -1 -1 19.913317
432 447 457 -1 21.401021
447 487 -1 -1 21.283446
447 457 487 -1 23.210830
564 609 -1 -1 18.628868
586 609 -1 -1 17.135609
564 586 -1 -1 12.676568
564 586 609 -1 19.224330
572 586 -1 -1 7.568201
564 572 -1 -1 14.378343
564 572 586 -1 14.403060
541 564 -1 -1 17.602186
541 564 572 -1 17.919986
528 541 -1 -1 19.010916
528 564 -1 -1 24.790631
528 541 564 -1 24.880004
528 534 -1 -1 16.394246
534 564 -1 -1 28.731751
528 534 564 -1 28.804751
564 580 -1 -1 23.491091
534 564 580 -1 28.876745
490 504 -1 -1 27.143973
490 528 -1 -1 17.590794
504 528 -1 -1 28.119331
490 504 528 -1 29.183525
504 541 -1 -1 20.009605
504 528 541 -1 28.139637
468 504 -1 -1 23.721309
468 490 504 -1 28.044800
504 544 -1 -1 18.913069
504 541 544 -1 21.055046
504 512 -1 -1 21.417648
504 512 544 -1 24.068098
395 405 -1 -1 26.599053
373 395 -1 -1 13.949091
373 395 405 -1 27.097466
374 395 -1 -1 10.637312
373 374 395 -1 14.351555
361 395 -1 -1 15.052448
361 374 395 -1 15.101370
394 395 -1 -1 10.231715
452 481 -1 -1 16.591779
446 481 -1 -1 12.684224
446 452 -1 -1 15.916053
446 452 481 -1 17.670672
473 481 -1 -1 11.559283
452 473 481 -1 18.681028
476 481 -1 -1 10.575892
446 476 481 -1 19.281252
473 476 -1 -1 18.252834
473 476 481 -1 19.554020
476 511 -1 -1 19.130931
473 511 -1 -1 27.642011
473 476 511 -1 27.762227
511 552 -1 -1 26.753557
511 534 -1 -1 20.207453
511 534 552 -1 26.760652
511 538 -1 -1 26.745053
538 552 -1 -1 19.623754
511 538 552 -1 28.753531
479 511 -1 -1 20.851265
476 479 511 -1 21.501694
490 511 -1 -1 28.100202
479 490 511 -1 28.100241
511 528 -1 -1 28.384642
511 528 534 -1 28.934672
490 511 528 -1 29.723528
235 261 -1 -1 17.998551
244 261 -1 -1 19.606399
235 244 261 -1 24.050743
261 285 -1 -1 15.602775
244 285 -1 -1 24.385943
244 261 285 -1 24.421889
261 266 -1 -1 18.795272
235 261 266 -1 24.901845
318 329 -1 -1 20.657138
318 320 -1 -1 10.982597
318 320 329 -1 20.738010
310 318 -1 -1 29.136645
310 318 329 -1 29.152320
287 318 -1 -1 13.392997
287 310 318 -1 29.752847
297 334 -1 -1 19.427234
297 320 -1 -1 19.242307
297 320 334 -1 21.932968
297 318 -1 -1 20.343433
297 318 320 -1 20.689931
257 279 -1 -1 18.126046
257 287 -1 -1 30.526162
257 279 287 -1 30.619236
257 266 -1 -1 31.457599
241 257 -1 -1 23.546303
241 257 266 -1 32.068968
266 287 -1 -1 20.606646
257 266 287 -1 32.887206
227 257 -1 -1 19.366851
227 241 257 -1 25.525397
252 257 -1 -1 13.294923
227 252 257 -1 20.734414
257 273 -1 -1 25.309580
252 257 273 -1 25.609108
257 273 279 -1 25.763649
244 268 -1 -1 16.247884
268 285 -1 -1 17.594652
244 268 285 -1 24.402580
351 357 -1 -1 17.959796
304 351 -1 -1 23.261863
304 351 357 -1 27.478870
324 351 -1 -1 21.740080
304 324 351 -1 28.698913
351 368 -1 -1 13.290791
324 351 368 -1 22.572862
351 393 -1 -1 30.767023
351 368 393 -1 31.028930
351 357 393 -1 30.931552
552 595 -1 -1 17.143919
538 595 -1 -1 23.335382
538 552 595 -1 23.815796
593 611 -1 -1 23.785174
611 631 -1 -1 21.366397
593 611 631 -1 24.678487
573 611 -1 -1 19.335118
573 593 611 -1 25.194132
599 616 -1 -1 23.400759
570 573 -1 -1 25.073616
543 573 -1 -1 26.112896
543 570 -1 -1 19.084344
543 570 573 -1 27.611635
570 611 -1 -1 27.615274
570 573 611 -1 28.501668
570 616 -1 -1 22.369949
611 616 -1 -1 19.952154
570 611 616 -1 27.940974
570 586 -1 -1 23.004976
570 572 -1 -1 22.430307
570 572 586 -1 23.102527
544 570 -1 -1 22.944066
543 544 570 -1 23.574676
544 570 572 -1 24.071665
554 559 -1 -1 14.212606
554 582 -1 -1 24.476869
554 559 582 -1 24.684654
624 634 -1 -1 24.516577
537 557 -1 -1 27.477075
522 557 -1 -1 23.075133
522 537 -1 -1 19.990902
522 537 557 -1 27.997810
557 593 -1 -1 26.805466
557 606 -1 -1 21.498147
557 593 606 -1 26.845918
537 557 593 -1 31.152692
557 604 -1 -1 25.885108
604 606 -1 -1 23.974975
557 604 606 -1 27.699329
554 557 -1 -1 21.849342
554 604 -1 -1 24.380307
554 557 604 -1 27.948435
487 495 -1 -1 14.808684
478 495 -1 -1 17.301699
478 487 495 -1 24.795992
495 509 -1 -1 16.373172
478 509 -1 -1 14.382451
478 495 509 -1 18.645988
485 502 -1 -1 16.685137
472 485 -1 -1 13.168976
472 485 502 -1 17.276541
485 513 -1 -1 15.328847
485 502 513 -1 19.541112
503 508 -1 -1 19.428925
471 508 -1 -1 20.478398
471 503 -1 -1 20.560585
471 503 508 -1 23.295653
503 527 -1 -1 24.687228
508 527 -1 -1 15.989159
503 508 527 -1 24.705174
508 513 -1 -1 16.497144
508 513 527 -1 19.452500
485 508 -1 -1 21.565441
485 508 513 -1 21.640405
527 540 -1 -1 25.629600
540 559 -1 -1 22.980807
527 540 559 -1 25.647914
503 540 -1 -1 17.806586
503 527 540 -1 26.927429
540 554 -1 -1 15.980363
540 554 559 -1 23.264707
503 522 -1 -1 27.094498
522 540 -1 -1 19.818993
503 522 540 -1 27.110497
540 557 -1 -1 21.893082
522 540 557 -1 25.075409
540 554 557 -1 23.495301
486 509 -1 -1 18.564722
478 486 -1 -1 20.684029
478 486 509 -1 21.262098
509 522 -1 -1 16.389539
486 522 -1 -1 24.963839
486 509 522 -1 24.967162
486 503 -1 -1 16.481278
486 503 522 -1 27.626534
447 467 -1 -1 17.773091
435 467 -1 -1 26.623490
435 447 467 -1 31.952363
467 487 -1 -1 20.673456
447 467 487 -1 23.167670
564 584 -1 -1 15.123527
580 584 -1 -1 14.292938
564 580 584 -1 24.432027
584 609 -1 -1 16.190683
564 584 609 -1 19.488269
584 618 -1 -1 16.340998
580 584 618 -1 22.783714
584 609 618 -1 22.205803
395 407 -1 -1 17.724558
405 407 -1 -1 22.087566
395 405 407 -1 26.794970
407 446 -1 -1 23.601641
405 407 446 -1 26.737727
394 407 -1 -1 18.613124
394 395 407 -1 18.995398
407 452 -1 -1 23.478821
407 446 452 -1 25.013456
496 511 -1 -1 28.341217
496 538 -1 -1 23.651976
496 511 538 -1 30.541365
473 496 -1 -1 15.150118
473 496 511 -1 29.103036
285 299 -1 -1 17.164127
298 299 -1 -1 15.796583
285 298 299 -1 20.689161
299 335 -1 -1 23.043648
298 299 335 -1 23.047038
299 334 -1 -1 21.783312
299 334 335 -1 25.528735
297 299 -1 -1 8.063849
297 299 334 -1 21.898324
261 293 -1 -1 23.233944
266 293 -1 -1 17.717844
261 266 293 -1 23.670814
285 293 -1 -1 21.308214
261 285 293 -1 23.916030
287 293 -1 -1 18.664120
266 287 293 -1 22.081252
293 299 -1 -1 17.371840
285 293 299 -1 21.942503
293 297 -1 -1 12.657751
293 297 299 -1 18.738701
293 318 -1 -1 18.600448
287 293 318 -1 19.966557
293 297 318 -1 20.746250
217 250 -1 -1 23.851518
217 249 -1 -1 24.395609
217 249 250 -1 27.818662
217 224 -1 -1 26.391548
217 224 250 -1 28.598013
594 601 -1 -1 15.681141
594 612 -1 -1 26.525398
594 601 612 -1 28.936484
594 595 -1 -1 4.965741
595 612 -1 -1 25.333415
594 595 612 -1 26.819471
580 594 -1 -1 21.232486
580 594 601 -1 24.347079
552 594 -1 -1 17.284797
552 580 594 -1 21.700131
552 594 595 -1 17.402970
581 595 -1 -1 10.206538
581 612 -1 -1 20.512938
581 595 612 -1 26.381005
538 581 -1 -1 22.335330
538 581 595 -1 23.529875
570 588 -1 -1 16.379177
586 588 -1 -1 16.340493
570 586 588 -1 23.006450
588 609 -1 -1 20.646479
588 599 -1 -1 15.799283
588 599 609 -1 20.646481
586 588 609 -1 21.267713
588 616 -1 -1 16.735342
588 599 616 -1 23.414186
570 588 616 -1 22.455953
610 624 -1 -1 17.919604
582 610 -1 -1 12.232858
582 610 624 -1 20.623934
610 634 -1 -1 19.541369
610 624 634 -1 24.780357
604 610 -1 -1 16.134061
604 634 -1 -1 20.656357
604 610 634 -1 21.979642
554 610 -1 -1 27.416535
554 582 610 -1 27.416858
554 604 610 -1 27.654771
630 634 -1 -1 21.287610
606 630 -1 -1 21.959694
630 640 -1 -1 23.921192
606 630 640 -1 28.957149
604 630 -1 -1 23.453601
604 606 630 -1 26.759141
604 630 634 -1 25.299646
495 524 -1 -1 15.488729
509 524 -1 -1 10.926563
495 509 524 -1 17.002105
524 537 -1 -1 16.226143
522 524 -1 -1 14.210998
522 524 537 -1 20.196291
509 522 524 -1 16.630981
495 507 -1 -1 17.139535
487 507 -1 -1 15.093174
487 495 507 -1 18.246599
467 507 -1 -1 24.512722
467 487 507 -1 24.606122
467 512 -1 -1 23.175591
507 512 -1 -1 16.822153
467 507 512 -1 25.543022
507 543 -1 -1 24.724079
507 512 543 -1 24.766968
459 465 -1 -1 9.837913
465 472 -1 -1 14.794406
459 465 472 -1 17.990021
465 485 -1 -1 14.196043
465 472 485 -1 16.280690
480 503 -1 -1 19.315584
471 480 -1 -1 10.560435
471 480 503 -1 20.801241
480 486 -1 -1 13.630657
480 486 503 -1 19.665118
442 480 -1 -1 19.720063
442 471 480 -1 24.255260
435 498 -1 -1 29.283344
468 498 -1 -1 26.872638
435 468 498 -1 30.515274
467 498 -1 -1 13.996921
435 467 498 -1 29.342270
498 504 -1 -1 17.224880
468 498 504 -1 27.259912
498 512 -1 -1 14.915694
498 504 512 -1 21.567458
467 498 512 -1 24.173219
611 638 -1 -1 19.450056
631 638 -1 -1 16.690044
611 631 638 -1 22.462555
638 640 -1 -1 23.087666
631 638 640 -1 23.113314
507 535 -1 -1 17.513165
535 543 -1 -1 18.765020
507 535 543 -1 24.789053
535 573 -1 -1 21.078014
535 543 573 -1 26.390934
535 537 -1 -1 18.378082
535 537 573 -1 23.996475
524 535 -1 -1 23.970261
524 535 537 -1 23.993901
495 535 -1 -1 24.591796
495 524 535 -1 25.635499
495 507 535 -1 24.592422
465 475 -1 -1 18.901221
475 485 -1 -1 15.390728
465 475 485 -1 19.235797
475 508 -1 -1 14.077686
475 485 508 -1 21.617352
456 475 -1 -1 17.785562
471 475 -1 -1 16.452475
456 471 475 -1 19.079680
471 475 508 -1 20.596331
444 456 -1 -1 15.876104
433 444 -1 -1 15.737547
433 444 456 -1 17.681354
444 465 -1 -1 12.459429
444 459 -1 -1 14.394985
444 459 465 -1 14.641616
444 475 -1 -1 21.117715
444 456 475 -1 21.632087
444 465 475 -1 21.331634
417 444 -1 -1 18.858061
417 433 444 -1 18.898640
426 444 -1 -1 21.219499
426 444 459 -1 22.688150
417 426 444 -1 26.147216
463 486 -1 -1 18.653086
463 478 -1 -1 17.572107
463 478 486 -1 22.073202
463 480 -1 -1 18.019652
463 480 486 -1 19.766831
442 463 -1 -1 16.411645
442 463 480 -1 21.025577
434 463 -1 -1 19.811299
434 442 463 -1 24.873529
434 463 478 -1 26.765094
217 -1 -1 -1 0.000000
224 -1 -1 -1 0.000000
227 -1 -1 -1 0.000000
233 -1 -1 -1 0.000000
235 -1 -1 -1 0.000000
237 -1 -1 -1 0.000000
238 -1 -1 -1 0.000000
241 -1 -1 -1 0.000000
244 -1 -1 -1 0.000000
245 -1 -1 -1 0.000000
246 -1 -1 -1 0.000000
248 -1 -1 -1 0.000000
249 -1 -1 -1 0.000000
250 -1 -1 -1 0.000000
251 -1 -1 -1 0.000000
252 -1 -1 -1 0.000000
256 -1 -1 -1 0.000000
257 -1 -1 -1 0.000000
260 -1 -1 -1 0.000000
261 -1 -1 -1 0.000000
264 -1 -1 -1 0.000000
266 -1 -1 -1 0.000000
268 -1 -1 -1 0.000000
272 -1 -1 -1 0.000000
273 -1 -1 -1 0.000000
276 -1 -1 -1 0.000000
279 -1 -1 -1 0.000000
284 -1 -1 -1 0.000000
285 -1 -1 -1 0.000000
287 -1 -1 -1 0.000000
289 -1 -1 -1 0.000000
291 -1 -1 -1 0.000000
292 -1 -1 -1 0.000000
293 -1 -1 -1 0.000000
297 -1 -1 -1 0.000000
298 -1 -1 -1 0.000000
299 -1 -1 -1 0.000000
304 -1 -1 -1 0.000000
308 -1 -1 -1 0.000000
310 -1 -1 -1 0.000000
315 -1 -1 -1 0.000000
318 -1 -1 -1 0.000000
320 -1 -1 -1 0.000000
324 -1 -1 -1 0.000000
325 -1 -1 -1 0.000000
329 -1 -1 -1 0.000000
331 -1 -1 -1 0.000000
334 -1 -1 -1 0.000000
335 -1 -1 -1 0.000000
336 -1 -1 -1 0.000000
337 -1 -1 -1 0.000000
338 -1 -1 -1 0.000000
339 -1 -1 -1 0.000000
348 -1 -1 -1 0.000000
349 -1 -1 -1 0.000000
351 -1 -1 -1 0.000000
352 -1 -1 -1 0.000000
355 -1 -1 -1 0.000000
356 -1 -1 -1 0.000000
357 -1 -1 -1 0.000000
359 -1 -1 -1 0.000000
360 -1 -1 -1 0.000000
361 -1 -1 -1 0.000000
364 -1 -1 -1 0.000000
367 -1 -1 -1 0.000000
368 -1 -1 -1 0.000000
373 -1 -1 -1 0.000000
374 -1 -1 -1 0.000000
377 -1 -1 -1 0.000000
378 -1 -1 -1 0.000000
379 -1 -1 -1 0.000000
385 -1 -1 -1 0.000000
388 -1 -1 -1 0.000000
389 -1 -1 -1 0.000000
392 -1 -1 -1 0.000000
393 -1 -1 -1 0.000000
394 -1 -1 -1 0.000000
395 -1 -1 -1 0.000000
396 -1 -1 -1 0.000000
401 -1 -1 -1 0.000000
404 -1 -1 -1 0.000000
405 -1 -1 -1 0.000000
406 -1 -1 -1 0.000000
407 -1 -1 -1 0.000000
411 -1 -1 -1 0.000000
413 -1 -1 -1 0.000000
417 -1 -1 -1 0.000000
423 -1 -1 -1 0.000000
426 -1 -1 -1 0.000000
431 -1 -1 -1 0.000000
432 -1 -1 -1 0.000000
433 -1 -1 -1 0.000000
434 -1 -1 -1 0.000000
435 -1 -1 -1 0.000000
442 -1 -1 -1 0.000000
444 -1 -1 -1 0.000000
446 -1 -1 -1 0.000000
447 -1 -1 -1 0.000000
452 -1 -1 -1 0.000000
454 -1 -1 -1 0.000000
455 -1 -1 -1 0.000000
456 -1 -1 -1 0.000000
457 -1 -1 -1 0.000000
459 -1 -1 -1 0.000000
463 -1 -1 -1 0.000000
465 -1 -1 -1 0.000000
467 -1 -1 -1 0.000000
468 -1 -1 -1 0.000000
471 -1 -1 -1 0.000000
472 -1 -1 -1 0.000000
473 -1 -1 -1 0.000000
475 -1 -1 -1 0.000000
476 -1 -1 -1 0.000000
478 -1 -1 -1 0.000000
479 -1 -1 -1 0.000000
480 -1 -1 -1 0.000000
481 -1 -1 -1 0.000000
485 -1 -1 -1 0.000000
486 -1 -1 -1 0.000000
487 -1 -1 -1 0.000000
490 -1 -1 -1 0.000000
493 -1 -1 -1 0.000000
495 -1 -1 -1 0.000000
496 -1 -1 -1 0.000000
498 -1 -1 -1 0.000000
502 -1 -1 -1 0.000000
503 -1 -1 -1 0.000000
504 -1 -1 -1 0.000000
507 -1 -1 -1 0.000000
508 -1 -1 -1 0.000000
509 -1 -1 -1 0.000000
511 -1 -1 -1 0.000000
512 -1 -1 -1 0.000000
513 -1 -1 -1 0.000000
522 -1 -1 -1 0.000000
524 -1 -1 -1 0.000000
527 -1 -1 -1 0.000000
528 -1 -1 -1 0.000000
530 -1 -1 -1 0.000000
532 -1 -1 -1 0.000000
534 -1 -1 -1 0.000000
535 -1 -1 -1 0.000000
537 -1 -1 -1 0.000000
538 -1 -1 -1 0.000000
540 -1 -1 -1 0.000000
541 -1 -1 -1 0.000000
543 -1 -1 -1 0.000000
544 -1 -1 -1 0.000000
552 -1 -1 -1 0.000000
553 -1 -1 -1 0.000000
554 -1 -1 -1 0.000000
556 -1 -1 -1 0.000000
557 -1 -1 -1 0.000000
559 -1 -1 -1 0.000000
564 -1 -1 -1 0.000000
570 -1 -1 -1 0.000000
572 -1 -1 -1 0.000000
573 -1 -1 -1 0.000000
578 -1 -1 -1 0.000000
580 -1 -1 -1 0.000000
581 -1 -1 -1 0.000000
582 -1 -1 -1 0.000000
583 -1 -1 -1 0.000000
584 -1 -1 -1 0.000000
586 -1 -1 -1 0.000000
588 -1 -1 -1 0.000000
593 -1 -1 -1 0.000000
594 -1 -1 -1 0.000000
595 -1 -1 -1 0.000000
599 -1 -1 -1 0.000000
601 -1 -1 -1 0.000000
604 -1 -1 -1 0.000000
606 -1 -1 -1 0.000000
609 -1 -1 -1 0.000000
610 -1 -1 -1 0.000000
611 -1 -1 -1 0.000000
612 -1 -1 -1 0.000000
616 -1 -1 -1 0.000000
618 -1 -1 -1 0.000000
619 -1 -1 -1 0.000000
624 -1 -1 -1 0.000000
626 -1 -1 -1 0.000000
630 -1 -1 -1 0.000000
631 -1 -1 -1 0.000000
634 -1 -1 -1 0.000000
638 -1 -1 -1 0.000000
640 -1 -1 -1 0.000000
