342 362 -1 -1 20.492577
345 362 -1 -1 17.626586
342 345 -1 -1 19.412015
342 345 362 -1 22.265117
476 500 -1 -1 18.268890
476 504 -1 -1 27.832364
500 504 -1 -1 28.683694
476 500 504 -1 29.886874
425 432 -1 -1 14.235266
425 460 -1 -1 27.488483
432 460 -1 -1 21.208849
425 432 460 -1 27.898633
209 225 -1 -1 28.041257
476 492 -1 -1 32.880278
492 504 -1 -1 15.956733
476 492 504 -1 32.936453
323 334 -1 -1 22.747151
334 351 -1 -1 23.126714
323 351 -1 -1 14.086839
323 334 351 -1 24.108508
221 229 -1 -1 20.970687
515 541 -1 -1 30.481047
515 556 -1 -1 18.288856
541 556 -1 -1 23.712969
515 541 556 -1 30.502213
548 565 -1 -1 20.070777
541 550 -1 -1 14.651548
505 550 -1 -1 24.339137
505 541 -1 -1 25.493031
505 541 550 -1 26.135506
475 486 -1 -1 15.018739
463 486 -1 -1 17.735125
463 475 -1 -1 14.435861
463 475 486 -1 18.448584
465 476 -1 -1 23.264828
460 465 -1 -1 14.683308
460 476 -1 -1 16.536298
460 465 476 -1 23.400431
506 541 -1 -1 22.202782
505 506 -1 -1 26.137852
505 506 541 -1 28.601991
506 515 -1 -1 21.817500
506 515 541 -1 30.506894
258 299 -1 -1 27.754202
258 272 -1 -1 25.011685
272 299 -1 -1 31.539988
258 272 299 -1 32.944870
299 302 -1 -1 23.656165
272 302 -1 -1 22.233274
272 299 302 -1 31.589991
252 300 -1 -1 24.368739
244 252 -1 -1 21.071367
334 369 -1 -1 33.354488
351 369 -1 -1 21.083206
334 351 369 -1 33.669944
334 359 -1 -1 19.013045
359 369 -1 -1 35.372268
334 359 369 -1 35.931084
369 416 -1 -1 24.766063
393 416 -1 -1 23.622716
369 393 -1 -1 18.705162
369 393 416 -1 26.268155
416 434 -1 -1 19.222393
393 434 -1 -1 21.022447
393 416 434 -1 24.877220
362 379 -1 -1 21.222073
345 379 -1 -1 25.752296
345 362 379 -1 25.975618
374 379 -1 -1 14.543266
345 374 -1 -1 22.894124
345 374 379 -1 25.906151
225 249 -1 -1 27.509906
209 249 -1 -1 28.746951
209 225 249 -1 32.462378
487 492 -1 -1 21.728180
470 492 -1 -1 21.399492
470 487 -1 -1 14.706566
470 487 492 -1 22.943111
478 487 -1 -1 15.950813
470 478 -1 -1 22.944718
470 478 487 -1 23.108438
478 505 -1 -1 23.112359
487 505 -1 -1 24.750235
478 487 505 -1 25.487299
424 443 -1 -1 18.523150
424 453 -1 -1 28.135652
443 453 -1 -1 19.605562
424 443 453 -1 28.245970
443 446 -1 -1 19.339217
443 466 -1 -1 16.840893
446 466 -1 -1 22.950829
443 446 466 -1 23.428633
482 544 -1 -1 26.624891
517 544 -1 -1 19.478896
482 517 -1 -1 23.140321
482 517 544 -1 27.348608
515 568 -1 -1 33.338930
515 517 -1 -1 18.829139
517 568 -1 -1 33.096081
515 517 568 -1 34.640237
556 568 -1 -1 25.967365
515 556 568 -1 33.535531
541 575 -1 -1 24.980081
556 575 -1 -1 19.572858
541 556 575 -1 26.627029
419 450 -1 -1 19.956908
419 422 -1 -1 15.435712
422 450 -1 -1 19.754340
419 422 450 -1 21.551523
450 463 -1 -1 21.075671
419 463 -1 -1 19.791637
419 450 463 -1 23.440911
450 475 -1 -1 17.124878
450 463 475 -1 21.219514
450 473 -1 -1 19.646936
473 475 -1 -1 13.027562
450 473 475 -1 19.946005
450 465 -1 -1 20.573675
465 473 -1 -1 20.428664
450 465 473 -1 23.357533
432 435 -1 -1 16.865281
435 460 -1 -1 21.390346
432 435 460 -1 23.195745
435 465 -1 -1 19.511023
435 460 465 -1 22.046350
435 450 -1 -1 22.028371
422 435 -1 -1 20.236176
422 435 450 -1 23.959834
435 450 465 -1 24.000574
510 532 -1 -1 17.289094
500 510 -1 -1 21.517377
500 532 -1 -1 23.877055
500 510 532 -1 24.712239
500 524 -1 -1 22.257691
504 524 -1 -1 20.000496
500 504 524 -1 28.779721
524 548 -1 -1 28.574981
504 548 -1 -1 29.503509
504 524 548 -1 30.956655
524 565 -1 -1 23.498675
524 548 565 -1 28.888047
408 424 -1 -1 20.667576
408 453 -1 -1 23.684564
408 424 453 -1 28.720062
408 430 -1 -1 19.300707
430 453 -1 -1 26.157186
408 430 453 -1 27.187265
406 408 -1 -1 31.915806
406 430 -1 -1 22.969906
406 408 430 -1 32.204636
443 481 -1 -1 23.477673
453 481 -1 -1 19.931516
443 453 481 -1 24.570028
466 481 -1 -1 15.380354
443 466 481 -1 23.519905
481 506 -1 -1 23.501997
481 515 -1 -1 31.892406
481 506 515 -1 31.894316
481 495 -1 -1 21.263222
466 495 -1 -1 15.251528
466 481 495 -1 21.277261
495 506 -1 -1 18.389830
481 495 506 -1 24.671906
434 440 -1 -1 28.602413
434 470 -1 -1 26.911822
440 470 -1 -1 24.253113
434 440 470 -1 30.904277
425 440 -1 -1 22.720052
440 460 -1 -1 26.935199
425 440 460 -1 29.951939
440 476 -1 -1 27.697604
440 460 476 -1 28.685746
440 492 -1 -1 31.462961
440 470 492 -1 31.509234
440 476 492 -1 35.672454
411 434 -1 -1 20.874048
393 411 -1 -1 15.659467
393 411 434 -1 22.585878
377 411 -1 -1 18.314687
377 393 -1 -1 21.434867
377 393 411 -1 21.929954
411 440 -1 -1 26.562545
411 425 -1 -1 18.573023
411 425 440 -1 27.025779
411 434 440 -1 29.900489
461 478 -1 -1 19.280632
461 470 -1 -1 15.253199
461 470 478 -1 23.148867
434 461 -1 -1 16.631419
434 461 470 -1 29.710821
377 401 -1 -1 18.035290
348 401 -1 -1 22.262881
348 377 -1 -1 22.724620
348 377 401 -1 24.558643
368 369 -1 -1 15.131061
368 393 -1 -1 21.761045
368 369 393 -1 22.147542
368 377 -1 -1 25.269127
368 377 393 -1 26.630608
351 368 -1 -1 18.016156
351 368 369 -1 21.517857
378 395 -1 -1 13.959755
362 395 -1 -1 19.106300
362 378 -1 -1 16.962443
362 378 395 -1 19.723528
398 419 -1 -1 19.884159
398 422 -1 -1 16.322108
398 419 422 -1 20.369065
395 398 -1 -1 11.591225
395 422 -1 -1 14.029977
395 398 422 -1 16.655868
379 398 -1 -1 12.494048
362 398 -1 -1 19.692269
362 379 398 -1 21.615968
362 395 398 -1 20.349026
343 357 -1 -1 16.627581
343 348 -1 -1 18.195051
348 357 -1 -1 17.998037
343 348 357 -1 20.374708
314 342 -1 -1 24.684523
314 345 -1 -1 21.749812
314 342 345 -1 25.751567
294 314 -1 -1 22.545002
289 294 -1 -1 18.645056
289 314 -1 -1 21.367414
289 294 314 -1 24.281786
249 289 -1 -1 22.629007
478 497 -1 -1 21.321164
497 505 -1 -1 13.018753
478 497 505 -1 23.421494
495 497 -1 -1 10.366971
478 495 -1 -1 25.107949
478 495 497 -1 25.413479
497 506 -1 -1 18.831647
497 505 506 -1 27.632317
495 497 506 -1 19.392394
457 495 -1 -1 19.034027
457 466 -1 -1 14.151907
457 466 495 -1 19.293748
457 478 -1 -1 23.014673
457 478 495 -1 26.307676
446 457 -1 -1 15.732427
442 457 -1 -1 17.727393
442 446 -1 -1 10.062935
442 446 457 -1 17.833644
446 457 466 -1 23.320347
380 416 -1 -1 18.025839
380 442 -1 -1 22.862190
416 442 -1 -1 19.749165
380 416 442 -1 23.744455
380 385 -1 -1 19.745909
359 380 -1 -1 23.835007
359 385 -1 -1 17.216972
359 380 385 -1 24.203651
369 380 -1 -1 25.354562
359 369 380 -1 35.391884
369 380 416 -1 26.868025
433 443 -1 -1 16.139371
424 433 -1 -1 17.395065
424 433 443 -1 20.132231
433 446 -1 -1 10.166884
433 443 446 -1 19.348493
206 229 -1 -1 21.814637
271 286 -1 -1 18.533708
286 289 -1 -1 17.418742
271 289 -1 -1 24.379654
271 286 289 -1 24.460784
249 271 -1 -1 25.247526
249 271 289 -1 27.892747
225 271 -1 -1 25.691090
225 249 271 -1 30.263646
311 326 -1 -1 10.219251
311 329 -1 -1 16.135381
326 329 -1 -1 15.462282
311 326 329 -1 16.724887
329 348 -1 -1 29.954830
326 348 -1 -1 26.580483
326 329 348 -1 30.006704
326 343 -1 -1 17.625200
326 343 348 -1 26.717251
291 311 -1 -1 18.156968
291 329 -1 -1 24.236762
291 311 329 -1 24.237002
319 334 -1 -1 18.173969
305 319 -1 -1 18.011437
305 334 -1 -1 30.137274
305 319 334 -1 32.688336
319 323 -1 -1 20.692946
319 323 334 -1 24.013870
297 319 -1 -1 13.444139
297 305 -1 -1 16.713888
297 305 319 -1 18.893143
283 297 -1 -1 17.746080
283 305 -1 -1 19.603659
283 297 305 -1 20.960648
283 299 -1 -1 25.186906
299 305 -1 -1 14.472856
283 299 305 -1 25.251666
258 283 -1 -1 20.051511
258 283 299 -1 28.770937
235 250 -1 -1 30.927039
193 250 -1 -1 31.371434
193 235 -1 -1 23.915291
193 235 250 -1 33.737967
235 258 -1 -1 24.958620
250 258 -1 -1 25.882829
235 250 258 -1 32.031672
250 283 -1 -1 20.162697
250 258 283 -1 26.272097
550 574 -1 -1 18.782019
565 569 -1 -1 20.295902
537 548 -1 -1 18.843547
504 537 -1 -1 25.259649
504 537 548 -1 29.751563
492 537 -1 -1 25.272563
492 504 537 -1 26.628574
574 576 -1 -1 20.286632
537 576 -1 -1 25.772962
548 576 -1 -1 22.791556
537 548 576 -1 26.581897
537 549 -1 -1 13.513103
549 576 -1 -1 20.524030
537 549 576 -1 25.927160
325 374 -1 -1 23.109458
325 345 -1 -1 20.552709
325 345 374 -1 25.711163
314 325 -1 -1 23.255611
314 325 345 -1 25.334082
294 325 -1 -1 27.341086
294 314 325 -1 28.547097
410 435 -1 -1 19.861107
410 432 -1 -1 15.884475
410 432 435 -1 20.600855
499 510 -1 -1 13.595193
499 500 -1 -1 18.781340
499 500 510 -1 21.750521
473 510 -1 -1 19.698004
473 499 -1 -1 12.127722
473 499 510 -1 19.989405
465 499 -1 -1 18.885374
465 473 499 -1 20.802120
476 499 -1 -1 27.166067
476 499 500 -1 27.242906
465 476 499 -1 27.627401
477 482 -1 -1 17.668742
481 485 -1 -1 21.050438
453 485 -1 -1 20.668465
453 481 485 -1 23.746988
482 485 -1 -1 25.335893
485 517 -1 -1 22.969703
482 485 517 -1 27.593987
485 515 -1 -1 29.414378
485 515 517 -1 29.420019
481 485 515 -1 32.812485
430 485 -1 -1 34.034305
430 453 485 -1 34.066436
477 485 -1 -1 33.900485
477 482 485 -1 34.735698
430 477 -1 -1 28.178738
430 477 485 -1 37.330500
252 267 -1 -1 15.001334
267 300 -1 -1 27.409194
252 267 300 -1 27.527149
267 302 -1 -1 31.117423
300 302 -1 -1 32.797421
267 300 302 -1 35.417511
267 272 -1 -1 17.698865
267 272 302 -1 31.787367
447 461 -1 -1 16.143294
447 478 -1 -1 19.767489
447 461 478 -1 21.448705
447 457 -1 -1 18.338593
442 447 -1 -1 13.765970
442 447 457 -1 19.523731
447 457 478 -1 23.918113
416 447 -1 -1 21.390761
416 442 447 -1 21.950117
434 447 -1 -1 24.239854
416 434 447 -1 25.338164
434 447 461 -1 24.347168
401 423 -1 -1 8.748595
377 423 -1 -1 19.512185
377 401 423 -1 19.555884
411 423 -1 -1 20.685916
423 425 -1 -1 8.323494
411 423 425 -1 20.706162
377 411 423 -1 22.605880
423 432 -1 -1 14.448767
423 425 432 -1 14.990966
336 368 -1 -1 16.998563
336 351 -1 -1 13.272560
336 351 368 -1 18.959061
323 336 -1 -1 18.157055
323 336 351 -1 18.289506
291 336 -1 -1 31.261428
329 336 -1 -1 17.522903
291 329 336 -1 31.411041
354 368 -1 -1 14.244795
354 377 -1 -1 19.279232
354 368 377 -1 25.442029
329 354 -1 -1 19.179595
348 354 -1 -1 23.591186
329 348 354 -1 29.968280
348 354 377 -1 25.486150
336 354 -1 -1 19.486152
329 336 354 -1 21.689822
336 354 368 -1 20.030721
486 501 -1 -1 19.138732
418 419 -1 -1 18.446961
418 463 -1 -1 23.607824
418 419 463 -1 24.313711
398 412 -1 -1 16.160919
412 419 -1 -1 15.224576
398 412 419 -1 20.287053
379 412 -1 -1 13.793059
379 398 412 -1 16.678214
412 418 -1 -1 13.826271
412 418 419 -1 18.813182
313 352 -1 -1 21.997306
313 343 -1 -1 16.521123
343 352 -1 -1 22.124329
313 343 352 -1 23.792189
352 357 -1 -1 11.678292
343 352 357 -1 22.567978
342 352 -1 -1 13.185006
313 342 -1 -1 21.138774
313 342 352 -1 22.691343
352 362 -1 -1 19.171539
342 352 362 -1 21.110758
352 378 -1 -1 19.001759
352 362 378 -1 21.306241
357 378 -1 -1 18.790923
352 357 378 -1 19.871357
286 310 -1 -1 17.099913
289 310 -1 -1 24.689439
286 289 310 -1 24.696017
310 314 -1 -1 14.098845
289 310 314 -1 24.761004
310 342 -1 -1 18.445940
310 314 342 -1 24.913094
286 295 -1 -1 15.258261
295 310 -1 -1 21.305852
286 295 310 -1 21.507458
310 313 -1 -1 24.061644
295 313 -1 -1 20.982175
295 310 313 -1 25.712782
310 313 342 -1 24.967318
394 433 -1 -1 19.366033
394 424 -1 -1 14.962388
394 424 433 -1 20.241305
380 431 -1 -1 18.371261
385 431 -1 -1 20.681926
380 385 431 -1 22.709532
394 431 -1 -1 22.162970
385 394 -1 -1 11.127954
385 394 431 -1 22.356125
431 433 -1 -1 9.327366
394 431 433 -1 22.235492
431 442 -1 -1 12.695300
380 431 442 -1 22.892526
431 446 -1 -1 9.626707
431 442 446 -1 12.880833
431 433 446 -1 11.231229
282 285 -1 -1 23.587541
282 295 -1 -1 25.246228
285 295 -1 -1 9.539397
282 285 295 -1 25.252464
285 286 -1 -1 15.127672
285 286 295 -1 16.003192
271 285 -1 -1 18.217413
271 285 286 -1 20.165851
271 280 -1 -1 12.402008
280 285 -1 -1 9.703765
271 280 285 -1 19.436512
206 256 -1 -1 26.320687
229 256 -1 -1 12.991326
206 229 256 -1 26.416079
255 282 -1 -1 19.594578
255 277 -1 -1 11.297276
277 282 -1 -1 13.903769
255 277 282 -1 20.000949
255 256 -1 -1 16.849094
256 277 -1 -1 18.047847
255 256 277 -1 18.524395
206 255 -1 -1 23.481846
206 255 256 -1 26.758218
309 313 -1 -1 19.016377
295 309 -1 -1 24.904493
295 309 313 -1 25.575839
282 309 -1 -1 21.161860
282 295 309 -1 27.660637
229 234 -1 -1 23.780765
221 234 -1 -1 13.267172
221 229 234 -1 23.878380
234 256 -1 -1 27.869250
229 234 256 -1 27.935085
234 246 -1 -1 17.165996
246 256 -1 -1 24.885415
234 246 256 -1 28.236029
282 287 -1 -1 18.378481
277 287 -1 -1 14.946039
277 282 287 -1 18.719153
287 291 -1 -1 17.306518
287 311 -1 -1 21.414664
287 291 311 -1 22.250157
287 309 -1 -1 25.331459
309 311 -1 -1 16.469446
287 309 311 -1 25.531600
282 287 309 -1 25.776453
246 270 -1 -1 10.418643
246 274 -1 -1 16.984745
270 274 -1 -1 7.739633
246 270 274 -1 25.431122
270 291 -1 -1 27.658590
274 291 -1 -1 29.226917
270 274 291 -1 29.295663
270 287 -1 -1 31.424116
270 287 291 -1 31.526356
291 296 -1 -1 21.348000
274 296 -1 -1 21.562155
274 291 296 -1 29.303353
296 336 -1 -1 28.405894
296 323 -1 -1 18.054078
296 323 336 -1 29.193555
291 296 336 -1 32.164379
296 319 -1 -1 26.827248
296 319 323 -1 26.855802
296 297 -1 -1 25.904422
296 297 319 -1 27.323012
240 246 -1 -1 26.435496
240 274 -1 -1 27.716914
240 246 274 -1 28.580576
234 240 -1 -1 24.563603
234 240 246 -1 27.205405
197 240 -1 -1 24.519550
193 197 -1 -1 24.580902
193 240 -1 -1 29.973159
193 197 240 -1 30.995502
240 250 -1 -1 17.107854
193 240 250 -1 32.030046
532 543 -1 -1 13.061281
500 543 -1 -1 24.084767
500 532 543 -1 24.925559
524 543 -1 -1 15.321477
500 524 543 -1 24.689896
520 537 -1 -1 20.607056
520 549 -1 -1 16.557947
520 537 549 -1 20.660341
487 520 -1 -1 20.213135
505 520 -1 -1 17.296976
487 505 520 -1 24.982765
492 520 -1 -1 28.471826
487 492 520 -1 28.562771
492 520 537 -1 29.348715
520 550 -1 -1 25.603849
505 520 550 -1 26.673233
554 576 -1 -1 18.793166
554 574 -1 -1 13.805355
554 574 576 -1 20.979178
549 554 -1 -1 11.045692
549 554 576 -1 20.699574
550 554 -1 -1 15.271759
550 554 574 -1 19.054465
520 554 -1 -1 23.173709
520 550 554 -1 25.946740
520 549 554 -1 25.109819
410 413 -1 -1 7.162939
413 432 -1 -1 13.188602
410 413 432 -1 16.050059
413 423 -1 -1 13.462284
413 423 432 -1 15.859472
401 413 -1 -1 9.836013
401 413 423 -1 13.476663
409 435 -1 -1 16.849770
409 422 -1 -1 17.661817
409 422 435 -1 21.307467
409 410 -1 -1 10.275022
409 410 435 -1 19.863156
395 409 -1 -1 14.153707
395 409 422 -1 18.083107
378 409 -1 -1 15.956753
378 395 409 -1 17.073772
501 525 -1 -1 23.933948
510 536 -1 -1 17.745824
532 536 -1 -1 15.602761
510 532 536 -1 19.569835
525 562 -1 -1 21.900547
501 509 -1 -1 19.533638
486 509 -1 -1 14.640086
486 501 509 -1 20.896448
509 525 -1 -1 19.562279
501 509 525 -1 24.721903
475 509 -1 -1 22.786356
475 486 509 -1 23.166364
473 509 -1 -1 24.914080
473 475 509 -1 25.080223
386 408 -1 -1 24.479156
386 424 -1 -1 28.453306
386 408 424 -1 29.129721
544 546 -1 -1 17.758147
406 462 -1 -1 22.257399
430 462 -1 -1 21.388694
406 430 462 -1 25.672903
462 477 -1 -1 17.748479
430 462 477 -1 28.190102
330 360 -1 -1 18.409398
224 244 -1 -1 13.096467
214 222 -1 -1 24.782938
222 235 -1 -1 13.922652
337 356 -1 -1 23.297563
337 363 -1 -1 16.353609
356 363 -1 -1 26.272202
337 356 363 -1 26.604101
356 385 -1 -1 26.464673
356 359 -1 -1 22.847867
356 359 385 -1 26.767828
233 255 -1 -1 30.203350
206 233 -1 -1 25.493842
206 233 255 -1 31.124256
233 271 -1 -1 26.106580
225 233 -1 -1 19.945648
225 233 271 -1 28.067099
233 280 -1 -1 25.025141
233 271 280 -1 26.441715
322 326 -1 -1 7.345112
311 322 -1 -1 11.443306
311 322 326 -1 11.639312
309 322 -1 -1 8.638035
309 311 322 -1 17.461189
322 343 -1 -1 17.406422
322 326 343 -1 17.921256
313 322 -1 -1 21.634732
313 322 343 -1 22.025579
309 313 322 -1 21.736952
253 270 -1 -1 23.238329
246 253 -1 -1 19.171636
246 253 270 -1 23.541640
253 287 -1 -1 20.279703
253 270 287 -1 31.447304
253 256 -1 -1 10.074856
246 253 256 -1 27.011666
253 277 -1 -1 16.433389
253 256 277 -1 18.223267
253 277 287 -1 20.569549
240 276 -1 -1 24.618018
274 276 -1 -1 16.653326
240 274 276 -1 27.994360
250 276 -1 -1 19.598796
240 250 276 -1 24.756166
276 296 -1 -1 27.029308
274 276 296 -1 27.032881
276 297 -1 -1 18.733992
276 296 297 -1 28.336745
276 283 -1 -1 20.073777
276 283 297 -1 21.855110
250 276 283 -1 23.035792
227 240 -1 -1 21.493043
197 227 -1 -1 11.655184
197 227 240 -1 24.520120
227 234 -1 -1 14.661972
227 234 240 -1 24.732607
568 573 -1 -1 14.541467
544 573 -1 -1 14.959541
517 573 -1 -1 29.278591
517 544 573 -1 32.531409
517 568 573 -1 33.112315
546 573 -1 -1 22.643024
544 546 573 -1 22.671099
569 570 -1 -1 10.378347
565 570 -1 -1 14.449126
565 569 570 -1 21.408723
543 570 -1 -1 13.052573
543 569 -1 -1 19.246807
543 569 570 -1 20.473170
524 570 -1 -1 18.988971
524 565 570 -1 23.510187
524 543 570 -1 19.107796
557 563 -1 -1 12.394459
557 569 -1 -1 19.877354
536 557 -1 -1 19.878121
532 557 -1 -1 19.768503
532 536 557 -1 21.563735
536 563 -1 -1 16.695457
536 557 563 -1 19.959005
543 557 -1 -1 24.093553
532 543 557 -1 24.110065
543 557 569 -1 24.830666
381 413 -1 -1 14.437050
381 410 -1 -1 12.159771
381 410 413 -1 14.457494
357 381 -1 -1 16.098047
378 381 -1 -1 13.188715
357 378 381 -1 19.133482
348 381 -1 -1 21.692311
348 357 381 -1 22.113210
381 409 -1 -1 17.067768
378 381 409 -1 18.054671
381 409 410 -1 17.267240
381 401 -1 -1 18.616261
348 381 401 -1 24.268280
381 401 413 -1 18.817159
535 536 -1 -1 10.791312
535 563 -1 -1 14.607622
535 536 563 -1 16.919147
562 572 -1 -1 12.805297
563 572 -1 -1 12.370158
535 572 -1 -1 21.677216
535 563 572 -1 22.624858
525 572 -1 -1 24.737991
525 562 572 -1 24.777449
525 535 -1 -1 11.075416
525 535 572 -1 24.758210
371 394 -1 -1 18.345533
371 424 -1 -1 25.099186
371 394 424 -1 25.302989
371 386 -1 -1 14.436185
371 386 424 -1 28.475774
371 385 -1 -1 24.629922
371 385 394 -1 26.380167
356 371 -1 -1 17.931462
356 371 385 -1 27.391174
363 371 -1 -1 21.002656
363 386 -1 -1 16.502391
363 371 386 -1 21.075651
356 363 371 -1 26.394486
300 330 -1 -1 27.169162
315 330 -1 -1 26.477341
300 315 -1 -1 19.693389
300 315 330 -1 28.849535
302 315 -1 -1 20.324838
300 302 315 -1 34.918281
315 337 -1 -1 23.747481
302 337 -1 -1 24.155612
302 315 337 -1 26.453837
364 406 -1 -1 29.841936
360 364 -1 -1 16.878503
214 223 -1 -1 10.200530
223 224 -1 -1 9.236758
247 267 -1 -1 19.633742
247 272 -1 -1 27.424334
247 267 272 -1 27.505526
224 247 -1 -1 16.019848
244 247 -1 -1 22.325830
224 244 247 -1 22.645819
223 247 -1 -1 18.430716
214 247 -1 -1 20.125679
214 223 247 -1 20.233127
223 224 247 -1 18.431254
247 252 -1 -1 24.938179
244 247 252 -1 26.524877
247 252 267 -1 24.942841
328 356 -1 -1 17.481105
328 337 -1 -1 23.271342
328 337 356 -1 25.121604
299 328 -1 -1 19.459184
302 328 -1 -1 29.786101
299 302 328 -1 29.832019
302 328 337 -1 30.475846
305 328 -1 -1 22.993662
299 305 328 -1 23.122663
328 334 -1 -1 31.614775
305 328 334 -1 33.318143
328 359 -1 -1 30.502049
328 334 359 -1 32.669769
328 356 359 -1 30.757612
233 262 -1 -1 27.245544
262 280 -1 -1 10.836333
233 262 280 -1 27.245630
255 262 -1 -1 21.783031
233 255 262 -1 31.249649
262 282 -1 -1 15.529605
255 262 282 -1 22.482404
262 285 -1 -1 13.077148
262 280 285 -1 13.327576
262 282 285 -1 25.230995
516 535 -1 -1 16.329629
516 536 -1 -1 14.773353
516 535 536 -1 16.714717
510 516 -1 -1 15.421801
510 516 536 -1 18.664135
509 516 -1 -1 10.543388
516 525 -1 -1 20.010205
509 516 525 -1 20.544182
516 525 535 -1 20.019611
473 516 -1 -1 23.417501
473 510 516 -1 23.610196
473 509 516 -1 24.991471
375 386 -1 -1 13.839509
363 375 -1 -1 17.944006
363 375 386 -1 18.877694
364 375 -1 -1 15.129977
363 364 -1 -1 25.068182
363 364 375 -1 25.327562
375 406 -1 -1 28.968551
364 375 406 -1 30.473590
375 408 -1 -1 29.324049
375 406 408 -1 34.831577
375 386 408 -1 29.477918
315 344 -1 -1 17.150844
330 344 -1 -1 21.324295
315 330 344 -1 26.534123
344 360 -1 -1 27.628154
330 344 360 -1 27.648774
344 364 -1 -1 22.354478
344 360 364 -1 27.639158
344 363 -1 -1 20.002193
344 363 364 -1 26.308985
337 344 -1 -1 21.278140
337 344 363 -1 22.526588
315 337 344 -1 24.530770
236 247 -1 -1 16.629190
236 272 -1 -1 24.031731
236 247 272 -1 27.650243
236 258 -1 -1 28.074674
236 258 272 -1 29.912892
235 236 -1 -1 21.425727
235 236 258 -1 29.198015
222 236 -1 -1 23.219353
222 235 236 -1 23.653361
214 236 -1 -1 22.380039
214 222 236 -1 27.167830
214 236 247 -1 23.243115
193 -1 -1 -1 0.000000
197 -1 -1 -1 0.000000
206 -1 -1 -1 0.000000
209 -1 -1 -1 0.000000
214 -1 -1 -1 0.000000
221 -1 -1 -1 0.000000
222 -1 -1 -1 0.000000
223 -1 -1 -1 0.000000
224 -1 -1 -1 0.000000
225 -1 -1 -1 0.000000
227 -1 -1 -1 0.000000
229 -1 -1 -1 0.000000
233 -1 -1 -1 0.000000
234 -1 -1 -1 0.000000
235 -1 -1 -1 0.000000
236 -1 -1 -1 0.000000
240 -1 -1 -1 0.000000
244 -1 -1 -1 0.000000
246 -1 -1 -1 0.000000
247 -1 -1 -1 0.000000
249 -1 -1 -1 0.000000
250 -1 -1 -1 0.000000
252 -1 -1 -1 0.000000
253 -1 -1 -1 0.000000
255 -1 -1 -1 0.000000
256 -1 -1 -1 0.000000
258 -1 -1 -1 0.000000
262 -1 -1 -1 0.000000
267 -1 -1 -1 0.000000
270 -1 -1 -1 0.000000
271 -1 -1 -1 0.000000
272 -1 -1 -1 0.000000
274 -1 -1 -1 0.000000
276 -1 -1 -1 0.000000
277 -1 -1 -1 0.000000
280 -1 -1 -1 0.000000
282 -1 -1 -1 0.000000
283 -1 -1 -1 0.000000
285 -1 -1 -1 0.000000
286 -1 -1 -1 0.000000
287 -1 -1 -1 0.000000
289 -1 -1 -1 0.000000
291 -1 -1 -1 0.000000
294 -1 -1 -1 0.000000
295 -1 -1 -1 0.000000
296 -1 -1 -1 0.000000
297 -1 -1 -1 0.000000
299 -1 -1 -1 0.000000
300 -1 -1 -1 0.000000
302 -1 -1 -1 0.000000
305 -1 -1 -1 0.000000
309 -1 -1 -1 0.000000
310 -1 -1 -1 0.000000
311 -1 -1 -1 0.000000
313 -1 -1 -1 0.000000
314 -1 -1 -1 0.000000
315 -1 -1 -1 0.000000
319 -1 -1 -1 0.000000
322 -1 -1 -1 0.000000
323 -1 -1 -1 0.000000
325 -1 -1 -1 0.000000
326 -1 -1 -1 0.000000
328 -1 -1 -1 0.000000
329 -1 -1 -1 0.000000
330 -1 -1 -1 0.000000
334 -1 -1 -1 0.000000
336 -1 -1 -1 0.000000
337 -1 -1 -1 0.000000
342 -1 -1 -1 0.000000
343 -1 -1 -1 0.000000
344 -1 -1 -1 0.000000
345 -1 -1 -1 0.000000
348 -1 -1 -1 0.000000
351 -1 -1 -1 0.000000
352 -1 -1 -1 0.000000
354 -1 -1 -1 0.000000
356 -1 -1 -1 0.000000
357 -1 -1 -1 0.000000
359 -1 -1 -1 0.000000
360 -1 -1 -1 0.000000
362 -1 -1 -1 0.000000
363 -1 -1 -1 0.000000
364 -1 -1 -1 0.000000
368 -1 -1 -1 0.000000
369 -1 -1 -1 0.000000
371 -1 -1 -1 0.000000
374 -1 -1 -1 0.000000
375 -1 -1 -1 0.000000
377 -1 -1 -1 0.000000
378 -1 -1 -1 0.000000
379 -1 -1 -1 0.000000
380 -1 -1 -1 0.000000
381 -1 -1 -1 0.000000
385 -1 -1 -1 0.000000
386 -1 -1 -1 0.000000
393 -1 -1 -1 0.000000
394 -1 -1 -1 0.000000
395 -1 -1 -1 0.000000
398 -1 -1 -1 0.000000
401 -1 -1 -1 0.000000
406 -1 -1 -1 0.000000
408 -1 -1 -1 0.000000
409 -1 -1 -1 0.000000
410 -1 -1 -1 0.000000
411 -1 -1 -1 0.000000
412 -1 -1 -1 0.000000
413 -1 -1 -1 0.000000
416 -1 -1 -1 0.000000
418 -1 -1 -1 0.000000
419 -1 -1 -1 0.000000
422 -1 -1 -1 0.000000
423 -1 -1 -1 0.000000
424 -1 -1 -1 0.000000
425 -1 -1 -1 0.000000
430 -1 -1 -1 0.000000
431 -1 -1 -1 0.000000
432 -1 -1 -1 0.000000
433 -1 -1 -1 0.000000
434 -1 -1 -1 0.000000
435 -1 -1 -1 0.000000
440 -1 -1 -1 0.000000
442 -1 -1 -1 0.000000
443 -1 -1 -1 0.000000
446 -1 -1 -1 0.000000
447 -1 -1 -1 0.000000
450 -1 -1 -1 0.000000
453 -1 -1 -1 0.000000
457 -1 -1 -1 0.000000
460 -1 -1 -1 0.000000
461 -1 -1 -1 0.000000
462 -1 -1 -1 0.000000
463 -1 -1 -1 0.000000
465 -1 -1 -1 0.000000
466 -1 -1 -1 0.000000
470 -1 -1 -1 0.000000
473 -1 -1 -1 0.000000
475 -1 -1 -1 0.000000
476 -1 -1 -1 0.000000
477 -1 -1 -1 0.000000
478 -1 -1 -1 0.000000
481 -1 -1 -1 0.000000
482 -1 -1 -1 0.000000
485 -1 -1 -1 0.000000
486 -1 -1 -1 0.000000
487 -1 -1 -1 0.000000
492 -1 -1 -1 0.000000
495 -1 -1 -1 0.000000
497 -1 -1 -1 0.000000
499 -1 -1 -1 0.000000
500 -1 -1 -1 0.000000
501 -1 -1 -1 0.000000
504 -1 -1 -1 0.000000
505 -1 -1 -1 0.000000
506 -1 -1 -1 0.000000
509 -1 -1 -1 0.000000
510 -1 -1 -1 0.000000
515 -1 -1 -1 0.000000
516 -1 -1 -1 0.000000
517 -1 -1 -1 0.000000
520 -1 -1 -1 0.000000
524 -1 -1 -1 0.000000
525 -1 -1 -1 0.000000
532 -1 -1 -1 0.000000
535 -1 -1 -1 0.000000
536 -1 -1 -1 0.000000
537 -1 -1 -1 0.000000
541 -1 -1 -1 0.000000
543 -1 -1 -1 0.000000
544 -1 -1 -1 0.000000
546 -1 -1 -1 0.000000
548 -1 -1 -1 0.000000
549 -1 -1 -1 0.000000
550 -1 -1 -1 0.000000
554 -1 -1 -1 0.000000
556 -1 -1 -1 0.000000
557 -1 -1 -1 0.000000
562 -1 -1 -1 0.000000
563 -1 -1 -1 0.000000
565 -1 -1 -1 0.000000
568 -1 -1 -1 0.000000
569 -1 -1 -1 0.000000
570 -1 -1 -1 0.000000
572 -1 -1 -1 0.000000
573 -1 -1 -1 0.000000
574 -1 -1 -1 0.000000
575 -1 -1 -1 0.000000
576 -1 -1 -1 0.000000
