466 500 -1 -1 28.592857
472 500 -1 -1 23.610432
466 472 -1 -1 16.546071
466 472 500 -1 28.597237
265 278 -1 -1 21.737484
265 316 -1 -1 30.897781
278 316 -1 -1 34.523280
265 278 316 -1 35.065605
327 344 -1 -1 35.486897
309 344 -1 -1 22.358132
309 327 -1 -1 27.110672
309 327 344 -1 35.494114
521 549 -1 -1 24.335316
549 553 -1 -1 17.491269
521 553 -1 -1 30.309254
521 549 553 -1 30.318045
491 494 -1 -1 23.983134
478 491 -1 -1 16.310142
478 494 -1 -1 20.177485
478 491 494 -1 24.253257
494 521 -1 -1 20.607351
491 521 -1 -1 23.487515
491 494 521 -1 26.352122
476 491 -1 -1 16.729004
476 478 -1 -1 19.060061
476 478 491 -1 20.225897
466 493 -1 -1 29.100280
465 466 -1 -1 18.227092
465 493 -1 -1 22.830789
465 466 493 -1 29.101208
493 500 -1 -1 27.694863
466 493 500 -1 32.886001
219 231 -1 -1 22.452710
212 231 -1 -1 14.875284
212 219 -1 -1 27.882079
212 219 231 -1 27.966989
344 362 -1 -1 29.582904
362 381 -1 -1 24.780928
344 381 -1 -1 20.785422
344 362 381 -1 29.998984
327 362 -1 -1 22.732091
327 344 362 -1 35.660569
347 370 -1 -1 24.678114
223 244 -1 -1 22.634910
244 247 -1 -1 21.412952
223 247 -1 -1 22.480236
223 244 247 -1 25.628556
244 278 -1 -1 29.581324
247 278 -1 -1 25.928085
244 247 278 -1 30.398455
244 265 -1 -1 28.310806
244 265 278 -1 31.269689
265 286 -1 -1 19.796150
286 316 -1 -1 27.475513
265 286 316 -1 31.391217
544 568 -1 -1 39.449626
511 568 -1 -1 32.700694
511 544 -1 -1 22.172410
511 544 568 -1 39.449831
509 544 -1 -1 25.990511
509 511 -1 -1 29.242683
509 511 544 -1 30.376795
278 329 -1 -1 24.058925
316 329 -1 -1 22.732440
278 316 329 -1 34.657745
452 466 -1 -1 19.363489
452 472 -1 -1 19.860353
452 466 472 -1 21.636963
323 344 -1 -1 24.011786
309 323 -1 -1 20.140367
309 323 344 -1 25.794017
286 323 -1 -1 18.653164
316 323 -1 -1 19.238908
286 316 323 -1 27.511754
549 578 -1 -1 21.435174
553 578 -1 -1 25.820019
549 553 578 -1 26.046812
487 492 -1 -1 23.039401
474 492 -1 -1 14.456631
474 487 -1 -1 18.003040
474 487 492 -1 23.039624
517 549 -1 -1 18.168752
517 521 -1 -1 27.978301
517 521 549 -1 28.333212
494 517 -1 -1 28.180532
494 517 521 -1 30.186142
517 578 -1 -1 31.537937
517 549 578 -1 32.691331
492 517 -1 -1 29.800292
492 515 -1 -1 15.256203
515 517 -1 -1 19.845958
492 515 517 -1 33.038215
492 494 -1 -1 30.144355
492 494 517 -1 33.960220
508 545 -1 -1 19.244777
471 493 -1 -1 25.777676
465 471 -1 -1 23.497705
465 471 493 -1 27.881812
274 278 -1 -1 26.272338
247 274 -1 -1 14.375433
247 274 278 -1 27.156634
206 225 -1 -1 23.748620
187 225 -1 -1 31.184543
187 206 -1 -1 17.286919
187 206 225 -1 31.466343
346 362 -1 -1 12.931718
346 370 -1 -1 24.587100
362 370 -1 -1 27.159720
346 362 370 -1 27.198864
327 346 -1 -1 15.809102
327 346 362 -1 23.437972
186 201 -1 -1 16.849212
186 226 -1 -1 29.522013
201 226 -1 -1 18.116655
186 201 226 -1 32.613388
186 236 -1 -1 30.896227
226 236 -1 -1 25.676797
186 226 236 -1 33.403448
186 225 -1 -1 33.038893
186 187 -1 -1 18.238340
186 187 225 -1 33.636934
225 236 -1 -1 19.885661
186 225 236 -1 33.794856
448 457 -1 -1 28.209116
437 457 -1 -1 18.902659
437 448 -1 -1 26.744644
437 448 457 -1 29.329875
448 474 -1 -1 16.566797
457 474 -1 -1 25.192310
448 457 474 -1 28.472896
448 487 -1 -1 24.913059
448 474 487 -1 24.930163
448 452 -1 -1 26.297662
434 448 -1 -1 17.181400
434 452 -1 -1 19.938102
434 448 452 -1 26.297700
448 472 -1 -1 28.864030
472 487 -1 -1 16.369902
448 472 487 -1 28.931088
448 452 472 -1 29.748878
568 575 -1 -1 33.835439
544 575 -1 -1 23.737559
544 568 575 -1 39.627519
525 544 -1 -1 26.588635
509 525 -1 -1 24.768255
509 525 544 -1 29.808300
274 295 -1 -1 17.104757
288 295 -1 -1 20.156621
274 288 -1 -1 19.749299
274 288 295 -1 22.088488
295 329 -1 -1 28.512461
278 295 -1 -1 22.481970
278 295 329 -1 29.453830
274 278 295 -1 26.534159
427 452 -1 -1 16.365951
427 434 -1 -1 13.894546
427 434 452 -1 20.134546
435 471 -1 -1 23.230559
435 461 -1 -1 22.301012
461 471 -1 -1 19.621238
435 461 471 -1 25.246376
435 465 -1 -1 27.928074
435 465 471 -1 29.142078
344 391 -1 -1 20.342541
381 391 -1 -1 21.352296
344 381 391 -1 24.063040
329 360 -1 -1 20.392161
316 360 -1 -1 24.825832
316 329 360 -1 26.410130
481 509 -1 -1 22.983343
481 511 -1 -1 33.428540
481 509 511 -1 34.102428
481 498 -1 -1 19.984236
498 511 -1 -1 27.731934
481 498 511 -1 33.463931
484 494 -1 -1 16.114289
478 484 -1 -1 20.883351
478 484 494 -1 22.336005
484 492 -1 -1 25.054735
484 492 494 -1 30.154821
474 484 -1 -1 27.887101
474 484 492 -1 27.980193
457 484 -1 -1 15.019507
457 474 484 -1 28.054507
545 548 -1 -1 14.615869
508 528 -1 -1 16.780849
528 545 -1 -1 17.914870
508 528 545 -1 20.863058
528 548 -1 -1 17.608565
528 545 548 -1 19.490462
491 528 -1 -1 24.169147
521 528 -1 -1 12.842757
491 521 528 -1 24.773592
491 508 -1 -1 18.105340
491 508 528 -1 24.190045
528 553 -1 -1 29.267379
521 528 553 -1 30.597052
548 553 -1 -1 20.042066
528 548 553 -1 29.903714
446 455 -1 -1 17.369055
433 446 -1 -1 15.949761
433 455 -1 -1 15.034541
433 446 455 -1 18.717680
455 476 -1 -1 22.463982
446 476 -1 -1 21.879337
446 455 476 -1 24.106610
460 476 -1 -1 24.730226
460 478 -1 -1 15.666545
460 476 478 -1 24.730509
455 460 -1 -1 12.157337
455 460 476 -1 24.799671
460 484 -1 -1 25.286775
460 478 484 -1 25.339362
457 460 -1 -1 24.776588
457 460 484 -1 26.252844
533 568 -1 -1 22.019632
511 533 -1 -1 25.822013
511 533 568 -1 32.786681
493 523 -1 -1 19.415873
493 505 -1 -1 27.428059
505 523 -1 -1 24.352543
493 505 523 -1 28.185268
492 522 -1 -1 24.107796
515 522 -1 -1 16.488483
492 515 522 -1 24.391907
487 522 -1 -1 21.956379
487 492 522 -1 26.656435
488 493 -1 -1 30.916578
488 505 -1 -1 17.237019
488 493 505 -1 31.069104
471 488 -1 -1 15.628079
471 488 493 -1 30.969561
461 488 -1 -1 21.982498
461 471 488 -1 22.633203
270 274 -1 -1 10.414311
247 270 -1 -1 19.283549
247 270 274 -1 19.639453
270 288 -1 -1 17.583672
270 274 288 -1 19.805653
260 268 -1 -1 20.992594
233 260 -1 -1 21.490774
233 268 -1 -1 24.518915
233 260 268 -1 26.012735
249 260 -1 -1 17.745475
233 249 -1 -1 19.750216
233 249 260 -1 22.913131
268 301 -1 -1 19.938120
260 301 -1 -1 23.588167
260 268 301 -1 25.050410
346 359 -1 -1 7.147764
327 359 -1 -1 18.996264
327 346 359 -1 19.699348
347 359 -1 -1 12.910992
359 370 -1 -1 22.348604
347 359 370 -1 24.800002
346 359 370 -1 24.945674
320 347 -1 -1 16.140894
418 429 -1 -1 27.120911
370 429 -1 -1 31.665543
370 418 -1 -1 21.852902
370 418 429 -1 32.176422
194 209 -1 -1 21.396715
194 227 -1 -1 27.665016
219 227 -1 -1 24.110037
194 219 -1 -1 19.034005
194 219 227 -1 28.201883
209 227 -1 -1 27.753540
194 209 227 -1 30.038645
209 223 -1 -1 16.152698
223 227 -1 -1 26.472315
209 223 227 -1 28.476146
227 247 -1 -1 25.861978
223 227 247 -1 28.983386
227 270 -1 -1 19.303566
227 247 270 -1 25.996507
262 279 -1 -1 18.177038
236 262 -1 -1 18.939474
236 279 -1 -1 20.985281
236 262 279 -1 22.505016
226 262 -1 -1 24.815562
226 236 262 -1 27.254963
243 262 -1 -1 19.789380
226 243 -1 -1 13.868529
226 243 262 -1 24.857461
262 286 -1 -1 18.199515
262 265 -1 -1 24.409763
262 265 286 -1 24.799685
243 265 -1 -1 22.187245
243 262 265 -1 25.839527
243 251 -1 -1 11.925843
226 251 -1 -1 21.372036
226 243 251 -1 22.998994
244 251 -1 -1 10.507815
251 265 -1 -1 24.093257
244 251 265 -1 29.011404
243 251 265 -1 24.219745
200 201 -1 -1 19.177900
200 226 -1 -1 24.552381
200 201 226 -1 24.776176
442 452 -1 -1 13.361655
442 466 -1 -1 20.174592
442 452 466 -1 21.034786
427 442 -1 -1 18.482528
427 442 452 -1 19.036876
435 447 -1 -1 21.624243
401 447 -1 -1 21.648116
401 435 -1 -1 25.594707
401 435 447 -1 26.833240
428 447 -1 -1 12.326548
401 428 -1 -1 16.671527
401 428 447 -1 21.745013
447 465 -1 -1 15.856018
435 447 465 -1 28.039068
442 447 -1 -1 21.083274
428 442 -1 -1 16.075435
428 442 447 -1 21.161945
447 466 -1 -1 26.065525
447 465 466 -1 26.430852
442 447 466 -1 26.615923
397 435 -1 -1 23.345021
397 401 -1 -1 20.406534
397 401 435 -1 27.029810
391 397 -1 -1 13.234191
391 401 -1 -1 25.250284
391 397 401 -1 25.342382
381 397 -1 -1 21.265201
381 391 397 -1 22.417387
323 361 -1 -1 30.493864
344 361 -1 -1 26.342171
323 344 361 -1 31.663078
361 391 -1 -1 12.238823
344 361 391 -1 27.293240
316 361 -1 -1 24.595975
316 323 361 -1 30.528736
360 361 -1 -1 24.012481
316 360 361 -1 28.272990
361 401 -1 -1 23.978724
361 391 401 -1 25.533587
360 401 -1 -1 31.027717
360 361 401 -1 31.453590
360 380 -1 -1 16.737991
380 401 -1 -1 24.432437
360 380 401 -1 31.199114
380 428 -1 -1 24.338092
380 401 428 -1 25.948726
421 435 -1 -1 26.068876
421 461 -1 -1 18.637349
421 435 461 -1 26.598776
416 421 -1 -1 12.854560
416 429 -1 -1 19.478140
421 429 -1 -1 27.674250
416 421 429 -1 30.847698
397 421 -1 -1 29.658513
397 421 435 -1 30.926494
381 421 -1 -1 27.961498
381 416 -1 -1 23.474924
381 416 421 -1 28.127816
381 397 421 -1 31.070510
390 429 -1 -1 20.970913
370 390 -1 -1 25.846889
370 390 429 -1 31.815515
390 416 -1 -1 14.058708
390 416 429 -1 21.662334
362 390 -1 -1 20.711875
362 370 390 -1 28.832593
381 390 -1 -1 23.354921
362 381 390 -1 26.702244
381 390 416 -1 24.547928
469 509 -1 -1 31.283963
469 481 -1 -1 20.573714
469 481 509 -1 31.296886
443 469 -1 -1 18.970251
443 481 -1 -1 24.637174
443 469 481 -1 25.289586
248 276 -1 -1 20.496506
276 283 -1 -1 19.141607
248 283 -1 -1 18.442145
248 276 283 -1 22.424489
392 423 -1 -1 14.824581
392 433 -1 -1 25.352773
423 433 -1 -1 17.729230
392 423 433 -1 25.912538
423 446 -1 -1 17.141621
423 433 446 -1 19.614339
520 533 -1 -1 20.984968
505 520 -1 -1 13.293528
505 533 -1 -1 24.295856
505 520 533 -1 24.323930
520 523 -1 -1 17.343787
505 520 523 -1 25.154716
493 529 -1 -1 28.717116
500 529 -1 -1 15.382532
493 500 529 -1 29.372283
523 529 -1 -1 21.354270
493 523 529 -1 28.718557
504 522 -1 -1 11.895400
487 504 -1 -1 16.201779
487 504 522 -1 22.421259
500 504 -1 -1 18.161986
472 504 -1 -1 24.321197
472 500 504 -1 25.911057
472 487 504 -1 24.483894
517 561 -1 -1 33.095536
561 578 -1 -1 22.277084
517 561 578 -1 34.490631
488 502 -1 -1 18.050931
502 505 -1 -1 17.281764
488 502 505 -1 20.248613
502 533 -1 -1 23.358481
502 505 533 -1 25.595446
498 502 -1 -1 17.884876
502 511 -1 -1 27.231742
498 502 511 -1 29.072487
502 511 533 -1 29.577589
470 488 -1 -1 23.665472
461 470 -1 -1 18.471835
461 470 488 -1 25.028934
470 502 -1 -1 25.899491
470 498 -1 -1 15.064426
470 498 502 -1 26.613475
470 488 502 -1 26.761583
421 470 -1 -1 28.393521
421 461 470 -1 28.817197
470 481 -1 -1 27.002176
470 481 498 -1 27.404646
443 470 -1 -1 30.195833
443 470 481 -1 31.859413
429 470 -1 -1 34.225573
429 443 -1 -1 14.341923
429 443 470 -1 34.292065
421 429 470 -1 35.395251
215 248 -1 -1 23.159015
199 215 -1 -1 23.959271
215 231 -1 -1 23.985433
212 215 -1 -1 18.739847
212 215 231 -1 23.985745
234 268 -1 -1 25.332216
233 234 -1 -1 18.908631
233 234 268 -1 26.956384
224 249 -1 -1 12.084976
224 233 -1 -1 16.833673
224 233 249 -1 19.843229
206 224 -1 -1 16.819314
224 225 -1 -1 17.851057
206 224 225 -1 23.795196
225 249 -1 -1 12.078869
224 225 249 -1 17.926265
249 263 -1 -1 19.992247
260 263 -1 -1 23.755357
249 260 263 -1 24.306755
225 263 -1 -1 17.279526
225 249 263 -1 20.108341
236 263 -1 -1 17.751017
225 236 263 -1 21.277665
263 279 -1 -1 15.513721
236 263 279 -1 21.461593
313 359 -1 -1 24.756844
313 347 -1 -1 19.486707
313 347 359 -1 24.975755
313 320 -1 -1 9.216478
313 320 347 -1 19.617197
301 313 -1 -1 13.456632
313 327 -1 -1 25.927996
301 327 -1 -1 21.067838
301 313 327 -1 26.018788
313 327 359 -1 27.372363
268 313 -1 -1 23.742368
268 301 313 -1 23.751538
174 194 -1 -1 26.898017
174 219 -1 -1 23.202616
174 194 219 -1 27.455890
174 212 -1 -1 21.267768
174 212 219 -1 28.556791
262 291 -1 -1 15.065346
286 291 -1 -1 10.016526
262 286 291 -1 18.201056
279 291 -1 -1 12.089817
262 279 291 -1 18.303361
279 309 -1 -1 26.259348
291 309 -1 -1 25.007876
279 291 309 -1 26.504206
291 323 -1 -1 22.668645
291 309 323 -1 26.415634
286 291 323 -1 23.026193
220 244 -1 -1 16.906324
220 223 -1 -1 20.443851
220 223 244 -1 23.556240
220 251 -1 -1 18.251318
220 244 251 -1 18.546405
220 226 -1 -1 27.668885
220 226 251 -1 27.682326
200 220 -1 -1 18.626223
200 220 226 -1 28.247581
177 200 -1 -1 23.867547
177 220 -1 -1 23.619106
177 200 220 -1 25.813414
177 209 -1 -1 22.510974
177 223 -1 -1 26.349939
177 209 223 -1 26.484945
177 220 223 -1 27.546099
567 568 -1 -1 18.046660
567 577 -1 -1 21.448696
533 567 -1 -1 24.398453
533 567 568 -1 25.345845
520 567 -1 -1 31.088341
520 533 567 -1 31.159507
419 442 -1 -1 14.240447
419 427 -1 -1 12.816549
419 427 442 -1 18.527616
419 428 -1 -1 18.717955
419 428 442 -1 19.291911
380 419 -1 -1 19.460571
405 419 -1 -1 10.497281
380 405 -1 -1 11.770359
380 405 419 -1 22.881600
380 419 428 -1 24.778422
439 469 -1 -1 21.045068
439 443 -1 -1 18.981654
439 443 469 -1 22.802956
418 439 -1 -1 12.639785
429 439 -1 -1 23.120319
429 439 443 -1 23.158974
418 429 439 -1 27.188646
363 392 -1 -1 18.566375
363 433 -1 -1 27.413945
363 392 433 -1 28.317775
363 400 -1 -1 22.110156
400 433 -1 -1 19.697008
363 400 433 -1 27.702118
321 363 -1 -1 32.918720
400 432 -1 -1 16.601152
400 404 -1 -1 16.898072
404 432 -1 -1 19.230945
400 404 432 -1 20.456992
432 460 -1 -1 17.524772
432 455 -1 -1 17.594109
432 455 460 -1 18.716938
432 457 -1 -1 28.864790
432 437 -1 -1 26.477490
432 437 457 -1 29.624180
432 457 460 -1 29.013532
432 433 -1 -1 21.328757
432 433 455 -1 21.581155
400 432 433 -1 22.504915
377 400 -1 -1 18.470294
377 404 -1 -1 20.103542
377 400 404 -1 21.517445
413 432 -1 -1 25.300574
413 437 -1 -1 13.314711
413 432 437 -1 26.881314
404 413 -1 -1 13.123011
404 413 432 -1 25.792180
305 315 -1 -1 24.093760
305 336 -1 -1 22.288163
315 336 -1 -1 27.454502
305 315 336 -1 28.791816
315 321 -1 -1 19.677587
283 315 -1 -1 22.046860
520 550 -1 -1 20.207493
523 550 -1 -1 19.609684
520 523 550 -1 22.125194
550 567 -1 -1 25.328698
550 577 -1 -1 13.762897
550 567 577 -1 25.330977
520 550 567 -1 31.192038
522 542 -1 -1 18.002327
515 542 -1 -1 19.417528
515 522 542 -1 20.889659
517 542 -1 -1 26.817221
515 517 542 -1 26.877853
542 561 -1 -1 21.423974
517 542 561 -1 33.181870
269 292 -1 -1 14.308349
255 292 -1 -1 14.858451
255 269 -1 -1 16.724857
255 269 292 -1 17.803981
242 276 -1 -1 20.773035
242 248 -1 -1 21.452035
242 248 276 -1 24.155325
215 242 -1 -1 19.258149
215 242 248 -1 24.789728
231 242 -1 -1 15.113803
215 231 242 -1 24.005847
227 230 -1 -1 22.953895
219 230 -1 -1 12.770256
219 227 230 -1 24.535206
230 255 -1 -1 14.671027
227 255 -1 -1 28.456145
227 230 255 -1 28.600707
230 231 -1 -1 17.986815
219 230 231 -1 22.469055
231 255 -1 -1 23.747260
230 231 255 -1 23.774307
207 234 -1 -1 26.442986
207 233 -1 -1 22.560228
207 233 234 -1 26.966332
207 224 -1 -1 22.865284
207 224 233 -1 24.456744
206 207 -1 -1 25.794519
206 207 224 -1 26.235001
263 280 -1 -1 19.993546
260 280 -1 -1 22.163732
260 263 280 -1 25.554458
280 301 -1 -1 26.403919
260 280 301 -1 28.025056
279 280 -1 -1 20.441291
280 309 -1 -1 22.145439
279 280 309 -1 27.060835
263 279 280 -1 21.899334
280 327 -1 -1 26.780663
280 309 327 -1 29.558623
280 301 327 -1 28.964638
369 413 -1 -1 22.290158
369 404 -1 -1 18.870745
369 404 413 -1 22.335282
369 372 -1 -1 17.553728
372 413 -1 -1 22.672644
369 372 413 -1 24.423270
345 377 -1 -1 21.035144
336 345 -1 -1 15.060076
336 377 -1 -1 19.789805
336 345 377 -1 22.016344
315 345 -1 -1 19.037170
315 336 345 -1 28.659649
345 363 -1 -1 21.722953
321 345 -1 -1 28.343706
321 345 363 -1 33.324616
315 321 345 -1 28.416916
363 383 -1 -1 14.371719
383 400 -1 -1 17.578311
363 383 400 -1 22.141055
377 383 -1 -1 8.528893
377 383 400 -1 18.641864
345 383 -1 -1 17.221067
345 363 383 -1 21.766303
345 377 383 -1 21.719726
414 427 -1 -1 11.120801
414 434 -1 -1 17.757112
414 427 434 -1 17.757298
398 414 -1 -1 14.234593
398 434 -1 -1 20.424197
398 414 434 -1 20.842656
414 419 -1 -1 17.469027
405 414 -1 -1 16.667002
405 414 419 -1 17.979835
414 419 427 -1 17.501028
398 424 -1 -1 17.303709
372 424 -1 -1 22.995036
372 398 -1 -1 18.507120
372 398 424 -1 23.362564
413 424 -1 -1 16.189956
372 413 424 -1 24.423548
424 437 -1 -1 14.483081
413 424 437 -1 17.112563
424 434 -1 -1 20.293956
398 424 434 -1 22.491388
424 448 -1 -1 25.080837
424 437 448 -1 27.139870
424 434 448 -1 25.239200
305 332 -1 -1 20.262478
332 336 -1 -1 17.069374
305 332 336 -1 23.338352
302 305 -1 -1 13.477230
302 332 -1 -1 17.071272
302 305 332 -1 20.451989
276 308 -1 -1 14.136805
276 305 -1 -1 19.728462
305 308 -1 -1 15.131389
276 305 308 -1 19.813507
308 315 -1 -1 15.984905
305 308 315 -1 24.583035
283 308 -1 -1 14.845083
276 283 308 -1 19.300967
283 308 315 -1 22.051924
540 542 -1 -1 17.673295
522 540 -1 -1 18.445117
522 540 542 -1 20.840802
270 277 -1 -1 10.447157
277 288 -1 -1 14.630203
270 277 288 -1 17.602143
269 277 -1 -1 9.437618
269 288 -1 -1 15.119900
269 277 288 -1 15.702115
227 277 -1 -1 21.444194
227 270 277 -1 21.475925
255 277 -1 -1 21.094441
227 255 277 -1 28.614596
255 269 277 -1 21.736944
257 292 -1 -1 15.583104
255 257 -1 -1 16.536757
255 257 292 -1 18.136097
231 257 -1 -1 23.977921
231 255 257 -1 25.440383
242 257 -1 -1 17.719378
231 242 257 -1 24.022286
257 276 -1 -1 17.014561
242 257 276 -1 21.672989
292 302 -1 -1 13.721134
257 302 -1 -1 21.038072
257 292 302 -1 21.045681
257 305 -1 -1 25.398467
257 302 305 -1 25.415645
257 276 305 -1 25.430385
377 388 -1 -1 9.284216
388 404 -1 -1 14.984772
377 388 404 -1 21.342215
369 388 -1 -1 10.382965
369 388 404 -1 18.925977
336 388 -1 -1 22.928103
336 377 388 -1 23.125121
358 360 -1 -1 22.772609
329 358 -1 -1 21.015056
329 358 360 -1 24.792877
385 414 -1 -1 13.827726
385 398 -1 -1 19.442839
385 398 414 -1 19.458529
385 405 -1 -1 15.334006
385 405 414 -1 17.794463
350 354 -1 -1 16.872122
354 372 -1 -1 23.004480
350 372 -1 -1 22.920108
350 354 372 -1 24.689061
332 357 -1 -1 15.806816
332 350 -1 -1 19.036616
350 357 -1 -1 10.847137
332 350 357 -1 19.038741
357 372 -1 -1 23.112854
350 357 372 -1 23.686711
357 369 -1 -1 14.775221
357 369 372 -1 23.115443
336 357 -1 -1 21.006365
332 336 357 -1 21.376253
357 388 -1 -1 21.075928
336 357 388 -1 25.092637
357 369 388 -1 22.834725
303 332 -1 -1 15.948500
302 303 -1 -1 14.453940
302 303 332 -1 18.396965
303 350 -1 -1 22.656287
303 332 350 -1 22.992363
292 303 -1 -1 17.707574
292 302 303 -1 18.114767
504 539 -1 -1 17.004149
522 539 -1 -1 18.665055
504 522 539 -1 19.063299
539 540 -1 -1 8.265060
522 539 540 -1 19.039212
500 539 -1 -1 20.793300
500 504 539 -1 21.812964
529 539 -1 -1 19.582384
500 529 539 -1 21.882848
540 558 -1 -1 14.282713
542 558 -1 -1 16.766952
540 542 558 -1 18.949261
558 561 -1 -1 20.413715
542 558 561 -1 22.860845
379 380 -1 -1 17.875542
360 379 -1 -1 21.396142
360 379 380 -1 22.024336
358 379 -1 -1 10.293172
358 360 379 -1 22.893212
379 405 -1 -1 17.988859
379 380 405 -1 18.984368
379 385 -1 -1 11.836678
379 385 405 -1 18.173685
365 379 -1 -1 16.038864
358 365 -1 -1 14.563176
358 365 379 -1 16.379110
365 385 -1 -1 15.934442
365 379 385 -1 17.209864
384 385 -1 -1 16.744248
384 398 -1 -1 17.120134
384 385 398 -1 20.681646
365 384 -1 -1 10.411951
365 384 385 -1 17.279464
372 384 -1 -1 17.299930
372 384 398 -1 20.412084
354 384 -1 -1 14.101580
354 372 384 -1 23.051247
354 365 -1 -1 13.359535
354 365 384 -1 14.865451
328 358 -1 -1 17.138831
328 365 -1 -1 18.841488
328 358 365 -1 19.765221
328 354 -1 -1 19.057677
328 354 365 -1 20.251361
295 328 -1 -1 17.516678
328 329 -1 -1 25.882197
295 328 329 -1 28.989166
328 329 358 -1 25.989809
303 325 -1 -1 19.367501
325 350 -1 -1 17.079690
303 325 350 -1 23.291971
325 354 -1 -1 16.364772
325 350 354 -1 19.375936
325 328 -1 -1 20.037125
325 328 354 -1 21.548962
295 325 -1 -1 26.219504
288 325 -1 -1 19.260133
288 295 325 -1 26.396563
295 325 328 -1 26.231086
550 564 -1 -1 26.807242
564 577 -1 -1 24.226177
550 564 577 -1 26.908149
558 569 -1 -1 16.248599
564 569 -1 -1 18.694658
540 569 -1 -1 23.868513
540 558 569 -1 24.462881
312 325 -1 -1 14.362177
288 312 -1 -1 14.054377
288 312 325 -1 19.324196
303 312 -1 -1 8.176252
303 312 325 -1 21.500026
269 312 -1 -1 17.335787
269 288 312 -1 18.146413
292 312 -1 -1 20.471907
269 292 312 -1 20.787823
292 303 312 -1 20.657131
543 564 -1 -1 15.665323
543 550 -1 -1 27.710867
543 550 564 -1 28.498866
529 543 -1 -1 12.132441
523 543 -1 -1 27.187412
523 529 543 -1 28.174515
523 543 550 -1 29.395729
539 543 -1 -1 19.159712
529 539 543 -1 20.406964
540 543 -1 -1 23.118940
539 540 543 -1 24.340683
543 569 -1 -1 25.550282
540 543 569 -1 27.999129
543 564 569 -1 25.676150
174 -1 -1 -1 0.000000
177 -1 -1 -1 0.000000
186 -1 -1 -1 0.000000
187 -1 -1 -1 0.000000
194 -1 -1 -1 0.000000
199 -1 -1 -1 0.000000
200 -1 -1 -1 0.000000
201 -1 -1 -1 0.000000
206 -1 -1 -1 0.000000
207 -1 -1 -1 0.000000
209 -1 -1 -1 0.000000
212 -1 -1 -1 0.000000
215 -1 -1 -1 0.000000
219 -1 -1 -1 0.000000
220 -1 -1 -1 0.000000
223 -1 -1 -1 0.000000
224 -1 -1 -1 0.000000
225 -1 -1 -1 0.000000
226 -1 -1 -1 0.000000
227 -1 -1 -1 0.000000
230 -1 -1 -1 0.000000
231 -1 -1 -1 0.000000
233 -1 -1 -1 0.000000
234 -1 -1 -1 0.000000
236 -1 -1 -1 0.000000
242 -1 -1 -1 0.000000
243 -1 -1 -1 0.000000
244 -1 -1 -1 0.000000
247 -1 -1 -1 0.000000
248 -1 -1 -1 0.000000
249 -1 -1 -1 0.000000
251 -1 -1 -1 0.000000
255 -1 -1 -1 0.000000
257 -1 -1 -1 0.000000
260 -1 -1 -1 0.000000
262 -1 -1 -1 0.000000
263 -1 -1 -1 0.000000
265 -1 -1 -1 0.000000
268 -1 -1 -1 0.000000
269 -1 -1 -1 0.000000
270 -1 -1 -1 0.000000
274 -1 -1 -1 0.000000
276 -1 -1 -1 0.000000
277 -1 -1 -1 0.000000
278 -1 -1 -1 0.000000
279 -1 -1 -1 0.000000
280 -1 -1 -1 0.000000
283 -1 -1 -1 0.000000
286 -1 -1 -1 0.000000
288 -1 -1 -1 0.000000
291 -1 -1 -1 0.000000
292 -1 -1 -1 0.000000
295 -1 -1 -1 0.000000
301 -1 -1 -1 0.000000
302 -1 -1 -1 0.000000
303 -1 -1 -1 0.000000
305 -1 -1 -1 0.000000
308 -1 -1 -1 0.000000
309 -1 -1 -1 0.000000
312 -1 -1 -1 0.000000
313 -1 -1 -1 0.000000
315 -1 -1 -1 0.000000
316 -1 -1 -1 0.000000
320 -1 -1 -1 0.000000
321 -1 -1 -1 0.000000
323 -1 -1 -1 0.000000
325 -1 -1 -1 0.000000
327 -1 -1 -1 0.000000
328 -1 -1 -1 0.000000
329 -1 -1 -1 0.000000
332 -1 -1 -1 0.000000
336 -1 -1 -1 0.000000
344 -1 -1 -1 0.000000
345 -1 -1 -1 0.000000
346 -1 -1 -1 0.000000
347 -1 -1 -1 0.000000
350 -1 -1 -1 0.000000
354 -1 -1 -1 0.000000
357 -1 -1 -1 0.000000
358 -1 -1 -1 0.000000
359 -1 -1 -1 0.000000
360 -1 -1 -1 0.000000
361 -1 -1 -1 0.000000
362 -1 -1 -1 0.000000
363 -1 -1 -1 0.000000
365 -1 -1 -1 0.000000
369 -1 -1 -1 0.000000
370 -1 -1 -1 0.000000
372 -1 -1 -1 0.000000
377 -1 -1 -1 0.000000
379 -1 -1 -1 0.000000
380 -1 -1 -1 0.000000
381 -1 -1 -1 0.000000
383 -1 -1 -1 0.000000
384 -1 -1 -1 0.000000
385 -1 -1 -1 0.000000
388 -1 -1 -1 0.000000
390 -1 -1 -1 0.000000
391 -1 -1 -1 0.000000
392 -1 -1 -1 0.000000
397 -1 -1 -1 0.000000
398 -1 -1 -1 0.000000
400 -1 -1 -1 0.000000
401 -1 -1 -1 0.000000
404 -1 -1 -1 0.000000
405 -1 -1 -1 0.000000
413 -1 -1 -1 0.000000
414 -1 -1 -1 0.000000
416 -1 -1 -1 0.000000
418 -1 -1 -1 0.000000
419 -1 -1 -1 0.000000
421 -1 -1 -1 0.000000
423 -1 -1 -1 0.000000
424 -1 -1 -1 0.000000
427 -1 -1 -1 0.000000
428 -1 -1 -1 0.000000
429 -1 -1 -1 0.000000
432 -1 -1 -1 0.000000
433 -1 -1 -1 0.000000
434 -1 -1 -1 0.000000
435 -1 -1 -1 0.000000
437 -1 -1 -1 0.000000
439 -1 -1 -1 0.000000
442 -1 -1 -1 0.000000
443 -1 -1 -1 0.000000
446 -1 -1 -1 0.000000
447 -1 -1 -1 0.000000
448 -1 -1 -1 0.000000
452 -1 -1 -1 0.000000
455 -1 -1 -1 0.000000
457 -1 -1 -1 0.000000
460 -1 -1 -1 0.000000
461 -1 -1 -1 0.000000
465 -1 -1 -1 0.000000
466 -1 -1 -1 0.000000
469 -1 -1 -1 0.000000
470 -1 -1 -1 0.000000
471 -1 -1 -1 0.000000
472 -1 -1 -1 0.000000
474 -1 -1 -1 0.000000
476 -1 -1 -1 0.000000
478 -1 -1 -1 0.000000
481 -1 -1 -1 0.000000
484 -1 -1 -1 0.000000
487 -1 -1 -1 0.000000
488 -1 -1 -1 0.000000
491 -1 -1 -1 0.000000
492 -1 -1 -1 0.000000
493 -1 -1 -1 0.000000
494 -1 -1 -1 0.000000
498 -1 -1 -1 0.000000
500 -1 -1 -1 0.000000
502 -1 -1 -1 0.000000
504 -1 -1 -1 0.000000
505 -1 -1 -1 0.000000
508 -1 -1 -1 0.000000
509 -1 -1 -1 0.000000
511 -1 -1 -1 0.000000
515 -1 -1 -1 0.000000
517 -1 -1 -1 0.000000
520 -1 -1 -1 0.000000
521 -1 -1 -1 0.000000
522 -1 -1 -1 0.000000
523 -1 -1 -1 0.000000
525 -1 -1 -1 0.000000
528 -1 -1 -1 0.000000
529 -1 -1 -1 0.000000
533 -1 -1 -1 0.000000
539 -1 -1 -1 0.000000
540 -1 -1 -1 0.000000
542 -1 -1 -1 0.000000
543 -1 -1 -1 0.000000
544 -1 -1 -1 0.000000
545 -1 -1 -1 0.000000
548 -1 -1 -1 0.000000
549 -1 -1 -1 0.000000
550 -1 -1 -1 0.000000
553 -1 -1 -1 0.000000
558 -1 -1 -1 0.000000
561 -1 -1 -1 0.000000
564 -1 -1 -1 0.000000
567 -1 -1 -1 0.000000
568 -1 -1 -1 0.000000
569 -1 -1 -1 0.000000
575 -1 -1 -1 0.000000
577 -1 -1 -1 0.000000
578 -1 -1 -1 0.000000
