155 190 -1 -1 33.335926
155 182 -1 -1 24.113770
182 190 -1 -1 20.997182
155 182 190 -1 33.465218
240 253 -1 -1 28.323985
253 260 -1 -1 34.785403
240 260 -1 -1 20.927487
240 253 260 -1 34.796683
356 398 -1 -1 46.040316
342 356 -1 -1 39.070918
342 398 -1 -1 45.122603
342 356 398 -1 50.458558
282 301 -1 -1 46.510383
261 282 -1 -1 35.477864
261 301 -1 -1 34.756306
261 282 301 -1 46.866554
133 134 -1 -1 17.533254
152 162 -1 -1 31.242762
128 152 -1 -1 28.784800
128 162 -1 -1 26.925664
128 152 162 -1 33.665919
153 190 -1 -1 28.580158
189 190 -1 -1 14.868413
153 189 -1 -1 26.542033
153 189 190 -1 28.855239
181 202 -1 -1 35.742440
181 203 -1 -1 28.761258
202 203 -1 -1 23.082724
181 202 203 -1 35.811635
182 202 -1 -1 19.141101
181 182 -1 -1 31.512822
181 182 202 -1 35.825129
121 147 -1 -1 22.561767
147 158 -1 -1 22.454332
121 158 -1 -1 20.718756
121 147 158 -1 25.353145
155 166 -1 -1 23.128387
166 182 -1 -1 31.323978
155 166 182 -1 31.556663
166 181 -1 -1 19.509879
166 181 182 -1 33.053130
163 166 -1 -1 23.560816
163 181 -1 -1 25.347882
163 166 181 -1 26.744817
183 192 -1 -1 23.144641
165 183 -1 -1 25.738350
165 192 -1 -1 28.324295
165 183 192 -1 30.030514
221 238 -1 -1 28.505391
203 238 -1 -1 31.670137
203 221 -1 -1 25.602946
203 221 238 -1 33.411448
173 181 -1 -1 33.494020
163 173 -1 -1 22.743147
163 173 181 -1 33.512146
158 173 -1 -1 28.666123
158 163 -1 -1 25.376635
158 163 173 -1 29.992565
256 257 -1 -1 22.911511
229 256 -1 -1 25.682098
229 257 -1 -1 24.554948
229 256 257 -1 28.244798
340 347 -1 -1 32.150362
347 353 -1 -1 22.591954
340 353 -1 -1 23.521554
340 347 353 -1 32.163190
240 262 -1 -1 25.085313
260 262 -1 -1 11.273618
240 260 262 -1 25.320915
257 262 -1 -1 17.659052
229 262 -1 -1 22.391394
229 257 262 -1 25.471845
223 225 -1 -1 25.930452
188 223 -1 -1 26.756757
188 225 -1 -1 37.168347
188 223 225 -1 37.168796
206 225 -1 -1 22.385340
188 206 -1 -1 30.136256
188 206 225 -1 37.176245
152 174 -1 -1 22.089678
162 174 -1 -1 19.264724
152 162 174 -1 31.542359
168 174 -1 -1 26.854070
174 188 -1 -1 25.045927
168 188 -1 -1 26.280841
168 174 188 -1 30.128324
152 168 -1 -1 23.619039
152 168 174 -1 28.256662
430 445 -1 -1 27.837642
414 430 -1 -1 22.543482
414 445 -1 -1 36.167970
414 430 445 -1 36.175135
408 433 -1 -1 21.235906
414 433 -1 -1 31.587999
408 414 -1 -1 29.560874
408 414 433 -1 32.717238
433 445 -1 -1 29.801863
414 433 445 -1 38.001948
433 446 -1 -1 16.476103
391 408 -1 -1 24.568000
391 414 -1 -1 35.892098
391 408 414 -1 36.200486
380 391 -1 -1 31.478630
368 380 -1 -1 20.992220
368 391 -1 -1 24.426056
368 380 391 -1 31.510902
221 248 -1 -1 20.856684
221 232 -1 -1 21.441626
232 248 -1 -1 25.419216
221 232 248 -1 26.462013
238 248 -1 -1 22.526721
221 238 248 -1 28.781721
443 446 -1 -1 25.539720
327 342 -1 -1 39.140165
327 356 -1 -1 37.196555
327 342 356 -1 44.455027
222 238 -1 -1 25.230130
203 222 -1 -1 30.528901
203 222 238 -1 34.047825
202 222 -1 -1 27.222023
202 203 222 -1 31.725095
215 222 -1 -1 19.031597
202 215 -1 -1 14.941426
202 215 222 -1 28.301766
219 222 -1 -1 23.730746
222 239 -1 -1 29.792037
219 239 -1 -1 27.533440
219 222 239 -1 31.581873
215 219 -1 -1 13.581834
215 219 222 -1 23.742814
222 258 -1 -1 34.780152
239 258 -1 -1 27.610190
222 239 258 -1 36.096546
238 258 -1 -1 34.284304
222 238 258 -1 37.101387
284 301 -1 -1 26.269474
261 284 -1 -1 30.378008
261 284 301 -1 35.931863
239 284 -1 -1 38.741442
239 261 -1 -1 33.143548
239 261 284 -1 40.103911
258 284 -1 -1 23.396529
239 258 284 -1 39.172693
304 322 -1 -1 36.081817
322 332 -1 -1 31.026588
304 332 -1 -1 28.790142
304 322 332 -1 37.518360
322 362 -1 -1 30.650051
332 362 -1 -1 24.918716
322 332 362 -1 33.714911
282 304 -1 -1 22.717122
282 322 -1 -1 47.736395
282 304 322 -1 49.741858
301 322 -1 -1 36.727778
282 301 322 -1 51.188511
205 223 -1 -1 19.703722
188 205 -1 -1 30.356886
188 205 223 -1 30.822696
205 240 -1 -1 29.603932
223 240 -1 -1 20.444961
205 223 240 -1 29.716819
128 139 -1 -1 19.647770
139 152 -1 -1 16.963962
128 139 152 -1 29.593297
195 202 -1 -1 21.179211
195 215 -1 -1 16.305789
195 202 215 -1 21.252991
190 195 -1 -1 16.911446
189 195 -1 -1 18.614449
189 190 195 -1 19.642606
182 195 -1 -1 25.531061
182 190 195 -1 25.674802
182 195 202 -1 26.063900
195 219 -1 -1 18.741537
195 215 219 -1 19.229011
210 219 -1 -1 23.540771
210 239 -1 -1 31.525966
210 219 239 -1 32.522051
210 225 -1 -1 36.893191
206 210 -1 -1 28.226286
206 210 225 -1 36.939534
195 210 -1 -1 33.072328
189 210 -1 -1 33.495698
189 195 210 -1 34.674525
195 210 219 -1 33.852679
146 161 -1 -1 21.799794
161 165 -1 -1 28.783875
146 165 -1 -1 20.660168
146 161 165 -1 28.880341
134 136 -1 -1 16.472430
121 136 -1 -1 21.346958
136 163 -1 -1 25.224627
134 163 -1 -1 24.659636
134 136 163 -1 26.436533
155 157 -1 -1 25.840203
133 155 -1 -1 28.111109
133 157 -1 -1 16.606424
133 155 157 -1 28.570323
157 166 -1 -1 11.105288
155 157 166 -1 25.844592
134 157 -1 -1 16.158656
133 134 157 -1 19.395467
157 163 -1 -1 23.354180
134 157 163 -1 25.558712
157 163 166 -1 24.147370
230 252 -1 -1 19.305886
232 252 -1 -1 26.195633
230 232 -1 -1 24.534474
230 232 252 -1 27.501500
164 173 -1 -1 23.034867
158 164 -1 -1 13.798603
158 164 173 -1 29.032997
164 183 -1 -1 27.240448
173 183 -1 -1 28.221717
164 173 183 -1 30.502827
147 164 -1 -1 21.110406
147 158 164 -1 23.052496
164 165 -1 -1 29.029485
164 165 183 -1 31.683397
147 165 -1 -1 26.677943
147 164 165 -1 30.233092
173 198 -1 -1 26.921465
181 198 -1 -1 28.587184
173 181 198 -1 34.816138
198 203 -1 -1 29.126037
181 198 203 -1 33.287105
198 221 -1 -1 22.880042
198 203 221 -1 30.360459
198 232 -1 -1 31.248965
198 221 232 -1 31.249702
264 291 -1 -1 24.948444
257 291 -1 -1 22.387462
257 264 -1 -1 12.967826
257 264 291 -1 25.030365
262 264 -1 -1 7.380812
260 264 -1 -1 11.196743
260 262 264 -1 11.895693
257 262 264 -1 19.958376
279 291 -1 -1 19.185296
291 300 -1 -1 29.051773
279 300 -1 -1 18.891470
279 291 300 -1 29.451637
257 279 -1 -1 21.077341
257 279 291 -1 24.254082
271 304 -1 -1 43.477952
271 282 -1 -1 42.861206
271 282 304 -1 44.760451
253 271 -1 -1 36.637169
260 271 -1 -1 23.597426
253 260 271 -1 37.927535
253 282 -1 -1 32.005000
253 271 282 -1 43.997434
264 271 -1 -1 26.871854
260 264 271 -1 26.948750
271 291 -1 -1 20.442405
264 271 291 -1 28.283491
319 347 -1 -1 24.352666
319 340 -1 -1 24.248239
319 340 347 -1 32.403671
231 240 -1 -1 17.773843
223 231 -1 -1 15.684448
223 231 240 -1 21.162097
225 231 -1 -1 16.690234
223 225 231 -1 27.030227
231 253 -1 -1 24.454269
231 240 253 -1 28.560632
225 253 -1 -1 31.000671
225 231 253 -1 31.167980
174 187 -1 -1 29.360522
162 187 -1 -1 25.076424
162 174 187 -1 29.664294
187 206 -1 -1 21.640428
187 188 -1 -1 37.566003
187 188 206 -1 37.579306
174 187 188 -1 37.619129
153 187 -1 -1 33.251005
187 189 -1 -1 26.848857
153 187 189 -1 34.120549
153 162 -1 -1 27.537831
153 162 187 -1 33.964141
187 210 -1 -1 34.591087
187 189 210 -1 37.066529
187 206 210 -1 34.645574
423 442 -1 -1 35.349966
370 380 -1 -1 13.431218
368 370 -1 -1 12.146496
368 370 380 -1 22.369967
346 358 -1 -1 26.937728
332 346 -1 -1 37.877658
332 358 -1 -1 21.768610
332 346 358 -1 38.663157
415 433 -1 -1 34.709717
408 415 -1 -1 31.955684
408 415 433 -1 35.403468
415 443 -1 -1 27.314659
415 446 -1 -1 35.146002
415 443 446 -1 35.388714
415 433 446 -1 35.953083
308 327 -1 -1 28.814078
307 327 -1 -1 36.052549
307 308 -1 -1 33.818731
307 308 327 -1 38.424769
356 399 -1 -1 32.779901
398 399 -1 -1 32.091397
356 398 399 -1 46.041538
399 409 -1 -1 17.279132
402 409 -1 -1 15.596462
399 402 -1 -1 23.136917
399 402 409 -1 23.138600
399 424 -1 -1 27.507977
409 424 -1 -1 20.237087
399 409 424 -1 27.574586
365 387 -1 -1 18.084725
356 365 -1 -1 29.718991
356 387 -1 -1 25.706761
356 365 387 -1 29.909132
387 399 -1 -1 24.153229
387 402 -1 -1 15.600274
387 399 402 -1 25.088908
356 387 399 -1 33.090315
367 387 -1 -1 25.474152
367 402 -1 -1 24.724761
367 387 402 -1 26.431617
365 367 -1 -1 22.014189
365 367 387 -1 26.023560
331 365 -1 -1 31.303061
331 356 -1 -1 34.705953
331 356 365 -1 37.108504
327 331 -1 -1 29.962071
327 331 356 -1 39.638231
307 331 -1 -1 30.953310
307 327 331 -1 37.790599
274 284 -1 -1 27.354928
258 274 -1 -1 17.760585
258 274 284 -1 27.618509
238 274 -1 -1 36.043688
238 258 274 -1 36.498742
284 296 -1 -1 22.700367
296 301 -1 -1 31.693077
284 296 301 -1 32.152709
274 296 -1 -1 26.753412
274 285 -1 -1 20.370215
285 296 -1 -1 33.184595
274 285 296 -1 33.196735
274 284 296 -1 29.810694
322 328 -1 -1 26.122224
301 328 -1 -1 25.080949
301 322 328 -1 36.742831
389 391 -1 -1 34.816811
389 408 -1 -1 35.141060
389 391 408 -1 37.360859
389 415 -1 -1 31.218080
389 408 415 -1 38.013512
161 178 -1 -1 20.536240
165 178 -1 -1 28.293153
161 165 178 -1 30.593396
178 192 -1 -1 26.669205
165 178 192 -1 32.092043
130 175 -1 -1 36.027394
175 193 -1 -1 21.750114
145 152 -1 -1 21.917633
145 168 -1 -1 34.551831
145 152 168 -1 34.948704
217 262 -1 -1 27.047440
217 229 -1 -1 19.459913
217 229 262 -1 27.448883
217 240 -1 -1 31.321488
217 240 262 -1 32.625418
205 217 -1 -1 21.279775
205 217 240 -1 32.590698
193 214 -1 -1 25.093418
214 217 -1 -1 38.925884
214 229 -1 -1 31.952682
214 217 229 -1 39.095049
193 217 -1 -1 32.928165
193 214 217 -1 39.210406
210 244 -1 -1 29.219133
225 244 -1 -1 25.271638
210 225 244 -1 37.039884
244 253 -1 -1 32.906339
225 244 253 -1 34.857477
239 244 -1 -1 35.186770
244 261 -1 -1 30.503648
239 244 261 -1 38.232500
210 239 244 -1 37.286650
244 282 -1 -1 46.012077
244 261 282 -1 46.037585
244 253 282 -1 46.012592
121 159 -1 -1 18.975504
158 159 -1 -1 6.865385
121 158 159 -1 20.793445
136 159 -1 -1 13.329560
121 136 159 -1 21.633446
159 163 -1 -1 23.101995
158 159 163 -1 25.894767
136 159 163 -1 25.414268
192 216 -1 -1 20.499010
183 216 -1 -1 32.903488
183 192 216 -1 33.201052
204 230 -1 -1 24.303985
204 232 -1 -1 24.769163
204 230 232 -1 28.334135
198 204 -1 -1 25.966963
198 204 232 -1 32.206241
204 216 -1 -1 33.579518
183 204 -1 -1 28.154576
183 204 216 -1 36.701118
216 230 -1 -1 26.367299
204 216 230 -1 33.838729
173 204 -1 -1 32.198355
173 183 204 -1 34.339899
173 198 204 -1 33.337167
353 383 -1 -1 24.636855
382 383 -1 -1 25.270979
353 382 -1 -1 23.539527
353 382 383 -1 28.305169
271 312 -1 -1 39.549723
304 312 -1 -1 32.101404
271 304 312 -1 45.253823
312 347 -1 -1 34.939886
312 346 -1 -1 29.801885
346 347 -1 -1 16.750011
312 346 347 -1 34.987524
312 332 -1 -1 32.262060
312 332 346 -1 39.194584
304 312 332 -1 35.982458
300 319 -1 -1 25.950014
413 423 -1 -1 25.386059
413 442 -1 -1 37.123200
413 423 442 -1 38.759181
430 438 -1 -1 24.055457
421 438 -1 -1 16.949800
421 430 -1 -1 31.889829
421 430 438 -1 32.451018
410 430 -1 -1 33.505705
410 414 -1 -1 22.603493
410 414 430 -1 33.679862
391 410 -1 -1 38.594751
391 410 414 -1 39.317137
347 366 -1 -1 16.348392
353 366 -1 -1 20.175922
347 353 366 -1 23.323654
366 382 -1 -1 22.255392
353 366 382 -1 25.538027
362 363 -1 -1 9.640469
363 380 -1 -1 12.290788
362 380 -1 -1 15.381153
362 363 380 -1 15.388703
363 370 -1 -1 6.652830
363 370 380 -1 13.487512
322 363 -1 -1 28.561199
322 362 363 -1 30.697931
415 422 -1 -1 39.790595
422 443 -1 -1 36.487331
415 422 443 -1 41.072602
226 234 -1 -1 28.700306
230 234 -1 -1 34.825127
234 252 -1 -1 38.416853
230 234 252 -1 38.545226
216 234 -1 -1 30.820567
216 226 -1 -1 35.792007
216 226 234 -1 37.265436
216 230 234 -1 36.126787
286 288 -1 -1 15.430303
286 307 -1 -1 26.680209
288 307 -1 -1 31.481426
286 288 307 -1 31.520821
250 273 -1 -1 24.422070
248 273 -1 -1 29.722300
248 250 -1 -1 15.074277
248 250 273 -1 29.820631
250 252 -1 -1 25.672620
232 250 -1 -1 18.561832
232 250 252 -1 27.781677
232 248 250 -1 25.646645
265 273 -1 -1 25.355005
273 285 -1 -1 30.125583
265 285 -1 -1 23.174416
265 273 285 -1 30.968903
248 265 -1 -1 19.430509
248 265 273 -1 30.013861
238 265 -1 -1 22.641860
238 248 265 -1 25.017649
265 274 -1 -1 27.662422
265 274 285 -1 28.220224
238 265 274 -1 36.048892
398 439 -1 -1 37.266555
359 367 -1 -1 22.499469
359 365 -1 -1 20.017277
359 365 367 -1 24.922848
296 321 -1 -1 22.222493
301 321 -1 -1 26.686269
296 301 321 -1 32.160800
321 328 -1 -1 22.053414
301 321 328 -1 28.658106
321 341 -1 -1 32.525363
328 341 -1 -1 40.716251
321 328 341 -1 40.844420
328 348 -1 -1 22.529649
322 348 -1 -1 21.932373
322 328 348 -1 27.474667
348 370 -1 -1 19.303451
348 368 -1 -1 17.609293
348 368 370 -1 19.696195
348 363 -1 -1 23.411227
322 348 363 -1 29.198423
348 363 370 -1 27.232287
348 354 -1 -1 27.456285
354 368 -1 -1 26.254010
348 354 368 -1 28.478556
354 391 -1 -1 33.461564
354 368 391 -1 33.746198
354 389 -1 -1 29.187614
354 389 391 -1 37.789425
328 354 -1 -1 35.706228
341 354 -1 -1 28.842446
328 341 354 -1 41.719621
328 348 354 -1 35.708355
377 381 -1 -1 17.496607
377 405 -1 -1 29.185913
381 405 -1 -1 22.646548
377 381 405 -1 29.210975
178 200 -1 -1 27.296912
192 200 -1 -1 29.443413
178 192 200 -1 32.200328
200 216 -1 -1 33.927887
200 226 -1 -1 21.203767
200 216 226 -1 36.709307
192 200 216 -1 34.145361
135 175 -1 -1 33.212339
130 135 -1 -1 29.176673
130 135 175 -1 38.290178
135 137 -1 -1 26.069231
168 186 -1 -1 27.790403
186 188 -1 -1 37.943515
168 186 188 -1 37.948334
186 205 -1 -1 25.701026
186 188 205 -1 38.102446
175 186 -1 -1 26.797011
186 193 -1 -1 28.600819
175 186 193 -1 30.189334
186 217 -1 -1 35.460610
186 193 217 -1 37.741097
186 205 217 -1 35.772316
122 155 -1 -1 33.618965
122 190 -1 -1 42.738262
122 155 190 -1 43.490037
122 153 -1 -1 28.306522
122 153 190 -1 43.097497
147 156 -1 -1 12.496771
146 156 -1 -1 11.368992
156 165 -1 -1 21.605465
147 156 165 -1 27.045698
146 156 165 -1 22.006737
383 396 -1 -1 20.824331
291 303 -1 -1 28.762172
300 303 -1 -1 29.709769
291 300 303 -1 33.697420
303 319 -1 -1 22.519708
300 303 319 -1 30.724324
271 303 -1 -1 36.678628
271 291 303 -1 36.812422
303 312 -1 -1 22.018161
271 303 312 -1 40.096961
303 347 -1 -1 31.766313
303 319 347 -1 31.876432
303 312 347 -1 35.625413
401 413 -1 -1 25.548340
396 413 -1 -1 31.644577
396 401 -1 -1 25.105824
396 401 413 -1 32.435955
383 401 -1 -1 27.271787
383 396 401 -1 28.648143
382 401 -1 -1 16.564957
382 383 401 -1 27.846867
382 397 -1 -1 30.342224
397 401 -1 -1 25.614497
382 397 401 -1 30.344268
397 413 -1 -1 33.416865
397 401 413 -1 33.782859
420 421 -1 -1 24.164197
397 420 -1 -1 22.769993
397 421 -1 -1 31.247869
397 420 421 -1 31.454579
413 420 -1 -1 22.932751
397 413 420 -1 33.497239
420 442 -1 -1 29.964134
413 420 442 -1 37.143677
386 391 -1 -1 36.881571
380 386 -1 -1 19.244546
380 386 391 -1 36.881584
386 410 -1 -1 16.512449
386 391 410 -1 38.864880
407 421 -1 -1 19.346544
397 407 -1 -1 33.525016
397 407 421 -1 34.130823
386 407 -1 -1 28.741156
407 410 -1 -1 17.740287
386 407 410 -1 31.471070
407 430 -1 -1 31.012325
407 421 430 -1 33.080886
407 410 430 -1 33.838103
347 364 -1 -1 14.001091
346 364 -1 -1 11.322637
346 347 364 -1 16.911187
364 366 -1 -1 6.019530
347 364 366 -1 16.712743
371 382 -1 -1 20.106588
371 397 -1 -1 35.707922
371 382 397 -1 35.737784
366 371 -1 -1 8.961566
366 371 382 -1 22.265241
364 371 -1 -1 11.284461
364 366 371 -1 11.341371
346 371 -1 -1 19.935824
346 364 371 -1 23.971010
403 415 -1 -1 34.609130
405 415 -1 -1 27.620173
403 405 -1 -1 13.550893
403 405 415 -1 36.741281
403 422 -1 -1 26.693949
403 415 422 -1 40.429025
377 403 -1 -1 28.523719
377 403 405 -1 29.716370
403 404 -1 -1 29.425380
404 422 -1 -1 36.408187
403 404 422 -1 36.889196
404 409 -1 -1 25.401375
402 404 -1 -1 22.672308
402 404 409 -1 25.726347
377 404 -1 -1 33.888678
377 403 404 -1 35.723146
367 404 -1 -1 31.124925
367 402 404 -1 31.433018
367 377 -1 -1 24.239891
367 377 404 -1 35.199101
234 275 -1 -1 40.371572
275 308 -1 -1 31.918278
297 315 -1 -1 29.336453
288 297 -1 -1 17.392193
288 315 -1 -1 29.016379
288 297 315 -1 30.569896
315 331 -1 -1 30.867659
307 315 -1 -1 34.534186
307 315 331 -1 37.267347
288 307 315 -1 36.873918
250 269 -1 -1 23.207287
252 269 -1 -1 17.148248
250 252 269 -1 26.305633
269 273 -1 -1 22.561873
250 269 273 -1 27.062659
269 286 -1 -1 24.938531
252 286 -1 -1 33.939912
252 269 286 -1 35.309779
269 288 -1 -1 24.279636
269 286 288 -1 25.934618
269 297 -1 -1 28.596375
273 297 -1 -1 17.725483
269 273 297 -1 28.597046
269 288 297 -1 28.707494
427 439 -1 -1 24.782811
398 427 -1 -1 29.624215
398 427 439 -1 37.358557
399 427 -1 -1 31.902772
398 399 427 -1 36.098221
424 427 -1 -1 18.548901
399 424 427 -1 32.008727
344 377 -1 -1 31.881032
344 367 -1 -1 28.633834
344 367 377 -1 33.226797
344 359 -1 -1 15.378210
344 359 367 -1 28.813609
344 381 -1 -1 40.118907
344 377 381 -1 41.516158
302 323 -1 -1 34.726729
302 330 -1 -1 19.136314
323 330 -1 -1 27.105499
302 323 330 -1 34.906119
273 302 -1 -1 30.913038
285 302 -1 -1 28.234316
273 285 302 -1 34.431091
297 302 -1 -1 19.896180
273 297 302 -1 32.976086
302 315 -1 -1 28.663745
315 330 -1 -1 20.191135
302 315 330 -1 28.718576
297 302 315 -1 30.886940
321 324 -1 -1 13.610774
296 324 -1 -1 22.782509
296 321 324 -1 23.624362
323 324 -1 -1 28.874364
323 341 -1 -1 29.242215
324 341 -1 -1 25.852660
323 324 341 -1 32.447257
321 324 341 -1 33.988888
381 400 -1 -1 19.866661
400 405 -1 -1 7.882730
381 400 405 -1 23.018048
400 415 -1 -1 27.403916
400 405 415 -1 27.808822
389 400 -1 -1 20.363713
389 400 415 -1 31.685942
354 384 -1 -1 23.996354
384 389 -1 -1 15.880538
354 384 389 -1 29.201977
384 400 -1 -1 24.534974
384 389 400 -1 24.659464
381 384 -1 -1 21.294609
381 384 400 -1 25.644446
137 145 -1 -1 18.198054
135 160 -1 -1 29.176616
137 160 -1 -1 19.890148
135 137 160 -1 29.881683
160 175 -1 -1 31.019930
135 160 175 -1 36.109936
160 186 -1 -1 27.440520
160 175 186 -1 33.061860
160 168 -1 -1 23.452742
160 168 186 -1 30.504134
145 160 -1 -1 30.681102
145 160 168 -1 35.314828
137 145 160 -1 32.124252
120 122 -1 -1 29.642730
120 153 -1 -1 33.776221
120 122 153 -1 35.666811
120 128 -1 -1 23.260096
120 162 -1 -1 38.020048
120 128 162 -1 38.416555
120 153 162 -1 39.203593
435 438 -1 -1 19.556527
421 435 -1 -1 19.901527
421 435 438 -1 21.850300
420 435 -1 -1 20.179331
420 421 435 -1 25.119212
435 442 -1 -1 20.195375
420 435 442 -1 30.119922
362 372 -1 -1 14.112882
332 372 -1 -1 27.281653
332 362 372 -1 27.441593
358 372 -1 -1 14.813678
332 358 372 -1 27.367255
372 380 -1 -1 20.457360
362 372 380 -1 20.473527
372 386 -1 -1 24.028594
372 380 386 -1 24.945207
369 407 -1 -1 38.566892
369 397 -1 -1 28.320666
369 397 407 -1 39.638649
369 386 -1 -1 34.679621
369 386 407 -1 40.072646
369 372 -1 -1 28.506005
369 372 386 -1 35.008339
358 369 -1 -1 24.883603
358 369 372 -1 28.523812
369 371 -1 -1 22.462193
369 371 397 -1 35.718909
346 369 -1 -1 31.917944
346 358 369 -1 32.906172
346 369 371 -1 32.192734
422 425 -1 -1 34.732011
404 425 -1 -1 26.821197
404 422 425 -1 38.457961
424 425 -1 -1 22.618140
409 425 -1 -1 27.460833
409 424 425 -1 27.929620
404 409 425 -1 30.716529
270 275 -1 -1 32.800534
234 270 -1 -1 34.119119
234 270 275 -1 41.960612
270 286 -1 -1 19.085764
252 270 -1 -1 37.770570
252 270 286 -1 37.861162
234 252 270 -1 42.609370
270 307 -1 -1 30.746515
270 286 307 -1 31.003089
270 308 -1 -1 43.197077
270 307 308 -1 43.447744
270 275 308 -1 43.456988
315 345 -1 -1 26.807663
331 345 -1 -1 24.479570
315 331 345 -1 32.135972
345 365 -1 -1 20.125048
331 345 365 -1 31.312652
345 359 -1 -1 12.843028
345 359 365 -1 21.185248
323 336 -1 -1 30.317752
330 336 -1 -1 9.976142
323 330 336 -1 30.698697
336 344 -1 -1 21.041428
323 344 -1 -1 26.651690
323 336 344 -1 30.999272
336 359 -1 -1 22.428283
336 344 359 -1 23.308884
336 345 -1 -1 20.656307
336 345 359 -1 22.747672
315 336 -1 -1 19.496742
315 330 336 -1 20.545771
315 336 345 -1 26.969679
296 310 -1 -1 24.922782
285 310 -1 -1 22.017518
285 296 310 -1 33.184899
310 324 -1 -1 26.721327
296 310 324 -1 28.828213
310 323 -1 -1 27.362562
310 323 324 -1 31.984515
302 310 -1 -1 25.770396
285 302 310 -1 29.696587
302 310 323 -1 35.106501
376 384 -1 -1 9.656514
376 381 -1 -1 17.227912
376 381 384 -1 21.692201
323 376 -1 -1 41.145967
341 376 -1 -1 19.800751
323 341 376 -1 44.582020
354 376 -1 -1 28.658402
341 354 376 -1 30.624383
354 376 384 -1 30.342035
344 376 -1 -1 45.789239
323 344 376 -1 46.243470
344 376 381 -1 46.229529
120 -1 -1 -1 0.000000
121 -1 -1 -1 0.000000
122 -1 -1 -1 0.000000
128 -1 -1 -1 0.000000
130 -1 -1 -1 0.000000
133 -1 -1 -1 0.000000
134 -1 -1 -1 0.000000
135 -1 -1 -1 0.000000
136 -1 -1 -1 0.000000
137 -1 -1 -1 0.000000
139 -1 -1 -1 0.000000
145 -1 -1 -1 0.000000
146 -1 -1 -1 0.000000
147 -1 -1 -1 0.000000
152 -1 -1 -1 0.000000
153 -1 -1 -1 0.000000
155 -1 -1 -1 0.000000
156 -1 -1 -1 0.000000
157 -1 -1 -1 0.000000
158 -1 -1 -1 0.000000
159 -1 -1 -1 0.000000
160 -1 -1 -1 0.000000
161 -1 -1 -1 0.000000
162 -1 -1 -1 0.000000
163 -1 -1 -1 0.000000
164 -1 -1 -1 0.000000
165 -1 -1 -1 0.000000
166 -1 -1 -1 0.000000
168 -1 -1 -1 0.000000
173 -1 -1 -1 0.000000
174 -1 -1 -1 0.000000
175 -1 -1 -1 0.000000
178 -1 -1 -1 0.000000
181 -1 -1 -1 0.000000
182 -1 -1 -1 0.000000
183 -1 -1 -1 0.000000
186 -1 -1 -1 0.000000
187 -1 -1 -1 0.000000
188 -1 -1 -1 0.000000
189 -1 -1 -1 0.000000
190 -1 -1 -1 0.000000
192 -1 -1 -1 0.000000
193 -1 -1 -1 0.000000
195 -1 -1 -1 0.000000
198 -1 -1 -1 0.000000
200 -1 -1 -1 0.000000
202 -1 -1 -1 0.000000
203 -1 -1 -1 0.000000
204 -1 -1 -1 0.000000
205 -1 -1 -1 0.000000
206 -1 -1 -1 0.000000
210 -1 -1 -1 0.000000
214 -1 -1 -1 0.000000
215 -1 -1 -1 0.000000
216 -1 -1 -1 0.000000
217 -1 -1 -1 0.000000
219 -1 -1 -1 0.000000
221 -1 -1 -1 0.000000
222 -1 -1 -1 0.000000
223 -1 -1 -1 0.000000
225 -1 -1 -1 0.000000
226 -1 -1 -1 0.000000
229 -1 -1 -1 0.000000
230 -1 -1 -1 0.000000
231 -1 -1 -1 0.000000
232 -1 -1 -1 0.000000
234 -1 -1 -1 0.000000
238 -1 -1 -1 0.000000
239 -1 -1 -1 0.000000
240 -1 -1 -1 0.000000
244 -1 -1 -1 0.000000
248 -1 -1 -1 0.000000
250 -1 -1 -1 0.000000
252 -1 -1 -1 0.000000
253 -1 -1 -1 0.000000
256 -1 -1 -1 0.000000
257 -1 -1 -1 0.000000
258 -1 -1 -1 0.000000
260 -1 -1 -1 0.000000
261 -1 -1 -1 0.000000
262 -1 -1 -1 0.000000
264 -1 -1 -1 0.000000
265 -1 -1 -1 0.000000
269 -1 -1 -1 0.000000
270 -1 -1 -1 0.000000
271 -1 -1 -1 0.000000
273 -1 -1 -1 0.000000
274 -1 -1 -1 0.000000
275 -1 -1 -1 0.000000
279 -1 -1 -1 0.000000
282 -1 -1 -1 0.000000
284 -1 -1 -1 0.000000
285 -1 -1 -1 0.000000
286 -1 -1 -1 0.000000
288 -1 -1 -1 0.000000
291 -1 -1 -1 0.000000
296 -1 -1 -1 0.000000
297 -1 -1 -1 0.000000
300 -1 -1 -1 0.000000
301 -1 -1 -1 0.000000
302 -1 -1 -1 0.000000
303 -1 -1 -1 0.000000
304 -1 -1 -1 0.000000
307 -1 -1 -1 0.000000
308 -1 -1 -1 0.000000
310 -1 -1 -1 0.000000
312 -1 -1 -1 0.000000
315 -1 -1 -1 0.000000
319 -1 -1 -1 0.000000
321 -1 -1 -1 0.000000
322 -1 -1 -1 0.000000
323 -1 -1 -1 0.000000
324 -1 -1 -1 0.000000
327 -1 -1 -1 0.000000
328 -1 -1 -1 0.000000
330 -1 -1 -1 0.000000
331 -1 -1 -1 0.000000
332 -1 -1 -1 0.000000
336 -1 -1 -1 0.000000
340 -1 -1 -1 0.000000
341 -1 -1 -1 0.000000
342 -1 -1 -1 0.000000
344 -1 -1 -1 0.000000
345 -1 -1 -1 0.000000
346 -1 -1 -1 0.000000
347 -1 -1 -1 0.000000
348 -1 -1 -1 0.000000
353 -1 -1 -1 0.000000
354 -1 -1 -1 0.000000
356 -1 -1 -1 0.000000
358 -1 -1 -1 0.000000
359 -1 -1 -1 0.000000
362 -1 -1 -1 0.000000
363 -1 -1 -1 0.000000
364 -1 -1 -1 0.000000
365 -1 -1 -1 0.000000
366 -1 -1 -1 0.000000
367 -1 -1 -1 0.000000
368 -1 -1 -1 0.000000
369 -1 -1 -1 0.000000
370 -1 -1 -1 0.000000
371 -1 -1 -1 0.000000
372 -1 -1 -1 0.000000
376 -1 -1 -1 0.000000
377 -1 -1 -1 0.000000
380 -1 -1 -1 0.000000
381 -1 -1 -1 0.000000
382 -1 -1 -1 0.000000
383 -1 -1 -1 0.000000
384 -1 -1 -1 0.000000
386 -1 -1 -1 0.000000
387 -1 -1 -1 0.000000
389 -1 -1 -1 0.000000
391 -1 -1 -1 0.000000
396 -1 -1 -1 0.000000
397 -1 -1 -1 0.000000
398 -1 -1 -1 0.000000
399 -1 -1 -1 0.000000
400 -1 -1 -1 0.000000
401 -1 -1 -1 0.000000
402 -1 -1 -1 0.000000
403 -1 -1 -1 0.000000
404 -1 -1 -1 0.000000
405 -1 -1 -1 0.000000
407 -1 -1 -1 0.000000
408 -1 -1 -1 0.000000
409 -1 -1 -1 0.000000
410 -1 -1 -1 0.000000
413 -1 -1 -1 0.000000
414 -1 -1 -1 0.000000
415 -1 -1 -1 0.000000
420 -1 -1 -1 0.000000
421 -1 -1 -1 0.000000
422 -1 -1 -1 0.000000
423 -1 -1 -1 0.000000
424 -1 -1 -1 0.000000
425 -1 -1 -1 0.000000
427 -1 -1 -1 0.000000
430 -1 -1 -1 0.000000
433 -1 -1 -1 0.000000
435 -1 -1 -1 0.000000
438 -1 -1 -1 0.000000
439 -1 -1 -1 0.000000
442 -1 -1 -1 0.000000
443 -1 -1 -1 0.000000
445 -1 -1 -1 0.000000
446 -1 -1 -1 0.000000
