289 298 -1 -1 17.901824
291 298 -1 -1 19.635703
289 291 -1 -1 22.864123
289 291 298 -1 23.682976
269 289 -1 -1 21.941063
269 291 -1 -1 23.005138
269 289 291 -1 26.116529
267 269 -1 -1 20.876931
267 289 -1 -1 15.425288
267 269 289 -1 22.990574
175 196 -1 -1 17.546554
326 331 -1 -1 24.895515
299 331 -1 -1 28.284295
299 326 -1 -1 22.290459
299 326 331 -1 29.510861
198 212 -1 -1 18.575715
198 215 -1 -1 14.895468
212 215 -1 -1 17.334729
198 212 215 -1 19.778052
184 212 -1 -1 21.977779
184 198 -1 -1 17.674060
184 198 212 -1 22.796649
270 280 -1 -1 24.455690
270 299 -1 -1 30.716282
280 299 -1 -1 32.571542
270 280 299 -1 34.378516
192 200 -1 -1 20.423274
200 233 -1 -1 23.631635
192 233 -1 -1 29.029291
192 200 233 -1 29.308257
209 220 -1 -1 25.176372
188 220 -1 -1 16.610621
188 209 -1 -1 29.974710
188 209 220 -1 29.977436
200 220 -1 -1 29.050868
188 200 -1 -1 25.805963
188 200 220 -1 29.242189
281 300 -1 -1 27.906704
281 291 -1 -1 25.567623
291 300 -1 -1 29.513761
281 291 300 -1 32.102638
356 367 -1 -1 31.863593
398 411 -1 -1 23.203138
398 399 -1 -1 18.554449
399 411 -1 -1 17.009098
398 399 411 -1 23.471598
398 414 -1 -1 19.223573
411 414 -1 -1 19.174655
398 411 414 -1 24.096048
426 456 -1 -1 20.526388
426 459 -1 -1 27.544440
456 459 -1 -1 17.356641
426 456 459 -1 27.579880
236 269 -1 -1 20.239668
241 269 -1 -1 26.661421
236 241 -1 -1 19.441789
236 241 269 -1 26.789272
211 257 -1 -1 30.848955
196 211 -1 -1 20.632174
317 337 -1 -1 33.521844
317 354 -1 -1 34.318342
337 354 -1 -1 34.187321
317 337 354 -1 39.276469
276 289 -1 -1 26.019534
267 276 -1 -1 25.997184
267 276 289 -1 27.233367
371 387 -1 -1 22.781337
354 387 -1 -1 29.102706
354 371 -1 -1 32.254053
354 371 387 -1 33.272958
371 374 -1 -1 20.326853
374 397 -1 -1 20.119621
371 397 -1 -1 25.437165
371 374 397 -1 26.011489
349 371 -1 -1 30.363092
349 374 -1 -1 19.455853
349 371 374 -1 30.783061
198 203 -1 -1 21.602970
179 198 -1 -1 16.561798
179 203 -1 -1 23.625981
179 198 203 -1 24.436761
203 215 -1 -1 14.823213
198 203 215 -1 21.637911
414 435 -1 -1 25.293228
411 435 -1 -1 18.881916
411 414 435 -1 25.467005
271 295 -1 -1 19.339080
288 295 -1 -1 21.726854
271 288 -1 -1 25.651724
271 288 295 -1 26.319118
380 388 -1 -1 22.482931
360 388 -1 -1 22.838016
360 380 -1 -1 25.217968
360 380 388 -1 27.273429
351 380 -1 -1 27.150196
351 360 -1 -1 23.445331
351 360 380 -1 29.342647
329 351 -1 -1 26.331464
330 351 -1 -1 24.060066
329 330 -1 -1 26.536420
329 330 351 -1 29.686967
280 307 -1 -1 26.307183
280 319 -1 -1 28.784745
299 319 -1 -1 25.876467
280 299 319 -1 34.072273
319 331 -1 -1 10.202147
299 319 331 -1 28.319520
307 319 -1 -1 18.404654
280 307 319 -1 29.433815
328 331 -1 -1 18.815291
319 328 -1 -1 19.890057
319 328 331 -1 20.158853
307 328 -1 -1 19.734514
307 319 328 -1 22.372409
366 388 -1 -1 18.804103
388 399 -1 -1 19.268048
366 399 -1 -1 21.567460
366 388 399 -1 23.102008
360 366 -1 -1 22.328664
360 366 388 -1 24.844241
331 343 -1 -1 13.187362
326 343 -1 -1 24.963415
326 331 343 -1 25.850345
343 356 -1 -1 16.274449
326 356 -1 -1 32.436419
326 343 356 -1 33.118810
328 343 -1 -1 22.851531
328 331 343 -1 22.853054
311 324 -1 -1 27.711347
311 330 -1 -1 19.375796
324 330 -1 -1 21.115489
311 324 330 -1 27.770472
311 329 -1 -1 26.847482
311 329 330 -1 28.648059
311 327 -1 -1 22.917478
327 329 -1 -1 13.978367
311 327 329 -1 26.847483
300 311 -1 -1 28.254672
300 327 -1 -1 15.285659
300 311 327 -1 28.299603
316 326 -1 -1 35.679059
299 316 -1 -1 33.900236
299 316 326 -1 36.818646
316 324 -1 -1 10.874127
324 326 -1 -1 31.513525
316 324 326 -1 36.714846
288 316 -1 -1 18.118769
288 299 -1 -1 34.801077
288 299 316 -1 35.649415
295 316 -1 -1 24.902752
288 295 316 -1 25.581794
311 316 -1 -1 26.600728
295 311 -1 -1 19.252318
295 311 316 -1 27.842796
311 316 324 -1 27.851315
261 280 -1 -1 28.332105
277 288 -1 -1 17.620709
277 299 -1 -1 33.161863
277 288 299 -1 35.317291
270 277 -1 -1 23.098269
270 277 299 -1 34.400268
238 270 -1 -1 29.081953
238 280 -1 -1 33.156375
238 270 280 -1 34.173738
238 261 -1 -1 32.725602
230 261 -1 -1 26.413584
230 238 -1 -1 23.637244
230 238 261 -1 33.092524
238 261 280 -1 36.489906
212 238 -1 -1 23.324680
212 230 -1 -1 27.137161
212 230 238 -1 28.771395
220 227 -1 -1 15.706512
220 241 -1 -1 26.284668
227 241 -1 -1 26.335847
220 227 241 -1 27.567048
200 227 -1 -1 28.072848
200 220 227 -1 29.755891
227 233 -1 -1 31.410956
200 227 233 -1 32.634402
220 234 -1 -1 24.269202
234 241 -1 -1 13.824293
220 234 241 -1 26.520152
209 234 -1 -1 14.466757
209 220 234 -1 25.896394
234 236 -1 -1 16.124526
234 236 241 -1 19.708740
208 209 -1 -1 23.653163
208 234 -1 -1 29.240870
208 209 234 -1 29.475999
208 236 -1 -1 27.395377
208 234 236 -1 29.704474
227 265 -1 -1 27.928477
241 265 -1 -1 16.236572
227 241 265 -1 28.548039
260 265 -1 -1 20.907637
227 260 -1 -1 16.022518
227 260 265 -1 28.162262
304 340 -1 -1 34.125691
318 340 -1 -1 31.600196
304 318 -1 -1 32.937208
304 318 340 -1 38.031401
340 349 -1 -1 36.526792
318 349 -1 -1 29.476521
318 340 349 -1 38.121805
257 278 -1 -1 27.717294
278 304 -1 -1 27.521647
367 400 -1 -1 25.340234
400 426 -1 -1 18.063552
400 414 -1 -1 24.180658
414 426 -1 -1 27.634437
400 414 426 -1 28.036054
398 400 -1 -1 25.812497
398 400 414 -1 27.147647
356 375 -1 -1 19.970070
367 375 -1 -1 28.314337
356 367 375 -1 32.299747
375 400 -1 -1 27.654154
367 375 400 -1 31.391675
375 398 -1 -1 17.419519
375 398 400 -1 28.401751
426 438 -1 -1 14.725618
438 456 -1 -1 12.169668
426 438 456 -1 20.785237
254 269 -1 -1 16.694101
254 267 -1 -1 17.187201
254 267 269 -1 21.510474
236 254 -1 -1 12.323271
236 254 269 -1 20.265859
239 254 -1 -1 23.126657
239 267 -1 -1 21.806527
239 254 267 -1 24.366722
187 196 -1 -1 14.948842
196 205 -1 -1 16.861587
187 205 -1 -1 15.007876
187 196 205 -1 18.121606
175 187 -1 -1 15.628989
175 187 196 -1 18.673205
196 226 -1 -1 19.453234
205 226 -1 -1 9.220575
196 205 226 -1 19.461563
211 226 -1 -1 15.546732
196 211 226 -1 21.788667
178 225 -1 -1 26.702642
218 225 -1 -1 18.784265
178 218 -1 -1 26.776250
178 218 225 -1 28.559312
225 239 -1 -1 19.592534
218 239 -1 -1 17.646343
218 225 239 -1 21.621345
317 333 -1 -1 31.840831
303 317 -1 -1 35.816656
303 333 -1 -1 31.226866
303 317 333 -1 38.313451
303 318 -1 -1 30.191611
318 333 -1 -1 35.606578
303 318 333 -1 37.694362
333 349 -1 -1 23.876151
318 333 349 -1 35.872616
333 354 -1 -1 31.628017
317 333 354 -1 37.725124
333 371 -1 -1 34.754957
333 354 371 -1 38.070450
333 349 371 -1 35.441899
300 312 -1 -1 22.484897
291 312 -1 -1 17.259038
291 300 312 -1 29.626406
298 312 -1 -1 23.186504
291 298 312 -1 23.742494
312 317 -1 -1 28.246335
298 317 -1 -1 21.307418
298 312 317 -1 28.805630
225 249 -1 -1 18.766073
239 249 -1 -1 20.602265
225 239 249 -1 22.744952
249 267 -1 -1 32.849676
239 249 267 -1 33.522541
249 276 -1 -1 27.440843
249 267 276 -1 33.883504
276 296 -1 -1 21.219527
276 303 -1 -1 25.376301
296 303 -1 -1 23.751946
276 296 303 -1 27.285919
296 317 -1 -1 27.573132
296 298 -1 -1 14.753948
296 298 317 -1 27.851001
296 303 317 -1 35.834733
289 296 -1 -1 16.959915
289 296 298 -1 19.263984
276 289 296 -1 26.113147
386 387 -1 -1 19.988332
387 406 -1 -1 17.655375
386 406 -1 -1 23.260811
386 387 406 -1 23.967954
354 386 -1 -1 20.697559
354 386 387 -1 29.110418
337 386 -1 -1 40.380747
337 354 386 -1 40.392027
371 401 -1 -1 20.297462
397 401 -1 -1 18.533502
371 397 401 -1 25.705512
387 401 -1 -1 23.070662
371 387 401 -1 25.569146
351 390 -1 -1 39.656094
380 390 -1 -1 25.107196
351 380 390 -1 40.112618
181 203 -1 -1 18.697530
181 192 -1 -1 25.020933
192 203 -1 -1 27.140055
181 192 203 -1 28.071794
156 181 -1 -1 18.493065
179 181 -1 -1 16.739576
156 179 -1 -1 25.704043
156 179 181 -1 25.753861
179 181 203 -1 23.782170
173 198 -1 -1 21.580339
173 179 -1 -1 18.437686
173 179 198 -1 22.248344
173 184 -1 -1 16.896286
173 184 198 -1 22.128786
435 444 -1 -1 24.560761
414 444 -1 -1 21.116409
414 435 444 -1 27.527944
426 444 -1 -1 25.922334
444 459 -1 -1 17.896974
426 444 459 -1 28.460970
414 426 444 -1 29.205306
248 271 -1 -1 17.430416
248 260 -1 -1 11.815380
260 271 -1 -1 25.513652
248 260 271 -1 29.536398
227 248 -1 -1 21.979075
233 248 -1 -1 23.935069
227 233 248 -1 31.479351
227 248 260 -1 22.579810
271 283 -1 -1 28.179517
283 295 -1 -1 24.157366
271 283 295 -1 28.621075
281 283 -1 -1 20.192694
283 300 -1 -1 18.718631
281 283 300 -1 27.917123
260 283 -1 -1 29.467620
260 271 283 -1 32.168039
283 311 -1 -1 29.574476
283 300 311 -1 30.620089
283 295 311 -1 29.683310
265 283 -1 -1 26.975045
260 265 283 -1 30.541219
265 281 -1 -1 11.347548
265 281 283 -1 29.679899
388 408 -1 -1 26.001350
380 408 -1 -1 17.942989
380 388 408 -1 26.471354
390 408 -1 -1 26.034485
390 424 -1 -1 18.826593
408 424 -1 -1 23.288049
390 408 424 -1 26.886357
380 390 408 -1 27.334215
347 366 -1 -1 27.255135
347 360 -1 -1 15.593764
347 360 366 -1 27.255169
324 347 -1 -1 22.808747
330 347 -1 -1 22.720677
324 330 347 -1 25.695322
347 351 -1 -1 29.801066
330 347 351 -1 30.350066
347 351 360 -1 30.057201
334 356 -1 -1 37.484409
326 334 -1 -1 19.869240
326 334 356 -1 37.504160
334 347 -1 -1 16.025720
334 366 -1 -1 25.326902
334 347 366 -1 27.768935
324 334 -1 -1 25.554346
324 326 334 -1 31.559358
324 334 347 -1 25.930313
259 271 -1 -1 21.519380
259 288 -1 -1 30.605817
259 271 288 -1 31.041776
259 277 -1 -1 23.595607
259 277 288 -1 30.713199
248 259 -1 -1 24.318091
233 259 -1 -1 20.000450
233 248 259 -1 26.514347
248 259 271 -1 25.012446
147 177 -1 -1 17.250534
154 177 -1 -1 16.878573
147 154 -1 -1 16.531497
147 154 177 -1 19.508155
171 177 -1 -1 19.516730
154 171 -1 -1 17.889875
154 171 177 -1 21.016328
195 200 -1 -1 18.005699
192 195 -1 -1 27.040541
192 195 200 -1 27.043104
188 195 -1 -1 19.180862
188 195 200 -1 25.824494
177 195 -1 -1 22.233908
177 188 -1 -1 18.778086
177 188 195 -1 23.418138
171 195 -1 -1 11.789839
171 177 195 -1 22.268272
163 171 -1 -1 15.222574
154 163 -1 -1 14.768617
154 163 171 -1 18.685278
176 181 -1 -1 20.577726
176 192 -1 -1 18.187990
176 181 192 -1 25.396167
156 176 -1 -1 20.222409
156 176 181 -1 22.888469
176 195 -1 -1 29.302128
176 192 195 -1 29.949312
171 176 -1 -1 27.839823
171 176 195 -1 29.407193
265 275 -1 -1 19.502997
275 281 -1 -1 13.389555
265 275 281 -1 20.079944
269 275 -1 -1 14.766685
275 291 -1 -1 16.014061
269 275 291 -1 23.160744
275 281 291 -1 29.688699
241 275 -1 -1 27.173474
241 269 275 -1 28.005343
241 265 275 -1 27.480490
429 453 -1 -1 19.754645
428 453 -1 -1 20.019817
428 429 -1 -1 18.038535
428 429 453 -1 22.315388
393 429 -1 -1 22.741059
416 439 -1 -1 23.293870
416 428 -1 -1 15.351201
428 439 -1 -1 21.281105
416 428 439 -1 23.897630
416 429 -1 -1 21.495921
416 428 429 -1 21.847623
393 416 -1 -1 24.537142
393 416 429 -1 26.595782
389 393 -1 -1 23.711892
368 389 -1 -1 26.895712
368 393 -1 -1 29.679651
368 389 393 -1 31.297228
389 416 -1 -1 24.704276
389 393 416 -1 28.092670
374 389 -1 -1 27.532359
389 397 -1 -1 27.169010
374 389 397 -1 29.415949
247 278 -1 -1 25.605812
247 257 -1 -1 23.431821
247 257 278 -1 29.755305
255 278 -1 -1 29.166702
247 255 -1 -1 21.964902
247 255 278 -1 30.168129
211 247 -1 -1 23.272835
211 247 257 -1 31.102647
226 247 -1 -1 27.393305
211 226 247 -1 27.421717
278 297 -1 -1 25.521070
255 297 -1 -1 33.659753
255 278 297 -1 34.744188
297 303 -1 -1 29.967645
297 318 -1 -1 26.269617
297 303 318 -1 33.436575
297 304 -1 -1 30.806525
297 304 318 -1 35.056904
278 297 304 -1 32.601772
340 368 -1 -1 25.659300
375 378 -1 -1 16.543313
378 398 -1 -1 19.252710
375 378 398 -1 20.621084
378 399 -1 -1 21.067002
378 398 399 -1 22.770181
366 378 -1 -1 16.186234
366 378 399 -1 23.050272
356 378 -1 -1 26.207839
356 375 378 -1 26.214035
334 378 -1 -1 32.439566
334 356 378 -1 38.229642
334 366 378 -1 32.987974
235 239 -1 -1 20.663087
218 235 -1 -1 20.087116
218 235 239 -1 22.611970
235 254 -1 -1 13.398906
235 239 254 -1 23.322741
208 235 -1 -1 18.089727
208 218 -1 -1 20.121124
208 218 235 -1 22.511059
235 236 -1 -1 14.959640
208 235 236 -1 29.469974
235 236 254 -1 15.823166
229 247 -1 -1 28.665583
229 255 -1 -1 22.428494
229 247 255 -1 29.070012
226 229 -1 -1 23.020883
226 229 247 -1 30.772293
229 249 -1 -1 26.195878
249 255 -1 -1 23.840506
229 249 255 -1 28.080585
225 229 -1 -1 23.847046
225 229 249 -1 27.145145
429 432 -1 -1 21.743358
432 453 -1 -1 24.475557
429 432 453 -1 25.719840
440 453 -1 -1 22.060823
428 440 -1 -1 15.311527
428 440 453 -1 22.738488
439 440 -1 -1 20.280954
428 439 440 -1 22.388071
421 451 -1 -1 18.922500
421 434 -1 -1 28.384838
434 451 -1 -1 25.231284
421 434 451 -1 28.957613
317 325 -1 -1 33.808741
325 337 -1 -1 18.092963
317 325 337 -1 34.954586
312 325 -1 -1 16.764626
312 317 325 -1 33.886500
329 337 -1 -1 26.958909
325 329 -1 -1 22.967156
325 329 337 -1 27.284778
325 327 -1 -1 17.752155
325 327 329 -1 22.980573
249 272 -1 -1 21.926479
255 272 -1 -1 18.677819
249 255 272 -1 25.154459
272 276 -1 -1 20.483503
249 272 276 -1 27.817636
272 297 -1 -1 24.244076
255 272 297 -1 34.479796
272 303 -1 -1 34.408829
272 276 303 -1 34.642085
272 297 303 -1 35.176260
383 386 -1 -1 10.998037
337 383 -1 -1 39.184482
337 383 386 -1 40.398816
417 421 -1 -1 28.199627
406 421 -1 -1 14.966126
406 417 -1 -1 29.182543
406 417 421 -1 29.775284
417 434 -1 -1 15.674801
417 421 434 -1 29.446275
387 417 -1 -1 27.563814
387 406 417 -1 29.956820
401 417 -1 -1 15.158274
387 401 417 -1 27.563958
155 156 -1 -1 22.522599
155 179 -1 -1 17.635784
155 156 179 -1 26.225238
155 173 -1 -1 19.402516
155 173 179 -1 21.402755
455 465 -1 -1 24.025644
444 465 -1 -1 15.189333
435 465 -1 -1 29.094562
435 444 465 -1 29.098677
435 455 -1 -1 17.497430
435 455 465 -1 29.122620
459 465 -1 -1 15.650809
444 459 465 -1 18.936500
390 410 -1 -1 27.251469
410 424 -1 -1 24.406417
390 410 424 -1 27.973684
390 391 -1 -1 20.249328
391 410 -1 -1 24.840044
390 391 410 -1 28.410613
436 449 -1 -1 19.253109
449 461 -1 -1 28.115628
436 461 -1 -1 22.243252
436 449 461 -1 28.223915
436 454 -1 -1 17.857331
454 461 -1 -1 13.801891
436 454 461 -1 22.253034
410 436 -1 -1 27.069263
424 436 -1 -1 15.756373
410 424 436 -1 27.356660
410 449 -1 -1 24.695479
410 436 449 -1 28.037998
455 458 -1 -1 27.599946
435 458 -1 -1 28.946952
435 455 458 -1 29.804260
408 418 -1 -1 17.739641
418 424 -1 -1 16.654442
408 418 424 -1 23.370973
418 436 -1 -1 20.064745
418 424 436 -1 20.639961
418 454 -1 -1 18.489179
418 436 454 -1 21.799473
418 458 -1 -1 24.535431
454 458 -1 -1 18.809786
418 454 458 -1 24.760991
404 408 -1 -1 18.477148
388 404 -1 -1 19.310798
388 404 408 -1 26.038765
404 411 -1 -1 22.458950
399 404 -1 -1 22.544401
399 404 411 -1 24.304671
388 399 404 -1 23.770512
251 277 -1 -1 22.312708
251 270 -1 -1 22.603228
251 270 277 -1 26.186842
251 259 -1 -1 23.705135
251 259 277 -1 26.822311
177 180 -1 -1 18.714385
147 180 -1 -1 24.823536
147 177 180 -1 24.853321
180 209 -1 -1 22.483728
180 188 -1 -1 21.389067
180 188 209 -1 30.042396
177 180 188 -1 22.824979
160 163 -1 -1 12.772897
160 171 -1 -1 18.391336
160 163 171 -1 18.589523
160 176 -1 -1 17.810593
160 171 176 -1 28.315663
127 160 -1 -1 19.241549
156 160 -1 -1 28.592036
127 156 -1 -1 24.040265
127 156 160 -1 28.881561
156 160 176 -1 28.824708
389 405 -1 -1 19.019618
397 405 -1 -1 15.210314
389 397 405 -1 28.065323
405 416 -1 -1 12.870660
389 405 416 -1 25.066240
340 364 -1 -1 23.825867
364 368 -1 -1 26.131311
340 364 368 -1 29.168063
364 389 -1 -1 19.491781
364 368 389 -1 28.525444
349 364 -1 -1 24.515074
340 349 364 -1 36.899180
364 374 -1 -1 22.658473
349 364 374 -1 25.969811
364 374 389 -1 27.861168
164 166 -1 -1 17.954246
164 178 -1 -1 26.362990
166 178 -1 -1 30.615908
164 166 178 -1 30.725899
145 187 -1 -1 27.652590
145 175 -1 -1 21.022827
145 175 187 -1 27.851732
134 145 -1 -1 26.906687
164 189 -1 -1 33.397631
178 189 -1 -1 28.771568
164 178 189 -1 34.671359
187 189 -1 -1 17.402844
189 205 -1 -1 18.784458
187 189 205 -1 19.940012
134 164 -1 -1 25.371101
207 226 -1 -1 18.014909
205 207 -1 -1 14.483215
205 207 226 -1 18.127750
207 229 -1 -1 17.595033
207 226 229 -1 23.338060
189 207 -1 -1 15.967034
189 205 207 -1 19.359121
178 207 -1 -1 29.746506
178 189 207 -1 30.461463
207 225 -1 -1 31.000868
178 207 225 -1 33.838773
207 225 229 -1 31.152833
432 468 -1 -1 23.982451
453 468 -1 -1 18.314612
432 453 468 -1 26.176906
452 466 -1 -1 25.476916
451 466 -1 -1 23.437864
451 452 -1 -1 24.937026
451 452 466 -1 28.475201
462 466 -1 -1 21.804703
451 462 -1 -1 18.314620
451 462 466 -1 24.805492
434 462 -1 -1 20.645891
434 451 462 -1 25.583531
450 462 -1 -1 24.915561
434 450 -1 -1 19.487832
434 450 462 -1 25.603209
315 327 -1 -1 13.824241
300 315 -1 -1 10.039577
300 315 327 -1 15.633785
315 325 -1 -1 12.579157
315 325 327 -1 17.838640
312 315 -1 -1 15.238056
300 312 315 -1 27.229849
312 315 325 -1 17.491709
363 383 -1 -1 25.314477
337 363 -1 -1 25.502600
337 363 383 -1 39.904796
383 391 -1 -1 18.132405
363 391 -1 -1 20.792672
363 383 391 -1 25.642907
329 363 -1 -1 33.911414
329 337 363 -1 34.383947
351 363 -1 -1 32.865931
329 351 363 -1 36.352300
363 390 -1 -1 31.275472
363 390 391 -1 31.690182
351 363 390 -1 40.811554
417 442 -1 -1 24.437759
434 442 -1 -1 22.817944
417 434 442 -1 25.151065
442 450 -1 -1 17.210254
434 442 450 -1 23.455310
440 442 -1 -1 21.124285
439 442 -1 -1 6.327876
439 440 442 -1 21.128495
440 450 -1 -1 24.339808
440 442 450 -1 24.874893
417 422 -1 -1 24.922564
401 422 -1 -1 23.815988
401 417 422 -1 25.696256
397 422 -1 -1 18.390480
397 401 422 -1 24.159223
422 442 -1 -1 12.471696
422 439 -1 -1 8.231745
422 439 442 -1 14.031660
417 422 442 -1 25.524632
405 422 -1 -1 18.027666
397 405 422 -1 20.044417
416 422 -1 -1 21.998487
416 422 439 -1 23.301212
405 416 422 -1 22.000792
150 155 -1 -1 16.234154
150 173 -1 -1 16.549091
150 155 173 -1 20.336449
449 452 -1 -1 17.727483
402 421 -1 -1 22.511926
402 406 -1 -1 13.833139
402 406 421 -1 23.081890
386 402 -1 -1 20.866077
386 402 406 -1 23.521340
383 402 -1 -1 16.446397
383 386 402 -1 21.021811
391 402 -1 -1 22.455277
383 391 402 -1 22.745847
402 410 -1 -1 23.743575
391 402 410 -1 27.412131
441 451 -1 -1 25.357435
441 452 -1 -1 17.988281
441 451 452 -1 26.933968
421 441 -1 -1 23.056602
421 441 451 -1 26.435709
441 449 -1 -1 19.358887
441 449 452 -1 21.251035
410 441 -1 -1 17.339207
410 441 449 -1 24.814041
402 441 -1 -1 28.766040
402 421 441 -1 29.378770
402 410 441 -1 28.795002
455 464 -1 -1 26.604542
458 464 -1 -1 16.099628
455 458 464 -1 28.427922
461 464 -1 -1 26.193277
454 464 -1 -1 24.451203
454 461 464 -1 26.499220
454 458 464 -1 24.458851
427 458 -1 -1 14.343817
427 435 -1 -1 25.279474
427 435 458 -1 28.948251
411 427 -1 -1 27.792442
411 427 435 -1 28.584390
404 427 -1 -1 18.414661
404 411 427 -1 27.895645
418 427 -1 -1 20.592857
418 427 458 -1 24.562688
408 427 -1 -1 25.957647
408 418 427 -1 26.060862
404 408 427 -1 25.958907
238 246 -1 -1 16.041295
246 270 -1 -1 23.600691
238 246 270 -1 29.107063
246 251 -1 -1 18.156504
246 251 270 -1 25.149287
212 246 -1 -1 27.285375
215 246 -1 -1 25.320996
212 215 246 -1 28.000655
212 238 246 -1 27.364518
224 259 -1 -1 31.133972
224 233 -1 -1 29.159706
224 233 259 -1 32.078642
224 251 -1 -1 19.561718
224 251 259 -1 31.145046
192 224 -1 -1 33.219746
192 224 233 -1 35.436946
203 224 -1 -1 19.145327
192 203 224 -1 33.219748
215 224 -1 -1 21.194980
203 215 224 -1 21.841182
224 246 -1 -1 23.036807
215 224 246 -1 26.997600
224 246 251 -1 23.828879
145 168 -1 -1 23.631016
134 168 -1 -1 22.145542
134 145 168 -1 28.304791
164 168 -1 -1 28.266978
134 164 168 -1 29.614367
168 189 -1 -1 15.031491
164 168 189 -1 33.588368
168 187 -1 -1 20.578528
145 168 187 -1 28.369304
168 187 189 -1 21.008686
148 166 -1 -1 11.026004
148 164 -1 -1 14.166501
148 164 166 -1 17.954247
147 152 -1 -1 28.342039
152 180 -1 -1 27.932638
147 152 180 -1 31.355106
152 166 -1 -1 33.651593
149 150 -1 -1 16.992899
149 173 -1 -1 22.385004
149 150 173 -1 22.520229
152 170 -1 -1 24.505271
166 170 -1 -1 22.823454
152 166 170 -1 33.653223
170 178 -1 -1 32.678794
166 170 178 -1 34.033275
170 180 -1 -1 37.711956
152 170 180 -1 37.729255
170 218 -1 -1 33.857751
170 208 -1 -1 23.312283
170 208 218 -1 34.638214
170 178 218 -1 36.364708
170 209 -1 -1 36.466702
170 208 209 -1 37.263841
170 180 209 -1 38.969060
127 -1 -1 -1 0.000000
134 -1 -1 -1 0.000000
145 -1 -1 -1 0.000000
147 -1 -1 -1 0.000000
148 -1 -1 -1 0.000000
149 -1 -1 -1 0.000000
150 -1 -1 -1 0.000000
152 -1 -1 -1 0.000000
154 -1 -1 -1 0.000000
155 -1 -1 -1 0.000000
156 -1 -1 -1 0.000000
160 -1 -1 -1 0.000000
163 -1 -1 -1 0.000000
164 -1 -1 -1 0.000000
166 -1 -1 -1 0.000000
168 -1 -1 -1 0.000000
170 -1 -1 -1 0.000000
171 -1 -1 -1 0.000000
173 -1 -1 -1 0.000000
175 -1 -1 -1 0.000000
176 -1 -1 -1 0.000000
177 -1 -1 -1 0.000000
178 -1 -1 -1 0.000000
179 -1 -1 -1 0.000000
180 -1 -1 -1 0.000000
181 -1 -1 -1 0.000000
184 -1 -1 -1 0.000000
187 -1 -1 -1 0.000000
188 -1 -1 -1 0.000000
189 -1 -1 -1 0.000000
192 -1 -1 -1 0.000000
195 -1 -1 -1 0.000000
196 -1 -1 -1 0.000000
198 -1 -1 -1 0.000000
200 -1 -1 -1 0.000000
203 -1 -1 -1 0.000000
205 -1 -1 -1 0.000000
207 -1 -1 -1 0.000000
208 -1 -1 -1 0.000000
209 -1 -1 -1 0.000000
211 -1 -1 -1 0.000000
212 -1 -1 -1 0.000000
215 -1 -1 -1 0.000000
218 -1 -1 -1 0.000000
220 -1 -1 -1 0.000000
224 -1 -1 -1 0.000000
225 -1 -1 -1 0.000000
226 -1 -1 -1 0.000000
227 -1 -1 -1 0.000000
229 -1 -1 -1 0.000000
230 -1 -1 -1 0.000000
233 -1 -1 -1 0.000000
234 -1 -1 -1 0.000000
235 -1 -1 -1 0.000000
236 -1 -1 -1 0.000000
238 -1 -1 -1 0.000000
239 -1 -1 -1 0.000000
241 -1 -1 -1 0.000000
246 -1 -1 -1 0.000000
247 -1 -1 -1 0.000000
248 -1 -1 -1 0.000000
249 -1 -1 -1 0.000000
251 -1 -1 -1 0.000000
254 -1 -1 -1 0.000000
255 -1 -1 -1 0.000000
257 -1 -1 -1 0.000000
259 -1 -1 -1 0.000000
260 -1 -1 -1 0.000000
261 -1 -1 -1 0.000000
265 -1 -1 -1 0.000000
267 -1 -1 -1 0.000000
269 -1 -1 -1 0.000000
270 -1 -1 -1 0.000000
271 -1 -1 -1 0.000000
272 -1 -1 -1 0.000000
275 -1 -1 -1 0.000000
276 -1 -1 -1 0.000000
277 -1 -1 -1 0.000000
278 -1 -1 -1 0.000000
280 -1 -1 -1 0.000000
281 -1 -1 -1 0.000000
283 -1 -1 -1 0.000000
288 -1 -1 -1 0.000000
289 -1 -1 -1 0.000000
291 -1 -1 -1 0.000000
295 -1 -1 -1 0.000000
296 -1 -1 -1 0.000000
297 -1 -1 -1 0.000000
298 -1 -1 -1 0.000000
299 -1 -1 -1 0.000000
300 -1 -1 -1 0.000000
303 -1 -1 -1 0.000000
304 -1 -1 -1 0.000000
307 -1 -1 -1 0.000000
311 -1 -1 -1 0.000000
312 -1 -1 -1 0.000000
315 -1 -1 -1 0.000000
316 -1 -1 -1 0.000000
317 -1 -1 -1 0.000000
318 -1 -1 -1 0.000000
319 -1 -1 -1 0.000000
324 -1 -1 -1 0.000000
325 -1 -1 -1 0.000000
326 -1 -1 -1 0.000000
327 -1 -1 -1 0.000000
328 -1 -1 -1 0.000000
329 -1 -1 -1 0.000000
330 -1 -1 -1 0.000000
331 -1 -1 -1 0.000000
333 -1 -1 -1 0.000000
334 -1 -1 -1 0.000000
337 -1 -1 -1 0.000000
340 -1 -1 -1 0.000000
343 -1 -1 -1 0.000000
347 -1 -1 -1 0.000000
349 -1 -1 -1 0.000000
351 -1 -1 -1 0.000000
354 -1 -1 -1 0.000000
356 -1 -1 -1 0.000000
360 -1 -1 -1 0.000000
363 -1 -1 -1 0.000000
364 -1 -1 -1 0.000000
366 -1 -1 -1 0.000000
367 -1 -1 -1 0.000000
368 -1 -1 -1 0.000000
371 -1 -1 -1 0.000000
374 -1 -1 -1 0.000000
375 -1 -1 -1 0.000000
378 -1 -1 -1 0.000000
380 -1 -1 -1 0.000000
383 -1 -1 -1 0.000000
386 -1 -1 -1 0.000000
387 -1 -1 -1 0.000000
388 -1 -1 -1 0.000000
389 -1 -1 -1 0.000000
390 -1 -1 -1 0.000000
391 -1 -1 -1 0.000000
393 -1 -1 -1 0.000000
397 -1 -1 -1 0.000000
398 -1 -1 -1 0.000000
399 -1 -1 -1 0.000000
400 -1 -1 -1 0.000000
401 -1 -1 -1 0.000000
402 -1 -1 -1 0.000000
404 -1 -1 -1 0.000000
405 -1 -1 -1 0.000000
406 -1 -1 -1 0.000000
408 -1 -1 -1 0.000000
410 -1 -1 -1 0.000000
411 -1 -1 -1 0.000000
414 -1 -1 -1 0.000000
416 -1 -1 -1 0.000000
417 -1 -1 -1 0.000000
418 -1 -1 -1 0.000000
421 -1 -1 -1 0.000000
422 -1 -1 -1 0.000000
424 -1 -1 -1 0.000000
426 -1 -1 -1 0.000000
427 -1 -1 -1 0.000000
428 -1 -1 -1 0.000000
429 -1 -1 -1 0.000000
432 -1 -1 -1 0.000000
434 -1 -1 -1 0.000000
435 -1 -1 -1 0.000000
436 -1 -1 -1 0.000000
438 -1 -1 -1 0.000000
439 -1 -1 -1 0.000000
440 -1 -1 -1 0.000000
441 -1 -1 -1 0.000000
442 -1 -1 -1 0.000000
444 -1 -1 -1 0.000000
449 -1 -1 -1 0.000000
450 -1 -1 -1 0.000000
451 -1 -1 -1 0.000000
452 -1 -1 -1 0.000000
453 -1 -1 -1 0.000000
454 -1 -1 -1 0.000000
455 -1 -1 -1 0.000000
456 -1 -1 -1 0.000000
458 -1 -1 -1 0.000000
459 -1 -1 -1 0.000000
461 -1 -1 -1 0.000000
462 -1 -1 -1 0.000000
464 -1 -1 -1 0.000000
465 -1 -1 -1 0.000000
466 -1 -1 -1 0.000000
468 -1 -1 -1 0.000000
