220 235 -1 -1 32.085036
212 235 -1 -1 29.953544
212 220 -1 -1 18.328834
212 220 235 -1 32.651888
237 263 -1 -1 21.593692
236 263 -1 -1 29.926012
236 237 -1 -1 25.194881
236 237 263 -1 30.474454
199 209 -1 -1 27.084075
169 209 -1 -1 34.628187
169 199 -1 -1 39.946763
169 199 209 -1 40.607169
209 237 -1 -1 33.286835
209 236 -1 -1 20.829733
209 236 237 -1 33.310257
199 237 -1 -1 33.248954
199 209 237 -1 36.422015
274 284 -1 -1 15.130878
264 284 -1 -1 17.033405
264 274 -1 -1 20.227143
264 274 284 -1 20.703558
269 284 -1 -1 22.769122
264 269 -1 -1 16.596372
264 269 284 -1 22.848691
324 353 -1 -1 30.752341
324 329 -1 -1 28.449686
329 353 -1 -1 25.497845
324 329 353 -1 32.883693
324 358 -1 -1 25.350031
353 358 -1 -1 20.077265
324 353 358 -1 30.901863
230 235 -1 -1 28.855450
230 265 -1 -1 35.550406
235 265 -1 -1 39.509154
230 235 265 -1 40.927846
220 230 -1 -1 17.373206
220 230 235 -1 32.262495
209 230 -1 -1 30.919599
230 236 -1 -1 22.534887
209 230 236 -1 30.923198
209 220 -1 -1 30.221716
209 220 230 -1 31.906544
257 263 -1 -1 23.678651
236 257 -1 -1 19.995537
236 257 263 -1 29.996620
230 257 -1 -1 27.330768
257 265 -1 -1 23.545103
230 257 265 -1 35.565515
230 236 257 -1 27.775780
237 262 -1 -1 27.667529
237 240 -1 -1 24.195095
240 262 -1 -1 21.640235
237 240 262 -1 28.778990
262 263 -1 -1 16.717301
237 262 263 -1 27.677873
200 220 -1 -1 21.800114
200 212 -1 -1 15.097095
200 212 220 -1 22.085126
182 200 -1 -1 27.269173
180 182 -1 -1 19.682933
180 200 -1 -1 19.736743
180 182 200 -1 27.294328
161 165 -1 -1 18.852641
128 165 -1 -1 34.651292
128 161 -1 -1 34.679635
128 161 165 -1 36.022869
129 134 -1 -1 27.109582
134 137 -1 -1 19.140966
129 137 -1 -1 17.303374
129 134 137 -1 27.258499
184 209 -1 -1 30.271091
169 184 -1 -1 21.169015
169 184 209 -1 34.920051
184 220 -1 -1 24.704997
184 209 220 -1 33.135711
184 200 -1 -1 18.067655
184 200 220 -1 25.467745
180 184 -1 -1 23.249512
169 180 -1 -1 33.394153
169 180 184 -1 33.673388
180 184 200 -1 23.986570
97 99 -1 -1 28.320166
97 117 -1 -1 30.569560
99 117 -1 -1 32.006715
97 99 117 -1 35.113794
171 179 -1 -1 11.161892
144 179 -1 -1 26.921513
144 171 -1 -1 21.567703
144 171 179 -1 28.046819
301 329 -1 -1 28.465480
301 324 -1 -1 31.412525
301 324 329 -1 34.125972
353 360 -1 -1 22.761083
360 378 -1 -1 29.349534
353 378 -1 -1 26.624486
353 360 378 -1 30.782910
358 378 -1 -1 28.502895
378 379 -1 -1 21.010212
358 379 -1 -1 20.058057
358 378 379 -1 28.522619
353 358 378 -1 29.692192
369 384 -1 -1 26.993677
384 392 -1 -1 24.836783
369 392 -1 -1 30.207135
369 384 392 -1 31.917556
235 268 -1 -1 31.552407
265 268 -1 -1 40.586659
235 265 268 -1 43.588647
268 297 -1 -1 28.673462
279 297 -1 -1 27.473262
268 279 -1 -1 34.399437
268 279 297 -1 35.526080
256 268 -1 -1 48.802828
256 279 -1 -1 31.541975
256 268 279 -1 49.018838
210 237 -1 -1 23.404819
199 210 -1 -1 21.645744
199 210 237 -1 33.378461
210 240 -1 -1 26.555333
210 237 240 -1 28.682297
171 178 -1 -1 20.295508
166 171 -1 -1 24.629100
166 178 -1 -1 26.757548
166 171 178 -1 28.073883
178 179 -1 -1 13.917167
171 178 179 -1 21.285146
178 199 -1 -1 30.143400
179 199 -1 -1 31.553316
178 179 199 -1 31.811607
178 210 -1 -1 34.041223
178 199 210 -1 34.528036
178 202 -1 -1 22.530107
202 210 -1 -1 25.974585
178 202 210 -1 34.048074
355 358 -1 -1 19.962509
355 379 -1 -1 20.742709
355 358 379 -1 23.398533
355 384 -1 -1 29.121336
379 384 -1 -1 22.848692
355 379 384 -1 29.299146
355 369 -1 -1 27.057049
355 369 384 -1 32.079600
324 355 -1 -1 35.385368
322 355 -1 -1 34.061146
322 324 -1 -1 29.283969
322 324 355 -1 38.319622
324 355 358 -1 36.180339
274 291 -1 -1 23.223655
284 291 -1 -1 22.828637
274 284 291 -1 24.386133
291 301 -1 -1 32.194333
284 301 -1 -1 34.633437
284 291 301 -1 35.709637
242 262 -1 -1 22.832620
240 242 -1 -1 14.214565
240 242 262 -1 23.533494
158 174 -1 -1 24.794592
135 174 -1 -1 25.291685
135 158 -1 -1 29.882366
135 158 174 -1 31.206656
158 188 -1 -1 29.407108
174 188 -1 -1 24.184906
158 174 188 -1 30.625407
229 247 -1 -1 17.720098
247 254 -1 -1 20.304072
229 254 -1 -1 26.499415
229 247 254 -1 26.514214
256 282 -1 -1 25.872872
279 282 -1 -1 31.376287
256 279 282 -1 34.512582
247 282 -1 -1 32.866579
247 256 -1 -1 27.486656
247 256 282 -1 33.876543
211 235 -1 -1 38.085533
211 212 -1 -1 38.241383
211 212 235 -1 41.492390
211 268 -1 -1 52.411661
211 235 268 -1 52.827379
211 256 -1 -1 38.643978
211 256 268 -1 54.925718
311 327 -1 -1 22.946509
307 311 -1 -1 31.328087
307 327 -1 -1 25.261115
307 311 327 -1 31.726807
281 311 -1 -1 40.143335
262 275 -1 -1 13.916093
275 290 -1 -1 18.835738
262 290 -1 -1 25.229300
262 275 290 -1 25.593077
242 275 -1 -1 15.838838
242 278 -1 -1 16.985125
275 278 -1 -1 13.449637
242 275 278 -1 18.035376
242 262 275 -1 23.187235
94 120 -1 -1 25.426626
94 110 -1 -1 33.621850
110 120 -1 -1 26.329923
94 110 120 -1 34.040500
134 145 -1 -1 18.595799
137 145 -1 -1 17.164612
134 137 145 -1 21.193192
145 166 -1 -1 24.457118
137 166 -1 -1 26.841551
137 145 166 -1 27.425304
145 165 -1 -1 24.362671
165 166 -1 -1 20.926216
145 165 166 -1 27.017979
165 193 -1 -1 30.072971
161 193 -1 -1 27.860423
161 165 193 -1 30.802297
185 193 -1 -1 21.286906
161 185 -1 -1 23.049795
161 185 193 -1 28.509609
95 116 -1 -1 31.428050
106 116 -1 -1 17.410367
95 106 -1 -1 25.623227
95 106 116 -1 31.443595
116 134 -1 -1 13.728209
116 128 -1 -1 30.403029
128 134 -1 -1 24.279443
116 128 134 -1 31.163713
95 128 -1 -1 38.455056
95 116 128 -1 39.483247
116 129 -1 -1 32.810183
115 129 -1 -1 18.595044
115 116 -1 -1 33.296948
115 116 129 -1 34.454233
116 129 134 -1 33.527215
97 101 -1 -1 17.487615
100 101 -1 -1 12.761920
100 115 -1 -1 21.753100
101 115 -1 -1 26.911698
100 101 115 -1 27.257624
97 115 -1 -1 36.509459
97 101 115 -1 38.560476
127 157 -1 -1 29.152602
127 144 -1 -1 20.366455
144 157 -1 -1 30.715726
127 144 157 -1 31.905152
117 157 -1 -1 34.535024
117 127 -1 -1 25.429102
117 127 157 -1 35.283899
97 127 -1 -1 34.546154
97 117 127 -1 35.673140
115 127 -1 -1 34.703805
97 115 127 -1 40.748222
127 129 -1 -1 33.378237
115 127 129 -1 35.463293
129 144 -1 -1 26.760554
127 129 144 -1 33.382208
173 179 -1 -1 20.964380
144 173 -1 -1 29.930859
144 173 179 -1 30.814750
157 173 -1 -1 25.473201
144 157 173 -1 33.423941
169 173 -1 -1 27.556008
157 169 -1 -1 23.125112
157 169 173 -1 29.538326
173 199 -1 -1 25.856346
169 173 199 -1 40.226833
173 179 199 -1 31.724417
125 143 -1 -1 24.006452
143 146 -1 -1 20.946973
125 146 -1 -1 27.885609
125 143 146 -1 28.697095
120 125 -1 -1 20.389527
110 125 -1 -1 17.989110
110 120 125 -1 26.382014
99 123 -1 -1 37.897367
117 123 -1 -1 23.102740
99 117 123 -1 38.026887
123 157 -1 -1 41.449149
117 123 157 -1 41.449720
168 182 -1 -1 22.708872
146 182 -1 -1 32.808722
146 168 -1 -1 28.167130
146 168 182 -1 33.365185
168 180 -1 -1 15.994612
168 180 182 -1 23.189692
168 169 -1 -1 40.881123
168 169 180 -1 42.598565
129 153 -1 -1 19.885761
144 153 -1 -1 16.394546
129 144 153 -1 26.845740
153 171 -1 -1 14.175994
144 153 171 -1 21.568747
137 153 -1 -1 19.489882
129 137 153 -1 21.921006
153 166 -1 -1 28.636188
137 153 166 -1 29.722611
153 166 171 -1 28.640763
269 288 -1 -1 16.264029
276 288 -1 -1 22.367870
269 276 -1 -1 20.346812
269 276 288 -1 23.225469
284 288 -1 -1 21.281479
269 284 288 -1 23.772435
268 300 -1 -1 33.334911
297 300 -1 -1 20.614441
268 297 300 -1 33.557404
265 300 -1 -1 45.634975
265 268 300 -1 47.129120
296 300 -1 -1 40.349515
265 296 -1 -1 27.696886
265 296 300 -1 46.088099
339 357 -1 -1 16.245659
352 357 -1 -1 18.108488
339 352 -1 -1 28.701743
339 352 357 -1 31.231061
339 341 -1 -1 28.619540
341 352 -1 -1 23.973070
339 341 352 -1 31.552734
323 341 -1 -1 21.591034
323 339 -1 -1 20.239892
323 339 341 -1 28.680058
327 341 -1 -1 18.123525
307 341 -1 -1 30.486392
307 327 341 -1 30.511537
307 323 -1 -1 23.268848
307 323 341 -1 30.579122
378 386 -1 -1 20.031749
379 386 -1 -1 14.450377
378 379 386 -1 21.962844
384 386 -1 -1 21.033337
379 384 386 -1 23.382537
221 222 -1 -1 16.266694
202 221 -1 -1 17.821211
202 222 -1 -1 24.930199
202 221 222 -1 24.987711
210 221 -1 -1 29.907040
202 210 221 -1 30.075476
347 355 -1 -1 23.029173
322 347 -1 -1 23.056444
322 347 355 -1 34.207774
347 369 -1 -1 23.689838
347 355 369 -1 28.656872
246 264 -1 -1 18.570642
226 246 -1 -1 15.513899
159 182 -1 -1 31.317161
146 159 -1 -1 19.044139
146 159 182 -1 33.663096
139 158 -1 -1 28.400491
135 139 -1 -1 34.190871
135 139 158 -1 35.994291
139 159 -1 -1 25.807569
158 159 -1 -1 22.034402
139 158 159 -1 29.804529
139 146 -1 -1 28.440229
139 146 159 -1 29.179516
125 139 -1 -1 27.709307
125 139 146 -1 32.351264
120 139 -1 -1 19.352520
120 125 139 -1 27.720523
282 298 -1 -1 32.216089
279 298 -1 -1 23.929961
279 282 298 -1 34.333884
298 323 -1 -1 22.505604
298 307 -1 -1 27.766660
298 307 323 -1 28.791504
277 282 -1 -1 14.313826
247 277 -1 -1 27.514666
247 277 282 -1 33.243448
201 211 -1 -1 28.852465
201 212 -1 -1 18.216733
201 211 212 -1 39.878347
200 201 -1 -1 23.030941
200 201 212 -1 23.063793
182 201 -1 -1 23.103398
182 200 201 -1 28.597649
183 216 -1 -1 21.443750
275 287 -1 -1 10.658634
287 290 -1 -1 11.444801
275 287 290 -1 21.111931
278 287 -1 -1 11.783017
275 278 287 -1 14.030979
92 108 -1 -1 34.995982
108 113 -1 -1 19.510721
92 113 -1 -1 27.360975
92 108 113 -1 35.136611
108 135 -1 -1 37.128957
113 135 -1 -1 36.440769
108 113 135 -1 38.171335
138 165 -1 -1 30.195640
128 138 -1 -1 11.357168
128 138 165 -1 35.633813
138 145 -1 -1 11.853042
138 145 165 -1 31.735930
134 138 -1 -1 16.015031
128 134 138 -1 29.326190
134 138 145 -1 18.767054
165 191 -1 -1 27.589743
166 191 -1 -1 23.751319
165 166 191 -1 28.436978
178 191 -1 -1 26.868668
166 178 191 -1 29.906566
191 202 -1 -1 18.643097
178 191 202 -1 27.213168
193 205 -1 -1 22.500897
205 213 -1 -1 26.421983
193 213 -1 -1 16.618864
193 205 213 -1 26.591679
185 205 -1 -1 22.077048
185 193 205 -1 25.370887
98 106 -1 -1 23.404570
98 100 -1 -1 16.049859
98 115 -1 -1 24.203524
98 100 115 -1 24.742757
98 116 -1 -1 31.518047
98 115 116 -1 35.003008
98 106 116 -1 32.011148
147 161 -1 -1 22.013581
128 147 -1 -1 26.103346
128 147 161 -1 34.697325
122 123 -1 -1 23.038553
99 122 -1 -1 41.339969
99 122 123 -1 41.798688
123 143 -1 -1 25.706577
122 143 -1 -1 17.067575
122 123 143 -1 26.264609
122 125 -1 -1 23.885715
110 122 -1 -1 27.063358
110 122 125 -1 27.555619
122 125 143 -1 25.629272
123 155 -1 -1 22.966998
155 157 -1 -1 44.156132
123 155 157 -1 44.698709
155 169 -1 -1 44.988090
155 157 169 -1 46.177924
155 168 -1 -1 15.296854
155 168 169 -1 45.191968
143 155 -1 -1 18.081878
123 143 155 -1 26.434803
146 155 -1 -1 28.446422
143 146 155 -1 28.493373
146 155 168 -1 29.404512
113 126 -1 -1 33.655058
278 293 -1 -1 28.462883
276 278 -1 -1 12.824529
276 293 -1 -1 30.106908
276 278 293 -1 30.239062
288 293 -1 -1 29.639410
276 288 293 -1 32.221136
287 293 -1 -1 27.001738
278 287 293 -1 28.581027
293 324 -1 -1 38.283802
293 322 -1 -1 34.334301
293 322 324 -1 39.925733
293 301 -1 -1 33.583133
293 301 324 -1 40.234093
290 293 -1 -1 28.377048
287 290 293 -1 28.489336
311 348 -1 -1 30.710203
327 348 -1 -1 22.834862
311 327 348 -1 30.865096
341 348 -1 -1 33.077548
327 341 348 -1 34.618971
286 296 -1 -1 32.451406
286 320 -1 -1 37.812601
296 320 -1 -1 23.803899
286 296 320 -1 38.101610
262 286 -1 -1 30.784061
286 290 -1 -1 24.484457
262 286 290 -1 31.658400
263 286 -1 -1 30.494123
262 263 286 -1 31.851197
257 286 -1 -1 40.433724
257 263 286 -1 40.637148
265 286 -1 -1 44.148125
257 265 286 -1 44.503678
265 286 296 -1 44.261969
297 317 -1 -1 24.501045
279 317 -1 -1 36.808565
279 297 317 -1 36.808566
298 317 -1 -1 28.507856
279 298 317 -1 36.817748
317 339 -1 -1 23.731779
317 323 -1 -1 30.614305
317 323 339 -1 30.635365
298 317 323 -1 32.068003
205 226 -1 -1 22.755050
210 243 -1 -1 33.017080
240 243 -1 -1 15.228831
210 240 243 -1 33.624361
221 243 -1 -1 22.697397
210 221 243 -1 33.971053
242 243 -1 -1 13.489039
240 242 243 -1 16.589332
224 246 -1 -1 19.132336
224 226 -1 -1 18.421491
224 226 246 -1 20.632831
205 224 -1 -1 25.760777
213 224 -1 -1 13.201984
205 213 224 -1 26.998292
205 224 226 -1 26.475829
222 224 -1 -1 17.053005
213 222 -1 -1 10.994083
213 222 224 -1 17.054926
334 347 -1 -1 21.284232
322 334 -1 -1 25.603451
322 334 347 -1 27.176587
347 351 -1 -1 18.179189
351 369 -1 -1 19.864042
347 351 369 -1 24.324117
334 351 -1 -1 22.433540
330 351 -1 -1 20.546823
330 334 -1 -1 15.124515
330 334 351 -1 23.094773
334 347 351 -1 24.067024
229 234 -1 -1 25.033815
234 254 -1 -1 16.413989
229 234 254 -1 27.269244
234 261 -1 -1 21.914063
254 261 -1 -1 19.698939
234 254 261 -1 22.786634
174 175 -1 -1 13.829098
175 188 -1 -1 29.491213
174 175 188 -1 29.784105
175 176 -1 -1 13.184060
176 188 -1 -1 30.664893
175 176 188 -1 30.938636
135 175 -1 -1 33.551649
135 174 175 -1 36.997572
198 216 -1 -1 20.958283
183 198 -1 -1 27.349337
183 198 216 -1 27.744145
176 198 -1 -1 21.685940
176 183 -1 -1 31.945388
176 183 198 -1 32.398816
198 234 -1 -1 28.518691
216 234 -1 -1 31.033612
198 216 234 -1 31.985627
247 251 -1 -1 12.513934
251 254 -1 -1 11.420105
247 251 254 -1 22.587879
251 277 -1 -1 18.566404
247 251 277 -1 32.954953
261 273 -1 -1 22.081245
273 281 -1 -1 30.828775
261 281 -1 -1 37.832555
261 273 281 -1 37.833012
254 273 -1 -1 25.723196
254 261 273 -1 26.538241
251 273 -1 -1 27.662604
251 254 273 -1 27.691605
273 277 -1 -1 21.966700
251 273 277 -1 27.742934
277 294 -1 -1 21.710023
282 294 -1 -1 23.999927
277 282 294 -1 24.318140
294 298 -1 -1 35.377235
294 307 -1 -1 21.476165
294 298 307 -1 35.381885
282 294 298 -1 36.390239
273 294 -1 -1 25.885001
273 277 294 -1 27.113295
294 311 -1 -1 37.975253
294 307 311 -1 37.975257
281 294 -1 -1 44.428092
281 294 311 -1 47.506975
273 281 294 -1 45.559071
159 181 -1 -1 24.047226
181 182 -1 -1 27.100218
159 181 182 -1 32.384937
181 201 -1 -1 31.221050
181 182 201 -1 32.115253
158 181 -1 -1 28.639377
181 188 -1 -1 32.098148
158 181 188 -1 34.837376
158 159 181 -1 29.427197
181 211 -1 -1 39.697613
181 201 211 -1 40.028930
181 215 -1 -1 38.714915
188 215 -1 -1 19.733909
181 188 215 -1 38.790654
211 215 -1 -1 36.815393
181 211 215 -1 44.413694
211 232 -1 -1 31.125427
232 256 -1 -1 24.106009
211 232 256 -1 38.671432
215 232 -1 -1 22.098060
211 215 232 -1 36.916504
232 247 -1 -1 21.160953
232 247 256 -1 28.529943
229 232 -1 -1 23.637218
229 232 247 -1 24.554532
215 229 -1 -1 24.859515
215 229 232 -1 27.265094
94 121 -1 -1 24.118226
120 121 -1 -1 16.269514
94 120 121 -1 26.293685
108 121 -1 -1 27.504539
121 135 -1 -1 32.183487
108 121 135 -1 38.186270
121 139 -1 -1 23.277867
121 135 139 -1 35.537972
120 121 139 -1 23.561166
196 222 -1 -1 13.826258
196 202 -1 -1 24.457733
196 202 222 -1 25.735184
191 196 -1 -1 13.525170
191 196 202 -1 24.681045
196 213 -1 -1 13.622228
196 213 222 -1 14.979949
193 196 -1 -1 18.171914
193 196 213 -1 18.990937
165 196 -1 -1 31.879443
165 193 196 -1 32.535022
165 191 196 -1 32.029574
95 114 -1 -1 27.555262
114 128 -1 -1 27.521282
95 114 128 -1 38.467082
114 147 -1 -1 32.066573
114 128 147 -1 33.461618
86 99 -1 -1 23.992707
86 122 -1 -1 31.294475
86 110 -1 -1 34.171782
86 110 122 -1 36.083727
86 99 122 -1 41.559079
293 299 -1 -1 22.470845
299 301 -1 -1 17.545335
293 299 301 -1 36.634294
288 299 -1 -1 13.298433
288 293 299 -1 31.388245
284 299 -1 -1 28.804965
284 299 301 -1 34.698585
284 288 299 -1 30.790678
293 303 -1 -1 25.170294
303 322 -1 -1 31.113581
293 303 322 -1 35.657723
290 303 -1 -1 14.184755
290 293 303 -1 28.401285
286 303 -1 -1 27.521434
286 290 303 -1 27.574980
380 381 -1 -1 17.040310
352 380 -1 -1 34.919923
352 381 -1 -1 24.195093
352 380 381 -1 38.414417
381 391 -1 -1 23.901450
380 391 -1 -1 33.178558
380 381 391 -1 34.708282
389 392 -1 -1 39.703222
330 338 -1 -1 18.876836
320 338 -1 -1 23.549613
320 330 -1 -1 26.701278
320 330 338 -1 27.388825
338 351 -1 -1 32.885255
330 338 351 -1 35.721755
357 361 -1 -1 12.043803
352 361 -1 -1 23.129293
352 357 361 -1 23.366494
361 381 -1 -1 33.632529
352 361 381 -1 33.634089
317 346 -1 -1 29.257823
339 346 -1 -1 19.129661
317 339 346 -1 29.353164
346 357 -1 -1 16.000934
339 346 357 -1 20.028612
346 361 -1 -1 17.516098
346 357 361 -1 18.064769
255 269 -1 -1 15.674004
255 264 -1 -1 21.430658
255 264 269 -1 21.583676
246 255 -1 -1 14.682683
246 255 264 -1 21.809306
243 253 -1 -1 12.226908
242 253 -1 -1 17.035022
242 243 253 -1 17.169868
286 312 -1 -1 27.598209
312 320 -1 -1 34.260705
286 312 320 -1 39.241514
312 330 -1 -1 30.513886
312 320 330 -1 35.783156
312 334 -1 -1 20.852354
312 330 334 -1 33.694609
303 312 -1 -1 18.284349
286 303 312 -1 29.214192
312 322 -1 -1 28.523690
312 322 334 -1 29.532919
303 312 322 -1 31.586727
223 234 -1 -1 28.470282
223 261 -1 -1 31.336180
223 234 261 -1 32.342398
216 223 -1 -1 18.871496
216 223 234 -1 31.606164
132 175 -1 -1 33.868327
132 135 -1 -1 28.231006
132 135 175 -1 37.122592
113 132 -1 -1 28.218192
126 132 -1 -1 25.428721
113 126 132 -1 34.470059
113 132 135 -1 36.956826
164 176 -1 -1 41.633112
164 183 -1 -1 23.503448
164 176 183 -1 41.872660
164 175 -1 -1 42.823792
164 175 176 -1 42.919464
132 164 -1 -1 36.158483
132 164 175 -1 44.268558
126 164 -1 -1 33.062904
126 132 164 -1 37.416404
214 234 -1 -1 29.121746
214 229 -1 -1 14.554465
214 229 234 -1 29.124248
198 214 -1 -1 19.990998
198 214 234 -1 30.738072
176 214 -1 -1 27.278776
176 198 214 -1 27.570460
214 215 -1 -1 23.786934
214 215 229 -1 25.547935
188 214 -1 -1 30.506234
176 188 214 -1 34.171801
188 214 215 -1 30.516726
87 94 -1 -1 22.622344
87 110 -1 -1 25.704682
87 94 110 -1 33.643871
103 121 -1 -1 24.763398
94 103 -1 -1 14.966389
94 103 121 -1 25.693211
103 108 -1 -1 19.428416
103 108 121 -1 28.357232
372 380 -1 -1 25.620756
352 372 -1 -1 37.334886
352 372 380 -1 38.767453
341 372 -1 -1 38.516880
341 352 372 -1 40.013876
348 372 -1 -1 21.591318
341 348 372 -1 38.572616
348 374 -1 -1 34.933799
372 374 -1 -1 28.410441
348 372 374 -1 34.966403
336 338 -1 -1 24.312598
338 366 -1 -1 29.598275
336 366 -1 -1 30.681655
336 338 366 -1 32.959959
338 365 -1 -1 37.880076
365 366 -1 -1 22.997474
338 365 366 -1 37.889251
351 365 -1 -1 28.349299
338 351 365 -1 39.035142
365 389 -1 -1 22.776093
366 389 -1 -1 27.817530
365 366 389 -1 28.819419
365 369 -1 -1 29.190809
351 365 369 -1 30.675638
365 392 -1 -1 35.889873
365 369 392 -1 37.276290
365 389 392 -1 40.103777
224 233 -1 -1 21.781190
233 246 -1 -1 24.616989
224 233 246 -1 25.653051
233 255 -1 -1 18.641294
233 246 255 -1 24.692996
222 233 -1 -1 19.858036
222 224 233 -1 22.918761
221 233 -1 -1 16.878710
221 222 233 -1 20.701575
233 253 -1 -1 16.542026
253 255 -1 -1 17.558233
233 253 255 -1 20.374132
233 243 -1 -1 19.393850
221 233 243 -1 23.282428
233 243 253 -1 19.526179
253 270 -1 -1 10.111580
255 270 -1 -1 19.194800
253 255 270 -1 19.331122
269 270 -1 -1 20.461982
270 276 -1 -1 9.936034
269 270 276 -1 21.038735
255 269 270 -1 21.634759
242 270 -1 -1 17.498967
242 253 270 -1 18.074209
270 278 -1 -1 17.760136
270 276 278 -1 18.145280
242 270 278 -1 20.118905
385 389 -1 -1 19.410365
366 385 -1 -1 18.347293
366 385 389 -1 27.918192
385 394 -1 -1 24.302568
300 306 -1 -1 21.320692
296 306 -1 -1 26.628232
296 300 306 -1 44.217816
315 338 -1 -1 32.978336
315 320 -1 -1 19.249317
315 320 338 -1 33.520830
315 336 -1 -1 29.689869
315 336 338 -1 34.217660
306 315 -1 -1 10.659265
306 336 -1 -1 29.644048
306 315 336 -1 30.157859
296 315 -1 -1 20.127386
296 315 320 -1 24.720263
296 306 315 -1 29.711110
306 321 -1 -1 23.099450
300 321 -1 -1 23.852659
300 306 321 -1 26.359031
321 336 -1 -1 26.399350
306 321 336 -1 30.959533
297 321 -1 -1 35.723602
297 300 321 -1 37.292833
317 321 -1 -1 36.272633
297 317 321 -1 38.290500
346 375 -1 -1 29.369717
361 375 -1 -1 19.885069
346 361 375 -1 30.180145
375 391 -1 -1 38.483603
375 381 -1 -1 41.257043
375 381 391 -1 42.025199
361 375 381 -1 41.617162
321 342 -1 -1 26.446722
336 342 -1 -1 39.262955
321 336 342 -1 39.477040
342 375 -1 -1 31.533591
342 346 -1 -1 17.853308
342 346 375 -1 32.046948
317 342 -1 -1 34.031136
317 342 346 -1 34.035455
317 321 342 -1 38.036867
363 385 -1 -1 25.463013
363 394 -1 -1 28.972765
363 385 394 -1 30.611935
363 375 -1 -1 35.618439
342 363 -1 -1 34.157703
342 363 375 -1 39.134608
336 363 -1 -1 33.829706
336 342 363 -1 41.639619
363 366 -1 -1 30.136036
336 363 366 -1 36.594164
363 366 385 -1 30.238377
86 -1 -1 -1 0.000000
87 -1 -1 -1 0.000000
92 -1 -1 -1 0.000000
94 -1 -1 -1 0.000000
95 -1 -1 -1 0.000000
97 -1 -1 -1 0.000000
98 -1 -1 -1 0.000000
99 -1 -1 -1 0.000000
100 -1 -1 -1 0.000000
101 -1 -1 -1 0.000000
103 -1 -1 -1 0.000000
106 -1 -1 -1 0.000000
108 -1 -1 -1 0.000000
110 -1 -1 -1 0.000000
113 -1 -1 -1 0.000000
114 -1 -1 -1 0.000000
115 -1 -1 -1 0.000000
116 -1 -1 -1 0.000000
117 -1 -1 -1 0.000000
120 -1 -1 -1 0.000000
121 -1 -1 -1 0.000000
122 -1 -1 -1 0.000000
123 -1 -1 -1 0.000000
125 -1 -1 -1 0.000000
126 -1 -1 -1 0.000000
127 -1 -1 -1 0.000000
128 -1 -1 -1 0.000000
129 -1 -1 -1 0.000000
132 -1 -1 -1 0.000000
134 -1 -1 -1 0.000000
135 -1 -1 -1 0.000000
137 -1 -1 -1 0.000000
138 -1 -1 -1 0.000000
139 -1 -1 -1 0.000000
143 -1 -1 -1 0.000000
144 -1 -1 -1 0.000000
145 -1 -1 -1 0.000000
146 -1 -1 -1 0.000000
147 -1 -1 -1 0.000000
153 -1 -1 -1 0.000000
155 -1 -1 -1 0.000000
157 -1 -1 -1 0.000000
158 -1 -1 -1 0.000000
159 -1 -1 -1 0.000000
161 -1 -1 -1 0.000000
164 -1 -1 -1 0.000000
165 -1 -1 -1 0.000000
166 -1 -1 -1 0.000000
168 -1 -1 -1 0.000000
169 -1 -1 -1 0.000000
171 -1 -1 -1 0.000000
173 -1 -1 -1 0.000000
174 -1 -1 -1 0.000000
175 -1 -1 -1 0.000000
176 -1 -1 -1 0.000000
178 -1 -1 -1 0.000000
179 -1 -1 -1 0.000000
180 -1 -1 -1 0.000000
181 -1 -1 -1 0.000000
182 -1 -1 -1 0.000000
183 -1 -1 -1 0.000000
184 -1 -1 -1 0.000000
185 -1 -1 -1 0.000000
188 -1 -1 -1 0.000000
191 -1 -1 -1 0.000000
193 -1 -1 -1 0.000000
196 -1 -1 -1 0.000000
198 -1 -1 -1 0.000000
199 -1 -1 -1 0.000000
200 -1 -1 -1 0.000000
201 -1 -1 -1 0.000000
202 -1 -1 -1 0.000000
205 -1 -1 -1 0.000000
209 -1 -1 -1 0.000000
210 -1 -1 -1 0.000000
211 -1 -1 -1 0.000000
212 -1 -1 -1 0.000000
213 -1 -1 -1 0.000000
214 -1 -1 -1 0.000000
215 -1 -1 -1 0.000000
216 -1 -1 -1 0.000000
220 -1 -1 -1 0.000000
221 -1 -1 -1 0.000000
222 -1 -1 -1 0.000000
223 -1 -1 -1 0.000000
224 -1 -1 -1 0.000000
226 -1 -1 -1 0.000000
229 -1 -1 -1 0.000000
230 -1 -1 -1 0.000000
232 -1 -1 -1 0.000000
233 -1 -1 -1 0.000000
234 -1 -1 -1 0.000000
235 -1 -1 -1 0.000000
236 -1 -1 -1 0.000000
237 -1 -1 -1 0.000000
240 -1 -1 -1 0.000000
242 -1 -1 -1 0.000000
243 -1 -1 -1 0.000000
246 -1 -1 -1 0.000000
247 -1 -1 -1 0.000000
251 -1 -1 -1 0.000000
253 -1 -1 -1 0.000000
254 -1 -1 -1 0.000000
255 -1 -1 -1 0.000000
256 -1 -1 -1 0.000000
257 -1 -1 -1 0.000000
261 -1 -1 -1 0.000000
262 -1 -1 -1 0.000000
263 -1 -1 -1 0.000000
264 -1 -1 -1 0.000000
265 -1 -1 -1 0.000000
268 -1 -1 -1 0.000000
269 -1 -1 -1 0.000000
270 -1 -1 -1 0.000000
273 -1 -1 -1 0.000000
274 -1 -1 -1 0.000000
275 -1 -1 -1 0.000000
276 -1 -1 -1 0.000000
277 -1 -1 -1 0.000000
278 -1 -1 -1 0.000000
279 -1 -1 -1 0.000000
281 -1 -1 -1 0.000000
282 -1 -1 -1 0.000000
284 -1 -1 -1 0.000000
286 -1 -1 -1 0.000000
287 -1 -1 -1 0.000000
288 -1 -1 -1 0.000000
290 -1 -1 -1 0.000000
291 -1 -1 -1 0.000000
293 -1 -1 -1 0.000000
294 -1 -1 -1 0.000000
296 -1 -1 -1 0.000000
297 -1 -1 -1 0.000000
298 -1 -1 -1 0.000000
299 -1 -1 -1 0.000000
300 -1 -1 -1 0.000000
301 -1 -1 -1 0.000000
303 -1 -1 -1 0.000000
306 -1 -1 -1 0.000000
307 -1 -1 -1 0.000000
311 -1 -1 -1 0.000000
312 -1 -1 -1 0.000000
315 -1 -1 -1 0.000000
317 -1 -1 -1 0.000000
320 -1 -1 -1 0.000000
321 -1 -1 -1 0.000000
322 -1 -1 -1 0.000000
323 -1 -1 -1 0.000000
324 -1 -1 -1 0.000000
327 -1 -1 -1 0.000000
329 -1 -1 -1 0.000000
330 -1 -1 -1 0.000000
334 -1 -1 -1 0.000000
336 -1 -1 -1 0.000000
338 -1 -1 -1 0.000000
339 -1 -1 -1 0.000000
341 -1 -1 -1 0.000000
342 -1 -1 -1 0.000000
346 -1 -1 -1 0.000000
347 -1 -1 -1 0.000000
348 -1 -1 -1 0.000000
351 -1 -1 -1 0.000000
352 -1 -1 -1 0.000000
353 -1 -1 -1 0.000000
355 -1 -1 -1 0.000000
357 -1 -1 -1 0.000000
358 -1 -1 -1 0.000000
360 -1 -1 -1 0.000000
361 -1 -1 -1 0.000000
363 -1 -1 -1 0.000000
365 -1 -1 -1 0.000000
366 -1 -1 -1 0.000000
369 -1 -1 -1 0.000000
372 -1 -1 -1 0.000000
374 -1 -1 -1 0.000000
375 -1 -1 -1 0.000000
378 -1 -1 -1 0.000000
379 -1 -1 -1 0.000000
380 -1 -1 -1 0.000000
381 -1 -1 -1 0.000000
384 -1 -1 -1 0.000000
385 -1 -1 -1 0.000000
386 -1 -1 -1 0.000000
389 -1 -1 -1 0.000000
391 -1 -1 -1 0.000000
392 -1 -1 -1 0.000000
394 -1 -1 -1 0.000000
