218 227 -1 -1 30.256920
186 218 -1 -1 25.703004
186 227 -1 -1 36.837811
186 218 227 -1 37.208832
144 170 -1 -1 45.280206
121 170 -1 -1 40.245889
121 144 -1 -1 34.200243
121 144 170 -1 47.006065
227 233 -1 -1 22.127497
218 233 -1 -1 27.262884
218 227 233 -1 31.361656
233 238 -1 -1 30.717064
218 238 -1 -1 33.694040
218 233 238 -1 35.684158
151 170 -1 -1 29.270300
121 151 -1 -1 28.349585
121 151 170 -1 40.258008
188 227 -1 -1 32.703546
186 188 -1 -1 17.542505
186 188 227 -1 36.843542
189 204 -1 -1 14.089057
189 214 -1 -1 30.201192
204 214 -1 -1 21.488250
189 204 214 -1 33.210712
278 284 -1 -1 18.702787
278 292 -1 -1 25.843668
284 292 -1 -1 23.750998
278 284 292 -1 26.895359
260 278 -1 -1 32.982067
278 283 -1 -1 36.377800
260 283 -1 -1 26.362812
260 278 283 -1 37.718162
235 260 -1 -1 36.707097
235 238 -1 -1 31.088335
238 260 -1 -1 24.203106
235 238 260 -1 37.052036
282 298 -1 -1 22.628492
282 283 -1 -1 23.766453
283 298 -1 -1 19.465525
282 283 298 -1 25.583942
235 237 -1 -1 19.640541
221 237 -1 -1 24.735489
221 235 -1 -1 19.823901
221 235 237 -1 25.323940
214 237 -1 -1 35.245093
214 221 -1 -1 24.818681
214 221 237 -1 35.247519
100 115 -1 -1 11.593973
231 233 -1 -1 34.345575
231 261 -1 -1 34.943833
233 261 -1 -1 29.919100
231 233 261 -1 38.414864
227 231 -1 -1 26.073592
227 231 233 -1 34.346907
357 375 -1 -1 18.290750
356 375 -1 -1 24.942804
356 357 -1 -1 17.686721
356 357 375 -1 24.961787
184 218 -1 -1 26.158792
184 186 -1 -1 13.030760
184 186 218 -1 26.804670
184 191 -1 -1 19.651641
191 218 -1 -1 25.728717
184 191 218 -1 28.036788
170 191 -1 -1 28.479245
170 184 -1 -1 30.340363
170 184 191 -1 31.312291
144 184 -1 -1 49.887966
144 170 184 -1 50.673846
225 235 -1 -1 18.619684
225 238 -1 -1 18.665571
225 235 238 -1 33.768511
218 225 -1 -1 36.430868
218 225 238 -1 36.716105
191 225 -1 -1 36.577994
191 218 225 -1 39.007297
221 225 -1 -1 26.939147
221 225 235 -1 26.943966
136 157 -1 -1 25.964086
136 142 -1 -1 32.584103
142 157 -1 -1 23.149285
136 142 157 -1 32.834925
115 116 -1 -1 25.165104
116 144 -1 -1 30.556798
116 121 -1 -1 33.042458
116 121 144 -1 37.759443
116 123 -1 -1 12.739151
123 144 -1 -1 23.851334
116 123 144 -1 32.410018
122 151 -1 -1 27.489366
121 122 -1 -1 29.304215
121 122 151 -1 32.805476
138 151 -1 -1 28.041667
122 138 -1 -1 20.031509
122 138 151 -1 29.778248
151 177 -1 -1 19.301844
170 177 -1 -1 22.886428
151 170 177 -1 29.299745
202 214 -1 -1 34.493837
202 221 -1 -1 27.420035
202 214 221 -1 34.792661
189 202 -1 -1 28.039262
189 202 214 -1 36.162154
202 225 -1 -1 39.193695
202 221 225 -1 39.224533
191 202 -1 -1 30.573158
191 202 225 -1 41.508880
170 202 -1 -1 36.219290
170 191 202 -1 37.399107
177 202 -1 -1 29.242860
170 177 202 -1 36.264880
324 325 -1 -1 20.722092
324 356 -1 -1 25.019476
325 356 -1 -1 33.624668
324 325 356 -1 33.713537
248 278 -1 -1 26.769595
248 261 -1 -1 23.618964
261 278 -1 -1 23.642010
248 261 278 -1 28.673734
248 260 -1 -1 25.560234
248 260 278 -1 33.706108
238 248 -1 -1 23.015616
238 248 260 -1 28.091564
233 248 -1 -1 22.239479
233 248 261 -1 30.260222
233 238 248 -1 30.813133
257 260 -1 -1 26.932065
235 257 -1 -1 27.361629
235 257 260 -1 36.843243
237 257 -1 -1 28.371526
235 237 257 -1 29.806463
257 283 -1 -1 31.602343
257 260 283 -1 33.094816
257 282 -1 -1 26.498508
257 282 283 -1 32.344710
368 378 -1 -1 16.336925
356 368 -1 -1 28.074863
356 378 -1 -1 24.257507
356 368 378 -1 28.176089
375 378 -1 -1 28.105305
356 375 378 -1 29.974726
375 386 -1 -1 20.011646
378 386 -1 -1 20.431249
375 378 386 -1 28.121788
345 368 -1 -1 27.151730
353 368 -1 -1 27.312700
345 353 -1 -1 16.938330
345 353 368 -1 28.654150
325 345 -1 -1 12.081318
345 356 -1 -1 34.384421
325 345 356 -1 34.618334
345 356 368 -1 35.289827
149 159 -1 -1 37.839380
120 159 -1 -1 29.085972
120 149 -1 -1 45.991926
120 149 159 -1 46.117853
93 130 -1 -1 33.040153
93 120 -1 -1 45.343278
120 130 -1 -1 34.075264
93 120 130 -1 45.517395
104 130 -1 -1 24.924884
93 104 -1 -1 29.639500
93 104 130 -1 34.377473
130 134 -1 -1 24.761421
104 134 -1 -1 24.327320
104 130 134 -1 28.492250
134 158 -1 -1 26.594076
142 158 -1 -1 23.036923
134 142 -1 -1 25.605729
134 142 158 -1 29.101940
203 222 -1 -1 45.543195
203 229 -1 -1 39.751660
222 229 -1 -1 47.598996
203 222 229 -1 51.540457
169 182 -1 -1 39.377817
182 194 -1 -1 21.152558
169 194 -1 -1 25.637161
169 182 194 -1 43.197738
159 169 -1 -1 39.977463
169 176 -1 -1 37.575825
159 176 -1 -1 19.529350
159 169 176 -1 40.335587
149 169 -1 -1 33.234283
149 159 169 -1 43.086960
97 117 -1 -1 30.437317
117 149 -1 -1 25.848629
117 120 -1 -1 47.648048
117 120 149 -1 48.797723
366 375 -1 -1 17.548251
357 366 -1 -1 17.412814
357 366 375 -1 20.511886
174 188 -1 -1 26.908361
174 186 -1 -1 32.147516
174 186 188 -1 32.147566
174 184 -1 -1 38.381691
174 184 186 -1 40.542911
144 174 -1 -1 31.177820
144 174 184 -1 49.896245
160 174 -1 -1 13.251339
144 160 -1 -1 20.560610
144 160 174 -1 42.841031
123 145 -1 -1 23.243274
144 145 -1 -1 23.884897
123 144 145 -1 27.326210
145 160 -1 -1 20.241634
144 145 160 -1 25.163740
103 129 -1 -1 28.701455
129 136 -1 -1 22.512385
103 136 -1 -1 33.035956
103 129 136 -1 33.616897
129 142 -1 -1 28.262194
129 136 142 -1 33.199309
129 134 -1 -1 30.803993
129 134 142 -1 32.874383
99 103 -1 -1 25.128580
99 116 -1 -1 30.075182
116 127 -1 -1 19.224376
121 127 -1 -1 19.599623
116 121 127 -1 36.972008
115 127 -1 -1 13.586177
115 116 127 -1 25.458837
122 127 -1 -1 37.094723
121 122 127 -1 37.346411
115 122 -1 -1 40.154082
115 122 127 -1 40.207104
98 100 -1 -1 40.260425
98 115 -1 -1 42.010812
98 100 115 -1 42.013027
98 122 -1 -1 33.326786
98 115 122 -1 44.992597
118 138 -1 -1 24.164438
118 122 -1 -1 21.603548
118 122 138 -1 25.581399
98 118 -1 -1 21.263650
98 118 122 -1 34.077801
188 198 -1 -1 24.546102
198 227 -1 -1 44.865744
188 198 227 -1 45.912696
211 220 -1 -1 27.355208
211 223 -1 -1 24.301605
220 223 -1 -1 25.269190
211 220 223 -1 29.727792
220 255 -1 -1 35.905655
223 255 -1 -1 37.136912
220 223 255 -1 38.960013
231 255 -1 -1 36.378902
220 231 -1 -1 24.168795
220 231 255 -1 38.355122
220 227 -1 -1 34.696487
220 227 231 -1 34.736025
198 220 -1 -1 41.081218
198 220 227 -1 47.161362
198 211 -1 -1 26.981701
198 211 220 -1 41.508847
165 189 -1 -1 17.288480
165 177 -1 -1 17.641955
151 165 -1 -1 28.328689
151 165 177 -1 28.769135
165 202 -1 -1 32.919553
165 189 202 -1 32.919587
165 177 202 -1 33.025771
138 165 -1 -1 34.960224
138 151 165 -1 35.929995
298 327 -1 -1 19.067025
325 327 -1 -1 10.390421
298 325 -1 -1 24.275551
298 325 327 -1 25.424990
324 327 -1 -1 12.071555
324 325 327 -1 29.036107
285 298 -1 -1 23.145841
283 285 -1 -1 17.517620
283 285 298 -1 23.727226
285 327 -1 -1 29.153865
285 298 327 -1 29.199510
285 324 -1 -1 26.592783
285 324 327 -1 29.154173
278 285 -1 -1 28.497518
278 283 285 -1 37.164715
284 285 -1 -1 12.967285
278 284 285 -1 35.840878
284 328 -1 -1 30.183845
292 328 -1 -1 34.336210
284 292 328 -1 35.093213
328 329 -1 -1 19.016536
292 329 -1 -1 25.772262
292 328 329 -1 34.763081
285 328 -1 -1 30.858095
284 285 328 -1 31.272351
324 328 -1 -1 16.146070
285 324 328 -1 30.863221
329 357 -1 -1 21.718454
328 357 -1 -1 21.475866
328 329 357 -1 24.054903
328 356 -1 -1 23.671837
328 356 357 -1 24.667737
324 328 356 -1 25.876273
257 273 -1 -1 23.939737
273 282 -1 -1 25.765190
257 273 282 -1 29.405214
298 317 -1 -1 29.380713
317 325 -1 -1 26.111987
298 317 325 -1 31.030858
317 345 -1 -1 27.674963
317 325 345 -1 27.809080
317 353 -1 -1 32.136668
317 345 353 -1 32.144016
381 382 -1 -1 15.759406
368 382 -1 -1 19.548135
353 382 -1 -1 19.748738
353 368 382 -1 27.328389
353 381 -1 -1 26.946228
353 381 382 -1 27.217904
173 178 -1 -1 11.394216
142 178 -1 -1 27.791917
142 173 -1 -1 28.458409
142 173 178 -1 28.765782
158 173 -1 -1 13.832714
142 158 173 -1 28.732602
130 148 -1 -1 17.205583
134 148 -1 -1 25.939270
130 134 148 -1 26.998379
148 158 -1 -1 23.733545
134 148 158 -1 29.449318
120 148 -1 -1 36.231039
120 130 148 -1 36.509198
222 245 -1 -1 28.773650
223 245 -1 -1 24.533361
222 223 -1 -1 29.168841
222 223 245 -1 31.981917
245 255 -1 -1 24.229190
223 245 255 -1 37.621566
231 266 -1 -1 27.922402
261 266 -1 -1 27.937036
231 261 266 -1 35.799517
255 266 -1 -1 33.329127
231 255 266 -1 38.194738
197 203 -1 -1 19.539617
176 197 -1 -1 35.576460
176 203 -1 -1 26.838200
176 197 203 -1 36.017329
180 197 -1 -1 25.951760
176 180 -1 -1 33.703101
176 180 197 -1 37.430346
197 222 -1 -1 34.700569
197 203 222 -1 48.817262
146 169 -1 -1 41.479242
146 182 -1 -1 31.663342
146 169 182 -1 44.004852
146 149 -1 -1 26.298638
146 149 169 -1 41.518097
117 146 -1 -1 36.140981
117 146 149 -1 36.169100
203 205 -1 -1 20.027535
205 229 -1 -1 25.728799
203 205 229 -1 45.955998
205 224 -1 -1 36.238795
224 229 -1 -1 30.430647
205 224 229 -1 36.809819
176 205 -1 -1 39.529580
176 203 205 -1 43.348604
169 205 -1 -1 42.667569
169 176 205 -1 46.304069
105 117 -1 -1 35.973216
105 120 -1 -1 30.888581
105 117 120 -1 47.650417
93 105 -1 -1 44.479567
93 105 120 -1 47.842646
354 363 -1 -1 20.269911
363 366 -1 -1 12.895484
354 366 -1 -1 12.785162
354 363 366 -1 20.912540
329 354 -1 -1 15.400404
354 357 -1 -1 17.554423
329 354 357 -1 21.922727
354 357 366 -1 18.785099
172 174 -1 -1 16.778696
160 172 -1 -1 21.959308
160 172 174 -1 21.994342
157 172 -1 -1 18.738588
157 175 -1 -1 14.740513
172 175 -1 -1 6.214674
157 172 175 -1 21.934287
136 172 -1 -1 34.224113
136 157 172 -1 34.616097
145 172 -1 -1 33.569411
136 145 -1 -1 16.446981
136 145 172 -1 34.965053
145 160 172 -1 34.807265
119 145 -1 -1 22.954746
119 123 -1 -1 17.030272
119 123 145 -1 24.851634
99 119 -1 -1 26.313963
103 119 -1 -1 18.096960
99 103 119 -1 27.522186
119 136 -1 -1 26.770716
103 119 136 -1 33.075228
119 136 145 -1 26.925138
116 119 -1 -1 26.135519
116 119 123 -1 30.861308
99 116 119 -1 32.010202
110 134 -1 -1 36.957775
104 110 -1 -1 32.784247
104 110 134 -1 37.632731
110 129 -1 -1 20.387291
110 129 134 -1 36.957796
249 258 -1 -1 11.715709
232 249 -1 -1 23.010216
192 198 -1 -1 18.887045
192 211 -1 -1 20.870902
192 198 211 -1 27.071901
282 294 -1 -1 16.831731
294 298 -1 -1 29.871295
282 294 298 -1 30.116145
294 317 -1 -1 21.213330
294 298 317 -1 31.735505
76 93 -1 -1 36.457819
76 104 -1 -1 25.330562
76 93 104 -1 36.756277
76 110 -1 -1 31.379634
76 104 110 -1 34.955178
168 173 -1 -1 10.697763
158 168 -1 -1 16.054801
158 168 173 -1 16.270483
244 245 -1 -1 35.478903
222 244 -1 -1 34.687712
222 244 245 -1 38.476032
229 244 -1 -1 40.092736
222 229 244 -1 48.539910
244 251 -1 -1 26.143092
229 251 -1 -1 28.967535
229 244 251 -1 40.155795
245 264 -1 -1 19.863174
255 264 -1 -1 22.606386
245 255 264 -1 25.914070
244 264 -1 -1 34.192615
244 262 -1 -1 26.352248
262 264 -1 -1 24.020895
244 262 264 -1 34.304816
244 245 264 -1 36.408124
266 272 -1 -1 21.684101
255 272 -1 -1 24.620764
255 266 272 -1 33.346486
266 281 -1 -1 24.259727
261 281 -1 -1 23.919828
261 266 281 -1 29.568831
278 281 -1 -1 28.597536
261 278 281 -1 29.762049
281 292 -1 -1 21.442864
278 281 292 -1 29.785361
347 377 -1 -1 35.603853
347 369 -1 -1 26.759434
369 377 -1 -1 25.615488
347 369 377 -1 35.707916
367 372 -1 -1 30.637409
372 393 -1 -1 36.418424
367 393 -1 -1 34.156427
367 372 393 -1 39.237725
372 388 -1 -1 28.588313
388 395 -1 -1 20.703905
372 395 -1 -1 26.470053
372 388 395 -1 29.822243
197 199 -1 -1 24.559963
180 199 -1 -1 27.886691
180 197 199 -1 30.305249
168 199 -1 -1 31.089301
168 180 -1 -1 13.033569
168 180 199 -1 31.099929
173 199 -1 -1 31.111086
168 173 199 -1 31.570691
199 222 -1 -1 34.813551
197 199 222 -1 37.153487
199 211 -1 -1 33.279471
199 223 -1 -1 37.679536
199 211 223 -1 38.250140
199 222 223 -1 39.723337
195 198 -1 -1 17.207524
188 195 -1 -1 16.155178
188 195 198 -1 24.628431
174 195 -1 -1 16.342295
174 188 195 -1 28.978730
172 195 -1 -1 16.898839
172 174 195 -1 19.258425
175 195 -1 -1 19.940000
175 198 -1 -1 22.957046
175 195 198 -1 23.665714
172 175 195 -1 21.282174
107 129 -1 -1 22.658234
103 107 -1 -1 11.013796
103 107 129 -1 31.012906
107 110 -1 -1 14.768810
107 110 129 -1 23.124867
258 268 -1 -1 25.910097
268 297 -1 -1 33.417229
224 228 -1 -1 13.381242
228 249 -1 -1 19.777535
224 249 -1 -1 21.449556
224 228 249 -1 21.929457
228 232 -1 -1 16.405388
228 232 249 -1 23.492537
187 198 -1 -1 17.594450
175 187 -1 -1 11.345347
175 187 198 -1 23.546149
187 192 -1 -1 14.983005
187 192 198 -1 20.055526
157 187 -1 -1 18.776447
157 175 187 -1 18.780054
155 168 -1 -1 21.374047
155 180 -1 -1 21.969118
155 168 180 -1 22.742723
148 155 -1 -1 16.685308
155 158 -1 -1 25.076421
148 155 158 -1 26.034249
155 158 168 -1 25.274613
155 159 -1 -1 32.612848
155 176 -1 -1 34.235352
155 159 176 -1 35.049353
155 176 180 -1 35.906238
120 155 -1 -1 38.696325
120 155 159 -1 39.643303
120 148 155 -1 38.813012
264 279 -1 -1 20.539954
255 279 -1 -1 24.347292
255 264 279 -1 26.165627
272 279 -1 -1 20.892033
255 272 279 -1 27.073040
272 287 -1 -1 24.315011
266 287 -1 -1 19.587934
266 272 287 -1 25.567958
281 287 -1 -1 14.505204
266 281 287 -1 24.260886
375 387 -1 -1 18.429968
386 387 -1 -1 26.037358
375 386 387 -1 26.130382
366 387 -1 -1 20.906235
366 375 387 -1 22.110217
363 387 -1 -1 19.829229
363 366 387 -1 21.532251
373 390 -1 -1 15.835777
373 376 -1 -1 15.519399
376 390 -1 -1 14.841219
373 376 390 -1 17.799728
387 390 -1 -1 27.727288
377 390 -1 -1 27.552307
376 377 -1 -1 20.604411
376 377 390 -1 28.046694
363 390 -1 -1 23.807609
363 387 390 -1 28.313906
363 373 -1 -1 12.060676
363 373 390 -1 26.607744
304 318 -1 -1 20.029458
316 318 -1 -1 17.485037
304 316 -1 -1 27.764239
304 316 318 -1 27.880676
369 392 -1 -1 30.947570
367 392 -1 -1 29.182243
392 393 -1 -1 19.780989
367 392 393 -1 34.231127
277 300 -1 -1 31.470042
262 300 -1 -1 38.569026
262 277 -1 -1 29.069534
262 277 300 -1 39.285479
244 277 -1 -1 33.102438
244 262 277 -1 34.584550
251 277 -1 -1 26.724552
244 251 277 -1 33.903150
269 277 -1 -1 32.163304
269 290 -1 -1 20.066106
277 290 -1 -1 26.517098
269 277 290 -1 32.235792
251 269 -1 -1 29.992927
251 269 277 -1 34.494245
300 303 -1 -1 14.639203
262 303 -1 -1 34.007918
262 300 303 -1 38.836811
300 349 -1 -1 28.847364
303 349 -1 -1 31.480749
300 303 349 -1 31.548786
379 388 -1 -1 26.340785
364 388 -1 -1 34.027202
364 379 -1 -1 20.973983
364 379 388 -1 34.035302
364 370 -1 -1 20.379406
370 379 -1 -1 19.160941
364 370 379 -1 23.338874
307 323 -1 -1 28.290921
290 323 -1 -1 36.194027
290 307 -1 -1 34.505098
290 307 323 -1 38.619331
268 307 -1 -1 40.465172
297 307 -1 -1 30.447846
268 297 307 -1 41.296887
360 388 -1 -1 21.005353
360 364 -1 -1 27.730511
360 364 388 -1 34.061617
360 372 -1 -1 26.751900
360 372 388 -1 29.990223
342 367 -1 -1 27.495247
349 367 -1 -1 21.559390
342 349 -1 -1 20.066832
342 349 367 -1 27.726405
342 372 -1 -1 25.495610
342 367 372 -1 32.496099
342 360 -1 -1 34.029909
342 360 372 -1 34.431189
323 342 -1 -1 31.163175
323 360 -1 -1 25.645419
323 342 360 -1 35.609637
311 323 -1 -1 26.729526
290 311 -1 -1 22.743354
290 311 323 -1 36.269277
277 311 -1 -1 34.164053
277 290 311 -1 34.197376
300 311 -1 -1 22.740965
277 300 311 -1 35.172805
311 342 -1 -1 30.316482
311 323 342 -1 34.145491
311 349 -1 -1 36.315516
300 311 349 -1 36.325336
311 342 349 -1 36.315623
192 200 -1 -1 17.633268
200 211 -1 -1 25.557880
192 200 211 -1 25.765813
199 200 -1 -1 19.625831
199 200 211 -1 33.358804
173 200 -1 -1 24.089309
178 200 -1 -1 15.622627
173 178 200 -1 29.564918
173 199 200 -1 31.111189
354 358 -1 -1 22.485099
358 363 -1 -1 19.190915
354 358 363 -1 24.019147
358 373 -1 -1 17.198295
358 363 373 -1 19.494696
355 358 -1 -1 17.071981
338 358 -1 -1 18.672789
338 355 -1 -1 16.227058
338 355 358 -1 20.116308
355 373 -1 -1 22.650059
355 358 373 -1 22.833118
318 333 -1 -1 20.215491
316 333 -1 -1 14.980051
316 318 333 -1 20.781829
318 347 -1 -1 21.695184
333 347 -1 -1 22.755212
318 333 347 -1 24.975479
281 309 -1 -1 20.488413
292 309 -1 -1 24.564932
281 292 309 -1 25.875962
287 309 -1 -1 15.957237
281 287 309 -1 20.587040
242 269 -1 -1 31.512671
242 251 -1 -1 24.922964
242 251 269 -1 33.680370
224 242 -1 -1 23.821651
242 249 -1 -1 27.031347
224 242 249 -1 28.249531
242 258 -1 -1 30.355812
242 249 258 -1 30.464782
229 242 -1 -1 23.535099
224 229 242 -1 30.903241
229 242 251 -1 30.233655
267 307 -1 -1 30.469124
267 268 -1 -1 24.604970
267 268 307 -1 40.562221
267 269 -1 -1 19.046252
267 290 -1 -1 30.922572
267 269 290 -1 31.933412
267 290 307 -1 37.113602
212 228 -1 -1 22.323463
212 224 -1 -1 30.925966
212 224 228 -1 34.974655
205 212 -1 -1 47.175522
205 212 224 -1 47.184671
194 212 -1 -1 19.104722
169 212 -1 -1 38.662808
169 194 212 -1 44.138319
169 205 212 -1 49.980898
212 232 -1 -1 26.716867
212 228 232 -1 26.788915
181 187 -1 -1 18.134729
181 192 -1 -1 17.940611
181 187 192 -1 19.829833
181 200 -1 -1 18.986709
178 181 -1 -1 12.415831
178 181 200 -1 19.077123
181 192 200 -1 21.034455
157 181 -1 -1 21.260274
157 181 187 -1 22.580199
142 181 -1 -1 25.960726
142 178 181 -1 27.896325
142 157 181 -1 27.391140
274 303 -1 -1 34.272113
262 274 -1 -1 15.048309
262 274 303 -1 35.005497
303 304 -1 -1 17.445479
274 304 -1 -1 27.303671
274 303 304 -1 34.569760
264 274 -1 -1 17.839183
262 264 274 -1 24.064524
274 279 -1 -1 18.273027
264 274 279 -1 21.954741
279 293 -1 -1 13.992314
272 293 -1 -1 20.898560
272 279 293 -1 22.175202
274 293 -1 -1 26.544066
293 304 -1 -1 27.314056
274 293 304 -1 31.247259
274 279 293 -1 28.247655
287 299 -1 -1 17.481247
272 299 -1 -1 23.184320
272 287 299 -1 25.581494
299 309 -1 -1 17.561254
287 299 309 -1 19.680237
318 348 -1 -1 28.701251
347 348 -1 -1 29.812957
318 347 348 -1 31.532474
303 348 -1 -1 30.043405
348 349 -1 -1 19.732008
303 348 349 -1 32.546478
348 367 -1 -1 28.459411
348 349 367 -1 28.497929
304 348 -1 -1 32.630164
304 318 348 -1 32.951655
303 304 348 -1 32.934711
307 350 -1 -1 33.705429
323 350 -1 -1 25.738451
307 323 350 -1 34.587442
350 360 -1 -1 19.806833
350 364 -1 -1 12.484129
350 360 364 -1 30.991447
323 350 360 -1 27.843874
337 358 -1 -1 12.120784
337 354 -1 -1 23.943102
337 354 358 -1 24.200064
337 338 -1 -1 13.474248
337 338 358 -1 18.708613
374 377 -1 -1 23.694153
374 376 -1 -1 9.893437
374 376 377 -1 23.803261
347 374 -1 -1 28.417113
347 374 377 -1 35.705040
373 374 -1 -1 19.920761
373 374 376 -1 20.287245
355 374 -1 -1 11.168675
355 373 374 -1 22.654242
340 355 -1 -1 12.470015
338 340 -1 -1 15.323905
338 340 355 -1 17.204873
333 340 -1 -1 13.864703
333 338 -1 -1 19.612919
333 338 340 -1 19.711225
340 347 -1 -1 19.351613
333 340 347 -1 22.850347
340 374 -1 -1 20.320590
340 347 374 -1 28.426417
340 355 374 -1 23.111120
268 270 -1 -1 18.185158
258 270 -1 -1 14.687675
258 268 270 -1 26.648802
267 270 -1 -1 13.689404
267 268 270 -1 24.992197
269 270 -1 -1 27.308023
267 269 270 -1 29.458190
242 270 -1 -1 35.556277
242 258 270 -1 35.922740
242 269 270 -1 36.990002
304 308 -1 -1 28.012966
308 316 -1 -1 9.029371
304 308 316 -1 28.271537
293 308 -1 -1 9.853205
293 304 308 -1 28.179414
272 308 -1 -1 25.252689
272 293 308 -1 26.096212
299 308 -1 -1 20.427808
272 299 308 -1 26.799126
299 314 -1 -1 16.324284
309 314 -1 -1 16.314619
299 309 314 -1 19.360733
314 337 -1 -1 20.625632
314 338 -1 -1 14.145429
314 337 338 -1 20.762945
314 333 -1 -1 20.737058
314 333 338 -1 21.593688
347 362 -1 -1 32.191486
362 369 -1 -1 17.516700
347 362 369 -1 32.194770
348 362 -1 -1 19.836378
347 348 362 -1 32.911222
362 367 -1 -1 20.006700
348 362 367 -1 28.465332
362 392 -1 -1 29.364478
362 369 392 -1 31.622153
362 367 392 -1 31.149455
307 335 -1 -1 33.034415
297 335 -1 -1 29.650442
297 307 335 -1 35.974787
335 350 -1 -1 22.303945
307 335 350 -1 35.418022
335 364 -1 -1 17.763636
335 350 364 -1 22.342562
335 370 -1 -1 25.335181
335 364 370 -1 25.528769
314 319 -1 -1 21.040202
309 319 -1 -1 17.805355
309 314 319 -1 21.683904
319 337 -1 -1 14.209022
314 319 337 -1 22.168629
292 319 -1 -1 22.907569
292 309 319 -1 25.685816
319 329 -1 -1 22.039983
292 319 329 -1 27.436262
319 354 -1 -1 26.437846
319 329 354 -1 26.454348
319 337 354 -1 26.605251
306 314 -1 -1 14.829682
299 306 -1 -1 12.433661
299 306 314 -1 17.073339
306 308 -1 -1 14.749513
306 316 -1 -1 12.070635
306 308 316 -1 14.764083
299 306 308 -1 20.584370
306 333 -1 -1 15.276552
306 316 333 -1 16.501427
306 314 333 -1 20.764454
76 -1 -1 -1 0.000000
93 -1 -1 -1 0.000000
97 -1 -1 -1 0.000000
98 -1 -1 -1 0.000000
99 -1 -1 -1 0.000000
100 -1 -1 -1 0.000000
103 -1 -1 -1 0.000000
104 -1 -1 -1 0.000000
105 -1 -1 -1 0.000000
107 -1 -1 -1 0.000000
110 -1 -1 -1 0.000000
115 -1 -1 -1 0.000000
116 -1 -1 -1 0.000000
117 -1 -1 -1 0.000000
118 -1 -1 -1 0.000000
119 -1 -1 -1 0.000000
120 -1 -1 -1 0.000000
121 -1 -1 -1 0.000000
122 -1 -1 -1 0.000000
123 -1 -1 -1 0.000000
127 -1 -1 -1 0.000000
129 -1 -1 -1 0.000000
130 -1 -1 -1 0.000000
134 -1 -1 -1 0.000000
136 -1 -1 -1 0.000000
138 -1 -1 -1 0.000000
142 -1 -1 -1 0.000000
144 -1 -1 -1 0.000000
145 -1 -1 -1 0.000000
146 -1 -1 -1 0.000000
148 -1 -1 -1 0.000000
149 -1 -1 -1 0.000000
151 -1 -1 -1 0.000000
155 -1 -1 -1 0.000000
157 -1 -1 -1 0.000000
158 -1 -1 -1 0.000000
159 -1 -1 -1 0.000000
160 -1 -1 -1 0.000000
165 -1 -1 -1 0.000000
168 -1 -1 -1 0.000000
169 -1 -1 -1 0.000000
170 -1 -1 -1 0.000000
172 -1 -1 -1 0.000000
173 -1 -1 -1 0.000000
174 -1 -1 -1 0.000000
175 -1 -1 -1 0.000000
176 -1 -1 -1 0.000000
177 -1 -1 -1 0.000000
178 -1 -1 -1 0.000000
180 -1 -1 -1 0.000000
181 -1 -1 -1 0.000000
182 -1 -1 -1 0.000000
184 -1 -1 -1 0.000000
186 -1 -1 -1 0.000000
187 -1 -1 -1 0.000000
188 -1 -1 -1 0.000000
189 -1 -1 -1 0.000000
191 -1 -1 -1 0.000000
192 -1 -1 -1 0.000000
194 -1 -1 -1 0.000000
195 -1 -1 -1 0.000000
197 -1 -1 -1 0.000000
198 -1 -1 -1 0.000000
199 -1 -1 -1 0.000000
200 -1 -1 -1 0.000000
202 -1 -1 -1 0.000000
203 -1 -1 -1 0.000000
204 -1 -1 -1 0.000000
205 -1 -1 -1 0.000000
211 -1 -1 -1 0.000000
212 -1 -1 -1 0.000000
214 -1 -1 -1 0.000000
218 -1 -1 -1 0.000000
220 -1 -1 -1 0.000000
221 -1 -1 -1 0.000000
222 -1 -1 -1 0.000000
223 -1 -1 -1 0.000000
224 -1 -1 -1 0.000000
225 -1 -1 -1 0.000000
227 -1 -1 -1 0.000000
228 -1 -1 -1 0.000000
229 -1 -1 -1 0.000000
231 -1 -1 -1 0.000000
232 -1 -1 -1 0.000000
233 -1 -1 -1 0.000000
235 -1 -1 -1 0.000000
237 -1 -1 -1 0.000000
238 -1 -1 -1 0.000000
242 -1 -1 -1 0.000000
244 -1 -1 -1 0.000000
245 -1 -1 -1 0.000000
248 -1 -1 -1 0.000000
249 -1 -1 -1 0.000000
251 -1 -1 -1 0.000000
255 -1 -1 -1 0.000000
257 -1 -1 -1 0.000000
258 -1 -1 -1 0.000000
260 -1 -1 -1 0.000000
261 -1 -1 -1 0.000000
262 -1 -1 -1 0.000000
264 -1 -1 -1 0.000000
266 -1 -1 -1 0.000000
267 -1 -1 -1 0.000000
268 -1 -1 -1 0.000000
269 -1 -1 -1 0.000000
270 -1 -1 -1 0.000000
272 -1 -1 -1 0.000000
273 -1 -1 -1 0.000000
274 -1 -1 -1 0.000000
277 -1 -1 -1 0.000000
278 -1 -1 -1 0.000000
279 -1 -1 -1 0.000000
281 -1 -1 -1 0.000000
282 -1 -1 -1 0.000000
283 -1 -1 -1 0.000000
284 -1 -1 -1 0.000000
285 -1 -1 -1 0.000000
287 -1 -1 -1 0.000000
290 -1 -1 -1 0.000000
292 -1 -1 -1 0.000000
293 -1 -1 -1 0.000000
294 -1 -1 -1 0.000000
297 -1 -1 -1 0.000000
298 -1 -1 -1 0.000000
299 -1 -1 -1 0.000000
300 -1 -1 -1 0.000000
303 -1 -1 -1 0.000000
304 -1 -1 -1 0.000000
306 -1 -1 -1 0.000000
307 -1 -1 -1 0.000000
308 -1 -1 -1 0.000000
309 -1 -1 -1 0.000000
311 -1 -1 -1 0.000000
314 -1 -1 -1 0.000000
316 -1 -1 -1 0.000000
317 -1 -1 -1 0.000000
318 -1 -1 -1 0.000000
319 -1 -1 -1 0.000000
323 -1 -1 -1 0.000000
324 -1 -1 -1 0.000000
325 -1 -1 -1 0.000000
327 -1 -1 -1 0.000000
328 -1 -1 -1 0.000000
329 -1 -1 -1 0.000000
333 -1 -1 -1 0.000000
335 -1 -1 -1 0.000000
337 -1 -1 -1 0.000000
338 -1 -1 -1 0.000000
340 -1 -1 -1 0.000000
342 -1 -1 -1 0.000000
345 -1 -1 -1 0.000000
347 -1 -1 -1 0.000000
348 -1 -1 -1 0.000000
349 -1 -1 -1 0.000000
350 -1 -1 -1 0.000000
353 -1 -1 -1 0.000000
354 -1 -1 -1 0.000000
355 -1 -1 -1 0.000000
356 -1 -1 -1 0.000000
357 -1 -1 -1 0.000000
358 -1 -1 -1 0.000000
360 -1 -1 -1 0.000000
362 -1 -1 -1 0.000000
363 -1 -1 -1 0.000000
364 -1 -1 -1 0.000000
366 -1 -1 -1 0.000000
367 -1 -1 -1 0.000000
368 -1 -1 -1 0.000000
369 -1 -1 -1 0.000000
370 -1 -1 -1 0.000000
372 -1 -1 -1 0.000000
373 -1 -1 -1 0.000000
374 -1 -1 -1 0.000000
375 -1 -1 -1 0.000000
376 -1 -1 -1 0.000000
377 -1 -1 -1 0.000000
378 -1 -1 -1 0.000000
379 -1 -1 -1 0.000000
381 -1 -1 -1 0.000000
382 -1 -1 -1 0.000000
386 -1 -1 -1 0.000000
387 -1 -1 -1 0.000000
388 -1 -1 -1 0.000000
390 -1 -1 -1 0.000000
392 -1 -1 -1 0.000000
393 -1 -1 -1 0.000000
395 -1 -1 -1 0.000000
