244 253 -1 -1 18.637713
233 253 -1 -1 23.499931
233 244 -1 -1 14.079682
233 244 253 -1 23.501815
220 253 -1 -1 33.681025
220 233 -1 -1 22.599635
220 233 253 -1 33.757424
331 348 -1 -1 17.027795
331 364 -1 -1 37.128312
348 364 -1 -1 39.494538
331 348 364 -1 39.641127
329 331 -1 -1 23.800055
308 329 -1 -1 18.787296
308 331 -1 -1 23.831976
308 329 331 -1 25.917203
329 348 -1 -1 16.294433
329 331 348 -1 23.804722
131 137 -1 -1 21.630039
131 138 -1 -1 28.428799
137 138 -1 -1 36.170185
131 137 138 -1 36.182610
95 131 -1 -1 28.759040
91 131 -1 -1 39.384423
91 95 -1 -1 27.509547
91 95 131 -1 39.392849
95 138 -1 -1 45.070433
95 131 138 -1 46.453720
385 388 -1 -1 31.064820
282 291 -1 -1 27.864756
264 291 -1 -1 22.683467
264 282 -1 -1 26.000493
264 282 291 -1 29.759053
253 282 -1 -1 41.075989
253 264 -1 -1 24.921315
253 264 282 -1 43.074262
282 329 -1 -1 30.075493
282 308 -1 -1 18.383914
282 308 329 -1 31.625521
266 291 -1 -1 28.014833
264 266 -1 -1 32.678543
264 266 291 -1 33.234435
348 369 -1 -1 21.700773
364 369 -1 -1 34.366525
348 364 369 -1 39.570149
369 380 -1 -1 23.469062
364 380 -1 -1 24.861715
364 369 380 -1 34.368390
363 369 -1 -1 25.292505
369 378 -1 -1 21.780353
363 378 -1 -1 20.119620
363 369 378 -1 26.293044
291 317 -1 -1 15.469446
306 317 -1 -1 14.633607
291 306 -1 -1 17.919262
291 306 317 -1 18.737703
282 317 -1 -1 28.626141
282 291 317 -1 29.398326
317 329 -1 -1 27.846909
282 317 329 -1 33.365979
85 94 -1 -1 28.334627
94 95 -1 -1 21.478435
94 126 -1 -1 41.191352
126 138 -1 -1 25.258028
94 138 -1 -1 48.165985
94 126 138 -1 48.167193
94 95 138 -1 48.358770
304 338 -1 -1 29.626287
304 344 -1 -1 31.564554
338 344 -1 -1 27.215540
304 338 344 -1 34.212722
388 393 -1 -1 15.845401
317 339 -1 -1 21.394140
329 339 -1 -1 17.922205
317 329 339 -1 27.847193
270 280 -1 -1 34.101447
240 270 -1 -1 31.622089
240 280 -1 -1 41.321002
240 270 280 -1 42.274341
280 303 -1 -1 23.486186
270 303 -1 -1 32.149275
270 280 303 -1 35.518287
211 226 -1 -1 21.747643
211 219 -1 -1 35.786000
219 226 -1 -1 22.130071
211 219 226 -1 37.913971
226 246 -1 -1 17.099121
219 246 -1 -1 25.980198
219 226 246 -1 26.244565
369 386 -1 -1 15.621936
378 386 -1 -1 15.098429
369 378 386 -1 21.780629
380 386 -1 -1 17.186008
369 380 386 -1 23.474347
386 393 -1 -1 22.036906
378 393 -1 -1 14.383120
378 386 393 -1 22.189138
349 369 -1 -1 15.508000
348 349 -1 -1 13.553368
348 349 369 -1 21.836121
349 363 -1 -1 18.840432
349 363 369 -1 25.365338
329 349 -1 -1 21.881079
329 348 349 -1 21.930311
339 349 -1 -1 21.494123
329 339 349 -1 23.819311
175 211 -1 -1 26.765263
169 175 -1 -1 23.498320
169 211 -1 -1 33.447525
169 175 211 -1 33.687302
177 220 -1 -1 41.768631
219 220 -1 -1 16.688346
177 219 -1 -1 43.418497
177 219 220 -1 43.632651
177 211 -1 -1 44.779473
177 211 219 -1 48.272528
169 177 -1 -1 31.625294
169 177 211 -1 44.844279
105 148 -1 -1 30.606528
105 144 -1 -1 45.040695
144 148 -1 -1 27.437024
105 144 148 -1 45.987890
213 220 -1 -1 21.838917
213 233 -1 -1 22.524767
213 220 233 -1 25.782982
177 213 -1 -1 34.143695
177 213 220 -1 41.866456
177 185 -1 -1 26.581208
185 213 -1 -1 24.751262
177 185 213 -1 34.378088
158 181 -1 -1 27.663363
181 197 -1 -1 26.171888
158 197 -1 -1 30.340586
158 181 197 -1 32.599958
181 207 -1 -1 19.535756
197 207 -1 -1 26.417465
181 197 207 -1 28.322912
199 209 -1 -1 15.872697
168 199 -1 -1 23.455554
168 186 -1 -1 21.680949
186 199 -1 -1 11.189728
168 186 199 -1 23.557587
83 92 -1 -1 16.841818
137 176 -1 -1 36.081066
138 176 -1 -1 36.689776
137 138 176 -1 41.934913
168 176 -1 -1 22.157871
137 168 -1 -1 22.267747
137 168 176 -1 38.073151
176 186 -1 -1 17.590109
168 176 186 -1 23.936218
176 202 -1 -1 31.451982
186 202 -1 -1 29.231828
176 186 202 -1 31.915795
162 168 -1 -1 15.303454
137 162 -1 -1 26.965205
137 162 168 -1 26.965453
92 96 -1 -1 10.846278
96 114 -1 -1 13.568211
92 114 -1 -1 20.997242
92 96 114 -1 23.828197
94 102 -1 -1 38.426377
85 102 -1 -1 32.957230
85 94 102 -1 39.399087
96 102 -1 -1 26.152592
102 114 -1 -1 24.360715
96 102 114 -1 26.418652
113 155 -1 -1 31.562793
144 155 -1 -1 17.171052
113 144 -1 -1 34.534484
113 144 155 -1 34.677742
105 113 -1 -1 40.779752
105 113 144 -1 47.117208
113 158 -1 -1 48.270729
113 119 -1 -1 33.049948
119 158 -1 -1 43.249876
113 119 158 -1 49.498527
155 158 -1 -1 31.777028
113 155 158 -1 48.913283
74 105 -1 -1 46.799789
74 113 -1 -1 54.160384
74 105 113 -1 55.805132
84 113 -1 -1 47.609990
74 84 -1 -1 18.688739
74 84 113 -1 55.042800
121 129 -1 -1 21.022501
121 130 -1 -1 15.234536
129 130 -1 -1 16.582098
121 129 130 -1 21.199277
97 100 -1 -1 23.955968
83 86 -1 -1 26.833071
86 92 -1 -1 30.821583
83 86 92 -1 30.876108
366 388 -1 -1 31.341370
366 385 -1 -1 24.557082
366 385 388 -1 33.942873
316 338 -1 -1 26.717177
304 316 -1 -1 24.093401
304 316 338 -1 31.310788
280 316 -1 -1 23.124158
303 316 -1 -1 20.547062
280 303 316 -1 25.966555
280 304 -1 -1 34.852862
280 304 316 -1 34.992661
270 299 -1 -1 25.565169
299 303 -1 -1 28.280102
270 299 303 -1 33.596072
346 363 -1 -1 15.433459
344 363 -1 -1 20.651900
344 346 -1 -1 15.250628
344 346 363 -1 20.743845
346 349 -1 -1 23.263962
346 349 363 -1 23.357314
339 346 -1 -1 12.129593
339 346 349 -1 23.463823
317 323 -1 -1 13.025413
306 323 -1 -1 17.941309
306 317 323 -1 18.182712
323 339 -1 -1 12.137070
317 323 339 -1 23.891540
323 346 -1 -1 16.853778
323 339 346 -1 16.864272
304 323 -1 -1 28.260970
304 306 -1 -1 18.510091
304 306 323 -1 28.855835
323 344 -1 -1 26.192932
304 323 344 -1 33.436651
323 344 346 -1 27.743274
391 392 -1 -1 17.648787
354 379 -1 -1 28.917260
364 379 -1 -1 44.732149
354 364 -1 -1 31.811394
354 364 379 -1 44.887212
247 253 -1 -1 27.931138
244 247 -1 -1 17.876279
244 247 253 -1 28.343290
282 301 -1 -1 26.245841
301 308 -1 -1 16.211597
282 301 308 -1 26.537034
301 331 -1 -1 28.067701
301 308 331 -1 28.111227
267 280 -1 -1 22.995479
240 267 -1 -1 33.396151
240 267 280 -1 41.356173
246 267 -1 -1 32.934817
246 266 -1 -1 29.013587
266 267 -1 -1 24.288826
246 266 267 -1 33.981005
224 226 -1 -1 30.287154
211 224 -1 -1 30.248990
211 224 226 -1 32.433318
175 224 -1 -1 44.389570
175 211 224 -1 45.395894
246 255 -1 -1 21.728518
219 255 -1 -1 27.968413
219 246 255 -1 29.554276
253 255 -1 -1 34.363382
255 264 -1 -1 27.038586
253 255 264 -1 34.644436
255 266 -1 -1 22.452183
255 264 266 -1 32.993253
246 255 266 -1 29.292992
220 255 -1 -1 33.975444
219 220 255 -1 34.147525
220 253 255 -1 39.271456
129 149 -1 -1 23.406620
130 149 -1 -1 25.100082
129 130 149 -1 25.912220
155 164 -1 -1 14.503253
144 164 -1 -1 23.704963
144 155 164 -1 23.860270
164 190 -1 -1 25.450857
144 190 -1 -1 31.646746
144 164 190 -1 32.128424
148 152 -1 -1 18.613832
144 152 -1 -1 19.349440
144 148 152 -1 27.463993
152 190 -1 -1 27.739267
144 152 190 -1 31.928720
166 172 -1 -1 28.110499
166 181 -1 -1 28.178127
172 181 -1 -1 15.832780
166 172 181 -1 29.328639
158 172 -1 -1 20.986762
158 172 181 -1 27.837142
201 207 -1 -1 19.488445
181 201 -1 -1 22.978117
181 201 207 -1 24.140699
166 201 -1 -1 20.712568
166 181 201 -1 28.600571
201 221 -1 -1 23.321179
207 221 -1 -1 15.745875
201 207 221 -1 23.541959
102 127 -1 -1 26.115105
114 127 -1 -1 28.921317
102 114 127 -1 30.813490
94 127 -1 -1 48.257569
126 127 -1 -1 30.795553
94 126 127 -1 48.637047
94 102 127 -1 48.432047
84 100 -1 -1 30.350990
84 103 -1 -1 30.333273
100 103 -1 -1 20.744193
84 100 103 -1 32.287155
103 113 -1 -1 29.060738
84 103 113 -1 49.666588
103 119 -1 -1 22.315102
103 113 119 -1 33.682572
116 121 -1 -1 19.520193
116 130 -1 -1 12.337792
116 121 130 -1 19.520933
116 148 -1 -1 25.705032
105 116 -1 -1 24.184888
105 116 148 -1 31.597191
97 107 -1 -1 28.781284
97 111 -1 -1 22.183011
100 111 -1 -1 30.406392
97 100 111 -1 30.679213
103 111 -1 -1 34.488045
111 119 -1 -1 23.927368
103 111 119 -1 34.703983
100 103 111 -1 34.788521
107 111 -1 -1 17.146354
97 107 111 -1 28.825839
77 86 -1 -1 32.491844
77 105 -1 -1 39.904267
74 77 -1 -1 18.369576
74 77 105 -1 47.556141
86 105 -1 -1 39.092602
77 86 105 -1 43.342511
385 398 -1 -1 15.797623
363 375 -1 -1 17.511681
344 375 -1 -1 23.833396
344 363 375 -1 24.479890
375 378 -1 -1 18.209052
363 375 378 -1 21.619932
375 393 -1 -1 23.050380
375 378 393 -1 23.052512
375 388 -1 -1 18.925845
375 388 393 -1 23.247524
338 365 -1 -1 31.414828
344 365 -1 -1 20.652466
338 344 365 -1 31.826953
365 366 -1 -1 17.207515
338 366 -1 -1 25.376843
338 365 366 -1 31.460047
365 375 -1 -1 12.057969
344 365 375 -1 23.834122
365 388 -1 -1 22.848263
365 366 388 -1 32.047359
365 375 388 -1 22.866976
299 315 -1 -1 19.853365
303 315 -1 -1 15.748346
299 303 315 -1 29.223445
289 299 -1 -1 17.149639
270 289 -1 -1 30.316237
270 289 299 -1 30.332391
299 318 -1 -1 25.490161
289 318 -1 -1 21.672768
289 299 318 -1 25.795686
289 305 -1 -1 23.210174
305 318 -1 -1 16.087522
289 305 318 -1 24.120903
289 293 -1 -1 17.872604
276 293 -1 -1 13.466193
276 289 -1 -1 16.448565
276 289 293 -1 18.729513
293 305 -1 -1 11.865148
289 293 305 -1 23.618258
337 345 -1 -1 20.162829
343 345 -1 -1 20.843786
337 343 -1 -1 19.027015
337 343 345 -1 23.154168
343 373 -1 -1 30.824901
373 391 -1 -1 22.853464
278 324 -1 -1 47.360720
278 332 -1 -1 51.282834
324 332 -1 -1 24.253868
278 324 332 -1 51.480958
324 325 -1 -1 14.084151
278 325 -1 -1 44.758428
278 324 325 -1 47.386223
350 379 -1 -1 25.786507
332 350 -1 -1 11.805996
332 379 -1 -1 31.262403
332 350 379 -1 32.606475
350 354 -1 -1 13.084728
350 354 379 -1 28.917260
324 350 -1 -1 20.290460
324 332 350 -1 24.327176
324 354 -1 -1 19.823024
324 350 354 -1 21.227925
379 403 -1 -1 36.221002
364 403 -1 -1 34.275210
364 379 403 -1 45.613665
380 403 -1 -1 40.859052
364 380 403 -1 40.966637
247 256 -1 -1 30.084426
256 268 -1 -1 15.130147
247 268 -1 -1 21.771045
247 256 268 -1 31.609662
256 283 -1 -1 25.948100
268 283 -1 -1 23.199360
256 268 283 -1 26.183013
238 256 -1 -1 33.488249
237 256 -1 -1 20.269371
237 238 -1 -1 19.227991
237 238 256 -1 37.238352
247 279 -1 -1 33.533662
268 279 -1 -1 23.454524
247 268 279 -1 33.696939
279 301 -1 -1 20.473436
279 282 -1 -1 31.823327
279 282 301 -1 31.949144
253 279 -1 -1 43.853165
253 279 282 -1 45.927722
247 253 279 -1 43.855291
279 283 -1 -1 28.131948
268 279 283 -1 29.241365
311 325 -1 -1 12.952476
278 311 -1 -1 45.222654
278 311 325 -1 45.492046
283 311 -1 -1 26.611613
278 283 -1 -1 34.278137
278 283 311 -1 45.401823
279 311 -1 -1 29.823251
301 311 -1 -1 24.468311
279 301 311 -1 30.071351
279 283 311 -1 32.657983
280 292 -1 -1 34.374636
292 304 -1 -1 22.235761
280 292 304 -1 36.557200
267 292 -1 -1 30.173058
267 280 292 -1 34.982612
266 292 -1 -1 19.274475
266 267 292 -1 30.217986
292 306 -1 -1 16.681695
292 304 306 -1 22.717258
291 292 -1 -1 21.974072
291 292 306 -1 22.403695
266 291 292 -1 28.109699
180 224 -1 -1 43.983942
202 224 -1 -1 40.591957
180 202 -1 -1 30.061649
180 202 224 -1 45.459855
175 180 -1 -1 26.740494
175 180 224 -1 46.364358
176 180 -1 -1 29.017389
176 180 202 -1 34.903954
138 180 -1 -1 39.962807
138 176 180 -1 41.597931
126 180 -1 -1 49.561665
126 138 180 -1 49.862342
126 175 -1 -1 46.175680
126 175 180 -1 50.194445
252 267 -1 -1 18.475730
246 252 -1 -1 23.648413
246 252 267 -1 33.691016
226 252 -1 -1 32.031640
226 246 252 -1 32.803437
224 252 -1 -1 28.271946
224 226 252 -1 35.003834
240 252 -1 -1 24.322606
240 252 267 -1 34.105594
224 240 -1 -1 28.379137
224 240 252 -1 31.363500
170 177 -1 -1 23.326012
170 185 -1 -1 22.926140
170 177 185 -1 28.260042
150 177 -1 -1 27.828532
150 169 -1 -1 26.000008
150 169 177 -1 33.277209
149 150 -1 -1 21.552962
129 150 -1 -1 32.671617
129 149 150 -1 32.720329
150 170 -1 -1 25.241259
150 170 177 -1 29.654224
149 170 -1 -1 17.286261
149 150 170 -1 25.611394
158 160 -1 -1 19.489575
160 197 -1 -1 25.621221
158 160 197 -1 30.546408
155 160 -1 -1 21.813998
155 158 160 -1 32.312002
160 164 -1 -1 14.765022
155 160 164 -1 21.949413
228 244 -1 -1 21.199472
228 233 -1 -1 23.587389
228 233 244 -1 23.868128
228 247 -1 -1 27.319144
228 244 247 -1 27.331344
213 228 -1 -1 33.494707
213 228 233 -1 33.545001
204 206 -1 -1 13.859282
204 237 -1 -1 40.988063
206 237 -1 -1 37.102798
204 206 237 -1 41.230326
204 238 -1 -1 42.652452
204 237 238 -1 43.115972
160 204 -1 -1 31.805256
197 204 -1 -1 16.452379
160 197 204 -1 31.966024
281 294 -1 -1 30.710350
273 281 -1 -1 33.912663
273 294 -1 -1 21.720362
273 281 294 -1 34.601282
278 294 -1 -1 45.661346
278 281 -1 -1 23.396261
278 281 294 -1 50.153741
221 234 -1 -1 24.583191
122 127 -1 -1 23.304513
114 122 -1 -1 12.997121
114 122 127 -1 29.551297
121 122 -1 -1 28.732645
114 121 -1 -1 29.993047
114 121 122 -1 30.238169
122 129 -1 -1 18.296456
121 122 129 -1 28.790774
108 116 -1 -1 27.997527
108 121 -1 -1 11.915016
108 116 121 -1 33.814857
86 108 -1 -1 20.395707
92 108 -1 -1 22.000399
86 92 108 -1 30.869470
105 108 -1 -1 39.577139
86 105 108 -1 40.737363
105 108 116 -1 40.005207
108 114 -1 -1 30.352971
92 108 114 -1 30.353201
108 114 121 -1 30.791881
316 328 -1 -1 22.711735
328 338 -1 -1 26.559892
316 328 338 -1 29.448821
328 362 -1 -1 26.854424
338 362 -1 -1 36.607476
328 338 362 -1 36.674934
303 328 -1 -1 23.185931
303 316 328 -1 25.668242
315 328 -1 -1 22.817151
303 315 328 -1 24.485833
258 276 -1 -1 22.232634
250 258 -1 -1 21.859015
199 227 -1 -1 34.338517
209 227 -1 -1 27.420292
199 209 227 -1 35.056920
202 227 -1 -1 34.566393
186 227 -1 -1 37.301678
186 202 227 -1 39.450932
186 199 227 -1 37.543444
236 270 -1 -1 37.715584
236 240 -1 -1 21.900884
236 240 270 -1 37.747717
224 236 -1 -1 35.133140
224 236 240 -1 35.162384
202 236 -1 -1 32.117670
202 224 236 -1 42.206216
227 236 -1 -1 37.156021
202 227 236 -1 40.185876
236 250 -1 -1 35.874078
227 250 -1 -1 19.317555
227 236 250 -1 37.935651
248 258 -1 -1 30.648979
248 276 -1 -1 26.123445
248 258 276 -1 31.309647
248 250 -1 -1 21.090084
248 250 258 -1 30.654039
248 289 -1 -1 33.440302
248 270 -1 -1 28.770603
248 270 289 -1 35.848394
248 276 289 -1 34.076328
236 248 -1 -1 26.599461
236 248 270 -1 37.818453
236 248 250 -1 36.135156
299 321 -1 -1 19.921452
318 321 -1 -1 20.268665
299 318 321 -1 25.992073
321 345 -1 -1 21.235773
321 334 -1 -1 10.845866
334 345 -1 -1 19.315101
321 334 345 -1 21.331985
321 337 -1 -1 19.886304
321 337 345 -1 23.619049
315 321 -1 -1 19.203418
315 334 -1 -1 16.700327
315 321 334 -1 19.260061
299 315 321 -1 22.709629
367 392 -1 -1 28.183620
367 391 -1 -1 21.332072
367 391 392 -1 28.202820
367 373 -1 -1 28.342084
367 373 391 -1 28.804813
367 381 -1 -1 33.634279
381 392 -1 -1 23.464851
367 381 392 -1 34.081863
345 367 -1 -1 21.658848
343 367 -1 -1 32.139692
343 345 367 -1 32.474879
343 367 373 -1 35.278546
358 367 -1 -1 18.745251
345 358 -1 -1 21.187420
345 358 367 -1 23.828827
358 381 -1 -1 29.730706
358 362 -1 -1 17.257333
362 381 -1 -1 18.657906
358 362 381 -1 31.995699
358 367 381 -1 33.781749
379 390 -1 -1 37.074209
294 319 -1 -1 28.406694
278 319 -1 -1 51.592149
278 294 319 -1 51.796392
319 356 -1 -1 29.221671
324 341 -1 -1 24.711960
325 341 -1 -1 22.156757
324 325 341 -1 24.910313
311 341 -1 -1 27.821601
311 325 341 -1 28.401079
341 354 -1 -1 27.178079
324 341 354 -1 28.230243
301 341 -1 -1 32.876777
331 341 -1 -1 18.834904
301 331 341 -1 32.932839
301 311 341 -1 33.659234
341 364 -1 -1 33.271043
331 341 364 -1 37.210401
341 354 364 -1 35.847085
152 163 -1 -1 19.316460
148 163 -1 -1 25.835649
148 152 163 -1 25.903776
163 170 -1 -1 20.436761
163 185 -1 -1 21.527076
163 170 185 -1 25.062407
163 190 -1 -1 36.257655
152 163 190 -1 36.734022
160 195 -1 -1 27.118558
164 195 -1 -1 20.178066
160 164 195 -1 27.595082
190 195 -1 -1 15.274170
164 190 195 -1 25.452638
195 204 -1 -1 28.367977
195 206 -1 -1 20.326981
195 204 206 -1 30.332564
160 195 204 -1 33.866556
206 223 -1 -1 24.878327
223 237 -1 -1 26.503314
206 223 237 -1 37.135418
223 228 -1 -1 21.896686
223 247 -1 -1 35.436950
223 228 247 -1 35.448079
195 223 -1 -1 36.558271
195 206 223 -1 38.335613
223 256 -1 -1 36.249844
223 237 256 -1 36.899867
223 247 256 -1 39.498405
204 216 -1 -1 27.409186
216 238 -1 -1 28.981144
204 216 238 -1 43.098839
216 234 -1 -1 31.436660
216 221 -1 -1 25.391846
216 221 234 -1 32.146004
207 216 -1 -1 25.811823
207 216 221 -1 26.913353
197 216 -1 -1 29.036084
197 207 216 -1 31.419638
197 204 216 -1 29.624416
122 147 -1 -1 34.349088
127 147 -1 -1 23.325036
122 127 147 -1 34.474650
147 150 -1 -1 23.696835
147 169 -1 -1 27.012481
147 150 169 -1 29.647689
129 147 -1 -1 37.766029
129 147 150 -1 38.093845
122 129 147 -1 37.859666
126 147 -1 -1 33.977243
126 127 147 -1 34.958394
147 175 -1 -1 41.590637
147 169 175 -1 44.449562
126 147 175 -1 47.902650
153 158 -1 -1 19.349738
119 153 -1 -1 33.463159
119 153 158 -1 45.200826
141 153 -1 -1 15.275679
119 141 -1 -1 24.726806
119 141 153 -1 35.928694
153 172 -1 -1 14.740742
153 158 172 -1 21.765827
111 132 -1 -1 17.258083
107 132 -1 -1 22.920902
107 111 132 -1 23.066855
119 132 -1 -1 20.005737
111 119 132 -1 24.332963
132 141 -1 -1 12.819090
119 132 141 -1 24.830635
161 172 -1 -1 34.115154
161 166 -1 -1 16.265001
161 166 172 -1 34.360554
381 395 -1 -1 15.036688
392 395 -1 -1 13.919910
381 392 395 -1 24.700246
381 398 -1 -1 21.913160
395 398 -1 -1 19.894015
381 395 398 -1 22.554787
374 398 -1 -1 21.644584
374 385 -1 -1 23.537131
374 385 398 -1 24.245120
374 381 -1 -1 14.596675
374 381 398 -1 23.118472
366 374 -1 -1 22.919234
366 374 385 -1 27.367548
362 374 -1 -1 19.877767
362 374 381 -1 20.871320
338 374 -1 -1 35.899308
338 366 374 -1 36.090205
338 362 374 -1 37.718059
315 342 -1 -1 19.320612
334 342 -1 -1 13.775995
315 334 342 -1 19.749704
328 342 -1 -1 16.228853
315 328 342 -1 23.218107
342 362 -1 -1 23.094145
328 342 362 -1 26.991891
342 358 -1 -1 17.388508
342 358 362 -1 23.238697
321 330 -1 -1 19.947556
318 330 -1 -1 6.446309
318 321 330 -1 20.395540
330 337 -1 -1 6.327506
321 330 337 -1 20.173962
305 330 -1 -1 19.790901
305 318 330 -1 22.042167
345 347 -1 -1 12.844921
334 347 -1 -1 11.224812
334 345 347 -1 20.148663
347 358 -1 -1 12.518016
345 347 358 -1 23.069171
342 347 -1 -1 14.873586
334 342 347 -1 15.621557
342 347 358 -1 17.757973
356 394 -1 -1 37.742480
390 394 -1 -1 20.742276
356 390 -1 -1 47.876621
356 390 394 -1 49.862102
278 327 -1 -1 47.261144
327 332 -1 -1 21.851281
278 327 332 -1 51.322477
319 327 -1 -1 35.036550
278 319 327 -1 53.164339
327 356 -1 -1 37.558888
319 327 356 -1 39.752464
327 390 -1 -1 49.128242
327 356 390 -1 52.626043
327 379 -1 -1 45.609634
327 332 379 -1 51.300250
327 379 390 -1 51.636150
145 163 -1 -1 25.276138
145 148 -1 -1 20.683499
145 148 163 -1 27.953251
145 149 -1 -1 16.907884
130 145 -1 -1 18.253685
130 145 149 -1 25.104026
145 170 -1 -1 26.232419
145 149 170 -1 26.653113
145 163 170 -1 28.078285
116 145 -1 -1 20.364551
116 130 145 -1 20.620177
116 145 148 -1 26.325172
195 198 -1 -1 29.617111
190 198 -1 -1 20.183990
190 195 198 -1 32.069514
198 223 -1 -1 33.829454
195 198 223 -1 38.902523
198 228 -1 -1 26.927937
198 223 228 -1 33.873541
163 198 -1 -1 37.794559
185 198 -1 -1 29.260989
163 185 198 -1 37.936319
163 190 198 -1 38.578599
198 213 -1 -1 31.760498
185 198 213 -1 33.495182
198 213 228 -1 35.868756
216 249 -1 -1 31.188552
238 249 -1 -1 17.084128
216 238 249 -1 31.598804
234 249 -1 -1 27.634379
216 234 249 -1 34.894364
257 273 -1 -1 21.591021
234 257 -1 -1 24.818925
257 281 -1 -1 26.095781
257 273 281 -1 33.912775
257 262 -1 -1 14.151066
262 281 -1 -1 16.631003
257 262 281 -1 28.961530
249 257 -1 -1 25.274703
234 249 257 -1 30.031133
249 262 -1 -1 17.328311
249 257 262 -1 26.343669
132 143 -1 -1 32.690639
141 143 -1 -1 29.414368
132 141 143 -1 32.734766
107 143 -1 -1 34.089669
107 132 143 -1 35.600506
143 161 -1 -1 14.777535
143 172 -1 -1 36.723658
143 161 172 -1 36.744056
143 153 -1 -1 35.852017
143 153 172 -1 37.119921
141 143 153 -1 36.652761
262 272 -1 -1 17.567293
272 281 -1 -1 20.227914
262 272 281 -1 21.213427
249 272 -1 -1 18.866284
249 262 272 -1 20.741068
238 272 -1 -1 23.881519
238 249 272 -1 24.055899
272 278 -1 -1 28.714649
272 278 281 -1 28.998120
256 272 -1 -1 38.759514
238 256 272 -1 39.034400
272 283 -1 -1 40.923531
272 278 283 -1 41.492143
256 272 283 -1 42.254464
74 -1 -1 -1 0.000000
77 -1 -1 -1 0.000000
83 -1 -1 -1 0.000000
84 -1 -1 -1 0.000000
85 -1 -1 -1 0.000000
86 -1 -1 -1 0.000000
91 -1 -1 -1 0.000000
92 -1 -1 -1 0.000000
94 -1 -1 -1 0.000000
95 -1 -1 -1 0.000000
96 -1 -1 -1 0.000000
97 -1 -1 -1 0.000000
100 -1 -1 -1 0.000000
102 -1 -1 -1 0.000000
103 -1 -1 -1 0.000000
105 -1 -1 -1 0.000000
107 -1 -1 -1 0.000000
108 -1 -1 -1 0.000000
111 -1 -1 -1 0.000000
113 -1 -1 -1 0.000000
114 -1 -1 -1 0.000000
116 -1 -1 -1 0.000000
119 -1 -1 -1 0.000000
121 -1 -1 -1 0.000000
122 -1 -1 -1 0.000000
126 -1 -1 -1 0.000000
127 -1 -1 -1 0.000000
129 -1 -1 -1 0.000000
130 -1 -1 -1 0.000000
131 -1 -1 -1 0.000000
132 -1 -1 -1 0.000000
137 -1 -1 -1 0.000000
138 -1 -1 -1 0.000000
141 -1 -1 -1 0.000000
143 -1 -1 -1 0.000000
144 -1 -1 -1 0.000000
145 -1 -1 -1 0.000000
147 -1 -1 -1 0.000000
148 -1 -1 -1 0.000000
149 -1 -1 -1 0.000000
150 -1 -1 -1 0.000000
152 -1 -1 -1 0.000000
153 -1 -1 -1 0.000000
155 -1 -1 -1 0.000000
158 -1 -1 -1 0.000000
160 -1 -1 -1 0.000000
161 -1 -1 -1 0.000000
162 -1 -1 -1 0.000000
163 -1 -1 -1 0.000000
164 -1 -1 -1 0.000000
166 -1 -1 -1 0.000000
168 -1 -1 -1 0.000000
169 -1 -1 -1 0.000000
170 -1 -1 -1 0.000000
172 -1 -1 -1 0.000000
175 -1 -1 -1 0.000000
176 -1 -1 -1 0.000000
177 -1 -1 -1 0.000000
180 -1 -1 -1 0.000000
181 -1 -1 -1 0.000000
185 -1 -1 -1 0.000000
186 -1 -1 -1 0.000000
190 -1 -1 -1 0.000000
195 -1 -1 -1 0.000000
197 -1 -1 -1 0.000000
198 -1 -1 -1 0.000000
199 -1 -1 -1 0.000000
201 -1 -1 -1 0.000000
202 -1 -1 -1 0.000000
204 -1 -1 -1 0.000000
206 -1 -1 -1 0.000000
207 -1 -1 -1 0.000000
209 -1 -1 -1 0.000000
211 -1 -1 -1 0.000000
213 -1 -1 -1 0.000000
216 -1 -1 -1 0.000000
219 -1 -1 -1 0.000000
220 -1 -1 -1 0.000000
221 -1 -1 -1 0.000000
223 -1 -1 -1 0.000000
224 -1 -1 -1 0.000000
226 -1 -1 -1 0.000000
227 -1 -1 -1 0.000000
228 -1 -1 -1 0.000000
233 -1 -1 -1 0.000000
234 -1 -1 -1 0.000000
236 -1 -1 -1 0.000000
237 -1 -1 -1 0.000000
238 -1 -1 -1 0.000000
240 -1 -1 -1 0.000000
244 -1 -1 -1 0.000000
246 -1 -1 -1 0.000000
247 -1 -1 -1 0.000000
248 -1 -1 -1 0.000000
249 -1 -1 -1 0.000000
250 -1 -1 -1 0.000000
252 -1 -1 -1 0.000000
253 -1 -1 -1 0.000000
255 -1 -1 -1 0.000000
256 -1 -1 -1 0.000000
257 -1 -1 -1 0.000000
258 -1 -1 -1 0.000000
262 -1 -1 -1 0.000000
264 -1 -1 -1 0.000000
266 -1 -1 -1 0.000000
267 -1 -1 -1 0.000000
268 -1 -1 -1 0.000000
270 -1 -1 -1 0.000000
272 -1 -1 -1 0.000000
273 -1 -1 -1 0.000000
276 -1 -1 -1 0.000000
278 -1 -1 -1 0.000000
279 -1 -1 -1 0.000000
280 -1 -1 -1 0.000000
281 -1 -1 -1 0.000000
282 -1 -1 -1 0.000000
283 -1 -1 -1 0.000000
289 -1 -1 -1 0.000000
291 -1 -1 -1 0.000000
292 -1 -1 -1 0.000000
293 -1 -1 -1 0.000000
294 -1 -1 -1 0.000000
299 -1 -1 -1 0.000000
301 -1 -1 -1 0.000000
303 -1 -1 -1 0.000000
304 -1 -1 -1 0.000000
305 -1 -1 -1 0.000000
306 -1 -1 -1 0.000000
308 -1 -1 -1 0.000000
311 -1 -1 -1 0.000000
315 -1 -1 -1 0.000000
316 -1 -1 -1 0.000000
317 -1 -1 -1 0.000000
318 -1 -1 -1 0.000000
319 -1 -1 -1 0.000000
321 -1 -1 -1 0.000000
323 -1 -1 -1 0.000000
324 -1 -1 -1 0.000000
325 -1 -1 -1 0.000000
327 -1 -1 -1 0.000000
328 -1 -1 -1 0.000000
329 -1 -1 -1 0.000000
330 -1 -1 -1 0.000000
331 -1 -1 -1 0.000000
332 -1 -1 -1 0.000000
334 -1 -1 -1 0.000000
337 -1 -1 -1 0.000000
338 -1 -1 -1 0.000000
339 -1 -1 -1 0.000000
341 -1 -1 -1 0.000000
342 -1 -1 -1 0.000000
343 -1 -1 -1 0.000000
344 -1 -1 -1 0.000000
345 -1 -1 -1 0.000000
346 -1 -1 -1 0.000000
347 -1 -1 -1 0.000000
348 -1 -1 -1 0.000000
349 -1 -1 -1 0.000000
350 -1 -1 -1 0.000000
354 -1 -1 -1 0.000000
356 -1 -1 -1 0.000000
358 -1 -1 -1 0.000000
362 -1 -1 -1 0.000000
363 -1 -1 -1 0.000000
364 -1 -1 -1 0.000000
365 -1 -1 -1 0.000000
366 -1 -1 -1 0.000000
367 -1 -1 -1 0.000000
369 -1 -1 -1 0.000000
373 -1 -1 -1 0.000000
374 -1 -1 -1 0.000000
375 -1 -1 -1 0.000000
378 -1 -1 -1 0.000000
379 -1 -1 -1 0.000000
380 -1 -1 -1 0.000000
381 -1 -1 -1 0.000000
385 -1 -1 -1 0.000000
386 -1 -1 -1 0.000000
388 -1 -1 -1 0.000000
390 -1 -1 -1 0.000000
391 -1 -1 -1 0.000000
392 -1 -1 -1 0.000000
393 -1 -1 -1 0.000000
394 -1 -1 -1 0.000000
395 -1 -1 -1 0.000000
398 -1 -1 -1 0.000000
403 -1 -1 -1 0.000000
