89 120 -1 -1 29.012091
89 118 -1 -1 31.743187
118 120 -1 -1 29.500939
89 118 120 -1 34.828510
287 304 -1 -1 29.665389
278 304 -1 -1 22.178680
278 287 -1 -1 27.551591
278 287 304 -1 31.134243
89 106 -1 -1 21.750104
106 120 -1 -1 18.295777
89 106 120 -1 29.038444
89 98 -1 -1 17.323981
98 118 -1 -1 21.634358
89 98 118 -1 33.498538
183 194 -1 -1 22.297992
194 197 -1 -1 41.007708
183 197 -1 -1 33.083430
183 194 197 -1 41.084079
382 393 -1 -1 30.732669
393 403 -1 -1 23.518171
382 403 -1 -1 25.344380
382 393 403 -1 31.437090
161 183 -1 -1 23.481274
254 261 -1 -1 26.852395
254 273 -1 -1 22.628936
261 273 -1 -1 16.650665
254 261 273 -1 26.963247
203 213 -1 -1 16.730818
189 213 -1 -1 28.568121
189 203 -1 -1 24.348627
189 203 213 -1 28.637401
191 206 -1 -1 15.963442
190 206 -1 -1 28.262912
190 191 -1 -1 15.632635
190 191 206 -1 35.336648
189 191 -1 -1 24.122081
189 206 -1 -1 25.449098
189 191 206 -1 26.252333
174 191 -1 -1 26.368338
174 189 -1 -1 25.901159
174 189 191 -1 29.462623
172 191 -1 -1 26.219809
172 190 -1 -1 17.231246
172 190 191 -1 27.241851
172 174 -1 -1 24.911316
172 174 191 -1 29.856746
213 226 -1 -1 15.193637
213 234 -1 -1 22.300512
226 234 -1 -1 9.072852
213 226 234 -1 29.965010
213 217 -1 -1 13.985159
189 217 -1 -1 26.661137
189 213 217 -1 28.779726
206 217 -1 -1 13.896755
189 206 217 -1 27.122888
217 226 -1 -1 9.594873
213 217 226 -1 15.545804
139 174 -1 -1 22.926183
139 172 -1 -1 31.606653
139 172 174 -1 31.872430
263 264 -1 -1 11.782578
237 263 -1 -1 20.834424
237 264 -1 -1 21.436051
237 263 264 -1 22.031766
230 264 -1 -1 30.493765
230 237 -1 -1 24.663714
230 237 264 -1 30.756574
156 171 -1 -1 27.376142
152 171 -1 -1 37.350759
152 156 -1 -1 35.197951
152 156 171 -1 39.257231
171 186 -1 -1 33.358308
186 199 -1 -1 38.182414
171 199 -1 -1 34.410118
171 186 199 -1 41.019428
171 172 -1 -1 48.322013
171 190 -1 -1 46.194871
171 172 190 -1 48.409862
186 190 -1 -1 24.098500
171 186 190 -1 48.032427
147 156 -1 -1 12.859721
147 152 -1 -1 40.586136
147 152 156 -1 42.131949
390 391 -1 -1 24.427902
375 390 -1 -1 19.626175
375 391 -1 -1 32.611691
375 390 391 -1 32.730467
373 382 -1 -1 21.091175
362 373 -1 -1 25.557360
362 382 -1 -1 26.605611
362 373 382 -1 28.540199
264 285 -1 -1 17.216027
264 278 -1 -1 19.379785
278 285 -1 -1 14.883069
264 278 285 -1 20.173392
263 285 -1 -1 18.536044
263 264 285 -1 19.027778
390 397 -1 -1 38.857499
375 397 -1 -1 38.286179
375 390 397 -1 39.898898
377 383 -1 -1 14.474407
365 383 -1 -1 14.930486
365 377 -1 -1 18.779207
365 377 383 -1 19.107439
377 393 -1 -1 17.381207
383 393 -1 -1 15.073161
377 383 393 -1 18.272291
382 383 -1 -1 23.874319
382 383 393 -1 31.397391
362 383 -1 -1 27.723589
362 382 383 -1 30.261314
362 365 -1 -1 20.215277
362 365 383 -1 28.466635
327 364 -1 -1 26.058639
327 363 -1 -1 35.080396
363 364 -1 -1 20.207945
327 363 364 -1 35.409333
364 377 -1 -1 20.868846
363 377 -1 -1 17.755751
363 364 377 -1 22.786041
364 365 -1 -1 17.234076
364 365 377 -1 22.114363
331 358 -1 -1 29.398134
265 303 -1 -1 32.856127
265 277 -1 -1 23.342568
277 303 -1 -1 25.458876
265 277 303 -1 33.006983
277 331 -1 -1 46.014618
303 331 -1 -1 38.016469
277 303 331 -1 46.018137
254 271 -1 -1 21.422922
271 273 -1 -1 24.264952
254 271 273 -1 26.403238
268 271 -1 -1 18.087475
254 268 -1 -1 32.624299
254 268 271 -1 34.955026
250 261 -1 -1 18.268694
260 261 -1 -1 23.191799
250 260 -1 -1 21.784168
250 260 261 -1 24.658789
250 254 -1 -1 32.006587
223 250 -1 -1 34.595664
223 254 -1 -1 20.148205
223 250 254 -1 35.177016
250 254 261 -1 32.021937
186 219 -1 -1 36.860510
219 223 -1 -1 20.125034
186 223 -1 -1 40.135059
186 219 223 -1 40.349882
206 219 -1 -1 16.058360
190 219 -1 -1 36.368946
190 206 219 -1 38.039397
186 190 219 -1 38.780733
219 234 -1 -1 20.947197
223 234 -1 -1 29.126060
219 223 234 -1 29.126479
219 226 -1 -1 19.283321
219 226 234 -1 20.967456
217 219 -1 -1 19.430619
206 217 219 -1 19.699144
217 219 226 -1 19.982404
256 291 -1 -1 26.169959
287 291 -1 -1 16.616790
256 287 -1 -1 30.919656
256 287 291 -1 30.920159
137 139 -1 -1 19.752125
137 172 -1 -1 24.484039
137 139 172 -1 31.608135
120 137 -1 -1 27.895323
118 137 -1 -1 30.037707
118 120 137 -1 33.700154
118 139 -1 -1 27.564649
118 137 139 -1 30.846312
166 171 -1 -1 39.601415
166 199 -1 -1 47.819280
166 171 199 -1 48.532899
152 166 -1 -1 19.408820
152 166 171 -1 39.997391
140 171 -1 -1 41.953986
140 172 -1 -1 22.960715
140 171 172 -1 48.336822
140 156 -1 -1 27.010499
140 156 171 -1 42.733127
137 140 -1 -1 18.385803
137 140 172 -1 25.795296
140 147 -1 -1 28.126407
140 147 156 -1 28.446016
120 140 -1 -1 31.238250
120 137 140 -1 31.534868
106 121 -1 -1 25.173683
120 121 -1 -1 28.182251
106 120 121 -1 28.700198
373 376 -1 -1 32.093001
369 376 -1 -1 26.296654
369 373 -1 -1 20.753052
369 373 376 -1 32.208227
350 376 -1 -1 38.921027
350 369 -1 -1 40.848817
350 369 376 -1 42.335702
376 391 -1 -1 42.073237
350 391 -1 -1 37.547935
350 376 391 -1 45.797632
376 406 -1 -1 43.398167
391 406 -1 -1 21.468582
376 391 406 -1 44.224845
390 406 -1 -1 32.023692
390 391 406 -1 32.038705
348 350 -1 -1 15.789090
348 369 -1 -1 34.686361
348 350 369 -1 41.668484
356 391 -1 -1 28.951344
356 375 -1 -1 30.295681
356 375 391 -1 35.494372
350 356 -1 -1 23.738367
350 356 391 -1 37.548596
271 293 -1 -1 29.917234
273 293 -1 -1 23.290794
271 273 293 -1 30.592712
261 292 -1 -1 17.074176
273 292 -1 -1 15.501887
261 273 292 -1 18.991252
292 293 -1 -1 25.395393
273 292 293 -1 25.871137
272 285 -1 -1 13.455746
263 272 -1 -1 17.371899
263 272 285 -1 19.417468
251 272 -1 -1 23.079945
251 263 -1 -1 16.749097
251 263 272 -1 23.164348
267 272 -1 -1 13.566182
251 267 -1 -1 19.688045
251 267 272 -1 23.141629
380 397 -1 -1 24.795347
375 380 -1 -1 23.410500
375 380 397 -1 39.660534
366 397 -1 -1 45.571974
366 380 -1 -1 38.726285
366 380 397 -1 45.580771
131 161 -1 -1 28.441195
126 131 -1 -1 31.059610
126 161 -1 -1 36.504767
126 131 161 -1 37.698076
104 126 -1 -1 31.433984
104 131 -1 -1 36.803238
104 126 131 -1 38.662963
358 374 -1 -1 29.344972
331 374 -1 -1 38.920333
331 358 374 -1 39.213504
357 374 -1 -1 22.128141
363 374 -1 -1 41.695472
357 363 -1 -1 30.264221
357 363 374 -1 43.046572
277 296 -1 -1 42.992478
296 331 -1 -1 42.462877
277 296 331 -1 50.707810
203 227 -1 -1 27.641827
197 203 -1 -1 23.168773
197 227 -1 -1 36.222220
197 203 227 -1 36.223602
213 227 -1 -1 22.088688
203 213 227 -1 27.642185
227 234 -1 -1 30.957748
213 227 234 -1 30.969244
346 374 -1 -1 33.116811
331 346 -1 -1 19.453656
331 346 374 -1 38.938750
346 357 -1 -1 17.137058
346 357 374 -1 36.366742
186 218 -1 -1 32.889967
199 218 -1 -1 30.318257
186 199 218 -1 39.681857
218 231 -1 -1 25.733047
199 231 -1 -1 27.041405
199 218 231 -1 32.248215
218 250 -1 -1 19.016489
231 250 -1 -1 24.361255
218 231 250 -1 27.124119
218 223 -1 -1 30.235081
186 218 223 -1 40.909216
218 223 250 -1 34.677443
256 270 -1 -1 27.687792
270 287 -1 -1 17.760915
256 270 287 -1 31.176717
230 270 -1 -1 22.260790
230 256 -1 -1 35.185853
230 256 270 -1 35.192587
264 270 -1 -1 27.847070
230 264 270 -1 31.718060
270 278 -1 -1 26.878159
270 278 287 -1 28.807099
264 270 278 -1 29.286128
236 256 -1 -1 25.581996
230 236 -1 -1 35.049333
230 236 256 -1 37.708224
236 241 -1 -1 11.180842
241 256 -1 -1 22.393309
236 241 256 -1 25.621988
209 230 -1 -1 37.599192
209 236 -1 -1 21.640429
209 230 236 -1 38.271387
256 289 -1 -1 24.169699
289 291 -1 -1 17.531919
256 289 291 -1 26.984685
289 312 -1 -1 17.112299
291 312 -1 -1 17.195142
289 291 312 -1 19.956351
289 313 -1 -1 22.108624
289 307 -1 -1 17.829031
307 313 -1 -1 14.418475
289 307 313 -1 22.166022
312 313 -1 -1 14.727704
289 312 313 -1 22.127736
276 289 -1 -1 19.240001
256 276 -1 -1 29.070604
256 276 289 -1 29.273275
276 307 -1 -1 18.310652
276 289 307 -1 21.349276
126 168 -1 -1 41.534174
161 168 -1 -1 33.080868
126 161 168 -1 43.407391
168 174 -1 -1 38.273669
168 189 -1 -1 30.316118
168 174 189 -1 38.395612
168 183 -1 -1 42.890635
168 197 -1 -1 35.174539
168 183 197 -1 43.882998
161 168 183 -1 43.228628
168 203 -1 -1 34.701146
168 197 203 -1 37.038813
168 189 203 -1 35.480630
119 139 -1 -1 38.465651
118 119 -1 -1 34.631656
118 119 139 -1 39.739676
104 119 -1 -1 39.574891
119 126 -1 -1 26.976984
104 119 126 -1 39.729924
233 251 -1 -1 17.326745
207 232 -1 -1 20.212351
232 233 -1 -1 18.095467
207 233 -1 -1 26.012220
207 232 233 -1 26.098260
232 251 -1 -1 21.980897
232 233 251 -1 22.588840
232 263 -1 -1 26.438192
232 237 -1 -1 14.705355
232 237 263 -1 26.521942
232 251 263 -1 26.540897
207 214 -1 -1 19.883136
214 233 -1 -1 17.595670
207 214 233 -1 26.033539
202 214 -1 -1 18.570231
215 230 -1 -1 29.874955
209 215 -1 -1 41.959313
209 215 230 -1 43.254444
215 237 -1 -1 23.293055
215 230 237 -1 30.660072
215 232 -1 -1 23.779128
215 232 237 -1 24.787024
207 215 -1 -1 23.397346
207 215 232 -1 26.108560
188 202 -1 -1 17.051697
166 198 -1 -1 42.407089
198 199 -1 -1 19.094814
166 198 199 -1 47.959408
184 198 -1 -1 33.787095
166 184 -1 -1 25.349904
166 184 198 -1 42.408541
198 209 -1 -1 26.007925
184 209 -1 -1 29.831586
184 198 209 -1 35.128897
198 236 -1 -1 32.164532
198 209 236 -1 32.319682
198 231 -1 -1 30.224401
198 199 231 -1 30.706816
231 241 -1 -1 27.481189
198 241 -1 -1 35.372823
198 231 241 -1 36.545792
198 236 241 -1 35.663657
121 135 -1 -1 11.497997
120 135 -1 -1 28.022332
120 121 135 -1 28.712010
135 140 -1 -1 30.727250
120 135 140 -1 34.741177
135 147 -1 -1 7.741263
135 140 147 -1 31.455191
102 121 -1 -1 16.774546
115 147 -1 -1 39.959259
115 152 -1 -1 30.984990
115 147 152 -1 43.636510
115 135 -1 -1 39.903804
115 135 147 -1 40.121467
115 121 -1 -1 37.303727
115 121 135 -1 40.031792
102 115 -1 -1 36.177194
102 115 121 -1 37.813421
115 128 -1 -1 31.152619
103 128 -1 -1 24.679347
103 115 -1 -1 39.320058
103 115 128 -1 39.329387
92 115 -1 -1 30.311042
384 388 -1 -1 24.678111
384 393 -1 -1 30.862313
374 384 -1 -1 37.818360
374 388 -1 -1 25.380242
374 384 388 -1 38.201907
363 384 -1 -1 32.026630
363 374 384 -1 43.653893
377 384 -1 -1 32.880241
363 377 384 -1 33.773657
377 384 393 -1 33.318711
313 328 -1 -1 18.986508
312 328 -1 -1 16.342566
312 313 328 -1 19.643973
328 356 -1 -1 42.780001
326 356 -1 -1 34.616231
326 328 -1 -1 29.567712
326 328 356 -1 43.083135
328 350 -1 -1 33.963343
328 350 356 -1 42.885643
311 313 -1 -1 16.849477
307 311 -1 -1 14.575571
307 311 313 -1 17.814094
345 373 -1 -1 28.443821
345 369 -1 -1 25.120384
345 369 373 -1 29.317715
345 362 -1 -1 20.573241
345 362 373 -1 29.410422
334 349 -1 -1 23.391852
343 349 -1 -1 16.991964
334 343 -1 -1 26.695077
334 343 349 -1 27.021981
348 349 -1 -1 26.196396
343 348 -1 -1 15.871418
343 348 349 -1 27.206727
349 369 -1 -1 13.347300
348 349 369 -1 39.648505
345 349 -1 -1 23.718232
345 349 369 -1 25.505934
334 345 -1 -1 17.740047
334 345 349 -1 25.429788
302 334 -1 -1 30.534379
309 334 -1 -1 23.528092
302 309 -1 -1 17.104286
302 309 334 -1 30.711102
292 302 -1 -1 16.373185
293 302 -1 -1 16.993991
292 293 302 -1 25.719365
261 284 -1 -1 18.624469
260 284 -1 -1 25.286857
260 261 284 -1 26.372456
284 292 -1 -1 7.706283
261 284 292 -1 18.626668
284 302 -1 -1 19.719275
284 309 -1 -1 24.500843
284 302 309 -1 24.679922
284 292 302 -1 20.329849
272 301 -1 -1 22.032628
301 324 -1 -1 19.764338
285 301 -1 -1 21.035350
272 285 301 -1 22.719103
301 304 -1 -1 32.341851
304 324 -1 -1 27.652822
301 304 324 -1 32.504796
278 301 -1 -1 29.374973
278 301 304 -1 33.290159
278 285 301 -1 30.979524
342 380 -1 -1 32.667881
342 366 -1 -1 49.120773
342 366 380 -1 49.212088
326 342 -1 -1 34.320859
304 342 -1 -1 40.930695
304 326 -1 -1 30.316369
304 326 342 -1 41.797839
324 342 -1 -1 35.344514
304 324 342 -1 41.558895
342 375 -1 -1 36.554298
342 375 380 -1 37.178149
342 356 -1 -1 43.242520
342 356 375 -1 43.907905
326 342 356 -1 44.258880
114 131 -1 -1 29.168840
104 114 -1 -1 30.081334
104 114 131 -1 37.804617
225 227 -1 -1 33.620799
197 225 -1 -1 34.431917
197 225 227 -1 40.197262
194 225 -1 -1 45.341884
194 197 225 -1 47.337514
228 265 -1 -1 37.023657
228 277 -1 -1 43.262572
228 265 277 -1 43.276581
225 228 -1 -1 22.791081
225 265 -1 -1 32.076518
225 228 265 -1 37.299801
194 228 -1 -1 42.471714
194 225 228 -1 45.780667
227 247 -1 -1 30.282741
234 247 -1 -1 14.064448
227 234 247 -1 31.493637
247 268 -1 -1 20.511283
247 254 -1 -1 34.007295
247 254 268 -1 35.080896
223 247 -1 -1 34.347901
223 234 247 -1 34.814198
223 247 254 -1 35.770858
283 306 -1 -1 22.284533
288 306 -1 -1 21.244971
283 288 -1 -1 11.718185
283 288 306 -1 22.675533
283 303 -1 -1 39.349073
303 306 -1 -1 29.752253
283 303 306 -1 39.663179
306 330 -1 -1 30.015980
327 330 -1 -1 20.777524
306 327 -1 -1 25.590480
306 327 330 -1 30.483962
303 330 -1 -1 31.826118
303 306 330 -1 35.306390
330 346 -1 -1 22.894844
330 357 -1 -1 24.696276
330 346 357 -1 25.611953
330 363 -1 -1 34.795481
327 330 363 -1 36.595919
330 357 363 -1 35.595305
231 245 -1 -1 22.618208
241 245 -1 -1 12.054045
231 241 245 -1 27.939237
245 276 -1 -1 23.399485
245 260 -1 -1 21.690030
260 276 -1 -1 22.172596
245 260 276 -1 25.931502
245 256 -1 -1 25.898444
241 245 256 -1 25.924008
245 256 276 -1 30.554869
250 253 -1 -1 14.976448
253 260 -1 -1 10.783873
250 253 260 -1 23.940211
231 253 -1 -1 15.809890
231 250 253 -1 25.172092
245 253 -1 -1 22.592475
245 253 260 -1 22.899354
231 245 253 -1 24.128755
142 168 -1 -1 29.179127
126 142 -1 -1 31.726341
126 142 168 -1 41.641580
119 142 -1 -1 29.548743
119 126 142 -1 34.190940
139 142 -1 -1 25.726226
119 139 142 -1 38.491177
142 174 -1 -1 28.067839
139 142 174 -1 29.832099
142 168 174 -1 38.492348
94 98 -1 -1 26.468759
94 118 -1 -1 32.249594
94 98 118 -1 32.454862
94 119 -1 -1 26.582066
94 118 119 -1 36.543452
208 214 -1 -1 15.106232
202 208 -1 -1 11.627803
202 208 214 -1 18.596175
207 208 -1 -1 12.299117
207 208 214 -1 19.901301
188 208 -1 -1 21.628349
188 202 208 -1 21.749631
200 215 -1 -1 18.161861
200 207 -1 -1 28.355041
200 207 215 -1 28.461038
200 209 -1 -1 40.838641
200 209 215 -1 42.505603
184 200 -1 -1 39.680955
184 200 209 -1 43.368016
180 200 -1 -1 24.193721
180 184 -1 -1 31.022795
180 184 200 -1 39.687294
109 111 -1 -1 18.760940
111 132 -1 -1 23.617329
109 132 -1 -1 22.722112
109 111 132 -1 25.358722
173 180 -1 -1 20.585887
173 184 -1 -1 26.473772
173 180 184 -1 31.372216
166 173 -1 -1 30.787689
166 173 184 -1 32.218873
165 173 -1 -1 26.283562
165 180 -1 -1 22.175172
165 173 180 -1 27.117611
92 93 -1 -1 14.612474
93 102 -1 -1 15.130232
93 115 -1 -1 36.033110
92 93 115 -1 36.683764
93 102 115 -1 36.926329
317 328 -1 -1 21.002399
317 326 -1 -1 18.019067
317 326 328 -1 29.876054
312 317 -1 -1 21.370473
312 317 328 -1 22.967167
291 317 -1 -1 22.290259
291 312 317 -1 23.773297
287 317 -1 -1 26.294400
287 291 317 -1 26.455303
304 317 -1 -1 31.334006
287 304 317 -1 33.844220
304 317 326 -1 32.275412
340 348 -1 -1 14.676036
340 350 -1 -1 24.654804
340 348 350 -1 25.922952
328 340 -1 -1 13.540734
328 340 350 -1 40.433447
311 332 -1 -1 14.438630
313 332 -1 -1 20.503416
311 313 332 -1 20.731579
309 311 -1 -1 17.774325
309 332 -1 -1 23.434730
309 311 332 -1 23.462102
332 334 -1 -1 28.335949
332 343 -1 -1 13.743551
332 334 343 -1 28.595217
309 332 334 -1 29.445240
347 364 -1 -1 9.669081
327 347 -1 -1 21.999173
327 347 364 -1 26.835117
347 365 -1 -1 20.875138
347 364 365 -1 21.070399
305 306 -1 -1 26.984536
288 305 -1 -1 22.464512
288 305 306 -1 27.787751
305 327 -1 -1 30.331460
305 306 327 -1 32.194837
305 322 -1 -1 29.127596
293 322 -1 -1 30.058424
293 305 -1 -1 31.783298
293 305 322 -1 35.086726
322 333 -1 -1 16.474678
293 333 -1 -1 27.491584
293 322 333 -1 30.342649
302 333 -1 -1 30.083053
293 302 333 -1 30.424492
333 334 -1 -1 21.176277
302 333 334 -1 32.352280
333 345 -1 -1 22.073688
333 334 345 -1 23.731600
276 281 -1 -1 19.636751
260 281 -1 -1 20.657876
260 276 281 -1 24.138863
281 284 -1 -1 12.355065
260 281 284 -1 25.463546
281 307 -1 -1 22.901989
276 281 307 -1 23.806882
281 311 -1 -1 25.644444
281 307 311 -1 25.827337
281 309 -1 -1 25.503251
281 309 311 -1 27.274293
281 284 309 -1 25.876985
338 366 -1 -1 34.049422
324 338 -1 -1 25.760894
338 342 -1 -1 36.578705
338 342 366 -1 49.149070
324 338 342 -1 38.549924
107 114 -1 -1 13.815975
104 107 -1 -1 20.315646
104 107 114 -1 35.650862
374 385 -1 -1 28.223866
358 385 -1 -1 24.826541
358 374 385 -1 31.924012
385 388 -1 -1 30.908175
374 385 388 -1 32.851422
228 279 -1 -1 38.148637
277 279 -1 -1 21.048094
228 277 279 -1 43.268548
279 296 -1 -1 30.849848
277 279 296 -1 45.882516
225 257 -1 -1 39.944667
257 265 -1 -1 21.661520
225 257 265 -1 40.043251
227 257 -1 -1 32.639469
225 227 257 -1 41.527254
257 303 -1 -1 39.132762
257 265 303 -1 39.135677
257 283 -1 -1 17.719367
257 283 303 -1 40.283706
330 337 -1 -1 17.863309
303 337 -1 -1 24.795876
303 330 337 -1 31.953327
337 346 -1 -1 8.897570
330 337 346 -1 24.934176
331 337 -1 -1 24.043465
303 331 337 -1 38.897428
331 337 346 -1 25.646685
110 111 -1 -1 18.087106
110 132 -1 -1 31.635998
110 111 132 -1 31.931267
110 144 -1 -1 27.206485
132 144 -1 -1 23.753551
110 132 144 -1 32.546538
110 128 -1 -1 28.126686
103 110 -1 -1 24.328204
103 110 128 -1 29.923316
144 146 -1 -1 12.854249
132 146 -1 -1 14.783724
132 144 146 -1 26.989142
144 165 -1 -1 18.828007
146 165 -1 -1 16.911781
144 146 165 -1 19.312197
146 160 -1 -1 19.555255
132 160 -1 -1 25.639387
132 146 160 -1 25.762293
160 165 -1 -1 20.747506
146 160 165 -1 22.236369
144 159 -1 -1 12.864339
159 165 -1 -1 15.370643
144 159 165 -1 18.963874
159 173 -1 -1 18.424553
159 162 -1 -1 9.567612
162 173 -1 -1 13.734803
159 162 173 -1 18.911906
159 165 173 -1 26.843728
151 173 -1 -1 22.536216
151 162 -1 -1 18.157264
151 162 173 -1 22.541164
151 154 -1 -1 9.725857
154 162 -1 -1 13.682490
151 154 162 -1 18.458459
151 166 -1 -1 24.846366
151 166 173 -1 31.181132
151 152 -1 -1 25.151661
151 152 166 -1 27.128640
128 154 -1 -1 16.408983
128 151 -1 -1 23.041118
128 151 154 -1 27.039932
115 151 -1 -1 37.612278
115 151 152 -1 37.859951
115 128 151 -1 37.681052
141 154 -1 -1 12.659446
128 141 -1 -1 16.928747
128 141 154 -1 18.029347
110 141 -1 -1 25.880011
110 128 141 -1 28.640605
141 144 -1 -1 16.638950
110 141 144 -1 28.023448
328 335 -1 -1 16.659849
313 335 -1 -1 14.116718
313 328 335 -1 19.595413
335 340 -1 -1 9.578929
328 335 340 -1 16.660588
332 335 -1 -1 13.818879
313 332 335 -1 20.564900
335 343 -1 -1 19.659033
332 335 343 -1 19.662029
335 348 -1 -1 19.975739
335 343 348 -1 21.630019
335 340 348 -1 21.136385
325 347 -1 -1 21.967415
325 327 -1 -1 20.674741
325 327 347 -1 24.909139
322 347 -1 -1 24.337711
322 325 -1 -1 16.985342
322 325 347 -1 25.067418
305 325 -1 -1 17.318394
305 325 327 -1 31.492171
305 322 325 -1 32.470230
293 297 -1 -1 23.848489
271 297 -1 -1 17.353453
271 293 297 -1 29.931052
297 305 -1 -1 14.443957
293 297 305 -1 33.769727
268 297 -1 -1 24.528613
268 271 297 -1 24.550739
268 288 -1 -1 19.770759
288 297 -1 -1 24.743458
268 288 297 -1 26.897323
288 297 305 -1 25.048955
345 352 -1 -1 15.222153
352 362 -1 -1 15.749909
345 352 362 -1 20.717649
333 352 -1 -1 15.211608
333 345 352 -1 22.103740
322 352 -1 -1 20.661526
322 333 352 -1 20.902644
347 352 -1 -1 31.915815
322 347 352 -1 31.915820
352 365 -1 -1 28.862954
352 362 365 -1 30.037871
347 352 365 -1 32.626958
247 255 -1 -1 19.251426
227 255 -1 -1 27.769778
227 247 255 -1 30.974668
255 257 -1 -1 20.638146
227 255 257 -1 32.857268
255 283 -1 -1 19.429379
255 257 283 -1 22.368504
255 268 -1 -1 19.121635
247 255 268 -1 22.702012
255 288 -1 -1 24.090226
255 268 288 -1 24.772113
255 283 288 -1 24.343565
157 160 -1 -1 9.851107
132 157 -1 -1 26.796554
132 157 160 -1 26.866267
157 188 -1 -1 27.923957
160 188 -1 -1 28.196022
157 160 188 -1 28.512757
160 179 -1 -1 20.437084
179 188 -1 -1 21.069156
160 179 188 -1 28.280637
165 179 -1 -1 21.551646
160 165 179 -1 24.166176
179 180 -1 -1 23.017654
165 179 180 -1 25.718634
179 200 -1 -1 29.963044
179 180 200 -1 30.550498
179 207 -1 -1 37.559730
179 200 207 -1 38.123173
179 208 -1 -1 34.682183
179 207 208 -1 37.642699
179 188 208 -1 36.600161
150 154 -1 -1 14.786184
150 162 -1 -1 10.984108
150 154 162 -1 15.484192
141 150 -1 -1 5.858877
141 150 154 -1 14.984317
150 159 -1 -1 10.902201
150 159 162 -1 12.167605
144 150 -1 -1 12.711460
144 150 159 -1 14.137473
141 144 150 -1 19.821475
109 127 -1 -1 20.342809
127 132 -1 -1 22.758867
109 127 132 -1 25.425633
127 157 -1 -1 28.122735
127 132 157 -1 30.206107
89 -1 -1 -1 0.000000
92 -1 -1 -1 0.000000
93 -1 -1 -1 0.000000
94 -1 -1 -1 0.000000
98 -1 -1 -1 0.000000
102 -1 -1 -1 0.000000
103 -1 -1 -1 0.000000
104 -1 -1 -1 0.000000
106 -1 -1 -1 0.000000
107 -1 -1 -1 0.000000
109 -1 -1 -1 0.000000
110 -1 -1 -1 0.000000
111 -1 -1 -1 0.000000
114 -1 -1 -1 0.000000
115 -1 -1 -1 0.000000
118 -1 -1 -1 0.000000
119 -1 -1 -1 0.000000
120 -1 -1 -1 0.000000
121 -1 -1 -1 0.000000
126 -1 -1 -1 0.000000
127 -1 -1 -1 0.000000
128 -1 -1 -1 0.000000
131 -1 -1 -1 0.000000
132 -1 -1 -1 0.000000
135 -1 -1 -1 0.000000
137 -1 -1 -1 0.000000
139 -1 -1 -1 0.000000
140 -1 -1 -1 0.000000
141 -1 -1 -1 0.000000
142 -1 -1 -1 0.000000
144 -1 -1 -1 0.000000
146 -1 -1 -1 0.000000
147 -1 -1 -1 0.000000
150 -1 -1 -1 0.000000
151 -1 -1 -1 0.000000
152 -1 -1 -1 0.000000
154 -1 -1 -1 0.000000
156 -1 -1 -1 0.000000
157 -1 -1 -1 0.000000
159 -1 -1 -1 0.000000
160 -1 -1 -1 0.000000
161 -1 -1 -1 0.000000
162 -1 -1 -1 0.000000
165 -1 -1 -1 0.000000
166 -1 -1 -1 0.000000
168 -1 -1 -1 0.000000
171 -1 -1 -1 0.000000
172 -1 -1 -1 0.000000
173 -1 -1 -1 0.000000
174 -1 -1 -1 0.000000
179 -1 -1 -1 0.000000
180 -1 -1 -1 0.000000
183 -1 -1 -1 0.000000
184 -1 -1 -1 0.000000
186 -1 -1 -1 0.000000
188 -1 -1 -1 0.000000
189 -1 -1 -1 0.000000
190 -1 -1 -1 0.000000
191 -1 -1 -1 0.000000
194 -1 -1 -1 0.000000
197 -1 -1 -1 0.000000
198 -1 -1 -1 0.000000
199 -1 -1 -1 0.000000
200 -1 -1 -1 0.000000
202 -1 -1 -1 0.000000
203 -1 -1 -1 0.000000
206 -1 -1 -1 0.000000
207 -1 -1 -1 0.000000
208 -1 -1 -1 0.000000
209 -1 -1 -1 0.000000
213 -1 -1 -1 0.000000
214 -1 -1 -1 0.000000
215 -1 -1 -1 0.000000
217 -1 -1 -1 0.000000
218 -1 -1 -1 0.000000
219 -1 -1 -1 0.000000
223 -1 -1 -1 0.000000
225 -1 -1 -1 0.000000
226 -1 -1 -1 0.000000
227 -1 -1 -1 0.000000
228 -1 -1 -1 0.000000
230 -1 -1 -1 0.000000
231 -1 -1 -1 0.000000
232 -1 -1 -1 0.000000
233 -1 -1 -1 0.000000
234 -1 -1 -1 0.000000
236 -1 -1 -1 0.000000
237 -1 -1 -1 0.000000
241 -1 -1 -1 0.000000
245 -1 -1 -1 0.000000
247 -1 -1 -1 0.000000
250 -1 -1 -1 0.000000
251 -1 -1 -1 0.000000
253 -1 -1 -1 0.000000
254 -1 -1 -1 0.000000
255 -1 -1 -1 0.000000
256 -1 -1 -1 0.000000
257 -1 -1 -1 0.000000
260 -1 -1 -1 0.000000
261 -1 -1 -1 0.000000
263 -1 -1 -1 0.000000
264 -1 -1 -1 0.000000
265 -1 -1 -1 0.000000
267 -1 -1 -1 0.000000
268 -1 -1 -1 0.000000
270 -1 -1 -1 0.000000
271 -1 -1 -1 0.000000
272 -1 -1 -1 0.000000
273 -1 -1 -1 0.000000
276 -1 -1 -1 0.000000
277 -1 -1 -1 0.000000
278 -1 -1 -1 0.000000
279 -1 -1 -1 0.000000
281 -1 -1 -1 0.000000
283 -1 -1 -1 0.000000
284 -1 -1 -1 0.000000
285 -1 -1 -1 0.000000
287 -1 -1 -1 0.000000
288 -1 -1 -1 0.000000
289 -1 -1 -1 0.000000
291 -1 -1 -1 0.000000
292 -1 -1 -1 0.000000
293 -1 -1 -1 0.000000
296 -1 -1 -1 0.000000
297 -1 -1 -1 0.000000
301 -1 -1 -1 0.000000
302 -1 -1 -1 0.000000
303 -1 -1 -1 0.000000
304 -1 -1 -1 0.000000
305 -1 -1 -1 0.000000
306 -1 -1 -1 0.000000
307 -1 -1 -1 0.000000
309 -1 -1 -1 0.000000
311 -1 -1 -1 0.000000
312 -1 -1 -1 0.000000
313 -1 -1 -1 0.000000
317 -1 -1 -1 0.000000
322 -1 -1 -1 0.000000
324 -1 -1 -1 0.000000
325 -1 -1 -1 0.000000
326 -1 -1 -1 0.000000
327 -1 -1 -1 0.000000
328 -1 -1 -1 0.000000
330 -1 -1 -1 0.000000
331 -1 -1 -1 0.000000
332 -1 -1 -1 0.000000
333 -1 -1 -1 0.000000
334 -1 -1 -1 0.000000
335 -1 -1 -1 0.000000
337 -1 -1 -1 0.000000
338 -1 -1 -1 0.000000
340 -1 -1 -1 0.000000
342 -1 -1 -1 0.000000
343 -1 -1 -1 0.000000
345 -1 -1 -1 0.000000
346 -1 -1 -1 0.000000
347 -1 -1 -1 0.000000
348 -1 -1 -1 0.000000
349 -1 -1 -1 0.000000
350 -1 -1 -1 0.000000
352 -1 -1 -1 0.000000
356 -1 -1 -1 0.000000
357 -1 -1 -1 0.000000
358 -1 -1 -1 0.000000
362 -1 -1 -1 0.000000
363 -1 -1 -1 0.000000
364 -1 -1 -1 0.000000
365 -1 -1 -1 0.000000
366 -1 -1 -1 0.000000
369 -1 -1 -1 0.000000
373 -1 -1 -1 0.000000
374 -1 -1 -1 0.000000
375 -1 -1 -1 0.000000
376 -1 -1 -1 0.000000
377 -1 -1 -1 0.000000
380 -1 -1 -1 0.000000
382 -1 -1 -1 0.000000
383 -1 -1 -1 0.000000
384 -1 -1 -1 0.000000
385 -1 -1 -1 0.000000
388 -1 -1 -1 0.000000
390 -1 -1 -1 0.000000
391 -1 -1 -1 0.000000
393 -1 -1 -1 0.000000
397 -1 -1 -1 0.000000
403 -1 -1 -1 0.000000
406 -1 -1 -1 0.000000
