231 252 -1 -1 22.870868
310 316 -1 -1 32.904751
292 316 -1 -1 24.253016
292 310 -1 -1 24.374877
292 310 316 -1 33.022179
87 100 -1 -1 40.040381
87 112 -1 -1 34.536873
100 112 -1 -1 38.192299
87 100 112 -1 43.632576
189 202 -1 -1 23.906194
184 202 -1 -1 22.414930
184 189 -1 -1 34.104004
184 189 202 -1 34.222609
228 252 -1 -1 39.617634
228 231 -1 -1 38.451546
228 231 252 -1 40.869837
350 360 -1 -1 30.187636
360 370 -1 -1 30.092394
350 370 -1 -1 16.623800
350 360 370 -1 31.356376
327 350 -1 -1 18.624664
319 350 -1 -1 33.589791
319 327 -1 -1 23.938158
319 327 350 -1 34.546183
228 254 -1 -1 31.228361
252 254 -1 -1 23.347177
228 252 254 -1 39.640256
301 327 -1 -1 23.066641
301 319 -1 -1 28.006872
301 319 327 -1 29.268329
287 301 -1 -1 24.647161
287 319 -1 -1 33.546557
287 301 319 -1 34.189578
281 310 -1 -1 29.039554
281 292 -1 -1 23.376560
281 292 310 -1 30.081254
254 281 -1 -1 27.764524
254 275 -1 -1 28.196141
275 281 -1 -1 30.357172
254 275 281 -1 33.308411
252 281 -1 -1 34.403970
252 254 281 -1 34.584592
287 294 -1 -1 31.501963
275 294 -1 -1 23.582822
275 287 -1 -1 27.212273
275 287 294 -1 32.426405
281 294 -1 -1 25.438341
275 281 294 -1 31.230151
294 310 -1 -1 23.763508
281 294 310 -1 30.490500
189 190 -1 -1 21.254125
163 189 -1 -1 36.795669
163 190 -1 -1 27.069894
163 189 190 -1 37.201016
218 250 -1 -1 34.896777
218 236 -1 -1 26.470912
236 250 -1 -1 27.308205
218 236 250 -1 35.341616
237 250 -1 -1 28.635210
218 237 -1 -1 25.987299
218 237 250 -1 35.519798
213 218 -1 -1 29.274038
213 236 -1 -1 27.326009
213 218 236 -1 32.066391
202 218 -1 -1 33.502076
189 218 -1 -1 30.135283
189 202 218 -1 34.581948
190 218 -1 -1 37.104023
190 213 -1 -1 26.612407
190 213 218 -1 37.378516
189 190 218 -1 37.107227
144 164 -1 -1 29.050131
144 162 -1 -1 20.820709
162 164 -1 -1 31.135906
144 162 164 -1 32.196768
139 144 -1 -1 26.308522
139 162 -1 -1 25.055576
139 144 162 -1 28.127888
119 144 -1 -1 26.850891
119 139 -1 -1 33.817581
119 139 144 -1 34.450062
114 144 -1 -1 37.495796
114 119 -1 -1 29.555938
114 119 144 -1 37.763311
164 179 -1 -1 26.459810
162 179 -1 -1 21.542870
162 164 179 -1 31.600508
179 183 -1 -1 20.052613
162 183 -1 -1 26.550471
162 179 183 -1 27.025480
183 207 -1 -1 33.979730
179 207 -1 -1 30.676055
179 183 207 -1 34.385769
100 123 -1 -1 23.031262
119 123 -1 -1 32.307024
100 119 -1 -1 38.900899
100 119 123 -1 38.933517
123 139 -1 -1 26.899699
119 123 139 -1 36.230652
112 123 -1 -1 33.786185
100 112 123 -1 38.556130
343 362 -1 -1 24.089803
359 362 -1 -1 23.692482
343 359 -1 -1 19.511424
343 359 362 -1 26.176231
310 331 -1 -1 23.874942
316 331 -1 -1 23.809427
310 316 331 -1 32.942179
331 343 -1 -1 19.390663
316 343 -1 -1 24.030511
316 331 343 -1 26.166828
331 333 -1 -1 21.279046
310 333 -1 -1 21.963358
310 331 333 -1 25.936156
333 353 -1 -1 20.369981
331 353 -1 -1 24.385316
331 333 353 -1 25.693469
331 362 -1 -1 31.267198
353 362 -1 -1 22.374859
331 353 362 -1 31.450488
331 343 362 -1 31.275344
130 156 -1 -1 31.374143
109 130 -1 -1 22.415610
109 126 -1 -1 37.850497
105 109 -1 -1 24.295782
105 126 -1 -1 24.129641
105 109 126 -1 38.817937
126 130 -1 -1 37.009789
109 126 130 -1 39.252790
89 109 -1 -1 33.066552
89 105 -1 -1 24.222669
89 105 109 -1 33.150329
90 109 -1 -1 26.169566
89 90 -1 -1 21.311595
89 90 109 -1 33.094259
203 231 -1 -1 30.339227
215 228 -1 -1 27.001203
215 231 -1 -1 25.785820
215 228 231 -1 38.522619
203 215 -1 -1 25.170899
203 215 231 -1 31.713672
198 203 -1 -1 33.153053
198 215 -1 -1 23.494571
198 203 215 -1 33.241955
202 206 -1 -1 27.521100
184 206 -1 -1 29.690927
184 202 206 -1 31.193378
206 215 -1 -1 30.106061
198 206 -1 -1 24.981659
198 206 215 -1 30.933590
206 228 -1 -1 25.976132
206 215 228 -1 32.198615
175 206 -1 -1 32.838125
175 184 -1 -1 26.110441
175 184 206 -1 34.572815
175 198 -1 -1 21.721874
175 198 206 -1 32.842434
242 254 -1 -1 24.362313
228 242 -1 -1 25.622360
228 242 254 -1 32.013627
242 275 -1 -1 28.446768
242 254 275 -1 31.372440
289 316 -1 -1 28.753109
289 292 -1 -1 20.449842
289 292 316 -1 29.236672
311 333 -1 -1 30.527296
310 311 -1 -1 32.332307
310 311 333 -1 33.630102
294 311 -1 -1 20.224449
294 310 311 -1 32.422498
311 334 -1 -1 19.999772
333 334 -1 -1 20.083061
311 333 334 -1 30.926126
311 319 -1 -1 23.695180
319 334 -1 -1 25.151882
311 319 334 -1 26.817671
287 311 -1 -1 27.644206
287 311 319 -1 33.945632
287 294 311 -1 31.922283
384 385 -1 -1 25.275609
370 384 -1 -1 22.028826
370 385 -1 -1 20.853613
370 384 385 -1 26.550545
360 385 -1 -1 27.453048
360 370 385 -1 31.055878
374 385 -1 -1 35.505167
360 374 -1 -1 22.392206
360 374 385 -1 35.505527
373 394 -1 -1 21.022757
373 384 -1 -1 30.268541
384 394 -1 -1 18.960016
373 384 394 -1 30.587059
98 111 -1 -1 19.288250
98 108 -1 -1 35.297417
108 111 -1 -1 26.816365
98 108 111 -1 35.699128
96 100 -1 -1 38.675012
96 119 -1 -1 28.551791
96 100 119 -1 41.717128
94 96 -1 -1 37.374378
96 114 -1 -1 35.319462
96 114 119 -1 36.592442
94 114 -1 -1 31.482670
94 96 114 -1 40.378741
207 229 -1 -1 27.356751
207 219 -1 -1 22.041140
219 229 -1 -1 26.589626
207 219 229 -1 29.564315
229 236 -1 -1 30.263464
213 229 -1 -1 30.600894
213 229 236 -1 34.059200
207 213 -1 -1 32.435489
207 213 229 -1 35.033654
250 260 -1 -1 24.567702
236 260 -1 -1 29.993752
236 250 260 -1 31.834760
335 350 -1 -1 28.940370
335 360 -1 -1 21.196134
335 350 360 -1 31.709632
335 336 -1 -1 24.622622
305 335 -1 -1 29.325945
305 336 -1 -1 31.661684
305 335 336 -1 33.432911
336 360 -1 -1 29.904610
335 336 360 -1 30.268024
336 374 -1 -1 32.469239
336 360 374 -1 33.578883
336 368 -1 -1 29.226859
368 374 -1 -1 24.775030
336 368 374 -1 33.881530
94 110 -1 -1 25.138580
108 110 -1 -1 22.423821
94 108 -1 -1 35.330466
94 108 110 -1 35.510769
110 114 -1 -1 24.251410
94 110 114 -1 32.052659
143 144 -1 -1 26.681602
143 164 -1 -1 22.857285
143 144 164 -1 30.663666
114 143 -1 -1 25.617327
114 143 144 -1 37.510124
163 164 -1 -1 29.626290
143 163 -1 -1 33.404489
143 163 164 -1 34.165789
137 143 -1 -1 29.374520
137 163 -1 -1 25.544822
137 143 163 -1 34.655213
110 143 -1 -1 37.829238
110 114 143 -1 38.263536
110 137 -1 -1 29.488638
110 137 143 -1 38.415032
179 187 -1 -1 21.122733
164 187 -1 -1 29.487062
164 179 187 -1 30.434984
187 207 -1 -1 21.236889
179 187 207 -1 30.712754
187 213 -1 -1 30.533063
187 207 213 -1 33.548066
168 183 -1 -1 21.082029
162 168 -1 -1 29.060736
162 168 183 -1 30.202155
139 168 -1 -1 33.919182
139 162 168 -1 34.778929
139 153 -1 -1 27.176842
153 168 -1 -1 23.847566
139 153 168 -1 34.170040
168 176 -1 -1 23.460011
153 176 -1 -1 23.731080
153 168 176 -1 27.344701
123 131 -1 -1 23.315651
112 131 -1 -1 26.086633
112 123 131 -1 33.864394
131 139 -1 -1 29.259543
131 153 -1 -1 23.114542
131 139 153 -1 31.015553
123 131 139 -1 30.969957
186 209 -1 -1 22.402363
172 186 -1 -1 26.603098
188 212 -1 -1 21.018475
195 212 -1 -1 19.383897
188 195 -1 -1 17.349777
188 195 212 -1 22.431811
186 212 -1 -1 26.664602
186 188 -1 -1 15.203871
186 188 212 -1 26.712026
209 212 -1 -1 26.526135
186 209 212 -1 29.323305
351 387 -1 -1 28.988958
365 387 -1 -1 20.269916
351 365 -1 -1 23.123660
351 365 387 -1 29.173288
374 402 -1 -1 32.428450
368 402 -1 -1 27.786879
368 374 402 -1 33.428830
332 358 -1 -1 25.972032
126 128 -1 -1 30.353004
128 140 -1 -1 22.587874
126 140 -1 -1 23.285630
126 128 140 -1 30.591605
128 147 -1 -1 28.178828
140 147 -1 -1 36.145839
128 140 147 -1 36.145896
126 136 -1 -1 26.210687
130 136 -1 -1 20.589172
126 130 136 -1 38.122024
136 156 -1 -1 29.609639
130 136 156 -1 32.486350
136 157 -1 -1 21.775363
156 157 -1 -1 34.813185
136 156 157 -1 35.017034
136 140 -1 -1 35.281767
140 157 -1 -1 29.341039
136 140 157 -1 35.370115
126 136 140 -1 35.284642
89 91 -1 -1 24.212333
91 105 -1 -1 29.543214
89 91 105 -1 30.560853
91 98 -1 -1 27.520016
174 203 -1 -1 28.953594
174 198 -1 -1 27.972273
174 198 203 -1 35.018593
157 174 -1 -1 27.245262
156 174 -1 -1 27.556260
156 157 174 -1 35.479755
174 175 -1 -1 35.181788
174 175 198 -1 35.185043
157 175 -1 -1 25.705204
157 174 175 -1 35.429378
206 224 -1 -1 27.380346
202 224 -1 -1 20.053065
202 206 224 -1 29.488672
218 224 -1 -1 30.674582
224 237 -1 -1 18.558210
218 224 237 -1 30.777506
202 218 224 -1 34.054372
224 228 -1 -1 32.261121
206 224 228 -1 33.502733
224 242 -1 -1 35.344687
237 242 -1 -1 30.198347
224 237 242 -1 35.345396
224 228 242 -1 36.718842
250 255 -1 -1 24.310556
237 255 -1 -1 17.608296
237 250 255 -1 28.764495
242 255 -1 -1 22.624691
237 242 255 -1 30.392914
262 281 -1 -1 28.753352
252 262 -1 -1 21.376167
252 262 281 -1 34.518519
262 289 -1 -1 24.196666
262 292 -1 -1 29.148299
262 281 292 -1 31.647485
262 289 292 -1 29.508003
334 352 -1 -1 29.065501
319 352 -1 -1 26.296813
319 334 352 -1 31.184842
350 352 -1 -1 29.608658
319 350 352 -1 35.016121
352 370 -1 -1 28.491307
350 352 370 -1 30.374956
352 384 -1 -1 30.937729
352 370 384 -1 32.138239
352 373 -1 -1 19.074950
352 373 384 -1 32.223137
333 357 -1 -1 24.022569
353 357 -1 -1 21.333548
333 353 357 -1 25.515937
334 357 -1 -1 19.082532
333 334 357 -1 24.799832
352 357 -1 -1 27.401986
357 373 -1 -1 20.008932
352 357 373 -1 27.406173
334 352 357 -1 30.087121
385 401 -1 -1 17.358414
374 401 -1 -1 33.298670
374 385 401 -1 35.805840
362 382 -1 -1 22.206334
353 382 -1 -1 22.364562
353 362 382 -1 25.767891
382 398 -1 -1 29.995901
362 398 -1 -1 26.959302
362 382 398 -1 31.129490
399 400 -1 -1 14.783888
394 400 -1 -1 14.330012
373 400 -1 -1 21.748356
373 394 400 -1 22.719984
147 158 -1 -1 29.825437
140 158 -1 -1 20.508467
140 147 158 -1 36.145998
158 175 -1 -1 24.340627
158 184 -1 -1 26.215680
158 175 184 -1 29.555573
157 158 -1 -1 34.107020
140 157 158 -1 34.272736
157 158 175 -1 34.195448
111 124 -1 -1 25.185372
108 124 -1 -1 21.637985
108 111 124 -1 28.647171
124 137 -1 -1 28.312242
137 147 -1 -1 30.897473
124 147 -1 -1 22.610954
124 137 147 -1 32.182509
124 128 -1 -1 27.162061
111 128 -1 -1 22.346599
111 124 128 -1 29.015977
124 128 147 -1 30.336775
110 124 -1 -1 33.324404
108 110 124 -1 33.674086
110 124 137 -1 35.378210
166 189 -1 -1 28.660076
166 184 -1 -1 28.240808
166 184 189 -1 35.542437
158 166 -1 -1 32.361962
158 166 184 -1 33.874421
147 166 -1 -1 23.419056
147 158 166 -1 33.707164
163 166 -1 -1 30.285535
163 166 189 -1 37.733826
137 166 -1 -1 38.057921
137 163 166 -1 38.175503
137 147 166 -1 38.085137
99 103 -1 -1 19.408456
325 347 -1 -1 24.098396
312 325 -1 -1 23.195685
312 347 -1 -1 32.942620
312 325 347 -1 32.957470
313 347 -1 -1 38.173861
312 313 -1 -1 22.264609
312 313 347 -1 38.310285
347 351 -1 -1 33.585509
347 365 -1 -1 19.981426
347 351 365 -1 34.351230
313 351 -1 -1 32.800054
313 347 351 -1 40.574410
308 324 -1 -1 23.606093
302 324 -1 -1 21.359758
302 308 -1 -1 22.830163
302 308 324 -1 26.158590
308 325 -1 -1 22.230058
324 325 -1 -1 30.604879
308 324 325 -1 30.789509
308 312 -1 -1 31.097738
308 312 325 -1 31.159971
283 308 -1 -1 24.838751
283 312 -1 -1 30.495186
283 308 312 -1 33.661085
265 269 -1 -1 24.133899
269 288 -1 -1 25.457362
265 288 -1 -1 33.369670
265 269 288 -1 33.521943
229 243 -1 -1 20.500752
236 243 -1 -1 20.393701
229 236 243 -1 30.401856
243 260 -1 -1 25.241186
236 243 260 -1 30.332330
243 257 -1 -1 17.909032
257 260 -1 -1 26.855133
243 257 260 -1 27.825301
230 235 -1 -1 24.211391
230 256 -1 -1 25.104877
235 256 -1 -1 22.588701
230 235 256 -1 27.751641
278 301 -1 -1 25.128681
278 298 -1 -1 25.887960
298 301 -1 -1 25.800644
278 298 301 -1 29.574548
260 278 -1 -1 25.323413
250 278 -1 -1 30.164924
250 260 278 -1 31.320914
278 287 -1 -1 32.469481
278 287 301 -1 32.836425
322 350 -1 -1 30.812245
322 327 -1 -1 22.545139
322 327 350 -1 31.008077
322 335 -1 -1 18.293432
322 335 350 -1 31.517895
301 322 -1 -1 31.378229
298 322 -1 -1 19.302492
298 301 322 -1 31.423875
301 322 327 -1 31.423420
305 322 -1 -1 24.892223
298 305 -1 -1 25.740861
298 305 322 -1 27.403340
305 322 335 -1 29.484295
248 276 -1 -1 30.858639
257 276 -1 -1 22.851748
248 257 -1 -1 22.491083
248 257 276 -1 30.942874
235 248 -1 -1 23.086026
248 256 -1 -1 29.901169
235 248 256 -1 30.211621
243 248 -1 -1 31.433659
243 248 257 -1 32.084961
229 248 -1 -1 28.960083
229 243 248 -1 32.285052
219 248 -1 -1 32.593049
219 229 248 -1 34.327803
219 235 -1 -1 19.229272
219 235 248 -1 33.132603
283 284 -1 -1 24.857615
266 284 -1 -1 22.695334
266 283 -1 -1 24.608357
266 283 284 -1 27.836634
284 308 -1 -1 26.294087
284 302 -1 -1 21.144668
284 302 308 -1 27.447455
283 284 308 -1 29.282674
260 279 -1 -1 25.435864
257 279 -1 -1 27.457152
257 260 279 -1 30.739902
276 279 -1 -1 22.329220
257 276 279 -1 28.447278
278 279 -1 -1 32.949923
279 298 -1 -1 24.493908
278 279 298 -1 33.304020
260 278 279 -1 33.364958
279 305 -1 -1 28.108018
279 298 305 -1 30.316607
276 305 -1 -1 35.023905
276 279 305 -1 35.066678
182 187 -1 -1 18.615918
164 182 -1 -1 21.590827
164 182 187 -1 29.560872
163 182 -1 -1 24.845311
163 164 182 -1 30.186520
182 190 -1 -1 19.816636
163 182 190 -1 28.210841
182 213 -1 -1 34.257954
182 190 213 -1 34.339597
182 187 213 -1 34.405627
303 332 -1 -1 24.242607
288 303 -1 -1 27.794364
168 204 -1 -1 32.718560
183 204 -1 -1 25.910131
168 183 204 -1 32.746703
204 230 -1 -1 32.139400
204 217 -1 -1 32.655530
217 230 -1 -1 24.949782
204 217 230 -1 35.109552
176 204 -1 -1 39.310869
168 176 204 -1 39.358537
204 207 -1 -1 39.829516
204 219 -1 -1 30.826374
204 207 219 -1 40.075441
183 204 207 -1 40.203342
204 235 -1 -1 37.518079
204 219 235 -1 37.620864
204 230 235 -1 37.869504
244 265 -1 -1 22.753964
244 269 -1 -1 28.469354
244 265 269 -1 29.514516
212 222 -1 -1 17.175455
195 222 -1 -1 27.708203
195 212 222 -1 28.007058
217 222 -1 -1 25.331077
222 238 -1 -1 17.350637
217 238 -1 -1 29.139442
217 222 238 -1 29.306062
212 223 -1 -1 22.955182
209 223 -1 -1 22.846054
209 212 223 -1 28.091565
223 240 -1 -1 23.964033
222 223 -1 -1 24.055978
212 222 223 -1 25.289321
223 244 -1 -1 28.286485
238 244 -1 -1 19.029826
223 238 -1 -1 28.053750
223 238 244 -1 29.930773
222 223 238 -1 28.228424
386 387 -1 -1 23.081650
365 386 -1 -1 19.784544
365 386 387 -1 24.506893
347 386 -1 -1 31.327815
347 365 386 -1 32.281338
358 391 -1 -1 22.769295
351 391 -1 -1 35.972511
351 358 -1 -1 23.728881
351 358 391 -1 36.689081
387 391 -1 -1 31.765956
391 395 -1 -1 17.768271
387 395 -1 -1 18.497719
387 391 395 -1 37.578854
351 387 391 -1 37.729058
388 398 -1 -1 20.111508
359 388 -1 -1 19.890024
362 388 -1 -1 27.656626
359 362 388 -1 28.249376
362 388 398 -1 29.384726
106 128 -1 -1 28.611408
106 111 -1 -1 25.167881
106 111 128 -1 29.797335
106 126 -1 -1 26.944253
106 126 128 -1 33.185610
105 106 -1 -1 24.049396
105 106 126 -1 29.058670
91 106 -1 -1 23.537716
91 105 106 -1 30.351899
98 106 -1 -1 25.689707
98 106 111 -1 27.489137
91 98 106 -1 29.720043
357 381 -1 -1 19.830331
373 381 -1 -1 15.246660
357 373 381 -1 21.562102
381 400 -1 -1 17.489164
373 381 400 -1 21.913452
381 399 -1 -1 16.815322
381 399 400 -1 19.020413
381 382 -1 -1 21.255497
382 399 -1 -1 19.383311
381 382 399 -1 22.411688
353 381 -1 -1 28.825696
353 357 381 -1 28.831822
353 381 382 -1 29.062216
131 141 -1 -1 21.972530
112 141 -1 -1 30.424132
112 131 141 -1 31.099888
141 153 -1 -1 27.267263
131 141 153 -1 28.313450
176 177 -1 -1 31.950758
177 195 -1 -1 21.113315
176 195 -1 -1 31.363155
176 177 195 -1 33.589118
177 188 -1 -1 16.887728
177 188 195 -1 21.747075
167 186 -1 -1 23.111758
167 172 -1 -1 24.766227
167 172 186 -1 28.814275
167 188 -1 -1 23.674775
167 186 188 -1 24.749146
167 177 -1 -1 21.580097
167 177 188 -1 24.526380
87 97 -1 -1 21.482197
97 99 -1 -1 20.540086
97 112 -1 -1 28.716796
87 97 112 -1 34.636140
306 336 -1 -1 29.355268
305 306 -1 -1 20.018707
305 306 336 -1 32.466170
306 324 -1 -1 28.470084
302 306 -1 -1 23.623892
302 306 324 -1 29.068867
276 306 -1 -1 34.312935
276 305 306 -1 36.229507
244 246 -1 -1 33.138971
238 246 -1 -1 27.343836
238 244 246 -1 33.141040
246 265 -1 -1 30.296024
244 246 265 -1 34.178219
217 246 -1 -1 36.879958
217 238 246 -1 37.293511
230 246 -1 -1 31.158451
217 230 246 -1 37.301958
246 256 -1 -1 34.012412
246 266 -1 -1 28.007897
256 266 -1 -1 20.041058
246 256 266 -1 34.023957
230 246 256 -1 35.472715
255 273 -1 -1 20.045623
250 273 -1 -1 27.472152
250 255 273 -1 28.330625
273 278 -1 -1 27.744421
250 273 278 -1 32.962185
273 287 -1 -1 23.681341
273 278 287 -1 33.211914
273 275 -1 -1 28.672386
273 275 287 -1 30.886710
242 273 -1 -1 33.453127
242 273 275 -1 35.235165
242 255 273 -1 34.345378
248 268 -1 -1 22.011689
268 276 -1 -1 24.301881
248 268 276 -1 31.064087
256 268 -1 -1 24.192544
248 256 268 -1 30.316619
266 268 -1 -1 30.324589
256 266 268 -1 30.397982
268 284 -1 -1 24.742458
266 268 284 -1 30.856796
84 94 -1 -1 34.717318
84 108 -1 -1 25.072168
84 94 108 -1 37.517256
84 98 -1 -1 29.184992
84 98 108 -1 35.759356
303 321 -1 -1 27.052896
321 332 -1 -1 18.682457
303 321 332 -1 27.772608
313 321 -1 -1 22.033070
321 351 -1 -1 29.741462
313 321 351 -1 33.658869
288 313 -1 -1 32.915068
288 321 -1 -1 33.008696
288 313 321 -1 34.973253
288 303 321 -1 34.340961
321 358 -1 -1 32.401033
321 332 358 -1 32.412890
321 351 358 -1 33.769880
194 204 -1 -1 33.740461
176 194 -1 -1 20.872875
176 194 204 -1 39.319062
194 217 -1 -1 25.131937
194 204 217 -1 35.890544
194 195 -1 -1 19.546558
176 194 195 -1 32.032204
194 222 -1 -1 33.623685
194 195 222 -1 33.629002
194 217 222 -1 33.836949
244 247 -1 -1 19.308303
247 269 -1 -1 21.873014
244 247 269 -1 28.502519
223 247 -1 -1 27.443963
240 247 -1 -1 16.211769
223 240 247 -1 27.605466
223 244 247 -1 29.726521
383 402 -1 -1 20.598904
368 383 -1 -1 19.871126
368 383 402 -1 27.832916
369 383 -1 -1 20.645806
368 369 -1 -1 28.620865
368 369 383 -1 28.620946
369 390 -1 -1 16.142664
383 390 -1 -1 13.952213
369 383 390 -1 20.688727
155 172 -1 -1 18.024195
138 155 -1 -1 18.323947
150 155 -1 -1 22.335175
138 150 -1 -1 26.320296
138 150 155 -1 26.724762
155 167 -1 -1 25.321485
155 167 172 -1 26.851472
150 167 -1 -1 18.022303
150 155 167 -1 25.998193
135 138 -1 -1 30.332679
135 150 -1 -1 17.217049
135 138 150 -1 30.421261
135 154 -1 -1 31.528025
150 154 -1 -1 28.426781
135 150 154 -1 31.730827
141 154 -1 -1 19.311231
135 141 -1 -1 29.728127
135 141 154 -1 32.386917
154 167 -1 -1 28.172799
150 154 167 -1 29.856021
154 177 -1 -1 17.203223
154 167 177 -1 28.199090
154 176 -1 -1 30.885291
154 176 177 -1 32.719537
153 154 -1 -1 33.980200
153 154 176 -1 35.068856
141 153 154 -1 34.002608
246 280 -1 -1 37.924497
265 280 -1 -1 22.815352
246 265 280 -1 37.924497
280 283 -1 -1 24.444244
280 312 -1 -1 30.702743
280 283 312 -1 33.377963
266 280 -1 -1 39.455390
266 280 283 -1 41.279004
246 266 280 -1 41.549944
280 288 -1 -1 33.384799
265 280 288 -1 35.516017
280 313 -1 -1 37.195287
280 288 313 -1 40.046769
280 312 313 -1 37.225292
268 290 -1 -1 23.226061
276 290 -1 -1 18.784598
268 276 290 -1 25.899560
290 306 -1 -1 24.192415
290 302 -1 -1 18.678459
290 302 306 -1 25.980019
276 290 306 -1 35.567243
284 290 -1 -1 24.381347
284 290 302 -1 25.215861
268 284 290 -1 27.876176
324 345 -1 -1 25.460681
325 345 -1 -1 22.124407
324 325 345 -1 31.104307
345 347 -1 -1 29.855511
325 345 347 -1 30.284630
375 386 -1 -1 19.320119
347 375 -1 -1 30.097649
347 375 386 -1 32.407597
345 375 -1 -1 30.949838
345 347 375 -1 35.001560
369 375 -1 -1 22.538567
345 369 -1 -1 16.543930
345 369 375 -1 31.851690
375 390 -1 -1 18.196980
369 375 390 -1 22.771009
97 121 -1 -1 24.350180
112 121 -1 -1 25.267277
97 112 121 -1 30.426804
121 141 -1 -1 34.819768
112 121 141 -1 35.767876
121 135 -1 -1 19.729443
121 135 141 -1 34.866320
99 121 -1 -1 28.786551
97 99 121 -1 29.298388
337 369 -1 -1 29.658979
337 368 -1 -1 24.033647
337 368 369 -1 32.006102
337 345 -1 -1 28.098945
337 345 369 -1 30.254745
324 337 -1 -1 20.469886
324 337 345 -1 29.152669
336 337 -1 -1 22.515767
336 337 368 -1 29.912334
306 337 -1 -1 31.657444
306 336 337 -1 32.949103
306 324 337 -1 32.277532
120 135 -1 -1 24.018239
120 138 -1 -1 25.433649
120 135 138 -1 31.315457
120 121 -1 -1 21.708715
120 121 135 -1 25.454202
103 120 -1 -1 22.049163
99 120 -1 -1 25.012380
99 103 120 -1 26.032395
99 120 121 -1 29.706911
84 -1 -1 -1 0.000000
87 -1 -1 -1 0.000000
89 -1 -1 -1 0.000000
90 -1 -1 -1 0.000000
91 -1 -1 -1 0.000000
94 -1 -1 -1 0.000000
96 -1 -1 -1 0.000000
97 -1 -1 -1 0.000000
98 -1 -1 -1 0.000000
99 -1 -1 -1 0.000000
100 -1 -1 -1 0.000000
103 -1 -1 -1 0.000000
105 -1 -1 -1 0.000000
106 -1 -1 -1 0.000000
108 -1 -1 -1 0.000000
109 -1 -1 -1 0.000000
110 -1 -1 -1 0.000000
111 -1 -1 -1 0.000000
112 -1 -1 -1 0.000000
114 -1 -1 -1 0.000000
119 -1 -1 -1 0.000000
120 -1 -1 -1 0.000000
121 -1 -1 -1 0.000000
123 -1 -1 -1 0.000000
124 -1 -1 -1 0.000000
126 -1 -1 -1 0.000000
128 -1 -1 -1 0.000000
130 -1 -1 -1 0.000000
131 -1 -1 -1 0.000000
135 -1 -1 -1 0.000000
136 -1 -1 -1 0.000000
137 -1 -1 -1 0.000000
138 -1 -1 -1 0.000000
139 -1 -1 -1 0.000000
140 -1 -1 -1 0.000000
141 -1 -1 -1 0.000000
143 -1 -1 -1 0.000000
144 -1 -1 -1 0.000000
147 -1 -1 -1 0.000000
150 -1 -1 -1 0.000000
153 -1 -1 -1 0.000000
154 -1 -1 -1 0.000000
155 -1 -1 -1 0.000000
156 -1 -1 -1 0.000000
157 -1 -1 -1 0.000000
158 -1 -1 -1 0.000000
162 -1 -1 -1 0.000000
163 -1 -1 -1 0.000000
164 -1 -1 -1 0.000000
166 -1 -1 -1 0.000000
167 -1 -1 -1 0.000000
168 -1 -1 -1 0.000000
172 -1 -1 -1 0.000000
174 -1 -1 -1 0.000000
175 -1 -1 -1 0.000000
176 -1 -1 -1 0.000000
177 -1 -1 -1 0.000000
179 -1 -1 -1 0.000000
182 -1 -1 -1 0.000000
183 -1 -1 -1 0.000000
184 -1 -1 -1 0.000000
186 -1 -1 -1 0.000000
187 -1 -1 -1 0.000000
188 -1 -1 -1 0.000000
189 -1 -1 -1 0.000000
190 -1 -1 -1 0.000000
194 -1 -1 -1 0.000000
195 -1 -1 -1 0.000000
198 -1 -1 -1 0.000000
202 -1 -1 -1 0.000000
203 -1 -1 -1 0.000000
204 -1 -1 -1 0.000000
206 -1 -1 -1 0.000000
207 -1 -1 -1 0.000000
209 -1 -1 -1 0.000000
212 -1 -1 -1 0.000000
213 -1 -1 -1 0.000000
215 -1 -1 -1 0.000000
217 -1 -1 -1 0.000000
218 -1 -1 -1 0.000000
219 -1 -1 -1 0.000000
222 -1 -1 -1 0.000000
223 -1 -1 -1 0.000000
224 -1 -1 -1 0.000000
228 -1 -1 -1 0.000000
229 -1 -1 -1 0.000000
230 -1 -1 -1 0.000000
231 -1 -1 -1 0.000000
235 -1 -1 -1 0.000000
236 -1 -1 -1 0.000000
237 -1 -1 -1 0.000000
238 -1 -1 -1 0.000000
240 -1 -1 -1 0.000000
242 -1 -1 -1 0.000000
243 -1 -1 -1 0.000000
244 -1 -1 -1 0.000000
246 -1 -1 -1 0.000000
247 -1 -1 -1 0.000000
248 -1 -1 -1 0.000000
250 -1 -1 -1 0.000000
252 -1 -1 -1 0.000000
254 -1 -1 -1 0.000000
255 -1 -1 -1 0.000000
256 -1 -1 -1 0.000000
257 -1 -1 -1 0.000000
260 -1 -1 -1 0.000000
262 -1 -1 -1 0.000000
265 -1 -1 -1 0.000000
266 -1 -1 -1 0.000000
268 -1 -1 -1 0.000000
269 -1 -1 -1 0.000000
273 -1 -1 -1 0.000000
275 -1 -1 -1 0.000000
276 -1 -1 -1 0.000000
278 -1 -1 -1 0.000000
279 -1 -1 -1 0.000000
280 -1 -1 -1 0.000000
281 -1 -1 -1 0.000000
283 -1 -1 -1 0.000000
284 -1 -1 -1 0.000000
287 -1 -1 -1 0.000000
288 -1 -1 -1 0.000000
289 -1 -1 -1 0.000000
290 -1 -1 -1 0.000000
292 -1 -1 -1 0.000000
294 -1 -1 -1 0.000000
298 -1 -1 -1 0.000000
301 -1 -1 -1 0.000000
302 -1 -1 -1 0.000000
303 -1 -1 -1 0.000000
305 -1 -1 -1 0.000000
306 -1 -1 -1 0.000000
308 -1 -1 -1 0.000000
310 -1 -1 -1 0.000000
311 -1 -1 -1 0.000000
312 -1 -1 -1 0.000000
313 -1 -1 -1 0.000000
316 -1 -1 -1 0.000000
319 -1 -1 -1 0.000000
321 -1 -1 -1 0.000000
322 -1 -1 -1 0.000000
324 -1 -1 -1 0.000000
325 -1 -1 -1 0.000000
327 -1 -1 -1 0.000000
331 -1 -1 -1 0.000000
332 -1 -1 -1 0.000000
333 -1 -1 -1 0.000000
334 -1 -1 -1 0.000000
335 -1 -1 -1 0.000000
336 -1 -1 -1 0.000000
337 -1 -1 -1 0.000000
343 -1 -1 -1 0.000000
345 -1 -1 -1 0.000000
347 -1 -1 -1 0.000000
350 -1 -1 -1 0.000000
351 -1 -1 -1 0.000000
352 -1 -1 -1 0.000000
353 -1 -1 -1 0.000000
357 -1 -1 -1 0.000000
358 -1 -1 -1 0.000000
359 -1 -1 -1 0.000000
360 -1 -1 -1 0.000000
362 -1 -1 -1 0.000000
365 -1 -1 -1 0.000000
368 -1 -1 -1 0.000000
369 -1 -1 -1 0.000000
370 -1 -1 -1 0.000000
373 -1 -1 -1 0.000000
374 -1 -1 -1 0.000000
375 -1 -1 -1 0.000000
381 -1 -1 -1 0.000000
382 -1 -1 -1 0.000000
383 -1 -1 -1 0.000000
384 -1 -1 -1 0.000000
385 -1 -1 -1 0.000000
386 -1 -1 -1 0.000000
387 -1 -1 -1 0.000000
388 -1 -1 -1 0.000000
390 -1 -1 -1 0.000000
391 -1 -1 -1 0.000000
394 -1 -1 -1 0.000000
395 -1 -1 -1 0.000000
398 -1 -1 -1 0.000000
399 -1 -1 -1 0.000000
400 -1 -1 -1 0.000000
401 -1 -1 -1 0.000000
402 -1 -1 -1 0.000000
