384 407 -1 -1 34.440306
405 407 -1 -1 24.655627
384 405 -1 -1 31.211704
384 405 407 -1 35.639800
384 399 -1 -1 31.494561
399 407 -1 -1 25.025844
384 399 407 -1 35.811765
231 248 -1 -1 24.005814
231 259 -1 -1 26.480167
248 259 -1 -1 19.688732
231 248 259 -1 27.566258
248 282 -1 -1 28.632222
259 282 -1 -1 25.500588
248 259 282 -1 29.332612
335 355 -1 -1 25.439147
347 355 -1 -1 27.742617
335 347 -1 -1 23.450529
335 347 355 -1 29.714806
131 154 -1 -1 27.361447
131 160 -1 -1 24.517165
154 160 -1 -1 23.450624
131 154 160 -1 29.208053
401 404 -1 -1 28.949389
231 239 -1 -1 19.382573
239 259 -1 -1 22.944762
231 239 259 -1 27.182965
217 231 -1 -1 27.961398
217 239 -1 -1 21.396290
217 231 239 -1 28.015761
209 231 -1 -1 22.659286
214 231 -1 -1 20.546026
209 214 -1 -1 16.766290
209 214 231 -1 23.571432
209 217 -1 -1 29.606145
209 217 231 -1 31.368515
131 147 -1 -1 28.788810
147 160 -1 -1 28.175332
131 147 160 -1 31.560410
147 178 -1 -1 29.292406
160 178 -1 -1 27.150695
147 160 178 -1 32.617155
334 335 -1 -1 32.383308
334 347 -1 -1 23.849837
334 335 347 -1 32.447019
355 373 -1 -1 28.175953
347 373 -1 -1 35.605879
347 355 373 -1 36.260677
373 404 -1 -1 36.950766
373 401 -1 -1 31.773201
373 401 404 -1 38.289787
332 355 -1 -1 28.219400
332 335 -1 -1 23.521659
332 335 355 -1 29.980118
312 335 -1 -1 27.384386
312 332 -1 -1 26.660304
312 332 335 -1 30.022958
384 388 -1 -1 27.931054
388 405 -1 -1 25.251910
384 388 405 -1 32.880049
388 403 -1 -1 35.040593
403 405 -1 -1 39.210661
388 403 405 -1 39.902128
380 403 -1 -1 29.737104
380 388 -1 -1 38.304401
380 388 403 -1 40.281687
332 363 -1 -1 35.823297
332 338 -1 -1 22.131105
338 363 -1 -1 27.549115
332 338 363 -1 35.837701
355 363 -1 -1 32.461015
332 355 363 -1 37.671100
352 363 -1 -1 28.452631
338 352 -1 -1 25.415318
338 352 363 -1 31.434936
352 380 -1 -1 35.150775
363 380 -1 -1 32.977615
352 363 380 -1 37.561773
220 240 -1 -1 20.305218
206 220 -1 -1 24.368050
206 240 -1 -1 30.910281
206 220 240 -1 30.950861
220 239 -1 -1 32.726625
217 220 -1 -1 20.391270
217 220 239 -1 33.597862
98 110 -1 -1 23.469401
98 109 -1 -1 31.782887
215 242 -1 -1 24.733867
219 242 -1 -1 24.324476
215 219 -1 -1 22.271686
215 219 242 -1 27.532360
382 384 -1 -1 20.176835
382 399 -1 -1 23.341810
382 384 399 -1 31.522944
358 382 -1 -1 22.363691
186 219 -1 -1 30.250019
206 219 -1 -1 21.207490
186 206 -1 -1 23.116082
186 206 219 -1 30.325309
136 154 -1 -1 19.078052
131 136 -1 -1 26.780098
131 136 154 -1 28.936213
110 136 -1 -1 25.086364
122 136 -1 -1 16.052697
110 122 -1 -1 24.023071
110 122 136 -1 26.026958
110 131 -1 -1 26.486108
110 131 136 -1 30.192163
136 137 -1 -1 27.815251
122 137 -1 -1 21.383080
122 136 137 -1 27.917712
184 209 -1 -1 31.972784
184 214 -1 -1 31.033677
184 209 214 -1 32.725705
178 184 -1 -1 23.347032
178 209 -1 -1 24.573476
178 184 209 -1 32.169440
160 184 -1 -1 22.210378
160 178 184 -1 28.373897
231 235 -1 -1 30.939112
214 235 -1 -1 21.177855
214 231 235 -1 31.093407
235 248 -1 -1 23.260929
231 235 248 -1 31.262102
179 184 -1 -1 26.371738
184 204 -1 -1 30.585672
179 204 -1 -1 24.070449
179 184 204 -1 31.740740
154 179 -1 -1 24.479937
160 179 -1 -1 31.658496
154 160 179 -1 31.920990
160 179 184 -1 32.067536
108 110 -1 -1 27.211462
108 122 -1 -1 15.855719
108 110 122 -1 27.395053
194 209 -1 -1 17.149474
194 217 -1 -1 22.154843
194 209 217 -1 29.823535
178 194 -1 -1 24.775502
178 194 209 -1 26.315936
116 147 -1 -1 28.328484
116 131 -1 -1 23.314445
116 131 147 -1 31.287534
98 116 -1 -1 25.020342
109 116 -1 -1 22.716284
98 109 116 -1 31.999016
110 116 -1 -1 32.450888
110 116 131 -1 32.850366
98 110 116 -1 32.632613
317 335 -1 -1 21.637059
312 317 -1 -1 24.980373
312 317 335 -1 28.869747
317 334 -1 -1 25.152102
317 334 335 -1 32.420488
307 308 -1 -1 18.165427
308 338 -1 -1 28.863213
307 338 -1 -1 31.155655
307 308 338 -1 31.693655
307 332 -1 -1 28.614415
307 332 338 -1 32.327343
307 312 -1 -1 24.240358
307 312 332 -1 30.814107
282 307 -1 -1 24.627414
282 312 -1 -1 31.857897
282 307 312 -1 32.222817
373 375 -1 -1 24.593505
375 404 -1 -1 30.855339
373 375 404 -1 37.248581
355 375 -1 -1 28.055341
355 373 375 -1 31.264681
363 375 -1 -1 27.410892
355 363 375 -1 34.204197
308 323 -1 -1 18.582206
323 338 -1 -1 25.641540
308 323 338 -1 29.332057
323 352 -1 -1 28.175289
323 338 352 -1 30.611882
371 388 -1 -1 26.900596
371 380 -1 -1 21.996799
371 380 388 -1 39.261577
352 371 -1 -1 27.667248
352 371 380 -1 35.153021
278 297 -1 -1 20.376033
278 305 -1 -1 26.225380
297 305 -1 -1 24.711492
278 297 305 -1 27.841078
297 323 -1 -1 28.489584
305 323 -1 -1 28.711079
297 305 323 -1 31.713164
297 308 -1 -1 19.016301
297 308 323 -1 28.807701
220 246 -1 -1 31.472814
240 246 -1 -1 22.955794
220 240 246 -1 31.520514
239 246 -1 -1 19.499304
220 239 246 -1 33.748352
246 259 -1 -1 30.219961
239 246 259 -1 30.220774
241 242 -1 -1 27.297432
219 241 -1 -1 21.189355
219 241 242 -1 28.493385
206 241 -1 -1 28.398914
206 219 241 -1 28.549700
240 241 -1 -1 20.851977
206 240 241 -1 31.851990
330 358 -1 -1 26.293436
141 157 -1 -1 28.844274
157 173 -1 -1 23.900274
141 173 -1 -1 26.547684
141 157 173 -1 30.790540
138 141 -1 -1 18.278264
138 157 -1 -1 22.114165
138 141 157 -1 28.846007
111 141 -1 -1 33.115771
112 141 -1 -1 32.313042
112 138 -1 -1 24.284948
112 138 141 -1 32.613756
111 112 -1 -1 27.312824
111 112 141 -1 36.011349
157 180 -1 -1 19.424323
157 170 -1 -1 26.572397
170 180 -1 -1 24.814796
157 170 180 -1 27.834396
173 180 -1 -1 22.868269
157 173 180 -1 25.730109
153 167 -1 -1 19.007520
153 177 -1 -1 25.435704
167 177 -1 -1 25.746989
153 167 177 -1 27.565110
128 138 -1 -1 17.224937
112 128 -1 -1 25.541626
112 128 138 -1 26.604226
150 153 -1 -1 18.887459
150 177 -1 -1 22.142178
150 153 177 -1 26.195898
150 179 -1 -1 32.528696
177 179 -1 -1 22.963801
150 177 179 -1 32.554528
150 154 -1 -1 22.434480
150 154 179 -1 32.555374
137 153 -1 -1 19.003535
137 150 -1 -1 20.052991
137 150 153 -1 22.328930
136 150 -1 -1 22.439615
136 137 150 -1 28.119222
136 150 154 -1 24.788903
184 211 -1 -1 19.939711
211 214 -1 -1 18.666279
184 211 214 -1 32.443665
204 211 -1 -1 20.303069
184 204 211 -1 30.960915
211 235 -1 -1 24.247577
211 214 235 -1 25.141823
401 410 -1 -1 31.520506
334 351 -1 -1 25.449029
347 351 -1 -1 31.603788
334 347 351 -1 32.124452
397 410 -1 -1 30.908203
389 403 -1 -1 35.371506
380 389 -1 -1 24.158393
380 389 403 -1 35.781107
363 389 -1 -1 35.034249
363 380 389 -1 36.477422
375 389 -1 -1 28.899983
363 375 389 -1 35.970737
389 404 -1 -1 31.888045
375 389 404 -1 35.357223
196 215 -1 -1 18.366260
196 219 -1 -1 25.848157
196 215 219 -1 26.391982
186 196 -1 -1 21.780574
186 196 219 -1 30.886790
106 109 -1 -1 27.663018
364 388 -1 -1 27.353650
364 384 -1 -1 32.088959
364 384 388 -1 33.947554
364 371 -1 -1 25.642906
364 371 388 -1 30.785076
272 297 -1 -1 20.832770
272 308 -1 -1 33.174270
272 297 308 -1 35.942234
272 307 -1 -1 36.601539
272 282 -1 -1 26.023442
272 282 307 -1 36.636450
272 307 308 -1 36.705950
259 272 -1 -1 18.835503
259 272 282 -1 27.685551
272 278 -1 -1 24.208710
272 278 297 -1 25.462515
246 272 -1 -1 28.461187
246 259 272 -1 31.087842
246 278 -1 -1 26.391012
246 272 278 -1 30.632524
241 265 -1 -1 22.721223
240 265 -1 -1 31.013484
240 241 265 -1 31.015490
180 192 -1 -1 20.570700
170 192 -1 -1 18.772799
170 180 192 -1 25.363615
149 157 -1 -1 20.235931
138 149 -1 -1 27.541954
138 149 157 -1 27.885073
128 149 -1 -1 21.496741
128 138 149 -1 27.541956
132 149 -1 -1 19.685301
128 132 -1 -1 21.175125
128 132 149 -1 24.049516
149 170 -1 -1 22.101213
149 157 170 -1 27.205628
235 258 -1 -1 24.543787
248 258 -1 -1 21.877627
235 248 258 -1 26.909665
258 282 -1 -1 32.284160
248 258 282 -1 32.980986
250 258 -1 -1 29.045394
258 271 -1 -1 21.664079
250 271 -1 -1 22.718036
250 258 271 -1 29.351579
393 410 -1 -1 20.641653
393 401 -1 -1 33.955783
393 401 410 -1 34.691812
393 397 -1 -1 29.257195
393 397 410 -1 32.105277
333 351 -1 -1 20.457813
333 334 -1 -1 20.761845
333 334 351 -1 26.199963
397 413 -1 -1 28.700115
395 413 -1 -1 25.320141
395 397 -1 -1 29.726226
395 397 413 -1 32.431898
409 413 -1 -1 19.652496
395 409 -1 -1 20.563374
395 409 413 -1 25.885253
174 186 -1 -1 28.508768
164 186 -1 -1 24.465317
164 174 -1 -1 21.470971
164 174 186 -1 29.329566
174 196 -1 -1 22.571379
174 186 196 -1 28.950534
144 174 -1 -1 25.227583
144 164 -1 -1 26.467858
144 164 174 -1 28.445594
176 186 -1 -1 20.776335
164 176 -1 -1 22.839903
164 176 186 -1 26.377523
182 194 -1 -1 18.738098
182 217 -1 -1 26.650468
182 194 217 -1 26.992234
106 130 -1 -1 24.786152
106 123 -1 -1 33.108403
123 130 -1 -1 25.870440
106 123 130 -1 33.467903
357 364 -1 -1 22.207895
357 384 -1 -1 28.559710
357 364 384 -1 32.895343
357 382 -1 -1 31.293136
357 358 -1 -1 24.700087
357 358 382 -1 31.515374
357 382 384 -1 32.015897
323 328 -1 -1 17.410375
305 328 -1 -1 22.515013
305 323 328 -1 28.715842
328 352 -1 -1 30.440911
323 328 352 -1 30.910260
350 371 -1 -1 26.950049
350 352 -1 -1 24.259732
350 352 371 -1 30.488541
350 364 -1 -1 23.314958
350 364 371 -1 29.364743
328 350 -1 -1 21.850531
328 350 352 -1 30.707253
287 316 -1 -1 23.122136
287 288 -1 -1 22.655511
288 316 -1 -1 30.660492
287 288 316 -1 30.824215
241 263 -1 -1 34.269523
242 263 -1 -1 21.010376
241 242 263 -1 34.271457
263 265 -1 -1 25.831512
241 263 265 -1 34.270558
263 287 -1 -1 24.963432
265 287 -1 -1 24.662830
263 265 287 -1 29.061233
263 288 -1 -1 25.759868
263 287 288 -1 28.356786
265 266 -1 -1 20.730356
240 266 -1 -1 24.275397
240 265 266 -1 31.063702
246 266 -1 -1 24.659253
240 246 266 -1 27.707120
266 278 -1 -1 19.169125
246 266 278 -1 27.621676
313 316 -1 -1 34.307052
288 313 -1 -1 24.637533
288 313 316 -1 35.385215
313 330 -1 -1 25.637587
316 330 -1 -1 29.135738
313 316 330 -1 35.171612
285 306 -1 -1 24.565116
306 329 -1 -1 27.425513
141 161 -1 -1 24.999573
161 173 -1 -1 25.081922
141 161 173 -1 29.531280
133 153 -1 -1 22.306502
133 137 -1 -1 18.431395
133 137 153 -1 23.309384
258 289 -1 -1 24.772666
282 289 -1 -1 24.037193
258 282 289 -1 32.540550
271 289 -1 -1 22.799224
258 271 289 -1 26.782489
289 312 -1 -1 21.549378
282 289 312 -1 31.868913
289 296 -1 -1 27.252815
271 296 -1 -1 19.870264
271 289 296 -1 27.757048
289 317 -1 -1 33.793504
289 312 317 -1 33.835472
296 317 -1 -1 22.436665
289 296 317 -1 33.916653
211 233 -1 -1 30.984040
204 233 -1 -1 22.936039
204 211 233 -1 30.992481
233 235 -1 -1 23.707499
211 233 235 -1 31.415919
233 258 -1 -1 32.807265
233 235 258 -1 32.901739
233 250 -1 -1 20.026419
233 250 258 -1 33.156379
366 386 -1 -1 25.293267
346 366 -1 -1 22.569672
346 360 -1 -1 29.311426
360 366 -1 -1 20.078256
346 360 366 -1 29.362373
379 397 -1 -1 31.377961
379 395 -1 -1 20.958731
379 395 397 -1 32.602859
374 379 -1 -1 19.783422
374 397 -1 -1 24.679863
374 379 397 -1 31.382123
333 336 -1 -1 19.519635
336 351 -1 -1 26.841880
333 336 351 -1 26.974341
373 376 -1 -1 21.287874
376 401 -1 -1 31.631483
373 376 401 -1 33.656565
376 393 -1 -1 22.991624
376 393 401 -1 35.151692
351 359 -1 -1 21.055139
347 359 -1 -1 20.489339
347 351 359 -1 32.001872
359 373 -1 -1 34.539296
347 359 373 -1 36.713218
359 376 -1 -1 21.817640
359 373 376 -1 36.022212
372 374 -1 -1 21.747186
372 397 -1 -1 34.092850
372 374 397 -1 34.188612
372 393 -1 -1 23.506893
372 393 397 -1 34.652623
359 372 -1 -1 24.267883
351 372 -1 -1 26.658583
351 359 372 -1 28.085275
372 376 -1 -1 28.808198
372 376 393 -1 29.619633
359 372 376 -1 29.545088
151 176 -1 -1 23.507878
168 176 -1 -1 19.240572
151 168 -1 -1 27.119416
151 168 176 -1 27.720483
130 151 -1 -1 28.512310
123 151 -1 -1 23.115146
123 130 151 -1 30.166793
151 164 -1 -1 28.055158
151 164 176 -1 29.115736
176 195 -1 -1 25.888138
168 195 -1 -1 22.298073
168 176 195 -1 26.600213
182 195 -1 -1 22.058428
168 182 -1 -1 22.262634
168 182 195 -1 25.642578
186 195 -1 -1 30.994679
195 206 -1 -1 21.807427
186 195 206 -1 31.031721
176 186 195 -1 31.265118
195 220 -1 -1 22.157215
195 206 220 -1 26.411302
195 217 -1 -1 31.562979
195 217 220 -1 31.718858
182 195 217 -1 32.032659
147 156 -1 -1 24.016797
156 178 -1 -1 24.240086
147 156 178 -1 30.362150
156 194 -1 -1 28.857754
156 178 194 -1 30.321106
156 182 -1 -1 25.390913
156 182 194 -1 29.290938
106 125 -1 -1 28.743743
109 125 -1 -1 23.017554
106 109 125 -1 30.915218
125 130 -1 -1 23.510207
106 125 130 -1 30.058203
116 125 -1 -1 26.968882
109 116 125 -1 28.314210
125 147 -1 -1 25.823211
116 125 147 -1 31.291966
125 156 -1 -1 35.876732
125 147 156 -1 35.898810
330 339 -1 -1 18.819844
339 358 -1 -1 33.287477
330 339 358 -1 33.354107
339 357 -1 -1 24.013117
339 357 358 -1 33.360916
316 339 -1 -1 23.508852
316 330 339 -1 29.198445
287 292 -1 -1 22.936499
292 316 -1 -1 28.230583
287 292 316 -1 29.146045
278 292 -1 -1 29.120614
292 305 -1 -1 21.465172
278 292 305 -1 30.216910
266 292 -1 -1 27.509722
266 278 292 -1 30.173918
265 292 -1 -1 28.109275
265 287 292 -1 29.508116
265 266 292 -1 29.978013
102 115 -1 -1 30.588979
115 123 -1 -1 26.241657
102 123 -1 -1 22.103696
102 115 123 -1 31.274226
102 106 -1 -1 24.765498
102 106 123 -1 33.108858
140 144 -1 -1 22.818260
140 164 -1 -1 23.131614
140 144 164 -1 28.106676
140 151 -1 -1 26.330422
140 151 164 -1 30.099518
115 140 -1 -1 23.455921
123 140 -1 -1 27.071934
115 123 140 -1 29.695486
123 140 151 -1 29.629249
115 121 -1 -1 26.366591
121 140 -1 -1 30.922639
121 144 -1 -1 24.476227
121 140 144 -1 31.259523
115 121 140 -1 31.803967
161 185 -1 -1 22.576195
173 185 -1 -1 23.916667
161 173 185 -1 27.625148
236 261 -1 -1 22.231674
213 236 -1 -1 21.499483
213 221 -1 -1 27.916341
221 236 -1 -1 23.497429
213 221 236 -1 28.703777
133 152 -1 -1 19.461174
152 153 -1 -1 18.769379
133 152 153 -1 23.540759
132 152 -1 -1 19.220217
132 133 -1 -1 16.608316
132 133 152 -1 21.416548
149 152 -1 -1 19.052045
132 149 152 -1 22.314465
152 167 -1 -1 19.261177
152 153 167 -1 21.957647
167 170 -1 -1 20.222928
152 170 -1 -1 23.746732
152 167 170 -1 24.716259
149 152 170 -1 25.265005
118 133 -1 -1 21.109480
118 137 -1 -1 17.531055
118 133 137 -1 22.216401
118 122 -1 -1 22.330120
118 122 137 -1 23.883097
108 118 -1 -1 19.886114
108 118 122 -1 22.973775
119 132 -1 -1 20.268433
119 128 -1 -1 17.333503
119 128 132 -1 22.833269
112 119 -1 -1 30.005375
112 119 128 -1 30.058262
192 203 -1 -1 18.700056
180 203 -1 -1 21.458219
180 192 203 -1 23.481058
230 233 -1 -1 28.272333
230 250 -1 -1 26.837493
230 233 250 -1 29.632993
199 230 -1 -1 23.798963
222 230 -1 -1 23.112296
199 222 -1 -1 32.900195
199 222 230 -1 32.904671
179 199 -1 -1 32.473261
177 199 -1 -1 29.873373
177 179 199 -1 33.688913
199 204 -1 -1 23.201551
179 199 204 -1 32.525346
199 233 -1 -1 31.356342
199 204 233 -1 31.447897
199 230 233 -1 32.705275
167 189 -1 -1 21.793518
170 189 -1 -1 32.431590
167 170 189 -1 33.036332
189 199 -1 -1 23.845865
189 222 -1 -1 32.300290
189 199 222 -1 35.035013
177 189 -1 -1 23.680172
167 177 189 -1 27.610928
177 189 199 -1 30.553478
386 402 -1 -1 24.001811
402 409 -1 -1 17.541522
395 402 -1 -1 27.509113
395 402 409 -1 27.527264
306 321 -1 -1 20.297042
321 329 -1 -1 32.496751
306 321 329 -1 32.651002
329 346 -1 -1 18.500797
354 379 -1 -1 24.862304
360 379 -1 -1 30.497424
354 360 -1 -1 21.306728
354 360 379 -1 30.775168
354 374 -1 -1 29.683567
354 374 379 -1 29.939714
336 354 -1 -1 31.421674
327 354 -1 -1 25.490479
327 336 -1 -1 20.949163
327 336 354 -1 31.564005
381 386 -1 -1 23.671061
366 381 -1 -1 23.535486
366 381 386 -1 27.954710
360 381 -1 -1 23.633337
360 366 381 -1 26.063793
379 381 -1 -1 22.546427
360 379 381 -1 30.751779
381 395 -1 -1 23.687476
379 381 395 -1 25.957520
381 402 -1 -1 31.044654
381 395 402 -1 32.258041
381 386 402 -1 31.409268
294 310 -1 -1 19.894120
294 296 -1 -1 26.864513
296 310 -1 -1 21.316261
294 296 310 -1 27.178046
310 317 -1 -1 23.042202
310 334 -1 -1 21.322272
310 317 334 -1 26.950730
296 310 317 -1 25.747989
310 333 -1 -1 27.637646
310 333 334 -1 27.903177
318 336 -1 -1 23.185053
318 327 -1 -1 22.632068
318 327 336 -1 25.764103
151 155 -1 -1 28.276503
155 168 -1 -1 20.648986
151 155 168 -1 29.883100
130 155 -1 -1 21.907226
130 151 155 -1 30.777880
155 182 -1 -1 31.611023
155 168 182 -1 31.723203
155 156 -1 -1 21.901374
155 156 182 -1 31.812949
125 155 -1 -1 31.756166
125 130 155 -1 31.764935
125 155 156 -1 36.257197
325 350 -1 -1 27.902101
325 328 -1 -1 19.215868
325 328 350 -1 27.994490
305 325 -1 -1 22.807990
305 325 328 -1 25.023578
292 325 -1 -1 30.492983
292 305 325 -1 30.534651
316 325 -1 -1 29.014529
292 316 325 -1 33.824833
337 357 -1 -1 25.992595
337 364 -1 -1 28.890872
337 357 364 -1 30.182564
337 339 -1 -1 16.824239
337 339 357 -1 26.694497
337 350 -1 -1 25.554705
337 350 364 -1 30.323567
325 337 -1 -1 16.621471
325 337 350 -1 28.352316
316 337 -1 -1 30.560116
316 337 339 -1 30.798351
316 325 337 -1 31.133090
185 213 -1 -1 25.654257
185 198 -1 -1 24.075513
173 198 -1 -1 22.954682
173 185 198 -1 27.324646
198 213 -1 -1 21.685881
185 198 213 -1 27.675985
180 198 -1 -1 25.305083
173 180 198 -1 27.482142
198 203 -1 -1 24.269817
180 198 203 -1 27.516793
198 221 -1 -1 24.708496
198 213 221 -1 29.091121
203 221 -1 -1 20.600392
198 203 221 -1 26.996834
261 285 -1 -1 21.617692
197 203 -1 -1 28.141149
192 197 -1 -1 17.464557
192 197 203 -1 28.783495
189 197 -1 -1 21.721528
197 222 -1 -1 21.332400
189 197 222 -1 32.558179
170 197 -1 -1 30.359996
170 192 197 -1 33.174207
170 189 197 -1 33.578350
230 252 -1 -1 20.844252
250 252 -1 -1 26.869514
230 250 252 -1 29.137533
222 252 -1 -1 30.494852
222 230 252 -1 30.519512
203 225 -1 -1 24.220784
221 225 -1 -1 23.875334
203 221 225 -1 26.615142
197 225 -1 -1 28.171497
222 225 -1 -1 26.115710
197 222 225 -1 29.613602
197 203 225 -1 31.188647
236 249 -1 -1 23.789407
249 261 -1 -1 27.830640
236 249 261 -1 28.904483
221 249 -1 -1 25.451574
221 236 249 -1 28.054429
225 249 -1 -1 30.316079
221 225 249 -1 31.275742
344 346 -1 -1 25.538334
329 344 -1 -1 32.805285
329 344 346 -1 32.928591
321 344 -1 -1 18.124424
321 329 344 -1 33.990441
344 360 -1 -1 19.174935
344 346 360 -1 29.714276
321 327 -1 -1 23.443140
327 344 -1 -1 25.028222
321 327 344 -1 26.203674
344 354 -1 -1 27.371788
327 344 354 -1 30.054616
344 354 360 -1 27.479991
354 356 -1 -1 22.695520
356 374 -1 -1 23.159045
354 356 374 -1 30.080995
336 356 -1 -1 21.742511
336 354 356 -1 31.421678
351 356 -1 -1 23.360254
336 351 356 -1 28.076781
356 372 -1 -1 26.268650
351 356 372 -1 29.494103
356 372 374 -1 27.696427
310 311 -1 -1 23.258489
311 333 -1 -1 19.656600
310 311 333 -1 28.090372
294 311 -1 -1 20.689112
294 310 311 -1 24.766505
311 336 -1 -1 28.583466
311 333 336 -1 28.643401
311 318 -1 -1 22.211772
311 318 336 -1 29.220520
300 321 -1 -1 23.214872
300 306 -1 -1 25.679776
300 306 321 -1 27.003624
300 327 -1 -1 31.002389
300 321 327 -1 31.216834
300 318 -1 -1 25.420986
300 318 327 -1 31.468387
107 118 -1 -1 21.283598
107 133 -1 -1 21.625956
107 118 133 -1 24.644723
107 119 -1 -1 23.187704
107 132 -1 -1 24.087598
107 132 133 -1 24.735264
107 119 132 -1 26.180628
252 270 -1 -1 21.827378
250 270 -1 -1 22.287677
250 252 270 -1 27.812480
270 271 -1 -1 22.779643
250 270 271 -1 26.094190
270 296 -1 -1 25.445777
270 271 296 -1 26.623297
270 294 -1 -1 22.260251
270 294 296 -1 28.940256
280 311 -1 -1 29.166668
280 294 -1 -1 17.307271
280 294 311 -1 29.607453
270 280 -1 -1 24.931416
270 280 294 -1 25.588425
252 280 -1 -1 25.405447
252 270 280 -1 27.935118
252 255 -1 -1 17.688067
222 255 -1 -1 28.605765
222 252 255 -1 31.116201
255 280 -1 -1 22.685572
274 280 -1 -1 21.099056
255 274 -1 -1 20.206571
255 274 280 -1 24.721305
252 255 280 -1 26.085602
247 249 -1 -1 27.751647
225 247 -1 -1 20.117221
225 247 249 -1 31.144331
247 255 -1 -1 19.498980
247 274 -1 -1 22.800456
247 255 274 -1 24.253480
222 247 -1 -1 30.449519
222 225 247 -1 30.806782
222 247 255 -1 31.392181
298 300 -1 -1 24.622043
298 318 -1 -1 18.890014
298 300 318 -1 27.037808
280 298 -1 -1 24.659241
274 298 -1 -1 18.425971
274 280 298 -1 25.321062
298 311 -1 -1 27.044395
298 311 318 -1 27.319532
280 298 311 -1 31.347414
277 306 -1 -1 26.413797
277 285 -1 -1 20.247961
277 285 306 -1 27.853992
277 300 -1 -1 26.372509
277 300 306 -1 30.208899
261 277 -1 -1 26.314810
261 277 285 -1 26.921720
249 277 -1 -1 28.144329
249 261 277 -1 31.711388
269 277 -1 -1 21.542066
249 269 -1 -1 24.813970
249 269 277 -1 29.222263
247 269 -1 -1 26.116518
269 274 -1 -1 20.287841
247 269 274 -1 27.120443
247 249 269 -1 30.383409
269 300 -1 -1 26.755332
269 277 300 -1 29.063091
269 298 -1 -1 27.088236
269 274 298 -1 27.095525
269 298 300 -1 30.273989
98 -1 -1 -1 0.000000
102 -1 -1 -1 0.000000
106 -1 -1 -1 0.000000
107 -1 -1 -1 0.000000
108 -1 -1 -1 0.000000
109 -1 -1 -1 0.000000
110 -1 -1 -1 0.000000
111 -1 -1 -1 0.000000
112 -1 -1 -1 0.000000
115 -1 -1 -1 0.000000
116 -1 -1 -1 0.000000
118 -1 -1 -1 0.000000
119 -1 -1 -1 0.000000
121 -1 -1 -1 0.000000
122 -1 -1 -1 0.000000
123 -1 -1 -1 0.000000
125 -1 -1 -1 0.000000
128 -1 -1 -1 0.000000
130 -1 -1 -1 0.000000
131 -1 -1 -1 0.000000
132 -1 -1 -1 0.000000
133 -1 -1 -1 0.000000
136 -1 -1 -1 0.000000
137 -1 -1 -1 0.000000
138 -1 -1 -1 0.000000
140 -1 -1 -1 0.000000
141 -1 -1 -1 0.000000
144 -1 -1 -1 0.000000
147 -1 -1 -1 0.000000
149 -1 -1 -1 0.000000
150 -1 -1 -1 0.000000
151 -1 -1 -1 0.000000
152 -1 -1 -1 0.000000
153 -1 -1 -1 0.000000
154 -1 -1 -1 0.000000
155 -1 -1 -1 0.000000
156 -1 -1 -1 0.000000
157 -1 -1 -1 0.000000
160 -1 -1 -1 0.000000
161 -1 -1 -1 0.000000
164 -1 -1 -1 0.000000
167 -1 -1 -1 0.000000
168 -1 -1 -1 0.000000
170 -1 -1 -1 0.000000
173 -1 -1 -1 0.000000
174 -1 -1 -1 0.000000
176 -1 -1 -1 0.000000
177 -1 -1 -1 0.000000
178 -1 -1 -1 0.000000
179 -1 -1 -1 0.000000
180 -1 -1 -1 0.000000
182 -1 -1 -1 0.000000
184 -1 -1 -1 0.000000
185 -1 -1 -1 0.000000
186 -1 -1 -1 0.000000
189 -1 -1 -1 0.000000
192 -1 -1 -1 0.000000
194 -1 -1 -1 0.000000
195 -1 -1 -1 0.000000
196 -1 -1 -1 0.000000
197 -1 -1 -1 0.000000
198 -1 -1 -1 0.000000
199 -1 -1 -1 0.000000
203 -1 -1 -1 0.000000
204 -1 -1 -1 0.000000
206 -1 -1 -1 0.000000
209 -1 -1 -1 0.000000
211 -1 -1 -1 0.000000
213 -1 -1 -1 0.000000
214 -1 -1 -1 0.000000
215 -1 -1 -1 0.000000
217 -1 -1 -1 0.000000
219 -1 -1 -1 0.000000
220 -1 -1 -1 0.000000
221 -1 -1 -1 0.000000
222 -1 -1 -1 0.000000
225 -1 -1 -1 0.000000
230 -1 -1 -1 0.000000
231 -1 -1 -1 0.000000
233 -1 -1 -1 0.000000
235 -1 -1 -1 0.000000
236 -1 -1 -1 0.000000
239 -1 -1 -1 0.000000
240 -1 -1 -1 0.000000
241 -1 -1 -1 0.000000
242 -1 -1 -1 0.000000
246 -1 -1 -1 0.000000
247 -1 -1 -1 0.000000
248 -1 -1 -1 0.000000
249 -1 -1 -1 0.000000
250 -1 -1 -1 0.000000
252 -1 -1 -1 0.000000
255 -1 -1 -1 0.000000
258 -1 -1 -1 0.000000
259 -1 -1 -1 0.000000
261 -1 -1 -1 0.000000
263 -1 -1 -1 0.000000
265 -1 -1 -1 0.000000
266 -1 -1 -1 0.000000
269 -1 -1 -1 0.000000
270 -1 -1 -1 0.000000
271 -1 -1 -1 0.000000
272 -1 -1 -1 0.000000
274 -1 -1 -1 0.000000
277 -1 -1 -1 0.000000
278 -1 -1 -1 0.000000
280 -1 -1 -1 0.000000
282 -1 -1 -1 0.000000
285 -1 -1 -1 0.000000
287 -1 -1 -1 0.000000
288 -1 -1 -1 0.000000
289 -1 -1 -1 0.000000
292 -1 -1 -1 0.000000
294 -1 -1 -1 0.000000
296 -1 -1 -1 0.000000
297 -1 -1 -1 0.000000
298 -1 -1 -1 0.000000
300 -1 -1 -1 0.000000
305 -1 -1 -1 0.000000
306 -1 -1 -1 0.000000
307 -1 -1 -1 0.000000
308 -1 -1 -1 0.000000
310 -1 -1 -1 0.000000
311 -1 -1 -1 0.000000
312 -1 -1 -1 0.000000
313 -1 -1 -1 0.000000
316 -1 -1 -1 0.000000
317 -1 -1 -1 0.000000
318 -1 -1 -1 0.000000
321 -1 -1 -1 0.000000
323 -1 -1 -1 0.000000
325 -1 -1 -1 0.000000
327 -1 -1 -1 0.000000
328 -1 -1 -1 0.000000
329 -1 -1 -1 0.000000
330 -1 -1 -1 0.000000
332 -1 -1 -1 0.000000
333 -1 -1 -1 0.000000
334 -1 -1 -1 0.000000
335 -1 -1 -1 0.000000
336 -1 -1 -1 0.000000
337 -1 -1 -1 0.000000
338 -1 -1 -1 0.000000
339 -1 -1 -1 0.000000
344 -1 -1 -1 0.000000
346 -1 -1 -1 0.000000
347 -1 -1 -1 0.000000
350 -1 -1 -1 0.000000
351 -1 -1 -1 0.000000
352 -1 -1 -1 0.000000
354 -1 -1 -1 0.000000
355 -1 -1 -1 0.000000
356 -1 -1 -1 0.000000
357 -1 -1 -1 0.000000
358 -1 -1 -1 0.000000
359 -1 -1 -1 0.000000
360 -1 -1 -1 0.000000
363 -1 -1 -1 0.000000
364 -1 -1 -1 0.000000
366 -1 -1 -1 0.000000
371 -1 -1 -1 0.000000
372 -1 -1 -1 0.000000
373 -1 -1 -1 0.000000
374 -1 -1 -1 0.000000
375 -1 -1 -1 0.000000
376 -1 -1 -1 0.000000
379 -1 -1 -1 0.000000
380 -1 -1 -1 0.000000
381 -1 -1 -1 0.000000
382 -1 -1 -1 0.000000
384 -1 -1 -1 0.000000
386 -1 -1 -1 0.000000
388 -1 -1 -1 0.000000
389 -1 -1 -1 0.000000
393 -1 -1 -1 0.000000
395 -1 -1 -1 0.000000
397 -1 -1 -1 0.000000
399 -1 -1 -1 0.000000
401 -1 -1 -1 0.000000
402 -1 -1 -1 0.000000
403 -1 -1 -1 0.000000
404 -1 -1 -1 0.000000
405 -1 -1 -1 0.000000
407 -1 -1 -1 0.000000
409 -1 -1 -1 0.000000
410 -1 -1 -1 0.000000
413 -1 -1 -1 0.000000
