257 279 -1 -1 29.076269
257 275 -1 -1 25.446931
275 279 -1 -1 24.673837
257 275 279 -1 30.770312
159 175 -1 -1 31.055777
143 159 -1 -1 25.240223
143 175 -1 -1 28.785706
143 159 175 -1 33.086351
115 127 -1 -1 23.357229
148 167 -1 -1 18.925800
148 149 -1 -1 21.109546
149 167 -1 -1 31.455767
148 149 167 -1 32.340981
254 257 -1 -1 31.724823
254 275 -1 -1 27.798910
254 257 275 -1 33.176003
193 200 -1 -1 28.037599
172 200 -1 -1 31.966846
172 193 -1 -1 19.093901
172 193 200 -1 32.200702
150 154 -1 -1 21.124509
150 172 -1 -1 24.080746
154 172 -1 -1 22.227345
150 154 172 -1 26.077854
153 154 -1 -1 20.703545
127 153 -1 -1 30.405204
127 154 -1 -1 24.912752
127 153 154 -1 30.630210
237 248 -1 -1 26.762626
237 260 -1 -1 24.287910
248 260 -1 -1 23.111999
237 248 260 -1 28.724914
237 249 -1 -1 25.535661
249 260 -1 -1 24.836686
237 249 260 -1 28.755120
220 237 -1 -1 23.645933
220 249 -1 -1 33.006352
220 237 249 -1 33.175469
228 237 -1 -1 35.929544
228 248 -1 -1 24.905923
228 237 248 -1 35.950593
228 250 -1 -1 27.309718
248 250 -1 -1 21.973354
228 248 250 -1 28.892637
276 303 -1 -1 21.624652
292 303 -1 -1 22.363234
276 292 -1 -1 26.781978
276 292 303 -1 27.727835
250 276 -1 -1 30.680011
248 276 -1 -1 26.636546
248 250 276 -1 31.411014
260 276 -1 -1 27.136882
248 260 276 -1 29.781834
279 309 -1 -1 32.879974
275 309 -1 -1 31.572538
275 279 309 -1 34.918317
380 389 -1 -1 24.336101
369 389 -1 -1 21.682036
369 380 -1 -1 32.987799
369 380 389 -1 32.997691
389 394 -1 -1 26.819290
369 394 -1 -1 25.465870
369 389 394 -1 28.766106
389 411 -1 -1 27.446445
394 411 -1 -1 20.263217
389 394 411 -1 29.258593
389 404 -1 -1 26.458986
380 404 -1 -1 20.855054
380 389 404 -1 27.949966
368 404 -1 -1 33.280267
368 380 -1 -1 25.619024
368 380 404 -1 33.284143
244 249 -1 -1 18.281626
220 244 -1 -1 32.356659
220 244 249 -1 34.058220
271 282 -1 -1 20.385338
282 298 -1 -1 35.087656
271 298 -1 -1 29.320271
271 282 298 -1 35.111553
244 271 -1 -1 29.149022
249 271 -1 -1 29.732180
244 249 271 -1 30.983964
241 244 -1 -1 17.568848
241 271 -1 -1 35.228109
241 244 271 -1 35.343481
199 211 -1 -1 25.173901
211 220 -1 -1 23.940750
199 220 -1 -1 23.164758
199 211 220 -1 27.871441
211 244 -1 -1 30.525641
211 220 244 -1 34.072831
211 221 -1 -1 19.838217
221 241 -1 -1 22.464624
211 241 -1 -1 29.957724
211 221 241 -1 29.957734
211 241 244 -1 31.618109
121 135 -1 -1 31.752811
135 144 -1 -1 26.027586
121 144 -1 -1 22.304290
121 135 144 -1 32.085140
184 185 -1 -1 19.649404
159 184 -1 -1 29.383322
159 185 -1 -1 21.301393
159 184 185 -1 29.394938
158 184 -1 -1 19.307805
158 159 -1 -1 26.578364
158 159 184 -1 30.055339
183 208 -1 -1 24.003740
158 183 -1 -1 27.882136
183 184 -1 -1 21.867606
158 183 184 -1 27.988563
116 126 -1 -1 30.477290
126 143 -1 -1 30.997813
116 143 -1 -1 25.229654
116 126 143 -1 33.711777
105 121 -1 -1 24.959233
105 135 -1 -1 28.650657
105 121 135 -1 33.336538
130 148 -1 -1 23.666355
130 149 -1 -1 24.882989
130 148 149 -1 26.984085
129 130 -1 -1 20.899665
129 148 -1 -1 22.606842
129 130 148 -1 25.952110
104 129 -1 -1 23.235302
104 130 -1 -1 30.587213
104 129 130 -1 30.614634
254 294 -1 -1 34.957941
275 294 -1 -1 23.695889
254 275 294 -1 35.085450
294 309 -1 -1 28.729369
275 294 309 -1 32.953708
186 203 -1 -1 23.448474
186 210 -1 -1 22.836780
203 210 -1 -1 23.747752
186 203 210 -1 26.966172
186 200 -1 -1 21.345230
200 210 -1 -1 21.650391
186 200 210 -1 25.373637
139 151 -1 -1 22.597764
139 153 -1 -1 18.289881
151 153 -1 -1 26.504500
139 151 153 -1 26.908429
115 139 -1 -1 20.298020
127 139 -1 -1 26.261446
115 127 139 -1 27.376892
127 139 153 -1 30.570315
131 154 -1 -1 29.182036
127 131 -1 -1 21.700681
127 131 154 -1 29.928451
131 150 -1 -1 16.871698
131 150 154 -1 29.609556
99 131 -1 -1 28.260798
99 127 -1 -1 28.891932
99 127 131 -1 30.898959
154 174 -1 -1 22.069632
153 174 -1 -1 21.251177
153 154 174 -1 24.669199
174 186 -1 -1 21.649814
153 186 -1 -1 31.637791
153 174 186 -1 31.759933
174 200 -1 -1 19.786700
174 186 200 -1 24.215738
172 174 -1 -1 25.035020
172 174 200 -1 31.967059
154 172 174 -1 26.847524
212 237 -1 -1 25.431548
212 220 -1 -1 26.546497
212 220 237 -1 29.202773
199 212 -1 -1 34.754322
199 212 220 -1 34.767191
188 212 -1 -1 27.730331
188 199 -1 -1 24.971394
188 199 212 -1 35.067505
212 228 -1 -1 29.058169
212 228 237 -1 36.263796
276 284 -1 -1 26.838141
284 303 -1 -1 28.125389
276 284 303 -1 29.929221
260 284 -1 -1 26.458476
260 276 284 -1 30.963825
284 314 -1 -1 26.886635
284 298 -1 -1 28.906828
298 314 -1 -1 25.495999
284 298 314 -1 31.420583
255 267 -1 -1 22.202736
267 269 -1 -1 21.642631
255 269 -1 -1 15.569337
255 267 269 -1 23.462353
250 272 -1 -1 22.341815
252 272 -1 -1 24.417227
250 252 -1 -1 26.423726
250 252 272 -1 28.369956
267 272 -1 -1 29.248418
252 267 -1 -1 19.996335
252 267 272 -1 29.556317
272 281 -1 -1 24.384931
267 281 -1 -1 19.193783
267 272 281 -1 29.443423
272 276 -1 -1 32.623853
272 292 -1 -1 21.536069
272 276 292 -1 32.792265
250 272 276 -1 33.925574
281 300 -1 -1 19.098739
300 306 -1 -1 22.884326
281 306 -1 -1 26.111840
281 300 306 -1 26.873419
272 300 -1 -1 30.877847
292 300 -1 -1 23.859730
272 292 300 -1 30.971001
272 281 300 -1 30.878476
366 394 -1 -1 20.971246
366 369 -1 -1 22.826170
366 369 394 -1 26.939613
344 366 -1 -1 27.232722
350 366 -1 -1 24.256339
344 350 -1 -1 31.170383
344 350 366 -1 32.384809
344 369 -1 -1 26.155093
344 366 369 -1 29.549908
401 411 -1 -1 26.004963
394 401 -1 -1 22.819930
394 401 411 -1 27.054491
352 380 -1 -1 29.109734
352 369 -1 -1 21.409857
352 369 380 -1 33.502076
344 352 -1 -1 25.892819
344 352 369 -1 28.552801
329 344 -1 -1 26.442448
329 350 -1 -1 21.811697
329 344 350 -1 31.666373
316 329 -1 -1 23.444081
316 344 -1 -1 25.710355
316 329 344 -1 29.200662
329 339 -1 -1 36.273462
339 350 -1 -1 30.280561
329 339 350 -1 36.335084
314 339 -1 -1 30.342149
314 329 -1 -1 20.963283
314 329 339 -1 36.295517
298 329 -1 -1 30.292700
298 316 -1 -1 23.187590
298 316 329 -1 30.668326
298 314 329 -1 30.691948
309 336 -1 -1 31.909311
336 341 -1 -1 29.345422
309 341 -1 -1 36.523858
309 336 341 -1 38.178498
336 373 -1 -1 34.338100
341 373 -1 -1 40.628709
336 341 373 -1 41.409722
309 315 -1 -1 25.337819
279 315 -1 -1 31.757104
279 309 315 -1 35.154131
315 341 -1 -1 28.698227
309 315 341 -1 36.674323
258 279 -1 -1 27.764489
257 258 -1 -1 23.740335
257 258 279 -1 31.310429
221 229 -1 -1 18.034263
229 241 -1 -1 22.591100
221 229 241 -1 24.583436
270 271 -1 -1 25.872731
241 270 -1 -1 30.456824
241 270 271 -1 36.162780
270 282 -1 -1 18.560866
270 271 282 -1 26.060468
373 412 -1 -1 37.637566
373 374 -1 -1 22.033753
374 412 -1 -1 33.552739
373 374 412 -1 37.968135
341 374 -1 -1 31.485614
341 373 374 -1 40.951485
368 374 -1 -1 25.684712
341 368 -1 -1 32.994581
341 368 374 -1 35.190563
182 199 -1 -1 20.036696
182 188 -1 -1 16.667970
182 188 199 -1 25.058737
179 182 -1 -1 21.151131
179 199 -1 -1 21.685111
179 182 199 -1 24.237317
166 182 -1 -1 15.940713
166 179 -1 -1 22.798834
166 179 182 -1 23.674368
156 167 -1 -1 21.216654
148 156 -1 -1 24.707046
148 156 167 -1 25.493160
156 166 -1 -1 18.265445
142 166 -1 -1 19.200305
142 156 -1 -1 23.019501
142 156 166 -1 23.747862
167 179 -1 -1 20.881909
156 179 -1 -1 24.272313
156 167 179 -1 25.763189
156 166 179 -1 25.594937
126 145 -1 -1 18.296675
143 145 -1 -1 22.743637
126 143 145 -1 31.266243
138 145 -1 -1 19.860926
126 138 -1 -1 24.189379
126 138 145 -1 24.679330
162 166 -1 -1 17.950821
142 162 -1 -1 22.530966
142 162 166 -1 23.371856
138 162 -1 -1 21.590280
138 142 -1 -1 19.665555
138 142 162 -1 24.660968
162 182 -1 -1 20.655325
162 188 -1 -1 24.167906
162 182 188 -1 24.545910
162 166 182 -1 21.400389
175 187 -1 -1 18.395772
159 187 -1 -1 31.457003
159 175 187 -1 32.710925
185 187 -1 -1 18.872829
159 185 187 -1 32.272527
185 207 -1 -1 28.193852
184 207 -1 -1 19.011442
184 185 207 -1 28.250666
183 207 -1 -1 24.354527
183 184 207 -1 25.500781
207 224 -1 -1 17.215348
208 224 -1 -1 26.403935
207 208 -1 -1 26.140297
207 208 224 -1 27.809502
183 207 208 -1 28.740980
135 170 -1 -1 32.114148
144 170 -1 -1 17.979560
135 144 170 -1 32.131347
158 170 -1 -1 25.442925
135 158 -1 -1 22.219279
135 158 170 -1 32.266437
170 183 -1 -1 21.132347
158 170 183 -1 29.174460
103 130 -1 -1 23.581076
103 104 -1 -1 19.633031
103 104 130 -1 30.587843
167 177 -1 -1 29.977448
149 177 -1 -1 24.910373
149 167 177 -1 33.642923
177 201 -1 -1 22.811423
177 203 -1 -1 31.968149
201 203 -1 -1 28.985324
177 201 203 -1 33.070255
151 177 -1 -1 32.110717
149 151 -1 -1 20.872257
149 151 177 -1 32.120060
189 211 -1 -1 28.195570
189 221 -1 -1 29.388861
189 211 221 -1 30.712136
189 201 -1 -1 20.809807
201 221 -1 -1 22.698799
189 201 221 -1 29.507353
189 199 -1 -1 33.159213
179 189 -1 -1 21.820007
179 189 199 -1 33.602315
189 199 211 -1 34.088362
167 189 -1 -1 21.889470
167 179 189 -1 24.877424
177 189 -1 -1 28.343858
167 177 189 -1 31.523868
177 189 201 -1 28.704554
233 254 -1 -1 31.254406
233 257 -1 -1 29.440380
233 254 257 -1 35.623760
115 128 -1 -1 26.041977
128 139 -1 -1 22.279777
115 128 139 -1 26.928871
128 151 -1 -1 23.143724
128 139 151 -1 26.191293
128 149 -1 -1 29.713208
128 149 151 -1 29.838401
128 130 -1 -1 27.782065
128 130 149 -1 31.949128
281 291 -1 -1 20.435359
291 306 -1 -1 20.993995
281 291 306 -1 26.682607
291 293 -1 -1 14.486261
269 293 -1 -1 20.320068
269 291 -1 -1 20.941926
269 291 293 -1 22.048851
267 291 -1 -1 24.606090
267 269 291 -1 26.091683
267 281 291 -1 25.284867
113 120 -1 -1 19.136768
113 142 -1 -1 24.901852
120 142 -1 -1 24.214105
113 120 142 -1 26.677233
113 138 -1 -1 22.619486
113 138 142 -1 26.217375
113 126 -1 -1 29.881245
113 126 138 -1 30.413753
107 120 -1 -1 17.441947
107 129 -1 -1 21.765130
120 129 -1 -1 26.927010
107 120 129 -1 26.992553
104 107 -1 -1 15.318621
104 107 129 -1 24.014663
102 116 -1 -1 21.602053
102 126 -1 -1 27.971179
102 116 126 -1 31.606748
116 117 -1 -1 27.134613
105 117 -1 -1 24.777635
117 135 -1 -1 26.888886
105 117 135 -1 31.076146
191 212 -1 -1 26.785093
188 191 -1 -1 17.375374
188 191 212 -1 28.791474
224 226 -1 -1 17.998876
208 226 -1 -1 19.310795
208 224 226 -1 26.403938
226 242 -1 -1 17.977762
242 255 -1 -1 20.927149
228 235 -1 -1 26.330376
214 235 -1 -1 24.274241
214 228 -1 -1 24.515747
214 228 235 -1 28.977378
235 250 -1 -1 24.711050
228 235 250 -1 30.231236
235 252 -1 -1 21.028164
235 250 252 -1 28.110752
227 235 -1 -1 20.197673
227 252 -1 -1 26.808920
227 235 252 -1 27.135608
227 243 -1 -1 19.087802
243 252 -1 -1 24.474148
227 243 252 -1 27.777800
243 267 -1 -1 26.783690
243 252 267 -1 27.964954
243 255 -1 -1 16.696653
243 255 267 -1 26.856007
224 243 -1 -1 23.180639
224 227 -1 -1 18.982429
224 227 243 -1 23.996321
226 243 -1 -1 24.634845
224 226 243 -1 25.866514
242 243 -1 -1 27.992822
242 243 255 -1 28.121882
226 242 243 -1 28.383616
271 274 -1 -1 22.367018
249 274 -1 -1 22.519660
249 271 274 -1 29.957845
260 274 -1 -1 26.076356
249 260 274 -1 28.410328
274 284 -1 -1 23.330211
260 274 284 -1 29.319283
274 298 -1 -1 24.504918
271 274 298 -1 30.056228
274 284 298 -1 30.025384
312 339 -1 -1 23.570984
312 314 -1 -1 20.940187
312 314 339 -1 30.426458
284 312 -1 -1 29.025131
303 312 -1 -1 18.158434
284 303 312 -1 30.166502
284 312 314 -1 30.264405
366 378 -1 -1 23.935558
378 394 -1 -1 30.647375
366 378 394 -1 30.729715
378 401 -1 -1 26.920918
378 394 401 -1 31.646005
350 378 -1 -1 26.498246
350 366 378 -1 28.849126
340 368 -1 -1 33.190377
340 341 -1 -1 29.301761
340 341 368 -1 36.906999
315 340 -1 -1 29.043761
315 340 341 -1 33.506788
318 340 -1 -1 22.804010
315 318 -1 -1 26.445982
315 318 340 -1 30.565837
327 344 -1 -1 22.987532
316 327 -1 -1 21.237325
316 327 344 -1 27.197363
327 352 -1 -1 26.043199
327 344 352 -1 28.959486
304 315 -1 -1 21.266176
279 304 -1 -1 24.539851
279 304 315 -1 31.787911
304 318 -1 -1 19.295741
304 315 318 -1 26.759122
296 318 -1 -1 23.994183
296 304 -1 -1 28.699790
296 304 318 -1 28.962212
232 258 -1 -1 31.517895
232 257 -1 -1 27.506071
232 257 258 -1 32.553591
232 233 -1 -1 24.340793
232 233 257 -1 31.558761
215 240 -1 -1 23.318281
229 240 -1 -1 16.272495
215 229 -1 -1 18.808942
215 229 240 -1 23.494479
201 215 -1 -1 20.931232
203 215 -1 -1 19.319491
201 203 215 -1 29.003706
215 221 -1 -1 27.283237
201 215 221 -1 27.967970
215 221 229 -1 27.410762
287 304 -1 -1 27.598981
287 296 -1 -1 16.908888
287 296 304 -1 29.563337
282 287 -1 -1 29.046246
282 296 -1 -1 25.425909
282 287 296 -1 29.202049
270 287 -1 -1 25.651139
270 282 287 -1 29.458799
253 270 -1 -1 17.399111
241 253 -1 -1 19.196590
241 253 270 -1 32.982742
229 253 -1 -1 22.137699
229 241 253 -1 24.765103
240 253 -1 -1 21.124698
229 240 253 -1 23.378126
374 405 -1 -1 32.181318
405 412 -1 -1 26.332864
374 405 412 -1 35.904186
368 405 -1 -1 30.964450
368 374 405 -1 34.587099
404 405 -1 -1 27.814761
368 404 405 -1 35.713062
129 134 -1 -1 18.597920
134 148 -1 -1 27.755800
129 134 148 -1 27.904063
134 156 -1 -1 17.132342
134 148 156 -1 28.107858
120 134 -1 -1 18.290969
120 129 134 -1 26.985112
134 142 -1 -1 20.735086
120 134 142 -1 24.911145
134 142 156 -1 23.924499
145 165 -1 -1 22.571214
138 165 -1 -1 26.220570
138 145 165 -1 27.019393
162 165 -1 -1 16.338864
138 162 165 -1 26.275462
165 191 -1 -1 22.545955
175 191 -1 -1 25.811214
165 175 -1 -1 27.403719
165 175 191 -1 29.421299
165 188 -1 -1 25.340910
162 165 188 -1 26.276690
165 188 191 -1 25.944828
209 235 -1 -1 28.573217
209 214 -1 -1 19.904476
209 214 235 -1 29.020462
209 227 -1 -1 19.555713
209 227 235 -1 28.588774
207 209 -1 -1 24.193968
185 209 -1 -1 25.174162
185 207 209 -1 30.076409
209 224 -1 -1 24.909758
209 224 227 -1 25.254553
207 209 224 -1 26.232936
187 209 -1 -1 25.674816
187 214 -1 -1 21.779208
187 209 214 -1 26.473244
185 187 209 -1 27.387212
173 177 -1 -1 25.713590
151 173 -1 -1 21.900284
151 173 177 -1 32.264163
153 173 -1 -1 28.171783
151 153 173 -1 29.895117
173 186 -1 -1 18.632754
153 173 186 -1 31.922413
173 203 -1 -1 27.565520
173 186 203 -1 27.911473
173 177 203 -1 33.315561
200 205 -1 -1 18.048471
205 210 -1 -1 29.285124
200 205 210 -1 29.381146
205 232 -1 -1 34.346230
210 232 -1 -1 23.830341
205 210 232 -1 34.891726
205 233 -1 -1 26.430165
205 232 233 -1 34.475608
193 205 -1 -1 21.447473
193 200 205 -1 28.037602
108 128 -1 -1 19.230475
103 108 -1 -1 18.267724
108 130 -1 -1 22.370420
103 108 130 -1 25.077165
108 128 130 -1 27.965573
311 331 -1 -1 16.058685
328 331 -1 -1 16.779489
311 328 -1 -1 26.206994
311 328 331 -1 27.245542
293 311 -1 -1 19.679983
306 311 -1 -1 20.257687
306 331 -1 -1 24.818003
306 311 331 -1 24.898644
291 311 -1 -1 23.738118
291 306 311 -1 25.224008
291 293 311 -1 23.779579
106 113 -1 -1 21.375626
106 126 -1 -1 21.846901
106 113 126 -1 29.910524
102 106 -1 -1 30.550087
102 106 126 -1 31.701296
117 136 -1 -1 22.773436
135 136 -1 -1 26.601473
117 135 136 -1 29.559359
136 158 -1 -1 30.957928
136 159 -1 -1 21.328527
136 158 159 -1 31.466033
135 136 158 -1 31.633146
116 136 -1 -1 24.621746
116 117 136 -1 28.926540
136 143 -1 -1 26.215832
136 143 159 -1 28.290473
116 136 143 -1 29.308602
204 212 -1 -1 25.608581
204 228 -1 -1 25.513570
204 212 228 -1 31.067995
191 204 -1 -1 19.743419
191 204 212 -1 28.317735
204 214 -1 -1 21.403829
204 214 228 -1 27.694432
187 204 -1 -1 25.307834
187 204 214 -1 26.648299
175 204 -1 -1 28.024158
175 187 204 -1 28.649886
175 191 204 -1 29.067927
388 399 -1 -1 18.876151
381 388 -1 -1 24.248448
381 399 -1 -1 21.170438
381 388 399 -1 25.190353
388 396 -1 -1 20.706339
375 396 -1 -1 18.476244
375 388 -1 -1 19.517005
375 388 396 -1 22.668873
300 325 -1 -1 24.126442
306 325 -1 -1 22.376385
300 306 325 -1 26.749838
312 319 -1 -1 25.705478
319 339 -1 -1 33.148204
312 319 339 -1 33.305297
319 338 -1 -1 20.195659
338 339 -1 -1 31.575013
319 338 339 -1 34.145907
303 319 -1 -1 22.377944
303 312 319 -1 26.285110
292 319 -1 -1 25.388083
292 303 319 -1 27.168147
339 365 -1 -1 24.056083
350 365 -1 -1 27.917524
339 350 365 -1 32.059211
365 378 -1 -1 25.071238
350 365 378 -1 30.683815
378 397 -1 -1 25.167904
397 401 -1 -1 28.621858
378 397 401 -1 31.195292
307 327 -1 -1 23.687016
307 316 -1 -1 21.579884
307 316 327 -1 25.700409
282 307 -1 -1 17.768346
298 307 -1 -1 31.458810
282 298 307 -1 35.165254
298 307 316 -1 31.461758
296 307 -1 -1 22.856279
282 296 307 -1 26.164660
323 327 -1 -1 17.315770
323 352 -1 -1 28.778625
323 327 352 -1 29.184391
323 340 -1 -1 29.127273
318 323 -1 -1 20.565813
318 323 340 -1 29.276483
296 323 -1 -1 25.407487
296 318 323 -1 27.208904
307 323 -1 -1 28.874174
296 307 323 -1 30.149545
307 323 327 -1 28.890051
230 258 -1 -1 31.864822
251 258 -1 -1 18.994153
230 251 -1 -1 20.616976
230 251 258 -1 33.328174
230 232 -1 -1 22.410603
230 232 258 -1 33.882841
230 240 -1 -1 21.827679
240 251 -1 -1 17.084813
230 240 251 -1 23.222900
210 230 -1 -1 25.563361
210 230 232 -1 27.762558
215 230 -1 -1 26.024735
215 230 240 -1 27.640072
203 230 -1 -1 28.582834
203 210 230 -1 30.277145
203 215 230 -1 29.386426
264 287 -1 -1 18.627674
264 270 -1 -1 22.841444
264 270 287 -1 26.475867
253 264 -1 -1 23.751804
253 264 270 -1 25.138164
258 264 -1 -1 25.844374
251 264 -1 -1 18.577904
251 258 264 -1 25.881889
240 264 -1 -1 26.522542
240 251 264 -1 26.668908
240 253 264 -1 27.857813
278 304 -1 -1 18.824847
278 279 -1 -1 22.501771
278 279 304 -1 25.768732
278 287 -1 -1 17.771685
278 287 304 -1 27.860698
258 278 -1 -1 23.731234
258 278 279 -1 28.918032
264 278 -1 -1 23.926687
258 264 278 -1 28.361664
264 278 287 -1 24.152559
160 165 -1 -1 16.903055
160 175 -1 -1 17.208312
160 165 175 -1 28.640755
145 160 -1 -1 17.529276
145 160 165 -1 22.798835
143 160 -1 -1 20.647906
143 160 175 -1 29.112356
143 145 160 -1 23.832850
328 353 -1 -1 19.987054
367 395 -1 -1 22.341056
367 375 -1 -1 21.342033
375 395 -1 -1 26.489599
367 375 395 -1 27.473405
395 396 -1 -1 18.045871
375 395 396 -1 26.525482
395 410 -1 -1 13.968490
319 320 -1 -1 20.986594
320 338 -1 -1 22.189263
319 320 338 -1 24.449070
320 349 -1 -1 26.843501
338 349 -1 -1 25.163632
320 338 349 -1 28.804538
325 349 -1 -1 22.663185
320 325 -1 -1 16.450537
320 325 349 -1 26.941891
300 320 -1 -1 20.374511
300 320 325 -1 24.420159
292 320 -1 -1 30.922307
292 300 320 -1 30.935339
292 319 320 -1 31.150699
365 386 -1 -1 22.898053
378 386 -1 -1 30.689742
365 378 386 -1 31.221618
386 397 -1 -1 17.328226
378 386 397 -1 30.691089
381 386 -1 -1 19.437452
365 381 -1 -1 31.220731
365 381 386 -1 31.325084
386 399 -1 -1 29.953130
381 386 399 -1 30.065817
323 351 -1 -1 30.440978
351 352 -1 -1 20.267416
323 351 352 -1 31.594420
340 351 -1 -1 20.179302
323 340 351 -1 31.707705
351 380 -1 -1 22.458136
351 352 380 -1 29.190709
351 368 -1 -1 28.761189
351 368 380 -1 30.050917
340 351 368 -1 33.409780
269 277 -1 -1 17.805183
277 293 -1 -1 14.663115
269 277 293 -1 20.870466
353 372 -1 -1 16.680158
353 367 -1 -1 24.804841
367 372 -1 -1 20.578797
353 367 372 -1 25.003808
349 360 -1 -1 18.203373
338 360 -1 -1 26.563403
338 349 360 -1 27.692750
360 388 -1 -1 22.857633
360 381 -1 -1 23.534932
360 381 388 -1 27.213602
360 375 -1 -1 24.320244
360 375 388 -1 25.958102
349 375 -1 -1 27.440489
349 360 375 -1 27.959793
357 367 -1 -1 18.133244
357 375 -1 -1 20.039663
357 367 375 -1 23.055217
349 357 -1 -1 18.556101
349 357 375 -1 27.441727
387 395 -1 -1 15.373229
367 387 -1 -1 20.310729
367 387 395 -1 23.012396
372 387 -1 -1 16.239589
367 372 387 -1 22.279119
387 410 -1 -1 20.053028
387 395 410 -1 20.099956
356 360 -1 -1 22.424602
356 381 -1 -1 21.284849
356 360 381 -1 25.948101
338 356 -1 -1 20.610811
338 356 360 -1 27.364681
356 365 -1 -1 24.914390
356 365 381 -1 31.357744
339 356 -1 -1 27.725988
338 339 356 -1 32.052566
339 356 365 -1 29.709996
333 349 -1 -1 26.328510
325 333 -1 -1 15.985382
325 333 349 -1 26.474404
333 357 -1 -1 21.493763
333 349 357 -1 26.597311
331 333 -1 -1 20.590415
306 333 -1 -1 24.037161
306 331 333 -1 26.949310
306 325 333 -1 24.821799
333 346 -1 -1 16.694574
346 357 -1 -1 20.555717
333 346 357 -1 22.932362
346 353 -1 -1 14.972427
346 367 -1 -1 23.126887
346 353 367 -1 25.357095
346 357 367 -1 24.168526
331 346 -1 -1 19.433525
331 333 346 -1 22.053528
328 346 -1 -1 25.083568
328 331 346 -1 25.110198
328 346 353 -1 25.084639
99 -1 -1 -1 0.000000
102 -1 -1 -1 0.000000
103 -1 -1 -1 0.000000
104 -1 -1 -1 0.000000
105 -1 -1 -1 0.000000
106 -1 -1 -1 0.000000
107 -1 -1 -1 0.000000
108 -1 -1 -1 0.000000
113 -1 -1 -1 0.000000
115 -1 -1 -1 0.000000
116 -1 -1 -1 0.000000
117 -1 -1 -1 0.000000
120 -1 -1 -1 0.000000
121 -1 -1 -1 0.000000
126 -1 -1 -1 0.000000
127 -1 -1 -1 0.000000
128 -1 -1 -1 0.000000
129 -1 -1 -1 0.000000
130 -1 -1 -1 0.000000
131 -1 -1 -1 0.000000
134 -1 -1 -1 0.000000
135 -1 -1 -1 0.000000
136 -1 -1 -1 0.000000
138 -1 -1 -1 0.000000
139 -1 -1 -1 0.000000
142 -1 -1 -1 0.000000
143 -1 -1 -1 0.000000
144 -1 -1 -1 0.000000
145 -1 -1 -1 0.000000
148 -1 -1 -1 0.000000
149 -1 -1 -1 0.000000
150 -1 -1 -1 0.000000
151 -1 -1 -1 0.000000
153 -1 -1 -1 0.000000
154 -1 -1 -1 0.000000
156 -1 -1 -1 0.000000
158 -1 -1 -1 0.000000
159 -1 -1 -1 0.000000
160 -1 -1 -1 0.000000
162 -1 -1 -1 0.000000
165 -1 -1 -1 0.000000
166 -1 -1 -1 0.000000
167 -1 -1 -1 0.000000
170 -1 -1 -1 0.000000
172 -1 -1 -1 0.000000
173 -1 -1 -1 0.000000
174 -1 -1 -1 0.000000
175 -1 -1 -1 0.000000
177 -1 -1 -1 0.000000
179 -1 -1 -1 0.000000
182 -1 -1 -1 0.000000
183 -1 -1 -1 0.000000
184 -1 -1 -1 0.000000
185 -1 -1 -1 0.000000
186 -1 -1 -1 0.000000
187 -1 -1 -1 0.000000
188 -1 -1 -1 0.000000
189 -1 -1 -1 0.000000
191 -1 -1 -1 0.000000
193 -1 -1 -1 0.000000
199 -1 -1 -1 0.000000
200 -1 -1 -1 0.000000
201 -1 -1 -1 0.000000
203 -1 -1 -1 0.000000
204 -1 -1 -1 0.000000
205 -1 -1 -1 0.000000
207 -1 -1 -1 0.000000
208 -1 -1 -1 0.000000
209 -1 -1 -1 0.000000
210 -1 -1 -1 0.000000
211 -1 -1 -1 0.000000
212 -1 -1 -1 0.000000
214 -1 -1 -1 0.000000
215 -1 -1 -1 0.000000
220 -1 -1 -1 0.000000
221 -1 -1 -1 0.000000
224 -1 -1 -1 0.000000
226 -1 -1 -1 0.000000
227 -1 -1 -1 0.000000
228 -1 -1 -1 0.000000
229 -1 -1 -1 0.000000
230 -1 -1 -1 0.000000
232 -1 -1 -1 0.000000
233 -1 -1 -1 0.000000
235 -1 -1 -1 0.000000
237 -1 -1 -1 0.000000
240 -1 -1 -1 0.000000
241 -1 -1 -1 0.000000
242 -1 -1 -1 0.000000
243 -1 -1 -1 0.000000
244 -1 -1 -1 0.000000
248 -1 -1 -1 0.000000
249 -1 -1 -1 0.000000
250 -1 -1 -1 0.000000
251 -1 -1 -1 0.000000
252 -1 -1 -1 0.000000
253 -1 -1 -1 0.000000
254 -1 -1 -1 0.000000
255 -1 -1 -1 0.000000
257 -1 -1 -1 0.000000
258 -1 -1 -1 0.000000
260 -1 -1 -1 0.000000
264 -1 -1 -1 0.000000
267 -1 -1 -1 0.000000
269 -1 -1 -1 0.000000
270 -1 -1 -1 0.000000
271 -1 -1 -1 0.000000
272 -1 -1 -1 0.000000
274 -1 -1 -1 0.000000
275 -1 -1 -1 0.000000
276 -1 -1 -1 0.000000
277 -1 -1 -1 0.000000
278 -1 -1 -1 0.000000
279 -1 -1 -1 0.000000
281 -1 -1 -1 0.000000
282 -1 -1 -1 0.000000
284 -1 -1 -1 0.000000
287 -1 -1 -1 0.000000
291 -1 -1 -1 0.000000
292 -1 -1 -1 0.000000
293 -1 -1 -1 0.000000
294 -1 -1 -1 0.000000
296 -1 -1 -1 0.000000
298 -1 -1 -1 0.000000
300 -1 -1 -1 0.000000
303 -1 -1 -1 0.000000
304 -1 -1 -1 0.000000
306 -1 -1 -1 0.000000
307 -1 -1 -1 0.000000
309 -1 -1 -1 0.000000
311 -1 -1 -1 0.000000
312 -1 -1 -1 0.000000
314 -1 -1 -1 0.000000
315 -1 -1 -1 0.000000
316 -1 -1 -1 0.000000
318 -1 -1 -1 0.000000
319 -1 -1 -1 0.000000
320 -1 -1 -1 0.000000
323 -1 -1 -1 0.000000
325 -1 -1 -1 0.000000
327 -1 -1 -1 0.000000
328 -1 -1 -1 0.000000
329 -1 -1 -1 0.000000
331 -1 -1 -1 0.000000
333 -1 -1 -1 0.000000
336 -1 -1 -1 0.000000
338 -1 -1 -1 0.000000
339 -1 -1 -1 0.000000
340 -1 -1 -1 0.000000
341 -1 -1 -1 0.000000
344 -1 -1 -1 0.000000
346 -1 -1 -1 0.000000
349 -1 -1 -1 0.000000
350 -1 -1 -1 0.000000
351 -1 -1 -1 0.000000
352 -1 -1 -1 0.000000
353 -1 -1 -1 0.000000
356 -1 -1 -1 0.000000
357 -1 -1 -1 0.000000
360 -1 -1 -1 0.000000
365 -1 -1 -1 0.000000
366 -1 -1 -1 0.000000
367 -1 -1 -1 0.000000
368 -1 -1 -1 0.000000
369 -1 -1 -1 0.000000
372 -1 -1 -1 0.000000
373 -1 -1 -1 0.000000
374 -1 -1 -1 0.000000
375 -1 -1 -1 0.000000
378 -1 -1 -1 0.000000
380 -1 -1 -1 0.000000
381 -1 -1 -1 0.000000
386 -1 -1 -1 0.000000
387 -1 -1 -1 0.000000
388 -1 -1 -1 0.000000
389 -1 -1 -1 0.000000
394 -1 -1 -1 0.000000
395 -1 -1 -1 0.000000
396 -1 -1 -1 0.000000
397 -1 -1 -1 0.000000
399 -1 -1 -1 0.000000
401 -1 -1 -1 0.000000
404 -1 -1 -1 0.000000
405 -1 -1 -1 0.000000
410 -1 -1 -1 0.000000
411 -1 -1 -1 0.000000
412 -1 -1 -1 0.000000
