360 374 -1 -1 30.816903
374 381 -1 -1 30.644606
360 381 -1 -1 23.398302
360 374 381 -1 33.233883
348 360 -1 -1 21.233017
348 374 -1 -1 31.073224
348 360 374 -1 32.946381
394 406 -1 -1 24.645550
381 394 -1 -1 24.132607
381 406 -1 -1 31.219594
381 394 406 -1 31.743002
350 356 -1 -1 23.223471
350 370 -1 -1 19.527803
356 370 -1 -1 24.248675
350 356 370 -1 26.065153
356 374 -1 -1 24.474441
348 356 -1 -1 21.896847
348 356 374 -1 31.247133
298 315 -1 -1 18.806746
287 298 -1 -1 23.578250
287 315 -1 -1 32.982899
287 298 315 -1 33.669945
360 366 -1 -1 24.268289
366 381 -1 -1 23.795113
360 366 381 -1 27.514880
366 394 -1 -1 29.964286
366 381 394 -1 30.704953
364 394 -1 -1 34.733465
364 366 -1 -1 19.849525
364 366 394 -1 34.823424
128 150 -1 -1 19.969833
126 128 -1 -1 24.823834
126 150 -1 -1 22.889869
126 128 150 -1 26.348950
128 152 -1 -1 22.499385
136 152 -1 -1 19.714816
128 136 -1 -1 27.643376
128 136 152 -1 27.948543
150 152 -1 -1 20.681916
128 150 152 -1 24.409318
173 198 -1 -1 21.260168
198 203 -1 -1 18.875464
173 203 -1 -1 29.337652
173 198 203 -1 29.400428
198 225 -1 -1 23.443349
203 225 -1 -1 26.456904
198 203 225 -1 27.203416
146 165 -1 -1 23.834340
165 167 -1 -1 27.385780
146 167 -1 -1 28.549916
146 165 167 -1 30.938340
136 146 -1 -1 23.580216
136 165 -1 -1 26.892215
136 146 165 -1 28.785425
152 165 -1 -1 31.554729
136 152 165 -1 31.745808
152 173 -1 -1 24.214141
165 173 -1 -1 20.289186
152 165 173 -1 31.554814
201 221 -1 -1 26.147290
221 224 -1 -1 29.835525
201 224 -1 -1 27.108759
201 221 224 -1 32.152529
379 382 -1 -1 28.538119
370 382 -1 -1 21.945493
370 379 -1 -1 26.882353
370 379 382 -1 30.236195
382 402 -1 -1 31.779389
374 402 -1 -1 36.223969
374 382 -1 -1 24.652096
374 382 402 -1 36.932686
356 382 -1 -1 33.621841
356 370 382 -1 33.676883
356 374 382 -1 33.689248
392 406 -1 -1 21.973783
381 392 -1 -1 21.152251
381 392 406 -1 31.255262
392 402 -1 -1 24.276417
402 406 -1 -1 34.237601
392 402 406 -1 34.389061
374 392 -1 -1 26.123949
374 381 392 -1 31.111707
374 392 402 -1 36.242331
394 397 -1 -1 21.541027
364 397 -1 -1 31.274869
364 394 397 -1 35.277514
274 281 -1 -1 17.882462
274 284 -1 -1 19.831718
281 284 -1 -1 24.415651
274 281 284 -1 24.754505
338 356 -1 -1 22.505983
338 350 -1 -1 24.183626
338 350 356 -1 26.945455
328 338 -1 -1 21.726935
328 350 -1 -1 23.709668
328 338 350 -1 26.874530
338 348 -1 -1 27.340190
338 348 356 -1 28.177629
333 338 -1 -1 21.325417
333 348 -1 -1 22.894370
333 338 348 -1 28.142092
372 389 -1 -1 32.859131
246 256 -1 -1 21.214711
256 272 -1 -1 26.702987
246 272 -1 -1 30.775303
246 256 272 -1 31.350270
256 277 -1 -1 24.304788
272 277 -1 -1 27.714509
256 272 277 -1 30.426340
257 276 -1 -1 27.316171
257 279 -1 -1 27.499929
276 279 -1 -1 18.404672
257 276 279 -1 29.098261
255 257 -1 -1 15.473055
255 279 -1 -1 28.238481
255 257 279 -1 29.037382
232 257 -1 -1 25.014567
232 255 -1 -1 24.140700
232 255 257 -1 25.927153
298 302 -1 -1 25.159431
302 315 -1 -1 26.640728
298 302 315 -1 27.860636
279 302 -1 -1 30.266381
279 298 -1 -1 24.528456
279 298 302 -1 31.328034
276 302 -1 -1 33.599782
276 279 302 -1 33.816199
280 298 -1 -1 20.689129
279 280 -1 -1 20.435678
279 280 298 -1 25.618280
255 280 -1 -1 27.693551
255 279 280 -1 30.050913
255 262 -1 -1 17.207935
262 280 -1 -1 19.082195
255 262 280 -1 28.066390
280 287 -1 -1 21.432597
280 287 298 -1 25.420543
314 329 -1 -1 34.233908
329 339 -1 -1 23.623847
314 339 -1 -1 32.847890
314 329 339 -1 35.883180
314 324 -1 -1 18.296438
324 339 -1 -1 27.831665
314 324 339 -1 32.862512
277 299 -1 -1 23.968172
272 299 -1 -1 37.755386
272 277 299 -1 37.829109
299 322 -1 -1 32.967137
299 312 -1 -1 24.442499
312 322 -1 -1 30.206233
299 312 322 -1 34.409325
276 299 -1 -1 34.067001
276 277 -1 -1 20.517654
276 277 299 -1 34.557437
299 302 -1 -1 36.254400
302 312 -1 -1 24.379567
299 302 312 -1 36.447706
276 299 302 -1 40.071347
297 322 -1 -1 31.870247
322 327 -1 -1 28.973110
297 327 -1 -1 34.880125
297 322 327 -1 37.172793
297 299 -1 -1 26.880480
297 299 322 -1 35.643979
283 297 -1 -1 28.450256
272 283 -1 -1 28.184447
272 297 -1 -1 30.311383
272 283 297 -1 33.523321
272 297 299 -1 38.091088
365 397 -1 -1 36.307316
397 398 -1 -1 25.376974
365 398 -1 -1 35.449697
365 397 398 -1 38.373698
364 365 -1 -1 19.052067
364 365 397 -1 36.314008
331 360 -1 -1 31.529914
331 348 -1 -1 27.096887
331 348 360 -1 31.973195
331 333 -1 -1 23.922796
331 333 348 -1 28.712011
302 331 -1 -1 31.323160
312 331 -1 -1 28.925303
302 312 331 -1 33.049753
315 331 -1 -1 34.128489
315 333 -1 -1 19.670110
315 331 333 -1 34.972737
302 315 331 -1 35.962105
340 366 -1 -1 28.859875
340 364 -1 -1 32.237349
340 364 366 -1 32.678636
322 340 -1 -1 31.086587
312 340 -1 -1 30.650804
312 322 340 -1 35.396420
331 340 -1 -1 28.883677
312 331 340 -1 34.090829
340 360 -1 -1 35.536822
340 360 366 -1 35.767926
331 340 360 -1 37.384560
324 351 -1 -1 30.968637
339 351 -1 -1 26.845963
324 339 351 -1 33.178559
116 137 -1 -1 21.650947
126 137 -1 -1 21.310890
116 126 -1 -1 29.255510
116 126 137 -1 29.333002
196 204 -1 -1 19.043762
204 217 -1 -1 19.258749
196 217 -1 -1 19.321652
196 204 217 -1 22.180813
196 212 -1 -1 22.705420
212 217 -1 -1 15.909337
196 212 217 -1 23.084078
197 212 -1 -1 18.189485
196 197 -1 -1 20.059587
196 197 212 -1 23.788721
217 226 -1 -1 22.125825
226 232 -1 -1 15.392346
217 232 -1 -1 20.310390
217 226 232 -1 22.886745
204 226 -1 -1 19.429938
204 217 226 -1 23.581487
271 290 -1 -1 21.836508
271 278 -1 -1 29.366214
278 290 -1 -1 25.565259
271 278 290 -1 30.250883
224 230 -1 -1 33.804775
205 230 -1 -1 28.806332
205 224 -1 -1 31.585034
205 224 230 -1 36.485775
191 198 -1 -1 18.870685
173 191 -1 -1 26.093206
173 191 198 -1 26.427614
191 197 -1 -1 19.573632
174 191 -1 -1 19.536752
174 197 -1 -1 19.891107
174 191 197 -1 22.711955
209 225 -1 -1 20.450570
209 222 -1 -1 16.291441
222 225 -1 -1 21.698070
209 222 225 -1 22.897464
198 209 -1 -1 19.546811
198 209 225 -1 24.688704
191 209 -1 -1 17.124003
191 198 209 -1 21.468422
197 209 -1 -1 21.149510
191 197 209 -1 22.503991
209 212 -1 -1 23.322208
212 222 -1 -1 17.052146
209 212 222 -1 23.327889
197 209 212 -1 24.484430
221 231 -1 -1 23.298347
203 221 -1 -1 29.933834
203 231 -1 -1 25.450956
203 221 231 -1 30.902009
225 231 -1 -1 25.131128
203 225 231 -1 29.674762
231 246 -1 -1 22.560791
225 246 -1 -1 22.721800
225 231 246 -1 27.217863
230 248 -1 -1 23.889781
224 248 -1 -1 25.985525
224 230 248 -1 33.922176
132 157 -1 -1 24.834133
119 146 -1 -1 22.639444
119 136 -1 -1 28.144577
119 136 146 -1 29.138291
138 160 -1 -1 21.966795
157 160 -1 -1 29.837935
138 157 -1 -1 31.890822
138 157 160 -1 33.134789
132 138 -1 -1 20.110590
132 138 157 -1 31.891097
144 160 -1 -1 25.745388
144 167 -1 -1 26.595103
160 167 -1 -1 29.648669
144 160 167 -1 31.761181
144 146 -1 -1 24.620749
144 146 167 -1 30.872997
138 144 -1 -1 24.445778
138 144 160 -1 27.940903
160 187 -1 -1 27.724284
167 187 -1 -1 28.647123
160 167 187 -1 33.146787
187 201 -1 -1 23.312641
167 201 -1 -1 30.473393
167 187 201 -1 32.235046
187 224 -1 -1 34.714865
187 205 -1 -1 24.485441
187 205 224 -1 35.886657
187 201 224 -1 34.773296
190 221 -1 -1 32.521774
190 203 -1 -1 21.493040
190 203 221 -1 33.445478
190 201 -1 -1 23.428059
190 201 221 -1 32.858272
173 190 -1 -1 30.152070
173 190 203 -1 31.916507
165 190 -1 -1 24.424989
165 173 190 -1 30.303882
167 190 -1 -1 27.907146
165 167 190 -1 30.820361
167 190 201 -1 31.999924
401 402 -1 -1 31.299962
382 401 -1 -1 23.792202
382 401 402 -1 34.059909
379 401 -1 -1 26.120889
379 382 401 -1 30.454444
107 120 -1 -1 29.814640
253 274 -1 -1 16.366226
253 258 -1 -1 17.635750
258 274 -1 -1 20.979619
253 258 274 -1 21.613027
316 333 -1 -1 25.878971
315 316 -1 -1 20.969948
315 316 333 -1 26.360311
316 338 -1 -1 23.123987
316 333 338 -1 27.356802
316 328 -1 -1 23.144488
316 328 338 -1 26.202926
287 316 -1 -1 31.848700
287 315 316 -1 34.297041
335 358 -1 -1 27.570056
358 372 -1 -1 28.121447
239 256 -1 -1 24.162508
239 246 -1 -1 29.064789
239 246 256 -1 29.572359
225 239 -1 -1 27.564189
222 239 -1 -1 15.252436
222 225 239 -1 27.664595
225 239 246 -1 30.957804
252 276 -1 -1 27.920913
252 257 -1 -1 18.222303
252 257 276 -1 29.268973
239 252 -1 -1 19.867180
252 256 -1 -1 21.694421
239 252 256 -1 25.564307
252 277 -1 -1 31.134636
252 256 277 -1 31.253811
252 276 277 -1 31.788486
330 354 -1 -1 32.032271
327 330 -1 -1 23.849898
327 354 -1 -1 35.662526
327 330 354 -1 36.487483
297 309 -1 -1 25.735198
309 327 -1 -1 23.864309
297 309 327 -1 34.882790
283 309 -1 -1 26.527069
283 297 309 -1 31.156349
309 330 -1 -1 32.914036
309 327 330 -1 32.952507
365 377 -1 -1 24.898096
377 398 -1 -1 24.235910
365 377 398 -1 35.479416
354 377 -1 -1 26.301393
354 365 -1 -1 29.524651
354 365 377 -1 31.346304
343 354 -1 -1 25.835739
327 343 -1 -1 26.209210
327 343 354 -1 35.729032
343 365 -1 -1 25.828843
343 354 365 -1 31.478824
322 343 -1 -1 27.073378
322 327 343 -1 31.750372
340 343 -1 -1 37.660500
322 340 343 -1 38.196629
343 364 -1 -1 35.578906
343 364 365 -1 36.645759
340 343 364 -1 40.835204
383 404 -1 -1 23.351593
150 155 -1 -1 17.674393
155 174 -1 -1 19.587289
150 174 -1 -1 23.007198
150 155 174 -1 23.704611
126 155 -1 -1 23.734409
126 150 155 -1 25.212950
137 155 -1 -1 20.375664
126 137 155 -1 25.360869
179 196 -1 -1 19.445246
179 204 -1 -1 22.600407
179 196 204 -1 23.776006
236 253 -1 -1 23.578952
245 253 -1 -1 15.323623
236 245 -1 -1 27.512329
236 245 253 -1 27.542567
236 258 -1 -1 17.392693
236 253 258 -1 23.683426
236 247 -1 -1 23.126040
247 258 -1 -1 18.383456
236 247 258 -1 23.448230
241 262 -1 -1 20.706803
241 245 -1 -1 26.758535
245 262 -1 -1 30.519365
241 245 262 -1 31.101256
241 255 -1 -1 19.511126
241 255 262 -1 22.282519
232 241 -1 -1 22.181346
232 241 255 -1 25.620670
226 241 -1 -1 21.240903
226 232 241 -1 23.251428
223 236 -1 -1 19.415579
223 245 -1 -1 25.912781
223 236 245 -1 28.745038
200 223 -1 -1 24.441598
199 200 -1 -1 17.966391
199 223 -1 -1 21.709464
199 200 223 -1 25.257746
307 329 -1 -1 29.181292
307 314 -1 -1 19.773292
307 314 329 -1 34.298098
290 294 -1 -1 31.074052
271 294 -1 -1 35.954578
271 290 294 -1 36.175338
294 314 -1 -1 27.221141
294 307 -1 -1 33.099298
294 307 314 -1 33.118246
290 307 -1 -1 22.575624
290 294 307 -1 34.382252
152 172 -1 -1 17.976400
172 173 -1 -1 20.451108
152 172 173 -1 24.771341
172 191 -1 -1 17.513343
172 173 191 -1 26.142816
172 174 -1 -1 18.115950
172 174 191 -1 21.306819
150 172 -1 -1 22.288092
150 172 174 -1 24.723301
150 152 172 -1 23.716228
231 254 -1 -1 26.815575
221 254 -1 -1 34.689499
221 231 254 -1 34.727615
254 283 -1 -1 29.911465
278 283 -1 -1 23.032707
254 278 -1 -1 32.162183
254 278 283 -1 33.539419
254 272 -1 -1 30.456721
254 272 283 -1 34.136039
246 254 -1 -1 31.049696
246 254 272 -1 35.522550
231 246 254 -1 31.816142
160 175 -1 -1 23.669293
157 175 -1 -1 21.154854
157 160 175 -1 30.045324
175 205 -1 -1 26.580990
175 187 -1 -1 27.187848
175 187 205 -1 30.202621
160 175 187 -1 30.432774
117 132 -1 -1 24.249181
117 138 -1 -1 18.275327
117 132 138 -1 24.773303
118 119 -1 -1 23.237444
118 146 -1 -1 30.715271
118 119 146 -1 30.881722
118 144 -1 -1 22.059673
118 144 146 -1 31.009901
117 118 -1 -1 27.487723
118 138 -1 -1 32.772108
118 138 144 -1 32.773578
117 118 138 -1 32.776034
389 399 -1 -1 25.235113
372 399 -1 -1 25.568529
372 389 399 -1 33.306685
379 399 -1 -1 27.441859
372 379 -1 -1 29.483270
372 379 399 -1 31.917808
399 401 -1 -1 40.190274
379 399 401 -1 40.510506
237 251 -1 -1 22.311639
251 273 -1 -1 18.257810
247 251 -1 -1 29.932001
237 247 -1 -1 17.308603
237 247 251 -1 30.178557
263 281 -1 -1 22.372464
263 274 -1 -1 24.327903
263 274 281 -1 25.384634
253 263 -1 -1 21.877948
253 263 274 -1 24.915847
281 287 -1 -1 18.955373
263 287 -1 -1 27.958908
263 281 287 -1 28.078301
262 263 -1 -1 17.346808
245 263 -1 -1 22.452577
245 262 263 -1 30.929287
245 253 263 -1 23.634007
263 280 -1 -1 26.588032
263 280 287 -1 29.700941
262 263 280 -1 26.641397
310 335 -1 -1 30.532379
318 335 -1 -1 28.429536
310 318 -1 -1 23.417207
310 318 335 -1 32.212357
251 265 -1 -1 24.852811
247 265 -1 -1 21.401111
247 251 265 -1 30.368677
265 273 -1 -1 19.972223
251 265 273 -1 25.165309
317 332 -1 -1 15.555062
328 332 -1 -1 22.546928
317 328 -1 -1 25.074335
317 328 332 -1 25.459837
317 318 -1 -1 25.897480
318 332 -1 -1 24.313996
317 318 332 -1 26.516217
281 295 -1 -1 19.893927
284 295 -1 -1 14.797164
281 284 295 -1 24.427845
285 301 -1 -1 18.900090
284 301 -1 -1 27.520900
284 285 -1 -1 20.865572
284 285 301 -1 27.548326
295 301 -1 -1 28.301883
284 295 301 -1 28.981605
301 308 -1 -1 23.954466
295 308 -1 -1 13.511785
295 301 308 -1 28.369332
301 310 -1 -1 27.387837
301 318 -1 -1 22.448069
301 310 318 -1 28.594481
301 317 -1 -1 26.837641
301 317 318 -1 29.155748
308 317 -1 -1 13.756969
301 308 317 -1 26.894439
342 358 -1 -1 29.628915
335 342 -1 -1 24.176335
335 342 358 -1 31.630915
332 342 -1 -1 27.084704
318 342 -1 -1 28.096618
318 332 342 -1 30.751358
318 335 342 -1 31.269116
342 372 -1 -1 35.344392
342 358 372 -1 36.520297
235 252 -1 -1 22.603429
235 239 -1 -1 21.475935
235 239 252 -1 24.713337
217 235 -1 -1 20.527143
232 235 -1 -1 15.961445
217 232 235 -1 22.184800
235 257 -1 -1 23.266717
232 235 257 -1 25.699881
235 252 257 -1 25.003066
212 235 -1 -1 23.083895
212 217 235 -1 23.646316
222 235 -1 -1 26.572017
212 222 235 -1 26.873380
222 235 239 -1 26.576640
329 359 -1 -1 31.218534
339 359 -1 -1 29.323986
329 339 359 -1 32.951430
359 369 -1 -1 19.193821
339 369 -1 -1 32.600286
339 359 369 -1 32.958529
362 383 -1 -1 25.363719
362 369 -1 -1 20.263994
369 383 -1 -1 26.711664
362 369 383 -1 28.309235
339 362 -1 -1 25.661710
339 362 369 -1 32.600898
351 362 -1 -1 17.671768
339 351 362 -1 27.928875
137 139 -1 -1 21.988118
116 139 -1 -1 25.759264
116 137 139 -1 27.031883
178 179 -1 -1 21.332757
178 196 -1 -1 18.242267
178 179 196 -1 22.871321
155 178 -1 -1 20.819038
174 178 -1 -1 18.224038
155 174 178 -1 22.667038
178 197 -1 -1 20.785351
174 178 197 -1 22.765581
178 196 197 -1 22.836351
111 135 -1 -1 24.627897
111 116 -1 -1 27.015327
111 139 -1 -1 28.743853
111 116 139 -1 31.475833
135 139 -1 -1 21.814576
111 135 139 -1 29.597510
180 189 -1 -1 31.514499
189 202 -1 -1 26.028322
180 202 -1 -1 19.648291
180 189 202 -1 31.589340
120 130 -1 -1 28.174017
130 135 -1 -1 26.333767
218 223 -1 -1 26.907765
218 236 -1 -1 21.491209
218 223 236 -1 27.166072
218 237 -1 -1 26.777516
218 247 -1 -1 28.704928
218 237 247 -1 29.345689
218 236 247 -1 29.148296
216 226 -1 -1 16.871351
204 216 -1 -1 24.007101
204 216 226 -1 24.215479
216 241 -1 -1 26.582354
216 226 241 -1 26.604438
306 309 -1 -1 22.901902
306 330 -1 -1 30.997103
306 309 330 -1 34.318287
329 330 -1 -1 23.858055
306 329 -1 -1 32.314047
306 329 330 -1 34.212359
306 307 -1 -1 23.772592
306 307 329 -1 33.545592
290 306 -1 -1 29.539282
290 306 307 -1 30.077929
278 306 -1 -1 33.202059
278 290 306 -1 34.591570
283 306 -1 -1 36.179928
278 283 306 -1 37.019549
283 306 309 -1 36.260201
266 294 -1 -1 26.817279
266 271 -1 -1 27.676438
266 271 294 -1 36.260514
248 266 -1 -1 29.175308
248 271 -1 -1 23.682562
248 266 271 -1 31.309010
230 266 -1 -1 34.994708
230 248 266 -1 35.350548
221 250 -1 -1 30.436833
224 250 -1 -1 30.838374
221 224 250 -1 35.078129
250 254 -1 -1 27.551065
221 250 254 -1 36.218115
248 250 -1 -1 30.128391
224 248 250 -1 33.705553
250 271 -1 -1 29.258856
248 250 271 -1 32.394553
250 278 -1 -1 28.534768
250 271 278 -1 33.555745
250 254 278 -1 34.235744
189 215 -1 -1 25.912585
202 215 -1 -1 20.585417
189 202 215 -1 28.287147
215 237 -1 -1 20.258340
215 218 -1 -1 28.744452
202 218 -1 -1 22.404604
202 215 218 -1 28.913095
215 218 237 -1 29.920537
265 288 -1 -1 28.994816
273 288 -1 -1 20.357165
265 273 288 -1 29.011285
285 288 -1 -1 21.501784
265 285 -1 -1 21.255882
265 285 288 -1 29.088852
288 301 -1 -1 28.608760
285 288 301 -1 28.608786
288 310 -1 -1 25.659442
288 301 310 -1 31.520810
269 285 -1 -1 22.767155
269 284 -1 -1 17.211911
269 284 285 -1 23.842489
265 269 -1 -1 19.011642
265 269 285 -1 24.453198
269 274 -1 -1 20.189237
269 274 284 -1 22.168059
258 269 -1 -1 17.626832
258 269 274 -1 22.792392
247 269 -1 -1 23.943655
247 258 269 -1 24.107182
247 265 269 -1 25.120517
304 317 -1 -1 26.868243
304 308 -1 -1 21.177224
304 308 317 -1 27.153069
304 316 -1 -1 18.764465
287 304 -1 -1 22.878524
287 304 316 -1 32.273238
304 328 -1 -1 28.568862
304 316 328 -1 28.666404
304 317 328 -1 31.121741
295 304 -1 -1 23.369281
295 304 308 -1 23.630892
281 304 -1 -1 27.595697
281 287 304 -1 27.869180
281 295 304 -1 28.130037
342 361 -1 -1 26.910205
361 372 -1 -1 24.200474
342 361 372 -1 35.382705
350 361 -1 -1 28.926484
361 370 -1 -1 28.096913
350 361 370 -1 30.367593
361 379 -1 -1 27.817387
361 370 379 -1 31.884818
361 372 379 -1 31.656023
404 411 -1 -1 19.121758
330 355 -1 -1 26.786560
354 355 -1 -1 20.407867
330 354 355 -1 32.189516
329 355 -1 -1 33.883493
329 330 355 -1 34.084586
355 359 -1 -1 19.084119
329 355 359 -1 34.325996
161 178 -1 -1 19.192660
161 179 -1 -1 18.906853
161 178 179 -1 22.992580
139 161 -1 -1 22.662545
137 161 -1 -1 18.925128
137 139 161 -1 24.658950
155 161 -1 -1 21.342212
137 155 161 -1 23.423924
155 161 178 -1 23.681173
170 189 -1 -1 24.129183
170 180 -1 -1 19.272566
170 180 189 -1 31.542980
194 223 -1 -1 31.726968
194 199 -1 -1 18.733083
194 199 223 -1 32.574882
194 218 -1 -1 24.767285
194 218 223 -1 32.751998
194 202 -1 -1 24.412851
194 202 218 -1 27.624979
180 194 -1 -1 22.436744
180 194 202 -1 25.889115
171 194 -1 -1 21.928943
171 180 -1 -1 20.161724
171 180 194 -1 24.907490
192 216 -1 -1 23.026248
192 204 -1 -1 19.310694
192 204 216 -1 25.812821
192 200 -1 -1 21.866246
200 216 -1 -1 19.182947
192 200 216 -1 24.855922
169 192 -1 -1 22.378875
169 200 -1 -1 29.139313
169 192 200 -1 29.399215
179 192 -1 -1 23.439930
179 192 204 -1 25.374095
229 241 -1 -1 19.755219
229 245 -1 -1 15.670584
229 241 245 -1 26.985789
216 229 -1 -1 18.408830
216 229 241 -1 26.595119
223 229 -1 -1 24.739107
223 229 245 -1 26.693235
200 229 -1 -1 27.865857
200 223 229 -1 29.843559
200 216 229 -1 28.002297
139 166 -1 -1 22.301345
135 166 -1 -1 27.127150
135 139 166 -1 27.972125
166 169 -1 -1 19.148164
135 169 -1 -1 28.709920
135 166 169 -1 29.798860
161 166 -1 -1 24.270656
166 179 -1 -1 18.955397
161 166 179 -1 24.665332
139 161 166 -1 26.708053
166 192 -1 -1 23.995475
166 179 192 -1 25.880833
166 169 192 -1 25.518916
130 154 -1 -1 20.651064
135 154 -1 -1 21.931190
130 135 154 -1 27.100781
154 169 -1 -1 22.760421
135 154 169 -1 29.160152
342 346 -1 -1 24.266766
332 346 -1 -1 17.756858
332 342 346 -1 27.631518
346 361 -1 -1 21.041398
342 346 361 -1 28.219539
346 350 -1 -1 21.277026
346 350 361 -1 28.988868
328 346 -1 -1 24.811102
328 346 350 -1 27.016554
328 332 346 -1 25.693803
391 411 -1 -1 26.640047
391 393 -1 -1 19.358124
391 404 -1 -1 30.004031
391 404 411 -1 30.457189
383 391 -1 -1 19.756821
383 391 404 -1 30.026121
369 391 -1 -1 23.202338
369 383 391 -1 27.479161
369 393 -1 -1 32.430610
369 391 393 -1 32.823995
398 400 -1 -1 30.461742
377 400 -1 -1 28.003354
377 398 400 -1 32.231978
393 400 -1 -1 27.445370
355 380 -1 -1 26.845484
359 380 -1 -1 28.792201
355 359 380 -1 29.734381
369 380 -1 -1 33.851071
359 369 380 -1 33.887877
380 393 -1 -1 23.428547
369 380 393 -1 35.476841
380 400 -1 -1 24.271614
380 393 400 -1 29.165105
377 380 -1 -1 28.699663
377 380 400 -1 31.378941
354 380 -1 -1 33.798527
354 377 380 -1 34.880472
354 355 380 -1 33.798905
114 128 -1 -1 22.155392
114 136 -1 -1 23.133442
114 128 136 -1 28.592066
114 119 -1 -1 27.875774
114 119 136 -1 30.756264
145 170 -1 -1 23.879719
107 145 -1 -1 27.415504
120 145 -1 -1 35.561833
107 120 145 -1 36.540848
148 180 -1 -1 28.243997
148 171 -1 -1 23.949032
148 171 180 -1 28.761265
148 170 -1 -1 26.946960
148 170 180 -1 29.499961
145 148 -1 -1 22.046306
145 148 170 -1 28.378007
120 148 -1 -1 25.788984
120 145 148 -1 35.740423
149 154 -1 -1 21.023258
130 149 -1 -1 21.575721
130 149 154 -1 24.356997
148 149 -1 -1 21.126165
149 171 -1 -1 19.459279
148 149 171 -1 25.153949
120 149 -1 -1 27.505142
120 130 149 -1 30.209213
120 148 149 -1 29.090981
154 176 -1 -1 20.936010
169 176 -1 -1 20.423475
154 169 176 -1 24.769754
176 200 -1 -1 29.252053
176 199 -1 -1 20.939320
176 199 200 -1 29.485219
169 176 200 -1 31.164491
176 194 -1 -1 26.671584
176 194 199 -1 26.804431
171 176 -1 -1 22.459565
171 176 194 -1 27.766936
149 176 -1 -1 28.576740
149 171 176 -1 28.659715
149 154 176 -1 28.651768
107 -1 -1 -1 0.000000
111 -1 -1 -1 0.000000
114 -1 -1 -1 0.000000
116 -1 -1 -1 0.000000
117 -1 -1 -1 0.000000
118 -1 -1 -1 0.000000
119 -1 -1 -1 0.000000
120 -1 -1 -1 0.000000
126 -1 -1 -1 0.000000
128 -1 -1 -1 0.000000
130 -1 -1 -1 0.000000
132 -1 -1 -1 0.000000
135 -1 -1 -1 0.000000
136 -1 -1 -1 0.000000
137 -1 -1 -1 0.000000
138 -1 -1 -1 0.000000
139 -1 -1 -1 0.000000
144 -1 -1 -1 0.000000
145 -1 -1 -1 0.000000
146 -1 -1 -1 0.000000
148 -1 -1 -1 0.000000
149 -1 -1 -1 0.000000
150 -1 -1 -1 0.000000
152 -1 -1 -1 0.000000
154 -1 -1 -1 0.000000
155 -1 -1 -1 0.000000
157 -1 -1 -1 0.000000
160 -1 -1 -1 0.000000
161 -1 -1 -1 0.000000
165 -1 -1 -1 0.000000
166 -1 -1 -1 0.000000
167 -1 -1 -1 0.000000
169 -1 -1 -1 0.000000
170 -1 -1 -1 0.000000
171 -1 -1 -1 0.000000
172 -1 -1 -1 0.000000
173 -1 -1 -1 0.000000
174 -1 -1 -1 0.000000
175 -1 -1 -1 0.000000
176 -1 -1 -1 0.000000
178 -1 -1 -1 0.000000
179 -1 -1 -1 0.000000
180 -1 -1 -1 0.000000
187 -1 -1 -1 0.000000
189 -1 -1 -1 0.000000
190 -1 -1 -1 0.000000
191 -1 -1 -1 0.000000
192 -1 -1 -1 0.000000
194 -1 -1 -1 0.000000
196 -1 -1 -1 0.000000
197 -1 -1 -1 0.000000
198 -1 -1 -1 0.000000
199 -1 -1 -1 0.000000
200 -1 -1 -1 0.000000
201 -1 -1 -1 0.000000
202 -1 -1 -1 0.000000
203 -1 -1 -1 0.000000
204 -1 -1 -1 0.000000
205 -1 -1 -1 0.000000
209 -1 -1 -1 0.000000
212 -1 -1 -1 0.000000
215 -1 -1 -1 0.000000
216 -1 -1 -1 0.000000
217 -1 -1 -1 0.000000
218 -1 -1 -1 0.000000
221 -1 -1 -1 0.000000
222 -1 -1 -1 0.000000
223 -1 -1 -1 0.000000
224 -1 -1 -1 0.000000
225 -1 -1 -1 0.000000
226 -1 -1 -1 0.000000
229 -1 -1 -1 0.000000
230 -1 -1 -1 0.000000
231 -1 -1 -1 0.000000
232 -1 -1 -1 0.000000
235 -1 -1 -1 0.000000
236 -1 -1 -1 0.000000
237 -1 -1 -1 0.000000
239 -1 -1 -1 0.000000
241 -1 -1 -1 0.000000
245 -1 -1 -1 0.000000
246 -1 -1 -1 0.000000
247 -1 -1 -1 0.000000
248 -1 -1 -1 0.000000
250 -1 -1 -1 0.000000
251 -1 -1 -1 0.000000
252 -1 -1 -1 0.000000
253 -1 -1 -1 0.000000
254 -1 -1 -1 0.000000
255 -1 -1 -1 0.000000
256 -1 -1 -1 0.000000
257 -1 -1 -1 0.000000
258 -1 -1 -1 0.000000
262 -1 -1 -1 0.000000
263 -1 -1 -1 0.000000
265 -1 -1 -1 0.000000
266 -1 -1 -1 0.000000
269 -1 -1 -1 0.000000
271 -1 -1 -1 0.000000
272 -1 -1 -1 0.000000
273 -1 -1 -1 0.000000
274 -1 -1 -1 0.000000
276 -1 -1 -1 0.000000
277 -1 -1 -1 0.000000
278 -1 -1 -1 0.000000
279 -1 -1 -1 0.000000
280 -1 -1 -1 0.000000
281 -1 -1 -1 0.000000
283 -1 -1 -1 0.000000
284 -1 -1 -1 0.000000
285 -1 -1 -1 0.000000
287 -1 -1 -1 0.000000
288 -1 -1 -1 0.000000
290 -1 -1 -1 0.000000
294 -1 -1 -1 0.000000
295 -1 -1 -1 0.000000
297 -1 -1 -1 0.000000
298 -1 -1 -1 0.000000
299 -1 -1 -1 0.000000
301 -1 -1 -1 0.000000
302 -1 -1 -1 0.000000
304 -1 -1 -1 0.000000
306 -1 -1 -1 0.000000
307 -1 -1 -1 0.000000
308 -1 -1 -1 0.000000
309 -1 -1 -1 0.000000
310 -1 -1 -1 0.000000
312 -1 -1 -1 0.000000
314 -1 -1 -1 0.000000
315 -1 -1 -1 0.000000
316 -1 -1 -1 0.000000
317 -1 -1 -1 0.000000
318 -1 -1 -1 0.000000
322 -1 -1 -1 0.000000
324 -1 -1 -1 0.000000
327 -1 -1 -1 0.000000
328 -1 -1 -1 0.000000
329 -1 -1 -1 0.000000
330 -1 -1 -1 0.000000
331 -1 -1 -1 0.000000
332 -1 -1 -1 0.000000
333 -1 -1 -1 0.000000
335 -1 -1 -1 0.000000
338 -1 -1 -1 0.000000
339 -1 -1 -1 0.000000
340 -1 -1 -1 0.000000
342 -1 -1 -1 0.000000
343 -1 -1 -1 0.000000
346 -1 -1 -1 0.000000
348 -1 -1 -1 0.000000
350 -1 -1 -1 0.000000
351 -1 -1 -1 0.000000
354 -1 -1 -1 0.000000
355 -1 -1 -1 0.000000
356 -1 -1 -1 0.000000
358 -1 -1 -1 0.000000
359 -1 -1 -1 0.000000
360 -1 -1 -1 0.000000
361 -1 -1 -1 0.000000
362 -1 -1 -1 0.000000
364 -1 -1 -1 0.000000
365 -1 -1 -1 0.000000
366 -1 -1 -1 0.000000
369 -1 -1 -1 0.000000
370 -1 -1 -1 0.000000
372 -1 -1 -1 0.000000
374 -1 -1 -1 0.000000
377 -1 -1 -1 0.000000
379 -1 -1 -1 0.000000
380 -1 -1 -1 0.000000
381 -1 -1 -1 0.000000
382 -1 -1 -1 0.000000
383 -1 -1 -1 0.000000
389 -1 -1 -1 0.000000
391 -1 -1 -1 0.000000
392 -1 -1 -1 0.000000
393 -1 -1 -1 0.000000
394 -1 -1 -1 0.000000
397 -1 -1 -1 0.000000
398 -1 -1 -1 0.000000
399 -1 -1 -1 0.000000
400 -1 -1 -1 0.000000
401 -1 -1 -1 0.000000
402 -1 -1 -1 0.000000
404 -1 -1 -1 0.000000
406 -1 -1 -1 0.000000
411 -1 -1 -1 0.000000
