278 297 -1 -1 34.883743
296 297 -1 -1 43.136730
278 296 -1 -1 27.199418
278 296 297 -1 43.191928
100 111 -1 -1 28.626240
327 350 -1 -1 23.739039
264 268 -1 -1 28.663949
264 271 -1 -1 26.637146
268 271 -1 -1 14.505992
264 268 271 -1 28.898883
372 373 -1 -1 19.253351
352 373 -1 -1 14.983185
352 372 -1 -1 20.088458
352 372 373 -1 21.297681
264 284 -1 -1 34.162226
271 284 -1 -1 18.999947
264 271 284 -1 34.318614
284 309 -1 -1 35.806012
284 294 -1 -1 14.481458
294 309 -1 -1 31.232679
284 294 309 -1 36.013134
314 333 -1 -1 35.608705
314 331 -1 -1 19.404929
331 333 -1 -1 28.093711
314 331 333 -1 35.766088
333 349 -1 -1 25.909516
331 349 -1 -1 21.707789
331 333 349 -1 29.590880
323 350 -1 -1 34.475376
323 327 -1 -1 27.999268
323 327 350 -1 34.724494
323 346 -1 -1 20.625542
346 350 -1 -1 28.683000
323 346 350 -1 34.519161
328 339 -1 -1 28.043420
339 352 -1 -1 18.447692
328 352 -1 -1 30.385065
328 339 352 -1 30.990372
323 328 -1 -1 25.283825
328 346 -1 -1 25.079153
323 328 346 -1 27.603313
314 318 -1 -1 23.602955
318 331 -1 -1 26.233296
314 318 331 -1 27.229115
295 322 -1 -1 28.390532
270 278 -1 -1 28.757605
262 278 -1 -1 24.709825
262 270 -1 -1 25.043630
262 270 278 -1 30.485551
270 297 -1 -1 27.033624
270 278 297 -1 35.753896
260 270 -1 -1 25.129524
260 297 -1 -1 41.791874
260 270 297 -1 43.570617
257 278 -1 -1 28.202679
257 262 -1 -1 20.795122
257 262 278 -1 29.058824
255 260 -1 -1 33.286922
255 266 -1 -1 18.370821
260 266 -1 -1 25.575224
255 260 266 -1 33.545463
245 255 -1 -1 18.750105
245 266 -1 -1 31.803461
245 255 266 -1 35.987722
237 255 -1 -1 15.315552
237 245 -1 -1 14.746668
237 245 255 -1 19.231798
137 158 -1 -1 35.115647
158 160 -1 -1 28.720432
137 160 -1 -1 27.228274
137 158 160 -1 35.940391
100 136 -1 -1 41.458347
111 136 -1 -1 31.943082
100 111 136 -1 41.549430
233 255 -1 -1 22.805152
233 237 -1 -1 20.685346
233 237 255 -1 23.403642
233 260 -1 -1 37.024122
233 255 260 -1 37.567586
83 120 -1 -1 39.518228
350 357 -1 -1 23.439863
357 378 -1 -1 23.506547
350 378 -1 -1 21.856249
350 357 378 -1 26.522936
158 194 -1 -1 33.058519
160 194 -1 -1 36.075325
158 160 194 -1 38.139955
372 381 -1 -1 16.493355
354 373 -1 -1 17.580063
352 354 -1 -1 15.338342
352 354 373 -1 18.608723
328 354 -1 -1 25.875716
328 352 354 -1 30.393263
346 354 -1 -1 20.594551
328 346 354 -1 27.867892
250 268 -1 -1 19.132828
250 264 -1 -1 23.805670
250 264 268 -1 28.879750
242 250 -1 -1 11.536040
242 264 -1 -1 28.041579
242 250 264 -1 28.396271
229 250 -1 -1 22.667163
229 242 -1 -1 21.124956
229 242 250 -1 22.874943
284 286 -1 -1 30.135872
264 286 -1 -1 23.612584
264 284 286 -1 34.940298
286 294 -1 -1 27.700108
284 286 294 -1 30.247421
278 286 -1 -1 34.425037
286 296 -1 -1 28.194914
278 286 296 -1 35.356163
257 286 -1 -1 36.263557
257 264 -1 -1 30.597080
257 264 286 -1 36.544068
257 278 286 -1 38.600960
309 317 -1 -1 28.359889
308 317 -1 -1 17.005385
308 309 -1 -1 24.240110
308 309 317 -1 28.470136
309 339 -1 -1 35.667180
317 339 -1 -1 24.282724
309 317 339 -1 35.807438
317 328 -1 -1 22.741765
317 328 339 -1 29.303582
309 340 -1 -1 35.533329
309 334 -1 -1 41.411447
334 340 -1 -1 21.750447
309 334 340 -1 41.415193
339 340 -1 -1 29.688081
309 339 340 -1 39.167783
310 321 -1 -1 35.609729
296 321 -1 -1 30.533331
296 310 -1 -1 23.261837
296 310 321 -1 35.987720
297 310 -1 -1 35.257313
296 297 310 -1 43.183826
310 314 -1 -1 38.985464
297 314 -1 -1 19.382853
297 310 314 -1 39.087944
310 333 -1 -1 25.669797
310 314 333 -1 39.989346
309 313 -1 -1 35.757406
294 313 -1 -1 17.534165
294 309 313 -1 35.757686
313 334 -1 -1 35.535716
309 313 334 -1 43.791928
313 321 -1 -1 16.938935
321 334 -1 -1 29.171307
313 321 334 -1 35.822938
272 299 -1 -1 32.135060
367 377 -1 -1 14.747025
374 377 -1 -1 23.101703
367 374 -1 -1 23.358771
367 374 377 -1 24.499991
358 367 -1 -1 12.034618
358 374 -1 -1 18.341154
358 367 374 -1 23.611378
292 314 -1 -1 37.809674
292 297 -1 -1 40.595820
292 297 314 -1 40.831475
292 318 -1 -1 27.155608
292 314 318 -1 38.021242
260 292 -1 -1 32.170775
260 292 297 -1 44.767710
266 292 -1 -1 29.666486
260 266 292 -1 34.067233
291 292 -1 -1 23.836490
266 291 -1 -1 38.394163
266 291 292 -1 38.400569
221 245 -1 -1 25.464951
221 237 -1 -1 23.061846
221 237 245 -1 25.749565
205 221 -1 -1 20.149585
83 98 -1 -1 35.551594
118 136 -1 -1 38.344870
100 118 -1 -1 26.121458
100 118 136 -1 42.466298
188 205 -1 -1 21.957411
188 195 -1 -1 20.441051
195 205 -1 -1 15.205817
188 195 205 -1 22.794574
82 118 -1 -1 42.341978
82 100 -1 -1 29.116476
82 100 118 -1 42.988117
256 272 -1 -1 26.017192
244 250 -1 -1 20.082756
229 244 -1 -1 23.206491
229 244 250 -1 25.517115
244 268 -1 -1 15.055265
244 250 268 -1 21.264934
354 379 -1 -1 17.519463
373 379 -1 -1 14.750512
354 373 379 -1 19.340622
340 343 -1 -1 14.469650
339 343 -1 -1 18.723110
339 340 343 -1 36.879620
343 352 -1 -1 26.248506
339 343 352 -1 26.248604
343 372 -1 -1 22.346651
343 352 372 -1 27.026996
343 381 -1 -1 26.690323
343 372 381 -1 26.776316
340 381 -1 -1 33.083247
340 343 381 -1 33.943144
321 338 -1 -1 16.638987
334 338 -1 -1 18.772957
321 334 338 -1 31.201847
338 358 -1 -1 20.562808
334 358 -1 -1 25.448110
334 338 358 -1 25.803227
286 306 -1 -1 15.509528
294 306 -1 -1 17.895368
286 294 306 -1 29.842003
306 313 -1 -1 17.094938
294 306 313 -1 20.227219
296 306 -1 -1 25.154760
286 296 306 -1 28.338155
306 321 -1 -1 28.111963
296 306 321 -1 32.556191
306 313 321 -1 30.189326
275 299 -1 -1 22.908839
272 275 -1 -1 24.670110
272 275 299 -1 32.263523
259 275 -1 -1 23.901211
259 269 -1 -1 19.423308
269 275 -1 -1 10.869887
259 269 275 -1 24.296392
256 275 -1 -1 32.347545
256 272 275 -1 32.923912
256 259 -1 -1 22.182731
256 259 275 -1 32.351692
299 315 -1 -1 18.527421
315 327 -1 -1 20.144579
305 317 -1 -1 20.228104
305 328 -1 -1 28.875171
305 317 328 -1 29.022506
305 308 -1 -1 18.643847
305 308 317 -1 21.672322
315 319 -1 -1 21.241145
299 319 -1 -1 25.200634
299 315 319 -1 25.733741
319 323 -1 -1 15.792561
319 327 -1 -1 22.951425
319 323 327 -1 28.000883
315 319 327 -1 24.878154
273 276 -1 -1 34.349942
276 289 -1 -1 27.100773
273 289 -1 -1 19.357092
273 276 289 -1 34.428352
276 305 -1 -1 31.027353
276 308 -1 -1 29.723469
276 305 308 -1 31.979098
289 305 -1 -1 20.177646
276 289 305 -1 31.450956
120 141 -1 -1 31.759062
366 374 -1 -1 21.208307
340 366 -1 -1 24.759843
366 381 -1 -1 28.272783
340 366 381 -1 33.970539
334 366 -1 -1 25.622774
334 340 366 -1 27.941633
358 366 -1 -1 29.474994
334 358 366 -1 31.268863
358 366 374 -1 29.642485
349 362 -1 -1 23.803441
333 362 -1 -1 21.727589
333 349 362 -1 27.716668
335 349 -1 -1 40.059262
331 335 -1 -1 32.431530
331 335 349 -1 40.126889
335 365 -1 -1 26.514515
349 365 -1 -1 37.476902
335 349 365 -1 41.406310
318 335 -1 -1 25.461070
318 331 335 -1 33.193855
279 295 -1 -1 28.300647
279 291 -1 -1 27.509172
291 295 -1 -1 16.016032
279 291 295 -1 29.159952
266 279 -1 -1 37.330227
266 279 291 -1 40.661028
240 242 -1 -1 27.912638
240 264 -1 -1 32.638347
240 242 264 -1 34.443897
240 257 -1 -1 18.678013
240 257 264 -1 33.259040
233 247 -1 -1 32.869104
247 260 -1 -1 26.193352
233 247 260 -1 38.042162
247 270 -1 -1 27.845031
247 262 -1 -1 27.771724
247 262 270 -1 31.144570
247 260 270 -1 30.557571
165 203 -1 -1 32.731276
186 203 -1 -1 22.581287
165 186 -1 -1 19.087606
165 186 203 -1 33.621764
165 194 -1 -1 38.973171
160 165 -1 -1 19.494895
160 165 194 -1 39.236127
194 203 -1 -1 30.446944
165 194 203 -1 40.152150
135 165 -1 -1 39.974961
153 165 -1 -1 29.527403
135 153 -1 -1 25.334987
135 153 165 -1 40.038519
106 136 -1 -1 43.022666
106 111 -1 -1 27.803847
106 111 136 -1 43.045253
136 137 -1 -1 47.794164
106 137 -1 -1 31.698195
106 136 137 -1 48.878993
206 244 -1 -1 35.746940
206 229 -1 -1 32.588948
206 229 244 -1 36.589566
193 194 -1 -1 44.215274
158 193 -1 -1 39.385134
158 193 194 -1 45.849618
171 193 -1 -1 24.116976
158 171 -1 -1 25.397817
158 171 193 -1 40.844249
193 206 -1 -1 28.482148
194 206 -1 -1 34.553352
193 194 206 -1 44.229647
96 98 -1 -1 21.272618
115 127 -1 -1 23.998457
115 120 -1 -1 26.779449
120 127 -1 -1 42.631304
115 120 127 -1 46.693654
98 115 -1 -1 24.071817
83 115 -1 -1 39.854349
83 98 115 -1 40.304162
83 115 120 -1 42.160791
96 115 -1 -1 29.211895
96 98 115 -1 29.666703
96 127 -1 -1 30.297034
96 115 127 -1 32.538206
96 102 -1 -1 25.813366
82 95 -1 -1 25.532875
95 102 -1 -1 19.523875
203 218 -1 -1 30.525391
194 218 -1 -1 25.456442
194 203 218 -1 33.550303
206 218 -1 -1 31.864153
194 206 218 -1 36.097545
213 231 -1 -1 24.746210
213 219 -1 -1 19.276785
219 231 -1 -1 18.035790
213 219 231 -1 24.931022
226 231 -1 -1 25.096144
226 259 -1 -1 39.724474
231 259 -1 -1 24.449035
226 231 259 -1 41.450816
354 364 -1 -1 18.426536
346 364 -1 -1 15.283335
346 354 364 -1 21.355159
364 379 -1 -1 16.754854
354 364 379 -1 20.331649
364 378 -1 -1 27.473828
350 364 -1 -1 29.740181
346 350 364 -1 30.328256
350 364 378 -1 31.073582
259 267 -1 -1 18.750355
267 269 -1 -1 11.760427
259 267 269 -1 20.089331
226 267 -1 -1 42.841539
226 251 -1 -1 32.520184
251 267 -1 -1 30.104423
226 251 267 -1 42.934013
226 259 267 -1 42.927472
275 282 -1 -1 20.081225
282 299 -1 -1 25.237348
275 282 299 -1 26.604467
273 282 -1 -1 16.989966
282 289 -1 -1 24.949475
273 282 289 -1 24.997801
305 316 -1 -1 18.557946
289 316 -1 -1 25.470235
289 305 316 -1 25.713643
316 319 -1 -1 27.085497
316 323 -1 -1 22.461744
316 319 323 -1 27.096604
316 328 -1 -1 21.068343
316 323 328 -1 26.750955
305 316 328 -1 28.924183
261 268 -1 -1 19.182357
261 271 -1 -1 19.757186
261 268 271 -1 20.991782
244 261 -1 -1 25.640611
244 261 268 -1 25.793610
258 276 -1 -1 36.049098
251 258 -1 -1 13.913569
251 276 -1 -1 38.449108
251 258 276 -1 38.453288
258 273 -1 -1 15.931649
258 273 276 -1 36.323166
258 267 -1 -1 18.637458
251 258 267 -1 42.413849
267 273 -1 -1 18.722164
258 267 273 -1 20.651912
164 188 -1 -1 26.365747
164 195 -1 -1 23.151157
164 188 195 -1 27.409166
162 195 -1 -1 29.798238
162 164 -1 -1 26.885302
162 164 195 -1 31.215671
141 164 -1 -1 26.547895
120 164 -1 -1 47.676661
120 141 164 -1 50.541203
342 362 -1 -1 28.565450
333 342 -1 -1 27.971597
333 342 362 -1 30.628039
310 342 -1 -1 32.625302
310 333 342 -1 33.810821
342 358 -1 -1 23.925708
342 367 -1 -1 17.412364
342 358 367 -1 25.055215
338 342 -1 -1 25.727634
338 342 358 -1 27.344766
321 342 -1 -1 34.625828
310 321 342 -1 39.665981
321 338 342 -1 36.344692
376 377 -1 -1 27.437281
367 376 -1 -1 33.528846
367 376 377 -1 34.152180
342 376 -1 -1 34.348393
342 367 376 -1 35.147461
362 376 -1 -1 14.396388
342 362 376 -1 34.988209
320 335 -1 -1 22.864174
318 320 -1 -1 19.001610
318 320 335 -1 26.451684
292 320 -1 -1 30.609276
292 318 320 -1 30.991403
291 320 -1 -1 22.490094
291 292 320 -1 30.862467
295 320 -1 -1 26.224566
291 295 320 -1 26.366274
335 336 -1 -1 32.222580
336 365 -1 -1 33.769993
335 336 365 -1 36.074203
322 336 -1 -1 36.747872
320 336 -1 -1 41.062638
320 335 336 -1 41.211377
295 336 -1 -1 46.810674
295 322 336 -1 46.817190
295 320 336 -1 46.979887
245 246 -1 -1 18.304635
246 266 -1 -1 37.681143
245 246 266 -1 37.756140
246 279 -1 -1 32.144034
246 266 279 -1 41.511678
228 257 -1 -1 32.326733
228 262 -1 -1 31.849607
228 257 262 -1 33.925231
228 240 -1 -1 24.732679
228 240 257 -1 32.462607
127 150 -1 -1 26.780887
120 150 -1 -1 51.354578
120 127 150 -1 51.406548
150 164 -1 -1 48.234268
150 162 -1 -1 31.094235
150 162 164 -1 52.167155
120 150 164 -1 56.782145
150 179 -1 -1 29.270495
162 179 -1 -1 19.350036
150 162 179 -1 31.977048
179 180 -1 -1 10.561787
150 180 -1 -1 27.546423
150 179 180 -1 29.278487
234 242 -1 -1 13.935047
229 234 -1 -1 20.943470
229 234 242 -1 22.294249
106 128 -1 -1 32.636440
128 137 -1 -1 28.760375
106 128 137 -1 35.972232
206 214 -1 -1 36.606770
214 229 -1 -1 15.936765
206 214 229 -1 36.616575
193 214 -1 -1 26.044544
193 206 214 -1 36.794041
214 234 -1 -1 21.576448
214 229 234 -1 22.944631
189 193 -1 -1 22.095711
171 189 -1 -1 28.596975
171 189 193 -1 29.431977
189 214 -1 -1 25.554621
189 204 -1 -1 22.173636
204 214 -1 -1 20.755496
189 204 214 -1 26.725124
189 193 214 -1 28.554063
96 129 -1 -1 36.273038
127 129 -1 -1 27.652996
96 127 129 -1 37.175004
102 129 -1 -1 36.839107
96 102 129 -1 39.079442
128 132 -1 -1 26.228977
117 132 -1 -1 22.815149
117 128 -1 -1 13.165972
117 128 132 -1 26.230248
128 135 -1 -1 24.428920
132 135 -1 -1 14.279016
128 132 135 -1 26.578087
218 239 -1 -1 17.746122
206 239 -1 -1 35.113713
206 218 239 -1 35.244333
165 177 -1 -1 31.672000
177 186 -1 -1 19.982904
165 177 186 -1 33.358099
153 177 -1 -1 24.564678
153 165 177 -1 33.496003
163 177 -1 -1 23.184840
153 163 -1 -1 26.157624
153 163 177 -1 28.553654
216 218 -1 -1 16.038029
203 216 -1 -1 23.076486
203 216 218 -1 31.103566
216 226 -1 -1 10.003575
203 226 -1 -1 25.454154
203 216 226 -1 25.468176
216 239 -1 -1 23.647154
216 218 239 -1 23.653281
216 251 -1 -1 32.428090
216 226 251 -1 32.867653
239 251 -1 -1 19.546618
216 239 251 -1 32.661506
236 259 -1 -1 31.228676
236 256 -1 -1 19.806737
236 256 259 -1 31.396926
231 236 -1 -1 22.531542
231 236 259 -1 31.449034
213 236 -1 -1 22.820891
213 231 236 -1 27.060087
222 231 -1 -1 18.595379
219 222 -1 -1 15.786613
219 222 231 -1 20.305214
222 226 -1 -1 7.712942
222 226 231 -1 40.327645
203 222 -1 -1 25.334250
203 219 -1 -1 25.813827
203 219 222 -1 26.896774
203 222 226 -1 25.695159
275 283 -1 -1 13.980833
269 283 -1 -1 7.670137
269 275 283 -1 14.067475
282 283 -1 -1 8.827218
275 282 283 -1 23.614491
267 283 -1 -1 14.517202
267 269 283 -1 14.558692
273 283 -1 -1 18.538364
267 273 283 -1 20.229902
273 282 283 -1 18.592666
303 316 -1 -1 21.363740
303 319 -1 -1 20.558002
303 316 319 -1 27.464463
299 303 -1 -1 23.970000
299 303 319 -1 27.095959
282 303 -1 -1 18.695503
282 299 303 -1 26.641807
289 303 -1 -1 23.658253
282 289 303 -1 26.373639
289 303 316 -1 27.339834
261 288 -1 -1 26.669925
276 288 -1 -1 22.573833
261 276 -1 -1 27.818310
261 276 288 -1 29.959292
288 308 -1 -1 21.848446
276 288 308 -1 29.888286
284 288 -1 -1 26.436205
271 288 -1 -1 31.162617
271 284 288 -1 31.284979
261 271 288 -1 31.404415
288 309 -1 -1 30.000472
288 308 309 -1 30.370813
284 288 309 -1 36.542398
369 376 -1 -1 30.331064
362 369 -1 -1 31.148725
349 369 -1 -1 24.387165
349 362 369 -1 31.579430
362 369 376 -1 31.664519
365 369 -1 -1 33.953578
349 365 369 -1 38.307868
195 207 -1 -1 39.020308
205 207 -1 -1 40.916708
195 205 207 -1 41.009129
162 207 -1 -1 38.185493
162 195 207 -1 41.856768
179 207 -1 -1 34.653858
162 179 207 -1 38.332101
207 221 -1 -1 44.059401
205 207 221 -1 44.216678
207 233 -1 -1 28.981819
207 237 -1 -1 40.786205
207 233 237 -1 43.206809
207 221 237 -1 44.467015
174 190 -1 -1 29.671230
190 200 -1 -1 31.727459
174 200 -1 -1 34.166665
174 190 200 -1 36.974180
179 190 -1 -1 26.666598
180 190 -1 -1 22.707002
179 180 190 -1 27.084645
190 207 -1 -1 36.343125
179 190 207 -1 38.358351
118 147 -1 -1 25.781519
136 147 -1 -1 27.413574
118 136 147 -1 38.373025
150 168 -1 -1 28.710711
168 180 -1 -1 18.835902
150 168 180 -1 29.895893
168 190 -1 -1 31.325006
168 180 190 -1 31.591414
168 174 -1 -1 20.948869
168 174 190 -1 32.551104
232 240 -1 -1 15.386699
232 242 -1 -1 18.997804
232 240 242 -1 29.362650
232 234 -1 -1 14.132654
232 234 242 -1 19.064838
228 232 -1 -1 31.935953
200 232 -1 -1 35.387558
200 228 -1 -1 27.691102
200 228 232 -1 37.122763
228 232 240 -1 32.778420
128 138 -1 -1 17.102681
137 138 -1 -1 25.266424
128 137 138 -1 28.969815
135 138 -1 -1 13.246248
128 135 138 -1 25.480238
138 160 -1 -1 33.091151
137 138 160 -1 33.823374
138 165 -1 -1 38.558225
138 160 165 -1 38.559800
135 138 165 -1 40.054151
114 129 -1 -1 26.608721
102 114 -1 -1 18.579060
102 114 129 -1 38.713321
95 114 -1 -1 24.065808
95 102 114 -1 24.577038
82 114 -1 -1 41.118288
82 95 114 -1 44.335792
114 118 -1 -1 40.760168
82 114 118 -1 47.832272
114 123 -1 -1 27.209381
118 123 -1 -1 19.842450
114 118 123 -1 46.708526
105 109 -1 -1 22.952790
90 105 -1 -1 17.785102
93 106 -1 -1 40.848982
109 131 -1 -1 27.732626
131 163 -1 -1 37.667106
131 153 -1 -1 27.813292
131 153 163 -1 37.680636
131 135 -1 -1 23.823334
131 135 153 -1 29.825102
131 132 -1 -1 17.408467
131 132 135 -1 24.002355
243 261 -1 -1 25.794553
243 244 -1 -1 29.023431
243 244 261 -1 31.150752
206 243 -1 -1 35.868748
206 243 244 -1 39.168791
239 243 -1 -1 23.320835
206 239 243 -1 37.592641
243 251 -1 -1 28.592715
239 243 251 -1 28.796951
243 276 -1 -1 34.531193
243 251 276 -1 39.923057
243 261 276 -1 35.053482
199 213 -1 -1 21.023385
177 197 -1 -1 22.815937
186 197 -1 -1 17.974702
177 186 197 -1 23.773600
197 203 -1 -1 24.905035
197 219 -1 -1 20.747109
197 203 219 -1 27.808712
186 197 203 -1 25.807015
197 213 -1 -1 24.861308
197 213 219 -1 25.546038
197 199 -1 -1 19.396316
197 199 213 -1 25.645323
176 199 -1 -1 19.549339
163 176 -1 -1 18.769849
176 177 -1 -1 8.967166
163 176 177 -1 24.397795
176 197 -1 -1 25.580452
176 197 199 -1 25.824598
176 177 197 -1 25.800955
190 225 -1 -1 37.728480
207 225 -1 -1 36.940456
190 207 225 -1 42.743779
225 228 -1 -1 22.834319
200 225 -1 -1 39.380987
200 225 228 -1 40.258918
190 200 225 -1 42.339506
225 247 -1 -1 24.166419
225 262 -1 -1 37.426922
225 247 262 -1 37.448434
225 228 262 -1 37.589246
225 233 -1 -1 38.169710
225 233 247 -1 38.499415
207 225 233 -1 40.733293
147 161 -1 -1 30.540719
136 161 -1 -1 20.649046
136 147 161 -1 31.282949
161 171 -1 -1 18.906088
158 161 -1 -1 31.529400
158 161 171 -1 31.530603
137 161 -1 -1 48.004376
137 158 161 -1 48.033583
136 137 161 -1 49.054621
148 168 -1 -1 21.753700
148 150 -1 -1 25.383603
148 150 168 -1 29.779735
127 148 -1 -1 30.492627
127 148 150 -1 32.157066
129 148 -1 -1 19.631917
127 129 148 -1 31.140356
146 148 -1 -1 20.419503
129 146 -1 -1 18.287116
129 146 148 -1 22.521166
223 232 -1 -1 17.626733
223 234 -1 -1 13.697486
223 232 234 -1 17.982687
214 223 -1 -1 23.651212
204 223 -1 -1 15.025343
204 214 223 -1 23.943575
214 223 234 -1 23.954656
200 204 -1 -1 34.035682
200 223 -1 -1 30.066836
200 204 223 -1 34.052808
200 223 232 -1 35.409800
187 189 -1 -1 25.369713
187 204 -1 -1 18.382527
187 189 204 -1 26.056738
187 200 -1 -1 31.793385
187 200 204 -1 34.495959
174 187 -1 -1 33.777110
174 187 200 -1 38.441709
173 187 -1 -1 18.912541
173 174 -1 -1 22.414299
173 174 187 -1 35.797646
161 166 -1 -1 23.715274
147 166 -1 -1 21.751024
147 161 166 -1 30.693436
166 187 -1 -1 34.928148
166 189 -1 -1 26.072679
166 187 189 -1 35.035395
166 173 -1 -1 34.028249
166 173 187 -1 35.887588
166 171 -1 -1 26.528780
166 171 189 -1 31.337775
161 166 171 -1 27.334205
148 154 -1 -1 18.560277
146 154 -1 -1 12.597011
146 148 154 -1 20.775658
129 133 -1 -1 18.416658
133 146 -1 -1 13.459371
129 133 146 -1 19.726707
114 133 -1 -1 20.113335
114 129 133 -1 26.639662
123 133 -1 -1 15.128547
123 146 -1 -1 22.652529
123 133 146 -1 23.415486
114 123 133 -1 27.639390
116 132 -1 -1 16.337498
116 117 -1 -1 11.774159
116 117 132 -1 23.907988
90 116 -1 -1 23.481229
90 117 -1 -1 28.056832
90 116 117 -1 28.500513
105 116 -1 -1 16.982072
90 105 116 -1 23.573289
90 108 -1 -1 27.371045
108 117 -1 -1 13.253809
90 108 117 -1 28.575835
93 108 -1 -1 19.428658
90 93 -1 -1 27.188533
90 93 108 -1 29.194445
106 108 -1 -1 32.737925
93 106 108 -1 41.470393
108 128 -1 -1 20.041701
108 117 128 -1 20.273853
106 108 128 -1 34.341091
124 131 -1 -1 16.797948
124 132 -1 -1 13.461299
124 131 132 -1 18.617604
105 124 -1 -1 16.587149
109 124 -1 -1 20.688570
105 109 124 -1 23.749903
109 124 131 -1 27.832778
152 166 -1 -1 23.429271
147 152 -1 -1 17.233271
147 152 166 -1 24.520560
152 173 -1 -1 23.353498
152 166 173 -1 34.085874
123 152 -1 -1 33.027774
118 152 -1 -1 34.096149
118 123 152 -1 35.174172
118 147 152 -1 35.002221
148 167 -1 -1 16.268181
167 168 -1 -1 13.672913
148 167 168 -1 21.779437
154 167 -1 -1 10.947660
148 154 167 -1 18.678551
167 174 -1 -1 21.719330
167 168 174 -1 22.550241
154 174 -1 -1 28.204110
154 167 174 -1 31.219104
116 126 -1 -1 9.595234
126 132 -1 -1 11.322808
116 126 132 -1 16.727363
124 126 -1 -1 8.142131
124 126 132 -1 13.496423
105 126 -1 -1 14.899525
105 116 126 -1 17.050946
105 124 126 -1 16.611589
151 152 -1 -1 19.069736
151 173 -1 -1 25.456653
151 152 173 -1 26.625428
151 174 -1 -1 32.348741
151 173 174 -1 32.483918
151 154 -1 -1 15.945110
151 154 174 -1 32.348956
146 151 -1 -1 19.651106
146 151 154 -1 19.694868
123 151 -1 -1 25.200912
123 146 151 -1 26.389841
123 151 152 -1 33.180434
82 -1 -1 -1 0.000000
83 -1 -1 -1 0.000000
90 -1 -1 -1 0.000000
93 -1 -1 -1 0.000000
95 -1 -1 -1 0.000000
96 -1 -1 -1 0.000000
98 -1 -1 -1 0.000000
100 -1 -1 -1 0.000000
102 -1 -1 -1 0.000000
105 -1 -1 -1 0.000000
106 -1 -1 -1 0.000000
108 -1 -1 -1 0.000000
109 -1 -1 -1 0.000000
111 -1 -1 -1 0.000000
114 -1 -1 -1 0.000000
115 -1 -1 -1 0.000000
116 -1 -1 -1 0.000000
117 -1 -1 -1 0.000000
118 -1 -1 -1 0.000000
120 -1 -1 -1 0.000000
123 -1 -1 -1 0.000000
124 -1 -1 -1 0.000000
126 -1 -1 -1 0.000000
127 -1 -1 -1 0.000000
128 -1 -1 -1 0.000000
129 -1 -1 -1 0.000000
131 -1 -1 -1 0.000000
132 -1 -1 -1 0.000000
133 -1 -1 -1 0.000000
135 -1 -1 -1 0.000000
136 -1 -1 -1 0.000000
137 -1 -1 -1 0.000000
138 -1 -1 -1 0.000000
141 -1 -1 -1 0.000000
146 -1 -1 -1 0.000000
147 -1 -1 -1 0.000000
148 -1 -1 -1 0.000000
150 -1 -1 -1 0.000000
151 -1 -1 -1 0.000000
152 -1 -1 -1 0.000000
153 -1 -1 -1 0.000000
154 -1 -1 -1 0.000000
158 -1 -1 -1 0.000000
160 -1 -1 -1 0.000000
161 -1 -1 -1 0.000000
162 -1 -1 -1 0.000000
163 -1 -1 -1 0.000000
164 -1 -1 -1 0.000000
165 -1 -1 -1 0.000000
166 -1 -1 -1 0.000000
167 -1 -1 -1 0.000000
168 -1 -1 -1 0.000000
171 -1 -1 -1 0.000000
173 -1 -1 -1 0.000000
174 -1 -1 -1 0.000000
176 -1 -1 -1 0.000000
177 -1 -1 -1 0.000000
179 -1 -1 -1 0.000000
180 -1 -1 -1 0.000000
186 -1 -1 -1 0.000000
187 -1 -1 -1 0.000000
188 -1 -1 -1 0.000000
189 -1 -1 -1 0.000000
190 -1 -1 -1 0.000000
193 -1 -1 -1 0.000000
194 -1 -1 -1 0.000000
195 -1 -1 -1 0.000000
197 -1 -1 -1 0.000000
199 -1 -1 -1 0.000000
200 -1 -1 -1 0.000000
203 -1 -1 -1 0.000000
204 -1 -1 -1 0.000000
205 -1 -1 -1 0.000000
206 -1 -1 -1 0.000000
207 -1 -1 -1 0.000000
213 -1 -1 -1 0.000000
214 -1 -1 -1 0.000000
216 -1 -1 -1 0.000000
218 -1 -1 -1 0.000000
219 -1 -1 -1 0.000000
221 -1 -1 -1 0.000000
222 -1 -1 -1 0.000000
223 -1 -1 -1 0.000000
225 -1 -1 -1 0.000000
226 -1 -1 -1 0.000000
228 -1 -1 -1 0.000000
229 -1 -1 -1 0.000000
231 -1 -1 -1 0.000000
232 -1 -1 -1 0.000000
233 -1 -1 -1 0.000000
234 -1 -1 -1 0.000000
236 -1 -1 -1 0.000000
237 -1 -1 -1 0.000000
239 -1 -1 -1 0.000000
240 -1 -1 -1 0.000000
242 -1 -1 -1 0.000000
243 -1 -1 -1 0.000000
244 -1 -1 -1 0.000000
245 -1 -1 -1 0.000000
246 -1 -1 -1 0.000000
247 -1 -1 -1 0.000000
250 -1 -1 -1 0.000000
251 -1 -1 -1 0.000000
255 -1 -1 -1 0.000000
256 -1 -1 -1 0.000000
257 -1 -1 -1 0.000000
258 -1 -1 -1 0.000000
259 -1 -1 -1 0.000000
260 -1 -1 -1 0.000000
261 -1 -1 -1 0.000000
262 -1 -1 -1 0.000000
264 -1 -1 -1 0.000000
266 -1 -1 -1 0.000000
267 -1 -1 -1 0.000000
268 -1 -1 -1 0.000000
269 -1 -1 -1 0.000000
270 -1 -1 -1 0.000000
271 -1 -1 -1 0.000000
272 -1 -1 -1 0.000000
273 -1 -1 -1 0.000000
275 -1 -1 -1 0.000000
276 -1 -1 -1 0.000000
278 -1 -1 -1 0.000000
279 -1 -1 -1 0.000000
282 -1 -1 -1 0.000000
283 -1 -1 -1 0.000000
284 -1 -1 -1 0.000000
286 -1 -1 -1 0.000000
288 -1 -1 -1 0.000000
289 -1 -1 -1 0.000000
291 -1 -1 -1 0.000000
292 -1 -1 -1 0.000000
294 -1 -1 -1 0.000000
295 -1 -1 -1 0.000000
296 -1 -1 -1 0.000000
297 -1 -1 -1 0.000000
299 -1 -1 -1 0.000000
303 -1 -1 -1 0.000000
305 -1 -1 -1 0.000000
306 -1 -1 -1 0.000000
308 -1 -1 -1 0.000000
309 -1 -1 -1 0.000000
310 -1 -1 -1 0.000000
313 -1 -1 -1 0.000000
314 -1 -1 -1 0.000000
315 -1 -1 -1 0.000000
316 -1 -1 -1 0.000000
317 -1 -1 -1 0.000000
318 -1 -1 -1 0.000000
319 -1 -1 -1 0.000000
320 -1 -1 -1 0.000000
321 -1 -1 -1 0.000000
322 -1 -1 -1 0.000000
323 -1 -1 -1 0.000000
327 -1 -1 -1 0.000000
328 -1 -1 -1 0.000000
331 -1 -1 -1 0.000000
333 -1 -1 -1 0.000000
334 -1 -1 -1 0.000000
335 -1 -1 -1 0.000000
336 -1 -1 -1 0.000000
338 -1 -1 -1 0.000000
339 -1 -1 -1 0.000000
340 -1 -1 -1 0.000000
342 -1 -1 -1 0.000000
343 -1 -1 -1 0.000000
346 -1 -1 -1 0.000000
349 -1 -1 -1 0.000000
350 -1 -1 -1 0.000000
352 -1 -1 -1 0.000000
354 -1 -1 -1 0.000000
357 -1 -1 -1 0.000000
358 -1 -1 -1 0.000000
362 -1 -1 -1 0.000000
364 -1 -1 -1 0.000000
365 -1 -1 -1 0.000000
366 -1 -1 -1 0.000000
367 -1 -1 -1 0.000000
369 -1 -1 -1 0.000000
372 -1 -1 -1 0.000000
373 -1 -1 -1 0.000000
374 -1 -1 -1 0.000000
376 -1 -1 -1 0.000000
377 -1 -1 -1 0.000000
378 -1 -1 -1 0.000000
379 -1 -1 -1 0.000000
381 -1 -1 -1 0.000000
