275 302 -1 -1 35.295913
275 295 -1 -1 45.990230
295 302 -1 -1 43.828125
275 295 302 -1 48.901676
297 300 -1 -1 33.205953
263 300 -1 -1 37.047496
263 297 -1 -1 35.033513
263 297 300 -1 40.649012
167 186 -1 -1 26.319661
167 182 -1 -1 20.038717
182 186 -1 -1 20.587443
167 182 186 -1 26.666640
115 126 -1 -1 22.272243
115 149 -1 -1 29.708242
126 149 -1 -1 18.669330
115 126 149 -1 29.739278
165 190 -1 -1 28.640255
190 197 -1 -1 21.040701
165 197 -1 -1 25.167226
165 190 197 -1 29.514342
165 192 -1 -1 23.169144
192 197 -1 -1 23.516169
165 192 197 -1 27.715643
143 165 -1 -1 27.588596
121 143 -1 -1 34.948736
121 165 -1 -1 43.710062
121 143 165 -1 43.740541
216 220 -1 -1 33.607917
197 216 -1 -1 28.814291
197 220 -1 -1 28.994023
197 216 220 -1 35.524643
216 225 -1 -1 34.700999
216 233 -1 -1 31.311749
225 233 -1 -1 24.721851
216 225 233 -1 35.841471
207 225 -1 -1 24.111736
207 216 -1 -1 21.369384
207 216 225 -1 35.160928
190 210 -1 -1 18.676447
197 210 -1 -1 21.966703
190 197 210 -1 23.890444
210 220 -1 -1 22.158172
197 210 220 -1 29.267914
247 275 -1 -1 34.938546
247 295 -1 -1 41.311087
247 275 295 -1 47.926371
302 306 -1 -1 27.115158
295 306 -1 -1 25.502043
295 302 306 -1 47.533442
220 228 -1 -1 24.177155
220 244 -1 -1 39.171846
228 244 -1 -1 41.075414
220 228 244 -1 42.186119
228 251 -1 -1 30.106036
244 251 -1 -1 24.270173
228 244 251 -1 41.433738
216 228 -1 -1 30.283504
228 233 -1 -1 24.268336
216 228 233 -1 33.528802
216 220 228 -1 34.748722
169 192 -1 -1 22.955350
182 192 -1 -1 24.732153
169 182 -1 -1 19.256433
169 182 192 -1 26.138478
167 169 -1 -1 21.222584
167 169 182 -1 23.351768
165 169 -1 -1 26.813599
143 169 -1 -1 25.619187
143 165 169 -1 30.841990
165 169 192 -1 28.343880
358 376 -1 -1 22.277748
376 386 -1 -1 18.258682
358 386 -1 -1 28.788362
358 376 386 -1 28.788380
386 403 -1 -1 24.168722
166 196 -1 -1 23.433978
166 186 -1 -1 31.249201
186 196 -1 -1 23.286469
166 186 196 -1 31.423826
254 275 -1 -1 35.583517
266 275 -1 -1 32.881935
254 266 -1 -1 15.221074
254 266 275 -1 35.622332
254 262 -1 -1 34.779621
262 266 -1 -1 28.162685
254 262 266 -1 35.616930
205 224 -1 -1 24.040466
205 225 -1 -1 35.912395
224 225 -1 -1 41.285389
205 224 225 -1 41.470948
196 205 -1 -1 23.268259
186 205 -1 -1 28.161512
186 196 205 -1 29.232185
205 209 -1 -1 24.351418
196 209 -1 -1 29.548512
196 205 209 -1 30.366721
209 224 -1 -1 23.469719
205 209 224 -1 27.669029
262 273 -1 -1 20.368881
266 273 -1 -1 18.368539
262 266 273 -1 28.204728
152 155 -1 -1 19.070762
152 174 -1 -1 26.728729
155 174 -1 -1 25.806858
152 155 174 -1 28.215087
153 155 -1 -1 25.842344
152 153 -1 -1 21.269757
152 153 155 -1 26.285072
152 193 -1 -1 34.273284
153 193 -1 -1 37.590901
152 153 193 -1 38.002438
152 215 -1 -1 52.294435
174 215 -1 -1 45.190041
152 174 215 -1 52.296576
94 124 -1 -1 26.234598
124 155 -1 -1 29.338905
124 153 -1 -1 41.025849
124 153 155 -1 41.240532
110 124 -1 -1 19.835972
220 230 -1 -1 30.698075
230 244 -1 -1 27.412777
220 230 244 -1 39.348718
210 230 -1 -1 33.071195
210 220 230 -1 34.152745
111 124 -1 -1 36.576621
94 111 -1 -1 19.496954
94 111 124 -1 37.915633
111 153 -1 -1 30.361782
111 124 153 -1 42.482190
118 125 -1 -1 27.581972
111 118 -1 -1 30.492215
118 148 -1 -1 25.692359
111 148 -1 -1 31.709238
111 118 148 -1 34.175343
300 312 -1 -1 22.831908
297 312 -1 -1 24.820065
297 300 312 -1 33.221523
307 333 -1 -1 24.330256
333 338 -1 -1 12.840840
307 338 -1 -1 27.683136
307 333 338 -1 27.686341
307 312 -1 -1 23.866574
312 333 -1 -1 18.277729
307 312 333 -1 26.049809
300 307 -1 -1 19.822537
300 307 312 -1 25.810319
306 307 -1 -1 29.761263
306 338 -1 -1 28.671180
306 307 338 -1 33.189855
295 307 -1 -1 22.634777
295 306 307 -1 30.656494
126 137 -1 -1 10.784460
137 149 -1 -1 12.680534
126 137 149 -1 19.340825
115 142 -1 -1 21.957860
142 149 -1 -1 25.464124
115 142 149 -1 30.466832
142 169 -1 -1 25.892922
142 143 -1 -1 29.742866
142 143 169 -1 31.546280
142 167 -1 -1 17.057823
142 167 169 -1 26.018055
113 142 -1 -1 32.468920
113 143 -1 -1 22.417662
113 142 143 -1 33.530916
113 115 -1 -1 30.633803
113 115 142 -1 33.744173
157 165 -1 -1 29.490613
121 157 -1 -1 33.264958
121 157 165 -1 43.734578
157 190 -1 -1 21.638996
157 165 190 -1 31.333490
192 204 -1 -1 10.883142
197 204 -1 -1 27.544657
192 197 204 -1 27.953805
204 216 -1 -1 15.878478
197 204 216 -1 29.448568
204 207 -1 -1 18.859979
204 207 216 -1 22.084441
182 207 -1 -1 25.695424
182 204 -1 -1 24.568725
182 204 207 -1 27.147902
182 192 204 -1 25.276505
202 210 -1 -1 12.307284
190 202 -1 -1 13.011112
190 202 210 -1 18.748503
157 202 -1 -1 30.776544
157 174 -1 -1 39.014798
174 202 -1 -1 31.163272
157 174 202 -1 39.874596
157 190 202 -1 36.848722
247 267 -1 -1 20.851872
267 275 -1 -1 21.791828
247 267 275 -1 37.183829
254 267 -1 -1 27.709316
243 254 -1 -1 20.435383
243 267 -1 -1 22.657576
243 254 267 -1 28.149722
254 267 275 -1 35.590254
224 239 -1 -1 38.176670
239 243 -1 -1 14.566572
224 243 -1 -1 31.454772
224 239 243 -1 39.757954
225 239 -1 -1 20.521442
224 225 239 -1 41.542641
239 267 -1 -1 23.838498
239 243 267 -1 24.545413
239 247 -1 -1 27.590752
239 247 267 -1 28.445118
233 239 -1 -1 29.196470
225 233 239 -1 29.666304
233 247 -1 -1 25.431426
233 239 247 -1 31.794148
357 369 -1 -1 19.989246
362 369 -1 -1 16.435983
357 362 -1 -1 27.961772
357 362 369 -1 28.378162
326 357 -1 -1 43.739630
326 362 -1 -1 32.440418
326 357 362 -1 43.781069
302 326 -1 -1 33.166573
302 357 -1 -1 38.143095
302 326 357 -1 45.218398
228 248 -1 -1 27.389994
248 251 -1 -1 26.220469
228 248 251 -1 32.404846
247 248 -1 -1 20.715403
233 248 -1 -1 25.034639
233 247 248 -1 27.675147
228 233 248 -1 29.651922
359 376 -1 -1 21.813853
358 359 -1 -1 15.932025
358 359 376 -1 23.650682
386 404 -1 -1 37.386746
401 404 -1 -1 21.698784
358 385 -1 -1 28.481205
385 386 -1 -1 27.612919
358 385 386 -1 32.686025
385 403 -1 -1 22.646221
385 386 403 -1 29.000087
357 385 -1 -1 28.786625
357 358 -1 -1 18.290148
357 358 385 -1 30.219793
369 385 -1 -1 17.497168
357 369 385 -1 29.241853
333 352 -1 -1 17.939296
338 352 -1 -1 16.821436
333 338 352 -1 18.755150
383 404 -1 -1 31.560485
383 401 -1 -1 28.622597
383 401 404 -1 32.483636
410 414 -1 -1 20.278497
341 354 -1 -1 32.387675
336 354 -1 -1 22.658999
336 341 -1 -1 29.459502
336 341 354 -1 33.440314
345 354 -1 -1 33.285324
336 345 -1 -1 33.038042
336 345 354 -1 35.286403
368 392 -1 -1 33.978239
163 167 -1 -1 12.536819
163 186 -1 -1 24.679378
163 167 186 -1 26.507408
163 166 -1 -1 21.222816
163 166 186 -1 31.347678
149 166 -1 -1 19.404362
149 163 -1 -1 14.502337
149 163 166 -1 21.875336
142 163 -1 -1 23.006378
142 149 163 -1 25.705277
142 163 167 -1 23.432038
191 209 -1 -1 23.203516
224 234 -1 -1 20.862804
234 243 -1 -1 31.833361
224 234 243 -1 33.521888
234 254 -1 -1 27.665110
234 243 254 -1 32.197629
234 262 -1 -1 35.254662
234 254 262 -1 38.121019
205 206 -1 -1 24.561544
186 206 -1 -1 22.566321
186 205 206 -1 29.409010
206 207 -1 -1 14.959816
182 206 -1 -1 28.588592
182 206 207 -1 28.696940
182 186 206 -1 28.813132
206 225 -1 -1 22.343985
206 207 225 -1 24.672117
205 206 225 -1 36.446256
342 366 -1 -1 26.742889
327 342 -1 -1 21.460324
326 327 -1 -1 29.012845
326 342 -1 -1 34.290667
326 327 342 -1 34.468815
273 327 -1 -1 34.780353
175 193 -1 -1 24.108392
153 175 -1 -1 30.681944
153 175 193 -1 37.694337
152 214 -1 -1 51.040532
214 215 -1 -1 14.341230
152 214 215 -1 52.365230
193 214 -1 -1 43.375202
152 193 214 -1 51.637872
193 218 -1 -1 37.382104
214 218 -1 -1 21.421186
193 214 218 -1 43.380538
102 110 -1 -1 23.701733
102 104 -1 -1 16.419326
102 121 -1 -1 13.988345
104 121 -1 -1 17.318392
102 104 121 -1 18.562536
231 244 -1 -1 24.835245
231 263 -1 -1 34.484344
244 263 -1 -1 29.479070
231 244 263 -1 35.214538
230 231 -1 -1 17.677379
230 231 244 -1 27.992823
215 230 -1 -1 32.338209
215 231 -1 -1 28.001156
215 230 231 -1 32.380860
193 217 -1 -1 32.078986
217 218 -1 -1 32.292144
193 217 218 -1 39.535465
160 175 -1 -1 17.807804
160 180 -1 -1 19.106343
175 180 -1 -1 18.413023
160 175 180 -1 21.322215
148 175 -1 -1 21.748961
148 160 -1 -1 14.698329
148 160 175 -1 21.893926
292 307 -1 -1 24.426219
292 300 -1 -1 7.425779
292 300 307 -1 28.293111
134 166 -1 -1 19.811178
134 149 -1 -1 21.521069
134 149 166 -1 23.457040
134 137 -1 -1 13.174804
134 137 149 -1 23.323154
107 143 -1 -1 30.315058
107 121 -1 -1 11.732425
107 121 143 -1 35.925704
107 113 -1 -1 27.984746
107 113 143 -1 31.699032
104 107 -1 -1 12.982837
104 107 121 -1 17.322070
102 140 -1 -1 30.155603
121 140 -1 -1 34.491713
102 121 140 -1 34.666635
140 157 -1 -1 28.529833
121 140 157 -1 37.373110
110 140 -1 -1 26.319597
102 110 140 -1 31.380154
124 140 -1 -1 24.848230
110 124 140 -1 27.807947
208 230 -1 -1 21.126421
208 210 -1 -1 26.805815
208 210 230 -1 33.136685
202 208 -1 -1 25.075234
202 208 210 -1 26.940696
208 215 -1 -1 27.936747
208 215 230 -1 32.725339
174 208 -1 -1 31.320459
174 208 215 -1 45.782873
174 202 208 -1 34.109414
276 278 -1 -1 18.487577
251 276 -1 -1 26.445367
251 278 -1 -1 13.733668
251 276 278 -1 28.043033
248 276 -1 -1 23.239378
248 251 276 -1 29.345099
276 292 -1 -1 28.498709
278 292 -1 -1 16.699883
276 278 292 -1 29.976746
247 276 -1 -1 35.067241
276 295 -1 -1 16.074178
247 276 295 -1 42.109694
247 248 276 -1 36.425949
276 307 -1 -1 29.890934
276 295 307 -1 30.325560
276 292 307 -1 32.176497
179 191 -1 -1 18.639257
179 196 -1 -1 20.522661
179 209 -1 -1 28.210541
179 196 209 -1 30.944822
179 191 209 -1 28.364460
349 357 -1 -1 32.911380
349 358 -1 -1 23.989395
349 357 358 -1 33.571284
349 359 -1 -1 10.993283
349 358 359 -1 29.277860
349 352 -1 -1 24.259855
338 349 -1 -1 16.585654
338 349 352 -1 24.296169
352 359 -1 -1 24.985439
349 352 359 -1 25.309800
381 383 -1 -1 14.297944
381 404 -1 -1 26.622831
381 383 404 -1 31.749086
376 381 -1 -1 23.655705
381 386 -1 -1 32.579631
376 381 386 -1 33.217380
381 386 404 -1 38.279388
346 383 -1 -1 35.029201
346 356 -1 -1 26.224996
356 383 -1 -1 31.017634
346 356 383 -1 36.275640
312 346 -1 -1 34.847430
297 346 -1 -1 40.362823
297 312 346 -1 40.638708
333 346 -1 -1 33.104735
312 333 346 -1 35.414288
346 352 -1 -1 28.473125
333 346 352 -1 33.126018
345 346 -1 -1 45.250170
345 356 -1 -1 37.070487
345 346 356 -1 45.251410
301 346 -1 -1 47.814320
297 301 -1 -1 19.761265
297 301 346 -1 48.496071
301 345 -1 -1 35.246514
301 345 346 -1 50.372915
409 414 -1 -1 20.185381
385 411 -1 -1 31.822446
403 411 -1 -1 26.550989
385 403 411 -1 32.295806
341 374 -1 -1 32.023206
341 368 -1 -1 29.263694
368 374 -1 -1 20.010715
341 368 374 -1 32.666643
397 415 -1 -1 20.833604
373 415 -1 -1 31.019929
373 397 -1 -1 18.247920
373 397 415 -1 32.095771
390 415 -1 -1 40.471516
373 390 -1 -1 20.787915
373 390 415 -1 41.213196
390 401 -1 -1 22.488146
356 390 -1 -1 29.640158
356 373 -1 -1 30.794098
356 373 390 -1 32.218795
383 390 -1 -1 30.791301
383 390 401 -1 32.202085
356 383 390 -1 35.218624
405 406 -1 -1 14.719476
326 365 -1 -1 35.878561
362 365 -1 -1 18.691566
326 362 365 -1 36.039509
342 365 -1 -1 39.612357
326 342 365 -1 42.517817
365 366 -1 -1 21.889858
342 365 366 -1 41.812608
310 327 -1 -1 18.508335
310 326 -1 -1 30.626989
310 326 327 -1 31.465588
302 310 -1 -1 44.479615
275 310 -1 -1 38.626232
275 302 310 -1 46.311715
302 310 326 -1 44.498766
273 310 -1 -1 24.915608
273 310 327 -1 36.091407
266 310 -1 -1 32.004246
266 275 310 -1 40.379781
266 273 310 -1 32.087976
147 175 -1 -1 19.377699
147 153 -1 -1 16.412273
147 153 175 -1 34.681127
147 148 -1 -1 14.351889
147 148 175 -1 22.174586
111 147 -1 -1 29.321669
111 147 153 -1 31.091404
111 147 148 -1 31.790830
344 368 -1 -1 32.300017
272 286 -1 -1 15.513717
263 286 -1 -1 24.271946
263 272 -1 -1 33.449661
263 272 286 -1 36.224654
286 297 -1 -1 29.802029
263 286 297 -1 35.568357
286 301 -1 -1 22.561894
286 297 301 -1 29.804459
303 341 -1 -1 30.319269
303 336 -1 -1 34.200262
303 336 341 -1 36.446707
252 271 -1 -1 20.681247
253 271 -1 -1 31.638481
252 253 -1 -1 29.331658
252 253 271 -1 32.563149
231 249 -1 -1 25.976702
215 249 -1 -1 30.561227
215 231 249 -1 32.768302
214 249 -1 -1 32.202478
214 215 249 -1 32.425620
249 263 -1 -1 34.929208
231 249 263 -1 37.430294
249 272 -1 -1 29.394075
249 263 272 -1 37.896958
249 253 -1 -1 20.812564
253 272 -1 -1 18.624559
249 253 272 -1 29.568050
200 217 -1 -1 17.980179
193 200 -1 -1 26.754567
193 200 217 -1 32.080730
175 200 -1 -1 29.887302
180 200 -1 -1 20.235059
175 180 200 -1 30.467674
175 193 200 -1 31.468450
136 168 -1 -1 24.667172
136 150 -1 -1 25.522662
150 168 -1 -1 22.633273
136 150 168 -1 28.127988
160 168 -1 -1 24.947627
168 180 -1 -1 20.707994
160 168 180 -1 25.554950
168 187 -1 -1 28.770559
125 129 -1 -1 15.677037
129 136 -1 -1 21.375337
129 150 -1 -1 21.987656
129 136 150 -1 26.821377
125 136 -1 -1 12.037407
125 129 136 -1 21.712313
145 160 -1 -1 12.668724
145 148 -1 -1 19.539304
145 148 160 -1 19.541244
118 145 -1 -1 27.607562
118 145 148 -1 28.745544
145 168 -1 -1 24.226978
136 145 -1 -1 11.787413
136 145 168 -1 25.205591
145 160 168 -1 25.482054
125 145 -1 -1 21.693315
118 125 145 -1 30.010349
125 136 145 -1 28.812096
277 300 -1 -1 17.048366
263 277 -1 -1 27.921411
263 277 300 -1 39.068932
277 292 -1 -1 10.286037
277 292 300 -1 32.268203
244 277 -1 -1 27.606771
244 263 277 -1 32.762969
277 278 -1 -1 14.780712
277 278 292 -1 16.889078
251 277 -1 -1 22.627870
244 251 277 -1 29.023099
251 277 278 -1 23.423861
131 137 -1 -1 5.638379
126 131 -1 -1 14.514835
126 131 137 -1 16.928502
131 134 -1 -1 8.177193
131 134 137 -1 22.596992
100 107 -1 -1 16.575220
100 113 -1 -1 18.815273
100 107 113 -1 28.883603
100 104 -1 -1 19.605451
100 104 107 -1 19.791782
124 158 -1 -1 25.786733
155 158 -1 -1 9.598829
124 155 158 -1 30.004303
140 158 -1 -1 19.314627
124 140 158 -1 27.411278
158 174 -1 -1 25.852760
155 158 174 -1 26.287865
157 158 -1 -1 39.220762
157 158 174 -1 41.447068
140 157 158 -1 41.378775
166 173 -1 -1 12.241621
173 196 -1 -1 16.177486
166 173 196 -1 24.990101
173 179 -1 -1 16.891601
173 179 196 -1 21.089484
134 173 -1 -1 26.881831
146 173 -1 -1 28.190672
134 146 -1 -1 17.727814
134 146 173 -1 29.147418
134 166 173 -1 28.956549
159 179 -1 -1 27.835598
159 173 -1 -1 30.435283
146 159 -1 -1 14.102675
146 159 173 -1 30.544869
159 173 179 -1 30.748308
117 120 -1 -1 19.261049
120 131 -1 -1 21.313426
120 126 -1 -1 24.919474
120 126 131 -1 24.982618
117 139 -1 -1 11.579452
337 349 -1 -1 9.510057
337 357 -1 -1 36.959949
337 349 357 -1 38.840849
306 337 -1 -1 18.407762
302 337 -1 -1 39.036283
302 306 337 -1 43.725537
302 337 357 -1 43.964853
337 338 -1 -1 14.660056
306 337 338 -1 33.042181
337 338 349 -1 16.684286
370 381 -1 -1 15.600311
370 376 -1 -1 17.430517
370 376 381 -1 23.661856
359 370 -1 -1 26.764554
359 370 376 -1 26.857839
352 370 -1 -1 22.229349
352 359 370 -1 28.711393
370 383 -1 -1 23.789738
370 381 383 -1 24.670738
346 370 -1 -1 36.509634
346 352 370 -1 36.518627
346 370 383 -1 37.985350
391 405 -1 -1 17.903063
391 392 -1 -1 25.803309
392 405 -1 -1 29.251515
391 392 405 -1 29.548574
368 391 -1 -1 23.154644
368 391 392 -1 34.005035
374 391 -1 -1 15.787637
368 374 391 -1 23.537793
375 397 -1 -1 19.901683
373 375 -1 -1 26.990803
373 375 397 -1 26.990811
354 375 -1 -1 26.794915
345 375 -1 -1 41.653381
345 354 375 -1 41.707544
356 375 -1 -1 45.660720
356 373 375 -1 47.102379
345 356 375 -1 48.400712
402 406 -1 -1 15.006855
375 402 -1 -1 27.209884
397 402 -1 -1 22.450405
375 397 402 -1 27.655221
402 415 -1 -1 29.395129
397 402 415 -1 29.487503
388 411 -1 -1 25.082831
410 411 -1 -1 27.774717
388 410 -1 -1 29.536824
388 410 411 -1 31.918872
385 388 -1 -1 29.912528
369 388 -1 -1 25.520403
369 385 388 -1 29.986481
385 388 411 -1 33.847396
362 388 -1 -1 26.291577
362 369 388 -1 27.340946
365 388 -1 -1 26.289286
362 365 388 -1 28.127645
340 341 -1 -1 17.957462
340 368 -1 -1 26.581831
340 341 368 -1 29.754589
340 344 -1 -1 16.417930
340 344 368 -1 32.396027
303 340 -1 -1 33.589915
303 340 341 -1 33.773706
286 299 -1 -1 21.431888
272 299 -1 -1 21.901380
272 286 299 -1 23.212595
299 301 -1 -1 20.404932
286 299 301 -1 24.850835
299 317 -1 -1 13.203091
301 317 -1 -1 24.406221
299 301 317 -1 24.407264
332 345 -1 -1 18.094403
332 336 -1 -1 28.601993
332 336 345 -1 33.083043
301 332 -1 -1 25.096387
301 332 345 -1 37.122767
317 332 -1 -1 12.392363
301 317 332 -1 25.600103
303 316 -1 -1 26.151276
271 316 -1 -1 36.433134
271 303 -1 -1 41.583992
271 303 316 -1 42.047085
316 336 -1 -1 17.999728
303 316 336 -1 34.716695
316 332 -1 -1 29.730017
316 332 336 -1 30.711214
316 317 -1 -1 25.089407
316 317 332 -1 30.128692
285 303 -1 -1 27.585063
271 285 -1 -1 31.556901
271 285 303 -1 41.589198
217 235 -1 -1 32.017296
218 235 -1 -1 30.988207
217 218 235 -1 36.696698
250 252 -1 -1 15.819287
250 253 -1 -1 20.087824
250 252 253 -1 31.015746
249 250 -1 -1 31.997462
249 250 253 -1 32.830400
235 250 -1 -1 27.298957
218 250 -1 -1 26.612987
218 235 250 -1 32.944215
235 252 -1 -1 21.066107
235 250 252 -1 27.379871
214 250 -1 -1 36.454906
214 218 250 -1 36.827810
214 249 250 -1 38.997046
212 217 -1 -1 38.518456
212 229 -1 -1 31.189079
217 229 -1 -1 34.962996
212 217 229 -1 40.747846
187 212 -1 -1 23.086227
168 195 -1 -1 22.810123
187 195 -1 -1 19.292470
168 187 195 -1 28.848750
195 212 -1 -1 25.010347
187 195 212 -1 26.342173
131 135 -1 -1 15.318700
134 135 -1 -1 9.839804
131 134 135 -1 17.068452
120 135 -1 -1 17.720857
120 131 135 -1 21.643306
135 146 -1 -1 12.049324
134 135 146 -1 18.613286
135 139 -1 -1 18.901080
139 146 -1 -1 15.715763
135 139 146 -1 18.981942
117 135 -1 -1 22.210190
117 120 135 -1 23.141637
117 135 139 -1 22.210412
366 396 -1 -1 24.959379
396 409 -1 -1 19.420019
396 414 -1 -1 28.895221
396 409 414 -1 28.954988
365 396 -1 -1 34.768821
365 366 396 -1 34.935883
396 410 -1 -1 38.187157
396 410 414 -1 38.828441
388 396 -1 -1 42.674616
388 396 410 -1 43.806832
365 388 396 -1 42.714393
395 402 -1 -1 14.797365
375 395 -1 -1 22.532078
375 395 402 -1 27.215647
395 406 -1 -1 16.379555
395 402 406 -1 17.837876
304 340 -1 -1 29.381733
304 344 -1 -1 26.191164
304 340 344 -1 29.552199
303 304 -1 -1 31.574612
303 304 340 -1 36.554566
285 304 -1 -1 38.078673
285 303 304 -1 38.687832
287 316 -1 -1 24.070681
271 287 -1 -1 19.316633
271 287 316 -1 39.810619
287 299 -1 -1 21.616779
272 287 -1 -1 28.566801
272 287 299 -1 28.843726
287 317 -1 -1 23.346461
287 299 317 -1 23.687765
287 316 317 -1 27.945346
253 287 -1 -1 34.118781
253 272 287 -1 34.118801
253 271 287 -1 34.633940
252 258 -1 -1 14.140161
258 271 -1 -1 21.541515
252 258 271 -1 22.437412
258 285 -1 -1 27.694358
258 271 285 -1 32.188355
235 258 -1 -1 22.161805
235 252 258 -1 22.926459
229 242 -1 -1 23.982317
217 232 -1 -1 33.819321
229 232 -1 -1 15.404331
217 229 232 -1 35.375377
232 235 -1 -1 14.473666
217 232 235 -1 33.982973
232 258 -1 -1 25.768658
232 235 258 -1 25.810718
168 194 -1 -1 24.291216
180 194 -1 -1 16.866618
168 180 194 -1 24.678314
194 195 -1 -1 8.331831
168 194 195 -1 24.291226
194 200 -1 -1 14.489583
180 194 200 -1 20.547951
194 212 -1 -1 30.358858
194 195 212 -1 36.181155
194 217 -1 -1 29.253127
194 200 217 -1 37.245163
194 212 217 -1 39.056223
375 379 -1 -1 21.254550
354 379 -1 -1 20.280610
354 375 379 -1 27.182644
379 395 -1 -1 14.393386
375 379 395 -1 23.253587
391 399 -1 -1 17.488758
374 399 -1 -1 18.194401
374 391 399 -1 19.906864
395 399 -1 -1 11.075323
399 406 -1 -1 11.811623
395 399 406 -1 16.384027
399 405 -1 -1 19.309157
399 405 406 -1 19.331374
391 399 405 -1 21.117366
294 304 -1 -1 22.755871
285 294 -1 -1 35.234704
285 294 304 -1 38.807519
258 264 -1 -1 19.495685
264 285 -1 -1 20.710953
258 264 285 -1 27.731976
232 264 -1 -1 24.890349
232 258 264 -1 27.462731
242 264 -1 -1 33.680152
229 264 -1 -1 32.275344
229 242 264 -1 35.445752
229 232 264 -1 33.256291
377 379 -1 -1 9.082722
377 395 -1 -1 16.182593
377 379 395 -1 16.274775
377 399 -1 -1 15.344099
377 395 399 -1 16.872967
374 377 -1 -1 10.464349
374 377 399 -1 18.211488
354 377 -1 -1 26.049170
354 377 379 -1 30.109409
341 377 -1 -1 35.023642
341 354 377 -1 36.676723
341 374 377 -1 35.355913
264 269 -1 -1 25.314216
242 269 -1 -1 26.556139
242 264 269 -1 34.105529
269 294 -1 -1 21.852498
269 285 -1 -1 30.366355
269 285 294 -1 35.487609
264 269 285 -1 30.671906
94 -1 -1 -1 0.000000
100 -1 -1 -1 0.000000
102 -1 -1 -1 0.000000
104 -1 -1 -1 0.000000
107 -1 -1 -1 0.000000
110 -1 -1 -1 0.000000
111 -1 -1 -1 0.000000
113 -1 -1 -1 0.000000
115 -1 -1 -1 0.000000
117 -1 -1 -1 0.000000
118 -1 -1 -1 0.000000
120 -1 -1 -1 0.000000
121 -1 -1 -1 0.000000
124 -1 -1 -1 0.000000
125 -1 -1 -1 0.000000
126 -1 -1 -1 0.000000
129 -1 -1 -1 0.000000
131 -1 -1 -1 0.000000
134 -1 -1 -1 0.000000
135 -1 -1 -1 0.000000
136 -1 -1 -1 0.000000
137 -1 -1 -1 0.000000
139 -1 -1 -1 0.000000
140 -1 -1 -1 0.000000
142 -1 -1 -1 0.000000
143 -1 -1 -1 0.000000
145 -1 -1 -1 0.000000
146 -1 -1 -1 0.000000
147 -1 -1 -1 0.000000
148 -1 -1 -1 0.000000
149 -1 -1 -1 0.000000
150 -1 -1 -1 0.000000
152 -1 -1 -1 0.000000
153 -1 -1 -1 0.000000
155 -1 -1 -1 0.000000
157 -1 -1 -1 0.000000
158 -1 -1 -1 0.000000
159 -1 -1 -1 0.000000
160 -1 -1 -1 0.000000
163 -1 -1 -1 0.000000
165 -1 -1 -1 0.000000
166 -1 -1 -1 0.000000
167 -1 -1 -1 0.000000
168 -1 -1 -1 0.000000
169 -1 -1 -1 0.000000
173 -1 -1 -1 0.000000
174 -1 -1 -1 0.000000
175 -1 -1 -1 0.000000
179 -1 -1 -1 0.000000
180 -1 -1 -1 0.000000
182 -1 -1 -1 0.000000
186 -1 -1 -1 0.000000
187 -1 -1 -1 0.000000
190 -1 -1 -1 0.000000
191 -1 -1 -1 0.000000
192 -1 -1 -1 0.000000
193 -1 -1 -1 0.000000
194 -1 -1 -1 0.000000
195 -1 -1 -1 0.000000
196 -1 -1 -1 0.000000
197 -1 -1 -1 0.000000
200 -1 -1 -1 0.000000
202 -1 -1 -1 0.000000
204 -1 -1 -1 0.000000
205 -1 -1 -1 0.000000
206 -1 -1 -1 0.000000
207 -1 -1 -1 0.000000
208 -1 -1 -1 0.000000
209 -1 -1 -1 0.000000
210 -1 -1 -1 0.000000
212 -1 -1 -1 0.000000
214 -1 -1 -1 0.000000
215 -1 -1 -1 0.000000
216 -1 -1 -1 0.000000
217 -1 -1 -1 0.000000
218 -1 -1 -1 0.000000
220 -1 -1 -1 0.000000
224 -1 -1 -1 0.000000
225 -1 -1 -1 0.000000
228 -1 -1 -1 0.000000
229 -1 -1 -1 0.000000
230 -1 -1 -1 0.000000
231 -1 -1 -1 0.000000
232 -1 -1 -1 0.000000
233 -1 -1 -1 0.000000
234 -1 -1 -1 0.000000
235 -1 -1 -1 0.000000
239 -1 -1 -1 0.000000
242 -1 -1 -1 0.000000
243 -1 -1 -1 0.000000
244 -1 -1 -1 0.000000
247 -1 -1 -1 0.000000
248 -1 -1 -1 0.000000
249 -1 -1 -1 0.000000
250 -1 -1 -1 0.000000
251 -1 -1 -1 0.000000
252 -1 -1 -1 0.000000
253 -1 -1 -1 0.000000
254 -1 -1 -1 0.000000
258 -1 -1 -1 0.000000
262 -1 -1 -1 0.000000
263 -1 -1 -1 0.000000
264 -1 -1 -1 0.000000
266 -1 -1 -1 0.000000
267 -1 -1 -1 0.000000
269 -1 -1 -1 0.000000
271 -1 -1 -1 0.000000
272 -1 -1 -1 0.000000
273 -1 -1 -1 0.000000
275 -1 -1 -1 0.000000
276 -1 -1 -1 0.000000
277 -1 -1 -1 0.000000
278 -1 -1 -1 0.000000
285 -1 -1 -1 0.000000
286 -1 -1 -1 0.000000
287 -1 -1 -1 0.000000
292 -1 -1 -1 0.000000
294 -1 -1 -1 0.000000
295 -1 -1 -1 0.000000
297 -1 -1 -1 0.000000
299 -1 -1 -1 0.000000
300 -1 -1 -1 0.000000
301 -1 -1 -1 0.000000
302 -1 -1 -1 0.000000
303 -1 -1 -1 0.000000
304 -1 -1 -1 0.000000
306 -1 -1 -1 0.000000
307 -1 -1 -1 0.000000
310 -1 -1 -1 0.000000
312 -1 -1 -1 0.000000
316 -1 -1 -1 0.000000
317 -1 -1 -1 0.000000
326 -1 -1 -1 0.000000
327 -1 -1 -1 0.000000
332 -1 -1 -1 0.000000
333 -1 -1 -1 0.000000
336 -1 -1 -1 0.000000
337 -1 -1 -1 0.000000
338 -1 -1 -1 0.000000
340 -1 -1 -1 0.000000
341 -1 -1 -1 0.000000
342 -1 -1 -1 0.000000
344 -1 -1 -1 0.000000
345 -1 -1 -1 0.000000
346 -1 -1 -1 0.000000
349 -1 -1 -1 0.000000
352 -1 -1 -1 0.000000
354 -1 -1 -1 0.000000
356 -1 -1 -1 0.000000
357 -1 -1 -1 0.000000
358 -1 -1 -1 0.000000
359 -1 -1 -1 0.000000
362 -1 -1 -1 0.000000
365 -1 -1 -1 0.000000
366 -1 -1 -1 0.000000
368 -1 -1 -1 0.000000
369 -1 -1 -1 0.000000
370 -1 -1 -1 0.000000
373 -1 -1 -1 0.000000
374 -1 -1 -1 0.000000
375 -1 -1 -1 0.000000
376 -1 -1 -1 0.000000
377 -1 -1 -1 0.000000
379 -1 -1 -1 0.000000
381 -1 -1 -1 0.000000
383 -1 -1 -1 0.000000
385 -1 -1 -1 0.000000
386 -1 -1 -1 0.000000
388 -1 -1 -1 0.000000
390 -1 -1 -1 0.000000
391 -1 -1 -1 0.000000
392 -1 -1 -1 0.000000
395 -1 -1 -1 0.000000
396 -1 -1 -1 0.000000
397 -1 -1 -1 0.000000
399 -1 -1 -1 0.000000
401 -1 -1 -1 0.000000
402 -1 -1 -1 0.000000
403 -1 -1 -1 0.000000
404 -1 -1 -1 0.000000
405 -1 -1 -1 0.000000
406 -1 -1 -1 0.000000
409 -1 -1 -1 0.000000
410 -1 -1 -1 0.000000
411 -1 -1 -1 0.000000
414 -1 -1 -1 0.000000
415 -1 -1 -1 0.000000
