318 327 -1 -1 23.021917
318 341 -1 -1 28.740569
327 341 -1 -1 21.203094
318 327 341 -1 29.102836
300 307 -1 -1 35.372840
307 315 -1 -1 19.284474
300 315 -1 -1 23.449068
300 307 315 -1 37.983196
300 329 -1 -1 30.592013
315 329 -1 -1 24.891431
300 315 329 -1 31.223391
320 329 -1 -1 26.911325
300 320 -1 -1 32.832453
300 320 329 -1 35.099194
333 354 -1 -1 19.628913
331 354 -1 -1 32.887853
331 333 -1 -1 27.813447
331 333 354 -1 32.970517
306 336 -1 -1 27.735687
317 336 -1 -1 32.775381
306 317 -1 -1 22.649782
306 317 336 -1 33.234215
107 111 -1 -1 27.920010
142 162 -1 -1 23.680121
142 176 -1 -1 30.685382
162 176 -1 -1 20.686192
142 162 176 -1 30.720866
256 261 -1 -1 28.395367
256 278 -1 -1 30.667912
261 278 -1 -1 24.376579
256 261 278 -1 32.515388
221 247 -1 -1 29.749137
234 247 -1 -1 24.653521
221 234 -1 -1 21.554585
221 234 247 -1 30.222604
246 247 -1 -1 28.200462
247 270 -1 -1 29.859343
246 270 -1 -1 22.119640
246 247 270 -1 31.460794
234 246 -1 -1 17.847260
234 246 247 -1 28.518493
245 253 -1 -1 17.113879
229 253 -1 -1 20.138786
229 245 -1 -1 23.345296
229 245 253 -1 23.946216
266 289 -1 -1 27.892410
266 270 -1 -1 21.919051
270 289 -1 -1 26.564655
266 270 289 -1 29.781335
275 289 -1 -1 30.734325
266 275 -1 -1 19.773009
266 275 289 -1 31.390537
246 266 -1 -1 22.403882
246 266 270 -1 25.576873
245 266 -1 -1 21.020869
245 246 -1 -1 18.599074
245 246 266 -1 24.070112
253 266 -1 -1 22.068846
253 275 -1 -1 21.461442
253 266 275 -1 24.437795
245 253 266 -1 23.506074
201 221 -1 -1 21.233283
191 201 -1 -1 17.725917
191 221 -1 -1 26.247158
191 201 221 -1 26.382489
175 201 -1 -1 24.199032
175 191 -1 -1 28.327373
175 191 201 -1 28.511575
160 175 -1 -1 18.286613
353 371 -1 -1 21.839537
371 373 -1 -1 32.238149
353 373 -1 -1 28.917805
353 371 373 -1 33.023972
307 339 -1 -1 31.456879
315 339 -1 -1 34.461611
307 315 339 -1 34.820835
368 373 -1 -1 30.573265
373 395 -1 -1 34.540101
368 395 -1 -1 29.646151
368 373 395 -1 36.761524
347 368 -1 -1 25.366045
347 373 -1 -1 28.387513
347 368 373 -1 32.733996
339 368 -1 -1 34.817230
339 347 -1 -1 24.533250
339 347 368 -1 34.829532
351 353 -1 -1 18.557895
351 373 -1 -1 24.264691
351 353 373 -1 29.086767
347 351 -1 -1 19.973457
347 351 373 -1 28.900761
330 351 -1 -1 29.764615
330 353 -1 -1 24.929652
330 351 353 -1 29.876354
336 356 -1 -1 27.018250
282 300 -1 -1 32.905743
278 282 -1 -1 28.502049
278 300 -1 -1 24.157972
278 282 300 -1 33.791215
261 282 -1 -1 28.413026
265 282 -1 -1 21.358373
261 265 -1 -1 24.845390
261 265 282 -1 29.351089
261 278 282 -1 31.492327
267 286 -1 -1 17.111834
260 286 -1 -1 26.932159
260 267 -1 -1 19.265272
260 267 286 -1 27.049611
239 267 -1 -1 24.561885
239 265 -1 -1 27.679513
265 267 -1 -1 20.478601
239 265 267 -1 28.625678
239 260 -1 -1 26.207356
239 260 267 -1 27.508450
267 282 -1 -1 31.841944
265 267 282 -1 32.247838
282 286 -1 -1 32.195777
267 282 286 -1 33.233190
273 286 -1 -1 31.473605
260 273 -1 -1 22.322579
260 273 286 -1 32.081991
304 336 -1 -1 35.847731
304 331 -1 -1 31.907226
331 336 -1 -1 27.140453
304 331 336 -1 37.242937
304 306 -1 -1 21.542701
304 306 336 -1 35.881331
284 304 -1 -1 23.892541
272 304 -1 -1 37.127151
272 284 -1 -1 26.373879
272 284 304 -1 37.274610
313 333 -1 -1 23.449542
313 319 -1 -1 32.354938
319 333 -1 -1 26.082770
313 319 333 -1 32.724622
304 313 -1 -1 29.669167
284 313 -1 -1 33.784709
284 304 313 -1 34.620869
313 331 -1 -1 27.105125
313 331 333 -1 30.375474
304 313 331 -1 34.360916
320 337 -1 -1 28.177767
319 337 -1 -1 21.464535
319 320 -1 -1 29.427671
319 320 337 -1 31.075973
333 337 -1 -1 28.637192
319 333 337 -1 29.891446
337 354 -1 -1 32.868438
333 337 354 -1 33.073671
337 359 -1 -1 19.333207
354 359 -1 -1 31.783111
337 354 359 -1 33.919828
359 365 -1 -1 19.488584
354 365 -1 -1 22.246175
354 359 365 -1 32.178255
277 304 -1 -1 41.617519
272 277 -1 -1 25.247391
272 277 304 -1 42.102872
277 306 -1 -1 32.770361
277 304 306 -1 42.016159
277 317 -1 -1 39.559691
277 306 317 -1 39.564013
136 138 -1 -1 22.418077
138 146 -1 -1 30.983900
136 146 -1 -1 18.850827
136 138 146 -1 31.212375
198 224 -1 -1 32.040697
198 229 -1 -1 28.304166
224 229 -1 -1 18.363083
198 224 229 -1 32.227370
185 192 -1 -1 28.062506
192 211 -1 -1 26.970939
185 211 -1 -1 24.335152
185 192 211 -1 30.697881
192 193 -1 -1 24.067830
193 216 -1 -1 22.098306
192 216 -1 -1 27.228239
192 193 216 -1 28.606702
161 193 -1 -1 29.375800
161 171 -1 -1 16.783059
171 193 -1 -1 20.957377
161 171 193 -1 29.993722
161 192 -1 -1 30.031807
161 192 193 -1 32.497600
193 208 -1 -1 23.254522
208 216 -1 -1 21.326286
193 208 216 -1 25.715505
239 243 -1 -1 21.512518
243 265 -1 -1 19.763876
239 243 265 -1 27.826357
243 261 -1 -1 27.662997
243 261 265 -1 28.548205
256 280 -1 -1 28.029161
278 280 -1 -1 22.400138
256 278 280 -1 31.909560
280 307 -1 -1 32.583705
280 293 -1 -1 23.454468
293 307 -1 -1 29.372489
280 293 307 -1 33.696450
280 300 -1 -1 34.728126
278 280 300 -1 34.946013
280 300 307 -1 39.591133
236 256 -1 -1 22.295390
236 261 -1 -1 28.329372
236 256 261 -1 30.844878
225 236 -1 -1 21.948879
225 256 -1 -1 29.394982
225 236 256 -1 29.599209
208 236 -1 -1 27.772654
208 225 -1 -1 19.698817
208 225 236 -1 27.954513
216 236 -1 -1 22.603425
208 216 236 -1 28.355107
311 318 -1 -1 26.462998
311 327 -1 -1 21.676170
311 318 327 -1 27.742213
327 330 -1 -1 23.501751
311 330 -1 -1 25.604318
311 327 330 -1 27.442391
157 175 -1 -1 22.764880
175 186 -1 -1 27.415023
157 186 -1 -1 20.569894
157 175 186 -1 27.995818
149 157 -1 -1 18.700410
149 186 -1 -1 30.670177
149 157 186 -1 31.427131
141 149 -1 -1 19.926404
123 141 -1 -1 34.511897
123 149 -1 -1 27.787003
123 141 149 -1 34.518643
172 198 -1 -1 28.976461
172 186 -1 -1 29.242117
186 198 -1 -1 25.493686
172 186 198 -1 32.379793
149 172 -1 -1 28.157005
149 172 186 -1 33.962064
141 172 -1 -1 28.171044
141 149 172 -1 30.111084
142 172 -1 -1 35.118207
172 176 -1 -1 24.009745
142 172 176 -1 35.793012
141 142 -1 -1 22.901550
141 142 172 -1 35.194294
220 246 -1 -1 29.697556
220 234 -1 -1 28.678567
220 234 246 -1 30.696641
220 245 -1 -1 19.409114
220 245 246 -1 30.448006
220 229 -1 -1 22.148566
220 229 245 -1 25.181203
198 220 -1 -1 24.114683
198 220 229 -1 29.261115
238 256 -1 -1 25.004660
225 238 -1 -1 19.722523
225 238 256 -1 29.741618
224 238 -1 -1 24.859598
224 225 -1 -1 30.289241
224 225 238 -1 30.416310
139 162 -1 -1 22.501519
139 142 -1 -1 25.660918
139 142 162 -1 27.784149
114 139 -1 -1 29.592546
114 142 -1 -1 26.955433
114 139 142 -1 31.828521
139 164 -1 -1 23.394725
162 164 -1 -1 18.330043
139 162 164 -1 25.051351
115 141 -1 -1 26.395189
115 123 -1 -1 36.882173
115 123 141 -1 38.532489
102 115 -1 -1 21.326881
102 123 -1 -1 26.658907
102 115 123 -1 37.435371
115 142 -1 -1 31.057051
115 141 142 -1 31.781407
114 115 -1 -1 21.942829
114 115 142 -1 31.736918
96 102 -1 -1 31.951378
96 123 -1 -1 32.128661
96 102 123 -1 35.234369
99 114 -1 -1 22.969331
363 379 -1 -1 25.036392
348 371 -1 -1 24.377319
348 353 -1 -1 23.151630
348 353 371 -1 26.780850
327 348 -1 -1 24.450450
341 348 -1 -1 23.639744
327 341 348 -1 26.801540
348 363 -1 -1 25.026524
341 363 -1 -1 21.290834
341 348 363 -1 27.095684
330 348 -1 -1 29.438793
330 348 353 -1 30.420217
327 330 348 -1 30.377659
348 379 -1 -1 34.215661
371 379 -1 -1 25.753199
348 371 379 -1 34.297657
348 363 379 -1 34.289935
373 390 -1 -1 21.326450
390 395 -1 -1 27.899199
373 390 395 -1 34.559792
371 390 -1 -1 34.373144
371 373 390 -1 35.297382
339 343 -1 -1 22.252901
315 343 -1 -1 25.163506
315 339 343 -1 34.509874
329 343 -1 -1 27.048602
343 358 -1 -1 25.519340
329 358 -1 -1 32.141322
329 343 358 -1 33.225589
315 329 343 -1 29.744872
366 380 -1 -1 38.601329
358 380 -1 -1 24.743471
358 366 -1 -1 22.729062
358 366 380 -1 40.760299
343 366 -1 -1 27.366406
343 358 366 -1 29.346801
366 368 -1 -1 26.257060
339 366 -1 -1 33.444017
339 366 368 -1 37.011197
339 343 366 -1 33.623303
368 388 -1 -1 31.264888
388 395 -1 -1 33.098876
368 388 395 -1 36.297020
366 388 -1 -1 26.797851
366 368 388 -1 32.835786
380 388 -1 -1 42.332425
366 380 388 -1 43.215739
287 311 -1 -1 25.117866
287 318 -1 -1 30.134523
287 311 318 -1 31.787499
287 289 -1 -1 24.876539
270 287 -1 -1 21.045870
270 287 289 -1 28.248286
289 311 -1 -1 24.872959
287 289 311 -1 28.817384
365 372 -1 -1 27.335972
372 382 -1 -1 19.204914
365 382 -1 -1 20.055024
365 372 382 -1 27.349004
359 372 -1 -1 23.146800
359 365 372 -1 27.824530
372 397 -1 -1 25.332838
382 397 -1 -1 23.773901
372 382 397 -1 26.739520
372 380 -1 -1 23.694089
380 397 -1 -1 29.142204
372 380 397 -1 30.497496
365 370 -1 -1 25.833837
354 370 -1 -1 23.476469
354 365 370 -1 27.719303
384 394 -1 -1 25.243013
197 214 -1 -1 22.598151
200 214 -1 -1 20.144197
197 200 -1 -1 27.153559
197 200 214 -1 27.695014
197 207 -1 -1 18.471231
207 214 -1 -1 23.752872
197 207 214 -1 25.302445
185 207 -1 -1 25.727365
207 211 -1 -1 16.858889
185 207 211 -1 26.654465
185 197 -1 -1 26.753767
185 197 207 -1 28.066979
228 239 -1 -1 21.861058
228 260 -1 -1 29.966334
228 239 260 -1 30.812920
207 228 -1 -1 20.617276
214 228 -1 -1 21.452514
207 214 228 -1 25.491431
211 228 -1 -1 29.037027
211 239 -1 -1 29.821877
211 228 239 -1 31.711625
207 211 228 -1 29.590754
203 219 -1 -1 23.359405
200 203 -1 -1 28.164541
200 219 -1 -1 28.718295
200 203 219 -1 31.198782
214 231 -1 -1 24.205632
200 231 -1 -1 32.316096
200 214 231 -1 32.363258
219 231 -1 -1 22.726549
200 219 231 -1 33.185955
299 300 -1 -1 27.967081
299 320 -1 -1 19.557750
299 300 320 -1 32.936039
282 299 -1 -1 20.057128
282 299 300 -1 33.041674
273 294 -1 -1 24.475794
286 294 -1 -1 27.186828
273 286 294 -1 32.605414
294 313 -1 -1 21.767315
294 319 -1 -1 31.015555
294 313 319 -1 33.786979
284 294 -1 -1 30.545395
273 284 -1 -1 25.528718
273 284 294 -1 31.583473
284 294 313 -1 34.478536
329 342 -1 -1 22.625636
320 342 -1 -1 22.384091
320 329 342 -1 28.076284
337 342 -1 -1 23.846488
320 337 342 -1 29.167305
342 359 -1 -1 25.611945
337 342 359 -1 26.945258
170 197 -1 -1 20.095867
170 185 -1 -1 27.298598
170 185 197 -1 29.120787
159 170 -1 -1 21.876602
159 185 -1 -1 26.738865
159 170 185 -1 29.554972
138 159 -1 -1 20.929756
146 159 -1 -1 30.957156
138 146 159 -1 32.905987
146 170 -1 -1 26.145107
146 159 170 -1 31.460495
121 138 -1 -1 20.531264
121 136 -1 -1 28.422299
121 136 138 -1 28.651785
121 128 -1 -1 18.099193
106 121 -1 -1 21.910897
106 128 -1 -1 21.690936
106 121 128 -1 23.964135
128 138 -1 -1 21.934872
121 128 138 -1 23.516794
206 224 -1 -1 20.147938
206 225 -1 -1 21.577162
206 224 225 -1 30.331581
206 208 -1 -1 24.888027
206 208 225 -1 25.889975
194 208 -1 -1 19.958930
194 206 -1 -1 17.106733
194 206 208 -1 25.025919
167 192 -1 -1 28.614714
167 185 -1 -1 22.770062
167 185 192 -1 30.951977
161 167 -1 -1 18.650545
161 167 192 -1 31.000484
159 167 -1 -1 24.681854
159 167 185 -1 28.746693
164 184 -1 -1 19.519035
162 184 -1 -1 23.122567
162 164 184 -1 23.911833
184 208 -1 -1 25.812624
184 194 -1 -1 16.946197
184 194 208 -1 25.823072
184 193 -1 -1 22.986334
184 193 208 -1 27.866838
171 184 -1 -1 22.832134
164 171 -1 -1 16.770368
164 171 184 -1 23.380279
171 184 193 -1 25.762510
176 184 -1 -1 28.666735
162 176 184 -1 28.982326
176 194 -1 -1 24.068605
176 184 194 -1 28.709851
233 236 -1 -1 20.131091
216 233 -1 -1 21.204346
216 233 236 -1 24.696627
233 243 -1 -1 19.525146
233 261 -1 -1 24.215137
233 243 261 -1 28.319063
233 236 261 -1 28.877647
289 291 -1 -1 25.026200
275 291 -1 -1 16.092817
275 289 291 -1 30.817981
291 293 -1 -1 28.985106
275 293 -1 -1 34.780443
275 291 293 -1 35.027310
291 297 -1 -1 17.430357
293 297 -1 -1 23.659709
291 293 297 -1 28.996841
310 311 -1 -1 28.952097
310 330 -1 -1 26.079828
310 311 330 -1 31.197664
289 310 -1 -1 25.997631
289 310 311 -1 30.942160
291 310 -1 -1 27.027484
289 291 310 -1 30.086849
297 310 -1 -1 22.075430
291 297 310 -1 27.111832
307 309 -1 -1 18.975563
293 309 -1 -1 20.490282
293 307 309 -1 29.540503
297 309 -1 -1 17.860842
293 297 309 -1 24.401301
218 220 -1 -1 18.471283
218 234 -1 -1 21.323606
218 220 234 -1 28.694901
218 221 -1 -1 28.498886
218 221 234 -1 28.694341
201 218 -1 -1 23.670856
201 218 221 -1 29.074155
198 218 -1 -1 31.752834
198 218 220 -1 31.900218
268 280 -1 -1 26.039376
268 293 -1 -1 20.674038
268 280 293 -1 27.377444
268 275 -1 -1 30.812671
268 275 293 -1 35.083719
256 268 -1 -1 30.784911
256 268 280 -1 32.909379
238 268 -1 -1 27.700257
238 256 268 -1 32.506405
224 250 -1 -1 28.796675
229 250 -1 -1 25.957671
224 229 250 -1 29.334751
238 250 -1 -1 22.355531
224 238 250 -1 29.818801
250 253 -1 -1 18.658348
229 250 253 -1 26.105650
250 268 -1 -1 20.848736
238 250 268 -1 28.156535
250 275 -1 -1 26.285433
250 253 275 -1 26.574498
250 268 275 -1 31.218596
143 149 -1 -1 33.934806
123 143 -1 -1 27.524086
123 143 149 -1 35.021716
143 157 -1 -1 25.349869
143 149 157 -1 34.423875
143 175 -1 -1 30.805124
143 160 -1 -1 22.777338
143 160 175 -1 31.010643
143 157 175 -1 31.337802
96 118 -1 -1 23.381221
96 97 -1 -1 28.509480
97 118 -1 -1 28.214525
96 97 118 -1 31.131155
118 124 -1 -1 21.731470
97 124 -1 -1 27.859756
97 118 124 -1 30.416844
118 123 -1 -1 24.111267
96 118 123 -1 32.245227
118 143 -1 -1 25.808513
118 123 143 -1 29.940876
124 143 -1 -1 29.249123
118 124 143 -1 30.225663
95 99 -1 -1 24.683670
99 122 -1 -1 24.696129
95 122 -1 -1 25.720378
95 99 122 -1 28.923186
122 139 -1 -1 22.364955
114 122 -1 -1 24.603584
114 122 139 -1 30.259641
99 114 122 -1 27.858392
390 391 -1 -1 27.161436
371 391 -1 -1 18.024921
371 390 391 -1 34.629278
379 391 -1 -1 24.162487
371 379 391 -1 26.841293
388 396 -1 -1 35.412341
380 396 -1 -1 21.737203
380 388 396 -1 42.370783
396 397 -1 -1 26.808406
380 396 397 -1 30.483609
287 295 -1 -1 19.170215
295 318 -1 -1 18.036715
287 295 318 -1 31.710057
377 394 -1 -1 20.329759
377 384 -1 -1 31.462361
377 384 394 -1 31.517397
356 384 -1 -1 25.645931
356 377 -1 -1 34.252656
356 377 384 -1 35.835740
382 385 -1 -1 19.210543
365 385 -1 -1 24.044782
365 382 385 -1 24.837333
370 385 -1 -1 21.756185
365 370 385 -1 27.773117
170 174 -1 -1 21.047734
146 174 -1 -1 25.653183
146 170 174 -1 28.349860
174 197 -1 -1 27.521261
174 200 -1 -1 26.475026
174 197 200 -1 31.246412
170 174 197 -1 27.676354
126 136 -1 -1 34.749906
126 146 -1 -1 33.341075
126 136 146 -1 35.514480
111 126 -1 -1 22.237820
111 136 -1 -1 25.310762
111 126 136 -1 34.822001
107 126 -1 -1 25.478297
107 111 126 -1 29.483773
241 272 -1 -1 27.538616
203 215 -1 -1 24.129817
215 219 -1 -1 24.375451
203 215 219 -1 27.673858
215 241 -1 -1 27.681009
219 241 -1 -1 28.488316
215 219 241 -1 31.183625
190 215 -1 -1 25.579609
190 203 -1 -1 28.434312
190 203 215 -1 30.315179
228 242 -1 -1 22.399201
242 260 -1 -1 18.015152
228 242 260 -1 30.085337
242 273 -1 -1 27.534055
242 260 273 -1 27.623632
214 242 -1 -1 31.385298
214 228 242 -1 31.394370
231 242 -1 -1 20.964514
214 231 242 -1 31.410176
282 298 -1 -1 33.808212
286 298 -1 -1 18.294482
282 286 298 -1 34.461347
298 299 -1 -1 24.390482
282 298 299 -1 34.190020
294 298 -1 -1 26.980957
298 319 -1 -1 20.190516
294 298 319 -1 31.417230
286 294 298 -1 28.776087
298 320 -1 -1 31.574386
298 319 320 -1 32.466830
298 299 320 -1 31.581011
360 372 -1 -1 23.372864
359 360 -1 -1 27.116151
359 360 372 -1 28.626170
342 360 -1 -1 19.943138
342 359 360 -1 28.537825
360 380 -1 -1 24.050700
360 372 380 -1 27.378816
358 360 -1 -1 22.438413
358 360 380 -1 27.481999
329 360 -1 -1 31.146959
329 358 360 -1 33.867479
329 342 360 -1 31.217152
110 121 -1 -1 23.471287
110 136 -1 -1 21.595721
110 121 136 -1 29.049060
110 111 -1 -1 21.497355
110 111 136 -1 26.622672
194 199 -1 -1 28.207174
176 199 -1 -1 23.717196
176 194 199 -1 29.600573
199 206 -1 -1 20.899313
194 199 206 -1 28.328931
172 199 -1 -1 27.126069
172 176 199 -1 29.004054
198 199 -1 -1 22.701307
172 198 199 -1 30.743610
199 224 -1 -1 23.323304
198 199 224 -1 32.056003
199 206 224 -1 24.945617
192 222 -1 -1 24.980400
216 222 -1 -1 28.630947
192 216 222 -1 31.255675
222 233 -1 -1 22.830745
216 222 233 -1 28.986266
211 222 -1 -1 18.541796
192 211 222 -1 27.927619
222 243 -1 -1 20.187682
222 233 243 -1 24.271092
222 239 -1 -1 28.579273
211 222 239 -1 30.849211
222 239 243 -1 28.633756
325 339 -1 -1 24.185346
325 347 -1 -1 27.862335
325 339 347 -1 29.695641
307 325 -1 -1 29.877677
307 325 339 -1 33.420417
309 325 -1 -1 21.046073
307 309 325 -1 30.067748
310 325 -1 -1 32.587120
297 325 -1 -1 27.981589
297 310 325 -1 33.060781
297 309 325 -1 27.992535
195 218 -1 -1 17.025901
195 201 -1 -1 19.070330
195 201 218 -1 23.918746
175 195 -1 -1 24.674624
186 195 -1 -1 17.956893
175 186 195 -1 27.996728
175 195 201 -1 26.546407
195 198 -1 -1 30.608152
186 195 198 -1 30.631211
195 198 218 -1 32.474446
274 295 -1 -1 23.694758
247 274 -1 -1 22.609940
274 287 -1 -1 24.873084
274 287 295 -1 26.464359
270 274 -1 -1 28.317486
247 270 274 -1 31.621616
270 274 287 -1 29.231204
377 392 -1 -1 29.661894
370 377 -1 -1 30.917119
370 392 -1 -1 22.427146
370 377 392 -1 32.643456
385 392 -1 -1 20.804015
370 385 392 -1 25.048541
336 361 -1 -1 31.637147
356 361 -1 -1 35.238523
336 356 361 -1 36.776000
361 377 -1 -1 22.632051
356 361 377 -1 36.776695
331 361 -1 -1 25.987659
331 336 361 -1 33.072410
361 370 -1 -1 27.057543
361 370 377 -1 31.812022
354 361 -1 -1 32.540794
331 354 361 -1 35.648944
354 361 370 -1 33.060385
173 190 -1 -1 26.987318
153 174 -1 -1 24.380505
146 153 -1 -1 21.643493
146 153 174 -1 27.777389
126 153 -1 -1 22.955834
126 146 153 -1 33.571465
153 155 -1 -1 19.119987
126 155 -1 -1 29.929317
126 153 155 -1 29.929518
153 180 -1 -1 28.246828
155 180 -1 -1 24.267187
153 155 180 -1 28.657765
174 180 -1 -1 21.596729
153 174 180 -1 29.170799
180 203 -1 -1 23.667148
180 200 -1 -1 24.090234
180 200 203 -1 29.568796
174 180 200 -1 28.070747
154 155 -1 -1 20.394723
155 173 -1 -1 26.023157
154 173 -1 -1 19.252295
154 155 173 -1 26.279375
242 255 -1 -1 29.439197
255 273 -1 -1 30.089865
242 255 273 -1 33.576798
231 255 -1 -1 24.031639
231 242 255 -1 29.772559
255 284 -1 -1 31.802108
255 272 -1 -1 26.757953
255 272 284 -1 33.163114
255 273 284 -1 34.020971
241 255 -1 -1 26.767846
241 255 272 -1 31.210563
219 255 -1 -1 33.772294
219 241 255 -1 34.918358
219 231 255 -1 33.803006
105 110 -1 -1 20.686054
105 121 -1 -1 15.545708
105 110 121 -1 23.881394
105 106 -1 -1 21.283981
105 106 121 -1 23.162544
108 133 -1 -1 25.445800
107 108 -1 -1 23.237327
325 332 -1 -1 20.863636
310 332 -1 -1 23.414581
310 325 332 -1 32.692507
332 351 -1 -1 20.218876
330 332 -1 -1 23.949382
330 332 351 -1 29.913311
310 330 332 -1 28.372427
332 347 -1 -1 27.729814
332 347 351 -1 27.761865
325 332 347 -1 29.988515
122 125 -1 -1 15.876793
95 125 -1 -1 31.336617
95 122 125 -1 31.447011
125 139 -1 -1 23.369555
122 125 139 -1 24.420869
95 101 -1 -1 18.060985
101 125 -1 -1 27.900695
95 101 125 -1 31.571334
125 129 -1 -1 14.859681
101 129 -1 -1 26.853064
101 125 129 -1 28.504939
152 161 -1 -1 24.493720
152 171 -1 -1 22.380696
152 161 171 -1 25.251222
152 164 -1 -1 20.914515
152 164 171 -1 23.543892
125 152 -1 -1 21.659152
129 152 -1 -1 20.027471
125 129 152 -1 22.410110
139 152 -1 -1 25.920274
139 152 164 -1 27.356124
125 139 152 -1 27.553949
155 182 -1 -1 25.057882
173 182 -1 -1 16.394312
155 173 182 -1 27.004379
180 182 -1 -1 20.945188
155 180 182 -1 27.252881
182 203 -1 -1 19.621274
180 182 203 -1 24.986551
182 190 -1 -1 25.944918
173 182 190 -1 27.880462
182 190 203 -1 29.329477
133 154 -1 -1 23.231453
134 154 -1 -1 19.669224
133 134 -1 -1 25.015233
133 134 154 -1 26.491505
108 134 -1 -1 25.525676
108 133 134 -1 29.250671
126 134 -1 -1 22.013483
134 155 -1 -1 25.608230
126 134 155 -1 30.659606
134 154 155 -1 26.049468
107 134 -1 -1 28.574522
107 126 134 -1 29.790672
107 108 134 -1 30.119211
101 112 -1 -1 16.232916
112 129 -1 -1 21.120137
101 112 129 -1 26.856855
112 132 -1 -1 17.018980
129 132 -1 -1 15.349084
112 129 132 -1 21.366949
106 112 -1 -1 18.059216
112 128 -1 -1 24.019828
106 112 128 -1 25.023722
128 132 -1 -1 15.771277
112 128 132 -1 24.082078
132 148 -1 -1 18.619003
129 148 -1 -1 27.991049
129 132 148 -1 29.905909
148 152 -1 -1 30.908940
129 148 152 -1 31.575982
148 161 -1 -1 25.030456
148 152 161 -1 31.693287
148 167 -1 -1 22.802580
148 161 167 -1 26.102686
128 148 -1 -1 20.816911
128 132 148 -1 21.657773
138 148 -1 -1 28.237889
128 138 148 -1 28.472949
148 159 -1 -1 29.704595
138 148 159 -1 31.125564
148 159 167 -1 30.445348
95 -1 -1 -1 0.000000
96 -1 -1 -1 0.000000
97 -1 -1 -1 0.000000
99 -1 -1 -1 0.000000
101 -1 -1 -1 0.000000
102 -1 -1 -1 0.000000
105 -1 -1 -1 0.000000
106 -1 -1 -1 0.000000
107 -1 -1 -1 0.000000
108 -1 -1 -1 0.000000
110 -1 -1 -1 0.000000
111 -1 -1 -1 0.000000
112 -1 -1 -1 0.000000
114 -1 -1 -1 0.000000
115 -1 -1 -1 0.000000
118 -1 -1 -1 0.000000
121 -1 -1 -1 0.000000
122 -1 -1 -1 0.000000
123 -1 -1 -1 0.000000
124 -1 -1 -1 0.000000
125 -1 -1 -1 0.000000
126 -1 -1 -1 0.000000
128 -1 -1 -1 0.000000
129 -1 -1 -1 0.000000
132 -1 -1 -1 0.000000
133 -1 -1 -1 0.000000
134 -1 -1 -1 0.000000
136 -1 -1 -1 0.000000
138 -1 -1 -1 0.000000
139 -1 -1 -1 0.000000
141 -1 -1 -1 0.000000
142 -1 -1 -1 0.000000
143 -1 -1 -1 0.000000
146 -1 -1 -1 0.000000
148 -1 -1 -1 0.000000
149 -1 -1 -1 0.000000
152 -1 -1 -1 0.000000
153 -1 -1 -1 0.000000
154 -1 -1 -1 0.000000
155 -1 -1 -1 0.000000
157 -1 -1 -1 0.000000
159 -1 -1 -1 0.000000
160 -1 -1 -1 0.000000
161 -1 -1 -1 0.000000
162 -1 -1 -1 0.000000
164 -1 -1 -1 0.000000
167 -1 -1 -1 0.000000
170 -1 -1 -1 0.000000
171 -1 -1 -1 0.000000
172 -1 -1 -1 0.000000
173 -1 -1 -1 0.000000
174 -1 -1 -1 0.000000
175 -1 -1 -1 0.000000
176 -1 -1 -1 0.000000
180 -1 -1 -1 0.000000
182 -1 -1 -1 0.000000
184 -1 -1 -1 0.000000
185 -1 -1 -1 0.000000
186 -1 -1 -1 0.000000
190 -1 -1 -1 0.000000
191 -1 -1 -1 0.000000
192 -1 -1 -1 0.000000
193 -1 -1 -1 0.000000
194 -1 -1 -1 0.000000
195 -1 -1 -1 0.000000
197 -1 -1 -1 0.000000
198 -1 -1 -1 0.000000
199 -1 -1 -1 0.000000
200 -1 -1 -1 0.000000
201 -1 -1 -1 0.000000
203 -1 -1 -1 0.000000
206 -1 -1 -1 0.000000
207 -1 -1 -1 0.000000
208 -1 -1 -1 0.000000
211 -1 -1 -1 0.000000
214 -1 -1 -1 0.000000
215 -1 -1 -1 0.000000
216 -1 -1 -1 0.000000
218 -1 -1 -1 0.000000
219 -1 -1 -1 0.000000
220 -1 -1 -1 0.000000
221 -1 -1 -1 0.000000
222 -1 -1 -1 0.000000
224 -1 -1 -1 0.000000
225 -1 -1 -1 0.000000
228 -1 -1 -1 0.000000
229 -1 -1 -1 0.000000
231 -1 -1 -1 0.000000
233 -1 -1 -1 0.000000
234 -1 -1 -1 0.000000
236 -1 -1 -1 0.000000
238 -1 -1 -1 0.000000
239 -1 -1 -1 0.000000
241 -1 -1 -1 0.000000
242 -1 -1 -1 0.000000
243 -1 -1 -1 0.000000
245 -1 -1 -1 0.000000
246 -1 -1 -1 0.000000
247 -1 -1 -1 0.000000
250 -1 -1 -1 0.000000
253 -1 -1 -1 0.000000
255 -1 -1 -1 0.000000
256 -1 -1 -1 0.000000
260 -1 -1 -1 0.000000
261 -1 -1 -1 0.000000
265 -1 -1 -1 0.000000
266 -1 -1 -1 0.000000
267 -1 -1 -1 0.000000
268 -1 -1 -1 0.000000
270 -1 -1 -1 0.000000
272 -1 -1 -1 0.000000
273 -1 -1 -1 0.000000
274 -1 -1 -1 0.000000
275 -1 -1 -1 0.000000
277 -1 -1 -1 0.000000
278 -1 -1 -1 0.000000
280 -1 -1 -1 0.000000
282 -1 -1 -1 0.000000
284 -1 -1 -1 0.000000
286 -1 -1 -1 0.000000
287 -1 -1 -1 0.000000
289 -1 -1 -1 0.000000
291 -1 -1 -1 0.000000
293 -1 -1 -1 0.000000
294 -1 -1 -1 0.000000
295 -1 -1 -1 0.000000
297 -1 -1 -1 0.000000
298 -1 -1 -1 0.000000
299 -1 -1 -1 0.000000
300 -1 -1 -1 0.000000
304 -1 -1 -1 0.000000
306 -1 -1 -1 0.000000
307 -1 -1 -1 0.000000
309 -1 -1 -1 0.000000
310 -1 -1 -1 0.000000
311 -1 -1 -1 0.000000
313 -1 -1 -1 0.000000
315 -1 -1 -1 0.000000
317 -1 -1 -1 0.000000
318 -1 -1 -1 0.000000
319 -1 -1 -1 0.000000
320 -1 -1 -1 0.000000
325 -1 -1 -1 0.000000
327 -1 -1 -1 0.000000
329 -1 -1 -1 0.000000
330 -1 -1 -1 0.000000
331 -1 -1 -1 0.000000
332 -1 -1 -1 0.000000
333 -1 -1 -1 0.000000
336 -1 -1 -1 0.000000
337 -1 -1 -1 0.000000
339 -1 -1 -1 0.000000
341 -1 -1 -1 0.000000
342 -1 -1 -1 0.000000
343 -1 -1 -1 0.000000
347 -1 -1 -1 0.000000
348 -1 -1 -1 0.000000
351 -1 -1 -1 0.000000
353 -1 -1 -1 0.000000
354 -1 -1 -1 0.000000
356 -1 -1 -1 0.000000
358 -1 -1 -1 0.000000
359 -1 -1 -1 0.000000
360 -1 -1 -1 0.000000
361 -1 -1 -1 0.000000
363 -1 -1 -1 0.000000
365 -1 -1 -1 0.000000
366 -1 -1 -1 0.000000
368 -1 -1 -1 0.000000
370 -1 -1 -1 0.000000
371 -1 -1 -1 0.000000
372 -1 -1 -1 0.000000
373 -1 -1 -1 0.000000
377 -1 -1 -1 0.000000
379 -1 -1 -1 0.000000
380 -1 -1 -1 0.000000
382 -1 -1 -1 0.000000
384 -1 -1 -1 0.000000
385 -1 -1 -1 0.000000
388 -1 -1 -1 0.000000
390 -1 -1 -1 0.000000
391 -1 -1 -1 0.000000
392 -1 -1 -1 0.000000
394 -1 -1 -1 0.000000
395 -1 -1 -1 0.000000
396 -1 -1 -1 0.000000
397 -1 -1 -1 0.000000
