285 303 -1 -1 23.807294
283 285 -1 -1 26.382163
283 303 -1 -1 32.348051
283 285 303 -1 32.839039
303 309 -1 -1 21.908644
309 331 -1 -1 19.994951
262 285 -1 -1 20.994890
262 283 -1 -1 38.813271
262 270 -1 -1 41.268081
270 283 -1 -1 23.324628
262 270 283 -1 42.049583
262 283 285 -1 41.173349
309 328 -1 -1 31.112953
303 328 -1 -1 25.036647
303 309 328 -1 31.365035
328 331 -1 -1 21.458066
309 328 331 -1 31.361263
301 332 -1 -1 28.938868
301 319 -1 -1 23.289470
319 332 -1 -1 32.278767
301 319 332 -1 33.343665
293 301 -1 -1 31.483855
293 319 -1 -1 31.961686
293 301 319 -1 34.108779
195 199 -1 -1 20.366115
180 195 -1 -1 33.999361
180 199 -1 -1 23.817865
180 195 199 -1 34.559009
199 214 -1 -1 19.670485
214 215 -1 -1 32.711246
199 215 -1 -1 24.963990
199 214 215 -1 32.772251
195 215 -1 -1 21.627373
195 199 215 -1 26.121402
182 193 -1 -1 25.239917
180 193 -1 -1 22.686056
180 182 -1 -1 33.991385
180 182 193 -1 33.991563
193 199 -1 -1 26.948124
180 193 199 -1 28.538786
193 214 -1 -1 23.360371
193 199 214 -1 27.654826
224 241 -1 -1 19.713480
241 251 -1 -1 28.101145
224 251 -1 -1 33.728795
224 241 251 -1 33.751535
178 188 -1 -1 25.989492
188 194 -1 -1 34.417295
178 194 -1 -1 22.613241
178 188 194 -1 34.417359
360 389 -1 -1 29.592619
360 391 -1 -1 28.199628
389 391 -1 -1 26.968894
360 389 391 -1 32.696295
219 224 -1 -1 29.897783
219 251 -1 -1 37.108785
219 224 251 -1 39.231680
133 134 -1 -1 29.935724
116 133 -1 -1 23.863296
116 134 -1 -1 30.765073
116 133 134 -1 33.021902
132 143 -1 -1 27.975526
143 149 -1 -1 20.130705
132 149 -1 -1 17.176300
132 143 149 -1 28.176060
106 132 -1 -1 21.188867
127 132 -1 -1 20.453575
106 127 -1 -1 26.942830
106 127 132 -1 27.308659
332 337 -1 -1 19.998856
319 337 -1 -1 22.266193
319 332 337 -1 32.722574
337 356 -1 -1 25.760868
332 356 -1 -1 26.589834
332 337 356 -1 28.340797
337 358 -1 -1 17.693980
356 358 -1 -1 23.395558
337 356 358 -1 26.521076
337 345 -1 -1 22.388526
319 345 -1 -1 27.647510
319 337 345 -1 28.432389
345 358 -1 -1 18.187914
337 345 358 -1 22.959365
306 322 -1 -1 22.045929
300 322 -1 -1 30.875128
300 306 -1 -1 24.752929
300 306 322 -1 31.153043
322 330 -1 -1 17.558610
322 349 -1 -1 21.813914
330 349 -1 -1 25.027608
322 330 349 -1 25.575917
293 314 -1 -1 21.036848
293 300 -1 -1 26.800899
300 314 -1 -1 20.526081
293 300 314 -1 27.190010
314 322 -1 -1 31.391578
300 314 322 -1 32.984788
314 330 -1 -1 23.543208
314 322 330 -1 31.743935
314 319 -1 -1 25.348718
293 314 319 -1 32.018591
310 328 -1 -1 25.646260
303 310 -1 -1 23.960301
303 310 328 -1 28.763138
310 332 -1 -1 23.464703
328 332 -1 -1 31.362355
310 328 332 -1 31.923774
283 310 -1 -1 25.898217
283 303 310 -1 32.769571
301 310 -1 -1 26.758952
283 301 -1 -1 29.998250
283 301 310 -1 32.040004
301 310 332 -1 30.792997
332 341 -1 -1 20.840044
341 356 -1 -1 22.312249
332 341 356 -1 27.404928
328 341 -1 -1 20.105929
328 332 341 -1 31.842920
282 301 -1 -1 31.037870
282 293 -1 -1 20.243339
282 293 301 -1 33.047035
257 282 -1 -1 26.639090
270 282 -1 -1 26.319765
257 270 -1 -1 29.338534
257 270 282 -1 31.806889
282 283 -1 -1 36.575448
270 282 283 -1 36.699819
282 283 301 -1 38.124881
247 277 -1 -1 37.027441
247 251 -1 -1 25.743004
251 277 -1 -1 34.389110
247 251 277 -1 38.431949
238 247 -1 -1 25.771497
247 252 -1 -1 32.953468
238 252 -1 -1 25.276580
238 247 252 -1 33.420943
219 247 -1 -1 28.823928
219 247 251 -1 37.223579
219 238 -1 -1 27.988427
219 238 247 -1 31.884203
289 311 -1 -1 25.019155
294 311 -1 -1 31.813894
289 294 -1 -1 24.683514
289 294 311 -1 32.345998
247 267 -1 -1 25.515166
252 267 -1 -1 27.072616
247 252 267 -1 33.748039
267 277 -1 -1 27.151403
247 267 277 -1 37.030292
277 280 -1 -1 23.762749
280 304 -1 -1 37.913853
277 304 -1 -1 24.412037
277 280 304 -1 39.041640
280 307 -1 -1 28.163456
304 307 -1 -1 39.972869
280 304 307 -1 41.852507
251 280 -1 -1 32.711003
251 277 280 -1 35.942310
307 336 -1 -1 30.460534
241 261 -1 -1 22.234424
251 261 -1 -1 31.956209
241 251 261 -1 32.687475
261 280 -1 -1 34.827188
251 261 280 -1 38.377990
275 289 -1 -1 32.036060
275 294 -1 -1 20.812297
275 289 294 -1 32.040003
275 298 -1 -1 31.751150
294 298 -1 -1 24.533327
275 294 298 -1 31.762171
193 210 -1 -1 21.793094
182 210 -1 -1 27.723771
182 193 210 -1 29.181771
183 210 -1 -1 35.671689
183 212 -1 -1 26.837241
210 212 -1 -1 22.496638
183 210 212 -1 35.697752
182 183 -1 -1 25.592870
182 183 210 -1 35.875733
210 236 -1 -1 22.748746
212 236 -1 -1 28.714912
210 212 236 -1 29.273852
210 214 -1 -1 33.595913
193 210 214 -1 33.786657
183 205 -1 -1 28.572256
205 212 -1 -1 18.951624
183 205 212 -1 29.578179
205 238 -1 -1 26.679353
212 238 -1 -1 31.114798
205 212 238 -1 31.276898
205 219 -1 -1 32.534616
205 219 238 -1 34.021202
207 224 -1 -1 21.157075
188 207 -1 -1 28.669395
194 207 -1 -1 19.932840
188 194 207 -1 34.433170
207 219 -1 -1 27.562829
194 219 -1 -1 31.092555
194 207 219 -1 31.569507
207 219 224 -1 31.039824
383 387 -1 -1 23.189653
360 368 -1 -1 22.190542
368 391 -1 -1 29.972730
360 368 391 -1 31.537058
338 360 -1 -1 35.654538
338 368 -1 -1 26.178976
338 360 368 -1 35.770523
363 389 -1 -1 24.869756
367 389 -1 -1 30.564286
363 367 -1 -1 17.348758
363 367 389 -1 30.568716
360 363 -1 -1 20.981643
360 363 389 -1 30.058405
349 363 -1 -1 19.622954
349 360 -1 -1 24.951761
349 360 363 -1 25.743925
133 155 -1 -1 30.963036
134 155 -1 -1 24.336501
133 134 155 -1 33.237200
155 183 -1 -1 35.889788
155 182 -1 -1 25.880820
155 182 183 -1 35.903595
133 159 -1 -1 27.218995
140 159 -1 -1 26.800831
133 140 -1 -1 24.208159
133 140 159 -1 30.216277
155 159 -1 -1 28.749490
133 155 159 -1 33.609145
159 182 -1 -1 33.386120
159 180 -1 -1 23.704594
159 180 182 -1 35.998453
155 159 182 -1 34.541830
140 148 -1 -1 21.006507
123 148 -1 -1 30.679561
123 140 -1 -1 27.574109
123 140 148 -1 31.485079
143 148 -1 -1 17.933129
123 143 -1 -1 28.210502
123 143 148 -1 31.155581
100 106 -1 -1 21.417046
100 127 -1 -1 25.155326
100 106 127 -1 28.641579
98 100 -1 -1 22.692198
106 118 -1 -1 21.502474
118 132 -1 -1 21.839313
106 118 132 -1 24.843556
118 143 -1 -1 26.449650
118 123 -1 -1 19.804072
118 123 143 -1 29.408383
118 132 143 -1 29.758772
175 178 -1 -1 29.576845
175 194 -1 -1 28.280614
175 178 194 -1 31.464622
112 116 -1 -1 29.572736
112 133 -1 -1 29.150728
112 116 133 -1 32.138002
112 140 -1 -1 25.420601
112 133 140 -1 30.669229
112 123 -1 -1 23.881149
112 123 140 -1 29.754157
341 351 -1 -1 18.308944
328 351 -1 -1 22.309343
328 341 351 -1 23.619050
378 392 -1 -1 23.291257
372 392 -1 -1 24.845761
372 378 -1 -1 24.917492
372 378 392 -1 28.156057
392 397 -1 -1 18.653823
372 397 -1 -1 27.361343
372 392 397 -1 28.140657
245 262 -1 -1 21.242429
245 270 -1 -1 32.462915
245 262 270 -1 41.699925
345 375 -1 -1 24.570963
345 367 -1 -1 27.591805
367 375 -1 -1 20.975134
345 367 375 -1 28.689383
358 375 -1 -1 23.637950
345 358 375 -1 26.052412
329 345 -1 -1 22.493332
319 329 -1 -1 18.046300
319 329 345 -1 27.742812
314 329 -1 -1 18.725819
314 319 329 -1 25.380416
329 330 -1 -1 16.719398
314 329 330 -1 23.718149
345 350 -1 -1 17.613215
350 367 -1 -1 17.742837
345 350 367 -1 28.271987
330 350 -1 -1 19.670065
349 350 -1 -1 27.677824
330 349 350 -1 28.593943
329 350 -1 -1 22.357463
329 330 350 -1 23.111048
329 345 350 -1 24.384847
350 363 -1 -1 26.531559
349 350 363 -1 29.113255
350 363 367 -1 26.807702
298 324 -1 -1 34.024148
306 324 -1 -1 25.853817
298 306 -1 -1 23.968529
298 306 324 -1 34.104961
322 324 -1 -1 23.931829
306 322 324 -1 27.827782
324 349 -1 -1 27.780675
322 324 349 -1 28.811715
324 360 -1 -1 39.459155
324 349 360 -1 39.733622
324 338 -1 -1 23.279726
324 338 360 -1 39.937521
311 318 -1 -1 28.639412
294 318 -1 -1 26.280325
294 311 318 -1 33.718439
298 318 -1 -1 30.469745
294 298 318 -1 31.762457
318 324 -1 -1 32.862562
318 338 -1 -1 28.262717
318 324 338 -1 33.527530
298 318 324 -1 37.583761
292 311 -1 -1 28.472724
289 292 -1 -1 23.589768
289 292 311 -1 29.999224
267 292 -1 -1 27.046580
267 289 -1 -1 34.844326
267 289 292 -1 34.902855
277 292 -1 -1 30.443074
292 304 -1 -1 23.569904
277 292 304 -1 31.040591
267 277 292 -1 32.754425
318 339 -1 -1 33.714004
338 339 -1 -1 36.398391
318 338 339 -1 38.423918
311 339 -1 -1 30.847297
311 318 339 -1 36.128912
292 321 -1 -1 34.497437
304 321 -1 -1 21.503444
292 304 321 -1 35.005856
311 321 -1 -1 36.921840
292 311 321 -1 39.034691
273 275 -1 -1 27.454192
273 289 -1 -1 19.467926
273 275 289 -1 32.196020
267 273 -1 -1 29.888658
252 273 -1 -1 23.482342
252 267 273 -1 31.410913
267 273 289 -1 34.887990
235 238 -1 -1 24.484703
235 252 -1 -1 24.074641
235 238 252 -1 28.437452
212 235 -1 -1 22.889575
212 235 238 -1 31.417823
235 236 -1 -1 15.310997
212 235 236 -1 28.843795
228 236 -1 -1 13.213908
236 253 -1 -1 27.644686
228 253 -1 -1 23.375693
228 236 253 -1 27.712521
210 228 -1 -1 25.373255
214 228 -1 -1 26.917194
210 214 228 -1 34.125232
210 228 236 -1 25.455575
269 282 -1 -1 27.380830
269 293 -1 -1 29.641468
269 282 293 -1 30.641389
257 269 -1 -1 24.424025
257 269 282 -1 30.290114
249 269 -1 -1 23.002972
249 257 -1 -1 28.449593
249 257 269 -1 29.648405
383 390 -1 -1 20.973324
368 390 -1 -1 26.038720
390 391 -1 -1 24.830875
368 390 391 -1 31.487241
368 383 -1 -1 29.096445
368 383 390 -1 30.037765
244 262 -1 -1 26.710221
244 245 -1 -1 34.652851
244 245 262 -1 34.670441
220 244 -1 -1 25.607161
220 245 -1 -1 29.860285
220 244 245 -1 35.578371
159 170 -1 -1 29.488652
140 170 -1 -1 32.354292
140 159 170 -1 34.434551
148 170 -1 -1 19.192229
140 148 170 -1 33.851995
170 180 -1 -1 23.229400
159 170 180 -1 30.165194
170 195 -1 -1 29.811479
170 180 195 -1 34.676520
143 177 -1 -1 35.681596
172 177 -1 -1 17.123434
143 172 -1 -1 32.903424
143 172 177 -1 35.830635
148 177 -1 -1 30.132541
143 148 177 -1 35.710680
170 177 -1 -1 17.992985
148 170 177 -1 31.722045
177 195 -1 -1 17.360399
172 195 -1 -1 28.417654
172 177 195 -1 30.437403
170 177 195 -1 32.881712
158 178 -1 -1 23.436385
157 175 -1 -1 27.519189
175 183 -1 -1 30.824899
157 183 -1 -1 25.618407
157 175 183 -1 32.638208
147 157 -1 -1 21.353212
147 175 -1 -1 31.890155
147 157 175 -1 32.344452
155 157 -1 -1 28.730868
155 157 183 -1 36.204542
134 157 -1 -1 32.864850
134 155 157 -1 33.866747
201 205 -1 -1 17.600509
183 201 -1 -1 33.037844
183 201 205 -1 33.057470
175 201 -1 -1 23.081148
175 183 201 -1 34.363472
194 201 -1 -1 19.544822
175 194 201 -1 28.512961
201 219 -1 -1 30.440786
194 201 219 -1 32.461356
201 205 219 -1 32.992578
156 175 -1 -1 26.685892
147 156 -1 -1 23.454732
147 156 175 -1 32.520524
138 156 -1 -1 23.918125
138 147 -1 -1 25.999435
138 147 156 -1 28.336977
156 178 -1 -1 27.207676
156 158 -1 -1 24.721982
156 158 178 -1 29.194580
156 175 178 -1 32.236802
135 138 -1 -1 26.451211
108 138 -1 -1 33.330085
108 135 -1 -1 25.669545
108 135 138 -1 33.898765
135 156 -1 -1 33.323341
135 158 -1 -1 22.662212
135 156 158 -1 33.326058
135 138 156 -1 33.597439
347 366 -1 -1 29.062328
336 347 -1 -1 28.457327
336 366 -1 -1 27.585353
336 347 366 -1 32.779087
348 372 -1 -1 25.607545
348 351 -1 -1 14.725491
351 372 -1 -1 21.926369
348 351 372 -1 25.661516
328 348 -1 -1 26.008000
331 348 -1 -1 19.103286
328 331 348 -1 26.448277
328 348 351 -1 26.051909
351 362 -1 -1 16.757000
341 362 -1 -1 21.090218
341 351 362 -1 21.962546
362 378 -1 -1 16.793217
356 362 -1 -1 22.857649
356 378 -1 -1 24.794993
356 362 378 -1 25.588424
341 356 362 -1 25.544577
362 372 -1 -1 18.411911
362 372 378 -1 24.917493
351 362 372 -1 22.505045
125 144 -1 -1 22.627319
197 222 -1 -1 24.968540
197 215 -1 -1 27.885921
215 222 -1 -1 23.531624
197 215 222 -1 29.652517
195 197 -1 -1 24.532849
195 197 215 -1 29.005500
172 197 -1 -1 26.710406
172 195 197 -1 30.825030
185 197 -1 -1 26.426350
172 185 -1 -1 26.017867
172 185 197 -1 30.471895
167 185 -1 -1 25.786859
167 172 -1 -1 15.580472
167 172 185 -1 27.162259
143 167 -1 -1 27.392705
149 167 -1 -1 17.186073
143 149 167 -1 27.463796
143 167 172 -1 33.085898
243 257 -1 -1 25.350192
243 270 -1 -1 24.991181
243 257 270 -1 30.975415
243 245 -1 -1 27.547502
243 245 270 -1 33.434903
386 389 -1 -1 23.576628
367 386 -1 -1 22.204306
367 386 389 -1 30.749402
375 386 -1 -1 21.552871
367 375 386 -1 24.935897
375 376 -1 -1 22.099021
358 376 -1 -1 16.562446
358 375 376 -1 24.612279
356 376 -1 -1 24.152027
356 358 376 -1 25.382286
339 354 -1 -1 22.591934
338 354 -1 -1 26.326544
338 339 354 -1 36.589315
354 368 -1 -1 27.239557
338 354 368 -1 30.708812
354 383 -1 -1 22.361015
354 368 383 -1 30.761945
307 316 -1 -1 25.161835
316 336 -1 -1 31.989736
307 316 336 -1 34.159583
316 347 -1 -1 30.902363
316 336 347 -1 35.277524
304 316 -1 -1 25.336572
304 307 316 -1 41.318715
316 321 -1 -1 25.095897
304 316 321 -1 27.878410
346 347 -1 -1 26.611322
316 346 -1 -1 36.905447
316 346 347 -1 37.539920
321 346 -1 -1 25.178539
316 321 346 -1 37.017486
325 339 -1 -1 21.484143
311 325 -1 -1 25.576416
311 325 339 -1 31.197339
321 325 -1 -1 20.669371
311 321 325 -1 38.308020
325 346 -1 -1 26.281712
321 325 346 -1 28.123265
254 275 -1 -1 27.531091
253 275 -1 -1 26.278077
253 254 -1 -1 15.893027
253 254 275 -1 28.233562
254 273 -1 -1 21.821840
254 273 275 -1 29.952579
252 254 -1 -1 23.460696
252 254 273 -1 26.509956
236 254 -1 -1 26.668891
236 253 254 -1 28.444346
235 254 -1 -1 28.448416
235 252 254 -1 29.669044
235 236 254 -1 28.853384
274 275 -1 -1 24.922648
274 298 -1 -1 25.573386
274 275 298 -1 32.471454
274 284 -1 -1 20.100958
259 284 -1 -1 28.784187
259 274 -1 -1 25.176959
259 274 284 -1 29.420678
284 306 -1 -1 25.613881
284 300 -1 -1 26.794852
284 300 306 -1 29.747992
284 298 -1 -1 27.771724
284 298 306 -1 29.945659
274 284 298 -1 28.919584
263 269 -1 -1 23.852773
249 263 -1 -1 22.781003
249 263 269 -1 26.819775
263 284 -1 -1 28.732787
259 263 -1 -1 17.781305
259 263 284 -1 30.239927
114 116 -1 -1 26.997128
114 134 -1 -1 23.787129
114 116 134 -1 31.961943
96 113 -1 -1 25.109553
108 113 -1 -1 25.644927
113 138 -1 -1 19.018617
108 113 138 -1 33.477771
107 120 -1 -1 19.473381
120 121 -1 -1 15.102442
120 144 -1 -1 33.052879
121 144 -1 -1 29.052947
120 121 144 -1 33.061757
121 125 -1 -1 19.120637
121 125 144 -1 29.074771
107 122 -1 -1 25.000205
98 107 -1 -1 19.186423
98 122 -1 -1 21.209194
98 107 122 -1 25.733789
122 142 -1 -1 24.100348
122 127 -1 -1 19.579186
127 142 -1 -1 26.262874
122 127 142 -1 27.449082
100 122 -1 -1 24.668046
98 100 122 -1 26.553651
100 122 127 -1 27.096959
144 166 -1 -1 23.671387
166 190 -1 -1 27.736228
166 171 -1 -1 24.421458
171 190 -1 -1 28.875054
166 171 190 -1 31.396652
120 146 -1 -1 25.383137
144 146 -1 -1 25.694070
120 144 146 -1 33.498257
146 166 -1 -1 29.693955
144 146 166 -1 30.917258
146 171 -1 -1 27.122188
146 166 171 -1 31.573948
233 249 -1 -1 23.886334
222 233 -1 -1 21.357659
222 249 -1 -1 27.833889
222 233 249 -1 28.723619
233 257 -1 -1 27.010174
233 249 257 -1 30.760949
231 245 -1 -1 24.897912
220 231 -1 -1 29.095823
220 231 245 -1 32.530192
231 243 -1 -1 23.731429
231 243 245 -1 29.514864
378 382 -1 -1 21.366377
356 382 -1 -1 27.450573
356 378 382 -1 28.775234
376 382 -1 -1 17.261072
356 376 382 -1 27.778472
376 393 -1 -1 24.593194
375 393 -1 -1 24.972395
375 376 393 -1 27.689461
386 393 -1 -1 28.053111
375 386 393 -1 29.220035
382 393 -1 -1 25.695307
376 382 393 -1 26.812488
364 383 -1 -1 25.345792
364 387 -1 -1 19.584097
364 383 387 -1 26.632260
354 364 -1 -1 23.956985
354 364 383 -1 27.691366
364 365 -1 -1 20.017038
365 387 -1 -1 23.685290
364 365 387 -1 24.707897
339 364 -1 -1 26.172959
339 354 364 -1 28.158885
325 364 -1 -1 36.849525
325 339 364 -1 37.517666
346 364 -1 -1 35.223919
346 365 -1 -1 24.078196
346 364 365 -1 36.582773
325 346 364 -1 38.756078
264 275 -1 -1 19.238943
253 264 -1 -1 17.914358
253 264 275 -1 26.278085
264 274 -1 -1 17.989589
264 274 275 -1 25.060960
228 237 -1 -1 13.951524
214 237 -1 -1 16.752453
214 228 237 -1 31.817636
237 239 -1 -1 16.452440
214 239 -1 -1 21.722185
214 237 239 -1 21.951527
240 263 -1 -1 24.911399
240 249 -1 -1 20.176760
240 249 263 -1 26.412491
240 259 -1 -1 25.975351
240 259 263 -1 27.192009
222 240 -1 -1 25.483286
215 240 -1 -1 27.236751
215 222 240 -1 29.506650
222 240 249 -1 28.941563
263 278 -1 -1 19.563188
269 278 -1 -1 20.735634
263 269 278 -1 25.007927
278 293 -1 -1 31.075829
278 300 -1 -1 21.342640
278 293 300 -1 31.603036
269 278 293 -1 32.360125
278 284 -1 -1 22.097028
278 284 300 -1 27.597477
263 278 284 -1 28.772526
387 395 -1 -1 22.358406
365 395 -1 -1 23.620357
365 387 395 -1 26.839929
113 115 -1 -1 25.939546
96 115 -1 -1 17.887989
96 113 115 -1 27.274598
114 115 -1 -1 21.754584
366 379 -1 -1 25.492044
347 379 -1 -1 31.435158
347 366 379 -1 33.448377
163 164 -1 -1 19.609304
142 163 -1 -1 22.237392
142 164 -1 -1 25.906719
142 163 164 -1 26.675515
146 163 -1 -1 26.249047
142 146 -1 -1 28.683785
142 146 163 -1 30.159932
163 171 -1 -1 20.936757
146 163 171 -1 29.028529
162 167 -1 -1 16.142960
162 185 -1 -1 22.830865
162 167 185 -1 26.117285
162 164 -1 -1 17.357065
164 185 -1 -1 26.548959
162 164 185 -1 26.846493
149 162 -1 -1 22.008198
149 162 167 -1 22.193727
128 146 -1 -1 23.627072
120 128 -1 -1 17.342381
120 128 146 -1 26.301777
128 142 -1 -1 20.072131
128 142 146 -1 28.993970
122 128 -1 -1 19.858400
122 128 142 -1 25.040737
107 128 -1 -1 22.381361
107 120 128 -1 23.211752
107 122 128 -1 26.242597
225 243 -1 -1 24.060676
225 257 -1 -1 33.775865
225 243 257 -1 33.850088
225 233 -1 -1 21.064631
225 233 257 -1 33.789614
225 231 -1 -1 27.014276
225 231 243 -1 28.968404
217 231 -1 -1 23.777847
217 220 -1 -1 17.215608
217 220 231 -1 29.100836
256 274 -1 -1 26.005908
256 259 -1 -1 16.976887
256 259 274 -1 27.152423
256 264 -1 -1 17.258828
256 264 274 -1 26.107828
234 240 -1 -1 17.536417
234 259 -1 -1 28.555893
234 240 259 -1 29.046930
234 256 -1 -1 27.290244
234 256 259 -1 29.376900
234 239 -1 -1 13.799714
239 256 -1 -1 19.455886
234 239 256 -1 28.881845
215 234 -1 -1 21.820197
215 234 240 -1 27.277482
214 234 -1 -1 27.737579
214 215 234 -1 33.060437
214 234 239 -1 28.190956
190 217 -1 -1 26.917886
113 136 -1 -1 31.948073
136 138 -1 -1 28.649142
113 136 138 -1 32.306165
115 136 -1 -1 16.573720
113 115 136 -1 32.064260
136 147 -1 -1 19.200601
136 138 147 -1 29.397628
136 157 -1 -1 33.630601
134 136 -1 -1 27.292462
134 136 157 -1 36.469874
136 147 157 -1 36.256789
114 136 -1 -1 26.529319
114 134 136 -1 30.009263
114 115 136 -1 26.579171
373 379 -1 -1 23.061246
373 395 -1 -1 27.615621
365 373 -1 -1 22.516962
365 373 395 -1 28.803358
347 373 -1 -1 26.254259
347 373 379 -1 32.033437
346 373 -1 -1 27.418172
346 365 373 -1 28.828616
346 347 373 -1 30.917006
150 162 -1 -1 17.470701
149 150 -1 -1 24.013097
149 150 162 -1 24.990462
132 150 -1 -1 26.464575
132 149 150 -1 27.054181
127 150 -1 -1 20.053042
127 132 150 -1 26.752851
142 150 -1 -1 21.117712
127 142 150 -1 26.734254
150 164 -1 -1 20.714401
142 150 164 -1 26.640227
150 162 164 -1 21.661895
206 225 -1 -1 26.117057
206 233 -1 -1 31.178346
206 225 233 -1 31.487191
197 206 -1 -1 26.502565
206 222 -1 -1 31.969758
197 206 222 -1 32.846560
206 222 233 -1 33.569056
185 206 -1 -1 25.132555
185 197 206 -1 30.070784
190 198 -1 -1 22.006178
171 198 -1 -1 28.653253
171 190 198 -1 31.133042
198 217 -1 -1 18.197300
190 198 217 -1 27.092720
237 250 -1 -1 15.318450
239 250 -1 -1 18.048058
237 239 250 -1 19.315900
250 256 -1 -1 15.423105
239 250 256 -1 20.629169
228 250 -1 -1 20.161693
250 253 -1 -1 15.762738
228 250 253 -1 23.724128
228 237 250 -1 20.190453
250 264 -1 -1 21.580206
250 253 264 -1 21.953340
250 256 264 -1 21.769396
163 189 -1 -1 28.478328
171 189 -1 -1 23.654773
163 171 189 -1 28.999146
189 198 -1 -1 18.080703
171 189 198 -1 28.737501
211 217 -1 -1 30.939128
211 231 -1 -1 24.712056
211 217 231 -1 31.489930
198 211 -1 -1 25.507309
198 211 217 -1 30.949939
189 211 -1 -1 24.117415
189 198 211 -1 26.701897
211 225 -1 -1 23.058276
211 225 231 -1 28.980276
206 211 -1 -1 25.808672
206 211 225 -1 28.978119
163 184 -1 -1 26.682903
164 184 -1 -1 20.883891
163 164 184 -1 26.920977
184 189 -1 -1 17.648662
163 184 189 -1 29.231627
184 185 -1 -1 23.068697
164 184 185 -1 27.600746
184 206 -1 -1 29.167650
184 185 206 -1 30.292556
184 211 -1 -1 29.754890
184 206 211 -1 32.777481
184 189 211 -1 29.756130
96 -1 -1 -1 0.000000
98 -1 -1 -1 0.000000
100 -1 -1 -1 0.000000
106 -1 -1 -1 0.000000
107 -1 -1 -1 0.000000
108 -1 -1 -1 0.000000
112 -1 -1 -1 0.000000
113 -1 -1 -1 0.000000
114 -1 -1 -1 0.000000
115 -1 -1 -1 0.000000
116 -1 -1 -1 0.000000
118 -1 -1 -1 0.000000
120 -1 -1 -1 0.000000
121 -1 -1 -1 0.000000
122 -1 -1 -1 0.000000
123 -1 -1 -1 0.000000
125 -1 -1 -1 0.000000
127 -1 -1 -1 0.000000
128 -1 -1 -1 0.000000
132 -1 -1 -1 0.000000
133 -1 -1 -1 0.000000
134 -1 -1 -1 0.000000
135 -1 -1 -1 0.000000
136 -1 -1 -1 0.000000
138 -1 -1 -1 0.000000
140 -1 -1 -1 0.000000
142 -1 -1 -1 0.000000
143 -1 -1 -1 0.000000
144 -1 -1 -1 0.000000
146 -1 -1 -1 0.000000
147 -1 -1 -1 0.000000
148 -1 -1 -1 0.000000
149 -1 -1 -1 0.000000
150 -1 -1 -1 0.000000
155 -1 -1 -1 0.000000
156 -1 -1 -1 0.000000
157 -1 -1 -1 0.000000
158 -1 -1 -1 0.000000
159 -1 -1 -1 0.000000
162 -1 -1 -1 0.000000
163 -1 -1 -1 0.000000
164 -1 -1 -1 0.000000
166 -1 -1 -1 0.000000
167 -1 -1 -1 0.000000
170 -1 -1 -1 0.000000
171 -1 -1 -1 0.000000
172 -1 -1 -1 0.000000
175 -1 -1 -1 0.000000
177 -1 -1 -1 0.000000
178 -1 -1 -1 0.000000
180 -1 -1 -1 0.000000
182 -1 -1 -1 0.000000
183 -1 -1 -1 0.000000
184 -1 -1 -1 0.000000
185 -1 -1 -1 0.000000
188 -1 -1 -1 0.000000
189 -1 -1 -1 0.000000
190 -1 -1 -1 0.000000
193 -1 -1 -1 0.000000
194 -1 -1 -1 0.000000
195 -1 -1 -1 0.000000
197 -1 -1 -1 0.000000
198 -1 -1 -1 0.000000
199 -1 -1 -1 0.000000
201 -1 -1 -1 0.000000
205 -1 -1 -1 0.000000
206 -1 -1 -1 0.000000
207 -1 -1 -1 0.000000
210 -1 -1 -1 0.000000
211 -1 -1 -1 0.000000
212 -1 -1 -1 0.000000
214 -1 -1 -1 0.000000
215 -1 -1 -1 0.000000
217 -1 -1 -1 0.000000
219 -1 -1 -1 0.000000
220 -1 -1 -1 0.000000
222 -1 -1 -1 0.000000
224 -1 -1 -1 0.000000
225 -1 -1 -1 0.000000
228 -1 -1 -1 0.000000
231 -1 -1 -1 0.000000
233 -1 -1 -1 0.000000
234 -1 -1 -1 0.000000
235 -1 -1 -1 0.000000
236 -1 -1 -1 0.000000
237 -1 -1 -1 0.000000
238 -1 -1 -1 0.000000
239 -1 -1 -1 0.000000
240 -1 -1 -1 0.000000
241 -1 -1 -1 0.000000
243 -1 -1 -1 0.000000
244 -1 -1 -1 0.000000
245 -1 -1 -1 0.000000
247 -1 -1 -1 0.000000
249 -1 -1 -1 0.000000
250 -1 -1 -1 0.000000
251 -1 -1 -1 0.000000
252 -1 -1 -1 0.000000
253 -1 -1 -1 0.000000
254 -1 -1 -1 0.000000
256 -1 -1 -1 0.000000
257 -1 -1 -1 0.000000
259 -1 -1 -1 0.000000
261 -1 -1 -1 0.000000
262 -1 -1 -1 0.000000
263 -1 -1 -1 0.000000
264 -1 -1 -1 0.000000
267 -1 -1 -1 0.000000
269 -1 -1 -1 0.000000
270 -1 -1 -1 0.000000
273 -1 -1 -1 0.000000
274 -1 -1 -1 0.000000
275 -1 -1 -1 0.000000
277 -1 -1 -1 0.000000
278 -1 -1 -1 0.000000
280 -1 -1 -1 0.000000
282 -1 -1 -1 0.000000
283 -1 -1 -1 0.000000
284 -1 -1 -1 0.000000
285 -1 -1 -1 0.000000
289 -1 -1 -1 0.000000
292 -1 -1 -1 0.000000
293 -1 -1 -1 0.000000
294 -1 -1 -1 0.000000
298 -1 -1 -1 0.000000
300 -1 -1 -1 0.000000
301 -1 -1 -1 0.000000
303 -1 -1 -1 0.000000
304 -1 -1 -1 0.000000
306 -1 -1 -1 0.000000
307 -1 -1 -1 0.000000
309 -1 -1 -1 0.000000
310 -1 -1 -1 0.000000
311 -1 -1 -1 0.000000
314 -1 -1 -1 0.000000
316 -1 -1 -1 0.000000
318 -1 -1 -1 0.000000
319 -1 -1 -1 0.000000
321 -1 -1 -1 0.000000
322 -1 -1 -1 0.000000
324 -1 -1 -1 0.000000
325 -1 -1 -1 0.000000
328 -1 -1 -1 0.000000
329 -1 -1 -1 0.000000
330 -1 -1 -1 0.000000
331 -1 -1 -1 0.000000
332 -1 -1 -1 0.000000
336 -1 -1 -1 0.000000
337 -1 -1 -1 0.000000
338 -1 -1 -1 0.000000
339 -1 -1 -1 0.000000
341 -1 -1 -1 0.000000
345 -1 -1 -1 0.000000
346 -1 -1 -1 0.000000
347 -1 -1 -1 0.000000
348 -1 -1 -1 0.000000
349 -1 -1 -1 0.000000
350 -1 -1 -1 0.000000
351 -1 -1 -1 0.000000
354 -1 -1 -1 0.000000
356 -1 -1 -1 0.000000
358 -1 -1 -1 0.000000
360 -1 -1 -1 0.000000
362 -1 -1 -1 0.000000
363 -1 -1 -1 0.000000
364 -1 -1 -1 0.000000
365 -1 -1 -1 0.000000
366 -1 -1 -1 0.000000
367 -1 -1 -1 0.000000
368 -1 -1 -1 0.000000
372 -1 -1 -1 0.000000
373 -1 -1 -1 0.000000
375 -1 -1 -1 0.000000
376 -1 -1 -1 0.000000
378 -1 -1 -1 0.000000
379 -1 -1 -1 0.000000
382 -1 -1 -1 0.000000
383 -1 -1 -1 0.000000
386 -1 -1 -1 0.000000
387 -1 -1 -1 0.000000
389 -1 -1 -1 0.000000
390 -1 -1 -1 0.000000
391 -1 -1 -1 0.000000
392 -1 -1 -1 0.000000
393 -1 -1 -1 0.000000
395 -1 -1 -1 0.000000
397 -1 -1 -1 0.000000
