116 150 -1 -1 37.090326
116 137 -1 -1 30.193586
137 150 -1 -1 27.897056
116 137 150 -1 37.752801
202 211 -1 -1 19.151500
202 205 -1 -1 25.901557
205 211 -1 -1 32.778146
202 205 211 -1 32.800640
268 285 -1 -1 20.922853
267 268 -1 -1 26.676057
267 285 -1 -1 37.939514
267 268 285 -1 39.288781
273 285 -1 -1 19.498931
268 273 -1 -1 23.824963
268 273 285 -1 25.032297
186 202 -1 -1 29.482312
186 205 -1 -1 33.257887
186 202 205 -1 34.687966
214 219 -1 -1 34.425916
214 246 -1 -1 46.229353
219 246 -1 -1 50.322543
214 219 246 -1 51.947731
324 343 -1 -1 43.524290
343 346 -1 -1 30.262565
324 346 -1 -1 41.434322
324 343 346 -1 45.542404
277 285 -1 -1 22.104070
273 277 -1 -1 16.220178
273 277 285 -1 22.796445
277 305 -1 -1 24.140232
283 305 -1 -1 14.156775
277 283 -1 -1 13.758516
277 283 305 -1 27.792636
282 290 -1 -1 35.757437
282 313 -1 -1 34.188121
290 313 -1 -1 21.406219
282 290 313 -1 36.815982
282 305 -1 -1 21.089386
282 283 -1 -1 19.830318
282 283 305 -1 21.872486
246 282 -1 -1 41.773906
246 283 -1 -1 42.212988
246 282 283 -1 43.224740
188 211 -1 -1 31.219983
211 213 -1 -1 24.590702
188 213 -1 -1 28.180470
188 211 213 -1 32.793429
188 202 -1 -1 26.152848
188 202 211 -1 31.310377
129 132 -1 -1 16.487744
129 159 -1 -1 27.245977
132 159 -1 -1 29.791428
129 132 159 -1 30.091956
166 168 -1 -1 25.009971
166 195 -1 -1 36.252628
168 195 -1 -1 23.402204
166 168 195 -1 36.518868
148 168 -1 -1 27.445287
148 166 -1 -1 28.045533
148 166 168 -1 31.086583
159 170 -1 -1 16.894253
170 173 -1 -1 26.313043
159 173 -1 -1 27.267607
159 170 173 -1 28.266542
170 192 -1 -1 23.714908
192 197 -1 -1 20.128411
170 197 -1 -1 26.613751
170 192 197 -1 27.652933
250 277 -1 -1 31.945343
250 273 -1 -1 20.800738
250 273 277 -1 36.443035
250 283 -1 -1 39.768664
246 250 -1 -1 30.693647
246 250 283 -1 44.307408
250 277 283 -1 43.886190
197 215 -1 -1 18.769452
197 222 -1 -1 28.158825
215 222 -1 -1 17.588012
197 215 222 -1 28.732629
215 218 -1 -1 19.115258
218 222 -1 -1 30.198193
215 218 222 -1 32.272975
242 268 -1 -1 32.667053
242 267 -1 -1 37.297407
242 267 268 -1 38.255705
242 247 -1 -1 27.001415
247 267 -1 -1 32.110588
242 247 267 -1 38.172000
216 225 -1 -1 15.250394
190 225 -1 -1 27.198042
190 216 -1 -1 22.194405
190 216 225 -1 27.204342
229 247 -1 -1 24.972438
229 233 -1 -1 21.370035
233 247 -1 -1 27.062977
229 233 247 -1 28.626369
216 229 -1 -1 15.870706
216 233 -1 -1 18.198017
216 229 233 -1 21.900548
225 229 -1 -1 11.056739
216 225 229 -1 16.666217
95 116 -1 -1 23.322758
95 137 -1 -1 38.373540
95 116 137 -1 38.376311
95 119 -1 -1 39.243657
119 137 -1 -1 33.265383
95 119 137 -1 42.962802
211 239 -1 -1 27.713396
205 239 -1 -1 32.216135
205 211 239 -1 35.931569
186 189 -1 -1 22.539102
189 205 -1 -1 26.460198
186 189 205 -1 33.380321
167 186 -1 -1 28.681075
167 189 -1 -1 23.082315
167 186 189 -1 29.333312
189 219 -1 -1 49.098666
205 219 -1 -1 43.521303
189 205 219 -1 49.255360
163 186 -1 -1 16.635904
163 167 -1 -1 26.390435
163 167 186 -1 29.112503
119 163 -1 -1 38.688710
137 163 -1 -1 25.477064
119 137 163 -1 39.147893
174 188 -1 -1 31.317641
150 188 -1 -1 32.223792
150 174 -1 -1 25.509879
150 174 188 -1 34.703850
163 174 -1 -1 21.793509
174 186 -1 -1 18.313607
163 174 186 -1 22.367775
137 174 -1 -1 30.565940
137 150 174 -1 32.598551
137 163 174 -1 31.022240
356 386 -1 -1 34.268227
346 356 -1 -1 29.188701
346 386 -1 -1 42.398753
346 356 386 -1 42.678409
346 363 -1 -1 19.168409
372 381 -1 -1 30.369193
311 334 -1 -1 18.649517
307 334 -1 -1 15.731590
307 311 -1 -1 12.998447
307 311 334 -1 18.917850
354 369 -1 -1 26.376753
345 354 -1 -1 26.494101
345 369 -1 -1 33.861258
345 354 369 -1 34.421257
369 382 -1 -1 25.510373
345 382 -1 -1 35.274234
345 369 382 -1 37.233918
199 214 -1 -1 38.954620
195 214 -1 -1 24.480087
195 199 -1 -1 29.120083
195 199 214 -1 39.001939
166 199 -1 -1 27.944347
166 195 199 -1 36.949599
272 282 -1 -1 25.245995
246 272 -1 -1 31.327729
246 272 282 -1 41.907649
272 290 -1 -1 23.741120
272 282 290 -1 35.832582
260 290 -1 -1 27.812571
260 272 -1 -1 34.134478
260 272 290 -1 34.427792
219 272 -1 -1 53.923017
219 260 -1 -1 42.204541
219 260 272 -1 53.927881
219 246 272 -1 54.947783
164 188 -1 -1 29.945428
150 164 -1 -1 22.561401
150 164 188 -1 33.485157
201 220 -1 -1 24.635472
201 213 -1 -1 31.042927
213 220 -1 -1 23.716988
201 213 220 -1 31.535541
220 240 -1 -1 21.161853
213 240 -1 -1 23.814033
213 220 240 -1 26.541349
154 179 -1 -1 25.918461
92 96 -1 -1 14.917419
117 154 -1 -1 39.013489
117 125 -1 -1 23.117327
125 154 -1 -1 26.639718
117 125 154 -1 40.046647
92 117 -1 -1 24.260172
92 125 -1 -1 26.850429
92 117 125 -1 28.761272
96 117 -1 -1 23.589230
92 96 117 -1 25.200163
111 129 -1 -1 39.561138
107 129 -1 -1 33.244903
107 111 -1 -1 14.325919
107 111 129 -1 41.055207
111 130 -1 -1 22.723657
129 130 -1 -1 43.161714
111 129 130 -1 43.484058
111 117 -1 -1 30.711286
117 130 -1 -1 23.874412
111 117 130 -1 30.982181
135 145 -1 -1 20.188587
121 145 -1 -1 25.511802
121 135 -1 -1 16.000194
121 135 145 -1 25.516759
145 166 -1 -1 26.587966
145 148 -1 -1 19.494234
145 148 166 -1 29.302823
129 138 -1 -1 34.398150
138 159 -1 -1 21.002978
129 138 159 -1 34.398151
130 138 -1 -1 23.974189
129 130 138 -1 43.249343
138 170 -1 -1 29.795157
138 159 170 -1 30.595032
105 129 -1 -1 22.716707
105 107 -1 -1 20.364519
105 107 129 -1 33.852153
97 110 -1 -1 23.875540
170 191 -1 -1 22.371132
173 191 -1 -1 20.994723
170 173 191 -1 27.288172
191 197 -1 -1 13.721581
170 191 197 -1 26.627244
227 250 -1 -1 28.807505
227 246 -1 -1 30.607377
227 246 250 -1 34.723638
218 227 -1 -1 24.673897
218 250 -1 -1 36.537732
218 227 250 -1 36.635273
214 227 -1 -1 38.262204
214 227 246 -1 46.525058
199 227 -1 -1 32.554756
199 218 -1 -1 30.382049
199 218 227 -1 34.299221
199 214 227 -1 42.583645
218 244 -1 -1 31.191707
222 244 -1 -1 28.499885
218 222 244 -1 34.667852
244 250 -1 -1 25.342914
218 244 250 -1 37.125376
242 244 -1 -1 25.125531
222 242 -1 -1 20.979711
222 242 244 -1 29.402370
244 268 -1 -1 24.890763
242 244 268 -1 33.025196
244 273 -1 -1 30.368580
244 268 273 -1 31.155782
244 250 273 -1 30.692133
228 242 -1 -1 20.346041
228 247 -1 -1 24.090386
228 242 247 -1 28.047541
228 229 -1 -1 13.638748
228 229 247 -1 25.583287
225 228 -1 -1 18.473969
225 228 229 -1 18.585698
207 228 -1 -1 21.108704
207 225 -1 -1 13.459531
207 225 228 -1 21.365486
86 95 -1 -1 27.923181
86 119 -1 -1 33.042659
86 95 119 -1 39.892472
290 310 -1 -1 41.954891
260 310 -1 -1 43.994044
260 290 310 -1 45.515079
288 310 -1 -1 21.044773
260 288 -1 -1 37.520345
260 288 310 -1 44.057634
310 313 -1 -1 46.874810
290 310 313 -1 46.878073
300 310 -1 -1 45.937617
288 300 -1 -1 37.316503
288 300 310 -1 46.657616
239 241 -1 -1 26.528609
211 241 -1 -1 26.111723
211 239 241 -1 30.959339
213 241 -1 -1 28.845970
211 213 241 -1 30.841498
240 241 -1 -1 17.252412
213 240 241 -1 28.868788
241 257 -1 -1 24.242708
239 257 -1 -1 20.748501
239 241 257 -1 27.927915
183 214 -1 -1 33.563161
183 219 -1 -1 47.381531
183 214 219 -1 47.401233
183 189 -1 -1 25.562474
183 189 219 -1 50.125371
183 195 -1 -1 28.707599
183 195 214 -1 34.338085
167 183 -1 -1 25.856803
167 183 189 -1 28.772897
186 193 -1 -1 19.268575
193 202 -1 -1 14.817671
186 193 202 -1 33.766049
174 193 -1 -1 12.674901
174 186 193 -1 20.004507
188 193 -1 -1 26.252786
188 193 202 -1 27.318065
174 188 193 -1 31.941941
324 328 -1 -1 13.776935
328 346 -1 -1 38.060107
324 328 346 -1 41.550677
328 356 -1 -1 25.928458
328 346 356 -1 38.107786
353 371 -1 -1 22.516964
353 358 -1 -1 21.732607
358 371 -1 -1 15.726819
353 358 371 -1 23.692265
372 390 -1 -1 20.538050
366 390 -1 -1 27.723621
366 372 -1 -1 29.279210
366 372 390 -1 30.618679
369 381 -1 -1 27.953850
336 345 -1 -1 25.884262
316 336 -1 -1 21.710159
286 307 -1 -1 30.066231
267 307 -1 -1 42.672369
267 286 -1 -1 26.504228
267 286 307 -1 43.064097
286 311 -1 -1 20.036223
286 307 311 -1 39.146385
286 312 -1 -1 18.202028
311 312 -1 -1 13.543660
286 311 312 -1 20.587106
286 289 -1 -1 18.513096
289 312 -1 -1 19.264484
286 289 312 -1 21.565764
309 312 -1 -1 29.061107
289 309 -1 -1 21.567835
289 309 312 -1 29.062542
329 353 -1 -1 27.753899
343 353 -1 -1 18.858290
329 343 -1 -1 13.289902
329 343 353 -1 31.536279
310 329 -1 -1 44.623781
313 329 -1 -1 17.434596
310 313 329 -1 46.968056
324 329 -1 -1 43.797273
324 329 343 -1 44.184293
310 324 -1 -1 15.278777
310 324 329 -1 44.947603
296 307 -1 -1 31.178919
267 296 -1 -1 38.355713
267 296 307 -1 44.194736
285 296 -1 -1 18.820041
267 285 296 -1 39.372476
277 296 -1 -1 35.964097
277 285 296 -1 42.782852
296 305 -1 -1 44.913770
277 296 305 -1 45.062759
362 372 -1 -1 23.581788
362 381 -1 -1 28.426502
362 372 381 -1 32.166516
164 182 -1 -1 20.540664
182 188 -1 -1 19.459258
164 182 188 -1 30.164394
182 201 -1 -1 28.422042
182 213 -1 -1 32.789911
182 201 213 -1 35.685544
182 188 213 -1 32.920588
109 116 -1 -1 28.491945
249 266 -1 -1 21.962140
220 249 -1 -1 25.038639
240 249 -1 -1 25.539300
220 240 249 -1 27.848306
247 258 -1 -1 24.858718
233 258 -1 -1 33.337615
233 247 258 -1 33.876166
236 258 -1 -1 35.443904
233 236 -1 -1 24.289977
233 236 258 -1 36.863620
258 289 -1 -1 31.318292
258 287 -1 -1 33.101620
287 289 -1 -1 16.925969
258 287 289 -1 33.543966
258 286 -1 -1 33.426779
258 286 289 -1 33.968241
258 267 -1 -1 35.349647
247 258 267 -1 36.510997
258 267 286 -1 37.335828
196 216 -1 -1 26.168393
196 233 -1 -1 33.597594
196 216 233 -1 33.835929
196 236 -1 -1 38.222800
196 233 236 -1 38.708774
190 196 -1 -1 21.884496
190 196 216 -1 27.388721
179 196 -1 -1 27.723344
179 190 -1 -1 35.800958
179 190 196 -1 35.815181
117 157 -1 -1 40.997990
130 157 -1 -1 36.464013
117 130 157 -1 41.325527
154 157 -1 -1 23.526108
117 154 157 -1 41.979858
138 157 -1 -1 38.733787
130 138 157 -1 39.811632
157 179 -1 -1 29.947792
157 190 -1 -1 33.049544
157 179 190 -1 38.332411
154 157 179 -1 31.096297
96 102 -1 -1 17.136848
102 117 -1 -1 27.876572
96 102 117 -1 27.990968
102 111 -1 -1 16.410400
102 111 117 -1 30.908619
102 107 -1 -1 24.910839
102 107 111 -1 26.206566
108 135 -1 -1 23.148047
108 121 -1 -1 22.698191
108 121 135 -1 24.468458
108 132 -1 -1 28.817260
132 135 -1 -1 14.349402
108 132 135 -1 29.077599
105 108 -1 -1 27.141644
108 129 -1 -1 32.493132
108 129 132 -1 32.532066
105 108 129 -1 32.915505
135 153 -1 -1 17.009243
132 153 -1 -1 12.538879
132 135 153 -1 17.378790
145 153 -1 -1 18.582069
135 145 153 -1 21.631836
153 159 -1 -1 29.609523
132 153 159 -1 30.388061
170 187 -1 -1 36.918849
187 192 -1 -1 22.336519
170 187 192 -1 38.513401
138 187 -1 -1 42.547408
138 170 187 -1 43.426699
187 207 -1 -1 21.374287
192 207 -1 -1 16.170130
187 192 207 -1 23.554605
157 187 -1 -1 38.240142
187 190 -1 -1 17.231260
157 187 190 -1 38.319188
138 157 187 -1 46.184835
187 225 -1 -1 23.025784
187 190 225 -1 27.364412
187 207 225 -1 23.441129
198 199 -1 -1 24.537768
166 198 -1 -1 31.727660
166 198 199 -1 32.994378
198 215 -1 -1 22.584268
198 218 -1 -1 27.205174
198 215 218 -1 27.545590
198 199 218 -1 31.999961
197 198 -1 -1 23.012930
197 198 215 -1 25.020655
191 198 -1 -1 18.252271
191 197 198 -1 23.015990
224 228 -1 -1 15.900333
207 224 -1 -1 15.307451
207 224 228 -1 21.186064
197 224 -1 -1 27.456696
222 224 -1 -1 14.473347
197 222 224 -1 28.829446
224 242 -1 -1 25.029118
222 224 242 -1 25.047354
224 228 242 -1 25.077872
192 224 -1 -1 24.265303
192 197 224 -1 28.325557
192 207 224 -1 24.705297
94 110 -1 -1 18.668309
110 119 -1 -1 36.004793
94 119 -1 -1 35.290304
94 110 119 -1 36.959633
86 94 -1 -1 26.844834
86 94 119 -1 37.244166
110 118 -1 -1 19.661102
97 118 -1 -1 20.226284
97 110 118 -1 24.898366
151 168 -1 -1 21.827819
148 151 -1 -1 15.437273
148 151 168 -1 27.490138
110 133 -1 -1 19.642629
119 133 -1 -1 32.126408
110 119 133 -1 36.173063
118 133 -1 -1 24.276367
110 118 133 -1 24.988236
118 140 -1 -1 15.683476
133 140 -1 -1 23.882806
118 133 140 -1 25.474234
256 288 -1 -1 28.962451
256 260 -1 -1 22.523830
256 260 288 -1 37.562275
219 256 -1 -1 44.623030
219 256 260 -1 45.178940
257 274 -1 -1 26.780721
270 274 -1 -1 17.293076
257 270 -1 -1 18.846247
257 270 274 -1 26.906595
274 300 -1 -1 28.563034
274 288 -1 -1 26.847823
274 288 300 -1 37.482380
256 274 -1 -1 36.042373
256 274 288 -1 36.559229
274 293 -1 -1 31.910764
293 300 -1 -1 21.707119
274 293 300 -1 32.687667
253 257 -1 -1 17.116408
253 270 -1 -1 16.802723
253 257 270 -1 20.399041
241 253 -1 -1 16.729066
241 253 257 -1 24.250891
309 316 -1 -1 12.850961
323 328 -1 -1 23.613641
323 356 -1 -1 35.736228
323 328 356 -1 35.762793
323 324 -1 -1 33.266014
323 324 328 -1 39.897805
310 323 -1 -1 42.086193
310 323 324 -1 46.474121
300 323 -1 -1 29.718901
300 310 323 -1 47.064826
371 384 -1 -1 20.572565
358 384 -1 -1 30.196613
358 371 384 -1 32.543420
366 384 -1 -1 32.578991
358 366 -1 -1 25.871041
358 366 384 -1 34.546489
371 376 -1 -1 11.809395
353 376 -1 -1 19.690849
353 371 376 -1 22.538186
363 383 -1 -1 13.243914
376 383 -1 -1 12.467253
373 382 -1 -1 29.721833
345 373 -1 -1 33.011478
345 373 382 -1 37.992221
335 336 -1 -1 28.683183
335 345 -1 -1 29.593289
335 336 345 -1 32.534501
289 306 -1 -1 18.882207
287 306 -1 -1 11.349963
287 289 306 -1 19.107069
306 309 -1 -1 5.906814
289 306 309 -1 22.852723
296 317 -1 -1 38.951818
305 317 -1 -1 28.395755
296 305 317 -1 45.350656
296 319 -1 -1 31.347607
317 319 -1 -1 15.198268
296 317 319 -1 41.093270
341 366 -1 -1 27.375468
341 358 -1 -1 19.200125
341 358 366 -1 28.608701
341 353 -1 -1 32.559879
341 353 358 -1 33.744651
329 341 -1 -1 44.795360
329 341 353 -1 45.009772
313 341 -1 -1 48.236419
313 329 341 -1 48.239002
334 339 -1 -1 8.946897
307 339 -1 -1 21.371762
307 334 339 -1 24.056217
339 340 -1 -1 10.557309
339 354 -1 -1 19.662306
340 354 -1 -1 19.866397
339 340 354 -1 20.512652
325 362 -1 -1 36.230263
319 362 -1 -1 39.992299
319 325 -1 -1 21.366973
319 325 362 -1 40.234988
296 325 -1 -1 32.281657
307 325 -1 -1 25.531688
296 307 325 -1 34.680963
296 319 325 -1 33.800973
325 339 -1 -1 23.824439
307 325 339 -1 27.432745
325 340 -1 -1 17.318114
325 339 340 -1 26.350558
144 164 -1 -1 21.078013
144 150 -1 -1 25.122908
144 150 164 -1 26.701110
116 144 -1 -1 31.582577
116 144 150 -1 37.570612
109 144 -1 -1 23.449479
109 116 144 -1 32.825412
333 344 -1 -1 24.828987
258 263 -1 -1 27.913189
263 287 -1 -1 25.305096
258 263 287 -1 34.006835
236 263 -1 -1 26.451444
236 258 263 -1 35.853432
106 108 -1 -1 21.804033
100 106 -1 -1 12.327672
106 121 -1 -1 13.995018
106 108 121 -1 23.478881
153 165 -1 -1 9.872190
145 165 -1 -1 20.930157
145 153 165 -1 20.931861
165 166 -1 -1 32.634132
145 165 166 -1 32.718774
159 165 -1 -1 27.393371
165 173 -1 -1 10.086954
159 165 173 -1 27.810090
153 159 165 -1 29.651786
178 198 -1 -1 19.143067
166 178 -1 -1 23.717850
166 178 198 -1 31.844303
165 178 -1 -1 20.882315
173 178 -1 -1 12.471959
165 173 178 -1 29.676339
165 166 178 -1 32.707651
178 191 -1 -1 16.742627
173 178 191 -1 20.996176
178 191 198 -1 20.928326
106 120 -1 -1 25.157891
100 120 -1 -1 21.503588
100 106 120 -1 25.173293
118 120 -1 -1 13.813282
120 140 -1 -1 18.886346
118 120 140 -1 19.217460
143 151 -1 -1 17.109601
143 168 -1 -1 28.524140
143 151 168 -1 28.574748
140 143 -1 -1 19.832093
140 151 -1 -1 17.028625
140 143 151 -1 20.970774
133 143 -1 -1 20.945814
133 140 143 -1 25.163316
248 274 -1 -1 33.344300
248 257 -1 -1 22.189588
248 257 274 -1 33.457635
248 256 -1 -1 17.707754
248 256 274 -1 36.250477
239 248 -1 -1 22.743175
239 248 257 -1 25.333651
219 248 -1 -1 46.268746
219 248 256 -1 46.519861
205 248 -1 -1 46.704546
205 219 248 -1 52.607668
205 239 248 -1 51.658413
274 275 -1 -1 25.917832
270 275 -1 -1 16.652374
270 274 275 -1 26.280736
275 293 -1 -1 14.624434
274 275 293 -1 32.411124
253 275 -1 -1 27.045284
253 270 275 -1 28.417822
275 281 -1 -1 20.730588
266 281 -1 -1 18.819527
266 275 -1 -1 24.017887
266 275 281 -1 24.911123
281 293 -1 -1 19.300394
275 281 293 -1 21.577698
241 252 -1 -1 21.045013
240 252 -1 -1 15.504731
240 241 252 -1 21.385973
252 253 -1 -1 16.055408
241 252 253 -1 21.380185
249 252 -1 -1 23.662045
240 249 252 -1 26.075487
252 266 -1 -1 18.713027
249 252 266 -1 25.081815
252 275 -1 -1 30.299011
252 266 275 -1 30.300531
252 253 275 -1 30.401337
389 390 -1 -1 15.645588
384 389 -1 -1 19.436357
366 389 -1 -1 23.506668
366 389 390 -1 27.744821
366 384 389 -1 32.919328
368 376 -1 -1 12.341095
353 368 -1 -1 17.715632
353 368 376 -1 20.015341
343 368 -1 -1 26.660893
343 353 368 -1 26.712030
368 383 -1 -1 13.841664
363 368 -1 -1 12.433694
363 368 383 -1 15.254076
368 376 383 -1 14.947206
346 368 -1 -1 25.258235
343 346 368 -1 31.958941
346 363 368 -1 26.040454
342 354 -1 -1 16.236595
342 345 -1 -1 24.118065
342 345 354 -1 26.949499
335 342 -1 -1 10.415460
335 342 345 -1 31.846069
339 342 -1 -1 15.204128
339 342 354 -1 20.152051
334 342 -1 -1 16.285866
334 335 -1 -1 14.059786
334 335 342 -1 16.447268
334 339 342 -1 16.523593
326 335 -1 -1 13.145137
326 336 -1 -1 26.609832
326 335 336 -1 28.782797
316 326 -1 -1 28.774474
316 326 336 -1 30.205718
312 326 -1 -1 13.715318
311 326 -1 -1 20.179992
311 312 326 -1 20.273768
309 326 -1 -1 30.067587
309 316 326 -1 30.287992
309 312 326 -1 30.466631
326 334 -1 -1 22.085080
311 326 334 -1 23.624796
326 334 335 -1 23.288357
317 321 -1 -1 23.837988
305 321 -1 -1 14.756236
305 317 321 -1 28.407610
317 331 -1 -1 19.467897
321 331 -1 -1 16.658932
317 321 331 -1 24.061835
282 321 -1 -1 26.991909
282 305 321 -1 27.145214
313 321 -1 -1 41.181575
282 313 321 -1 41.429154
321 341 -1 -1 30.986570
313 321 341 -1 48.643125
331 341 -1 -1 17.414389
321 331 341 -1 40.955012
350 366 -1 -1 22.746972
350 372 -1 -1 30.526522
350 366 372 -1 32.367524
350 362 -1 -1 29.080546
350 362 372 -1 32.493133
317 350 -1 -1 28.374330
331 350 -1 -1 28.708714
317 331 350 -1 30.365244
319 350 -1 -1 30.302395
319 350 362 -1 40.167713
317 319 350 -1 30.589325
341 350 -1 -1 30.282011
341 350 366 -1 31.552426
331 341 350 -1 30.975890
325 359 -1 -1 26.629396
359 362 -1 -1 19.807802
325 359 362 -1 36.978602
340 359 -1 -1 16.519753
325 340 359 -1 27.418751
354 359 -1 -1 20.400663
340 354 359 -1 22.084608
359 369 -1 -1 32.913233
354 359 369 -1 32.924893
359 381 -1 -1 35.255729
359 369 381 -1 37.458691
359 362 381 -1 35.280924
323 357 -1 -1 39.628721
344 357 -1 -1 28.194923
323 344 -1 -1 39.329563
323 344 357 -1 42.267431
356 357 -1 -1 32.171730
323 356 357 -1 41.866336
357 386 -1 -1 41.358197
356 357 386 -1 42.459031
327 333 -1 -1 12.947062
315 323 -1 -1 29.063138
300 315 -1 -1 25.858087
300 315 323 -1 32.734131
315 333 -1 -1 22.617271
315 327 -1 -1 23.289790
315 327 333 -1 23.951925
315 344 -1 -1 31.602920
315 323 344 -1 39.852458
315 333 344 -1 31.814371
106 134 -1 -1 26.226727
121 134 -1 -1 20.987185
106 121 134 -1 26.328176
120 134 -1 -1 16.492102
106 120 134 -1 27.172884
134 145 -1 -1 28.009645
121 134 145 -1 29.234986
134 148 -1 -1 16.856474
134 145 148 -1 28.491636
134 140 -1 -1 18.525033
120 134 140 -1 20.842962
134 151 -1 -1 22.491998
134 148 151 -1 22.503393
134 140 151 -1 22.964015
143 146 -1 -1 27.527327
133 146 -1 -1 25.468680
133 143 146 -1 28.943289
119 146 -1 -1 30.050680
119 133 146 -1 34.154302
146 163 -1 -1 32.210655
146 167 -1 -1 19.605940
146 163 167 -1 32.238918
119 146 163 -1 39.747015
172 183 -1 -1 24.169355
167 172 -1 -1 30.649021
167 172 183 -1 31.660250
146 172 -1 -1 31.791242
146 167 172 -1 32.928138
143 172 -1 -1 22.209391
143 146 172 -1 32.423706
168 172 -1 -1 19.868998
143 168 172 -1 28.626059
172 195 -1 -1 27.021509
168 172 195 -1 27.754260
172 183 195 -1 30.971327
281 298 -1 -1 17.867600
293 298 -1 -1 11.905047
281 293 298 -1 19.731822
298 315 -1 -1 26.684014
298 327 -1 -1 27.551379
298 315 327 -1 30.040352
298 300 -1 -1 27.674233
293 298 300 -1 28.971587
298 300 315 -1 30.911520
100 104 -1 -1 17.752022
97 104 -1 -1 11.625845
104 120 -1 -1 15.627995
100 104 120 -1 21.839659
104 118 -1 -1 19.755698
97 104 118 -1 20.908035
104 118 120 -1 19.862695
298 308 -1 -1 22.591902
308 327 -1 -1 14.555885
298 308 327 -1 27.594634
357 375 -1 -1 32.168239
344 375 -1 -1 31.679415
344 357 375 -1 35.584341
86 -1 -1 -1 0.000000
92 -1 -1 -1 0.000000
94 -1 -1 -1 0.000000
95 -1 -1 -1 0.000000
96 -1 -1 -1 0.000000
97 -1 -1 -1 0.000000
100 -1 -1 -1 0.000000
102 -1 -1 -1 0.000000
104 -1 -1 -1 0.000000
105 -1 -1 -1 0.000000
106 -1 -1 -1 0.000000
107 -1 -1 -1 0.000000
108 -1 -1 -1 0.000000
109 -1 -1 -1 0.000000
110 -1 -1 -1 0.000000
111 -1 -1 -1 0.000000
116 -1 -1 -1 0.000000
117 -1 -1 -1 0.000000
118 -1 -1 -1 0.000000
119 -1 -1 -1 0.000000
120 -1 -1 -1 0.000000
121 -1 -1 -1 0.000000
125 -1 -1 -1 0.000000
129 -1 -1 -1 0.000000
130 -1 -1 -1 0.000000
132 -1 -1 -1 0.000000
133 -1 -1 -1 0.000000
134 -1 -1 -1 0.000000
135 -1 -1 -1 0.000000
137 -1 -1 -1 0.000000
138 -1 -1 -1 0.000000
140 -1 -1 -1 0.000000
143 -1 -1 -1 0.000000
144 -1 -1 -1 0.000000
145 -1 -1 -1 0.000000
146 -1 -1 -1 0.000000
148 -1 -1 -1 0.000000
150 -1 -1 -1 0.000000
151 -1 -1 -1 0.000000
153 -1 -1 -1 0.000000
154 -1 -1 -1 0.000000
157 -1 -1 -1 0.000000
159 -1 -1 -1 0.000000
163 -1 -1 -1 0.000000
164 -1 -1 -1 0.000000
165 -1 -1 -1 0.000000
166 -1 -1 -1 0.000000
167 -1 -1 -1 0.000000
168 -1 -1 -1 0.000000
170 -1 -1 -1 0.000000
172 -1 -1 -1 0.000000
173 -1 -1 -1 0.000000
174 -1 -1 -1 0.000000
178 -1 -1 -1 0.000000
179 -1 -1 -1 0.000000
182 -1 -1 -1 0.000000
183 -1 -1 -1 0.000000
186 -1 -1 -1 0.000000
187 -1 -1 -1 0.000000
188 -1 -1 -1 0.000000
189 -1 -1 -1 0.000000
190 -1 -1 -1 0.000000
191 -1 -1 -1 0.000000
192 -1 -1 -1 0.000000
193 -1 -1 -1 0.000000
195 -1 -1 -1 0.000000
196 -1 -1 -1 0.000000
197 -1 -1 -1 0.000000
198 -1 -1 -1 0.000000
199 -1 -1 -1 0.000000
201 -1 -1 -1 0.000000
202 -1 -1 -1 0.000000
205 -1 -1 -1 0.000000
207 -1 -1 -1 0.000000
211 -1 -1 -1 0.000000
213 -1 -1 -1 0.000000
214 -1 -1 -1 0.000000
215 -1 -1 -1 0.000000
216 -1 -1 -1 0.000000
218 -1 -1 -1 0.000000
219 -1 -1 -1 0.000000
220 -1 -1 -1 0.000000
222 -1 -1 -1 0.000000
224 -1 -1 -1 0.000000
225 -1 -1 -1 0.000000
227 -1 -1 -1 0.000000
228 -1 -1 -1 0.000000
229 -1 -1 -1 0.000000
233 -1 -1 -1 0.000000
236 -1 -1 -1 0.000000
239 -1 -1 -1 0.000000
240 -1 -1 -1 0.000000
241 -1 -1 -1 0.000000
242 -1 -1 -1 0.000000
244 -1 -1 -1 0.000000
246 -1 -1 -1 0.000000
247 -1 -1 -1 0.000000
248 -1 -1 -1 0.000000
249 -1 -1 -1 0.000000
250 -1 -1 -1 0.000000
252 -1 -1 -1 0.000000
253 -1 -1 -1 0.000000
256 -1 -1 -1 0.000000
257 -1 -1 -1 0.000000
258 -1 -1 -1 0.000000
260 -1 -1 -1 0.000000
263 -1 -1 -1 0.000000
266 -1 -1 -1 0.000000
267 -1 -1 -1 0.000000
268 -1 -1 -1 0.000000
270 -1 -1 -1 0.000000
272 -1 -1 -1 0.000000
273 -1 -1 -1 0.000000
274 -1 -1 -1 0.000000
275 -1 -1 -1 0.000000
277 -1 -1 -1 0.000000
281 -1 -1 -1 0.000000
282 -1 -1 -1 0.000000
283 -1 -1 -1 0.000000
285 -1 -1 -1 0.000000
286 -1 -1 -1 0.000000
287 -1 -1 -1 0.000000
288 -1 -1 -1 0.000000
289 -1 -1 -1 0.000000
290 -1 -1 -1 0.000000
293 -1 -1 -1 0.000000
296 -1 -1 -1 0.000000
298 -1 -1 -1 0.000000
300 -1 -1 -1 0.000000
305 -1 -1 -1 0.000000
306 -1 -1 -1 0.000000
307 -1 -1 -1 0.000000
308 -1 -1 -1 0.000000
309 -1 -1 -1 0.000000
310 -1 -1 -1 0.000000
311 -1 -1 -1 0.000000
312 -1 -1 -1 0.000000
313 -1 -1 -1 0.000000
315 -1 -1 -1 0.000000
316 -1 -1 -1 0.000000
317 -1 -1 -1 0.000000
319 -1 -1 -1 0.000000
321 -1 -1 -1 0.000000
323 -1 -1 -1 0.000000
324 -1 -1 -1 0.000000
325 -1 -1 -1 0.000000
326 -1 -1 -1 0.000000
327 -1 -1 -1 0.000000
328 -1 -1 -1 0.000000
329 -1 -1 -1 0.000000
331 -1 -1 -1 0.000000
333 -1 -1 -1 0.000000
334 -1 -1 -1 0.000000
335 -1 -1 -1 0.000000
336 -1 -1 -1 0.000000
339 -1 -1 -1 0.000000
340 -1 -1 -1 0.000000
341 -1 -1 -1 0.000000
342 -1 -1 -1 0.000000
343 -1 -1 -1 0.000000
344 -1 -1 -1 0.000000
345 -1 -1 -1 0.000000
346 -1 -1 -1 0.000000
350 -1 -1 -1 0.000000
353 -1 -1 -1 0.000000
354 -1 -1 -1 0.000000
356 -1 -1 -1 0.000000
357 -1 -1 -1 0.000000
358 -1 -1 -1 0.000000
359 -1 -1 -1 0.000000
362 -1 -1 -1 0.000000
363 -1 -1 -1 0.000000
366 -1 -1 -1 0.000000
368 -1 -1 -1 0.000000
369 -1 -1 -1 0.000000
371 -1 -1 -1 0.000000
372 -1 -1 -1 0.000000
373 -1 -1 -1 0.000000
375 -1 -1 -1 0.000000
376 -1 -1 -1 0.000000
381 -1 -1 -1 0.000000
382 -1 -1 -1 0.000000
383 -1 -1 -1 0.000000
384 -1 -1 -1 0.000000
386 -1 -1 -1 0.000000
389 -1 -1 -1 0.000000
390 -1 -1 -1 0.000000
