94 98 -1 -1 28.158995
98 123 -1 -1 20.251019
94 123 -1 -1 32.773646
94 98 123 -1 32.985063
123 124 -1 -1 17.191158
123 142 -1 -1 23.394153
124 142 -1 -1 24.455044
123 124 142 -1 25.672648
94 124 -1 -1 28.900357
94 123 124 -1 32.827047
143 169 -1 -1 30.474871
143 159 -1 -1 33.583037
159 169 -1 -1 33.703944
143 159 169 -1 37.735842
272 287 -1 -1 21.040259
260 287 -1 -1 25.267995
260 272 -1 -1 21.730899
260 272 287 -1 26.508389
272 288 -1 -1 19.279479
287 288 -1 -1 32.790444
272 287 288 -1 34.628794
278 287 -1 -1 24.856072
260 278 -1 -1 30.574076
260 278 287 -1 31.627703
276 298 -1 -1 23.022573
273 276 -1 -1 20.587516
273 298 -1 -1 28.917459
273 276 298 -1 29.142834
288 298 -1 -1 31.914356
276 288 -1 -1 29.965102
276 288 298 -1 33.419584
382 390 -1 -1 30.294292
372 390 -1 -1 21.177024
372 382 -1 -1 24.532713
372 382 390 -1 30.543938
332 337 -1 -1 15.513822
314 337 -1 -1 23.004108
314 332 -1 -1 30.205212
314 332 337 -1 30.825679
306 332 -1 -1 32.652629
306 314 -1 -1 22.129848
306 314 332 -1 33.734774
278 306 -1 -1 27.189210
287 306 -1 -1 32.415147
278 287 306 -1 33.281178
324 335 -1 -1 18.204813
124 148 -1 -1 26.756051
142 148 -1 -1 30.249965
124 142 148 -1 31.761293
154 178 -1 -1 31.122961
98 118 -1 -1 31.474972
156 157 -1 -1 26.662157
142 157 -1 -1 19.778422
142 156 -1 -1 29.324849
142 156 157 -1 30.129469
148 157 -1 -1 26.240763
142 148 157 -1 30.638115
143 158 -1 -1 37.774207
136 158 -1 -1 27.977628
136 143 -1 -1 33.293401
136 143 158 -1 39.005075
158 169 -1 -1 35.012238
143 158 169 -1 40.182580
169 183 -1 -1 34.550295
159 183 -1 -1 24.668578
159 169 183 -1 36.617209
103 121 -1 -1 20.307488
113 121 -1 -1 25.103179
103 113 -1 -1 18.509498
103 113 121 -1 25.456559
121 133 -1 -1 24.130218
113 133 -1 -1 23.989640
113 121 133 -1 28.201784
133 143 -1 -1 28.915859
133 159 -1 -1 33.547505
133 143 159 -1 37.192455
115 133 -1 -1 30.885651
113 115 -1 -1 26.199454
113 115 133 -1 31.856660
115 143 -1 -1 29.584184
115 133 143 -1 34.444956
115 136 -1 -1 32.604607
115 136 143 -1 36.879726
111 115 -1 -1 22.463085
111 136 -1 -1 27.995856
111 115 136 -1 33.140631
99 111 -1 -1 23.106511
298 301 -1 -1 27.821515
273 301 -1 -1 27.969313
273 298 301 -1 32.619270
297 324 -1 -1 20.924667
244 272 -1 -1 27.433689
244 260 -1 -1 23.849408
244 260 272 -1 28.561644
226 244 -1 -1 22.568110
226 260 -1 -1 25.177305
226 244 260 -1 27.640485
236 244 -1 -1 22.078600
217 244 -1 -1 23.749396
217 236 -1 -1 26.194939
217 236 244 -1 27.945375
217 226 -1 -1 24.296835
217 226 244 -1 27.216353
229 255 -1 -1 22.188946
235 255 -1 -1 23.884894
229 235 -1 -1 22.521654
229 235 255 -1 26.446087
255 278 -1 -1 21.588410
255 260 -1 -1 23.312223
255 260 278 -1 30.658725
226 255 -1 -1 31.945551
226 255 260 -1 32.234553
226 229 -1 -1 24.195885
226 229 255 -1 31.991089
287 311 -1 -1 21.375632
288 311 -1 -1 35.136739
287 288 311 -1 35.955989
306 311 -1 -1 29.789050
287 306 311 -1 33.312275
298 308 -1 -1 25.139906
288 308 -1 -1 18.604743
288 298 308 -1 31.944124
308 311 -1 -1 35.544337
288 308 311 -1 36.639933
308 320 -1 -1 18.408568
311 320 -1 -1 29.456976
308 311 320 -1 35.593205
308 330 -1 -1 35.750390
320 330 -1 -1 28.284338
308 320 330 -1 36.074190
244 261 -1 -1 16.903372
236 261 -1 -1 21.687291
236 244 261 -1 23.728239
261 272 -1 -1 19.833699
244 261 272 -1 27.600047
261 288 -1 -1 26.291532
261 272 288 -1 26.414909
247 276 -1 -1 20.626867
247 273 -1 -1 26.510080
247 273 276 -1 26.913656
277 301 -1 -1 26.873417
273 277 -1 -1 19.201205
273 277 301 -1 29.310303
277 289 -1 -1 19.326205
289 301 -1 -1 26.225542
277 289 301 -1 28.516324
221 236 -1 -1 20.827749
217 221 -1 -1 35.071135
217 221 236 -1 35.250760
203 221 -1 -1 25.958037
203 217 -1 -1 27.117644
203 217 221 -1 35.358751
221 247 -1 -1 25.611797
236 247 -1 -1 23.224419
221 236 247 -1 27.110537
157 181 -1 -1 35.520589
175 181 -1 -1 26.562037
157 175 -1 -1 23.924519
157 175 181 -1 35.523479
156 181 -1 -1 26.482259
156 157 181 -1 35.723964
156 173 -1 -1 29.429544
173 181 -1 -1 27.089938
156 173 181 -1 32.058968
181 203 -1 -1 22.721470
173 203 -1 -1 34.140409
173 181 203 -1 34.221241
396 402 -1 -1 23.455473
390 406 -1 -1 23.539697
388 406 -1 -1 26.430414
388 390 -1 -1 31.393484
388 390 406 -1 32.142919
366 379 -1 -1 26.789358
360 366 -1 -1 16.577801
360 379 -1 -1 18.685736
360 366 379 -1 27.101038
398 403 -1 -1 22.975966
402 403 -1 -1 19.643944
387 402 -1 -1 19.243440
387 403 -1 -1 18.384540
387 402 403 -1 22.068181
375 376 -1 -1 23.815316
359 375 -1 -1 23.786122
359 376 -1 -1 22.040509
359 375 376 -1 26.852616
376 396 -1 -1 23.958418
375 396 -1 -1 25.183621
375 376 396 -1 28.109800
376 402 -1 -1 24.451486
376 396 402 -1 27.672964
376 387 -1 -1 21.806945
376 387 402 -1 25.594169
337 364 -1 -1 28.324273
332 364 -1 -1 28.141357
332 337 364 -1 29.364538
364 366 -1 -1 26.059085
366 387 -1 -1 29.086998
364 387 -1 -1 19.951321
364 366 387 -1 29.832974
364 376 -1 -1 23.448632
364 376 387 -1 25.262367
359 364 -1 -1 27.764197
337 359 -1 -1 26.208987
337 359 364 -1 31.724393
359 364 376 -1 28.722501
352 375 -1 -1 25.187977
352 359 -1 -1 27.340070
352 359 375 -1 29.528901
352 374 -1 -1 23.074267
374 375 -1 -1 20.665080
352 374 375 -1 26.792117
335 352 -1 -1 19.686347
337 341 -1 -1 19.033997
341 359 -1 -1 17.211200
337 341 359 -1 26.233630
314 341 -1 -1 28.017394
314 337 341 -1 28.226941
341 352 -1 -1 28.147856
341 352 359 -1 29.209344
335 341 -1 -1 29.850461
335 341 352 -1 30.918742
386 391 -1 -1 25.624691
164 184 -1 -1 28.367382
168 184 -1 -1 25.402563
164 168 -1 -1 30.453348
164 168 184 -1 32.677294
164 175 -1 -1 22.240508
175 184 -1 -1 32.319163
164 175 184 -1 32.999069
157 164 -1 -1 26.295471
157 164 175 -1 28.103836
148 164 -1 -1 23.789970
148 157 164 -1 29.461918
200 229 -1 -1 31.225095
200 235 -1 -1 35.008126
200 229 235 -1 35.606003
180 200 -1 -1 27.876885
168 180 -1 -1 25.129509
168 200 -1 -1 36.074317
168 180 200 -1 36.180490
184 200 -1 -1 30.260070
168 184 200 -1 36.599914
180 207 -1 -1 29.760885
178 207 -1 -1 30.373275
178 180 -1 -1 23.938048
178 180 207 -1 32.783282
200 207 -1 -1 28.645027
180 200 207 -1 33.247170
141 158 -1 -1 33.282830
136 141 -1 -1 31.396150
136 141 158 -1 35.920067
141 156 -1 -1 27.045990
141 142 -1 -1 36.917764
141 142 156 -1 37.306905
141 173 -1 -1 41.900166
141 156 173 -1 42.108190
158 173 -1 -1 33.249530
141 158 173 -1 42.825708
99 117 -1 -1 19.808284
117 118 -1 -1 19.139093
111 117 -1 -1 25.463821
117 136 -1 -1 25.664623
111 117 136 -1 30.551503
99 111 117 -1 26.724846
117 141 -1 -1 30.648720
117 136 141 -1 34.083710
118 141 -1 -1 28.948711
117 118 141 -1 31.564539
103 112 -1 -1 24.944841
112 121 -1 -1 22.014077
103 112 121 -1 26.213341
102 113 -1 -1 17.882051
102 115 -1 -1 21.559238
102 113 115 -1 26.414367
102 111 -1 -1 30.939608
102 111 115 -1 30.942035
233 263 -1 -1 35.524050
251 263 -1 -1 17.064572
233 251 -1 -1 27.952077
233 251 263 -1 36.245887
282 302 -1 -1 28.324699
282 295 -1 -1 20.969467
295 302 -1 -1 34.023739
282 295 302 -1 34.109926
263 302 -1 -1 33.518476
286 302 -1 -1 22.714348
263 286 -1 -1 26.072492
263 286 302 -1 33.580973
263 282 -1 -1 18.632771
263 282 302 -1 33.528634
282 284 -1 -1 33.940139
284 295 -1 -1 25.298110
282 284 295 -1 34.019044
284 310 -1 -1 25.956766
295 310 -1 -1 30.525460
284 295 310 -1 31.904490
361 382 -1 -1 26.991051
361 372 -1 -1 20.648753
361 372 382 -1 28.255681
253 271 -1 -1 29.043275
267 271 -1 -1 24.999553
253 267 -1 -1 16.865357
253 267 271 -1 29.132389
271 306 -1 -1 31.898730
271 278 -1 -1 20.544537
271 278 306 -1 32.166318
235 253 -1 -1 22.010853
235 271 -1 -1 34.693524
235 253 271 -1 34.858785
255 271 -1 -1 31.798367
235 255 271 -1 35.820236
255 271 278 -1 32.108538
297 307 -1 -1 21.548506
307 324 -1 -1 27.809209
297 307 324 -1 28.097397
306 307 -1 -1 30.737867
307 314 -1 -1 18.853661
306 307 314 -1 30.959305
271 307 -1 -1 26.526054
271 306 307 -1 34.592735
184 195 -1 -1 30.980102
175 195 -1 -1 23.349070
175 184 195 -1 34.091707
195 203 -1 -1 31.527805
195 217 -1 -1 24.606102
195 203 217 -1 32.649681
195 226 -1 -1 35.591772
195 217 226 -1 35.654646
181 195 -1 -1 31.100932
175 181 195 -1 31.946237
181 195 203 -1 33.608220
330 336 -1 -1 33.079724
320 336 -1 -1 21.804976
320 330 336 -1 33.442508
306 328 -1 -1 30.832309
328 332 -1 -1 20.077108
306 328 332 -1 33.570518
311 328 -1 -1 22.827027
306 311 328 -1 32.743450
320 328 -1 -1 35.843118
311 320 328 -1 35.950899
328 336 -1 -1 26.856684
320 328 336 -1 35.944700
301 321 -1 -1 26.179902
298 321 -1 -1 26.957759
298 301 321 -1 31.190316
308 321 -1 -1 39.812529
298 308 321 -1 40.379301
321 330 -1 -1 28.933212
308 321 330 -1 41.188133
242 247 -1 -1 20.822877
242 273 -1 -1 24.011801
242 247 273 -1 27.858791
242 277 -1 -1 29.248285
242 273 277 -1 29.387944
221 242 -1 -1 32.664937
221 223 -1 -1 33.807712
223 242 -1 -1 21.387526
221 223 242 -1 35.142752
221 242 247 -1 32.672244
247 265 -1 -1 25.224695
265 276 -1 -1 15.821032
247 265 276 -1 25.270988
265 288 -1 -1 19.974291
265 276 288 -1 32.592941
261 265 -1 -1 15.856435
261 265 288 -1 26.346363
236 265 -1 -1 28.802723
236 261 265 -1 29.163396
236 247 265 -1 30.147743
158 182 -1 -1 28.153919
169 182 -1 -1 32.914252
158 169 182 -1 37.388133
173 182 -1 -1 27.016800
158 173 182 -1 34.573948
182 196 -1 -1 36.138907
169 196 -1 -1 28.032483
169 182 196 -1 37.949205
196 199 -1 -1 21.646456
182 199 -1 -1 24.464907
182 196 199 -1 37.095005
242 250 -1 -1 22.561789
223 250 -1 -1 26.960015
223 242 250 -1 27.831524
250 277 -1 -1 21.043547
242 250 277 -1 29.400193
203 206 -1 -1 30.669496
173 206 -1 -1 31.886373
173 203 206 -1 37.336670
206 221 -1 -1 24.173833
203 206 221 -1 31.701240
182 206 -1 -1 30.618681
173 182 206 -1 34.681141
206 223 -1 -1 26.247849
206 221 223 -1 33.987519
199 206 -1 -1 30.553347
199 223 -1 -1 27.147207
199 206 223 -1 32.558665
182 199 206 -1 33.371144
367 379 -1 -1 31.847353
367 388 -1 -1 23.666970
379 388 -1 -1 26.721723
367 379 388 -1 32.541872
385 403 -1 -1 19.401809
385 398 -1 -1 19.373708
385 398 403 -1 24.067957
379 385 -1 -1 27.493471
379 398 -1 -1 26.246948
379 385 398 -1 28.851576
366 385 -1 -1 17.438782
366 379 385 -1 28.679230
385 387 -1 -1 20.833883
366 385 387 -1 29.413035
385 387 403 -1 22.657037
379 397 -1 -1 16.574977
397 398 -1 -1 20.473613
379 397 398 -1 26.247659
388 397 -1 -1 20.652471
379 388 397 -1 26.726392
350 364 -1 -1 23.629867
332 350 -1 -1 20.488786
332 350 364 -1 28.676701
350 366 -1 -1 17.085014
350 364 366 -1 26.665315
328 350 -1 -1 24.372113
328 332 350 -1 25.373813
350 360 -1 -1 24.517112
350 360 366 -1 24.562360
336 350 -1 -1 30.084067
336 360 -1 -1 23.874759
336 350 360 -1 30.892349
328 336 350 -1 31.679698
374 395 -1 -1 21.970865
375 395 -1 -1 21.421529
374 375 395 -1 24.678693
395 396 -1 -1 22.203492
375 395 396 -1 26.717312
324 327 -1 -1 15.893549
327 335 -1 -1 24.404426
324 327 335 -1 24.409293
327 341 -1 -1 17.610606
327 335 341 -1 29.854803
314 327 -1 -1 21.209648
314 327 341 -1 28.033087
307 327 -1 -1 24.778516
307 314 327 -1 25.519597
307 324 327 -1 28.006083
153 164 -1 -1 22.685182
153 168 -1 -1 24.356311
153 164 168 -1 30.867634
148 153 -1 -1 22.276589
148 153 164 -1 26.495021
160 180 -1 -1 26.516772
160 168 -1 -1 32.918623
160 168 180 -1 33.518442
160 178 -1 -1 28.243400
154 160 -1 -1 25.045860
154 160 178 -1 32.880461
160 178 180 -1 30.492046
140 154 -1 -1 21.857762
114 124 -1 -1 29.937582
94 114 -1 -1 25.614766
94 114 124 -1 32.694819
200 210 -1 -1 29.381214
210 229 -1 -1 22.312501
200 210 229 -1 32.673880
184 210 -1 -1 23.400513
184 200 210 -1 32.436134
210 226 -1 -1 25.018793
210 226 229 -1 27.618760
195 210 -1 -1 28.146412
195 210 226 -1 35.799186
184 195 210 -1 32.355894
200 225 -1 -1 30.300270
225 235 -1 -1 21.364593
200 225 235 -1 35.242231
207 225 -1 -1 21.531001
200 207 225 -1 31.729272
225 228 -1 -1 22.559615
207 228 -1 -1 26.301632
207 225 228 -1 27.473898
225 253 -1 -1 22.792685
228 253 -1 -1 28.904570
225 228 253 -1 29.427271
225 235 253 -1 25.495286
125 141 -1 -1 26.604167
125 142 -1 -1 22.697410
125 141 142 -1 37.168229
118 125 -1 -1 18.194377
118 125 141 -1 29.592201
123 125 -1 -1 18.474416
123 125 142 -1 25.166998
98 125 -1 -1 30.328666
98 123 125 -1 31.127423
98 118 125 -1 32.387942
112 132 -1 -1 25.337920
121 132 -1 -1 22.143569
112 121 132 -1 26.958677
132 147 -1 -1 25.529193
128 132 -1 -1 27.074695
128 147 -1 -1 23.151660
128 132 147 -1 29.331494
177 183 -1 -1 21.631805
159 177 -1 -1 31.628574
159 177 183 -1 31.709303
177 204 -1 -1 25.708575
183 204 -1 -1 30.501705
177 183 204 -1 30.999437
177 197 -1 -1 26.526422
197 204 -1 -1 19.567519
177 197 204 -1 28.186341
204 219 -1 -1 32.672546
219 233 -1 -1 26.381272
204 233 -1 -1 28.692063
204 219 233 -1 34.231931
197 219 -1 -1 25.711515
197 204 219 -1 32.681479
254 263 -1 -1 29.829270
233 254 -1 -1 26.399417
233 254 263 -1 36.304241
254 282 -1 -1 26.479191
254 263 282 -1 30.221905
254 284 -1 -1 29.426545
254 282 284 -1 35.212524
219 254 -1 -1 34.808982
219 233 254 -1 35.107428
361 381 -1 -1 34.259238
381 382 -1 -1 23.094184
361 381 382 -1 34.345228
319 339 -1 -1 26.059262
319 343 -1 -1 25.204374
339 343 -1 -1 27.246214
319 339 343 -1 30.266112
310 319 -1 -1 19.942580
295 319 -1 -1 27.046506
295 310 319 -1 31.049824
339 363 -1 -1 27.103887
347 363 -1 -1 31.124444
339 347 -1 -1 26.232377
339 347 363 -1 32.843551
343 363 -1 -1 31.412580
339 343 363 -1 33.300425
363 391 -1 -1 27.015740
363 386 -1 -1 33.431544
363 386 391 -1 34.080016
271 291 -1 -1 20.731038
267 291 -1 -1 16.452549
267 271 291 -1 25.154029
291 307 -1 -1 17.112131
271 291 307 -1 26.535540
291 297 -1 -1 18.807327
291 297 307 -1 22.467438
275 291 -1 -1 28.087266
267 275 -1 -1 20.297809
267 275 291 -1 28.449255
275 297 -1 -1 27.581419
275 291 297 -1 29.581442
346 361 -1 -1 28.989363
346 372 -1 -1 28.302222
346 361 372 -1 30.722330
321 346 -1 -1 24.907035
330 346 -1 -1 29.483775
321 330 346 -1 32.295637
183 189 -1 -1 17.826463
169 189 -1 -1 28.563224
169 183 189 -1 34.610585
189 196 -1 -1 15.908355
169 189 196 -1 29.500524
199 230 -1 -1 32.136731
223 230 -1 -1 27.460278
199 223 230 -1 33.771598
230 250 -1 -1 23.115929
223 230 250 -1 30.060903
230 262 -1 -1 30.527229
250 262 -1 -1 19.600972
230 250 262 -1 30.530551
262 289 -1 -1 22.315830
262 286 -1 -1 26.073704
286 289 -1 -1 27.739097
262 286 289 -1 29.623024
262 277 -1 -1 22.985940
262 277 289 -1 25.053809
250 262 277 -1 24.658867
362 390 -1 -1 26.066477
362 388 -1 -1 31.878595
362 388 390 -1 34.723243
362 367 -1 -1 16.748690
362 367 388 -1 32.690615
362 372 -1 -1 21.049155
362 372 390 -1 26.836825
346 362 -1 -1 24.622491
346 362 372 -1 29.151045
330 367 -1 -1 29.006704
330 362 -1 -1 33.051750
330 362 367 -1 33.066982
330 346 362 -1 34.266349
336 354 -1 -1 25.323517
330 354 -1 -1 27.989498
330 336 354 -1 34.016705
354 367 -1 -1 18.829741
330 354 367 -1 30.227920
354 360 -1 -1 20.736654
336 354 360 -1 27.169311
354 379 -1 -1 23.121887
354 360 379 -1 24.366873
354 367 379 -1 32.181056
249 275 -1 -1 18.271710
228 249 -1 -1 20.057790
249 253 -1 -1 27.130773
228 249 253 -1 30.093662
249 267 -1 -1 25.946113
249 253 267 -1 28.044346
249 267 275 -1 26.071486
275 292 -1 -1 19.311059
292 297 -1 -1 19.206752
275 292 297 -1 27.590393
138 160 -1 -1 27.288610
138 154 -1 -1 24.912829
138 154 160 -1 29.821259
138 140 -1 -1 21.044835
138 140 154 -1 26.353331
127 148 -1 -1 19.638511
124 127 -1 -1 16.548355
124 127 148 -1 26.857236
114 127 -1 -1 19.401141
114 124 127 -1 32.410549
127 137 -1 -1 22.107566
114 137 -1 -1 25.039962
114 127 137 -1 26.064533
137 153 -1 -1 22.654610
137 148 -1 -1 26.514610
137 148 153 -1 27.828285
127 137 148 -1 27.046712
91 114 -1 -1 22.726727
91 94 -1 -1 33.306187
91 94 114 -1 33.355550
91 105 -1 -1 26.515948
194 207 -1 -1 24.426368
178 194 -1 -1 21.673723
178 194 207 -1 30.657573
145 177 -1 -1 36.999340
145 159 -1 -1 24.810623
145 159 177 -1 37.466173
132 145 -1 -1 25.234734
145 147 -1 -1 31.845077
132 145 147 -1 32.592924
133 145 -1 -1 30.349371
133 145 159 -1 34.872742
121 145 -1 -1 32.672997
121 133 145 -1 34.223191
121 132 145 -1 32.719566
188 219 -1 -1 34.366666
188 197 -1 -1 23.016202
188 197 219 -1 34.367835
167 177 -1 -1 18.934795
167 197 -1 -1 31.176085
167 177 197 -1 31.302613
167 188 -1 -1 34.019266
167 188 197 -1 35.043218
162 167 -1 -1 22.017535
162 188 -1 -1 30.995060
162 167 188 -1 34.803759
145 167 -1 -1 31.690476
145 167 177 -1 36.999824
147 167 -1 -1 31.040751
147 162 -1 -1 22.629656
147 162 167 -1 31.058144
145 147 167 -1 36.408965
248 254 -1 -1 26.336149
248 284 -1 -1 27.524233
248 254 284 -1 32.163811
219 248 -1 -1 32.199486
219 248 254 -1 36.561042
377 381 -1 -1 27.487540
377 391 -1 -1 32.581332
363 377 -1 -1 36.276368
363 377 391 -1 37.676288
347 377 -1 -1 32.193668
347 363 377 -1 38.632765
326 348 -1 -1 30.967613
326 347 -1 -1 30.524024
347 348 -1 -1 29.253301
326 347 348 -1 34.956822
348 381 -1 -1 29.557077
348 361 -1 -1 29.174679
348 361 381 -1 36.154707
348 377 -1 -1 37.201277
347 348 377 -1 38.634401
348 377 381 -1 37.632391
316 326 -1 -1 31.626443
302 326 -1 -1 26.969026
302 316 -1 -1 26.046587
302 316 326 -1 33.032452
295 316 -1 -1 25.120217
295 302 316 -1 34.255106
316 339 -1 -1 23.064414
316 347 -1 -1 35.249469
316 339 347 -1 35.255521
316 326 347 -1 37.737324
316 319 -1 -1 28.477701
295 316 319 -1 31.160157
316 319 339 -1 30.199313
301 318 -1 -1 29.674487
289 318 -1 -1 33.235913
289 301 318 -1 34.817125
318 348 -1 -1 39.761956
318 326 -1 -1 33.312157
318 326 348 -1 40.921555
318 321 -1 -1 36.555189
301 318 321 -1 36.961254
204 209 -1 -1 18.559949
183 209 -1 -1 28.835737
183 204 209 -1 31.337916
189 209 -1 -1 24.937495
183 189 209 -1 29.051514
209 233 -1 -1 30.246575
204 209 233 -1 31.136777
256 262 -1 -1 16.727542
230 256 -1 -1 28.391943
230 256 262 -1 30.936545
256 286 -1 -1 24.500828
256 262 286 -1 26.888568
256 263 -1 -1 27.622645
251 256 -1 -1 20.366191
251 256 263 -1 27.716090
256 263 286 -1 30.206994
365 386 -1 -1 22.857878
343 365 -1 -1 25.600790
363 365 -1 -1 32.977465
343 363 365 -1 35.132486
363 365 386 -1 35.370768
109 138 -1 -1 28.629385
109 130 -1 -1 24.702628
130 138 -1 -1 19.008488
109 130 138 -1 29.011405
105 109 -1 -1 20.086856
105 130 -1 -1 29.448093
105 109 130 -1 29.774359
93 109 -1 -1 25.109431
137 144 -1 -1 24.014547
130 144 -1 -1 23.745244
130 137 -1 -1 30.370578
130 137 144 -1 30.941987
144 153 -1 -1 22.705799
137 144 153 -1 26.734136
138 144 -1 -1 30.311136
130 138 144 -1 30.311896
144 160 -1 -1 24.771716
138 144 160 -1 32.052356
144 168 -1 -1 30.043470
144 153 168 -1 30.579426
144 160 168 -1 34.403800
105 116 -1 -1 22.667908
116 130 -1 -1 21.348712
105 116 130 -1 29.614344
116 137 -1 -1 22.010731
116 130 137 -1 30.376069
114 116 -1 -1 23.405229
114 116 137 -1 27.235395
91 116 -1 -1 25.923063
91 105 116 -1 29.082694
91 114 116 -1 27.888504
194 215 -1 -1 17.288969
215 228 -1 -1 20.501713
207 215 -1 -1 27.433744
207 215 228 -1 29.097881
194 207 215 -1 27.835290
108 128 -1 -1 26.698002
108 112 -1 -1 21.761895
108 132 -1 -1 34.542306
108 128 132 -1 35.082203
108 112 132 -1 34.628099
305 318 -1 -1 22.825909
289 305 -1 -1 20.531056
289 305 318 -1 33.744273
305 326 -1 -1 28.297944
305 318 326 -1 33.770406
286 305 -1 -1 25.030379
286 289 305 -1 28.817898
302 305 -1 -1 28.986612
286 302 305 -1 30.068200
302 305 326 -1 32.471115
342 348 -1 -1 30.105346
342 361 -1 -1 20.253761
342 348 361 -1 31.563443
318 342 -1 -1 20.363506
318 342 348 -1 40.687337
342 346 -1 -1 26.796773
342 346 361 -1 30.066172
321 342 -1 -1 36.861683
321 342 346 -1 36.865970
318 321 342 -1 38.211222
189 218 -1 -1 25.704909
196 218 -1 -1 19.480240
189 196 218 -1 25.731532
209 218 -1 -1 26.299421
189 209 218 -1 29.635737
199 218 -1 -1 29.237973
196 199 218 -1 29.238926
218 230 -1 -1 21.413341
199 218 230 -1 32.975488
122 138 -1 -1 31.369268
122 140 -1 -1 19.776858
122 138 140 -1 31.891494
109 122 -1 -1 24.511171
109 122 138 -1 33.005442
93 122 -1 -1 22.649200
93 109 122 -1 27.890243
218 232 -1 -1 23.034503
209 232 -1 -1 23.303992
209 218 232 -1 28.141125
232 233 -1 -1 28.667717
232 251 -1 -1 18.634971
232 233 251 -1 29.997538
209 232 233 -1 32.123756
230 232 -1 -1 29.708904
218 230 232 -1 29.883563
232 256 -1 -1 27.835506
232 251 256 -1 27.839447
230 232 256 -1 33.115942
91 -1 -1 -1 0.000000
93 -1 -1 -1 0.000000
94 -1 -1 -1 0.000000
98 -1 -1 -1 0.000000
99 -1 -1 -1 0.000000
102 -1 -1 -1 0.000000
103 -1 -1 -1 0.000000
105 -1 -1 -1 0.000000
108 -1 -1 -1 0.000000
109 -1 -1 -1 0.000000
111 -1 -1 -1 0.000000
112 -1 -1 -1 0.000000
113 -1 -1 -1 0.000000
114 -1 -1 -1 0.000000
115 -1 -1 -1 0.000000
116 -1 -1 -1 0.000000
117 -1 -1 -1 0.000000
118 -1 -1 -1 0.000000
121 -1 -1 -1 0.000000
122 -1 -1 -1 0.000000
123 -1 -1 -1 0.000000
124 -1 -1 -1 0.000000
125 -1 -1 -1 0.000000
127 -1 -1 -1 0.000000
128 -1 -1 -1 0.000000
130 -1 -1 -1 0.000000
132 -1 -1 -1 0.000000
133 -1 -1 -1 0.000000
136 -1 -1 -1 0.000000
137 -1 -1 -1 0.000000
138 -1 -1 -1 0.000000
140 -1 -1 -1 0.000000
141 -1 -1 -1 0.000000
142 -1 -1 -1 0.000000
143 -1 -1 -1 0.000000
144 -1 -1 -1 0.000000
145 -1 -1 -1 0.000000
147 -1 -1 -1 0.000000
148 -1 -1 -1 0.000000
153 -1 -1 -1 0.000000
154 -1 -1 -1 0.000000
156 -1 -1 -1 0.000000
157 -1 -1 -1 0.000000
158 -1 -1 -1 0.000000
159 -1 -1 -1 0.000000
160 -1 -1 -1 0.000000
162 -1 -1 -1 0.000000
164 -1 -1 -1 0.000000
167 -1 -1 -1 0.000000
168 -1 -1 -1 0.000000
169 -1 -1 -1 0.000000
173 -1 -1 -1 0.000000
175 -1 -1 -1 0.000000
177 -1 -1 -1 0.000000
178 -1 -1 -1 0.000000
180 -1 -1 -1 0.000000
181 -1 -1 -1 0.000000
182 -1 -1 -1 0.000000
183 -1 -1 -1 0.000000
184 -1 -1 -1 0.000000
188 -1 -1 -1 0.000000
189 -1 -1 -1 0.000000
194 -1 -1 -1 0.000000
195 -1 -1 -1 0.000000
196 -1 -1 -1 0.000000
197 -1 -1 -1 0.000000
199 -1 -1 -1 0.000000
200 -1 -1 -1 0.000000
203 -1 -1 -1 0.000000
204 -1 -1 -1 0.000000
206 -1 -1 -1 0.000000
207 -1 -1 -1 0.000000
209 -1 -1 -1 0.000000
210 -1 -1 -1 0.000000
215 -1 -1 -1 0.000000
217 -1 -1 -1 0.000000
218 -1 -1 -1 0.000000
219 -1 -1 -1 0.000000
221 -1 -1 -1 0.000000
223 -1 -1 -1 0.000000
225 -1 -1 -1 0.000000
226 -1 -1 -1 0.000000
228 -1 -1 -1 0.000000
229 -1 -1 -1 0.000000
230 -1 -1 -1 0.000000
232 -1 -1 -1 0.000000
233 -1 -1 -1 0.000000
235 -1 -1 -1 0.000000
236 -1 -1 -1 0.000000
242 -1 -1 -1 0.000000
244 -1 -1 -1 0.000000
247 -1 -1 -1 0.000000
248 -1 -1 -1 0.000000
249 -1 -1 -1 0.000000
250 -1 -1 -1 0.000000
251 -1 -1 -1 0.000000
253 -1 -1 -1 0.000000
254 -1 -1 -1 0.000000
255 -1 -1 -1 0.000000
256 -1 -1 -1 0.000000
260 -1 -1 -1 0.000000
261 -1 -1 -1 0.000000
262 -1 -1 -1 0.000000
263 -1 -1 -1 0.000000
265 -1 -1 -1 0.000000
267 -1 -1 -1 0.000000
271 -1 -1 -1 0.000000
272 -1 -1 -1 0.000000
273 -1 -1 -1 0.000000
275 -1 -1 -1 0.000000
276 -1 -1 -1 0.000000
277 -1 -1 -1 0.000000
278 -1 -1 -1 0.000000
282 -1 -1 -1 0.000000
284 -1 -1 -1 0.000000
286 -1 -1 -1 0.000000
287 -1 -1 -1 0.000000
288 -1 -1 -1 0.000000
289 -1 -1 -1 0.000000
291 -1 -1 -1 0.000000
292 -1 -1 -1 0.000000
295 -1 -1 -1 0.000000
297 -1 -1 -1 0.000000
298 -1 -1 -1 0.000000
301 -1 -1 -1 0.000000
302 -1 -1 -1 0.000000
305 -1 -1 -1 0.000000
306 -1 -1 -1 0.000000
307 -1 -1 -1 0.000000
308 -1 -1 -1 0.000000
310 -1 -1 -1 0.000000
311 -1 -1 -1 0.000000
314 -1 -1 -1 0.000000
316 -1 -1 -1 0.000000
318 -1 -1 -1 0.000000
319 -1 -1 -1 0.000000
320 -1 -1 -1 0.000000
321 -1 -1 -1 0.000000
324 -1 -1 -1 0.000000
326 -1 -1 -1 0.000000
327 -1 -1 -1 0.000000
328 -1 -1 -1 0.000000
330 -1 -1 -1 0.000000
332 -1 -1 -1 0.000000
335 -1 -1 -1 0.000000
336 -1 -1 -1 0.000000
337 -1 -1 -1 0.000000
339 -1 -1 -1 0.000000
341 -1 -1 -1 0.000000
342 -1 -1 -1 0.000000
343 -1 -1 -1 0.000000
346 -1 -1 -1 0.000000
347 -1 -1 -1 0.000000
348 -1 -1 -1 0.000000
350 -1 -1 -1 0.000000
352 -1 -1 -1 0.000000
354 -1 -1 -1 0.000000
359 -1 -1 -1 0.000000
360 -1 -1 -1 0.000000
361 -1 -1 -1 0.000000
362 -1 -1 -1 0.000000
363 -1 -1 -1 0.000000
364 -1 -1 -1 0.000000
365 -1 -1 -1 0.000000
366 -1 -1 -1 0.000000
367 -1 -1 -1 0.000000
372 -1 -1 -1 0.000000
374 -1 -1 -1 0.000000
375 -1 -1 -1 0.000000
376 -1 -1 -1 0.000000
377 -1 -1 -1 0.000000
379 -1 -1 -1 0.000000
381 -1 -1 -1 0.000000
382 -1 -1 -1 0.000000
385 -1 -1 -1 0.000000
386 -1 -1 -1 0.000000
387 -1 -1 -1 0.000000
388 -1 -1 -1 0.000000
390 -1 -1 -1 0.000000
391 -1 -1 -1 0.000000
395 -1 -1 -1 0.000000
396 -1 -1 -1 0.000000
397 -1 -1 -1 0.000000
398 -1 -1 -1 0.000000
402 -1 -1 -1 0.000000
403 -1 -1 -1 0.000000
406 -1 -1 -1 0.000000
