168 186 -1 -1 22.076103
157 186 -1 -1 30.690576
157 168 -1 -1 22.390907
157 168 186 -1 30.725016
101 105 -1 -1 24.150041
143 168 -1 -1 23.309223
143 157 -1 -1 25.641500
143 157 168 -1 27.611247
238 244 -1 -1 21.728742
238 264 -1 -1 29.591219
244 264 -1 -1 25.864304
238 244 264 -1 30.452710
133 161 -1 -1 33.381174
133 151 -1 -1 26.423419
151 161 -1 -1 21.911242
133 151 161 -1 33.432273
101 107 -1 -1 23.635200
126 143 -1 -1 24.990637
126 129 -1 -1 24.573988
129 143 -1 -1 24.266729
126 129 143 -1 28.423946
126 145 -1 -1 31.166656
121 145 -1 -1 31.108520
121 126 -1 -1 19.581645
121 126 145 -1 32.801446
126 157 -1 -1 35.778902
126 143 157 -1 35.778941
145 157 -1 -1 25.084582
126 145 157 -1 36.554903
136 143 -1 -1 27.150402
129 136 -1 -1 21.963787
129 136 143 -1 28.591331
186 189 -1 -1 20.054048
168 189 -1 -1 25.846355
168 186 189 -1 26.695026
107 125 -1 -1 27.728835
125 133 -1 -1 24.636856
107 133 -1 -1 30.735853
107 125 133 -1 32.391008
125 151 -1 -1 29.389913
125 133 151 -1 31.240039
125 146 -1 -1 31.353111
146 151 -1 -1 27.248559
125 146 151 -1 34.035487
124 125 -1 -1 22.911709
124 146 -1 -1 26.072786
124 125 146 -1 31.907361
243 268 -1 -1 20.444604
256 268 -1 -1 19.695578
243 256 -1 -1 21.805223
243 256 268 -1 23.910535
309 310 -1 -1 28.927859
296 310 -1 -1 27.887668
296 309 -1 -1 15.507743
296 309 310 -1 29.585758
280 310 -1 -1 29.820386
280 296 -1 -1 15.401894
280 296 310 -1 30.144770
292 310 -1 -1 27.797034
280 292 -1 -1 29.714032
280 292 310 -1 33.661783
275 280 -1 -1 27.619863
275 296 -1 -1 24.055937
275 280 296 -1 27.690915
244 255 -1 -1 16.748161
255 264 -1 -1 20.971691
244 255 264 -1 25.933686
255 285 -1 -1 30.861014
264 285 -1 -1 21.562451
255 264 285 -1 30.903939
228 255 -1 -1 26.144465
228 244 -1 -1 21.770705
228 244 255 -1 26.269027
247 255 -1 -1 21.169698
228 247 -1 -1 17.454066
228 247 255 -1 26.260076
255 267 -1 -1 19.676916
247 267 -1 -1 17.604214
247 255 267 -1 22.684693
99 125 -1 -1 33.099608
99 107 -1 -1 21.653091
99 107 125 -1 33.334021
140 145 -1 -1 29.800181
145 162 -1 -1 29.844461
140 162 -1 -1 23.791787
140 145 162 -1 32.521732
140 146 -1 -1 27.980159
146 162 -1 -1 33.569895
140 146 162 -1 34.046531
124 140 -1 -1 30.130415
124 140 146 -1 32.577884
103 126 -1 -1 33.347225
103 121 -1 -1 33.612751
103 121 126 -1 35.013159
103 129 -1 -1 32.801512
103 126 129 -1 35.630163
143 159 -1 -1 28.288768
159 168 -1 -1 27.638312
143 159 168 -1 30.770524
136 159 -1 -1 19.873381
136 143 159 -1 29.729256
210 214 -1 -1 28.549077
186 210 -1 -1 20.097629
186 214 -1 -1 29.467001
186 210 214 -1 30.947285
189 214 -1 -1 19.801969
186 189 214 -1 29.595819
237 265 -1 -1 23.403349
238 257 -1 -1 23.372779
257 264 -1 -1 25.947656
238 257 264 -1 30.857689
237 246 -1 -1 31.600723
225 246 -1 -1 23.630776
225 237 -1 -1 23.447079
225 237 246 -1 31.756349
246 265 -1 -1 34.771033
237 246 265 -1 35.711969
335 355 -1 -1 19.051574
197 218 -1 -1 21.482746
197 223 -1 -1 27.833069
218 223 -1 -1 21.910361
197 218 223 -1 28.281044
218 243 -1 -1 24.698612
223 243 -1 -1 18.999301
218 223 243 -1 25.708100
154 181 -1 -1 22.384131
181 197 -1 -1 25.047504
174 181 -1 -1 28.919481
174 197 -1 -1 22.329582
174 181 197 -1 29.940661
154 174 -1 -1 35.839980
154 174 181 -1 35.869914
149 161 -1 -1 25.815210
161 174 -1 -1 21.587966
149 174 -1 -1 28.809223
149 161 174 -1 29.932640
149 154 -1 -1 24.317474
149 154 174 -1 36.012052
133 149 -1 -1 28.831234
133 149 161 -1 34.546486
277 303 -1 -1 24.088487
277 297 -1 -1 24.721919
297 303 -1 -1 26.425955
277 297 303 -1 29.030826
249 277 -1 -1 26.081200
249 267 -1 -1 21.191645
267 277 -1 -1 26.542207
249 267 277 -1 28.750179
247 249 -1 -1 18.565990
247 249 267 -1 22.323685
145 173 -1 -1 28.469940
157 173 -1 -1 24.414959
145 157 173 -1 30.257649
162 173 -1 -1 29.211411
145 162 173 -1 33.707359
197 198 -1 -1 23.932148
198 223 -1 -1 21.245940
197 198 223 -1 28.710298
174 198 -1 -1 24.687617
174 197 198 -1 27.375909
146 167 -1 -1 21.869650
151 167 -1 -1 28.184315
146 151 167 -1 30.182157
162 167 -1 -1 34.425742
146 162 167 -1 35.927523
173 185 -1 -1 22.628016
162 185 -1 -1 25.917615
162 173 185 -1 30.444563
173 202 -1 -1 28.641992
185 202 -1 -1 19.054530
173 185 202 -1 28.699871
312 332 -1 -1 21.662847
309 332 -1 -1 24.134969
309 312 -1 -1 19.835013
309 312 332 -1 25.530275
327 332 -1 -1 20.730344
309 327 -1 -1 19.089757
309 327 332 -1 25.047306
310 327 -1 -1 25.884863
309 310 327 -1 29.524184
279 280 -1 -1 20.551898
279 292 -1 -1 15.020689
279 280 292 -1 32.130856
268 279 -1 -1 20.139978
268 280 -1 -1 17.974686
268 279 280 -1 22.682054
256 279 -1 -1 19.915187
256 268 279 -1 23.000937
311 323 -1 -1 22.771244
297 323 -1 -1 26.339974
297 311 -1 -1 25.419945
297 311 323 -1 28.833116
323 343 -1 -1 24.670230
326 343 -1 -1 25.372181
323 326 -1 -1 28.828570
323 326 343 -1 30.614100
303 324 -1 -1 29.441526
303 326 -1 -1 24.301716
324 326 -1 -1 18.763243
303 324 326 -1 29.543835
343 350 -1 -1 21.806725
326 350 -1 -1 23.264935
326 343 350 -1 27.282983
324 350 -1 -1 27.606882
324 326 350 -1 27.923876
349 350 -1 -1 20.731127
324 349 -1 -1 23.086572
324 349 350 -1 28.234012
350 373 -1 -1 27.672166
349 373 -1 -1 22.112952
349 350 373 -1 28.065773
349 356 -1 -1 22.652759
356 373 -1 -1 24.219523
349 356 373 -1 26.617179
277 281 -1 -1 24.757849
281 297 -1 -1 18.604584
277 281 297 -1 26.699152
267 281 -1 -1 15.998501
267 277 281 -1 27.133030
281 311 -1 -1 33.006565
281 297 311 -1 33.181982
281 285 -1 -1 24.113110
285 311 -1 -1 25.274039
281 285 311 -1 33.198231
255 281 -1 -1 28.170187
255 267 281 -1 29.010369
255 281 285 -1 32.472032
202 219 -1 -1 17.247691
219 229 -1 -1 24.769911
202 229 -1 -1 27.736073
202 219 229 -1 28.125761
219 249 -1 -1 27.487275
229 249 -1 -1 21.475124
219 229 249 -1 28.814645
219 247 -1 -1 20.631038
219 247 249 -1 27.492396
219 228 -1 -1 17.708860
219 228 247 -1 21.711793
210 219 -1 -1 29.153200
210 228 -1 -1 19.312892
210 219 228 -1 30.021478
122 149 -1 -1 29.006299
122 133 -1 -1 25.760410
122 133 149 -1 32.299818
105 122 -1 -1 28.737423
101 122 -1 -1 31.342161
101 105 122 -1 32.937404
107 122 -1 -1 35.664089
101 107 122 -1 36.267011
107 122 133 -1 36.496953
96 125 -1 -1 37.624697
96 124 -1 -1 31.233995
96 124 125 -1 37.691054
96 99 -1 -1 16.610589
96 99 125 -1 37.655022
92 96 -1 -1 15.918176
119 145 -1 -1 31.511470
119 121 -1 -1 19.585816
119 121 145 -1 32.969470
119 140 -1 -1 24.912281
119 140 145 -1 33.603444
102 103 -1 -1 27.610450
102 121 -1 -1 24.085267
102 103 121 -1 34.050672
93 102 -1 -1 27.271398
102 119 -1 -1 30.732669
93 119 -1 -1 36.385675
93 102 119 -1 37.276707
102 119 121 -1 30.739040
97 106 -1 -1 24.161592
103 106 -1 -1 20.398473
106 129 -1 -1 21.318091
103 106 129 -1 33.756231
159 175 -1 -1 20.732886
159 165 -1 -1 23.734355
165 175 -1 -1 21.895341
159 165 175 -1 25.670886
175 189 -1 -1 17.976118
168 175 -1 -1 23.843178
168 175 189 -1 26.773256
159 168 175 -1 28.449966
214 224 -1 -1 19.958960
210 224 -1 -1 16.712712
210 214 224 -1 29.174299
224 244 -1 -1 15.845450
224 228 -1 -1 21.471374
224 228 244 -1 23.240387
210 224 228 -1 22.480978
224 238 -1 -1 24.029619
224 238 244 -1 24.587019
214 238 -1 -1 24.606500
214 224 238 -1 26.674339
196 214 -1 -1 28.643991
189 196 -1 -1 26.727291
189 196 214 -1 29.750420
175 196 -1 -1 27.094129
165 196 -1 -1 29.048934
165 175 196 -1 30.570542
175 189 196 -1 28.554837
166 178 -1 -1 26.434557
155 166 -1 -1 25.501197
155 178 -1 -1 22.965994
155 166 178 -1 28.966974
135 159 -1 -1 30.280227
135 165 -1 -1 34.959052
135 159 165 -1 35.536552
135 136 -1 -1 23.085126
135 136 159 -1 30.282396
265 294 -1 -1 27.397355
293 294 -1 -1 20.555043
265 293 -1 -1 32.323103
265 293 294 -1 32.535018
294 322 -1 -1 31.262381
293 322 -1 -1 23.677219
293 294 322 -1 31.262933
269 293 -1 -1 23.394572
265 269 -1 -1 24.491527
265 269 293 -1 32.452825
246 269 -1 -1 21.606610
246 265 269 -1 35.089852
287 293 -1 -1 24.048230
269 287 -1 -1 25.404604
269 287 293 -1 28.091630
269 273 -1 -1 33.103074
273 287 -1 -1 23.932765
269 273 287 -1 33.271941
246 273 -1 -1 33.659875
246 269 273 -1 35.289408
92 93 -1 -1 19.008298
173 188 -1 -1 21.909338
188 202 -1 -1 25.399325
173 188 202 -1 29.780392
188 219 -1 -1 30.184624
188 210 -1 -1 19.395205
188 210 219 -1 31.428252
188 202 219 -1 30.204147
186 188 -1 -1 20.315600
186 188 210 -1 23.033224
157 188 -1 -1 30.818641
157 186 188 -1 32.583645
157 173 188 -1 31.035747
167 179 -1 -1 27.277603
167 192 -1 -1 24.266670
179 192 -1 -1 26.768697
167 179 192 -1 30.247011
161 179 -1 -1 22.911643
174 179 -1 -1 32.997346
161 174 179 -1 33.159938
179 198 -1 -1 28.847808
174 179 198 -1 34.058939
151 179 -1 -1 29.203718
151 161 179 -1 29.545092
151 167 179 -1 32.626242
167 177 -1 -1 24.613414
177 192 -1 -1 23.505470
167 177 192 -1 27.876203
162 177 -1 -1 23.523463
162 167 177 -1 34.434395
177 185 -1 -1 20.842311
162 177 185 -1 27.378562
370 380 -1 -1 20.305657
380 402 -1 -1 22.867234
370 402 -1 -1 29.268315
370 380 402 -1 29.373701
355 370 -1 -1 22.591438
355 380 -1 -1 28.134623
355 370 380 -1 28.426493
310 340 -1 -1 28.115450
340 365 -1 -1 24.403388
300 324 -1 -1 25.152913
305 324 -1 -1 20.589247
300 305 -1 -1 15.467602
300 305 324 -1 25.181791
300 303 -1 -1 19.847241
300 303 324 -1 29.825915
249 258 -1 -1 20.630035
258 277 -1 -1 21.275504
249 258 277 -1 26.771208
229 258 -1 -1 27.077104
229 249 258 -1 27.493403
303 315 -1 -1 16.774812
315 326 -1 -1 18.272186
303 315 326 -1 24.321456
315 323 -1 -1 19.876991
315 323 326 -1 29.117744
297 315 -1 -1 19.983332
297 303 315 -1 26.435069
297 315 323 -1 26.553890
324 330 -1 -1 21.541579
330 349 -1 -1 20.475762
324 330 349 -1 25.154937
330 356 -1 -1 26.990435
332 356 -1 -1 27.528049
330 332 -1 -1 18.324004
330 332 356 -1 28.952679
330 349 356 -1 27.667171
305 330 -1 -1 23.233122
305 324 330 -1 25.260358
312 330 -1 -1 23.178840
305 312 -1 -1 19.713050
305 312 330 -1 25.633107
312 330 332 -1 24.621824
354 356 -1 -1 20.489986
356 376 -1 -1 29.291268
354 376 -1 -1 21.106086
354 356 376 -1 29.292319
332 354 -1 -1 21.990817
332 354 356 -1 27.894744
327 354 -1 -1 25.439525
327 332 354 -1 26.598198
365 376 -1 -1 25.091039
354 365 -1 -1 30.824711
354 365 376 -1 31.041176
404 407 -1 -1 26.922091
393 404 -1 -1 19.374576
376 404 -1 -1 26.943781
376 393 -1 -1 21.674959
376 393 404 -1 27.219357
273 301 -1 -1 31.181584
287 301 -1 -1 26.375705
273 287 301 -1 32.076685
285 304 -1 -1 22.584262
304 311 -1 -1 25.330219
285 304 311 -1 28.274141
378 401 -1 -1 23.394750
374 401 -1 -1 29.998253
374 378 -1 -1 23.118675
374 378 401 -1 30.431568
378 405 -1 -1 24.084893
401 405 -1 -1 17.634096
378 401 405 -1 25.582907
92 113 -1 -1 24.753992
93 113 -1 -1 26.168842
92 93 113 -1 27.500248
113 119 -1 -1 21.298751
93 113 119 -1 36.900020
96 113 -1 -1 31.104283
113 124 -1 -1 24.173531
96 113 124 -1 33.815443
92 96 113 -1 31.364621
113 140 -1 -1 30.767184
113 124 140 -1 33.182346
113 119 140 -1 30.992179
196 213 -1 -1 31.130395
190 196 -1 -1 35.738087
190 213 -1 -1 23.764049
190 196 213 -1 36.288072
190 225 -1 -1 30.865795
213 225 -1 -1 25.433688
190 213 225 -1 31.599084
213 246 -1 -1 30.301104
213 225 246 -1 31.204416
214 226 -1 -1 26.635765
226 238 -1 -1 26.435113
214 226 238 -1 29.949713
196 226 -1 -1 24.177586
196 214 226 -1 30.801345
213 226 -1 -1 26.983592
196 213 226 -1 32.269149
226 257 -1 -1 36.271761
226 238 257 -1 36.331000
166 176 -1 -1 24.519335
166 190 -1 -1 28.957561
176 190 -1 -1 19.620980
166 176 190 -1 29.304598
176 196 -1 -1 27.584981
165 176 -1 -1 20.793362
165 176 196 -1 30.498437
176 190 196 -1 36.003907
135 147 -1 -1 21.723169
127 135 -1 -1 28.782382
127 147 -1 -1 28.164943
127 135 147 -1 30.811644
147 165 -1 -1 25.203234
135 147 165 -1 35.153585
147 176 -1 -1 30.468459
147 165 176 -1 30.740930
147 166 -1 -1 25.737143
147 166 176 -1 31.603936
110 135 -1 -1 31.632471
110 127 -1 -1 24.891031
110 127 135 -1 33.297093
97 110 -1 -1 35.052904
87 110 -1 -1 27.216546
205 237 -1 -1 27.610486
205 225 -1 -1 24.332710
205 225 237 -1 29.277207
178 205 -1 -1 28.390776
327 341 -1 -1 17.274806
310 341 -1 -1 31.802541
310 327 341 -1 31.839292
340 341 -1 -1 19.787241
310 340 341 -1 32.183144
341 365 -1 -1 20.931268
340 341 365 -1 25.440747
341 354 -1 -1 22.060655
341 354 365 -1 30.836351
327 341 354 -1 25.866549
283 300 -1 -1 17.469087
283 303 -1 -1 18.074412
283 300 303 -1 21.426430
278 300 -1 -1 20.681593
278 283 -1 -1 17.517096
278 283 300 -1 21.688217
277 283 -1 -1 19.341163
277 283 303 -1 24.454488
258 283 -1 -1 22.945828
258 277 283 -1 24.644049
258 278 -1 -1 26.311831
258 278 283 -1 26.726432
266 290 -1 -1 22.030322
275 290 -1 -1 20.801717
266 275 -1 -1 23.021178
266 275 290 -1 25.411436
290 296 -1 -1 31.900775
275 290 296 -1 31.901399
290 312 -1 -1 19.465988
290 305 -1 -1 22.474829
290 305 312 -1 23.916267
290 309 -1 -1 31.372126
290 296 309 -1 32.648430
290 309 312 -1 32.623913
266 278 -1 -1 19.451069
278 290 -1 -1 25.726913
266 278 290 -1 26.471250
290 300 -1 -1 28.377096
290 300 305 -1 28.486570
278 290 300 -1 29.447807
179 206 -1 -1 22.170126
192 206 -1 -1 25.389527
179 192 206 -1 28.847096
198 206 -1 -1 22.506907
179 198 206 -1 29.254771
230 243 -1 -1 30.320895
223 230 -1 -1 21.341959
223 230 243 -1 30.567986
198 230 -1 -1 28.197866
198 223 230 -1 28.414426
206 230 -1 -1 24.302960
198 206 230 -1 29.338519
206 215 -1 -1 22.408209
192 215 -1 -1 25.153704
192 206 215 -1 28.194866
215 230 -1 -1 28.261256
206 215 230 -1 29.351252
253 266 -1 -1 22.041313
253 278 -1 -1 21.892119
253 266 278 -1 24.499083
253 258 -1 -1 21.591293
253 258 278 -1 27.309062
391 407 -1 -1 20.489824
391 404 -1 -1 20.975161
391 404 407 -1 27.260366
376 391 -1 -1 23.626830
365 391 -1 -1 19.596992
365 376 391 -1 26.656915
376 391 404 -1 28.021338
356 384 -1 -1 22.636698
376 384 -1 -1 27.883279
356 376 384 -1 31.172673
384 393 -1 -1 19.682216
376 384 393 -1 28.005779
373 384 -1 -1 21.770896
356 373 384 -1 26.497309
384 395 -1 -1 27.748738
373 395 -1 -1 24.913857
373 384 395 -1 29.081886
301 318 -1 -1 28.546381
287 318 -1 -1 24.981667
287 301 318 -1 30.904256
293 318 -1 -1 30.019829
287 293 318 -1 31.010056
318 322 -1 -1 21.605284
293 318 322 -1 30.250880
257 291 -1 -1 25.574210
257 273 -1 -1 27.537115
273 291 -1 -1 33.146615
257 273 291 -1 34.000278
291 301 -1 -1 25.350411
273 291 301 -1 35.068969
264 291 -1 -1 30.926754
257 264 291 -1 32.209816
301 320 -1 -1 30.588406
291 320 -1 -1 29.776025
291 301 320 -1 33.268075
291 304 -1 -1 25.191211
304 320 -1 -1 20.729784
291 304 320 -1 30.216648
285 291 -1 -1 34.304677
264 285 291 -1 34.896528
285 291 304 -1 34.318391
304 333 -1 -1 27.595756
311 333 -1 -1 24.105723
304 311 333 -1 29.802601
320 333 -1 -1 28.556930
304 320 333 -1 30.233987
323 333 -1 -1 33.873251
311 323 333 -1 33.905379
213 242 -1 -1 27.946642
242 246 -1 -1 26.944727
213 242 246 -1 32.922191
226 242 -1 -1 23.090157
213 226 242 -1 30.286309
242 273 -1 -1 23.910623
242 246 273 -1 33.938426
242 257 -1 -1 29.487039
242 257 273 -1 31.474455
226 242 257 -1 36.346017
130 144 -1 -1 21.312384
127 144 -1 -1 23.559311
127 130 -1 -1 25.307604
127 130 144 -1 27.208761
144 147 -1 -1 26.453402
127 144 147 -1 30.320349
144 166 -1 -1 22.250895
144 147 166 -1 28.858001
144 155 -1 -1 21.040038
144 155 166 -1 26.795385
130 155 -1 -1 29.435032
130 144 155 -1 29.452047
109 130 -1 -1 26.567144
109 127 -1 -1 30.856793
109 127 130 -1 32.274329
109 110 -1 -1 34.510451
87 109 -1 -1 28.963916
87 109 110 -1 35.609530
109 110 127 -1 35.621959
100 109 -1 -1 28.957495
100 123 -1 -1 26.891732
109 123 -1 -1 29.417467
123 130 -1 -1 20.571083
109 123 130 -1 30.312119
100 109 123 -1 32.887468
110 118 -1 -1 26.243043
97 118 -1 -1 24.866022
97 110 118 -1 35.116175
118 135 -1 -1 24.949589
110 118 135 -1 32.561451
118 136 -1 -1 25.190442
118 135 136 -1 28.242274
106 118 -1 -1 28.335343
97 106 118 -1 30.041768
118 129 -1 -1 29.927339
118 129 136 -1 30.544518
106 118 129 -1 31.366167
190 195 -1 -1 18.478545
195 225 -1 -1 25.100600
190 195 225 -1 30.872135
195 205 -1 -1 18.286233
195 205 225 -1 26.620866
178 195 -1 -1 20.997305
178 195 205 -1 28.413584
166 195 -1 -1 33.281106
166 190 195 -1 33.357454
166 178 195 -1 33.294977
294 319 -1 -1 22.142021
319 335 -1 -1 20.911634
319 322 -1 -1 26.534409
322 335 -1 -1 19.142384
319 322 335 -1 26.742383
294 319 322 -1 31.809542
241 266 -1 -1 20.831302
241 275 -1 -1 31.124428
241 266 275 -1 31.124820
215 241 -1 -1 24.393259
230 241 -1 -1 22.434716
215 230 241 -1 29.383897
241 253 -1 -1 26.134494
241 253 266 -1 27.048899
209 215 -1 -1 30.033966
192 209 -1 -1 26.162268
192 209 215 -1 31.649543
177 209 -1 -1 24.615263
177 192 209 -1 28.677996
185 209 -1 -1 26.631754
177 185 209 -1 28.136530
202 209 -1 -1 29.861602
209 229 -1 -1 24.224919
202 209 229 -1 31.822449
185 202 209 -1 30.345974
231 258 -1 -1 29.939101
229 231 -1 -1 22.759038
229 231 258 -1 31.262413
231 253 -1 -1 18.920600
231 253 258 -1 30.056610
209 231 -1 -1 22.800610
209 229 231 -1 26.897241
215 231 -1 -1 22.162027
209 215 231 -1 30.210142
231 241 -1 -1 31.600188
215 231 241 -1 31.704453
231 241 253 -1 31.629310
323 344 -1 -1 25.042082
343 344 -1 -1 24.044759
323 343 344 -1 28.400861
333 344 -1 -1 26.737183
323 333 344 -1 34.236631
344 374 -1 -1 29.134550
343 374 -1 -1 24.289555
343 344 374 -1 30.288221
344 378 -1 -1 27.401285
344 374 378 -1 31.034395
389 398 -1 -1 23.218171
385 389 -1 -1 27.416788
370 385 -1 -1 22.225149
385 402 -1 -1 26.768128
370 385 402 -1 30.655328
371 398 -1 -1 27.110777
371 389 -1 -1 27.373842
371 389 398 -1 30.114663
350 377 -1 -1 23.786190
373 377 -1 -1 23.330743
350 373 377 -1 29.108629
377 395 -1 -1 27.005652
373 377 395 -1 29.129066
377 406 -1 -1 26.353209
395 406 -1 -1 21.021664
377 395 406 -1 29.036659
343 377 -1 -1 32.054435
374 377 -1 -1 23.680859
343 374 377 -1 32.240088
343 350 377 -1 32.057284
396 401 -1 -1 18.886244
396 406 -1 -1 18.112696
374 396 -1 -1 22.444065
374 396 401 -1 30.030817
377 396 -1 -1 27.257810
374 377 396 -1 28.597416
377 396 406 -1 28.507653
142 155 -1 -1 20.151593
130 142 -1 -1 25.585592
130 142 155 -1 29.971833
123 142 -1 -1 24.551458
123 130 142 -1 27.511957
241 254 -1 -1 26.342313
254 275 -1 -1 20.852510
241 254 275 -1 31.459922
230 254 -1 -1 24.987187
230 241 254 -1 28.566853
254 280 -1 -1 30.594843
254 268 -1 -1 21.713288
254 268 280 -1 31.110179
254 275 280 -1 31.415990
243 254 -1 -1 23.850349
243 254 268 -1 25.576168
230 243 254 -1 31.154292
318 331 -1 -1 19.939840
301 331 -1 -1 29.153600
301 318 331 -1 30.754994
372 385 -1 -1 23.509620
372 389 -1 -1 17.612974
372 385 389 -1 27.667520
333 346 -1 -1 23.648425
320 346 -1 -1 25.611376
320 333 346 -1 30.251143
383 405 -1 -1 23.575961
378 383 -1 -1 25.685408
378 383 405 -1 28.292515
383 398 -1 -1 28.112446
371 383 -1 -1 21.103855
371 383 398 -1 29.903397
301 328 -1 -1 28.106047
320 328 -1 -1 18.688398
301 320 328 -1 31.179333
328 331 -1 -1 22.445868
301 328 331 -1 31.144091
331 352 -1 -1 19.119377
328 352 -1 -1 19.309318
328 331 352 -1 23.672356
328 346 -1 -1 26.701663
320 328 346 -1 28.040075
331 360 -1 -1 27.951202
352 360 -1 -1 21.767611
331 352 360 -1 28.019566
360 372 -1 -1 17.543658
352 372 -1 -1 20.960618
352 360 372 -1 23.446614
360 385 -1 -1 22.433322
360 370 -1 -1 25.195952
360 370 385 -1 27.044976
360 372 385 -1 24.888189
346 359 -1 -1 23.105390
359 371 -1 -1 18.299102
346 371 -1 -1 24.606268
346 359 371 -1 25.892919
359 372 -1 -1 19.718608
352 359 -1 -1 17.741260
352 359 372 -1 22.636910
328 359 -1 -1 27.009023
328 352 359 -1 27.059636
328 346 359 -1 29.750294
359 389 -1 -1 27.250074
359 371 389 -1 28.987406
359 372 389 -1 27.303733
344 362 -1 -1 24.388145
362 378 -1 -1 23.952975
344 362 378 -1 29.340454
362 383 -1 -1 22.432726
362 378 383 -1 27.871779
333 362 -1 -1 26.354903
333 344 362 -1 29.887818
346 362 -1 -1 23.893484
333 346 362 -1 28.561619
362 371 -1 -1 27.810628
346 362 371 -1 29.602954
362 371 383 -1 28.299139
345 360 -1 -1 20.721957
331 345 -1 -1 25.568640
331 345 360 -1 29.159545
318 345 -1 -1 28.502303
322 345 -1 -1 28.219813
318 322 345 -1 30.675149
318 331 345 -1 29.318847
345 355 -1 -1 24.750409
335 345 -1 -1 28.827814
335 345 355 -1 29.172304
322 335 345 -1 30.291191
345 370 -1 -1 25.362803
345 355 370 -1 28.076950
345 360 370 -1 27.714687
87 -1 -1 -1 0.000000
92 -1 -1 -1 0.000000
93 -1 -1 -1 0.000000
96 -1 -1 -1 0.000000
97 -1 -1 -1 0.000000
99 -1 -1 -1 0.000000
100 -1 -1 -1 0.000000
101 -1 -1 -1 0.000000
102 -1 -1 -1 0.000000
103 -1 -1 -1 0.000000
105 -1 -1 -1 0.000000
106 -1 -1 -1 0.000000
107 -1 -1 -1 0.000000
109 -1 -1 -1 0.000000
110 -1 -1 -1 0.000000
113 -1 -1 -1 0.000000
118 -1 -1 -1 0.000000
119 -1 -1 -1 0.000000
121 -1 -1 -1 0.000000
122 -1 -1 -1 0.000000
123 -1 -1 -1 0.000000
124 -1 -1 -1 0.000000
125 -1 -1 -1 0.000000
126 -1 -1 -1 0.000000
127 -1 -1 -1 0.000000
129 -1 -1 -1 0.000000
130 -1 -1 -1 0.000000
133 -1 -1 -1 0.000000
135 -1 -1 -1 0.000000
136 -1 -1 -1 0.000000
140 -1 -1 -1 0.000000
142 -1 -1 -1 0.000000
143 -1 -1 -1 0.000000
144 -1 -1 -1 0.000000
145 -1 -1 -1 0.000000
146 -1 -1 -1 0.000000
147 -1 -1 -1 0.000000
149 -1 -1 -1 0.000000
151 -1 -1 -1 0.000000
154 -1 -1 -1 0.000000
155 -1 -1 -1 0.000000
157 -1 -1 -1 0.000000
159 -1 -1 -1 0.000000
161 -1 -1 -1 0.000000
162 -1 -1 -1 0.000000
165 -1 -1 -1 0.000000
166 -1 -1 -1 0.000000
167 -1 -1 -1 0.000000
168 -1 -1 -1 0.000000
173 -1 -1 -1 0.000000
174 -1 -1 -1 0.000000
175 -1 -1 -1 0.000000
176 -1 -1 -1 0.000000
177 -1 -1 -1 0.000000
178 -1 -1 -1 0.000000
179 -1 -1 -1 0.000000
181 -1 -1 -1 0.000000
185 -1 -1 -1 0.000000
186 -1 -1 -1 0.000000
188 -1 -1 -1 0.000000
189 -1 -1 -1 0.000000
190 -1 -1 -1 0.000000
192 -1 -1 -1 0.000000
195 -1 -1 -1 0.000000
196 -1 -1 -1 0.000000
197 -1 -1 -1 0.000000
198 -1 -1 -1 0.000000
202 -1 -1 -1 0.000000
205 -1 -1 -1 0.000000
206 -1 -1 -1 0.000000
209 -1 -1 -1 0.000000
210 -1 -1 -1 0.000000
213 -1 -1 -1 0.000000
214 -1 -1 -1 0.000000
215 -1 -1 -1 0.000000
218 -1 -1 -1 0.000000
219 -1 -1 -1 0.000000
223 -1 -1 -1 0.000000
224 -1 -1 -1 0.000000
225 -1 -1 -1 0.000000
226 -1 -1 -1 0.000000
228 -1 -1 -1 0.000000
229 -1 -1 -1 0.000000
230 -1 -1 -1 0.000000
231 -1 -1 -1 0.000000
237 -1 -1 -1 0.000000
238 -1 -1 -1 0.000000
241 -1 -1 -1 0.000000
242 -1 -1 -1 0.000000
243 -1 -1 -1 0.000000
244 -1 -1 -1 0.000000
246 -1 -1 -1 0.000000
247 -1 -1 -1 0.000000
249 -1 -1 -1 0.000000
253 -1 -1 -1 0.000000
254 -1 -1 -1 0.000000
255 -1 -1 -1 0.000000
256 -1 -1 -1 0.000000
257 -1 -1 -1 0.000000
258 -1 -1 -1 0.000000
264 -1 -1 -1 0.000000
265 -1 -1 -1 0.000000
266 -1 -1 -1 0.000000
267 -1 -1 -1 0.000000
268 -1 -1 -1 0.000000
269 -1 -1 -1 0.000000
273 -1 -1 -1 0.000000
275 -1 -1 -1 0.000000
277 -1 -1 -1 0.000000
278 -1 -1 -1 0.000000
279 -1 -1 -1 0.000000
280 -1 -1 -1 0.000000
281 -1 -1 -1 0.000000
283 -1 -1 -1 0.000000
285 -1 -1 -1 0.000000
287 -1 -1 -1 0.000000
290 -1 -1 -1 0.000000
291 -1 -1 -1 0.000000
292 -1 -1 -1 0.000000
293 -1 -1 -1 0.000000
294 -1 -1 -1 0.000000
296 -1 -1 -1 0.000000
297 -1 -1 -1 0.000000
300 -1 -1 -1 0.000000
301 -1 -1 -1 0.000000
303 -1 -1 -1 0.000000
304 -1 -1 -1 0.000000
305 -1 -1 -1 0.000000
309 -1 -1 -1 0.000000
310 -1 -1 -1 0.000000
311 -1 -1 -1 0.000000
312 -1 -1 -1 0.000000
315 -1 -1 -1 0.000000
318 -1 -1 -1 0.000000
319 -1 -1 -1 0.000000
320 -1 -1 -1 0.000000
322 -1 -1 -1 0.000000
323 -1 -1 -1 0.000000
324 -1 -1 -1 0.000000
326 -1 -1 -1 0.000000
327 -1 -1 -1 0.000000
328 -1 -1 -1 0.000000
330 -1 -1 -1 0.000000
331 -1 -1 -1 0.000000
332 -1 -1 -1 0.000000
333 -1 -1 -1 0.000000
335 -1 -1 -1 0.000000
340 -1 -1 -1 0.000000
341 -1 -1 -1 0.000000
343 -1 -1 -1 0.000000
344 -1 -1 -1 0.000000
345 -1 -1 -1 0.000000
346 -1 -1 -1 0.000000
349 -1 -1 -1 0.000000
350 -1 -1 -1 0.000000
352 -1 -1 -1 0.000000
354 -1 -1 -1 0.000000
355 -1 -1 -1 0.000000
356 -1 -1 -1 0.000000
359 -1 -1 -1 0.000000
360 -1 -1 -1 0.000000
362 -1 -1 -1 0.000000
365 -1 -1 -1 0.000000
370 -1 -1 -1 0.000000
371 -1 -1 -1 0.000000
372 -1 -1 -1 0.000000
373 -1 -1 -1 0.000000
374 -1 -1 -1 0.000000
376 -1 -1 -1 0.000000
377 -1 -1 -1 0.000000
378 -1 -1 -1 0.000000
380 -1 -1 -1 0.000000
383 -1 -1 -1 0.000000
384 -1 -1 -1 0.000000
385 -1 -1 -1 0.000000
389 -1 -1 -1 0.000000
391 -1 -1 -1 0.000000
393 -1 -1 -1 0.000000
395 -1 -1 -1 0.000000
396 -1 -1 -1 0.000000
398 -1 -1 -1 0.000000
401 -1 -1 -1 0.000000
402 -1 -1 -1 0.000000
404 -1 -1 -1 0.000000
405 -1 -1 -1 0.000000
406 -1 -1 -1 0.000000
407 -1 -1 -1 0.000000
