372 382 -1 -1 19.882944
372 396 -1 -1 26.310609
382 396 -1 -1 24.246456
372 382 396 -1 27.597290
113 123 -1 -1 35.789737
123 140 -1 -1 32.971829
113 140 -1 -1 26.028702
113 123 140 -1 37.301714
261 282 -1 -1 28.745493
265 282 -1 -1 20.974164
261 265 -1 -1 25.188572
261 265 282 -1 29.572100
307 316 -1 -1 19.249639
300 316 -1 -1 23.669333
300 307 -1 -1 34.593850
300 307 316 -1 36.168471
358 361 -1 -1 33.855982
337 358 -1 -1 26.675405
337 361 -1 -1 31.182579
337 358 361 -1 35.776232
361 377 -1 -1 22.728127
358 377 -1 -1 33.104595
358 361 377 -1 35.608344
382 384 -1 -1 19.924108
342 359 -1 -1 20.092805
356 359 -1 -1 27.186191
342 356 -1 -1 25.186531
342 356 359 -1 28.456156
359 372 -1 -1 23.240332
356 372 -1 -1 23.264407
356 359 372 -1 28.659607
94 98 -1 -1 25.519685
94 101 -1 -1 18.693167
98 115 -1 -1 23.787570
113 115 -1 -1 21.539488
372 380 -1 -1 24.939571
380 396 -1 -1 30.092826
372 380 396 -1 31.667246
359 380 -1 -1 25.285671
359 360 -1 -1 22.216681
360 380 -1 -1 24.005434
359 360 380 -1 27.636308
359 372 380 -1 28.329518
366 380 -1 -1 37.095231
360 366 -1 -1 22.977809
360 366 380 -1 38.275244
102 123 -1 -1 26.359024
102 113 -1 -1 21.552650
102 113 123 -1 35.996445
384 391 -1 -1 20.930738
317 337 -1 -1 32.405029
280 307 -1 -1 30.183763
280 300 -1 -1 33.724271
280 300 307 -1 38.086519
343 366 -1 -1 27.855548
343 360 -1 -1 25.037844
343 360 366 -1 29.501327
354 364 -1 -1 22.188272
354 356 -1 -1 33.053071
356 364 -1 -1 20.386724
354 356 364 -1 33.763161
364 372 -1 -1 28.981900
356 364 372 -1 29.204525
364 382 -1 -1 21.423633
364 372 382 -1 28.986014
364 384 -1 -1 24.198697
364 382 384 -1 25.511908
370 391 -1 -1 22.569555
370 384 -1 -1 23.050736
370 384 391 -1 25.675481
364 370 -1 -1 26.157985
364 370 384 -1 28.379335
354 370 -1 -1 23.129298
354 364 370 -1 27.753983
361 370 -1 -1 26.735578
354 361 -1 -1 32.295567
354 361 370 -1 32.756534
377 391 -1 -1 29.275157
370 377 -1 -1 29.768677
370 377 391 -1 31.953509
361 370 377 -1 31.047376
282 299 -1 -1 19.889095
297 299 -1 -1 24.291652
282 297 -1 -1 33.632432
282 297 299 -1 34.020218
299 320 -1 -1 19.773121
297 320 -1 -1 31.033344
297 299 320 -1 31.038788
282 300 -1 -1 32.687674
299 300 -1 -1 27.260663
282 299 300 -1 32.756457
300 320 -1 -1 32.577823
299 300 320 -1 32.652369
320 329 -1 -1 27.055676
329 342 -1 -1 23.040121
320 342 -1 -1 22.049324
320 329 342 -1 28.187380
329 343 -1 -1 26.384483
316 329 -1 -1 24.340021
316 343 -1 -1 25.059527
316 329 343 -1 29.220686
300 329 -1 -1 30.460597
300 316 329 -1 31.057564
300 320 329 -1 34.964636
329 360 -1 -1 32.297940
329 343 360 -1 33.047931
329 359 -1 -1 30.793942
329 359 360 -1 33.763020
329 342 359 -1 30.797313
335 342 -1 -1 24.305691
335 356 -1 -1 19.909720
335 342 356 -1 27.047586
320 335 -1 -1 28.347630
320 335 342 -1 29.317036
335 354 -1 -1 33.199215
335 354 356 -1 34.732288
332 354 -1 -1 19.840367
332 335 -1 -1 27.605868
332 335 354 -1 33.238935
303 333 -1 -1 31.206409
333 337 -1 -1 27.820002
303 337 -1 -1 35.905817
303 333 337 -1 37.227579
333 361 -1 -1 25.393506
333 337 361 -1 32.866325
333 354 -1 -1 32.420221
332 333 -1 -1 28.427761
332 333 354 -1 32.713493
333 354 361 -1 35.179524
306 317 -1 -1 23.505088
306 337 -1 -1 28.875339
306 317 337 -1 33.447043
303 306 -1 -1 21.963638
303 306 337 -1 35.913930
294 313 -1 -1 22.243092
285 313 -1 -1 33.076108
285 294 -1 -1 30.269491
285 294 313 -1 34.032373
303 313 -1 -1 28.361494
285 303 -1 -1 24.147118
285 303 313 -1 33.862273
313 333 -1 -1 26.531374
303 313 333 -1 33.382368
313 332 -1 -1 23.976704
313 332 333 -1 30.598505
272 303 -1 -1 36.953368
272 285 -1 -1 26.689675
272 285 303 -1 37.008184
272 306 -1 -1 40.174293
272 303 306 -1 40.598256
115 120 -1 -1 23.695350
98 120 -1 -1 25.138077
98 115 120 -1 27.985068
94 120 -1 -1 25.976012
94 98 120 -1 29.504356
120 125 -1 -1 17.206782
101 125 -1 -1 27.529556
101 120 -1 -1 32.134580
101 120 125 -1 32.142719
94 101 120 -1 32.135795
96 97 -1 -1 29.154556
96 102 -1 -1 31.241276
96 123 -1 -1 32.610893
96 102 123 -1 35.083455
176 197 -1 -1 23.682058
192 197 -1 -1 27.593469
176 192 -1 -1 23.921652
176 192 197 -1 29.209898
197 210 -1 -1 21.940123
192 210 -1 -1 17.799562
192 197 210 -1 27.624137
123 150 -1 -1 26.946895
140 150 -1 -1 20.243346
123 140 150 -1 33.004845
150 183 -1 -1 29.877406
150 157 -1 -1 19.331376
157 183 -1 -1 22.175317
150 157 183 -1 29.892467
377 395 -1 -1 20.367229
358 383 -1 -1 24.457077
383 395 -1 -1 25.644886
377 383 -1 -1 31.270178
377 383 395 -1 31.399358
358 377 383 -1 34.866361
277 280 -1 -1 22.785594
277 300 -1 -1 24.363685
277 280 300 -1 33.732520
277 282 -1 -1 27.765629
277 282 300 -1 33.499434
261 277 -1 -1 23.619228
261 277 282 -1 31.119912
273 294 -1 -1 24.776905
273 285 -1 -1 24.916736
273 285 294 -1 31.329750
125 129 -1 -1 15.185171
101 129 -1 -1 26.740948
101 125 129 -1 28.296431
129 152 -1 -1 20.117339
125 152 -1 -1 22.669081
125 129 152 -1 23.130367
316 338 -1 -1 34.193656
307 338 -1 -1 32.817779
307 316 338 -1 35.054934
338 343 -1 -1 22.146689
316 338 343 -1 34.229453
338 366 -1 -1 33.101068
338 343 366 -1 33.422587
319 320 -1 -1 30.434459
297 319 -1 -1 20.048216
297 319 320 -1 32.523228
319 335 -1 -1 21.353742
319 320 335 -1 31.657927
319 332 -1 -1 25.010159
319 332 335 -1 28.929633
294 319 -1 -1 30.302388
294 297 -1 -1 27.594542
294 297 319 -1 31.074771
313 319 -1 -1 32.400323
313 319 332 -1 32.658862
294 313 319 -1 33.644549
120 139 -1 -1 23.139007
115 139 -1 -1 29.191484
115 120 139 -1 29.946871
139 163 -1 -1 22.920209
162 163 -1 -1 19.033443
139 162 -1 -1 22.978109
139 162 163 -1 25.219929
125 139 -1 -1 23.732680
120 125 139 -1 25.205923
139 152 -1 -1 27.715423
152 162 -1 -1 21.189002
139 152 162 -1 28.375571
125 139 152 -1 28.934046
380 397 -1 -1 20.667413
396 397 -1 -1 26.586395
380 396 397 -1 30.764612
270 288 -1 -1 21.012999
288 290 -1 -1 24.500477
270 290 -1 -1 27.350954
270 288 290 -1 28.536861
270 275 -1 -1 26.340606
275 288 -1 -1 24.742379
270 275 288 -1 28.075979
338 368 -1 -1 35.165640
338 348 -1 -1 24.006890
348 368 -1 -1 25.170320
338 348 368 -1 35.174255
366 368 -1 -1 26.037330
338 366 368 -1 37.007320
144 150 -1 -1 33.919300
123 144 -1 -1 27.908911
123 144 150 -1 34.902671
144 157 -1 -1 24.378993
144 150 157 -1 34.573426
124 144 -1 -1 28.881863
118 124 -1 -1 22.284519
97 118 -1 -1 28.317864
97 124 -1 -1 28.285766
97 118 124 -1 30.788249
96 118 -1 -1 23.075738
96 97 118 -1 31.390375
118 123 -1 -1 25.347793
96 118 123 -1 32.760116
118 144 -1 -1 25.534664
118 123 144 -1 30.426829
118 124 144 -1 30.051830
171 176 -1 -1 23.693879
171 197 -1 -1 27.079773
171 176 197 -1 28.868861
171 199 -1 -1 29.069617
197 199 -1 -1 22.586396
171 197 199 -1 30.746087
171 183 -1 -1 26.731703
183 199 -1 -1 24.215030
171 183 199 -1 31.059245
150 171 -1 -1 27.762247
150 171 183 -1 32.588073
140 171 -1 -1 28.744356
140 150 171 -1 30.288408
254 272 -1 -1 27.427919
254 285 -1 -1 31.139425
254 272 285 -1 33.087613
254 273 -1 -1 28.923078
254 273 285 -1 33.091548
238 260 -1 -1 26.499700
229 260 -1 -1 29.472341
229 238 -1 -1 21.171925
229 238 260 -1 30.448630
152 173 -1 -1 23.139305
162 173 -1 -1 18.308504
152 162 173 -1 24.428801
207 236 -1 -1 27.946497
207 225 -1 -1 20.447127
225 236 -1 -1 21.650562
207 225 236 -1 28.148285
207 210 -1 -1 25.472963
210 225 -1 -1 21.323762
207 210 225 -1 26.356697
192 207 -1 -1 21.495668
192 207 210 -1 25.848796
110 111 -1 -1 21.737229
110 135 -1 -1 21.274145
111 135 -1 -1 25.670982
110 111 135 -1 26.804328
193 217 -1 -1 25.364901
172 193 -1 -1 26.477357
272 278 -1 -1 24.882849
278 306 -1 -1 31.230634
272 278 306 -1 40.177444
278 317 -1 -1 39.658473
278 306 317 -1 39.677075
139 142 -1 -1 25.529747
115 142 -1 -1 27.286791
115 139 142 -1 31.710458
113 142 -1 -1 31.579657
140 142 -1 -1 22.389680
113 140 142 -1 31.969722
113 115 142 -1 32.102279
142 163 -1 -1 23.005583
139 142 163 -1 27.624429
142 176 -1 -1 29.778525
163 176 -1 -1 20.004056
142 163 176 -1 29.810560
142 171 -1 -1 34.592636
140 142 171 -1 34.772879
142 171 176 -1 35.155529
288 308 -1 -1 24.306158
290 308 -1 -1 24.794543
288 290 308 -1 28.331972
308 318 -1 -1 25.876844
288 318 -1 -1 29.957826
288 308 318 -1 31.288323
267 270 -1 -1 22.028326
267 290 -1 -1 26.135691
267 270 290 -1 29.377449
246 267 -1 -1 23.214386
246 270 -1 -1 21.119715
246 267 270 -1 25.602234
233 245 -1 -1 29.368130
220 245 -1 -1 19.197036
220 233 -1 -1 29.599064
220 233 245 -1 31.184085
233 246 -1 -1 18.248934
245 246 -1 -1 19.436095
233 245 246 -1 30.063621
245 267 -1 -1 22.851960
245 246 267 -1 25.407960
252 267 -1 -1 23.103447
245 252 -1 -1 18.654075
245 252 267 -1 25.143727
210 224 -1 -1 19.633374
197 224 -1 -1 24.268533
197 210 224 -1 25.638807
199 224 -1 -1 32.797724
197 199 224 -1 32.805209
224 225 -1 -1 30.068079
210 224 225 -1 30.156069
224 240 -1 -1 24.863271
225 240 -1 -1 20.030747
224 225 240 -1 30.271659
233 249 -1 -1 24.488297
246 249 -1 -1 27.466723
233 246 249 -1 28.030010
249 270 -1 -1 29.454327
246 249 270 -1 30.747330
249 275 -1 -1 22.814765
249 270 275 -1 30.762609
295 318 -1 -1 18.856357
288 295 -1 -1 19.958842
288 295 318 -1 30.517987
275 295 -1 -1 23.322093
275 288 295 -1 26.461583
340 363 -1 -1 21.754556
368 373 -1 -1 29.765174
373 394 -1 -1 34.002725
368 394 -1 -1 27.843202
368 373 394 -1 35.700183
348 373 -1 -1 28.608538
348 368 373 -1 32.370109
368 389 -1 -1 30.270554
389 394 -1 -1 31.453472
368 389 394 -1 34.598695
366 389 -1 -1 25.744156
366 368 389 -1 31.911790
389 397 -1 -1 35.208160
380 389 -1 -1 40.595941
366 380 389 -1 41.473315
380 389 397 -1 40.599303
195 199 -1 -1 29.735813
183 195 -1 -1 19.035496
183 195 199 -1 29.808859
363 378 -1 -1 24.585186
243 272 -1 -1 27.735499
243 254 -1 -1 26.494297
243 254 272 -1 31.447223
222 243 -1 -1 27.806720
222 254 -1 -1 33.702408
222 243 254 -1 34.633227
217 243 -1 -1 27.333251
217 222 -1 -1 24.480979
217 222 243 -1 30.772280
222 231 -1 -1 21.544446
231 254 -1 -1 24.988864
222 231 254 -1 33.734899
200 222 -1 -1 28.481288
200 231 -1 -1 31.313814
200 222 231 -1 32.258305
241 254 -1 -1 27.919950
241 273 -1 -1 26.669884
241 254 273 -1 32.196559
241 260 -1 -1 19.225970
260 273 -1 -1 22.821762
241 260 273 -1 27.243897
231 241 -1 -1 21.048276
231 241 254 -1 29.028660
229 241 -1 -1 23.206656
229 241 260 -1 29.501358
266 282 -1 -1 31.616311
265 266 -1 -1 19.680029
265 266 282 -1 32.328879
238 266 -1 -1 24.195206
238 265 -1 -1 28.448913
238 265 266 -1 28.877000
260 266 -1 -1 19.253350
238 260 266 -1 27.541860
273 286 -1 -1 31.649563
286 294 -1 -1 26.747270
273 286 294 -1 32.663094
260 286 -1 -1 26.239261
260 273 286 -1 32.136208
266 286 -1 -1 18.358942
260 266 286 -1 26.248988
286 297 -1 -1 18.911560
286 294 297 -1 29.004676
282 286 -1 -1 32.734724
282 286 297 -1 34.651558
266 282 286 -1 33.623019
184 207 -1 -1 25.712285
184 192 -1 -1 17.426284
184 192 207 -1 25.966708
173 184 -1 -1 22.333950
162 184 -1 -1 20.345379
162 173 184 -1 23.712729
163 184 -1 -1 24.096838
162 163 184 -1 24.903723
176 184 -1 -1 29.854538
176 184 192 -1 29.859614
163 176 184 -1 29.984103
234 236 -1 -1 20.240672
236 261 -1 -1 27.785025
234 261 -1 -1 24.163903
234 236 261 -1 28.526476
164 173 -1 -1 17.039984
152 164 -1 -1 24.352110
152 164 173 -1 25.487681
164 168 -1 -1 18.814070
164 191 -1 -1 28.914520
168 191 -1 -1 27.520543
164 168 191 -1 29.993866
211 219 -1 -1 18.684727
191 211 -1 -1 26.878359
191 219 -1 -1 24.815699
191 211 219 -1 27.847265
211 238 -1 -1 28.953157
211 229 -1 -1 29.471474
211 229 238 -1 31.349593
219 238 -1 -1 29.212571
211 219 238 -1 30.712861
112 129 -1 -1 21.140569
101 112 -1 -1 16.737300
101 112 129 -1 26.744782
107 112 -1 -1 18.241310
106 110 -1 -1 21.074126
106 107 -1 -1 20.657147
325 331 -1 -1 21.209987
298 325 -1 -1 27.188422
298 331 -1 -1 32.636476
298 325 331 -1 32.826553
325 338 -1 -1 24.451312
307 325 -1 -1 30.725404
307 325 338 -1 34.511336
325 348 -1 -1 27.748299
325 338 348 -1 29.555529
331 348 -1 -1 28.785906
325 331 348 -1 30.520828
311 331 -1 -1 23.359798
298 311 -1 -1 22.089687
298 311 331 -1 32.651694
311 330 -1 -1 25.768543
330 331 -1 -1 23.819339
311 330 331 -1 28.162924
308 311 -1 -1 27.651183
290 311 -1 -1 25.719094
290 308 311 -1 30.186835
308 330 -1 -1 26.065961
308 311 330 -1 30.641942
146 161 -1 -1 30.383596
161 169 -1 -1 21.380366
146 169 -1 -1 25.209767
146 161 169 -1 30.766255
174 196 -1 -1 26.373969
169 174 -1 -1 21.369188
169 196 -1 -1 20.197174
169 174 196 -1 26.894343
196 200 -1 -1 27.330484
174 200 -1 -1 26.688281
174 196 200 -1 30.953632
146 174 -1 -1 25.775022
146 169 174 -1 28.083963
154 174 -1 -1 24.392353
146 154 -1 -1 21.717179
146 154 174 -1 27.861488
111 128 -1 -1 22.303821
128 135 -1 -1 33.355427
111 128 135 -1 33.379938
128 146 -1 -1 33.143218
135 146 -1 -1 19.325592
128 135 146 -1 34.750847
128 154 -1 -1 22.485818
128 146 154 -1 33.401515
131 153 -1 -1 23.771485
131 133 -1 -1 25.614340
133 153 -1 -1 20.605766
131 133 153 -1 27.242347
203 222 -1 -1 23.254765
200 203 -1 -1 26.934819
200 203 222 -1 30.569762
193 203 -1 -1 28.362091
203 217 -1 -1 24.526053
193 203 217 -1 30.326319
203 217 222 -1 27.837174
236 256 -1 -1 23.185380
256 261 -1 -1 27.998264
236 256 261 -1 30.666766
225 256 -1 -1 30.100251
225 236 256 -1 30.251551
240 256 -1 -1 25.113271
225 240 256 -1 30.338671
256 268 -1 -1 29.439883
268 280 -1 -1 27.030763
256 280 -1 -1 27.912510
256 268 280 -1 32.542824
240 268 -1 -1 26.578726
240 256 268 -1 31.457540
256 277 -1 -1 29.940395
256 261 277 -1 31.797192
256 277 280 -1 31.556642
268 292 -1 -1 20.858504
280 292 -1 -1 23.799325
268 280 292 -1 28.096248
292 307 -1 -1 29.188986
280 292 307 -1 32.422799
267 274 -1 -1 21.603891
252 274 -1 -1 20.643981
252 267 274 -1 25.239588
274 292 -1 -1 32.956125
268 274 -1 -1 29.210443
268 274 292 -1 33.419509
250 268 -1 -1 21.153349
240 250 -1 -1 21.300945
240 250 268 -1 27.222100
224 250 -1 -1 27.760636
224 240 250 -1 28.956511
250 274 -1 -1 25.463192
250 252 -1 -1 18.496168
250 252 274 -1 25.783001
250 268 274 -1 29.980491
199 227 -1 -1 27.467710
199 220 -1 -1 23.477019
220 227 -1 -1 21.419758
199 220 227 -1 28.399405
224 227 -1 -1 18.328682
199 224 227 -1 32.801232
227 245 -1 -1 23.877762
220 227 245 -1 25.138646
227 252 -1 -1 21.667187
227 245 252 -1 25.080172
227 250 -1 -1 26.623760
227 250 252 -1 26.845260
224 227 250 -1 28.924945
221 249 -1 -1 29.082832
221 233 -1 -1 22.077632
221 233 249 -1 29.835140
318 340 -1 -1 28.442375
340 347 -1 -1 23.761541
347 363 -1 -1 25.165336
340 347 363 -1 27.346224
347 378 -1 -1 33.611694
371 378 -1 -1 26.230579
347 371 -1 -1 23.860297
347 371 378 -1 33.787734
347 363 378 -1 33.740406
308 327 -1 -1 22.433988
318 327 -1 -1 22.477570
308 318 327 -1 27.474653
327 340 -1 -1 21.301967
318 327 340 -1 28.798069
327 330 -1 -1 23.121005
308 327 330 -1 27.776588
327 347 -1 -1 24.480994
330 347 -1 -1 29.584173
327 330 347 -1 30.388144
327 340 347 -1 26.893462
373 388 -1 -1 20.731825
388 394 -1 -1 28.537744
373 388 394 -1 34.097205
371 373 -1 -1 32.426682
371 388 -1 -1 34.134662
371 373 388 -1 35.119165
331 351 -1 -1 21.123079
348 351 -1 -1 20.864318
331 348 351 -1 28.837840
351 373 -1 -1 23.831525
348 351 373 -1 29.115750
330 351 -1 -1 30.014612
330 331 351 -1 30.204536
199 218 -1 -1 32.204793
218 220 -1 -1 18.867094
199 218 220 -1 32.557311
195 218 -1 -1 17.817512
195 199 218 -1 32.600185
218 233 -1 -1 20.753113
218 220 233 -1 29.794051
218 221 -1 -1 29.453863
218 221 233 -1 29.498841
378 390 -1 -1 24.177393
371 390 -1 -1 17.881136
371 378 390 -1 27.091481
388 390 -1 -1 27.248903
371 388 390 -1 34.326714
214 231 -1 -1 23.230107
200 214 -1 -1 20.890884
200 214 231 -1 31.314149
196 214 -1 -1 23.350405
196 200 214 -1 28.157490
214 241 -1 -1 31.219074
214 229 -1 -1 21.786921
214 229 241 -1 31.241830
214 231 241 -1 31.220128
244 261 -1 -1 27.741274
244 265 -1 -1 19.562381
244 261 265 -1 28.660383
234 244 -1 -1 19.721623
234 244 261 -1 28.394473
219 244 -1 -1 21.166259
219 234 -1 -1 22.426795
219 234 244 -1 24.470273
238 244 -1 -1 21.544166
238 244 265 -1 28.477104
219 238 244 -1 29.273448
207 215 -1 -1 21.669077
215 236 -1 -1 24.007707
207 215 236 -1 28.898919
215 234 -1 -1 21.290312
215 234 236 -1 25.456336
215 219 -1 -1 26.612616
191 215 -1 -1 26.904752
191 215 219 -1 30.203030
215 219 234 -1 27.558214
168 185 -1 -1 22.131089
185 191 -1 -1 27.558565
168 185 191 -1 30.074073
185 211 -1 -1 24.817881
185 191 211 -1 30.588221
185 196 -1 -1 27.322042
169 185 -1 -1 27.201475
169 185 196 -1 29.350070
161 185 -1 -1 26.614401
161 169 185 -1 29.328814
161 168 -1 -1 24.339735
161 168 185 -1 28.378141
112 134 -1 -1 18.134614
129 134 -1 -1 14.911609
112 129 134 -1 21.544983
134 152 -1 -1 28.637348
129 134 152 -1 30.245599
110 122 -1 -1 22.946708
122 135 -1 -1 27.189952
110 122 135 -1 28.049490
106 122 -1 -1 16.152812
106 110 122 -1 23.778359
107 122 -1 -1 23.180725
106 107 122 -1 23.791875
310 325 -1 -1 20.728918
307 310 -1 -1 18.929929
307 310 325 -1 31.351197
298 310 -1 -1 18.252123
298 310 325 -1 27.201675
292 310 -1 -1 20.978605
292 307 310 -1 29.255564
292 298 -1 -1 24.369817
292 298 310 -1 25.066981
105 128 -1 -1 26.359165
105 111 -1 -1 26.755493
105 111 128 -1 29.265271
128 133 -1 -1 22.388505
105 133 -1 -1 28.121492
105 128 133 -1 29.941543
153 172 -1 -1 20.596934
174 180 -1 -1 21.181685
180 200 -1 -1 23.614509
174 180 200 -1 27.921665
180 203 -1 -1 24.249843
180 200 203 -1 28.954131
154 180 -1 -1 28.329833
154 174 180 -1 29.133733
267 293 -1 -1 30.223059
290 293 -1 -1 24.153178
267 290 293 -1 31.478655
274 293 -1 -1 16.895928
267 274 293 -1 30.988271
293 311 -1 -1 26.758935
290 293 311 -1 29.571318
293 298 -1 -1 18.127100
293 298 311 -1 26.972186
292 293 -1 -1 29.030159
292 293 298 -1 29.149091
274 292 293 -1 32.986540
347 353 -1 -1 22.970268
330 353 -1 -1 24.769527
330 347 353 -1 30.426768
351 353 -1 -1 18.750830
330 351 353 -1 30.086660
353 371 -1 -1 20.976221
347 353 371 -1 26.203533
353 373 -1 -1 29.458240
353 371 373 -1 33.147350
351 353 373 -1 29.507744
202 218 -1 -1 23.220766
195 202 -1 -1 19.482950
195 202 218 -1 23.845210
202 221 -1 -1 22.267852
202 218 221 -1 29.848126
144 158 -1 -1 23.025430
157 158 -1 -1 30.826823
144 157 158 -1 31.204815
194 215 -1 -1 21.652148
194 207 -1 -1 23.361296
194 207 215 -1 25.720891
184 194 -1 -1 23.334387
173 194 -1 -1 20.044566
173 184 194 -1 25.432362
184 194 207 -1 27.970001
191 194 -1 -1 23.661398
191 194 215 -1 28.180555
164 194 -1 -1 28.751521
164 191 194 -1 31.617640
164 173 194 -1 29.325597
185 206 -1 -1 25.780087
196 206 -1 -1 19.403327
185 196 206 -1 28.589769
206 211 -1 -1 17.415617
185 206 211 -1 26.976868
206 229 -1 -1 21.218373
206 211 229 -1 29.835158
206 214 -1 -1 24.008599
206 214 229 -1 25.920197
196 206 214 -1 25.968119
112 127 -1 -1 24.601320
107 127 -1 -1 21.873054
107 112 127 -1 25.464007
127 134 -1 -1 16.811015
112 127 134 -1 24.602612
122 127 -1 -1 18.369812
107 122 127 -1 24.712632
108 131 -1 -1 25.976113
108 133 -1 -1 25.895527
108 131 133 -1 29.825962
105 108 -1 -1 23.593933
105 108 133 -1 30.107274
180 181 -1 -1 21.109266
181 203 -1 -1 20.104842
180 181 203 -1 25.492241
181 193 -1 -1 26.088396
172 181 -1 -1 17.285820
172 181 193 -1 27.836204
181 193 203 -1 29.433074
155 180 -1 -1 24.288533
154 155 -1 -1 19.616742
154 155 180 -1 28.803865
153 155 -1 -1 20.718052
133 155 -1 -1 26.609525
133 153 155 -1 27.006006
155 181 -1 -1 25.124816
155 180 181 -1 27.339244
128 155 -1 -1 30.112565
128 133 155 -1 31.132947
128 154 155 -1 30.117730
155 172 -1 -1 27.583588
153 155 172 -1 27.747457
155 172 181 -1 28.122309
190 221 -1 -1 25.870160
190 202 -1 -1 18.598255
190 202 221 -1 26.450037
127 138 -1 -1 22.053396
122 138 -1 -1 20.393539
122 127 138 -1 23.602845
135 138 -1 -1 23.346288
122 135 138 -1 27.957921
138 146 -1 -1 30.215398
135 138 146 -1 30.215971
138 161 -1 -1 20.087983
138 146 161 -1 32.116222
175 190 -1 -1 28.690448
175 202 -1 -1 23.444554
175 190 202 -1 28.789841
175 195 -1 -1 24.153613
175 195 202 -1 26.095824
158 175 -1 -1 19.275461
157 175 -1 -1 22.668283
157 158 175 -1 30.912184
175 183 -1 -1 29.093441
157 175 183 -1 29.465059
175 183 195 -1 29.264638
138 147 -1 -1 28.149133
127 147 -1 -1 21.739099
127 138 147 -1 28.583730
134 147 -1 -1 18.974517
127 134 147 -1 22.555173
147 161 -1 -1 29.090103
147 168 -1 -1 22.382235
147 161 168 -1 29.868708
138 147 161 -1 30.588934
147 164 -1 -1 24.510863
147 164 168 -1 25.709417
147 152 -1 -1 30.125317
147 152 164 -1 31.030748
134 147 152 -1 31.120219
94 -1 -1 -1 0.000000
96 -1 -1 -1 0.000000
97 -1 -1 -1 0.000000
98 -1 -1 -1 0.000000
101 -1 -1 -1 0.000000
102 -1 -1 -1 0.000000
105 -1 -1 -1 0.000000
106 -1 -1 -1 0.000000
107 -1 -1 -1 0.000000
108 -1 -1 -1 0.000000
110 -1 -1 -1 0.000000
111 -1 -1 -1 0.000000
112 -1 -1 -1 0.000000
113 -1 -1 -1 0.000000
115 -1 -1 -1 0.000000
118 -1 -1 -1 0.000000
120 -1 -1 -1 0.000000
122 -1 -1 -1 0.000000
123 -1 -1 -1 0.000000
124 -1 -1 -1 0.000000
125 -1 -1 -1 0.000000
127 -1 -1 -1 0.000000
128 -1 -1 -1 0.000000
129 -1 -1 -1 0.000000
131 -1 -1 -1 0.000000
133 -1 -1 -1 0.000000
134 -1 -1 -1 0.000000
135 -1 -1 -1 0.000000
138 -1 -1 -1 0.000000
139 -1 -1 -1 0.000000
140 -1 -1 -1 0.000000
142 -1 -1 -1 0.000000
144 -1 -1 -1 0.000000
146 -1 -1 -1 0.000000
147 -1 -1 -1 0.000000
150 -1 -1 -1 0.000000
152 -1 -1 -1 0.000000
153 -1 -1 -1 0.000000
154 -1 -1 -1 0.000000
155 -1 -1 -1 0.000000
157 -1 -1 -1 0.000000
158 -1 -1 -1 0.000000
161 -1 -1 -1 0.000000
162 -1 -1 -1 0.000000
163 -1 -1 -1 0.000000
164 -1 -1 -1 0.000000
168 -1 -1 -1 0.000000
169 -1 -1 -1 0.000000
171 -1 -1 -1 0.000000
172 -1 -1 -1 0.000000
173 -1 -1 -1 0.000000
174 -1 -1 -1 0.000000
175 -1 -1 -1 0.000000
176 -1 -1 -1 0.000000
180 -1 -1 -1 0.000000
181 -1 -1 -1 0.000000
183 -1 -1 -1 0.000000
184 -1 -1 -1 0.000000
185 -1 -1 -1 0.000000
190 -1 -1 -1 0.000000
191 -1 -1 -1 0.000000
192 -1 -1 -1 0.000000
193 -1 -1 -1 0.000000
194 -1 -1 -1 0.000000
195 -1 -1 -1 0.000000
196 -1 -1 -1 0.000000
197 -1 -1 -1 0.000000
199 -1 -1 -1 0.000000
200 -1 -1 -1 0.000000
202 -1 -1 -1 0.000000
203 -1 -1 -1 0.000000
206 -1 -1 -1 0.000000
207 -1 -1 -1 0.000000
210 -1 -1 -1 0.000000
211 -1 -1 -1 0.000000
214 -1 -1 -1 0.000000
215 -1 -1 -1 0.000000
217 -1 -1 -1 0.000000
218 -1 -1 -1 0.000000
219 -1 -1 -1 0.000000
220 -1 -1 -1 0.000000
221 -1 -1 -1 0.000000
222 -1 -1 -1 0.000000
224 -1 -1 -1 0.000000
225 -1 -1 -1 0.000000
227 -1 -1 -1 0.000000
229 -1 -1 -1 0.000000
231 -1 -1 -1 0.000000
233 -1 -1 -1 0.000000
234 -1 -1 -1 0.000000
236 -1 -1 -1 0.000000
238 -1 -1 -1 0.000000
240 -1 -1 -1 0.000000
241 -1 -1 -1 0.000000
243 -1 -1 -1 0.000000
244 -1 -1 -1 0.000000
245 -1 -1 -1 0.000000
246 -1 -1 -1 0.000000
249 -1 -1 -1 0.000000
250 -1 -1 -1 0.000000
252 -1 -1 -1 0.000000
254 -1 -1 -1 0.000000
256 -1 -1 -1 0.000000
260 -1 -1 -1 0.000000
261 -1 -1 -1 0.000000
265 -1 -1 -1 0.000000
266 -1 -1 -1 0.000000
267 -1 -1 -1 0.000000
268 -1 -1 -1 0.000000
270 -1 -1 -1 0.000000
272 -1 -1 -1 0.000000
273 -1 -1 -1 0.000000
274 -1 -1 -1 0.000000
275 -1 -1 -1 0.000000
277 -1 -1 -1 0.000000
278 -1 -1 -1 0.000000
280 -1 -1 -1 0.000000
282 -1 -1 -1 0.000000
285 -1 -1 -1 0.000000
286 -1 -1 -1 0.000000
288 -1 -1 -1 0.000000
290 -1 -1 -1 0.000000
292 -1 -1 -1 0.000000
293 -1 -1 -1 0.000000
294 -1 -1 -1 0.000000
295 -1 -1 -1 0.000000
297 -1 -1 -1 0.000000
298 -1 -1 -1 0.000000
299 -1 -1 -1 0.000000
300 -1 -1 -1 0.000000
303 -1 -1 -1 0.000000
306 -1 -1 -1 0.000000
307 -1 -1 -1 0.000000
308 -1 -1 -1 0.000000
310 -1 -1 -1 0.000000
311 -1 -1 -1 0.000000
313 -1 -1 -1 0.000000
316 -1 -1 -1 0.000000
317 -1 -1 -1 0.000000
318 -1 -1 -1 0.000000
319 -1 -1 -1 0.000000
320 -1 -1 -1 0.000000
325 -1 -1 -1 0.000000
327 -1 -1 -1 0.000000
329 -1 -1 -1 0.000000
330 -1 -1 -1 0.000000
331 -1 -1 -1 0.000000
332 -1 -1 -1 0.000000
333 -1 -1 -1 0.000000
335 -1 -1 -1 0.000000
337 -1 -1 -1 0.000000
338 -1 -1 -1 0.000000
340 -1 -1 -1 0.000000
342 -1 -1 -1 0.000000
343 -1 -1 -1 0.000000
347 -1 -1 -1 0.000000
348 -1 -1 -1 0.000000
351 -1 -1 -1 0.000000
353 -1 -1 -1 0.000000
354 -1 -1 -1 0.000000
356 -1 -1 -1 0.000000
358 -1 -1 -1 0.000000
359 -1 -1 -1 0.000000
360 -1 -1 -1 0.000000
361 -1 -1 -1 0.000000
363 -1 -1 -1 0.000000
364 -1 -1 -1 0.000000
366 -1 -1 -1 0.000000
368 -1 -1 -1 0.000000
370 -1 -1 -1 0.000000
371 -1 -1 -1 0.000000
372 -1 -1 -1 0.000000
373 -1 -1 -1 0.000000
377 -1 -1 -1 0.000000
378 -1 -1 -1 0.000000
380 -1 -1 -1 0.000000
382 -1 -1 -1 0.000000
383 -1 -1 -1 0.000000
384 -1 -1 -1 0.000000
388 -1 -1 -1 0.000000
389 -1 -1 -1 0.000000
390 -1 -1 -1 0.000000
391 -1 -1 -1 0.000000
394 -1 -1 -1 0.000000
395 -1 -1 -1 0.000000
396 -1 -1 -1 0.000000
397 -1 -1 -1 0.000000
