369 383 -1 -1 27.135693
333 366 -1 -1 26.228747
348 366 -1 -1 20.715746
333 348 -1 -1 19.723732
333 348 366 -1 26.568244
234 254 -1 -1 23.341131
254 258 -1 -1 17.958883
234 258 -1 -1 24.573008
234 254 258 -1 25.884753
138 152 -1 -1 19.512709
130 152 -1 -1 22.848262
130 138 -1 -1 13.278731
130 138 152 -1 22.900637
107 118 -1 -1 14.690272
98 107 -1 -1 20.199109
98 118 -1 -1 15.683078
98 107 118 -1 20.338003
123 138 -1 -1 12.543703
123 130 -1 -1 12.991535
123 130 138 -1 14.951542
118 123 -1 -1 14.741687
118 130 -1 -1 17.896879
118 123 130 -1 18.166936
133 152 -1 -1 27.870627
152 163 -1 -1 13.331432
133 163 -1 -1 28.304537
133 152 163 -1 28.927193
136 153 -1 -1 36.445445
136 160 -1 -1 35.010222
153 160 -1 -1 31.527381
136 153 160 -1 39.837803
369 381 -1 -1 25.850730
285 311 -1 -1 31.801037
274 285 -1 -1 29.340763
274 311 -1 -1 36.594958
274 285 311 -1 38.185598
263 285 -1 -1 27.686932
279 285 -1 -1 20.356434
263 279 -1 -1 25.453676
263 279 285 -1 28.888013
293 297 -1 -1 32.342072
297 317 -1 -1 23.528985
293 317 -1 -1 33.705938
293 297 317 -1 35.387118
277 293 -1 -1 31.905940
277 297 -1 -1 19.156040
277 293 297 -1 33.661912
349 392 -1 -1 33.800979
236 244 -1 -1 15.762717
236 277 -1 -1 25.804017
244 277 -1 -1 22.242427
236 244 277 -1 25.962427
244 249 -1 -1 14.481378
219 249 -1 -1 27.241023
219 244 -1 -1 34.822519
219 244 249 -1 36.897023
219 236 -1 -1 36.860397
219 236 244 -1 37.021751
192 204 -1 -1 23.347816
204 219 -1 -1 25.090199
192 219 -1 -1 31.103257
192 204 219 -1 31.601502
204 236 -1 -1 42.224579
204 219 236 -1 42.487077
236 260 -1 -1 24.176117
260 277 -1 -1 20.943299
236 260 277 -1 27.577208
260 297 -1 -1 31.352831
260 277 297 -1 32.148635
260 294 -1 -1 32.207676
294 297 -1 -1 20.580554
260 294 297 -1 33.612758
204 232 -1 -1 38.091565
204 212 -1 -1 29.773648
212 232 -1 -1 20.852253
204 212 232 -1 38.301020
232 236 -1 -1 19.436574
204 232 236 -1 42.244820
232 260 -1 -1 28.526280
232 236 260 -1 28.889291
185 206 -1 -1 28.046094
206 212 -1 -1 26.075149
185 212 -1 -1 34.629916
185 206 212 -1 35.222972
171 185 -1 -1 23.768507
171 206 -1 -1 30.959113
171 185 206 -1 32.399137
221 234 -1 -1 18.491337
212 234 -1 -1 36.371744
212 221 -1 -1 32.667619
212 221 234 -1 36.464677
206 221 -1 -1 20.483246
206 212 221 -1 32.682567
192 202 -1 -1 33.827078
202 219 -1 -1 31.931077
192 202 219 -1 37.355860
202 209 -1 -1 20.398804
202 240 -1 -1 31.371463
209 240 -1 -1 25.862777
202 209 240 -1 31.515680
262 263 -1 -1 17.632388
262 279 -1 -1 19.147743
262 263 279 -1 25.478246
223 226 -1 -1 20.826214
223 246 -1 -1 24.653903
226 246 -1 -1 22.305894
223 226 246 -1 26.299267
199 203 -1 -1 26.558543
177 203 -1 -1 28.373738
177 199 -1 -1 30.127857
177 199 203 -1 32.870996
131 136 -1 -1 27.730278
131 160 -1 -1 45.129250
131 136 160 -1 45.139794
133 167 -1 -1 35.934735
163 167 -1 -1 37.986700
133 163 167 -1 40.084528
167 202 -1 -1 45.849001
160 202 -1 -1 49.330277
160 167 -1 -1 33.449310
160 167 202 -1 51.041284
167 192 -1 -1 25.330562
167 192 202 -1 46.650078
131 167 -1 -1 46.229856
131 160 167 -1 49.107511
131 133 -1 -1 20.128834
131 133 167 -1 48.537131
128 152 -1 -1 25.529404
128 130 -1 -1 10.763849
128 130 152 -1 25.539526
128 133 -1 -1 23.454002
128 133 152 -1 29.811859
118 128 -1 -1 22.233192
118 128 130 -1 22.490891
107 128 -1 -1 22.499506
107 118 128 -1 23.682716
128 131 -1 -1 32.090870
128 131 133 -1 32.191404
106 128 -1 -1 35.193375
106 107 -1 -1 25.810629
106 107 128 -1 35.250607
106 131 -1 -1 28.834527
106 128 131 -1 37.372342
106 117 -1 -1 29.931250
89 117 -1 -1 29.212516
89 106 -1 -1 36.752231
89 106 117 -1 37.745459
117 131 -1 -1 34.532003
117 136 -1 -1 25.045010
117 131 136 -1 34.909667
106 117 131 -1 36.319565
153 158 -1 -1 25.792617
153 174 -1 -1 31.816497
158 174 -1 -1 22.747880
153 158 174 -1 32.157493
157 158 -1 -1 24.256770
142 157 -1 -1 24.463073
142 158 -1 -1 22.374598
142 157 158 -1 27.423539
157 174 -1 -1 28.895663
157 158 174 -1 29.807665
139 153 -1 -1 28.344200
136 139 -1 -1 39.465499
136 139 153 -1 41.083715
139 158 -1 -1 22.965878
139 153 158 -1 30.010762
139 142 -1 -1 25.559631
139 142 158 -1 27.449767
127 139 -1 -1 32.305422
127 142 -1 -1 13.962052
127 139 142 -1 33.588794
359 392 -1 -1 38.745660
342 359 -1 -1 28.991209
332 342 -1 -1 21.232161
332 359 -1 -1 36.059176
332 342 359 -1 36.060133
386 389 -1 -1 20.137274
377 386 -1 -1 25.324409
366 386 -1 -1 21.009458
366 377 -1 -1 22.689295
366 377 386 -1 26.829962
377 389 -1 -1 14.696909
377 386 389 -1 25.338613
297 318 -1 -1 16.769907
317 318 -1 -1 19.612391
297 317 318 -1 23.879314
294 318 -1 -1 15.320220
294 297 318 -1 20.921445
318 342 -1 -1 28.783073
318 332 -1 -1 20.501491
318 332 342 -1 28.817676
317 342 -1 -1 22.762386
317 318 342 -1 28.883274
340 344 -1 -1 28.856893
311 340 -1 -1 31.300467
311 344 -1 -1 24.760725
311 340 344 -1 33.111169
340 361 -1 -1 26.519082
361 364 -1 -1 19.228036
340 364 -1 -1 20.226881
340 361 364 -1 26.645169
344 361 -1 -1 19.647854
340 344 361 -1 29.773479
361 381 -1 -1 17.959524
361 369 -1 -1 28.812422
361 369 381 -1 29.253583
344 369 -1 -1 30.183193
344 361 369 -1 31.343185
293 322 -1 -1 31.445433
317 322 -1 -1 14.772283
293 317 322 -1 33.804647
322 342 -1 -1 28.327178
317 322 342 -1 28.464935
280 315 -1 -1 40.946649
279 280 -1 -1 27.831226
279 315 -1 -1 42.306480
279 280 315 -1 44.208635
253 255 -1 -1 18.887030
240 253 -1 -1 12.615530
240 255 -1 -1 17.517743
240 253 255 -1 19.492471
237 255 -1 -1 13.786534
237 240 -1 -1 12.166783
237 240 255 -1 17.594134
202 237 -1 -1 31.994041
219 237 -1 -1 27.974424
202 219 237 -1 35.547040
202 237 240 -1 32.322676
254 284 -1 -1 30.663205
258 284 -1 -1 20.089433
254 258 284 -1 32.109576
260 284 -1 -1 22.786511
258 260 -1 -1 21.909875
258 260 284 -1 25.031836
284 294 -1 -1 19.507957
260 284 294 -1 32.600220
309 318 -1 -1 23.900286
309 332 -1 -1 24.953139
309 318 332 -1 26.934056
294 309 -1 -1 13.805367
294 309 318 -1 25.463464
284 309 -1 -1 22.550891
284 294 309 -1 22.704782
244 266 -1 -1 13.309827
249 266 -1 -1 13.797246
244 249 266 -1 16.037140
266 293 -1 -1 25.874541
266 277 -1 -1 24.852201
266 277 293 -1 32.628385
244 266 277 -1 24.957163
191 204 -1 -1 17.157280
191 192 -1 -1 27.433882
191 192 204 -1 27.596604
191 212 -1 -1 30.515579
191 204 212 -1 31.469486
185 191 -1 -1 25.097410
185 191 212 -1 35.638649
188 191 -1 -1 12.517077
185 188 -1 -1 16.427178
185 188 191 -1 28.874533
234 243 -1 -1 17.365577
212 243 -1 -1 33.854962
212 234 243 -1 36.578422
232 243 -1 -1 20.877796
212 232 243 -1 35.688001
243 258 -1 -1 15.091253
234 243 258 -1 24.825223
243 260 -1 -1 23.979040
243 258 260 -1 24.477641
232 243 260 -1 29.095755
152 166 -1 -1 32.395062
163 166 -1 -1 28.921286
152 163 166 -1 32.429005
145 166 -1 -1 21.575819
145 152 -1 -1 27.867110
145 152 166 -1 32.818975
166 185 -1 -1 23.822654
166 188 -1 -1 29.378989
166 185 188 -1 29.394906
166 171 -1 -1 24.836991
166 171 185 -1 27.895803
94 102 -1 -1 24.549945
89 94 -1 -1 24.003916
168 203 -1 -1 36.684761
168 177 -1 -1 30.635054
168 177 203 -1 37.684627
93 103 -1 -1 35.409550
93 112 -1 -1 26.109744
103 112 -1 -1 23.816392
93 103 112 -1 35.409824
156 182 -1 -1 27.549258
187 205 -1 -1 24.003015
187 209 -1 -1 38.157323
205 209 -1 -1 34.460917
187 205 209 -1 38.835060
187 202 -1 -1 43.465509
160 187 -1 -1 31.655675
160 187 202 -1 50.027580
187 202 209 -1 43.468150
153 187 -1 -1 32.243833
153 160 187 -1 36.735235
187 195 -1 -1 33.249632
195 205 -1 -1 23.851580
187 195 205 -1 33.269439
174 187 -1 -1 36.823373
153 174 187 -1 39.144294
174 195 -1 -1 18.320340
174 187 195 -1 36.913778
256 280 -1 -1 24.309501
256 279 -1 -1 18.321227
256 279 280 -1 28.245729
256 262 -1 -1 15.095042
256 262 279 -1 20.489849
246 280 -1 -1 35.885597
246 256 -1 -1 24.399204
246 256 280 -1 36.017690
180 199 -1 -1 21.617143
177 180 -1 -1 21.647677
177 180 199 -1 30.141576
157 180 -1 -1 22.520284
157 177 -1 -1 32.415313
157 177 180 -1 32.511555
174 180 -1 -1 22.421702
157 174 180 -1 29.339200
180 195 -1 -1 27.001044
174 180 195 -1 27.243275
195 199 -1 -1 22.964887
180 195 199 -1 28.022541
167 172 -1 -1 34.872948
163 172 -1 -1 12.740966
163 167 172 -1 38.087269
166 172 -1 -1 25.754475
163 166 172 -1 28.925214
172 188 -1 -1 22.014139
166 172 188 -1 30.351856
172 192 -1 -1 40.396693
167 172 192 -1 40.730933
172 191 -1 -1 31.335444
172 191 192 -1 40.468864
172 188 191 -1 39.859922
109 117 -1 -1 17.661830
109 136 -1 -1 32.520421
109 117 136 -1 32.815560
109 139 -1 -1 35.796645
109 136 139 -1 41.895865
102 139 -1 -1 30.101483
102 109 -1 -1 16.643209
102 109 139 -1 35.970184
94 109 -1 -1 25.186021
94 102 109 -1 26.404326
89 109 -1 -1 31.497690
89 109 117 -1 31.951013
89 94 109 -1 32.024529
182 198 -1 -1 28.945732
179 182 -1 -1 25.754965
179 198 -1 -1 29.277760
179 182 198 -1 32.461847
349 351 -1 -1 24.306753
351 392 -1 -1 31.413064
349 351 392 -1 35.262506
351 359 -1 -1 16.709579
351 359 392 -1 39.756613
332 351 -1 -1 32.755200
332 349 -1 -1 42.883666
332 349 351 -1 43.145881
332 351 359 -1 36.099694
367 383 -1 -1 28.274882
359 367 -1 -1 18.583239
367 369 -1 -1 37.943892
367 369 383 -1 38.018481
342 367 -1 -1 32.219586
342 359 367 -1 32.526728
333 360 -1 -1 29.868044
360 366 -1 -1 22.681752
333 360 366 -1 30.938760
360 377 -1 -1 13.386345
360 366 377 -1 23.742435
360 364 -1 -1 14.904883
364 377 -1 -1 19.188180
360 364 377 -1 19.254790
315 360 -1 -1 31.082340
315 333 -1 -1 18.502999
315 333 360 -1 32.041001
340 360 -1 -1 25.279991
340 360 364 -1 25.282104
315 340 -1 -1 26.748869
315 340 360 -1 32.449807
377 380 -1 -1 15.480069
380 389 -1 -1 19.544487
377 380 389 -1 19.805616
364 380 -1 -1 15.456725
364 377 380 -1 19.719700
361 380 -1 -1 24.473922
361 364 380 -1 24.477151
380 381 -1 -1 21.728354
361 380 381 -1 25.281555
312 322 -1 -1 21.173332
293 312 -1 -1 20.134957
293 312 322 -1 31.847684
311 312 -1 -1 19.826177
274 312 -1 -1 34.993267
274 311 312 -1 37.354640
274 293 -1 -1 27.621029
274 293 312 -1 35.038005
322 350 -1 -1 24.346654
342 350 -1 -1 19.848673
322 342 350 -1 28.856683
350 367 -1 -1 27.404130
350 369 -1 -1 31.246900
350 367 369 -1 38.490581
342 350 367 -1 32.376144
285 319 -1 -1 20.629525
279 319 -1 -1 34.679002
279 285 319 -1 38.448291
315 319 -1 -1 24.656228
279 315 319 -1 42.309587
319 340 -1 -1 21.582409
315 319 340 -1 28.406357
311 319 -1 -1 25.693834
285 311 319 -1 31.879739
311 319 340 -1 31.576226
253 269 -1 -1 16.802312
263 269 -1 -1 12.418114
253 263 -1 -1 14.819164
253 263 269 -1 17.346918
255 269 -1 -1 18.016848
253 255 269 -1 20.740946
255 274 -1 -1 22.294991
269 274 -1 -1 15.032295
255 269 274 -1 22.404582
269 285 -1 -1 28.532958
269 274 285 -1 30.002851
263 269 285 -1 28.882426
242 262 -1 -1 15.135577
242 263 -1 -1 23.470310
242 262 263 -1 23.475178
242 253 -1 -1 22.988953
242 253 263 -1 24.520229
223 242 -1 -1 28.836200
242 246 -1 -1 33.906648
223 242 246 -1 34.633039
242 256 -1 -1 25.905748
242 246 256 -1 34.052224
242 256 262 -1 29.326153
237 247 -1 -1 13.997816
247 255 -1 -1 16.268356
237 247 255 -1 17.137402
247 249 -1 -1 9.948789
219 247 -1 -1 25.122086
219 247 249 -1 27.248844
219 237 247 -1 28.030562
307 349 -1 -1 38.788896
307 332 -1 -1 45.574512
307 332 349 -1 49.286004
307 309 -1 -1 32.184654
307 309 332 -1 47.205163
97 98 -1 -1 13.260166
97 118 -1 -1 19.726731
97 98 118 -1 19.787784
97 123 -1 -1 24.328968
97 118 123 -1 24.336597
95 97 -1 -1 14.906736
95 123 -1 -1 26.052993
95 97 123 -1 26.518800
124 156 -1 -1 31.524537
93 116 -1 -1 26.023484
116 127 -1 -1 18.286221
112 127 -1 -1 19.505523
112 116 -1 -1 22.246454
112 116 127 -1 23.385767
93 112 116 -1 28.822698
159 168 -1 -1 33.484968
168 179 -1 -1 22.121050
159 179 -1 -1 23.465236
159 168 179 -1 33.588083
159 182 -1 -1 30.474269
159 179 182 -1 31.360115
156 159 -1 -1 24.831632
156 159 182 -1 32.242706
150 168 -1 -1 45.410988
150 177 -1 -1 29.347110
150 168 177 -1 45.902383
150 157 -1 -1 21.956266
150 157 177 -1 33.284463
142 150 -1 -1 36.146462
142 150 157 -1 36.974326
127 150 -1 -1 40.671748
127 142 150 -1 41.145226
121 156 -1 -1 33.713324
121 124 -1 -1 22.988873
121 124 156 -1 34.974334
103 105 -1 -1 26.188893
103 125 -1 -1 35.327883
105 125 -1 -1 30.616166
103 105 125 -1 36.336177
105 110 -1 -1 21.551171
195 211 -1 -1 22.314289
199 211 -1 -1 20.603979
195 199 211 -1 25.431763
205 211 -1 -1 25.797945
195 205 211 -1 27.853013
205 223 -1 -1 25.334274
211 223 -1 -1 24.109545
205 211 223 -1 28.994142
211 226 -1 -1 19.280322
211 223 226 -1 25.107771
386 391 -1 -1 35.566543
315 316 -1 -1 27.980590
280 316 -1 -1 28.709741
280 315 316 -1 40.984975
296 316 -1 -1 19.044787
280 296 -1 -1 20.295043
280 296 316 -1 28.769158
316 333 -1 -1 22.109092
315 316 333 -1 28.029393
199 217 -1 -1 32.138121
203 217 -1 -1 24.771793
199 203 217 -1 32.926091
211 217 -1 -1 31.627357
217 226 -1 -1 23.275423
211 217 226 -1 31.776357
199 211 217 -1 33.698144
168 216 -1 -1 47.437034
179 216 -1 -1 44.739416
168 179 216 -1 47.791666
198 216 -1 -1 30.735528
179 198 216 -1 45.017564
301 316 -1 -1 29.054619
296 301 -1 -1 15.152410
296 301 316 -1 32.291891
338 350 -1 -1 21.391759
322 338 -1 -1 19.610335
322 338 350 -1 25.499431
312 338 -1 -1 26.670456
312 322 338 -1 26.960883
338 344 -1 -1 19.693791
338 369 -1 -1 29.847222
338 344 369 -1 31.777332
338 350 369 -1 32.664387
311 338 -1 -1 31.456792
311 338 344 -1 31.458944
311 312 338 -1 31.643986
218 242 -1 -1 22.738775
218 223 -1 -1 20.260581
218 223 242 -1 28.994055
205 218 -1 -1 22.909725
205 218 223 -1 26.704244
209 218 -1 -1 20.027158
205 209 218 -1 35.952988
241 253 -1 -1 13.097194
240 241 -1 -1 12.998556
240 241 253 -1 14.905597
241 242 -1 -1 19.088580
241 242 253 -1 22.991484
209 241 -1 -1 19.937530
209 240 241 -1 26.382936
218 241 -1 -1 25.035148
209 218 241 -1 25.635637
218 241 242 -1 26.187345
247 276 -1 -1 26.177460
255 276 -1 -1 25.408930
247 255 276 -1 27.204494
274 276 -1 -1 20.617253
255 274 276 -1 26.642753
266 276 -1 -1 12.689032
249 276 -1 -1 22.822820
249 266 276 -1 26.082809
247 249 276 -1 26.453221
276 293 -1 -1 17.210907
274 276 293 -1 27.668685
266 276 293 -1 29.605708
287 307 -1 -1 23.687815
287 309 -1 -1 11.434736
287 307 309 -1 41.661429
284 287 -1 -1 22.386245
284 287 309 -1 23.235434
99 110 -1 -1 31.577896
111 139 -1 -1 31.641950
102 111 -1 -1 15.466037
102 111 139 -1 32.027749
111 116 -1 -1 13.673807
111 127 -1 -1 27.899822
111 127 139 -1 35.540265
111 116 127 -1 32.525126
132 159 -1 -1 48.778368
132 168 -1 -1 52.520598
132 159 168 -1 53.930870
132 150 -1 -1 20.058449
132 150 168 -1 53.217777
125 159 -1 -1 38.772375
125 132 -1 -1 23.805644
125 132 159 -1 49.477926
103 132 -1 -1 33.630441
103 125 132 -1 36.809134
112 132 -1 -1 37.153973
103 112 132 -1 37.907484
127 132 -1 -1 42.345900
112 127 132 -1 42.356413
127 132 150 -1 42.908526
122 159 -1 -1 38.587575
122 156 -1 -1 38.201807
122 156 159 -1 40.578582
121 122 -1 -1 15.007882
121 122 156 -1 38.380569
122 125 -1 -1 19.355435
122 125 159 -1 39.952228
110 121 -1 -1 25.465315
110 122 -1 -1 25.920661
110 121 122 -1 26.874549
105 122 -1 -1 31.149237
105 122 125 -1 32.530654
105 110 122 -1 31.499115
370 386 -1 -1 26.111134
366 370 -1 -1 26.861081
366 370 386 -1 28.865022
370 391 -1 -1 20.631734
370 386 391 -1 35.952845
348 370 -1 -1 26.881506
348 366 370 -1 29.121726
217 250 -1 -1 37.026085
248 250 -1 -1 36.317761
217 248 -1 -1 42.970173
217 248 250 -1 45.253396
226 250 -1 -1 34.502518
246 250 -1 -1 24.111306
226 246 250 -1 34.689444
217 226 250 -1 37.999684
250 280 -1 -1 33.054241
246 250 280 -1 36.987453
250 296 -1 -1 35.202381
250 280 296 -1 35.911257
210 217 -1 -1 32.193213
210 248 -1 -1 37.570994
210 217 248 -1 44.363707
210 252 -1 -1 44.295195
248 252 -1 -1 29.240514
210 248 252 -1 44.726857
216 252 -1 -1 36.873227
210 216 -1 -1 25.899256
210 216 252 -1 44.323578
203 210 -1 -1 26.993555
203 210 217 -1 33.069881
168 210 -1 -1 43.598804
168 203 210 -1 43.767204
168 210 216 -1 47.924709
290 301 -1 -1 20.877402
301 323 -1 -1 21.257893
290 323 -1 -1 24.033156
290 301 323 -1 25.650195
216 229 -1 -1 41.636739
198 229 -1 -1 42.119447
198 216 229 -1 45.022888
389 393 -1 -1 20.993415
380 393 -1 -1 11.587346
380 389 393 -1 21.291536
381 393 -1 -1 18.424359
380 381 393 -1 21.728507
113 134 -1 -1 18.011071
95 134 -1 -1 37.213101
95 113 -1 -1 26.111233
95 113 134 -1 40.652130
91 113 -1 -1 24.873264
91 95 -1 -1 25.519395
91 95 113 -1 29.463701
91 97 -1 -1 36.435118
91 95 97 -1 45.408744
353 370 -1 -1 33.217051
348 353 -1 -1 33.421888
348 353 370 -1 36.414320
275 290 -1 -1 23.761368
275 301 -1 -1 18.280039
275 290 301 -1 24.671674
275 296 -1 -1 24.761686
275 296 301 -1 24.860671
250 275 -1 -1 21.073314
250 275 296 -1 35.750099
248 275 -1 -1 30.213474
248 250 275 -1 36.333907
248 290 -1 -1 33.729396
248 275 290 -1 34.715467
252 289 -1 -1 37.495723
248 289 -1 -1 40.493948
248 252 289 -1 42.223564
289 290 -1 -1 23.391005
248 289 290 -1 40.510463
229 239 -1 -1 21.483243
216 239 -1 -1 32.871718
216 229 239 -1 42.024975
239 252 -1 -1 23.237964
252 264 -1 -1 17.012003
239 264 -1 -1 14.558654
239 252 264 -1 23.308991
216 239 252 -1 37.423044
134 147 -1 -1 22.305630
145 147 -1 -1 13.064449
134 145 -1 -1 29.269313
134 145 147 -1 30.931254
147 162 -1 -1 21.186974
147 166 -1 -1 27.055104
145 147 166 -1 27.454265
147 171 -1 -1 34.814079
147 166 171 -1 34.995946
162 171 -1 -1 28.538715
147 162 171 -1 34.845478
134 137 -1 -1 31.132748
137 145 -1 -1 12.797388
134 137 145 -1 31.205766
137 152 -1 -1 21.349849
137 138 -1 -1 13.868941
137 138 152 -1 21.869418
137 145 152 -1 29.093566
123 137 -1 -1 24.499388
123 137 138 -1 35.305187
95 137 -1 -1 40.322180
95 123 137 -1 41.898860
95 134 137 -1 42.474142
329 353 -1 -1 28.063214
329 348 -1 -1 21.603384
329 348 353 -1 33.638011
329 333 -1 -1 29.136505
329 333 348 -1 29.137432
316 329 -1 -1 23.030029
316 329 333 -1 29.552470
301 329 -1 -1 31.352686
323 329 -1 -1 20.411238
301 323 329 -1 31.629084
301 316 329 -1 32.787546
289 327 -1 -1 27.112276
327 331 -1 -1 18.633806
289 331 -1 -1 28.360314
289 327 331 -1 29.498696
290 327 -1 -1 29.863651
323 327 -1 -1 22.399474
290 323 327 -1 30.327030
289 290 327 -1 31.387258
370 371 -1 -1 31.689071
371 391 -1 -1 28.787013
370 371 391 -1 32.416099
353 371 -1 -1 22.406469
353 370 371 -1 34.640298
371 374 -1 -1 20.523938
239 282 -1 -1 28.316012
264 282 -1 -1 18.148903
239 264 282 -1 32.543434
283 289 -1 -1 25.828536
252 283 -1 -1 20.978997
252 283 289 -1 39.006627
264 283 -1 -1 17.030145
252 264 283 -1 21.613006
282 283 -1 -1 20.175658
264 282 283 -1 21.483027
283 299 -1 -1 15.474329
282 299 -1 -1 17.155954
282 283 299 -1 20.776088
329 341 -1 -1 15.948915
323 341 -1 -1 16.422579
323 329 341 -1 20.854669
341 353 -1 -1 16.068143
329 341 353 -1 33.254853
327 341 -1 -1 24.889589
323 327 341 -1 25.438018
327 353 -1 -1 31.377868
327 341 353 -1 31.661880
374 388 -1 -1 29.662097
347 371 -1 -1 35.393424
347 374 -1 -1 36.199949
347 371 374 -1 37.389097
347 353 -1 -1 32.317265
347 353 371 -1 36.144815
327 347 -1 -1 25.670150
331 347 -1 -1 18.645172
327 331 347 -1 25.704487
327 347 353 -1 34.814494
379 388 -1 -1 9.190280
374 379 -1 -1 33.803785
374 379 388 -1 35.772978
363 379 -1 -1 27.353183
363 368 -1 -1 23.343376
368 379 -1 -1 9.500651
363 368 379 -1 28.286882
335 347 -1 -1 28.488531
331 335 -1 -1 21.687225
331 335 347 -1 28.489418
347 358 -1 -1 18.305874
358 374 -1 -1 36.968389
347 358 374 -1 37.815032
358 379 -1 -1 20.410129
358 374 379 -1 37.333873
358 368 -1 -1 13.392498
358 368 379 -1 24.999823
335 358 -1 -1 21.881061
335 368 -1 -1 29.260812
335 358 368 -1 31.089783
335 347 358 -1 28.488648
334 363 -1 -1 26.786775
334 368 -1 -1 35.349584
334 363 368 -1 35.351451
334 335 -1 -1 20.772073
334 335 368 -1 35.366942
282 302 -1 -1 15.217738
299 302 -1 -1 15.764141
282 299 302 -1 18.607174
313 334 -1 -1 20.652885
302 313 -1 -1 15.006646
313 335 -1 -1 27.908293
313 334 335 -1 28.027797
299 313 -1 -1 22.855488
299 302 313 -1 22.977360
304 313 -1 -1 24.404317
299 304 -1 -1 14.002519
299 304 313 -1 24.866814
304 335 -1 -1 25.629488
304 313 335 -1 30.152461
304 331 -1 -1 25.267390
304 331 335 -1 28.132407
289 304 -1 -1 23.243302
289 304 331 -1 29.920872
283 304 -1 -1 24.047031
283 289 304 -1 28.232665
283 299 304 -1 25.468102
89 -1 -1 -1 0.000000
91 -1 -1 -1 0.000000
93 -1 -1 -1 0.000000
94 -1 -1 -1 0.000000
95 -1 -1 -1 0.000000
97 -1 -1 -1 0.000000
98 -1 -1 -1 0.000000
99 -1 -1 -1 0.000000
102 -1 -1 -1 0.000000
103 -1 -1 -1 0.000000
105 -1 -1 -1 0.000000
106 -1 -1 -1 0.000000
107 -1 -1 -1 0.000000
109 -1 -1 -1 0.000000
110 -1 -1 -1 0.000000
111 -1 -1 -1 0.000000
112 -1 -1 -1 0.000000
113 -1 -1 -1 0.000000
116 -1 -1 -1 0.000000
117 -1 -1 -1 0.000000
118 -1 -1 -1 0.000000
121 -1 -1 -1 0.000000
122 -1 -1 -1 0.000000
123 -1 -1 -1 0.000000
124 -1 -1 -1 0.000000
125 -1 -1 -1 0.000000
127 -1 -1 -1 0.000000
128 -1 -1 -1 0.000000
130 -1 -1 -1 0.000000
131 -1 -1 -1 0.000000
132 -1 -1 -1 0.000000
133 -1 -1 -1 0.000000
134 -1 -1 -1 0.000000
136 -1 -1 -1 0.000000
137 -1 -1 -1 0.000000
138 -1 -1 -1 0.000000
139 -1 -1 -1 0.000000
142 -1 -1 -1 0.000000
145 -1 -1 -1 0.000000
147 -1 -1 -1 0.000000
150 -1 -1 -1 0.000000
152 -1 -1 -1 0.000000
153 -1 -1 -1 0.000000
156 -1 -1 -1 0.000000
157 -1 -1 -1 0.000000
158 -1 -1 -1 0.000000
159 -1 -1 -1 0.000000
160 -1 -1 -1 0.000000
162 -1 -1 -1 0.000000
163 -1 -1 -1 0.000000
166 -1 -1 -1 0.000000
167 -1 -1 -1 0.000000
168 -1 -1 -1 0.000000
171 -1 -1 -1 0.000000
172 -1 -1 -1 0.000000
174 -1 -1 -1 0.000000
177 -1 -1 -1 0.000000
179 -1 -1 -1 0.000000
180 -1 -1 -1 0.000000
182 -1 -1 -1 0.000000
185 -1 -1 -1 0.000000
187 -1 -1 -1 0.000000
188 -1 -1 -1 0.000000
191 -1 -1 -1 0.000000
192 -1 -1 -1 0.000000
195 -1 -1 -1 0.000000
198 -1 -1 -1 0.000000
199 -1 -1 -1 0.000000
202 -1 -1 -1 0.000000
203 -1 -1 -1 0.000000
204 -1 -1 -1 0.000000
205 -1 -1 -1 0.000000
206 -1 -1 -1 0.000000
209 -1 -1 -1 0.000000
210 -1 -1 -1 0.000000
211 -1 -1 -1 0.000000
212 -1 -1 -1 0.000000
216 -1 -1 -1 0.000000
217 -1 -1 -1 0.000000
218 -1 -1 -1 0.000000
219 -1 -1 -1 0.000000
221 -1 -1 -1 0.000000
223 -1 -1 -1 0.000000
226 -1 -1 -1 0.000000
229 -1 -1 -1 0.000000
232 -1 -1 -1 0.000000
234 -1 -1 -1 0.000000
236 -1 -1 -1 0.000000
237 -1 -1 -1 0.000000
239 -1 -1 -1 0.000000
240 -1 -1 -1 0.000000
241 -1 -1 -1 0.000000
242 -1 -1 -1 0.000000
243 -1 -1 -1 0.000000
244 -1 -1 -1 0.000000
246 -1 -1 -1 0.000000
247 -1 -1 -1 0.000000
248 -1 -1 -1 0.000000
249 -1 -1 -1 0.000000
250 -1 -1 -1 0.000000
252 -1 -1 -1 0.000000
253 -1 -1 -1 0.000000
254 -1 -1 -1 0.000000
255 -1 -1 -1 0.000000
256 -1 -1 -1 0.000000
258 -1 -1 -1 0.000000
260 -1 -1 -1 0.000000
262 -1 -1 -1 0.000000
263 -1 -1 -1 0.000000
264 -1 -1 -1 0.000000
266 -1 -1 -1 0.000000
269 -1 -1 -1 0.000000
274 -1 -1 -1 0.000000
275 -1 -1 -1 0.000000
276 -1 -1 -1 0.000000
277 -1 -1 -1 0.000000
279 -1 -1 -1 0.000000
280 -1 -1 -1 0.000000
282 -1 -1 -1 0.000000
283 -1 -1 -1 0.000000
284 -1 -1 -1 0.000000
285 -1 -1 -1 0.000000
287 -1 -1 -1 0.000000
289 -1 -1 -1 0.000000
290 -1 -1 -1 0.000000
293 -1 -1 -1 0.000000
294 -1 -1 -1 0.000000
296 -1 -1 -1 0.000000
297 -1 -1 -1 0.000000
299 -1 -1 -1 0.000000
301 -1 -1 -1 0.000000
302 -1 -1 -1 0.000000
304 -1 -1 -1 0.000000
307 -1 -1 -1 0.000000
309 -1 -1 -1 0.000000
311 -1 -1 -1 0.000000
312 -1 -1 -1 0.000000
313 -1 -1 -1 0.000000
315 -1 -1 -1 0.000000
316 -1 -1 -1 0.000000
317 -1 -1 -1 0.000000
318 -1 -1 -1 0.000000
319 -1 -1 -1 0.000000
322 -1 -1 -1 0.000000
323 -1 -1 -1 0.000000
327 -1 -1 -1 0.000000
329 -1 -1 -1 0.000000
331 -1 -1 -1 0.000000
332 -1 -1 -1 0.000000
333 -1 -1 -1 0.000000
334 -1 -1 -1 0.000000
335 -1 -1 -1 0.000000
338 -1 -1 -1 0.000000
340 -1 -1 -1 0.000000
341 -1 -1 -1 0.000000
342 -1 -1 -1 0.000000
344 -1 -1 -1 0.000000
347 -1 -1 -1 0.000000
348 -1 -1 -1 0.000000
349 -1 -1 -1 0.000000
350 -1 -1 -1 0.000000
351 -1 -1 -1 0.000000
353 -1 -1 -1 0.000000
358 -1 -1 -1 0.000000
359 -1 -1 -1 0.000000
360 -1 -1 -1 0.000000
361 -1 -1 -1 0.000000
363 -1 -1 -1 0.000000
364 -1 -1 -1 0.000000
366 -1 -1 -1 0.000000
367 -1 -1 -1 0.000000
368 -1 -1 -1 0.000000
369 -1 -1 -1 0.000000
370 -1 -1 -1 0.000000
371 -1 -1 -1 0.000000
374 -1 -1 -1 0.000000
377 -1 -1 -1 0.000000
379 -1 -1 -1 0.000000
380 -1 -1 -1 0.000000
381 -1 -1 -1 0.000000
383 -1 -1 -1 0.000000
386 -1 -1 -1 0.000000
388 -1 -1 -1 0.000000
389 -1 -1 -1 0.000000
391 -1 -1 -1 0.000000
392 -1 -1 -1 0.000000
393 -1 -1 -1 0.000000
