178 182 -1 -1 28.333570
182 217 -1 -1 28.287820
178 217 -1 -1 40.865377
178 182 217 -1 40.901106
399 403 -1 -1 34.012788
103 130 -1 -1 37.580498
109 130 -1 -1 24.312608
103 109 -1 -1 26.241254
103 109 130 -1 37.785039
178 220 -1 -1 38.414719
217 220 -1 -1 28.147118
178 217 220 -1 42.523384
253 278 -1 -1 24.901103
278 282 -1 -1 28.116679
253 282 -1 -1 27.621494
253 278 282 -1 31.154243
220 225 -1 -1 23.779800
220 247 -1 -1 29.504685
225 247 -1 -1 28.306154
220 225 247 -1 31.739231
225 255 -1 -1 17.835804
247 255 -1 -1 20.591543
225 247 255 -1 28.398258
89 98 -1 -1 53.953240
98 118 -1 -1 53.752134
89 118 -1 -1 39.822854
89 98 118 -1 57.960515
366 395 -1 -1 19.329066
375 395 -1 -1 24.425689
366 375 -1 -1 29.393007
366 375 395 -1 29.580972
395 399 -1 -1 17.800094
220 240 -1 -1 29.482447
217 240 -1 -1 28.307058
217 220 240 -1 33.099507
240 247 -1 -1 28.429865
220 240 247 -1 33.661188
271 280 -1 -1 21.871770
271 308 -1 -1 39.046609
280 308 -1 -1 35.940804
271 280 308 -1 39.531458
245 280 -1 -1 37.154254
245 271 -1 -1 31.144871
245 271 280 -1 37.200537
280 315 -1 -1 33.187546
308 315 -1 -1 40.401671
280 308 315 -1 42.627947
158 194 -1 -1 22.664912
278 294 -1 -1 21.863123
273 278 -1 -1 20.609876
273 294 -1 -1 35.087448
273 278 294 -1 37.677594
282 294 -1 -1 20.362452
278 282 294 -1 28.303300
294 317 -1 -1 24.144682
282 317 -1 -1 33.214025
282 294 317 -1 33.407149
263 278 -1 -1 33.108639
263 273 -1 -1 22.949005
263 273 278 -1 33.503251
255 263 -1 -1 13.501731
247 263 -1 -1 23.945183
247 255 263 -1 23.987302
253 259 -1 -1 26.622479
259 282 -1 -1 30.691231
253 259 282 -1 32.899648
225 244 -1 -1 31.116116
244 255 -1 -1 28.279211
225 244 255 -1 31.464113
244 263 -1 -1 32.850669
244 255 263 -1 33.119817
244 278 -1 -1 34.283008
244 253 -1 -1 21.482128
244 253 278 -1 34.415475
244 263 278 -1 38.604246
220 221 -1 -1 29.447560
178 221 -1 -1 39.626965
178 220 221 -1 42.161144
221 225 -1 -1 17.517679
220 221 225 -1 29.448132
85 103 -1 -1 24.882139
85 109 -1 -1 29.536706
85 103 109 -1 31.328541
120 137 -1 -1 25.627618
137 144 -1 -1 41.437144
120 144 -1 -1 35.790794
120 137 144 -1 41.740370
120 130 -1 -1 38.454481
130 144 -1 -1 17.965353
120 130 144 -1 38.637404
103 120 -1 -1 24.104436
103 120 130 -1 40.106170
89 96 -1 -1 36.111999
89 122 -1 -1 40.917589
118 122 -1 -1 30.814308
89 118 122 -1 43.695695
162 182 -1 -1 32.025861
162 178 -1 -1 47.013781
162 178 182 -1 48.090332
162 185 -1 -1 23.615137
182 185 -1 -1 15.716912
162 182 185 -1 33.546495
162 166 -1 -1 47.687105
166 178 -1 -1 26.163805
162 166 178 -1 49.281903
133 166 -1 -1 43.750132
133 162 -1 -1 23.575762
133 162 166 -1 47.903441
182 186 -1 -1 28.289461
186 217 -1 -1 42.219619
182 186 217 -1 42.495274
185 186 -1 -1 15.366055
182 185 186 -1 37.508162
347 372 -1 -1 25.336297
341 347 -1 -1 20.585919
341 372 -1 -1 22.431059
341 347 372 -1 26.636405
347 403 -1 -1 35.695110
347 399 -1 -1 45.616247
347 399 403 -1 46.098108
347 395 -1 -1 45.270581
347 395 399 -1 46.348918
276 298 -1 -1 34.659235
276 277 -1 -1 23.867349
277 298 -1 -1 39.566583
276 277 298 -1 39.875074
248 276 -1 -1 25.145750
248 277 -1 -1 27.786473
248 276 277 -1 29.760418
298 332 -1 -1 27.067580
298 341 -1 -1 41.248496
332 341 -1 -1 38.835459
298 332 341 -1 42.677111
284 315 -1 -1 22.853064
280 284 -1 -1 27.211353
280 284 315 -1 33.470245
315 323 -1 -1 27.181798
308 323 -1 -1 24.391685
308 315 323 -1 41.465891
323 327 -1 -1 26.415748
323 350 -1 -1 21.451504
327 350 -1 -1 28.144667
323 327 350 -1 29.736570
315 327 -1 -1 16.589678
315 323 327 -1 28.207106
392 396 -1 -1 17.108915
369 396 -1 -1 14.710789
369 392 -1 -1 22.491297
369 392 396 -1 22.491770
398 403 -1 -1 29.434497
347 398 -1 -1 37.300394
347 398 403 -1 39.924219
372 398 -1 -1 24.053818
347 372 398 -1 37.672124
158 189 -1 -1 21.711454
189 194 -1 -1 15.771598
158 189 194 -1 23.770500
98 124 -1 -1 29.828976
118 124 -1 -1 41.454297
98 118 124 -1 54.102674
124 134 -1 -1 24.557860
118 134 -1 -1 36.480136
118 124 134 -1 41.757224
312 330 -1 -1 19.286399
330 344 -1 -1 16.660735
312 344 -1 -1 31.022515
312 330 344 -1 35.514940
330 332 -1 -1 28.556845
332 344 -1 -1 23.200283
330 332 344 -1 28.556848
312 349 -1 -1 27.098637
333 349 -1 -1 26.807060
312 333 -1 -1 33.863031
312 333 349 -1 34.641372
349 366 -1 -1 39.480275
349 375 -1 -1 33.190062
349 366 375 -1 40.367593
344 349 -1 -1 38.822836
344 366 -1 -1 17.920607
344 349 366 -1 40.243269
312 344 349 -1 39.071848
285 317 -1 -1 36.697118
282 285 -1 -1 23.474864
282 285 317 -1 37.432412
317 319 -1 -1 20.063478
285 319 -1 -1 39.139655
285 317 319 -1 39.572938
312 313 -1 -1 25.994990
313 333 -1 -1 18.513348
312 313 333 -1 34.167565
313 317 -1 -1 29.072042
317 333 -1 -1 26.822336
313 317 333 -1 29.791881
294 313 -1 -1 25.531388
294 313 317 -1 30.642513
273 313 -1 -1 37.945453
273 312 -1 -1 43.113020
273 312 313 -1 43.483183
273 294 313 -1 39.162122
130 154 -1 -1 36.430949
144 154 -1 -1 30.105987
130 144 154 -1 36.581658
154 197 -1 -1 39.008607
154 177 -1 -1 30.101873
177 197 -1 -1 41.976060
154 177 197 -1 43.772010
229 233 -1 -1 36.021710
229 259 -1 -1 26.308038
233 259 -1 -1 41.130786
229 233 259 -1 41.648578
229 253 -1 -1 42.456077
229 253 259 -1 44.316942
197 229 -1 -1 48.249987
197 233 -1 -1 51.986040
197 229 233 -1 53.921995
224 229 -1 -1 41.408793
204 229 -1 -1 28.502966
204 224 -1 -1 35.553270
204 224 229 -1 42.084644
224 244 -1 -1 22.029739
224 225 -1 -1 35.014201
224 225 244 -1 35.506604
221 224 -1 -1 28.237632
221 224 225 -1 35.282446
224 253 -1 -1 36.813034
224 244 253 -1 40.807502
224 229 253 -1 46.680562
285 320 -1 -1 32.033806
319 320 -1 -1 19.605328
285 319 320 -1 39.323691
319 345 -1 -1 23.051616
320 345 -1 -1 21.350342
319 320 345 -1 24.800846
88 109 -1 -1 23.937302
85 88 -1 -1 16.087213
85 88 109 -1 29.577881
114 122 -1 -1 18.596034
122 133 -1 -1 29.753282
114 133 -1 -1 34.266134
114 122 133 -1 34.311527
89 114 -1 -1 41.561130
96 114 -1 -1 17.730684
89 96 114 -1 41.712156
89 114 122 -1 42.352072
122 143 -1 -1 28.472614
133 143 -1 -1 27.636842
122 133 143 -1 33.095855
143 162 -1 -1 16.589479
133 143 162 -1 27.739495
118 143 -1 -1 34.783091
118 122 143 -1 36.631406
103 105 -1 -1 24.454221
105 120 -1 -1 27.104601
103 105 120 -1 29.263061
138 166 -1 -1 28.680941
133 138 -1 -1 30.174887
133 138 166 -1 43.991192
157 171 -1 -1 22.159086
134 171 -1 -1 30.308598
134 157 -1 -1 23.655245
134 157 171 -1 30.551686
141 157 -1 -1 19.221296
141 174 -1 -1 29.202055
157 174 -1 -1 21.502803
141 157 174 -1 29.211422
171 174 -1 -1 18.159340
157 171 174 -1 24.015969
169 172 -1 -1 21.160489
165 172 -1 -1 18.463364
165 169 -1 -1 17.577220
165 169 172 -1 22.267283
134 169 -1 -1 34.262261
134 165 -1 -1 28.312145
134 165 169 -1 34.331910
169 171 -1 -1 20.660212
134 169 171 -1 34.588312
359 361 -1 -1 30.972062
359 381 -1 -1 22.676541
361 381 -1 -1 32.146265
359 361 381 -1 33.850713
304 359 -1 -1 35.303272
304 361 -1 -1 41.896676
304 359 361 -1 42.814009
271 303 -1 -1 48.257968
303 308 -1 -1 28.024033
271 303 308 -1 48.259757
303 304 -1 -1 21.982010
303 361 -1 -1 40.524004
303 304 361 -1 42.830882
319 360 -1 -1 35.392197
345 360 -1 -1 28.562341
319 345 360 -1 35.483836
188 209 -1 -1 31.027199
209 214 -1 -1 37.184977
188 214 -1 -1 36.686997
188 209 214 -1 40.703397
209 223 -1 -1 16.710426
214 223 -1 -1 33.286714
209 214 223 -1 37.185284
209 222 -1 -1 20.808749
222 223 -1 -1 15.082874
209 222 223 -1 21.034957
189 209 -1 -1 30.861769
196 209 -1 -1 25.308730
189 196 -1 -1 11.688387
189 196 209 -1 32.312720
214 237 -1 -1 35.124371
237 245 -1 -1 39.395026
214 245 -1 -1 33.731553
214 237 245 -1 41.986303
223 237 -1 -1 11.164235
214 223 237 -1 35.124407
222 237 -1 -1 20.056471
222 223 237 -1 20.282416
240 260 -1 -1 19.926138
247 260 -1 -1 24.068218
240 247 260 -1 28.876642
248 260 -1 -1 25.213012
260 276 -1 -1 25.011430
248 260 276 -1 29.010483
234 240 -1 -1 29.337378
217 234 -1 -1 36.666479
217 234 240 -1 37.355536
347 354 -1 -1 26.174697
341 354 -1 -1 33.717236
341 347 354 -1 33.728587
332 354 -1 -1 17.111645
332 341 354 -1 38.925712
354 395 -1 -1 36.553290
354 366 -1 -1 25.437085
354 366 395 -1 38.593418
347 354 395 -1 45.275486
344 354 -1 -1 24.318647
344 354 366 -1 26.706225
332 344 354 -1 25.508469
264 286 -1 -1 24.044310
277 286 -1 -1 13.872255
264 277 -1 -1 21.937424
264 277 286 -1 24.346264
264 284 -1 -1 26.522653
284 286 -1 -1 21.969408
264 284 286 -1 28.183701
327 334 -1 -1 21.557632
334 350 -1 -1 28.931014
327 334 350 -1 30.835504
334 372 -1 -1 24.162983
334 341 -1 -1 16.445502
334 341 372 -1 25.004170
350 369 -1 -1 16.168823
334 369 -1 -1 31.297004
334 350 369 -1 31.552997
369 372 -1 -1 24.235747
334 369 372 -1 31.724926
323 355 -1 -1 27.667447
350 355 -1 -1 25.148486
323 350 355 -1 29.034079
308 355 -1 -1 36.814433
308 323 355 -1 36.814700
355 369 -1 -1 31.719335
350 355 369 -1 32.025814
355 392 -1 -1 28.779579
355 369 392 -1 32.789257
303 355 -1 -1 48.210473
303 308 355 -1 48.402469
355 361 -1 -1 36.203326
303 355 361 -1 49.356484
396 400 -1 -1 11.216856
392 400 -1 -1 15.086665
392 396 400 -1 17.390992
398 400 -1 -1 25.973318
389 398 -1 -1 16.991225
372 389 -1 -1 17.956057
372 389 398 -1 24.088084
369 389 -1 -1 17.084675
369 372 389 -1 24.259134
389 396 -1 -1 9.449089
369 389 396 -1 17.105782
389 400 -1 -1 18.185331
389 396 400 -1 21.695540
389 398 400 -1 26.077577
92 113 -1 -1 33.861210
92 117 -1 -1 30.171176
113 117 -1 -1 26.303639
92 113 117 -1 35.348756
113 124 -1 -1 36.789613
98 113 -1 -1 41.072338
98 113 124 -1 42.458867
184 189 -1 -1 15.898887
184 196 -1 -1 10.999390
184 189 196 -1 15.901693
260 279 -1 -1 31.790210
276 279 -1 -1 33.115117
260 276 279 -1 35.203538
263 279 -1 -1 34.658174
273 279 -1 -1 35.411308
263 273 279 -1 37.095580
247 279 -1 -1 34.333007
247 263 279 -1 36.784649
247 260 279 -1 35.643567
349 385 -1 -1 31.927986
375 385 -1 -1 19.151969
349 375 385 -1 34.127096
378 385 -1 -1 21.660626
349 378 -1 -1 19.453201
349 378 385 -1 32.612740
154 156 -1 -1 30.006084
144 156 -1 -1 13.498169
144 154 156 -1 30.844464
156 177 -1 -1 19.497260
154 156 177 -1 31.772185
137 156 -1 -1 37.976551
137 144 156 -1 41.607273
156 179 -1 -1 38.225247
177 179 -1 -1 31.564114
156 177 179 -1 38.316150
197 203 -1 -1 21.729212
177 203 -1 -1 33.101101
177 197 203 -1 42.363664
203 229 -1 -1 34.949937
203 204 -1 -1 19.380817
203 204 229 -1 34.965979
197 203 229 -1 53.104058
290 320 -1 -1 28.910053
285 290 -1 -1 16.700241
285 290 320 -1 32.169278
91 96 -1 -1 29.253218
143 146 -1 -1 29.825364
118 146 -1 -1 25.992200
118 143 146 -1 35.733914
134 146 -1 -1 25.749919
118 134 146 -1 36.480764
146 165 -1 -1 14.187889
134 146 165 -1 28.417222
138 161 -1 -1 39.120345
137 161 -1 -1 19.608134
137 138 -1 -1 35.811278
137 138 161 -1 39.306519
161 166 -1 -1 32.238916
138 161 166 -1 39.764619
156 161 -1 -1 38.953899
137 156 161 -1 39.822111
161 179 -1 -1 20.687516
156 161 179 -1 40.076643
179 193 -1 -1 17.698057
177 193 -1 -1 27.688255
177 179 193 -1 31.679489
193 203 -1 -1 34.029120
193 204 -1 -1 24.267208
193 203 204 -1 34.772562
177 193 203 -1 36.858823
166 192 -1 -1 27.063031
178 192 -1 -1 33.015786
166 178 192 -1 33.932282
161 192 -1 -1 29.252601
161 166 192 -1 34.369310
179 192 -1 -1 22.932354
161 179 192 -1 29.410383
108 114 -1 -1 30.330836
108 133 -1 -1 40.948286
108 114 133 -1 41.799542
96 108 -1 -1 34.169702
96 108 114 -1 34.235730
91 108 -1 -1 25.000096
91 96 108 -1 34.981008
129 138 -1 -1 28.443037
129 137 -1 -1 25.070225
129 137 138 -1 36.024886
120 129 -1 -1 28.155062
120 129 137 -1 30.483792
105 129 -1 -1 30.765769
105 120 129 -1 33.269054
105 112 -1 -1 26.726195
112 129 -1 -1 16.689377
105 112 129 -1 30.807275
155 158 -1 -1 25.317118
124 140 -1 -1 22.440429
134 140 -1 -1 24.801581
124 134 140 -1 27.709846
140 157 -1 -1 13.995484
134 140 157 -1 25.378046
140 141 -1 -1 16.951792
140 141 157 -1 19.798923
113 140 -1 -1 33.571171
113 141 -1 -1 32.974461
113 140 141 -1 34.426511
113 124 140 -1 37.428128
169 201 -1 -1 29.505575
171 201 -1 -1 31.951802
169 171 201 -1 32.806668
174 201 -1 -1 39.272007
171 174 201 -1 39.818567
188 201 -1 -1 46.994156
174 188 -1 -1 23.319426
174 188 201 -1 47.099381
201 214 -1 -1 41.746926
188 201 214 -1 49.063863
201 227 -1 -1 36.913080
201 231 -1 -1 42.264464
227 231 -1 -1 19.080080
201 227 231 -1 42.302423
361 391 -1 -1 26.181205
381 391 -1 -1 16.409114
361 381 391 -1 32.281855
360 379 -1 -1 29.044281
360 380 -1 -1 28.076169
352 360 -1 -1 28.647953
352 380 -1 -1 26.857680
352 360 380 -1 32.204182
319 352 -1 -1 30.608987
319 352 360 -1 36.957580
198 209 -1 -1 15.740175
196 198 -1 -1 14.322980
196 198 209 -1 27.833077
188 198 -1 -1 19.542479
188 198 209 -1 36.901413
184 198 -1 -1 22.937790
184 196 198 -1 29.685143
184 188 -1 -1 32.823416
184 188 198 -1 33.424993
237 241 -1 -1 13.205343
241 245 -1 -1 37.126235
237 241 245 -1 39.395038
222 241 -1 -1 28.535926
222 237 241 -1 31.929951
194 215 -1 -1 25.978103
209 215 -1 -1 29.214608
215 222 -1 -1 16.725403
209 215 222 -1 29.830831
189 215 -1 -1 33.652705
189 194 215 -1 34.802617
189 209 215 -1 36.277550
243 260 -1 -1 19.930717
240 243 -1 -1 15.508391
240 243 260 -1 21.633245
243 248 -1 -1 12.621578
243 248 260 -1 25.531000
234 243 -1 -1 19.591648
234 240 243 -1 31.844536
234 248 -1 -1 21.576640
234 243 248 -1 21.847157
248 250 -1 -1 20.746228
250 277 -1 -1 26.162817
248 250 277 -1 29.285033
250 264 -1 -1 17.287014
250 264 277 -1 26.373145
234 250 -1 -1 23.909894
234 248 250 -1 25.651729
227 250 -1 -1 29.533432
231 250 -1 -1 22.404851
227 231 250 -1 29.534208
227 234 -1 -1 19.381149
227 234 250 -1 29.630841
266 284 -1 -1 21.468802
266 280 -1 -1 24.560338
266 280 284 -1 28.591264
264 266 -1 -1 24.245599
264 266 284 -1 28.114267
245 266 -1 -1 32.308376
245 266 280 -1 37.689880
284 300 -1 -1 14.047541
300 315 -1 -1 11.382165
284 300 315 -1 28.867296
286 300 -1 -1 23.236233
284 286 300 -1 23.858655
300 327 -1 -1 23.568179
300 315 327 -1 25.702915
355 382 -1 -1 26.514369
382 392 -1 -1 20.242752
355 382 392 -1 29.847064
82 98 -1 -1 41.320369
82 113 -1 -1 42.461377
82 98 113 -1 48.072063
82 92 -1 -1 18.751791
82 92 113 -1 43.739565
100 116 -1 -1 19.470635
116 117 -1 -1 14.789386
100 117 -1 -1 28.434860
100 116 117 -1 30.553211
92 100 -1 -1 19.886003
92 100 117 -1 31.243125
113 136 -1 -1 35.176584
117 136 -1 -1 19.995150
113 117 136 -1 35.518984
136 141 -1 -1 39.868148
113 136 141 -1 42.035137
116 136 -1 -1 28.581905
116 117 136 -1 30.339808
136 155 -1 -1 16.646153
155 170 -1 -1 12.545953
158 170 -1 -1 19.663149
155 158 170 -1 25.820153
170 189 -1 -1 19.289470
158 170 189 -1 23.459492
170 184 -1 -1 10.606078
170 184 189 -1 19.293416
276 309 -1 -1 37.054953
298 309 -1 -1 20.930743
276 298 309 -1 37.695278
279 309 -1 -1 29.579814
276 279 309 -1 38.915475
385 397 -1 -1 15.330976
259 270 -1 -1 16.126831
270 282 -1 -1 27.640267
259 270 282 -1 30.822233
270 285 -1 -1 20.293074
270 282 285 -1 28.262967
233 270 -1 -1 39.444911
233 259 270 -1 41.328300
270 290 -1 -1 27.416068
270 285 290 -1 27.527532
81 91 -1 -1 25.198123
146 168 -1 -1 35.399406
143 168 -1 -1 17.780086
143 146 168 -1 35.434863
168 186 -1 -1 22.808134
168 172 -1 -1 27.774551
172 186 -1 -1 13.343024
168 172 186 -1 27.977495
165 168 -1 -1 35.388463
165 168 172 -1 35.722944
146 165 168 -1 36.127020
168 185 -1 -1 15.950735
168 185 186 -1 22.850025
162 168 -1 -1 12.164640
162 168 185 -1 25.767567
143 162 168 -1 18.440639
212 221 -1 -1 17.895907
178 212 -1 -1 32.145230
178 212 221 -1 40.349228
192 212 -1 -1 19.137896
178 192 212 -1 34.112924
108 132 -1 -1 18.339956
112 132 -1 -1 18.976184
108 112 -1 -1 21.386413
108 112 132 -1 22.771769
129 132 -1 -1 20.221115
112 129 132 -1 21.698704
132 138 -1 -1 19.515443
129 132 138 -1 28.451511
132 133 -1 -1 36.082027
132 133 138 -1 36.083471
108 132 133 -1 40.965618
201 226 -1 -1 39.584694
214 226 -1 -1 31.589012
201 214 226 -1 44.202888
226 231 -1 -1 19.911612
201 226 231 -1 42.533844
226 245 -1 -1 31.951043
214 226 245 -1 37.489787
169 208 -1 -1 42.846838
172 208 -1 -1 35.755325
169 172 208 -1 42.959756
201 208 -1 -1 34.937235
169 201 208 -1 43.179272
186 208 -1 -1 31.586283
172 186 208 -1 36.023780
208 227 -1 -1 20.219182
201 208 227 -1 37.589686
208 217 -1 -1 35.531646
186 208 217 -1 43.209460
208 234 -1 -1 29.454267
208 217 234 -1 39.558649
208 227 234 -1 29.621282
357 378 -1 -1 11.017178
378 380 -1 -1 22.188567
357 380 -1 -1 26.548360
357 378 380 -1 27.021646
352 357 -1 -1 18.345243
352 357 380 -1 28.436242
333 352 -1 -1 19.726051
333 357 -1 -1 19.528853
333 352 357 -1 22.201723
349 357 -1 -1 18.008259
333 349 357 -1 26.811601
349 357 378 -1 19.738739
317 338 -1 -1 21.407083
333 338 -1 -1 10.548360
317 333 338 -1 28.434471
338 352 -1 -1 12.606383
333 338 352 -1 22.053948
319 338 -1 -1 28.159096
317 319 338 -1 28.247407
319 338 352 -1 30.615771
257 271 -1 -1 23.153321
245 257 -1 -1 30.638449
245 257 271 -1 33.325550
241 257 -1 -1 23.712002
241 245 257 -1 37.259141
258 266 -1 -1 15.610792
258 264 -1 -1 18.040308
258 264 266 -1 24.258972
250 258 -1 -1 27.351842
231 258 -1 -1 22.825462
231 250 258 -1 28.396373
250 258 264 -1 27.907356
226 258 -1 -1 23.364779
226 231 258 -1 25.601325
245 258 -1 -1 35.604429
245 258 266 -1 35.611327
226 245 258 -1 36.341131
299 300 -1 -1 26.693636
299 327 -1 -1 30.644176
299 300 327 -1 31.748318
286 299 -1 -1 21.430463
286 299 300 -1 27.873007
299 334 -1 -1 36.235738
299 327 334 -1 36.321552
298 299 -1 -1 23.010838
277 299 -1 -1 30.224826
277 298 299 -1 39.720853
277 286 299 -1 33.664874
299 341 -1 -1 40.354765
298 299 341 -1 42.554444
299 334 341 -1 40.383591
355 364 -1 -1 23.036060
361 364 -1 -1 18.667133
355 361 364 -1 41.854140
364 382 -1 -1 16.256557
355 364 382 -1 26.716353
136 151 -1 -1 30.860247
141 151 -1 -1 19.375919
136 141 151 -1 40.858366
151 155 -1 -1 22.862633
136 151 155 -1 31.499460
151 184 -1 -1 22.972339
151 188 -1 -1 33.302849
151 184 188 -1 35.265021
151 170 -1 -1 24.639826
151 155 170 -1 24.841665
151 170 184 -1 24.696854
151 174 -1 -1 33.478956
151 174 188 -1 35.634737
141 151 174 -1 33.630606
329 332 -1 -1 10.170189
298 329 -1 -1 20.729447
298 329 332 -1 30.724775
309 329 -1 -1 13.541400
298 309 329 -1 22.028059
329 330 -1 -1 27.598851
329 330 332 -1 28.669132
309 330 -1 -1 29.661923
309 329 330 -1 29.775547
307 309 -1 -1 22.518012
307 330 -1 -1 17.668674
307 309 330 -1 29.748279
279 307 -1 -1 26.838629
279 307 309 -1 30.923334
307 312 -1 -1 26.044619
307 312 330 -1 26.045570
273 307 -1 -1 38.282177
273 307 312 -1 43.560580
273 279 307 -1 39.731762
378 386 -1 -1 7.556809
385 386 -1 -1 17.261588
378 385 386 -1 24.087166
386 397 -1 -1 10.392962
385 386 397 -1 17.437023
380 386 -1 -1 17.777284
378 380 386 -1 24.758284
81 97 -1 -1 19.415995
91 97 -1 -1 32.148807
81 91 97 -1 32.156657
97 108 -1 -1 33.211906
97 112 -1 -1 19.400945
97 108 112 -1 35.111574
91 97 108 -1 35.392620
97 105 -1 -1 17.774294
97 105 112 -1 26.739763
211 224 -1 -1 19.787489
211 221 -1 -1 29.250190
211 221 224 -1 30.645262
211 212 -1 -1 22.544328
211 212 221 -1 29.266656
204 211 -1 -1 29.664755
204 211 224 -1 35.553997
193 211 -1 -1 24.487095
193 204 211 -1 30.717819
192 211 -1 -1 30.024675
192 211 212 -1 30.039356
179 211 -1 -1 33.097226
179 193 211 -1 33.856982
179 192 211 -1 34.102853
380 394 -1 -1 12.953912
386 394 -1 -1 12.782375
380 386 394 -1 17.795943
394 397 -1 -1 4.571063
386 394 397 -1 13.717546
241 246 -1 -1 21.538261
222 246 -1 -1 31.446185
222 241 246 -1 32.355240
239 246 -1 -1 16.075690
222 239 -1 -1 23.987107
222 239 246 -1 32.101670
215 232 -1 -1 16.215660
222 232 -1 -1 20.042156
215 222 232 -1 20.755639
232 239 -1 -1 10.190678
222 232 239 -1 24.345612
116 123 -1 -1 22.714493
100 104 -1 -1 13.652252
104 116 -1 -1 17.326138
100 104 116 -1 19.993394
104 123 -1 -1 23.122915
104 116 123 -1 24.760236
257 265 -1 -1 27.662012
241 265 -1 -1 27.775131
241 257 265 -1 30.665491
246 265 -1 -1 15.977247
241 246 265 -1 27.855639
265 274 -1 -1 24.422697
257 274 -1 -1 27.624800
257 265 274 -1 30.812818
274 303 -1 -1 39.764248
271 274 -1 -1 35.523143
271 274 303 -1 49.077928
257 271 274 -1 35.538264
274 304 -1 -1 43.696929
274 303 304 -1 43.869662
81 -1 -1 -1 0.000000
82 -1 -1 -1 0.000000
85 -1 -1 -1 0.000000
88 -1 -1 -1 0.000000
89 -1 -1 -1 0.000000
91 -1 -1 -1 0.000000
92 -1 -1 -1 0.000000
96 -1 -1 -1 0.000000
97 -1 -1 -1 0.000000
98 -1 -1 -1 0.000000
100 -1 -1 -1 0.000000
103 -1 -1 -1 0.000000
104 -1 -1 -1 0.000000
105 -1 -1 -1 0.000000
108 -1 -1 -1 0.000000
109 -1 -1 -1 0.000000
112 -1 -1 -1 0.000000
113 -1 -1 -1 0.000000
114 -1 -1 -1 0.000000
116 -1 -1 -1 0.000000
117 -1 -1 -1 0.000000
118 -1 -1 -1 0.000000
120 -1 -1 -1 0.000000
122 -1 -1 -1 0.000000
123 -1 -1 -1 0.000000
124 -1 -1 -1 0.000000
129 -1 -1 -1 0.000000
130 -1 -1 -1 0.000000
132 -1 -1 -1 0.000000
133 -1 -1 -1 0.000000
134 -1 -1 -1 0.000000
136 -1 -1 -1 0.000000
137 -1 -1 -1 0.000000
138 -1 -1 -1 0.000000
140 -1 -1 -1 0.000000
141 -1 -1 -1 0.000000
143 -1 -1 -1 0.000000
144 -1 -1 -1 0.000000
146 -1 -1 -1 0.000000
151 -1 -1 -1 0.000000
154 -1 -1 -1 0.000000
155 -1 -1 -1 0.000000
156 -1 -1 -1 0.000000
157 -1 -1 -1 0.000000
158 -1 -1 -1 0.000000
161 -1 -1 -1 0.000000
162 -1 -1 -1 0.000000
165 -1 -1 -1 0.000000
166 -1 -1 -1 0.000000
168 -1 -1 -1 0.000000
169 -1 -1 -1 0.000000
170 -1 -1 -1 0.000000
171 -1 -1 -1 0.000000
172 -1 -1 -1 0.000000
174 -1 -1 -1 0.000000
177 -1 -1 -1 0.000000
178 -1 -1 -1 0.000000
179 -1 -1 -1 0.000000
182 -1 -1 -1 0.000000
184 -1 -1 -1 0.000000
185 -1 -1 -1 0.000000
186 -1 -1 -1 0.000000
188 -1 -1 -1 0.000000
189 -1 -1 -1 0.000000
192 -1 -1 -1 0.000000
193 -1 -1 -1 0.000000
194 -1 -1 -1 0.000000
196 -1 -1 -1 0.000000
197 -1 -1 -1 0.000000
198 -1 -1 -1 0.000000
201 -1 -1 -1 0.000000
203 -1 -1 -1 0.000000
204 -1 -1 -1 0.000000
208 -1 -1 -1 0.000000
209 -1 -1 -1 0.000000
211 -1 -1 -1 0.000000
212 -1 -1 -1 0.000000
214 -1 -1 -1 0.000000
215 -1 -1 -1 0.000000
217 -1 -1 -1 0.000000
220 -1 -1 -1 0.000000
221 -1 -1 -1 0.000000
222 -1 -1 -1 0.000000
223 -1 -1 -1 0.000000
224 -1 -1 -1 0.000000
225 -1 -1 -1 0.000000
226 -1 -1 -1 0.000000
227 -1 -1 -1 0.000000
229 -1 -1 -1 0.000000
231 -1 -1 -1 0.000000
232 -1 -1 -1 0.000000
233 -1 -1 -1 0.000000
234 -1 -1 -1 0.000000
237 -1 -1 -1 0.000000
239 -1 -1 -1 0.000000
240 -1 -1 -1 0.000000
241 -1 -1 -1 0.000000
243 -1 -1 -1 0.000000
244 -1 -1 -1 0.000000
245 -1 -1 -1 0.000000
246 -1 -1 -1 0.000000
247 -1 -1 -1 0.000000
248 -1 -1 -1 0.000000
250 -1 -1 -1 0.000000
253 -1 -1 -1 0.000000
255 -1 -1 -1 0.000000
257 -1 -1 -1 0.000000
258 -1 -1 -1 0.000000
259 -1 -1 -1 0.000000
260 -1 -1 -1 0.000000
263 -1 -1 -1 0.000000
264 -1 -1 -1 0.000000
265 -1 -1 -1 0.000000
266 -1 -1 -1 0.000000
270 -1 -1 -1 0.000000
271 -1 -1 -1 0.000000
273 -1 -1 -1 0.000000
274 -1 -1 -1 0.000000
276 -1 -1 -1 0.000000
277 -1 -1 -1 0.000000
278 -1 -1 -1 0.000000
279 -1 -1 -1 0.000000
280 -1 -1 -1 0.000000
282 -1 -1 -1 0.000000
284 -1 -1 -1 0.000000
285 -1 -1 -1 0.000000
286 -1 -1 -1 0.000000
290 -1 -1 -1 0.000000
294 -1 -1 -1 0.000000
298 -1 -1 -1 0.000000
299 -1 -1 -1 0.000000
300 -1 -1 -1 0.000000
303 -1 -1 -1 0.000000
304 -1 -1 -1 0.000000
307 -1 -1 -1 0.000000
308 -1 -1 -1 0.000000
309 -1 -1 -1 0.000000
312 -1 -1 -1 0.000000
313 -1 -1 -1 0.000000
315 -1 -1 -1 0.000000
317 -1 -1 -1 0.000000
319 -1 -1 -1 0.000000
320 -1 -1 -1 0.000000
323 -1 -1 -1 0.000000
327 -1 -1 -1 0.000000
329 -1 -1 -1 0.000000
330 -1 -1 -1 0.000000
332 -1 -1 -1 0.000000
333 -1 -1 -1 0.000000
334 -1 -1 -1 0.000000
338 -1 -1 -1 0.000000
341 -1 -1 -1 0.000000
344 -1 -1 -1 0.000000
345 -1 -1 -1 0.000000
347 -1 -1 -1 0.000000
349 -1 -1 -1 0.000000
350 -1 -1 -1 0.000000
352 -1 -1 -1 0.000000
354 -1 -1 -1 0.000000
355 -1 -1 -1 0.000000
357 -1 -1 -1 0.000000
359 -1 -1 -1 0.000000
360 -1 -1 -1 0.000000
361 -1 -1 -1 0.000000
364 -1 -1 -1 0.000000
366 -1 -1 -1 0.000000
369 -1 -1 -1 0.000000
372 -1 -1 -1 0.000000
375 -1 -1 -1 0.000000
378 -1 -1 -1 0.000000
379 -1 -1 -1 0.000000
380 -1 -1 -1 0.000000
381 -1 -1 -1 0.000000
382 -1 -1 -1 0.000000
385 -1 -1 -1 0.000000
386 -1 -1 -1 0.000000
389 -1 -1 -1 0.000000
391 -1 -1 -1 0.000000
392 -1 -1 -1 0.000000
394 -1 -1 -1 0.000000
395 -1 -1 -1 0.000000
396 -1 -1 -1 0.000000
397 -1 -1 -1 0.000000
398 -1 -1 -1 0.000000
399 -1 -1 -1 0.000000
400 -1 -1 -1 0.000000
403 -1 -1 -1 0.000000
