91 113 -1 -1 36.393185
91 124 -1 -1 38.920019
113 124 -1 -1 24.595572
91 113 124 -1 40.007911
91 106 -1 -1 31.187185
106 124 -1 -1 33.586926
91 106 124 -1 40.537952
233 249 -1 -1 25.342839
223 249 -1 -1 28.200608
223 233 -1 -1 27.626896
223 233 249 -1 31.332314
287 311 -1 -1 34.180352
298 311 -1 -1 20.640807
287 298 -1 -1 35.868124
287 298 311 -1 36.753337
243 269 -1 -1 33.911154
251 269 -1 -1 24.064502
243 251 -1 -1 26.264588
243 251 269 -1 34.062327
233 261 -1 -1 37.086126
233 251 -1 -1 26.371799
251 261 -1 -1 27.550729
233 251 261 -1 37.141240
249 261 -1 -1 26.849903
233 249 261 -1 37.087617
261 269 -1 -1 29.965123
251 261 269 -1 31.767018
269 287 -1 -1 32.668975
261 287 -1 -1 27.016221
261 269 287 -1 34.822317
336 356 -1 -1 28.106721
331 336 -1 -1 26.758027
331 356 -1 -1 21.987668
331 336 356 -1 29.980400
127 148 -1 -1 25.340448
124 127 -1 -1 39.090419
124 148 -1 -1 40.227407
124 127 148 -1 41.885845
113 127 -1 -1 24.791659
113 124 127 -1 40.404505
88 98 -1 -1 24.137079
98 121 -1 -1 28.012874
88 121 -1 -1 34.664633
88 98 121 -1 34.927775
98 127 -1 -1 32.779130
121 127 -1 -1 27.729738
98 121 127 -1 34.459247
98 113 -1 -1 32.594947
98 113 127 -1 35.326447
148 155 -1 -1 31.310128
124 155 -1 -1 34.631159
124 148 155 -1 41.647110
155 170 -1 -1 25.045543
148 170 -1 -1 24.297555
148 155 170 -1 31.922911
155 186 -1 -1 33.324754
170 186 -1 -1 23.681508
155 170 186 -1 33.396203
155 185 -1 -1 36.278230
185 186 -1 -1 26.052592
155 185 186 -1 37.705151
355 356 -1 -1 27.331086
331 355 -1 -1 30.487484
331 355 356 -1 31.490735
311 315 -1 -1 26.153552
287 315 -1 -1 25.086916
287 311 315 -1 34.391147
253 269 -1 -1 35.833326
243 253 -1 -1 21.114655
243 253 269 -1 36.713950
269 291 -1 -1 27.296400
287 291 -1 -1 28.874554
269 287 291 -1 34.538356
291 315 -1 -1 34.140630
287 291 315 -1 34.884112
309 343 -1 -1 38.330844
88 108 -1 -1 28.447288
108 121 -1 -1 30.693977
88 108 121 -1 36.521382
318 336 -1 -1 28.341060
336 338 -1 -1 25.397445
318 338 -1 -1 21.225368
318 336 338 -1 29.444067
336 359 -1 -1 20.996026
356 359 -1 -1 29.265854
336 356 359 -1 30.859041
359 375 -1 -1 28.860883
356 375 -1 -1 17.725150
356 359 375 -1 30.523321
359 360 -1 -1 22.967258
338 359 -1 -1 28.368396
336 338 359 -1 29.408283
338 360 -1 -1 20.232001
338 359 360 -1 28.659233
360 382 -1 -1 18.552282
363 382 -1 -1 24.391548
360 363 -1 -1 23.969492
360 363 382 -1 26.188605
94 98 -1 -1 26.697693
94 113 -1 -1 27.318963
94 98 113 -1 33.871291
91 94 -1 -1 32.173739
91 94 113 -1 37.689110
226 243 -1 -1 27.139517
226 251 -1 -1 26.411819
226 243 251 -1 30.730988
226 233 -1 -1 24.735590
226 233 251 -1 29.875337
166 185 -1 -1 22.098905
155 166 -1 -1 28.710691
155 166 185 -1 36.278363
249 252 -1 -1 25.785503
223 252 -1 -1 38.204594
223 249 252 -1 38.204597
228 252 -1 -1 29.362709
223 228 -1 -1 25.529086
223 228 252 -1 38.229688
356 379 -1 -1 32.138397
375 379 -1 -1 30.045254
356 375 379 -1 32.629078
355 379 -1 -1 21.018961
355 356 379 -1 32.438442
315 332 -1 -1 26.791046
311 332 -1 -1 22.731376
311 315 332 -1 29.318630
331 332 -1 -1 25.975728
311 331 -1 -1 28.226354
311 331 332 -1 29.948896
332 355 -1 -1 20.640716
331 332 355 -1 30.884059
332 337 -1 -1 27.967664
337 355 -1 -1 33.149164
332 337 355 -1 33.298888
315 337 -1 -1 27.819991
315 332 337 -1 31.801100
253 280 -1 -1 29.152564
269 280 -1 -1 29.288029
253 269 280 -1 36.989647
280 291 -1 -1 26.050154
269 280 291 -1 31.924476
280 309 -1 -1 33.761848
291 309 -1 -1 26.623965
280 291 309 -1 34.312840
291 320 -1 -1 28.543778
309 320 -1 -1 22.377054
291 309 320 -1 30.252887
315 320 -1 -1 26.479425
291 315 320 -1 35.096113
320 337 -1 -1 24.532710
315 320 337 -1 30.459859
320 343 -1 -1 31.209342
309 320 343 -1 38.331142
337 343 -1 -1 30.874423
320 337 343 -1 33.794234
108 130 -1 -1 18.953358
121 130 -1 -1 23.144690
108 121 130 -1 30.738519
125 130 -1 -1 21.399206
108 125 -1 -1 28.372975
108 125 130 -1 28.376148
148 171 -1 -1 33.728405
170 171 -1 -1 30.868036
148 170 171 -1 35.033414
318 319 -1 -1 26.495645
319 338 -1 -1 27.666550
318 319 338 -1 29.466639
314 319 -1 -1 27.528934
306 314 -1 -1 24.282491
306 319 -1 -1 21.430065
306 314 319 -1 28.672917
286 296 -1 -1 26.224260
282 286 -1 -1 32.326331
282 296 -1 -1 21.238623
282 286 296 -1 32.441550
296 306 -1 -1 24.506772
286 306 -1 -1 18.575898
286 296 306 -1 27.344508
296 319 -1 -1 27.577469
296 306 319 -1 28.770313
296 318 -1 -1 25.606424
296 318 319 -1 30.711777
312 336 -1 -1 26.644594
312 331 -1 -1 24.010872
312 331 336 -1 29.893515
312 318 -1 -1 30.396178
312 318 336 -1 33.012262
311 312 -1 -1 32.258032
298 312 -1 -1 29.498416
298 311 312 -1 32.993110
311 312 331 -1 33.275752
208 226 -1 -1 29.056734
208 233 -1 -1 27.655911
208 226 233 -1 31.542945
208 223 -1 -1 32.624460
208 223 233 -1 34.239209
218 226 -1 -1 26.392630
218 243 -1 -1 24.270455
218 226 243 -1 30.038189
136 166 -1 -1 28.936745
136 155 -1 -1 28.485709
136 155 166 -1 33.154709
124 136 -1 -1 26.405082
124 136 155 -1 35.387447
106 136 -1 -1 33.572144
106 124 136 -1 36.520743
261 273 -1 -1 25.851810
249 273 -1 -1 30.097641
249 261 273 -1 32.106709
252 273 -1 -1 29.849947
249 252 273 -1 33.203176
273 287 -1 -1 35.056810
273 298 -1 -1 23.998529
273 287 298 -1 37.701961
261 273 287 -1 35.316902
273 281 -1 -1 28.239765
281 298 -1 -1 28.435661
273 281 298 -1 31.281084
252 281 -1 -1 31.227739
252 273 281 -1 34.464789
314 340 -1 -1 24.613265
335 340 -1 -1 26.075934
314 335 -1 -1 28.709467
314 335 340 -1 30.767036
319 340 -1 -1 30.340285
314 319 340 -1 32.105180
263 286 -1 -1 31.339634
263 282 -1 -1 22.110469
263 282 286 -1 33.971519
232 246 -1 -1 18.764480
242 246 -1 -1 23.210273
232 242 -1 -1 21.848732
232 242 246 -1 24.823318
246 263 -1 -1 31.540860
242 263 -1 -1 24.140479
242 246 263 -1 31.744260
246 252 -1 -1 28.531856
228 246 -1 -1 26.621539
228 246 252 -1 32.607167
228 232 -1 -1 25.860432
228 232 246 -1 28.115592
343 371 -1 -1 28.897829
337 362 -1 -1 22.818185
355 362 -1 -1 28.758077
337 355 362 -1 33.761529
362 379 -1 -1 31.446159
355 362 379 -1 32.324875
362 371 -1 -1 25.366775
343 362 -1 -1 34.386223
337 343 362 -1 35.146540
343 362 371 -1 35.109974
142 150 -1 -1 21.474933
125 150 -1 -1 27.608249
125 142 -1 -1 26.685573
125 142 150 -1 29.576012
130 142 -1 -1 16.137269
125 130 142 -1 26.686655
121 142 -1 -1 27.816699
121 130 142 -1 27.829124
120 138 -1 -1 25.336609
120 125 -1 -1 20.726933
125 138 -1 -1 33.152251
120 125 138 -1 33.163639
138 165 -1 -1 26.590863
154 165 -1 -1 31.001152
138 154 -1 -1 30.892559
138 154 165 -1 34.270992
92 112 -1 -1 25.609098
92 102 -1 -1 25.053290
102 112 -1 -1 27.082859
92 102 112 -1 29.976162
96 102 -1 -1 25.561344
96 108 -1 -1 30.907576
96 120 -1 -1 31.343344
102 120 -1 -1 22.862112
96 102 120 -1 31.782645
96 125 -1 -1 38.073101
96 108 125 -1 38.685122
96 120 125 -1 38.089011
217 236 -1 -1 22.396399
236 259 -1 -1 22.394233
314 322 -1 -1 27.643630
300 322 -1 -1 21.760929
300 314 -1 -1 26.272984
300 314 322 -1 29.504297
322 335 -1 -1 18.802768
314 322 335 -1 29.926832
322 330 -1 -1 23.899983
330 335 -1 -1 27.682516
322 330 335 -1 28.122897
99 104 -1 -1 25.975267
363 372 -1 -1 23.345508
299 312 -1 -1 23.469521
299 318 -1 -1 24.545312
299 312 318 -1 31.017018
296 299 -1 -1 26.461556
296 299 318 -1 29.529813
281 299 -1 -1 24.651432
298 299 -1 -1 37.136350
281 298 299 -1 37.149410
298 299 312 -1 37.153337
282 299 -1 -1 27.038076
281 282 -1 -1 30.475260
281 282 299 -1 32.027805
282 296 299 -1 29.152162
171 183 -1 -1 20.938881
170 183 -1 -1 24.228801
170 171 183 -1 30.947436
183 186 -1 -1 30.187252
170 183 186 -1 30.849960
183 208 -1 -1 24.395211
186 208 -1 -1 31.080476
183 186 208 -1 33.410630
207 218 -1 -1 21.923507
207 226 -1 -1 25.969397
207 218 226 -1 28.833116
207 208 -1 -1 33.455928
186 207 -1 -1 22.411473
186 207 208 -1 34.557712
207 208 226 -1 34.692933
185 207 -1 -1 25.539857
185 186 207 -1 28.644141
340 353 -1 -1 19.431291
335 353 -1 -1 22.261179
335 340 353 -1 26.751399
353 372 -1 -1 20.150539
367 372 -1 -1 18.124985
353 367 -1 -1 20.953763
353 367 372 -1 22.912303
340 363 -1 -1 27.696245
353 363 -1 -1 28.461514
340 353 363 -1 29.945180
353 363 372 -1 28.786611
319 342 -1 -1 22.837038
338 342 -1 -1 21.860742
319 338 342 -1 28.459021
340 342 -1 -1 19.868297
319 340 342 -1 30.340618
342 363 -1 -1 23.036859
340 342 363 -1 28.120241
342 360 -1 -1 24.029184
342 360 363 -1 27.356050
338 342 360 -1 25.654247
225 232 -1 -1 24.790335
225 242 -1 -1 21.525703
225 232 242 -1 26.430154
165 177 -1 -1 28.153855
165 188 -1 -1 22.905811
177 188 -1 -1 26.197700
165 177 188 -1 30.037905
154 177 -1 -1 24.569520
154 165 177 -1 32.659417
200 217 -1 -1 21.515205
263 264 -1 -1 25.992760
264 282 -1 -1 24.264247
263 264 282 -1 28.034717
246 264 -1 -1 20.138982
246 263 264 -1 31.648759
264 281 -1 -1 25.972849
264 281 282 -1 31.609409
252 264 -1 -1 26.248400
252 264 281 -1 32.577388
246 252 264 -1 29.592321
127 145 -1 -1 27.101525
121 145 -1 -1 26.747937
121 127 145 -1 31.410533
142 145 -1 -1 27.275614
121 142 145 -1 31.512443
145 148 -1 -1 29.585755
127 145 148 -1 31.777977
138 149 -1 -1 22.639855
149 165 -1 -1 24.089220
138 149 165 -1 28.428305
149 150 -1 -1 17.456920
125 149 -1 -1 30.369562
125 149 150 -1 30.717402
125 138 149 -1 34.187249
134 138 -1 -1 27.338031
134 154 -1 -1 23.630439
134 138 154 -1 32.102826
112 134 -1 -1 22.351091
114 134 -1 -1 34.288657
112 114 -1 -1 25.924193
112 114 134 -1 34.288869
120 134 -1 -1 36.803823
120 134 138 -1 36.815434
102 134 -1 -1 38.100907
102 112 134 -1 38.737775
102 120 134 -1 39.380659
93 111 -1 -1 31.051118
93 114 -1 -1 27.440944
111 114 -1 -1 25.380374
93 111 114 -1 32.669658
93 112 -1 -1 30.312058
93 112 114 -1 32.434756
92 93 -1 -1 26.120299
92 93 112 -1 31.920138
329 330 -1 -1 27.939088
313 329 -1 -1 22.942651
313 330 -1 -1 22.272755
313 329 330 -1 28.755857
302 322 -1 -1 21.279248
300 302 -1 -1 20.637458
300 302 322 -1 24.526648
302 330 -1 -1 30.965165
302 313 -1 -1 21.839676
302 313 330 -1 30.968467
302 322 330 -1 31.028928
330 352 -1 -1 25.825346
335 352 -1 -1 19.617626
330 335 352 -1 28.851267
352 353 -1 -1 24.442538
335 352 353 -1 25.836055
352 367 -1 -1 22.684829
352 353 367 -1 26.363318
104 111 -1 -1 26.402416
111 129 -1 -1 24.688106
114 129 -1 -1 27.237961
111 114 129 -1 29.839419
209 225 -1 -1 24.255868
225 227 -1 -1 23.628944
209 227 -1 -1 21.052047
209 225 227 -1 26.664002
209 211 -1 -1 32.741536
211 227 -1 -1 27.613132
209 211 227 -1 32.960091
285 286 -1 -1 25.727927
285 306 -1 -1 28.066913
285 286 306 -1 28.835677
285 314 -1 -1 32.402347
285 300 -1 -1 20.467216
285 300 314 -1 32.451657
285 306 314 -1 33.380022
272 302 -1 -1 32.657586
272 300 -1 -1 30.166483
272 300 302 -1 33.449950
272 285 -1 -1 28.728149
272 285 300 -1 31.463780
262 272 -1 -1 24.778686
262 285 -1 -1 24.679412
262 272 285 -1 30.379552
164 177 -1 -1 26.006339
154 164 -1 -1 28.129570
154 164 177 -1 30.443778
211 212 -1 -1 24.451706
211 234 -1 -1 28.006589
212 234 -1 -1 22.320788
211 212 234 -1 29.223660
189 212 -1 -1 23.698290
189 211 -1 -1 36.486698
189 211 212 -1 36.894255
198 212 -1 -1 27.976069
189 198 -1 -1 28.386625
189 198 212 -1 31.063315
195 211 -1 -1 24.279926
189 195 -1 -1 31.494125
189 195 211 -1 36.984656
164 195 -1 -1 35.111842
164 189 -1 -1 27.367258
164 189 195 -1 36.743611
177 195 -1 -1 22.883099
164 177 195 -1 35.125244
195 209 -1 -1 26.389998
195 209 211 -1 33.207562
188 195 -1 -1 31.502909
177 188 195 -1 32.034526
188 209 -1 -1 24.118307
188 195 209 -1 32.327579
199 200 -1 -1 20.872021
199 217 -1 -1 26.530428
199 200 217 -1 27.176571
213 232 -1 -1 17.532422
213 228 -1 -1 32.739595
213 228 232 -1 32.923589
203 213 -1 -1 22.020751
203 228 -1 -1 27.343279
203 213 228 -1 33.035007
213 225 -1 -1 24.689430
213 225 232 -1 26.456743
196 228 -1 -1 36.981031
196 223 -1 -1 27.387476
196 223 228 -1 36.992103
196 203 -1 -1 27.329008
196 203 228 -1 37.115136
196 208 -1 -1 35.073594
196 208 223 -1 37.113367
183 196 -1 -1 28.408556
183 196 208 -1 35.346850
182 203 -1 -1 24.987729
182 196 -1 -1 29.401161
182 196 203 -1 31.661978
171 182 -1 -1 33.797192
171 196 -1 -1 29.833862
171 182 196 -1 36.064742
171 183 196 -1 31.261572
167 182 -1 -1 27.906011
167 171 -1 -1 15.394127
167 171 182 -1 34.169735
162 167 -1 -1 15.752572
162 182 -1 -1 21.739177
162 167 182 -1 28.006650
145 167 -1 -1 22.943223
145 162 -1 -1 28.290831
145 162 167 -1 28.308920
148 167 -1 -1 37.042246
148 167 171 -1 37.042350
145 148 167 -1 37.051042
145 158 -1 -1 27.170866
142 158 -1 -1 16.058210
142 145 158 -1 28.491084
158 162 -1 -1 12.659973
145 158 162 -1 28.583276
150 158 -1 -1 16.844939
142 150 158 -1 21.716360
150 162 -1 -1 26.072014
150 158 162 -1 31.284031
301 316 -1 -1 20.024209
295 301 -1 -1 21.272326
295 316 -1 -1 23.376283
295 301 316 -1 25.060360
352 354 -1 -1 20.165342
330 354 -1 -1 21.197336
330 352 354 -1 26.480717
317 329 -1 -1 18.224900
313 317 -1 -1 27.132019
313 317 329 -1 27.427234
316 317 -1 -1 19.768298
295 317 -1 -1 25.436643
295 316 317 -1 26.791775
354 365 -1 -1 23.708199
354 374 -1 -1 21.471794
365 374 -1 -1 19.758407
354 365 374 -1 25.219979
274 301 -1 -1 30.325870
274 295 -1 -1 22.080176
274 295 301 -1 30.333015
236 257 -1 -1 26.038042
257 259 -1 -1 23.702346
236 257 259 -1 27.943755
257 274 -1 -1 26.984590
259 274 -1 -1 27.014487
257 259 274 -1 30.049034
257 268 -1 -1 17.124745
268 274 -1 -1 18.589196
257 268 274 -1 27.254332
257 258 -1 -1 23.629366
258 268 -1 -1 19.800920
257 258 268 -1 24.054833
369 374 -1 -1 18.825059
354 369 -1 -1 20.576607
354 369 374 -1 23.528126
352 369 -1 -1 17.078419
352 354 369 -1 22.441667
367 369 -1 -1 18.898202
352 367 369 -1 23.191663
133 137 -1 -1 27.612344
133 146 -1 -1 16.518129
137 146 -1 -1 26.855141
133 137 146 -1 28.604221
99 122 -1 -1 25.166390
122 133 -1 -1 25.892110
122 137 -1 -1 20.896371
122 133 137 -1 29.129015
111 116 -1 -1 20.878907
104 116 -1 -1 17.983453
104 111 116 -1 26.493587
116 129 -1 -1 19.379462
111 116 129 -1 25.495070
116 133 -1 -1 21.013451
129 133 -1 -1 30.729477
116 129 133 -1 31.111071
137 159 -1 -1 23.673602
225 245 -1 -1 27.166526
242 245 -1 -1 17.843283
225 242 245 -1 27.210629
227 245 -1 -1 25.729663
225 227 245 -1 29.594410
245 263 -1 -1 24.894729
242 245 263 -1 26.339487
211 238 -1 -1 27.320441
227 238 -1 -1 20.735526
211 227 238 -1 29.663112
238 245 -1 -1 29.322751
227 238 245 -1 30.042418
245 255 -1 -1 17.752930
238 255 -1 -1 21.520631
238 245 255 -1 29.491063
234 238 -1 -1 33.755062
211 234 238 -1 34.916248
255 262 -1 -1 22.019294
238 262 -1 -1 29.202660
238 255 262 -1 29.351087
263 271 -1 -1 24.699351
271 286 -1 -1 16.717101
263 271 286 -1 31.538773
255 271 -1 -1 18.306927
262 271 -1 -1 26.398808
255 262 271 -1 26.712006
245 271 -1 -1 27.304211
245 263 271 -1 29.704480
245 255 271 -1 27.601920
271 285 -1 -1 29.825017
271 285 286 -1 29.879360
262 271 285 -1 31.475806
240 248 -1 -1 21.593226
234 240 -1 -1 30.831242
234 248 -1 -1 21.169577
234 240 248 -1 30.855368
248 258 -1 -1 26.303448
240 258 -1 -1 19.903714
240 248 258 -1 26.837033
129 139 -1 -1 26.928279
114 139 -1 -1 28.081951
114 129 139 -1 31.672834
139 164 -1 -1 29.733666
139 154 -1 -1 31.633872
139 154 164 -1 34.570228
134 139 -1 -1 33.562981
114 134 139 -1 37.275598
134 139 154 -1 35.063109
212 220 -1 -1 21.717946
198 220 -1 -1 22.699297
198 212 220 -1 28.596500
220 240 -1 -1 21.186871
220 234 -1 -1 25.103450
220 234 240 -1 31.058699
212 220 234 -1 26.802548
159 181 -1 -1 23.841717
181 200 -1 -1 20.608668
181 199 -1 -1 25.281253
181 199 200 -1 26.160953
187 199 -1 -1 18.863737
187 198 -1 -1 20.458841
198 199 -1 -1 28.481749
187 198 199 -1 28.514185
165 190 -1 -1 36.035193
188 190 -1 -1 28.551579
165 188 190 -1 36.053199
190 203 -1 -1 29.491371
182 190 -1 -1 29.469799
182 190 203 -1 32.548053
190 213 -1 -1 26.350049
190 203 213 -1 30.599654
202 209 -1 -1 22.899541
202 225 -1 -1 22.927496
202 209 225 -1 27.006655
202 213 -1 -1 20.652160
202 213 225 -1 26.483393
190 202 -1 -1 19.926583
190 202 213 -1 26.681117
188 202 -1 -1 23.028984
188 202 209 -1 26.984449
188 190 202 -1 28.767399
235 240 -1 -1 26.539085
235 258 -1 -1 28.653711
235 240 258 -1 29.711991
235 257 -1 -1 18.793565
235 257 258 -1 28.803666
235 236 -1 -1 23.324468
217 235 -1 -1 24.110858
217 235 236 -1 26.914608
235 236 257 -1 26.892582
99 115 -1 -1 21.314965
104 115 -1 -1 18.458044
99 104 115 -1 26.284332
115 122 -1 -1 18.435896
99 115 122 -1 25.710717
115 133 -1 -1 18.080773
115 122 133 -1 25.892488
115 116 -1 -1 22.946859
104 115 116 -1 23.455808
115 116 133 -1 24.206385
238 244 -1 -1 22.867407
234 244 -1 -1 22.338563
234 238 244 -1 33.980447
244 262 -1 -1 23.702322
238 244 262 -1 29.894867
244 248 -1 -1 24.309229
234 244 248 -1 26.241664
244 272 -1 -1 30.290105
244 262 272 -1 31.050094
272 290 -1 -1 26.668666
290 302 -1 -1 17.856446
272 290 302 -1 32.681526
276 290 -1 -1 18.928205
272 276 -1 -1 26.743879
272 276 290 -1 28.559898
290 313 -1 -1 26.220510
290 302 313 -1 26.477038
265 276 -1 -1 15.680954
265 272 -1 -1 25.427436
265 272 276 -1 27.429731
244 265 -1 -1 31.313437
244 265 272 -1 33.834960
248 265 -1 -1 16.036777
244 248 265 -1 31.775028
258 265 -1 -1 23.442149
248 258 265 -1 26.615747
258 276 -1 -1 27.785472
258 265 276 -1 27.799550
139 160 -1 -1 31.416825
160 164 -1 -1 23.920500
139 160 164 -1 33.279848
160 189 -1 -1 29.403739
160 164 189 -1 31.373185
199 216 -1 -1 17.840120
198 216 -1 -1 29.524496
198 199 216 -1 30.522838
216 217 -1 -1 19.742682
199 216 217 -1 26.530895
216 235 -1 -1 23.845332
216 217 235 -1 26.312739
137 157 -1 -1 26.211164
146 157 -1 -1 17.635668
137 146 157 -1 28.146748
157 159 -1 -1 23.437966
137 157 159 -1 28.348831
179 181 -1 -1 15.858516
179 199 -1 -1 26.095272
179 181 199 -1 27.035921
179 187 -1 -1 20.271557
179 187 199 -1 26.261107
159 179 -1 -1 26.866034
159 179 181 -1 27.095174
157 179 -1 -1 19.225888
157 159 179 -1 27.533169
173 190 -1 -1 19.619910
173 182 -1 -1 26.071342
173 182 190 -1 30.027101
162 173 -1 -1 30.192946
150 173 -1 -1 23.616981
150 162 173 -1 31.309188
162 173 182 -1 30.897520
149 173 -1 -1 23.518423
149 150 173 -1 25.372204
165 173 -1 -1 31.325789
149 165 173 -1 31.611901
165 173 190 -1 36.089989
317 334 -1 -1 25.157553
316 334 -1 -1 19.814772
316 317 334 -1 25.635097
329 334 -1 -1 28.024341
317 329 334 -1 28.578377
334 351 -1 -1 21.995443
351 370 -1 -1 21.247337
274 279 -1 -1 23.402988
279 295 -1 -1 25.907472
274 279 295 -1 27.681620
268 279 -1 -1 14.956099
268 274 279 -1 23.420573
258 279 -1 -1 25.822764
258 268 279 -1 25.919233
276 279 -1 -1 22.893867
258 276 279 -1 29.712889
307 317 -1 -1 18.982927
307 313 -1 -1 20.971488
307 313 317 -1 27.220123
290 307 -1 -1 26.163031
290 307 313 -1 28.582335
295 307 -1 -1 23.777901
295 307 317 -1 26.743168
139 144 -1 -1 31.169043
129 144 -1 -1 22.816490
129 139 144 -1 31.975357
144 160 -1 -1 24.188630
139 144 160 -1 33.930675
133 144 -1 -1 29.422277
144 146 -1 -1 21.078594
133 144 146 -1 30.115150
129 133 144 -1 32.543166
169 198 -1 -1 31.223513
169 189 -1 -1 36.836327
169 189 198 -1 37.936412
160 169 -1 -1 21.289273
160 169 189 -1 36.854307
169 187 -1 -1 19.295870
169 187 198 -1 32.107706
169 179 -1 -1 25.505635
169 179 187 -1 25.880848
157 169 -1 -1 28.173086
157 169 179 -1 28.955518
144 169 -1 -1 28.539599
144 160 169 -1 29.238338
146 169 -1 -1 33.676372
146 157 169 -1 33.691080
144 146 169 -1 33.858775
220 224 -1 -1 19.558711
198 224 -1 -1 30.091274
198 220 224 -1 30.092400
216 224 -1 -1 15.455042
198 216 224 -1 30.881019
224 240 -1 -1 17.925816
220 224 240 -1 22.744011
224 235 -1 -1 20.418589
224 235 240 -1 26.567639
216 224 235 -1 24.076111
334 349 -1 -1 21.562014
329 349 -1 -1 28.967378
329 334 349 -1 30.805139
349 351 -1 -1 22.075981
334 349 351 -1 25.266269
349 370 -1 -1 27.057297
349 351 370 -1 27.739018
370 378 -1 -1 19.506529
365 378 -1 -1 23.523488
349 378 -1 -1 25.147729
349 370 378 -1 28.238766
349 365 -1 -1 23.167364
349 365 378 -1 27.708861
288 290 -1 -1 21.785243
276 288 -1 -1 20.557647
276 288 290 -1 23.697860
288 307 -1 -1 15.165706
288 290 307 -1 26.175133
279 288 -1 -1 14.436457
276 279 288 -1 23.274437
288 295 -1 -1 25.819158
279 288 295 -1 26.933957
288 295 307 -1 26.240725
346 349 -1 -1 23.670741
329 346 -1 -1 16.408914
329 346 349 -1 28.969568
346 365 -1 -1 18.954126
346 349 365 -1 25.615746
346 354 -1 -1 20.355484
346 354 365 -1 24.652536
330 346 -1 -1 26.229078
329 330 346 -1 28.546501
330 346 354 -1 26.790280
88 -1 -1 -1 0.000000
91 -1 -1 -1 0.000000
92 -1 -1 -1 0.000000
93 -1 -1 -1 0.000000
94 -1 -1 -1 0.000000
96 -1 -1 -1 0.000000
98 -1 -1 -1 0.000000
99 -1 -1 -1 0.000000
102 -1 -1 -1 0.000000
104 -1 -1 -1 0.000000
106 -1 -1 -1 0.000000
108 -1 -1 -1 0.000000
111 -1 -1 -1 0.000000
112 -1 -1 -1 0.000000
113 -1 -1 -1 0.000000
114 -1 -1 -1 0.000000
115 -1 -1 -1 0.000000
116 -1 -1 -1 0.000000
120 -1 -1 -1 0.000000
121 -1 -1 -1 0.000000
122 -1 -1 -1 0.000000
124 -1 -1 -1 0.000000
125 -1 -1 -1 0.000000
127 -1 -1 -1 0.000000
129 -1 -1 -1 0.000000
130 -1 -1 -1 0.000000
133 -1 -1 -1 0.000000
134 -1 -1 -1 0.000000
136 -1 -1 -1 0.000000
137 -1 -1 -1 0.000000
138 -1 -1 -1 0.000000
139 -1 -1 -1 0.000000
142 -1 -1 -1 0.000000
144 -1 -1 -1 0.000000
145 -1 -1 -1 0.000000
146 -1 -1 -1 0.000000
148 -1 -1 -1 0.000000
149 -1 -1 -1 0.000000
150 -1 -1 -1 0.000000
154 -1 -1 -1 0.000000
155 -1 -1 -1 0.000000
157 -1 -1 -1 0.000000
158 -1 -1 -1 0.000000
159 -1 -1 -1 0.000000
160 -1 -1 -1 0.000000
162 -1 -1 -1 0.000000
164 -1 -1 -1 0.000000
165 -1 -1 -1 0.000000
166 -1 -1 -1 0.000000
167 -1 -1 -1 0.000000
169 -1 -1 -1 0.000000
170 -1 -1 -1 0.000000
171 -1 -1 -1 0.000000
173 -1 -1 -1 0.000000
177 -1 -1 -1 0.000000
179 -1 -1 -1 0.000000
181 -1 -1 -1 0.000000
182 -1 -1 -1 0.000000
183 -1 -1 -1 0.000000
185 -1 -1 -1 0.000000
186 -1 -1 -1 0.000000
187 -1 -1 -1 0.000000
188 -1 -1 -1 0.000000
189 -1 -1 -1 0.000000
190 -1 -1 -1 0.000000
195 -1 -1 -1 0.000000
196 -1 -1 -1 0.000000
198 -1 -1 -1 0.000000
199 -1 -1 -1 0.000000
200 -1 -1 -1 0.000000
202 -1 -1 -1 0.000000
203 -1 -1 -1 0.000000
207 -1 -1 -1 0.000000
208 -1 -1 -1 0.000000
209 -1 -1 -1 0.000000
211 -1 -1 -1 0.000000
212 -1 -1 -1 0.000000
213 -1 -1 -1 0.000000
216 -1 -1 -1 0.000000
217 -1 -1 -1 0.000000
218 -1 -1 -1 0.000000
220 -1 -1 -1 0.000000
223 -1 -1 -1 0.000000
224 -1 -1 -1 0.000000
225 -1 -1 -1 0.000000
226 -1 -1 -1 0.000000
227 -1 -1 -1 0.000000
228 -1 -1 -1 0.000000
232 -1 -1 -1 0.000000
233 -1 -1 -1 0.000000
234 -1 -1 -1 0.000000
235 -1 -1 -1 0.000000
236 -1 -1 -1 0.000000
238 -1 -1 -1 0.000000
240 -1 -1 -1 0.000000
242 -1 -1 -1 0.000000
243 -1 -1 -1 0.000000
244 -1 -1 -1 0.000000
245 -1 -1 -1 0.000000
246 -1 -1 -1 0.000000
248 -1 -1 -1 0.000000
249 -1 -1 -1 0.000000
251 -1 -1 -1 0.000000
252 -1 -1 -1 0.000000
253 -1 -1 -1 0.000000
255 -1 -1 -1 0.000000
257 -1 -1 -1 0.000000
258 -1 -1 -1 0.000000
259 -1 -1 -1 0.000000
261 -1 -1 -1 0.000000
262 -1 -1 -1 0.000000
263 -1 -1 -1 0.000000
264 -1 -1 -1 0.000000
265 -1 -1 -1 0.000000
268 -1 -1 -1 0.000000
269 -1 -1 -1 0.000000
271 -1 -1 -1 0.000000
272 -1 -1 -1 0.000000
273 -1 -1 -1 0.000000
274 -1 -1 -1 0.000000
276 -1 -1 -1 0.000000
279 -1 -1 -1 0.000000
280 -1 -1 -1 0.000000
281 -1 -1 -1 0.000000
282 -1 -1 -1 0.000000
285 -1 -1 -1 0.000000
286 -1 -1 -1 0.000000
287 -1 -1 -1 0.000000
288 -1 -1 -1 0.000000
290 -1 -1 -1 0.000000
291 -1 -1 -1 0.000000
295 -1 -1 -1 0.000000
296 -1 -1 -1 0.000000
298 -1 -1 -1 0.000000
299 -1 -1 -1 0.000000
300 -1 -1 -1 0.000000
301 -1 -1 -1 0.000000
302 -1 -1 -1 0.000000
306 -1 -1 -1 0.000000
307 -1 -1 -1 0.000000
309 -1 -1 -1 0.000000
311 -1 -1 -1 0.000000
312 -1 -1 -1 0.000000
313 -1 -1 -1 0.000000
314 -1 -1 -1 0.000000
315 -1 -1 -1 0.000000
316 -1 -1 -1 0.000000
317 -1 -1 -1 0.000000
318 -1 -1 -1 0.000000
319 -1 -1 -1 0.000000
320 -1 -1 -1 0.000000
322 -1 -1 -1 0.000000
329 -1 -1 -1 0.000000
330 -1 -1 -1 0.000000
331 -1 -1 -1 0.000000
332 -1 -1 -1 0.000000
334 -1 -1 -1 0.000000
335 -1 -1 -1 0.000000
336 -1 -1 -1 0.000000
337 -1 -1 -1 0.000000
338 -1 -1 -1 0.000000
340 -1 -1 -1 0.000000
342 -1 -1 -1 0.000000
343 -1 -1 -1 0.000000
346 -1 -1 -1 0.000000
349 -1 -1 -1 0.000000
351 -1 -1 -1 0.000000
352 -1 -1 -1 0.000000
353 -1 -1 -1 0.000000
354 -1 -1 -1 0.000000
355 -1 -1 -1 0.000000
356 -1 -1 -1 0.000000
359 -1 -1 -1 0.000000
360 -1 -1 -1 0.000000
362 -1 -1 -1 0.000000
363 -1 -1 -1 0.000000
365 -1 -1 -1 0.000000
367 -1 -1 -1 0.000000
369 -1 -1 -1 0.000000
370 -1 -1 -1 0.000000
371 -1 -1 -1 0.000000
372 -1 -1 -1 0.000000
374 -1 -1 -1 0.000000
375 -1 -1 -1 0.000000
378 -1 -1 -1 0.000000
379 -1 -1 -1 0.000000
382 -1 -1 -1 0.000000
