244 252 -1 -1 14.471202
252 268 -1 -1 24.571083
244 268 -1 -1 28.859308
244 252 268 -1 28.870394
301 304 -1 -1 19.462561
268 301 -1 -1 41.696353
268 304 -1 -1 50.630840
268 301 304 -1 52.659016
124 163 -1 -1 26.238004
124 142 -1 -1 18.477032
142 163 -1 -1 21.657849
124 142 163 -1 26.548414
230 252 -1 -1 18.366078
230 250 -1 -1 21.561243
250 252 -1 -1 11.131489
230 250 252 -1 21.562109
108 149 -1 -1 34.791720
108 120 -1 -1 26.003171
120 149 -1 -1 33.433145
108 120 149 -1 36.933357
191 218 -1 -1 30.027031
194 218 -1 -1 24.332393
191 194 -1 -1 21.264308
191 194 218 -1 30.316307
230 247 -1 -1 23.662107
226 230 -1 -1 10.728147
226 247 -1 -1 20.624332
226 230 247 -1 23.684970
247 250 -1 -1 11.100525
230 247 250 -1 23.703314
204 214 -1 -1 27.923958
214 226 -1 -1 20.105184
204 226 -1 -1 22.435216
204 214 226 -1 28.208495
214 247 -1 -1 28.051612
214 226 247 -1 28.088850
214 237 -1 -1 21.113294
237 247 -1 -1 19.537927
214 237 247 -1 28.085655
153 177 -1 -1 29.061057
160 177 -1 -1 32.545990
153 160 -1 -1 15.315639
153 160 177 -1 32.554103
149 177 -1 -1 14.837703
149 153 -1 -1 24.023141
149 153 177 -1 29.125171
271 304 -1 -1 53.266483
268 271 -1 -1 15.536994
268 271 304 -1 53.277808
252 271 -1 -1 26.157777
252 268 271 -1 26.758739
250 271 -1 -1 25.244990
250 252 271 -1 26.406715
148 181 -1 -1 20.206216
148 163 -1 -1 17.497426
163 181 -1 -1 12.880001
148 163 181 -1 20.411490
124 148 -1 -1 26.000409
124 148 163 -1 27.722470
134 148 -1 -1 21.596887
148 157 -1 -1 14.313725
134 157 -1 -1 15.968104
134 148 157 -1 21.599113
124 134 -1 -1 27.525752
124 134 148 -1 29.299091
243 252 -1 -1 13.256477
243 244 -1 -1 10.092526
243 244 252 -1 14.965107
230 243 -1 -1 8.910112
230 243 252 -1 19.589918
191 219 -1 -1 27.610125
218 219 -1 -1 13.054722
191 218 219 -1 30.055053
191 204 -1 -1 17.269737
204 219 -1 -1 20.960356
191 204 219 -1 27.626259
219 243 -1 -1 17.900342
219 230 -1 -1 15.945795
219 230 243 -1 17.919793
219 226 -1 -1 22.121046
204 219 226 -1 25.247631
219 226 230 -1 23.621049
137 171 -1 -1 27.891372
137 157 -1 -1 18.365855
157 171 -1 -1 24.854516
137 157 171 -1 28.431595
134 137 -1 -1 23.449083
134 137 157 -1 23.510667
114 137 -1 -1 39.587973
136 137 -1 -1 20.923644
114 136 -1 -1 29.739706
114 136 137 -1 40.377849
148 170 -1 -1 21.132387
170 181 -1 -1 22.821902
148 170 181 -1 24.797379
170 171 -1 -1 12.630882
157 170 -1 -1 19.918466
157 170 171 -1 25.042036
148 157 170 -1 21.959807
181 183 -1 -1 17.010164
183 194 -1 -1 17.506568
181 194 -1 -1 16.481306
181 183 194 -1 19.647018
183 191 -1 -1 13.168222
183 191 194 -1 21.302820
163 183 -1 -1 18.845955
163 181 183 -1 19.357514
113 123 -1 -1 23.086503
123 124 -1 -1 26.785751
123 142 -1 -1 21.603599
123 124 142 -1 26.960076
135 140 -1 -1 24.690662
113 140 -1 -1 27.101810
113 135 -1 -1 34.144434
113 135 140 -1 34.451529
166 195 -1 -1 25.603451
166 184 -1 -1 23.264323
184 195 -1 -1 20.235344
166 184 195 -1 26.962626
169 195 -1 -1 37.877387
166 169 -1 -1 27.926183
166 169 195 -1 37.877392
166 179 -1 -1 17.113473
160 166 -1 -1 20.783318
160 179 -1 -1 9.658823
160 166 179 -1 20.985528
179 184 -1 -1 13.646528
166 179 184 -1 23.472913
140 150 -1 -1 22.722731
150 169 -1 -1 29.670092
140 169 -1 -1 23.505865
140 150 169 -1 30.143273
150 166 -1 -1 14.635470
150 166 169 -1 29.961628
135 150 -1 -1 20.807539
135 140 150 -1 26.456168
150 160 -1 -1 22.439754
150 160 166 -1 23.082875
135 160 -1 -1 34.742424
135 150 160 -1 36.299123
195 216 -1 -1 37.232529
184 216 -1 -1 36.531624
184 195 216 -1 38.372990
205 216 -1 -1 23.702714
205 220 -1 -1 23.006854
216 220 -1 -1 24.977446
205 216 220 -1 27.642836
184 205 -1 -1 27.481158
184 205 216 -1 36.534931
387 396 -1 -1 31.423065
386 387 -1 -1 34.706285
386 396 -1 -1 18.158925
386 387 396 -1 34.876552
387 392 -1 -1 21.758840
388 399 -1 -1 18.902843
388 392 -1 -1 16.187855
392 399 -1 -1 13.034385
388 392 399 -1 19.205516
247 263 -1 -1 16.726453
237 263 -1 -1 24.118865
237 247 263 -1 24.300598
250 263 -1 -1 20.103117
247 250 263 -1 20.103212
263 271 -1 -1 28.375618
250 263 271 -1 29.177103
302 314 -1 -1 28.544876
314 319 -1 -1 15.829722
302 319 -1 -1 17.273850
302 314 319 -1 32.663863
360 395 -1 -1 32.905582
360 371 -1 -1 17.819850
371 395 -1 -1 32.943648
360 371 395 -1 34.200800
343 360 -1 -1 40.039790
343 371 -1 -1 36.703580
343 360 371 -1 40.084137
355 373 -1 -1 19.118689
349 373 -1 -1 28.875598
349 355 -1 -1 22.393925
349 355 373 -1 28.897342
373 387 -1 -1 30.782241
373 392 -1 -1 40.052188
373 387 392 -1 40.432014
373 386 -1 -1 23.580110
373 386 387 -1 35.466939
373 374 -1 -1 22.248257
374 386 -1 -1 13.353237
373 374 386 -1 24.053264
355 374 -1 -1 20.440863
355 373 374 -1 23.936968
324 343 -1 -1 42.136909
304 324 -1 -1 42.320024
304 343 -1 -1 34.088819
304 324 343 -1 46.155557
301 324 -1 -1 43.601044
301 304 324 -1 44.193022
328 343 -1 -1 30.628244
328 349 -1 -1 24.557348
343 349 -1 -1 40.269401
328 343 349 -1 40.327144
395 408 -1 -1 34.038385
407 408 -1 -1 33.142684
342 352 -1 -1 23.111018
342 347 -1 -1 28.531087
347 352 -1 -1 15.686463
342 347 352 -1 28.562210
219 236 -1 -1 22.274111
218 236 -1 -1 18.489993
218 219 236 -1 22.286616
236 243 -1 -1 19.906697
236 244 -1 -1 13.726759
236 243 244 -1 21.545509
219 236 243 -1 23.424147
163 168 -1 -1 18.773706
142 168 -1 -1 18.619446
142 163 168 -1 22.935414
168 183 -1 -1 15.470464
163 168 183 -1 20.635596
172 191 -1 -1 19.751317
172 204 -1 -1 27.734086
172 191 204 -1 27.930789
172 183 -1 -1 21.640708
172 183 191 -1 22.012462
168 172 -1 -1 15.421186
168 172 183 -1 21.644413
131 153 -1 -1 14.851305
131 160 -1 -1 27.448669
131 153 160 -1 36.355920
131 135 -1 -1 32.676197
131 135 160 -1 36.976902
131 149 -1 -1 32.217121
131 149 153 -1 34.215189
108 131 -1 -1 29.639373
108 131 149 -1 37.443973
195 202 -1 -1 17.926051
169 202 -1 -1 35.930937
169 195 202 -1 38.242904
202 214 -1 -1 20.809127
202 237 -1 -1 32.013767
202 214 237 -1 32.465612
179 185 -1 -1 26.190116
184 185 -1 -1 21.762796
179 184 185 -1 26.215389
185 205 -1 -1 14.833240
184 185 205 -1 27.606979
177 185 -1 -1 15.040566
160 185 -1 -1 30.625413
160 177 185 -1 32.759028
160 179 185 -1 32.253282
216 227 -1 -1 28.953709
216 239 -1 -1 24.016241
227 239 -1 -1 16.691845
216 227 239 -1 28.960282
195 227 -1 -1 30.414629
195 216 227 -1 38.116507
202 227 -1 -1 26.877618
195 202 227 -1 30.648040
227 237 -1 -1 27.131965
202 227 237 -1 33.530306
216 251 -1 -1 33.303707
239 251 -1 -1 23.887282
216 239 251 -1 33.322224
186 205 -1 -1 24.414772
186 220 -1 -1 27.912262
186 205 220 -1 29.341097
177 186 -1 -1 24.613552
185 186 -1 -1 26.397995
177 185 186 -1 26.849364
185 186 205 -1 26.763233
354 355 -1 -1 17.705505
354 374 -1 -1 18.028640
354 355 374 -1 21.783800
354 359 -1 -1 22.256569
359 374 -1 -1 28.374796
354 359 374 -1 28.379925
393 399 -1 -1 8.934742
388 393 -1 -1 18.601022
388 393 399 -1 19.317629
371 393 -1 -1 26.570628
371 388 -1 -1 18.860186
371 388 393 -1 26.571126
393 395 -1 -1 20.281113
371 393 395 -1 32.958213
248 263 -1 -1 25.246064
237 248 -1 -1 14.981881
237 248 263 -1 25.964355
227 248 -1 -1 23.457937
227 237 248 -1 27.172945
248 260 -1 -1 16.489934
239 248 -1 -1 27.426482
239 260 -1 -1 22.472379
239 248 260 -1 27.441743
227 239 248 -1 27.558916
271 278 -1 -1 20.055225
278 302 -1 -1 21.558375
271 302 -1 -1 35.584545
271 278 302 -1 40.117450
263 278 -1 -1 24.765878
263 271 278 -1 29.034248
314 329 -1 -1 24.476091
319 329 -1 -1 18.381169
314 319 329 -1 24.480177
328 329 -1 -1 14.205120
329 349 -1 -1 20.425389
328 329 349 -1 24.566593
308 342 -1 -1 38.302879
331 342 -1 -1 25.370081
308 331 -1 -1 42.951380
308 331 342 -1 43.359200
308 310 -1 -1 17.137944
310 342 -1 -1 33.425224
308 310 342 -1 38.348973
274 301 -1 -1 24.914914
268 274 -1 -1 23.552026
268 274 301 -1 47.524955
363 373 -1 -1 30.765021
349 363 -1 -1 27.152660
349 363 373 -1 33.540377
363 388 -1 -1 21.846695
363 371 -1 -1 27.446011
363 371 388 -1 27.575287
363 392 -1 -1 32.206037
363 388 392 -1 35.509271
363 373 392 -1 40.807647
343 363 -1 -1 34.756796
343 363 371 -1 38.767166
343 349 363 -1 40.874902
358 360 -1 -1 14.391256
343 358 -1 -1 46.066733
343 358 360 -1 47.851989
324 358 -1 -1 44.231222
324 343 358 -1 51.075151
347 358 -1 -1 32.432817
324 347 -1 -1 25.691330
324 347 358 -1 44.714975
358 395 -1 -1 40.850961
358 408 -1 -1 44.688105
358 395 408 -1 46.824190
358 360 395 -1 44.573694
291 324 -1 -1 38.625012
291 301 -1 -1 38.262855
291 301 324 -1 46.674671
302 327 -1 -1 20.158667
319 327 -1 -1 13.070552
302 319 327 -1 20.356834
327 329 -1 -1 18.102191
319 327 329 -1 19.541932
327 328 -1 -1 17.581679
327 328 329 -1 19.458367
326 342 -1 -1 22.726308
326 347 -1 -1 26.643663
326 342 347 -1 30.344261
310 326 -1 -1 16.581365
310 326 342 -1 37.068122
324 326 -1 -1 27.155855
324 326 347 -1 30.619546
291 326 -1 -1 34.270958
291 310 -1 -1 24.136923
291 310 326 -1 37.321777
291 324 326 -1 39.647798
368 383 -1 -1 36.014614
368 369 -1 -1 25.434299
369 383 -1 -1 19.982939
368 369 383 -1 37.163831
352 356 -1 -1 20.387409
342 356 -1 -1 22.609557
342 352 356 -1 25.544702
356 369 -1 -1 16.908820
331 369 -1 -1 32.291120
331 356 -1 -1 29.971550
331 356 369 -1 32.610404
331 342 356 -1 30.750254
356 383 -1 -1 27.803063
356 369 383 -1 28.040654
368 398 -1 -1 28.537580
389 398 -1 -1 18.473827
368 389 -1 -1 20.991156
368 389 398 -1 28.562642
383 398 -1 -1 34.139978
383 402 -1 -1 24.328676
398 402 -1 -1 17.793949
383 398 402 -1 35.751701
368 383 398 -1 38.453357
398 403 -1 -1 24.829840
389 403 -1 -1 22.899229
389 398 403 -1 25.981787
338 362 -1 -1 28.370940
338 369 -1 -1 39.327741
331 338 -1 -1 22.321808
331 338 369 -1 39.328047
338 368 -1 -1 33.172192
338 368 369 -1 39.608693
296 308 -1 -1 31.397881
296 331 -1 -1 40.438870
296 308 331 -1 45.111036
234 264 -1 -1 28.900992
234 280 -1 -1 28.739965
264 280 -1 -1 34.037700
234 264 280 -1 35.711966
111 114 -1 -1 18.881981
111 136 -1 -1 36.412124
111 114 136 -1 36.516522
111 126 -1 -1 22.896207
126 136 -1 -1 37.580106
111 126 136 -1 38.946666
222 236 -1 -1 19.495553
233 236 -1 -1 30.576804
222 233 -1 -1 28.225207
222 233 236 -1 31.342655
218 222 -1 -1 13.043014
218 222 236 -1 20.268420
194 222 -1 -1 26.901372
194 218 222 -1 26.950999
213 222 -1 -1 13.435521
194 213 -1 -1 24.538392
194 213 222 -1 27.009576
193 213 -1 -1 15.236371
193 194 -1 -1 18.582568
193 194 213 -1 24.561720
181 193 -1 -1 23.208139
181 193 194 -1 23.400249
170 193 -1 -1 19.515903
170 181 193 -1 25.415318
126 165 -1 -1 38.037976
136 165 -1 -1 31.446905
126 136 165 -1 41.577485
159 165 -1 -1 40.380693
165 175 -1 -1 31.950677
159 175 -1 -1 31.882707
159 165 175 -1 41.210352
126 159 -1 -1 26.252806
126 159 165 -1 41.739756
137 173 -1 -1 27.289716
136 173 -1 -1 28.953409
136 137 173 -1 30.365723
171 173 -1 -1 13.853392
137 171 173 -1 28.526943
165 173 -1 -1 30.879597
136 165 173 -1 35.194685
173 192 -1 -1 21.449864
165 192 -1 -1 27.437059
165 173 192 -1 31.657580
203 211 -1 -1 31.478973
192 211 -1 -1 26.395366
192 203 -1 -1 15.963342
192 203 211 -1 31.513403
173 203 -1 -1 25.690057
171 203 -1 -1 26.278118
171 173 203 -1 26.980508
173 192 203 -1 25.773148
145 168 -1 -1 23.453381
142 145 -1 -1 20.632877
142 145 168 -1 24.501648
145 172 -1 -1 24.990627
145 174 -1 -1 24.536775
172 174 -1 -1 12.135260
145 172 174 -1 25.558023
145 168 172 -1 25.653224
123 145 -1 -1 23.378148
123 142 145 -1 25.365224
140 145 -1 -1 24.596129
145 169 -1 -1 30.323533
140 145 169 -1 30.986896
169 174 -1 -1 13.674585
145 169 174 -1 30.913425
113 145 -1 -1 28.923845
113 140 145 -1 31.230871
113 123 145 -1 29.685408
174 190 -1 -1 15.635590
169 190 -1 -1 18.971626
169 174 190 -1 19.242853
190 202 -1 -1 28.468124
169 190 202 -1 36.157287
190 214 -1 -1 28.539451
190 202 214 -1 30.616506
190 204 -1 -1 22.977535
190 204 214 -1 30.914016
172 190 -1 -1 21.470775
172 190 204 -1 28.448821
172 174 190 -1 21.837540
258 260 -1 -1 16.598697
239 258 -1 -1 13.004243
239 258 260 -1 22.695462
251 258 -1 -1 16.425317
239 251 258 -1 25.110349
216 246 -1 -1 28.939357
220 246 -1 -1 23.724402
216 220 246 -1 30.284040
246 251 -1 -1 20.460824
216 246 251 -1 33.563267
245 246 -1 -1 16.706588
245 269 -1 -1 19.662647
246 269 -1 -1 20.609058
245 246 269 -1 22.153307
251 269 -1 -1 15.284397
246 251 269 -1 22.124863
372 378 -1 -1 15.325034
353 372 -1 -1 42.123771
353 378 -1 -1 41.276537
353 372 378 -1 42.483097
372 396 -1 -1 43.188241
248 270 -1 -1 19.030133
263 270 -1 -1 14.832753
248 263 270 -1 25.367653
270 278 -1 -1 27.857193
263 270 278 -1 27.942413
260 270 -1 -1 22.163266
260 275 -1 -1 22.262323
270 275 -1 -1 19.492699
260 270 275 -1 24.719573
248 260 270 -1 22.760705
352 370 -1 -1 27.728770
347 370 -1 -1 35.011294
347 352 370 -1 36.087226
358 370 -1 -1 26.652920
347 358 370 -1 36.829308
370 408 -1 -1 32.634192
358 370 408 -1 45.055355
370 407 -1 -1 44.997469
370 407 408 -1 45.090193
370 383 -1 -1 36.227960
383 407 -1 -1 36.008731
370 383 407 -1 46.170269
356 370 -1 -1 37.429280
352 356 370 -1 38.134411
356 370 383 -1 39.797299
236 249 -1 -1 25.492535
233 249 -1 -1 21.023383
233 236 249 -1 30.909791
244 249 -1 -1 30.832466
236 244 249 -1 31.237582
249 268 -1 -1 35.177269
244 249 268 -1 36.960227
249 274 -1 -1 27.399160
249 268 274 -1 35.226157
287 308 -1 -1 25.914282
287 310 -1 -1 30.362859
287 308 310 -1 30.399094
287 291 -1 -1 26.803480
287 291 310 -1 31.756575
313 327 -1 -1 15.037983
313 328 -1 -1 15.750832
313 327 328 -1 18.757967
313 343 -1 -1 34.174453
304 313 -1 -1 22.211494
304 313 343 -1 36.096061
313 328 343 -1 34.180592
302 313 -1 -1 31.687325
302 313 327 -1 40.100946
271 313 -1 -1 51.347950
271 302 313 -1 52.038872
271 304 313 -1 53.710341
406 407 -1 -1 15.088037
383 406 -1 -1 32.172720
383 406 407 -1 36.030697
402 406 -1 -1 16.476237
383 402 406 -1 32.937299
338 365 -1 -1 28.269047
362 365 -1 -1 10.662342
338 362 365 -1 28.836750
365 368 -1 -1 17.691827
338 365 368 -1 33.174479
365 389 -1 -1 25.739910
365 368 389 -1 25.935677
289 296 -1 -1 22.264567
289 308 -1 -1 29.765345
289 296 308 -1 32.899493
264 289 -1 -1 40.325116
280 289 -1 -1 16.161461
264 280 289 -1 41.053718
235 264 -1 -1 33.452096
234 235 -1 -1 25.856606
234 235 264 -1 34.619133
198 229 -1 -1 48.452368
175 198 -1 -1 27.001950
175 229 -1 -1 41.466856
175 198 229 -1 48.501698
229 235 -1 -1 40.886660
229 234 -1 -1 23.485679
229 234 235 -1 44.044355
198 235 -1 -1 35.493933
198 229 235 -1 49.463653
322 338 -1 -1 28.879030
322 331 -1 -1 38.062984
322 331 338 -1 38.219418
296 322 -1 -1 24.345002
296 322 331 -1 41.446485
159 167 -1 -1 22.865597
167 175 -1 -1 34.981287
159 167 175 -1 35.831038
167 198 -1 -1 26.513569
167 175 198 -1 35.357744
222 225 -1 -1 14.400677
225 233 -1 -1 18.826492
222 225 233 -1 31.314723
213 225 -1 -1 11.814835
213 222 225 -1 15.404386
170 201 -1 -1 25.701218
171 201 -1 -1 22.033293
170 171 201 -1 25.711251
193 201 -1 -1 17.478727
170 193 201 -1 25.719650
201 203 -1 -1 13.234445
171 201 203 -1 26.312776
201 213 -1 -1 19.086677
193 201 213 -1 20.185720
201 225 -1 -1 23.603753
201 213 225 -1 23.769984
203 225 -1 -1 30.667057
201 203 225 -1 32.525875
130 133 -1 -1 16.561346
126 133 -1 -1 24.677521
133 159 -1 -1 26.791688
130 159 -1 -1 33.819378
130 133 159 -1 34.324472
126 133 159 -1 29.966143
348 354 -1 -1 21.544376
348 359 -1 -1 15.605869
348 354 359 -1 23.456871
335 348 -1 -1 21.841626
335 354 -1 -1 23.305193
335 348 354 -1 25.719312
332 335 -1 -1 18.165933
332 348 -1 -1 16.074918
332 335 348 -1 22.249742
245 273 -1 -1 15.198654
269 273 -1 -1 14.710826
245 269 273 -1 19.846881
273 282 -1 -1 13.807649
269 282 -1 -1 22.311405
269 273 282 -1 22.889698
282 307 -1 -1 38.679266
307 334 -1 -1 26.999627
334 353 -1 -1 29.034161
372 375 -1 -1 20.363654
359 375 -1 -1 23.504317
359 372 -1 -1 33.559347
359 372 375 -1 34.032674
375 386 -1 -1 23.476236
374 375 -1 -1 24.379387
374 375 386 -1 24.965782
359 374 375 -1 29.726681
375 396 -1 -1 29.748842
375 386 396 -1 29.749188
372 375 396 -1 48.834990
378 385 -1 -1 12.608086
353 385 -1 -1 37.875404
353 378 385 -1 41.554294
270 281 -1 -1 18.801237
275 281 -1 -1 13.188126
270 275 281 -1 20.416019
278 281 -1 -1 21.710055
270 278 281 -1 27.907079
281 302 -1 -1 30.678595
278 281 302 -1 30.679048
203 224 -1 -1 29.845821
211 224 -1 -1 25.036278
203 211 224 -1 33.636936
224 225 -1 -1 32.252869
224 233 -1 -1 24.659380
224 225 233 -1 32.366473
203 224 225 -1 35.764033
272 287 -1 -1 32.649911
272 291 -1 -1 21.745140
272 287 291 -1 32.840062
249 272 -1 -1 37.677246
272 274 -1 -1 31.604483
249 272 274 -1 38.380359
233 272 -1 -1 47.272651
233 249 272 -1 48.641203
272 301 -1 -1 34.938725
272 274 301 -1 36.116401
272 291 301 -1 38.706973
286 287 -1 -1 14.460766
286 308 -1 -1 26.788522
286 287 308 -1 27.445784
286 289 -1 -1 18.747051
286 289 308 -1 30.272607
280 286 -1 -1 22.348670
280 286 289 -1 22.749016
207 229 -1 -1 29.649014
175 207 -1 -1 25.226216
175 207 229 -1 41.858217
207 211 -1 -1 19.096786
211 229 -1 -1 29.311570
207 211 229 -1 31.163831
165 207 -1 -1 29.496348
165 175 207 -1 33.800412
192 207 -1 -1 28.262265
192 207 211 -1 29.273176
165 192 207 -1 32.836772
322 333 -1 -1 12.249934
333 338 -1 -1 20.263972
322 333 338 -1 34.592775
299 322 -1 -1 19.724451
264 299 -1 -1 34.657491
296 299 -1 -1 24.802341
296 299 322 -1 26.834029
289 299 -1 -1 38.349333
289 296 299 -1 40.562233
264 289 299 -1 43.861567
130 141 -1 -1 14.883219
141 159 -1 -1 36.855864
130 141 159 -1 36.856732
258 267 -1 -1 12.792566
251 267 -1 -1 16.197788
251 258 267 -1 17.733646
267 269 -1 -1 25.522107
251 267 269 -1 26.880205
260 267 -1 -1 20.604178
258 260 267 -1 20.616422
305 335 -1 -1 28.731411
314 335 -1 -1 22.826581
305 314 -1 -1 22.014981
305 314 335 -1 29.204754
305 332 -1 -1 30.445066
305 332 335 -1 31.202418
302 305 -1 -1 37.109711
302 305 314 -1 37.180760
281 305 -1 -1 33.518623
281 302 305 -1 39.375229
275 305 -1 -1 35.067739
275 281 305 -1 35.170943
329 336 -1 -1 25.165137
314 336 -1 -1 19.399251
314 329 336 -1 26.976680
335 336 -1 -1 13.892309
314 335 336 -1 22.918687
336 355 -1 -1 23.072798
336 349 -1 -1 29.136908
336 349 355 -1 29.614730
329 336 349 -1 29.713407
336 354 -1 -1 23.325403
336 354 355 -1 25.100153
335 336 354 -1 24.424431
339 348 -1 -1 23.380335
339 359 -1 -1 27.846081
339 348 359 -1 27.851793
334 339 -1 -1 23.466331
339 353 -1 -1 38.453666
334 339 353 -1 38.528757
332 339 -1 -1 25.936771
332 339 348 -1 26.348266
339 372 -1 -1 48.816360
339 353 372 -1 50.678239
339 359 372 -1 50.521005
224 257 -1 -1 34.345441
211 257 -1 -1 44.494611
211 224 257 -1 44.722379
257 286 -1 -1 28.074101
257 287 -1 -1 25.940650
257 286 287 -1 28.296492
257 272 -1 -1 35.865198
257 272 287 -1 37.218458
233 257 -1 -1 45.705751
224 233 257 -1 46.446545
233 257 272 -1 50.422686
267 277 -1 -1 16.621817
260 277 -1 -1 15.964622
260 267 277 -1 21.033002
267 283 -1 -1 21.640912
277 283 -1 -1 12.112077
267 277 283 -1 21.779443
275 277 -1 -1 13.688012
260 275 277 -1 22.430256
275 283 -1 -1 17.975500
275 277 283 -1 17.985302
282 285 -1 -1 21.086233
285 307 -1 -1 38.198807
282 285 307 -1 39.980803
285 300 -1 -1 15.327066
300 307 -1 -1 35.955280
285 300 307 -1 38.272908
269 285 -1 -1 28.286878
269 282 285 -1 28.615927
267 285 -1 -1 31.636513
267 269 285 -1 33.300034
283 285 -1 -1 28.948822
267 283 285 -1 32.620986
312 339 -1 -1 29.759178
312 332 -1 -1 30.588527
312 332 339 -1 33.428513
300 312 -1 -1 18.883044
307 312 -1 -1 25.590877
300 307 312 -1 37.582662
312 334 -1 -1 32.914979
307 312 334 -1 33.721814
312 334 339 -1 34.018692
229 261 -1 -1 26.386335
211 261 -1 -1 44.815194
211 229 261 -1 46.870052
257 261 -1 -1 27.330053
211 257 261 -1 46.907703
234 261 -1 -1 25.985993
261 280 -1 -1 17.324362
234 261 280 -1 29.144080
229 234 261 -1 29.299634
261 286 -1 -1 27.450213
261 280 286 -1 27.498951
257 261 286 -1 31.897504
297 311 -1 -1 10.652825
297 300 -1 -1 19.619805
300 311 -1 -1 17.917825
297 300 311 -1 19.787496
285 297 -1 -1 26.481910
283 297 -1 -1 12.074058
283 285 297 -1 28.951715
285 297 300 -1 26.728063
305 311 -1 -1 19.180020
297 305 -1 -1 24.880145
297 305 311 -1 26.424787
275 297 -1 -1 26.019077
275 283 297 -1 29.647922
275 297 305 -1 35.113763
311 317 -1 -1 12.656516
300 317 -1 -1 20.967191
300 311 317 -1 21.056000
312 317 -1 -1 20.999857
300 312 317 -1 23.496385
317 332 -1 -1 20.618626
312 317 332 -1 30.687621
305 317 -1 -1 21.661988
305 317 332 -1 30.465276
305 311 317 -1 21.822729
108 -1 -1 -1 0.000000
111 -1 -1 -1 0.000000
113 -1 -1 -1 0.000000
114 -1 -1 -1 0.000000
120 -1 -1 -1 0.000000
123 -1 -1 -1 0.000000
124 -1 -1 -1 0.000000
126 -1 -1 -1 0.000000
130 -1 -1 -1 0.000000
131 -1 -1 -1 0.000000
133 -1 -1 -1 0.000000
134 -1 -1 -1 0.000000
135 -1 -1 -1 0.000000
136 -1 -1 -1 0.000000
137 -1 -1 -1 0.000000
140 -1 -1 -1 0.000000
141 -1 -1 -1 0.000000
142 -1 -1 -1 0.000000
145 -1 -1 -1 0.000000
148 -1 -1 -1 0.000000
149 -1 -1 -1 0.000000
150 -1 -1 -1 0.000000
153 -1 -1 -1 0.000000
157 -1 -1 -1 0.000000
159 -1 -1 -1 0.000000
160 -1 -1 -1 0.000000
163 -1 -1 -1 0.000000
165 -1 -1 -1 0.000000
166 -1 -1 -1 0.000000
167 -1 -1 -1 0.000000
168 -1 -1 -1 0.000000
169 -1 -1 -1 0.000000
170 -1 -1 -1 0.000000
171 -1 -1 -1 0.000000
172 -1 -1 -1 0.000000
173 -1 -1 -1 0.000000
174 -1 -1 -1 0.000000
175 -1 -1 -1 0.000000
177 -1 -1 -1 0.000000
179 -1 -1 -1 0.000000
181 -1 -1 -1 0.000000
183 -1 -1 -1 0.000000
184 -1 -1 -1 0.000000
185 -1 -1 -1 0.000000
186 -1 -1 -1 0.000000
190 -1 -1 -1 0.000000
191 -1 -1 -1 0.000000
192 -1 -1 -1 0.000000
193 -1 -1 -1 0.000000
194 -1 -1 -1 0.000000
195 -1 -1 -1 0.000000
198 -1 -1 -1 0.000000
201 -1 -1 -1 0.000000
202 -1 -1 -1 0.000000
203 -1 -1 -1 0.000000
204 -1 -1 -1 0.000000
205 -1 -1 -1 0.000000
207 -1 -1 -1 0.000000
211 -1 -1 -1 0.000000
213 -1 -1 -1 0.000000
214 -1 -1 -1 0.000000
216 -1 -1 -1 0.000000
218 -1 -1 -1 0.000000
219 -1 -1 -1 0.000000
220 -1 -1 -1 0.000000
222 -1 -1 -1 0.000000
224 -1 -1 -1 0.000000
225 -1 -1 -1 0.000000
226 -1 -1 -1 0.000000
227 -1 -1 -1 0.000000
229 -1 -1 -1 0.000000
230 -1 -1 -1 0.000000
233 -1 -1 -1 0.000000
234 -1 -1 -1 0.000000
235 -1 -1 -1 0.000000
236 -1 -1 -1 0.000000
237 -1 -1 -1 0.000000
239 -1 -1 -1 0.000000
243 -1 -1 -1 0.000000
244 -1 -1 -1 0.000000
245 -1 -1 -1 0.000000
246 -1 -1 -1 0.000000
247 -1 -1 -1 0.000000
248 -1 -1 -1 0.000000
249 -1 -1 -1 0.000000
250 -1 -1 -1 0.000000
251 -1 -1 -1 0.000000
252 -1 -1 -1 0.000000
257 -1 -1 -1 0.000000
258 -1 -1 -1 0.000000
260 -1 -1 -1 0.000000
261 -1 -1 -1 0.000000
263 -1 -1 -1 0.000000
264 -1 -1 -1 0.000000
267 -1 -1 -1 0.000000
268 -1 -1 -1 0.000000
269 -1 -1 -1 0.000000
270 -1 -1 -1 0.000000
271 -1 -1 -1 0.000000
272 -1 -1 -1 0.000000
273 -1 -1 -1 0.000000
274 -1 -1 -1 0.000000
275 -1 -1 -1 0.000000
277 -1 -1 -1 0.000000
278 -1 -1 -1 0.000000
280 -1 -1 -1 0.000000
281 -1 -1 -1 0.000000
282 -1 -1 -1 0.000000
283 -1 -1 -1 0.000000
285 -1 -1 -1 0.000000
286 -1 -1 -1 0.000000
287 -1 -1 -1 0.000000
289 -1 -1 -1 0.000000
291 -1 -1 -1 0.000000
296 -1 -1 -1 0.000000
297 -1 -1 -1 0.000000
299 -1 -1 -1 0.000000
300 -1 -1 -1 0.000000
301 -1 -1 -1 0.000000
302 -1 -1 -1 0.000000
304 -1 -1 -1 0.000000
305 -1 -1 -1 0.000000
307 -1 -1 -1 0.000000
308 -1 -1 -1 0.000000
310 -1 -1 -1 0.000000
311 -1 -1 -1 0.000000
312 -1 -1 -1 0.000000
313 -1 -1 -1 0.000000
314 -1 -1 -1 0.000000
317 -1 -1 -1 0.000000
319 -1 -1 -1 0.000000
322 -1 -1 -1 0.000000
324 -1 -1 -1 0.000000
326 -1 -1 -1 0.000000
327 -1 -1 -1 0.000000
328 -1 -1 -1 0.000000
329 -1 -1 -1 0.000000
331 -1 -1 -1 0.000000
332 -1 -1 -1 0.000000
333 -1 -1 -1 0.000000
334 -1 -1 -1 0.000000
335 -1 -1 -1 0.000000
336 -1 -1 -1 0.000000
338 -1 -1 -1 0.000000
339 -1 -1 -1 0.000000
342 -1 -1 -1 0.000000
343 -1 -1 -1 0.000000
347 -1 -1 -1 0.000000
348 -1 -1 -1 0.000000
349 -1 -1 -1 0.000000
352 -1 -1 -1 0.000000
353 -1 -1 -1 0.000000
354 -1 -1 -1 0.000000
355 -1 -1 -1 0.000000
356 -1 -1 -1 0.000000
358 -1 -1 -1 0.000000
359 -1 -1 -1 0.000000
360 -1 -1 -1 0.000000
362 -1 -1 -1 0.000000
363 -1 -1 -1 0.000000
365 -1 -1 -1 0.000000
368 -1 -1 -1 0.000000
369 -1 -1 -1 0.000000
370 -1 -1 -1 0.000000
371 -1 -1 -1 0.000000
372 -1 -1 -1 0.000000
373 -1 -1 -1 0.000000
374 -1 -1 -1 0.000000
375 -1 -1 -1 0.000000
378 -1 -1 -1 0.000000
383 -1 -1 -1 0.000000
385 -1 -1 -1 0.000000
386 -1 -1 -1 0.000000
387 -1 -1 -1 0.000000
388 -1 -1 -1 0.000000
389 -1 -1 -1 0.000000
392 -1 -1 -1 0.000000
393 -1 -1 -1 0.000000
395 -1 -1 -1 0.000000
396 -1 -1 -1 0.000000
398 -1 -1 -1 0.000000
399 -1 -1 -1 0.000000
402 -1 -1 -1 0.000000
403 -1 -1 -1 0.000000
406 -1 -1 -1 0.000000
407 -1 -1 -1 0.000000
408 -1 -1 -1 0.000000
