234 252 -1 -1 21.318298
234 265 -1 -1 31.291108
252 265 -1 -1 27.185287
234 252 265 -1 31.840436
339 370 -1 -1 35.285178
339 377 -1 -1 33.324092
370 377 -1 -1 20.267236
339 370 377 -1 36.046854
384 399 -1 -1 27.750385
375 384 -1 -1 30.228446
375 399 -1 -1 31.199399
375 384 399 -1 34.439668
377 384 -1 -1 21.682208
384 401 -1 -1 26.501536
377 401 -1 -1 30.488452
377 384 401 -1 31.193183
320 337 -1 -1 28.817731
337 347 -1 -1 31.638508
320 347 -1 -1 29.171249
320 337 347 -1 34.598487
370 373 -1 -1 27.500330
351 373 -1 -1 28.044076
351 370 -1 -1 26.017297
351 370 373 -1 31.437666
370 387 -1 -1 31.608975
373 387 -1 -1 21.068603
370 373 387 -1 32.095631
379 395 -1 -1 24.298301
151 170 -1 -1 18.706748
138 151 -1 -1 22.607934
312 323 -1 -1 27.531175
308 312 -1 -1 38.604002
308 323 -1 -1 24.788360
308 312 323 -1 38.748688
323 339 -1 -1 34.332847
308 339 -1 -1 40.627040
308 323 339 -1 40.770475
355 373 -1 -1 24.121316
351 355 -1 -1 25.616554
351 355 373 -1 30.127474
312 328 -1 -1 24.311307
299 328 -1 -1 33.284992
299 312 -1 -1 24.752020
299 312 328 -1 33.390972
328 355 -1 -1 27.363471
337 355 -1 -1 27.688677
328 337 -1 -1 34.399617
328 337 355 -1 35.256703
328 351 -1 -1 29.277485
328 351 355 -1 31.806153
323 328 -1 -1 32.338305
323 351 -1 -1 29.140822
323 328 351 -1 35.073289
312 323 328 -1 33.201389
252 268 -1 -1 19.489967
265 268 -1 -1 29.322048
252 265 268 -1 30.240029
370 392 -1 -1 25.117061
387 392 -1 -1 24.593507
370 387 392 -1 32.204977
377 392 -1 -1 23.124836
370 377 392 -1 26.664240
392 401 -1 -1 22.886645
377 392 401 -1 30.717459
342 370 -1 -1 28.170395
342 351 -1 -1 22.566662
342 351 370 -1 29.890375
339 342 -1 -1 17.461843
339 342 370 -1 35.683331
323 342 -1 -1 22.163527
323 342 351 -1 29.479933
323 339 342 -1 39.495293
339 360 -1 -1 23.865541
360 377 -1 -1 26.001227
339 360 377 -1 33.523408
360 384 -1 -1 24.023954
360 377 384 -1 27.827684
360 375 -1 -1 26.605762
360 375 384 -1 31.589992
379 398 -1 -1 36.629749
383 398 -1 -1 21.029965
379 383 -1 -1 24.763245
379 383 398 -1 38.096902
106 118 -1 -1 25.675591
106 132 -1 -1 29.876113
118 132 -1 -1 35.223676
106 118 132 -1 35.971052
380 393 -1 -1 30.383466
380 395 -1 -1 24.981066
379 380 -1 -1 27.478215
379 380 395 -1 29.685927
102 106 -1 -1 22.669420
102 111 -1 -1 24.262005
102 135 -1 -1 31.016059
111 135 -1 -1 26.775104
102 111 135 -1 32.160816
102 132 -1 -1 31.251747
102 106 132 -1 32.954800
132 135 -1 -1 23.343119
102 132 135 -1 33.584268
157 170 -1 -1 27.529117
151 157 -1 -1 22.470541
151 157 170 -1 27.714267
135 157 -1 -1 23.365078
135 151 -1 -1 26.434482
135 151 157 -1 28.058642
132 157 -1 -1 31.804783
157 167 -1 -1 22.012577
132 167 -1 -1 34.435189
132 157 167 -1 35.313327
132 135 157 -1 31.889125
114 138 -1 -1 22.562012
111 114 -1 -1 24.398846
130 135 -1 -1 18.972671
130 151 -1 -1 21.624875
130 135 151 -1 26.766356
130 138 -1 -1 18.706490
130 138 151 -1 24.428114
111 130 -1 -1 20.445233
111 130 135 -1 26.858432
114 130 -1 -1 24.607961
111 114 130 -1 26.962742
114 130 138 -1 25.798085
355 369 -1 -1 28.082267
369 373 -1 -1 32.790267
355 369 373 -1 33.597848
337 369 -1 -1 31.863216
337 355 369 -1 33.977517
314 328 -1 -1 29.147288
299 314 -1 -1 22.527891
299 314 328 -1 33.900836
314 337 -1 -1 28.696486
314 328 337 -1 35.975697
314 320 -1 -1 26.575193
314 320 337 -1 32.426424
290 312 -1 -1 32.301641
290 308 -1 -1 25.529885
290 308 312 -1 38.905408
268 290 -1 -1 22.793856
265 290 -1 -1 30.624406
265 268 290 -1 32.445081
338 339 -1 -1 25.816926
308 338 -1 -1 39.751662
308 338 339 -1 42.457332
318 338 -1 -1 18.934670
308 318 -1 -1 30.651770
308 318 338 -1 40.980683
338 360 -1 -1 32.555018
338 339 360 -1 32.893202
401 403 -1 -1 21.662517
384 403 -1 -1 25.274557
384 401 403 -1 28.532444
399 403 -1 -1 18.867689
384 399 403 -1 28.554232
378 382 -1 -1 25.205186
378 400 -1 -1 25.233901
382 400 -1 -1 33.906923
378 382 400 -1 34.064917
378 398 -1 -1 38.182164
398 400 -1 -1 29.944095
378 398 400 -1 38.229931
378 383 -1 -1 36.442795
378 383 398 -1 39.001113
118 143 -1 -1 27.735175
132 143 -1 -1 26.147778
118 132 143 -1 35.606948
143 146 -1 -1 28.109743
118 146 -1 -1 32.344806
118 143 146 -1 34.253342
143 167 -1 -1 34.021042
132 143 167 -1 37.039594
231 252 -1 -1 23.682264
231 234 -1 -1 26.639366
231 234 252 -1 27.950812
143 171 -1 -1 31.966489
146 171 -1 -1 28.029508
143 146 171 -1 34.145893
357 378 -1 -1 33.459006
357 382 -1 -1 28.422961
357 378 382 -1 34.346791
350 357 -1 -1 25.706969
350 378 -1 -1 32.430699
350 357 378 -1 35.800366
157 183 -1 -1 27.631381
170 183 -1 -1 24.513570
157 170 183 -1 30.787659
183 194 -1 -1 23.114615
183 200 -1 -1 22.136319
194 200 -1 -1 30.978990
183 194 200 -1 31.040908
167 194 -1 -1 30.211917
167 183 -1 -1 28.884329
167 183 194 -1 32.142751
157 167 183 -1 30.715473
373 388 -1 -1 35.693606
387 388 -1 -1 32.166633
373 387 388 -1 36.107121
369 388 -1 -1 27.007905
369 373 388 -1 37.411758
388 393 -1 -1 34.314473
369 393 -1 -1 37.748704
369 388 393 -1 39.093343
368 369 -1 -1 24.795631
368 393 -1 -1 24.220695
368 369 393 -1 38.419671
368 380 -1 -1 30.876594
368 380 393 -1 33.351916
361 380 -1 -1 21.253896
361 368 -1 -1 22.403646
361 368 380 -1 30.876595
347 361 -1 -1 20.111851
347 368 -1 -1 29.355273
347 361 368 -1 29.391417
337 368 -1 -1 39.166346
337 347 368 -1 39.794453
337 368 369 -1 39.238959
303 314 -1 -1 21.995300
303 320 -1 -1 24.752388
303 314 320 -1 28.466058
299 303 -1 -1 30.037029
299 303 314 -1 30.159105
290 292 -1 -1 26.921359
292 312 -1 -1 21.969795
290 292 312 -1 32.616767
268 292 -1 -1 27.013111
268 290 292 -1 29.755253
292 299 -1 -1 23.920795
292 299 312 -1 27.284359
349 360 -1 -1 29.232746
349 375 -1 -1 26.212640
349 360 375 -1 31.709502
338 349 -1 -1 23.589922
338 349 360 -1 33.664812
304 321 -1 -1 26.270955
318 321 -1 -1 32.032540
304 318 -1 -1 24.606241
304 318 321 -1 32.752279
321 349 -1 -1 33.855916
321 338 -1 -1 35.179943
318 321 338 -1 35.441051
321 338 349 -1 36.773195
290 291 -1 -1 34.132347
265 291 -1 -1 28.342217
265 290 291 -1 36.183141
291 308 -1 -1 27.872248
290 291 308 -1 34.733448
291 318 -1 -1 28.006008
291 308 318 -1 33.415313
291 304 -1 -1 27.656046
291 304 318 -1 31.029284
224 241 -1 -1 24.534855
234 241 -1 -1 32.829041
224 234 -1 -1 18.183279
224 234 241 -1 33.272291
220 250 -1 -1 30.397583
241 250 -1 -1 19.839268
220 241 -1 -1 23.943072
220 241 250 -1 30.428557
197 220 -1 -1 22.882622
200 220 -1 -1 25.759263
197 200 -1 -1 21.303191
197 200 220 -1 27.208072
365 378 -1 -1 24.067361
365 383 -1 -1 22.693706
365 378 383 -1 37.307609
350 365 -1 -1 25.933954
350 365 378 -1 32.855365
354 380 -1 -1 31.152525
354 379 -1 -1 32.091513
354 379 380 -1 35.121749
354 361 -1 -1 25.448697
354 361 380 -1 31.376011
347 354 -1 -1 34.994645
347 354 361 -1 35.502383
320 327 -1 -1 24.100543
327 347 -1 -1 22.515424
320 327 347 -1 29.891596
327 354 -1 -1 36.238733
327 347 354 -1 37.587306
210 232 -1 -1 18.961462
212 232 -1 -1 22.690654
210 212 -1 -1 27.591835
210 212 232 -1 27.833269
231 232 -1 -1 29.597589
210 231 -1 -1 26.098494
210 231 232 -1 30.015854
146 166 -1 -1 25.139745
145 166 -1 -1 25.340110
145 146 -1 -1 27.980078
145 146 166 -1 30.324764
166 171 -1 -1 30.475905
146 166 171 -1 32.493603
198 208 -1 -1 24.468764
198 222 -1 -1 26.215752
208 222 -1 -1 17.914806
198 208 222 -1 27.188357
185 208 -1 -1 19.523894
185 198 -1 -1 28.523947
185 198 208 -1 28.966013
196 208 -1 -1 26.002061
185 196 -1 -1 24.016785
185 196 208 -1 27.262752
154 158 -1 -1 22.092728
158 182 -1 -1 25.870932
154 182 -1 -1 29.843246
154 158 182 -1 30.690708
199 231 -1 -1 27.986559
199 210 -1 -1 19.195483
199 210 231 -1 29.031126
143 173 -1 -1 32.550221
167 173 -1 -1 22.969919
143 167 173 -1 35.519134
171 173 -1 -1 24.059438
143 171 173 -1 34.773631
173 199 -1 -1 23.525832
171 199 -1 -1 31.642680
171 173 199 -1 31.856905
173 194 -1 -1 32.651829
167 173 194 -1 33.907685
188 210 -1 -1 23.556380
188 212 -1 -1 25.619970
188 210 212 -1 29.735374
166 188 -1 -1 32.579750
181 188 -1 -1 31.150111
166 181 -1 -1 21.639860
166 181 188 -1 33.934838
171 188 -1 -1 24.255849
166 171 188 -1 34.247086
188 199 -1 -1 30.616098
188 199 210 -1 30.619755
171 188 199 -1 33.821207
400 402 -1 -1 25.351409
382 402 -1 -1 25.758037
382 400 402 -1 34.152991
330 357 -1 -1 28.062658
330 350 -1 -1 32.632388
330 350 357 -1 33.849961
159 160 -1 -1 20.365624
160 176 -1 -1 22.424864
159 176 -1 -1 18.326542
159 160 176 -1 23.772356
186 197 -1 -1 16.285212
170 186 -1 -1 18.453362
186 200 -1 -1 20.208991
186 197 200 -1 22.600349
183 186 -1 -1 24.867290
183 186 200 -1 26.182848
170 183 186 -1 26.622449
120 146 -1 -1 27.375873
120 145 -1 -1 30.837337
120 145 146 -1 33.330789
113 120 -1 -1 19.060200
113 145 -1 -1 26.782960
113 120 145 -1 31.089124
118 120 -1 -1 22.103516
118 120 146 -1 32.758911
390 399 -1 -1 22.359208
375 390 -1 -1 26.912313
375 390 399 -1 31.899800
285 303 -1 -1 17.960748
285 299 -1 -1 23.156137
285 299 303 -1 30.078051
276 304 -1 -1 25.181848
250 276 -1 -1 26.408017
276 291 -1 -1 27.774525
276 291 304 -1 31.111219
216 224 -1 -1 17.761283
216 241 -1 -1 20.701540
216 224 241 -1 25.005874
216 220 -1 -1 22.334066
200 216 -1 -1 16.253000
200 216 220 -1 26.004309
216 220 241 -1 25.918642
194 216 -1 -1 31.735358
194 200 216 -1 32.496887
194 224 -1 -1 27.272293
194 216 224 -1 31.781364
250 255 -1 -1 23.551001
241 255 -1 -1 21.387989
241 250 255 -1 25.133727
234 255 -1 -1 30.735816
255 265 -1 -1 21.692459
234 255 265 -1 33.112111
234 241 255 -1 33.876361
255 276 -1 -1 26.723471
250 255 276 -1 29.637861
255 291 -1 -1 36.997770
255 265 291 -1 37.108665
255 276 291 -1 37.112695
363 365 -1 -1 25.436210
363 383 -1 -1 22.350171
363 365 383 -1 27.290388
363 379 -1 -1 26.039798
363 379 383 -1 28.314243
354 363 -1 -1 30.738235
354 363 379 -1 34.549782
345 363 -1 -1 19.100543
345 354 -1 -1 27.448293
345 354 363 -1 31.167365
277 285 -1 -1 18.687112
277 303 -1 -1 25.139792
277 285 303 -1 25.184069
343 363 -1 -1 26.406521
343 345 -1 -1 20.866597
343 345 363 -1 26.629508
343 365 -1 -1 26.393198
343 363 365 -1 30.126192
343 350 -1 -1 26.424097
343 350 365 -1 30.314620
326 343 -1 -1 18.431175
326 350 -1 -1 28.084696
326 343 350 -1 29.051466
270 292 -1 -1 21.313396
268 270 -1 -1 22.568692
268 270 292 -1 27.848748
259 277 -1 -1 21.660253
267 277 -1 -1 20.336810
259 267 -1 -1 24.190469
259 267 277 -1 25.700924
259 285 -1 -1 30.162089
259 277 285 -1 30.356091
193 202 -1 -1 28.863358
181 193 -1 -1 31.869020
181 202 -1 -1 19.917321
181 193 202 -1 32.436668
202 215 -1 -1 26.176002
193 215 -1 -1 24.575126
193 202 215 -1 30.867488
188 202 -1 -1 30.602199
202 212 -1 -1 21.405583
188 202 212 -1 31.013736
181 188 202 -1 32.629205
202 230 -1 -1 26.621658
212 230 -1 -1 23.352586
202 212 230 -1 27.860700
215 230 -1 -1 19.200581
202 215 230 -1 28.344821
169 193 -1 -1 23.966441
169 181 -1 -1 28.407941
169 181 193 -1 33.084977
158 169 -1 -1 25.285918
169 182 -1 -1 26.611708
158 169 182 -1 29.953044
182 193 -1 -1 26.776809
169 182 193 -1 29.873846
198 223 -1 -1 17.802524
222 223 -1 -1 17.179919
198 222 223 -1 26.416060
223 233 -1 -1 16.304031
222 233 -1 -1 26.688402
222 223 233 -1 27.718477
206 223 -1 -1 20.166510
206 233 -1 -1 26.578156
206 223 233 -1 26.613520
198 206 -1 -1 20.308253
198 206 223 -1 22.534618
182 198 -1 -1 26.413144
182 206 -1 -1 23.491602
182 198 206 -1 27.509012
193 206 -1 -1 24.738974
182 193 206 -1 29.006295
103 104 -1 -1 34.273700
103 108 -1 -1 32.576732
100 108 -1 -1 38.143522
180 198 -1 -1 20.139680
180 182 -1 -1 25.406869
180 182 198 -1 28.145211
154 180 -1 -1 24.218245
154 180 182 -1 31.062598
180 185 -1 -1 21.636604
180 185 198 -1 28.592091
161 180 -1 -1 24.550394
161 185 -1 -1 26.651496
161 180 185 -1 28.333222
154 161 -1 -1 24.426158
154 161 180 -1 28.174016
108 128 -1 -1 30.242213
103 128 -1 -1 30.962870
103 108 128 -1 36.152105
128 161 -1 -1 31.304193
128 154 -1 -1 27.625860
128 154 161 -1 32.623179
199 205 -1 -1 21.504686
205 231 -1 -1 22.304546
199 205 231 -1 28.473740
205 224 -1 -1 26.951311
194 205 -1 -1 20.392615
194 205 224 -1 29.262498
173 205 -1 -1 34.329497
173 194 205 -1 35.257240
173 199 205 -1 34.781524
205 234 -1 -1 27.951775
205 231 234 -1 29.940171
205 224 234 -1 29.127907
141 159 -1 -1 20.133401
141 160 -1 -1 27.366448
141 159 160 -1 27.470153
100 107 -1 -1 32.430376
105 113 -1 -1 28.739369
105 120 -1 -1 21.419950
105 113 120 -1 28.739688
105 118 -1 -1 25.674925
105 118 120 -1 26.953454
332 343 -1 -1 23.847300
332 345 -1 -1 22.900727
332 343 345 -1 26.136735
326 332 -1 -1 22.079660
326 332 343 -1 25.149729
248 254 -1 -1 26.253441
233 254 -1 -1 24.428468
233 248 -1 -1 22.651456
233 248 254 -1 28.383159
254 274 -1 -1 21.584111
248 274 -1 -1 29.202616
248 254 274 -1 30.300630
217 240 -1 -1 19.640702
239 240 -1 -1 19.282897
217 239 -1 -1 21.889715
217 239 240 -1 23.537544
160 184 -1 -1 25.398357
176 184 -1 -1 25.487520
160 176 184 -1 28.343772
184 192 -1 -1 23.277383
176 192 -1 -1 16.809196
176 184 192 -1 26.147984
232 247 -1 -1 20.187049
247 261 -1 -1 25.717452
232 261 -1 -1 29.871836
232 247 261 -1 30.313396
247 270 -1 -1 21.436197
261 270 -1 -1 21.259609
247 261 270 -1 26.743935
231 247 -1 -1 24.297881
231 232 247 -1 29.828721
247 252 -1 -1 27.211535
231 247 252 -1 29.130248
247 268 -1 -1 29.361418
247 252 268 -1 30.272243
247 268 270 -1 29.541808
270 281 -1 -1 23.873601
261 281 -1 -1 19.831942
261 270 281 -1 25.257915
259 281 -1 -1 28.849344
259 261 -1 -1 22.813502
259 261 281 -1 28.967011
281 285 -1 -1 17.411070
259 281 285 -1 30.953240
281 299 -1 -1 22.650183
281 285 299 -1 24.769095
281 292 -1 -1 27.456872
281 292 299 -1 28.838209
270 281 292 -1 28.480097
249 259 -1 -1 24.587362
249 267 -1 -1 17.955783
249 259 267 -1 26.235496
230 249 -1 -1 21.588761
230 259 -1 -1 27.918161
230 249 259 -1 29.031587
215 249 -1 -1 23.603523
215 230 249 -1 25.049700
248 249 -1 -1 22.389163
248 267 -1 -1 24.290879
248 249 267 -1 25.386309
242 259 -1 -1 21.695391
242 261 -1 -1 20.343210
242 259 261 -1 25.042912
230 242 -1 -1 20.480194
230 242 259 -1 28.137349
232 242 -1 -1 22.612515
232 242 261 -1 29.890891
212 242 -1 -1 23.224805
212 232 242 -1 26.382196
212 230 242 -1 25.930125
153 166 -1 -1 30.824932
153 181 -1 -1 31.538119
153 166 181 -1 33.261040
153 169 -1 -1 20.393220
153 169 181 -1 32.168429
145 153 -1 -1 24.195026
145 153 166 -1 31.644995
153 158 -1 -1 30.642912
153 158 169 -1 30.839534
221 248 -1 -1 24.548490
221 233 -1 -1 22.188533
221 233 248 -1 26.793607
206 221 -1 -1 19.864139
206 221 233 -1 27.153598
221 249 -1 -1 29.289170
215 221 -1 -1 19.179617
215 221 249 -1 29.370004
221 248 249 -1 30.051663
193 221 -1 -1 27.145433
193 215 221 -1 28.029740
193 206 221 -1 28.229291
113 119 -1 -1 20.250159
119 145 -1 -1 25.525219
113 119 145 -1 28.404382
104 119 -1 -1 25.351145
104 125 -1 -1 32.672775
103 125 -1 -1 27.416312
103 104 125 -1 36.732798
125 128 -1 -1 30.578201
103 125 128 -1 34.371627
125 154 -1 -1 33.129165
125 158 -1 -1 26.844051
125 154 158 -1 33.275591
125 128 154 -1 35.445015
128 139 -1 -1 26.032204
108 139 -1 -1 31.923685
108 128 139 -1 34.275093
139 161 -1 -1 27.525457
128 139 161 -1 33.015283
134 160 -1 -1 27.614186
134 149 -1 -1 18.105307
149 160 -1 -1 16.617892
134 149 160 -1 28.626208
134 141 -1 -1 19.245316
134 141 160 -1 29.348773
134 139 -1 -1 29.375667
139 149 -1 -1 24.812859
134 139 149 -1 29.494434
271 302 -1 -1 35.905603
302 330 -1 -1 30.988709
240 263 -1 -1 25.875704
239 263 -1 -1 23.186272
239 240 263 -1 26.860259
307 332 -1 -1 20.263429
307 326 -1 -1 29.568785
307 326 332 -1 29.579254
233 246 -1 -1 24.407913
222 246 -1 -1 19.975006
222 233 246 -1 27.884061
246 254 -1 -1 18.932723
233 246 254 -1 26.489826
245 246 -1 -1 18.085614
222 245 -1 -1 26.443190
222 245 246 -1 26.461465
246 272 -1 -1 31.800282
245 272 -1 -1 24.512362
245 246 272 -1 31.941605
254 272 -1 -1 34.551329
246 254 272 -1 34.926040
275 277 -1 -1 23.912019
267 275 -1 -1 19.316372
267 275 277 -1 24.860284
248 275 -1 -1 32.821049
248 267 275 -1 33.066168
274 275 -1 -1 22.208692
248 274 275 -1 33.549322
298 327 -1 -1 28.765523
298 320 -1 -1 33.188770
298 320 327 -1 34.032342
298 317 -1 -1 22.251545
317 327 -1 -1 21.237086
298 317 327 -1 28.995071
293 317 -1 -1 24.460571
293 298 -1 -1 24.333104
293 298 317 -1 27.413589
274 298 -1 -1 32.539285
274 293 -1 -1 24.270162
274 293 298 -1 32.715237
275 298 -1 -1 25.051634
274 275 298 -1 32.589922
332 335 -1 -1 27.752092
335 345 -1 -1 22.456221
332 335 345 -1 28.672785
335 354 -1 -1 23.711628
335 345 354 -1 28.717621
327 335 -1 -1 30.416754
327 335 354 -1 36.505839
317 335 -1 -1 21.940831
317 327 335 -1 30.417671
217 219 -1 -1 20.180929
219 240 -1 -1 19.642161
217 219 240 -1 22.893453
208 219 -1 -1 20.149414
219 222 -1 -1 24.309144
208 219 222 -1 24.752335
196 219 -1 -1 25.118713
196 208 219 -1 27.830359
196 217 -1 -1 22.768612
196 217 219 -1 26.519571
219 245 -1 -1 24.965515
219 222 245 -1 29.201688
240 245 -1 -1 23.224197
219 240 245 -1 26.455943
211 217 -1 -1 15.090209
211 239 -1 -1 23.662066
211 217 239 -1 24.270359
211 229 -1 -1 24.277819
229 239 -1 -1 24.973353
211 229 239 -1 28.084938
184 211 -1 -1 29.473298
192 211 -1 -1 27.517053
184 192 211 -1 31.291816
196 211 -1 -1 28.902566
196 211 217 -1 29.149387
184 196 -1 -1 21.224783
184 196 211 -1 31.340663
160 174 -1 -1 26.925832
149 174 -1 -1 26.260475
149 160 174 -1 28.012782
174 184 -1 -1 21.551844
160 174 184 -1 28.758498
161 174 -1 -1 27.544266
174 185 -1 -1 24.602372
161 174 185 -1 30.423810
174 196 -1 -1 24.368048
174 185 196 -1 28.096881
174 184 196 -1 26.024410
119 137 -1 -1 22.961899
104 137 -1 -1 30.681505
104 119 137 -1 31.290502
125 137 -1 -1 22.168108
104 125 137 -1 33.918470
137 153 -1 -1 23.677334
137 145 -1 -1 33.370253
137 145 153 -1 33.383638
119 137 145 -1 33.422011
137 158 -1 -1 28.112005
137 153 158 -1 32.224323
125 137 158 -1 30.062776
139 162 -1 -1 19.936873
149 162 -1 -1 17.503752
139 149 162 -1 25.013312
161 162 -1 -1 19.679852
139 161 162 -1 27.541916
162 174 -1 -1 17.998451
149 162 174 -1 26.377504
161 162 174 -1 27.606251
117 134 -1 -1 22.459339
117 141 -1 -1 19.876486
117 134 141 -1 23.893114
107 117 -1 -1 20.712528
100 117 -1 -1 25.577650
100 107 117 -1 32.444713
116 139 -1 -1 23.135686
108 116 -1 -1 24.855495
108 116 139 -1 32.142381
116 134 -1 -1 22.132803
116 134 139 -1 29.751140
100 116 -1 -1 25.222736
100 108 116 -1 38.643013
116 117 -1 -1 31.827727
100 116 117 -1 32.589809
116 117 134 -1 31.833372
302 316 -1 -1 24.043607
316 330 -1 -1 30.394063
302 316 330 -1 33.363899
316 326 -1 -1 17.965055
316 350 -1 -1 33.157794
316 326 350 -1 33.160160
316 330 350 -1 37.093651
289 302 -1 -1 34.812146
289 316 -1 -1 31.580061
289 302 316 -1 35.854512
307 316 -1 -1 34.737460
307 316 326 -1 34.738888
289 307 -1 -1 21.671754
289 307 316 -1 35.383014
253 263 -1 -1 21.814999
239 253 -1 -1 21.984485
239 253 263 -1 25.813627
253 271 -1 -1 22.755510
229 253 -1 -1 28.053539
229 239 253 -1 29.326366
283 302 -1 -1 24.572753
283 289 -1 -1 26.328924
283 289 302 -1 34.887763
271 283 -1 -1 29.835078
271 283 302 -1 36.260844
253 283 -1 -1 31.539159
253 271 283 -1 33.109659
263 283 -1 -1 22.015749
253 263 283 -1 31.559089
240 258 -1 -1 20.396703
245 258 -1 -1 20.914614
240 245 258 -1 24.978350
258 263 -1 -1 17.540858
240 258 263 -1 25.950131
258 272 -1 -1 21.753843
245 258 272 -1 26.069737
272 289 -1 -1 29.099502
258 289 -1 -1 36.393946
258 272 289 -1 36.394177
258 283 -1 -1 32.865807
258 283 289 -1 37.683415
258 263 283 -1 35.416217
272 280 -1 -1 20.826582
280 289 -1 -1 33.353007
272 280 289 -1 33.678482
280 307 -1 -1 28.736892
280 289 307 -1 33.719129
274 280 -1 -1 30.203214
280 293 -1 -1 22.556059
274 280 293 -1 30.646668
254 280 -1 -1 32.676628
254 274 280 -1 33.643606
254 272 280 -1 35.469685
311 317 -1 -1 22.888453
293 311 -1 -1 22.730761
293 311 317 -1 27.022725
280 311 -1 -1 30.171870
280 293 311 -1 30.363825
307 311 -1 -1 21.418486
280 307 311 -1 31.670735
311 332 -1 -1 21.965340
307 311 332 -1 24.537337
311 335 -1 -1 25.021609
311 332 335 -1 29.168533
311 317 335 -1 27.021438
295 303 -1 -1 17.083281
295 320 -1 -1 26.725265
295 303 320 -1 27.428537
295 298 -1 -1 19.478715
295 298 320 -1 33.189709
275 295 -1 -1 22.841072
275 295 298 -1 26.326516
277 295 -1 -1 24.375485
277 295 303 -1 26.397377
275 277 295 -1 27.406490
192 209 -1 -1 15.358957
209 229 -1 -1 21.711396
209 211 -1 -1 17.419482
192 209 211 -1 30.126970
209 211 229 -1 25.041785
100 -1 -1 -1 0.000000
102 -1 -1 -1 0.000000
103 -1 -1 -1 0.000000
104 -1 -1 -1 0.000000
105 -1 -1 -1 0.000000
106 -1 -1 -1 0.000000
107 -1 -1 -1 0.000000
108 -1 -1 -1 0.000000
111 -1 -1 -1 0.000000
113 -1 -1 -1 0.000000
114 -1 -1 -1 0.000000
116 -1 -1 -1 0.000000
117 -1 -1 -1 0.000000
118 -1 -1 -1 0.000000
119 -1 -1 -1 0.000000
120 -1 -1 -1 0.000000
125 -1 -1 -1 0.000000
128 -1 -1 -1 0.000000
130 -1 -1 -1 0.000000
132 -1 -1 -1 0.000000
134 -1 -1 -1 0.000000
135 -1 -1 -1 0.000000
137 -1 -1 -1 0.000000
138 -1 -1 -1 0.000000
139 -1 -1 -1 0.000000
141 -1 -1 -1 0.000000
143 -1 -1 -1 0.000000
145 -1 -1 -1 0.000000
146 -1 -1 -1 0.000000
149 -1 -1 -1 0.000000
151 -1 -1 -1 0.000000
153 -1 -1 -1 0.000000
154 -1 -1 -1 0.000000
157 -1 -1 -1 0.000000
158 -1 -1 -1 0.000000
159 -1 -1 -1 0.000000
160 -1 -1 -1 0.000000
161 -1 -1 -1 0.000000
162 -1 -1 -1 0.000000
166 -1 -1 -1 0.000000
167 -1 -1 -1 0.000000
169 -1 -1 -1 0.000000
170 -1 -1 -1 0.000000
171 -1 -1 -1 0.000000
173 -1 -1 -1 0.000000
174 -1 -1 -1 0.000000
176 -1 -1 -1 0.000000
180 -1 -1 -1 0.000000
181 -1 -1 -1 0.000000
182 -1 -1 -1 0.000000
183 -1 -1 -1 0.000000
184 -1 -1 -1 0.000000
185 -1 -1 -1 0.000000
186 -1 -1 -1 0.000000
188 -1 -1 -1 0.000000
192 -1 -1 -1 0.000000
193 -1 -1 -1 0.000000
194 -1 -1 -1 0.000000
196 -1 -1 -1 0.000000
197 -1 -1 -1 0.000000
198 -1 -1 -1 0.000000
199 -1 -1 -1 0.000000
200 -1 -1 -1 0.000000
202 -1 -1 -1 0.000000
205 -1 -1 -1 0.000000
206 -1 -1 -1 0.000000
208 -1 -1 -1 0.000000
209 -1 -1 -1 0.000000
210 -1 -1 -1 0.000000
211 -1 -1 -1 0.000000
212 -1 -1 -1 0.000000
215 -1 -1 -1 0.000000
216 -1 -1 -1 0.000000
217 -1 -1 -1 0.000000
219 -1 -1 -1 0.000000
220 -1 -1 -1 0.000000
221 -1 -1 -1 0.000000
222 -1 -1 -1 0.000000
223 -1 -1 -1 0.000000
224 -1 -1 -1 0.000000
229 -1 -1 -1 0.000000
230 -1 -1 -1 0.000000
231 -1 -1 -1 0.000000
232 -1 -1 -1 0.000000
233 -1 -1 -1 0.000000
234 -1 -1 -1 0.000000
239 -1 -1 -1 0.000000
240 -1 -1 -1 0.000000
241 -1 -1 -1 0.000000
242 -1 -1 -1 0.000000
245 -1 -1 -1 0.000000
246 -1 -1 -1 0.000000
247 -1 -1 -1 0.000000
248 -1 -1 -1 0.000000
249 -1 -1 -1 0.000000
250 -1 -1 -1 0.000000
252 -1 -1 -1 0.000000
253 -1 -1 -1 0.000000
254 -1 -1 -1 0.000000
255 -1 -1 -1 0.000000
258 -1 -1 -1 0.000000
259 -1 -1 -1 0.000000
261 -1 -1 -1 0.000000
263 -1 -1 -1 0.000000
265 -1 -1 -1 0.000000
267 -1 -1 -1 0.000000
268 -1 -1 -1 0.000000
270 -1 -1 -1 0.000000
271 -1 -1 -1 0.000000
272 -1 -1 -1 0.000000
274 -1 -1 -1 0.000000
275 -1 -1 -1 0.000000
276 -1 -1 -1 0.000000
277 -1 -1 -1 0.000000
280 -1 -1 -1 0.000000
281 -1 -1 -1 0.000000
283 -1 -1 -1 0.000000
285 -1 -1 -1 0.000000
289 -1 -1 -1 0.000000
290 -1 -1 -1 0.000000
291 -1 -1 -1 0.000000
292 -1 -1 -1 0.000000
293 -1 -1 -1 0.000000
295 -1 -1 -1 0.000000
298 -1 -1 -1 0.000000
299 -1 -1 -1 0.000000
302 -1 -1 -1 0.000000
303 -1 -1 -1 0.000000
304 -1 -1 -1 0.000000
307 -1 -1 -1 0.000000
308 -1 -1 -1 0.000000
311 -1 -1 -1 0.000000
312 -1 -1 -1 0.000000
314 -1 -1 -1 0.000000
316 -1 -1 -1 0.000000
317 -1 -1 -1 0.000000
318 -1 -1 -1 0.000000
320 -1 -1 -1 0.000000
321 -1 -1 -1 0.000000
323 -1 -1 -1 0.000000
326 -1 -1 -1 0.000000
327 -1 -1 -1 0.000000
328 -1 -1 -1 0.000000
330 -1 -1 -1 0.000000
332 -1 -1 -1 0.000000
335 -1 -1 -1 0.000000
337 -1 -1 -1 0.000000
338 -1 -1 -1 0.000000
339 -1 -1 -1 0.000000
342 -1 -1 -1 0.000000
343 -1 -1 -1 0.000000
345 -1 -1 -1 0.000000
347 -1 -1 -1 0.000000
349 -1 -1 -1 0.000000
350 -1 -1 -1 0.000000
351 -1 -1 -1 0.000000
354 -1 -1 -1 0.000000
355 -1 -1 -1 0.000000
357 -1 -1 -1 0.000000
360 -1 -1 -1 0.000000
361 -1 -1 -1 0.000000
363 -1 -1 -1 0.000000
365 -1 -1 -1 0.000000
368 -1 -1 -1 0.000000
369 -1 -1 -1 0.000000
370 -1 -1 -1 0.000000
373 -1 -1 -1 0.000000
375 -1 -1 -1 0.000000
377 -1 -1 -1 0.000000
378 -1 -1 -1 0.000000
379 -1 -1 -1 0.000000
380 -1 -1 -1 0.000000
382 -1 -1 -1 0.000000
383 -1 -1 -1 0.000000
384 -1 -1 -1 0.000000
387 -1 -1 -1 0.000000
388 -1 -1 -1 0.000000
390 -1 -1 -1 0.000000
392 -1 -1 -1 0.000000
393 -1 -1 -1 0.000000
395 -1 -1 -1 0.000000
398 -1 -1 -1 0.000000
399 -1 -1 -1 0.000000
400 -1 -1 -1 0.000000
401 -1 -1 -1 0.000000
402 -1 -1 -1 0.000000
403 -1 -1 -1 0.000000
