656 660 -1 -1 27.698152
641 656 -1 -1 19.200049
641 660 -1 -1 27.361178
641 656 660 -1 29.376905
633 660 -1 -1 20.344732
633 641 -1 -1 25.893597
633 641 660 -1 28.866118
410 465 -1 -1 20.388051
410 437 -1 -1 17.226964
437 465 -1 -1 15.911708
410 437 465 -1 21.028589
430 477 -1 -1 19.049002
437 477 -1 -1 18.174954
430 437 -1 -1 18.078878
430 437 477 -1 21.304995
656 659 -1 -1 16.574940
641 659 -1 -1 24.807354
641 656 659 -1 24.831335
694 713 -1 -1 18.956597
694 727 -1 -1 21.939292
713 727 -1 -1 16.807438
694 713 727 -1 22.670273
713 756 -1 -1 25.567609
717 756 -1 -1 28.305809
713 717 -1 -1 17.394833
713 717 756 -1 28.745985
689 694 -1 -1 19.582367
661 689 -1 -1 19.739575
661 694 -1 -1 21.851733
661 689 694 -1 23.649005
689 713 -1 -1 21.286317
689 717 -1 -1 21.804872
689 713 717 -1 23.556667
689 694 713 -1 23.119214
693 694 -1 -1 14.185203
693 727 -1 -1 19.402129
693 694 727 -1 22.283170
687 694 -1 -1 19.929084
687 693 -1 -1 13.477382
687 693 694 -1 19.943052
592 611 -1 -1 18.484993
611 633 -1 -1 24.993252
592 633 -1 -1 23.310333
592 611 633 -1 26.218869
799 810 -1 -1 23.402519
477 488 -1 -1 14.499749
488 516 -1 -1 15.095316
477 516 -1 -1 18.579247
477 488 516 -1 19.012525
757 770 -1 -1 24.265983
741 757 -1 -1 23.470445
729 757 -1 -1 20.111780
729 741 -1 -1 17.763408
729 741 757 -1 24.157228
741 770 -1 -1 22.284058
741 757 770 -1 26.999111
465 492 -1 -1 12.976619
437 492 -1 -1 19.651349
437 465 492 -1 19.723950
477 492 -1 -1 10.721189
437 477 492 -1 19.881268
492 516 -1 -1 19.145986
477 492 516 -1 19.696915
492 509 -1 -1 20.996360
509 516 -1 -1 22.586808
492 509 516 -1 24.309287
410 441 -1 -1 15.012724
441 465 -1 -1 22.257441
410 441 465 -1 22.915612
522 538 -1 -1 24.440712
504 522 -1 -1 14.093943
504 538 -1 -1 18.057064
504 522 538 -1 24.693557
509 526 -1 -1 12.885747
526 547 -1 -1 22.289337
509 547 -1 -1 17.679106
509 526 547 -1 22.307183
516 526 -1 -1 15.651192
509 516 526 -1 23.301948
526 553 -1 -1 13.224024
516 553 -1 -1 19.596452
516 526 553 -1 19.670210
756 759 -1 -1 12.493574
717 759 -1 -1 23.610443
717 756 759 -1 28.623670
665 698 -1 -1 23.613380
698 708 -1 -1 13.913854
665 708 -1 -1 23.131214
665 698 708 -1 24.494102
559 575 -1 -1 17.971331
554 575 -1 -1 21.608568
554 559 -1 -1 20.331907
554 559 575 -1 23.246107
575 585 -1 -1 22.352042
554 585 -1 -1 17.110111
554 575 585 -1 23.877610
628 687 -1 -1 24.088533
800 816 -1 -1 23.450539
798 816 -1 -1 24.456818
798 814 -1 -1 24.759182
759 781 -1 -1 27.000602
756 781 -1 -1 25.659256
756 759 781 -1 27.243667
773 781 -1 -1 20.212005
759 773 -1 -1 17.866433
759 773 781 -1 27.000645
781 798 -1 -1 23.312718
773 798 -1 -1 24.769103
773 781 798 -1 26.540297
781 814 -1 -1 29.839660
781 810 -1 -1 29.395163
810 814 -1 -1 17.517297
781 810 814 -1 31.012383
781 798 814 -1 30.665432
725 732 -1 -1 14.472269
725 742 -1 -1 20.588279
732 742 -1 -1 19.795455
725 732 742 -1 21.652604
750 758 -1 -1 15.725323
745 758 -1 -1 16.320926
745 750 -1 -1 26.220485
745 750 758 -1 27.867605
750 786 -1 -1 27.835654
758 786 -1 -1 25.855938
750 758 786 -1 28.263717
660 684 -1 -1 17.741014
656 684 -1 -1 23.368318
656 660 684 -1 27.876471
684 720 -1 -1 14.146202
656 720 -1 -1 28.035740
656 684 720 -1 28.086702
698 735 -1 -1 26.683785
698 745 -1 -1 25.576464
735 745 -1 -1 14.962646
698 735 745 -1 27.334517
708 735 -1 -1 23.819063
698 708 735 -1 26.756754
735 741 -1 -1 12.809998
735 770 -1 -1 27.063693
735 741 770 -1 27.280094
733 753 -1 -1 20.755521
727 753 -1 -1 17.502679
727 733 -1 -1 17.138496
727 733 753 -1 21.634606
753 767 -1 -1 19.666813
733 767 -1 -1 20.498421
733 753 767 -1 23.466109
713 753 -1 -1 23.801352
713 727 753 -1 23.818512
753 756 -1 -1 13.583186
713 753 756 -1 25.862129
486 538 -1 -1 23.266163
486 504 -1 -1 20.888388
486 504 538 -1 24.334529
481 499 -1 -1 9.613535
481 509 -1 -1 20.614062
499 509 -1 -1 22.669431
481 499 509 -1 22.670293
481 492 -1 -1 20.823159
465 481 -1 -1 14.191718
465 481 492 -1 21.142831
481 492 509 -1 24.032725
441 481 -1 -1 24.006581
441 465 481 -1 24.455449
509 527 -1 -1 24.529832
527 547 -1 -1 14.356534
509 527 547 -1 24.864882
499 527 -1 -1 21.178663
499 509 527 -1 26.468582
626 649 -1 -1 18.180706
611 649 -1 -1 26.808419
611 626 -1 -1 23.471038
611 626 649 -1 27.309502
649 689 -1 -1 21.625961
649 661 -1 -1 19.086350
649 661 689 -1 23.378691
626 661 -1 -1 21.675702
626 649 661 -1 22.913208
587 626 -1 -1 23.500885
587 611 -1 -1 14.753007
587 611 626 -1 24.737832
527 587 -1 -1 23.133588
548 587 -1 -1 23.729685
527 548 -1 -1 20.363333
527 548 587 -1 26.023043
587 592 -1 -1 24.901189
548 592 -1 -1 20.987003
548 587 592 -1 26.981116
587 592 611 -1 25.056964
743 759 -1 -1 17.816080
717 743 -1 -1 20.817610
717 743 759 -1 24.455692
743 773 -1 -1 23.940161
743 759 773 -1 24.060115
743 763 -1 -1 21.496697
763 773 -1 -1 20.913981
743 763 773 -1 25.692383
701 750 -1 -1 27.789800
701 732 -1 -1 25.495844
732 750 -1 -1 16.299690
701 732 750 -1 28.213156
698 701 -1 -1 18.789161
701 745 -1 -1 27.558882
698 701 745 -1 28.522346
701 745 750 -1 31.424910
721 741 -1 -1 21.813412
721 729 -1 -1 13.502882
721 729 741 -1 21.836474
665 671 -1 -1 15.363618
671 698 -1 -1 24.384621
665 671 698 -1 25.357195
671 701 -1 -1 28.292508
662 671 -1 -1 15.287577
662 701 -1 -1 26.090402
662 671 701 -1 28.585668
671 698 701 -1 28.664655
629 671 -1 -1 24.530086
629 662 -1 -1 26.454625
629 662 671 -1 26.897811
585 636 -1 -1 23.446359
603 636 -1 -1 22.477867
585 603 -1 -1 14.310872
585 603 636 -1 24.210135
520 559 -1 -1 17.934300
520 522 -1 -1 18.454026
522 559 -1 -1 15.006746
520 522 559 -1 19.979542
559 574 -1 -1 29.510733
522 574 -1 -1 27.269464
522 559 574 -1 29.724334
538 574 -1 -1 20.665809
522 538 574 -1 28.388272
574 592 -1 -1 15.354677
548 574 -1 -1 24.335848
548 574 592 -1 24.545150
538 548 -1 -1 15.176633
538 548 574 -1 24.468271
572 585 -1 -1 19.165966
572 603 -1 -1 20.919094
572 585 603 -1 21.578006
554 572 -1 -1 21.241566
554 572 585 -1 22.408460
597 628 -1 -1 25.201727
553 597 -1 -1 21.745594
616 626 -1 -1 11.301335
616 661 -1 -1 25.518681
616 626 661 -1 25.673056
763 789 -1 -1 22.483197
773 789 -1 -1 28.135232
763 773 789 -1 28.506568
789 798 -1 -1 23.313905
773 789 798 -1 29.659257
789 816 -1 -1 25.792438
789 800 -1 -1 20.803784
789 800 816 -1 27.276703
789 798 816 -1 28.388646
767 776 -1 -1 18.921250
767 799 -1 -1 25.793374
776 799 -1 -1 21.453178
767 776 799 -1 26.263716
776 810 -1 -1 27.332855
776 799 810 -1 28.304475
776 781 -1 -1 18.552613
776 781 810 -1 30.161804
756 776 -1 -1 25.749030
756 776 781 -1 27.561772
753 776 -1 -1 25.945245
753 756 776 -1 26.790860
753 767 776 -1 26.066294
706 720 -1 -1 15.454701
656 706 -1 -1 26.122071
656 706 720 -1 28.437292
706 725 -1 -1 13.333293
706 742 -1 -1 22.509005
706 725 742 -1 22.853732
706 744 -1 -1 25.827973
742 744 -1 -1 22.542635
706 742 744 -1 27.492393
720 744 -1 -1 18.958925
706 720 744 -1 26.007814
758 777 -1 -1 24.848047
745 777 -1 -1 28.115506
745 758 777 -1 28.303453
735 777 -1 -1 30.295064
735 745 777 -1 30.496617
770 777 -1 -1 21.577416
735 770 777 -1 31.206714
750 771 -1 -1 23.773234
771 786 -1 -1 19.555324
750 771 786 -1 28.328926
732 771 -1 -1 28.444558
742 771 -1 -1 23.607450
732 742 771 -1 28.769510
732 750 771 -1 28.455771
805 812 -1 -1 22.173854
786 812 -1 -1 29.457306
786 805 -1 -1 24.331377
786 805 812 -1 30.065636
771 805 -1 -1 30.427573
771 786 805 -1 30.467315
771 788 -1 -1 22.198800
788 805 -1 -1 22.752858
771 788 805 -1 30.534951
684 709 -1 -1 24.587103
660 709 -1 -1 28.672099
660 684 709 -1 28.851661
709 743 -1 -1 22.030407
709 717 -1 -1 22.952960
709 717 743 -1 25.386435
685 721 -1 -1 16.853577
416 441 -1 -1 15.579047
441 460 -1 -1 17.275711
416 460 -1 -1 20.169516
416 441 460 -1 20.828698
416 426 -1 -1 11.398186
426 460 -1 -1 19.679172
416 426 460 -1 20.809224
464 486 -1 -1 15.069577
460 464 -1 -1 8.796121
460 486 -1 -1 20.353918
460 464 486 -1 22.362819
426 464 -1 -1 18.892845
426 460 464 -1 19.879291
425 464 -1 -1 17.282090
425 426 -1 -1 11.724867
425 426 464 -1 19.264340
511 527 -1 -1 17.668417
511 548 -1 -1 18.544612
511 527 548 -1 21.903818
499 511 -1 -1 17.675185
499 511 527 -1 22.073668
511 538 -1 -1 21.779743
511 538 548 -1 22.130900
486 511 -1 -1 19.523924
486 511 538 -1 25.037895
461 481 -1 -1 17.648083
461 499 -1 -1 16.717189
461 481 499 -1 17.968502
461 511 -1 -1 25.227335
461 499 511 -1 25.299299
441 461 -1 -1 14.753963
460 461 -1 -1 9.287007
441 460 461 -1 17.279163
441 461 481 -1 24.105723
461 486 -1 -1 24.526560
460 461 486 -1 25.452074
461 486 511 -1 27.058391
611 643 -1 -1 16.907568
633 643 -1 -1 15.690325
611 633 643 -1 25.382918
643 649 -1 -1 20.281715
611 643 649 -1 26.821574
643 660 -1 -1 25.632033
633 643 660 -1 25.632333
744 769 -1 -1 21.798371
742 769 -1 -1 25.010555
742 744 769 -1 26.853567
769 771 -1 -1 30.204929
742 769 771 -1 31.030017
769 788 -1 -1 22.305681
769 771 788 -1 30.299037
769 800 -1 -1 28.570374
788 800 -1 -1 20.970571
769 788 800 -1 28.812556
769 789 -1 -1 26.392171
769 789 800 -1 29.807496
744 763 -1 -1 25.848680
763 769 -1 -1 26.101103
744 763 769 -1 28.617187
763 769 789 -1 29.047203
681 701 -1 -1 24.739308
662 681 -1 -1 21.712345
662 681 701 -1 28.142963
659 681 -1 -1 21.725467
659 662 -1 -1 27.072810
659 662 681 -1 27.772860
681 725 -1 -1 17.713906
681 732 -1 -1 26.375710
681 725 732 -1 28.007415
681 701 732 -1 29.518232
681 706 -1 -1 24.648390
681 706 725 -1 25.426772
656 681 -1 -1 28.901179
656 659 681 -1 29.122160
656 681 706 -1 30.890315
719 721 -1 -1 9.377364
685 719 -1 -1 20.178800
685 719 721 -1 20.305144
719 741 -1 -1 22.166969
719 721 741 -1 22.522319
719 735 -1 -1 23.518994
708 719 -1 -1 10.499119
708 719 735 -1 24.282521
719 735 741 -1 23.910319
638 671 -1 -1 21.205725
629 638 -1 -1 14.407409
629 638 671 -1 24.632016
638 665 -1 -1 21.303466
638 665 671 -1 22.795829
635 638 -1 -1 15.324859
635 665 -1 -1 20.099268
635 638 665 -1 22.334290
606 638 -1 -1 21.280345
613 638 -1 -1 19.585250
606 613 -1 -1 7.760457
606 613 638 -1 21.289774
606 629 -1 -1 20.635397
606 629 638 -1 22.334768
635 669 -1 -1 21.569443
665 669 -1 -1 13.989671
635 665 669 -1 22.213647
669 708 -1 -1 20.984562
665 669 708 -1 23.481315
669 719 -1 -1 23.048242
669 708 719 -1 23.070525
669 685 -1 -1 19.017992
669 685 719 -1 24.239429
629 648 -1 -1 20.668933
603 629 -1 -1 17.697299
603 648 -1 -1 26.195522
603 629 648 -1 26.267695
636 648 -1 -1 12.073972
603 636 648 -1 26.250684
648 662 -1 -1 17.335231
629 648 662 -1 26.474652
648 659 -1 -1 20.167817
648 659 662 -1 27.091095
636 659 -1 -1 21.412262
636 648 659 -1 21.822944
585 608 -1 -1 20.728056
575 608 -1 -1 16.653086
575 585 608 -1 23.434130
608 636 -1 -1 13.342460
585 608 636 -1 23.576069
608 659 -1 -1 27.297551
608 641 -1 -1 25.677419
608 641 659 -1 30.013573
608 636 659 -1 27.804861
493 520 -1 -1 15.035675
493 522 -1 -1 21.431280
493 520 522 -1 21.843672
493 504 -1 -1 22.581838
493 504 522 -1 23.291642
487 493 -1 -1 11.065994
487 504 -1 -1 19.480585
487 493 504 -1 22.585717
529 559 -1 -1 21.256516
529 554 -1 -1 15.458962
529 554 559 -1 22.428245
520 529 -1 -1 11.466666
520 529 559 -1 21.256620
491 529 -1 -1 20.286612
491 520 -1 -1 22.054736
491 520 529 -1 22.219898
559 583 -1 -1 28.497972
575 583 -1 -1 20.294403
559 575 583 -1 28.659363
574 583 -1 -1 18.104618
559 574 583 -1 30.567892
583 608 -1 -1 27.340446
583 641 -1 -1 22.329568
583 608 641 -1 29.280207
575 583 608 -1 27.442757
583 633 -1 -1 27.234651
583 633 641 -1 29.309653
583 592 -1 -1 26.485032
583 592 633 -1 29.822458
574 583 592 -1 27.339499
572 601 -1 -1 18.566794
601 603 -1 -1 14.761860
572 601 603 -1 21.485448
601 629 -1 -1 21.560830
601 603 629 -1 21.736202
601 606 -1 -1 8.887956
601 606 629 -1 21.689826
440 448 -1 -1 11.157525
403 440 -1 -1 14.007843
403 448 -1 -1 18.425392
403 440 448 -1 18.458754
448 454 -1 -1 8.778658
403 454 -1 -1 18.722396
403 448 454 -1 19.125043
537 572 -1 -1 17.009142
545 572 -1 -1 18.338456
537 545 -1 -1 9.616292
537 545 572 -1 18.518336
454 485 -1 -1 18.641343
454 491 -1 -1 17.379591
485 491 -1 -1 14.879513
454 485 491 -1 19.823756
448 485 -1 -1 14.364393
448 454 485 -1 19.274265
485 501 -1 -1 11.674097
471 501 -1 -1 14.939511
471 485 -1 -1 15.442735
471 485 501 -1 16.465059
501 508 -1 -1 11.966790
471 508 -1 -1 18.393808
471 501 508 -1 18.450715
508 537 -1 -1 16.897203
508 545 -1 -1 16.234246
508 537 545 -1 17.345265
501 537 -1 -1 16.437051
501 508 537 -1 17.867321
587 600 -1 -1 11.028127
600 626 -1 -1 20.435217
587 600 626 -1 23.510778
600 616 -1 -1 18.460170
600 616 626 -1 20.588988
591 600 -1 -1 17.168819
591 616 -1 -1 13.551033
591 600 616 -1 19.324724
547 600 -1 -1 18.380308
547 591 -1 -1 22.420941
547 591 600 -1 22.911517
527 600 -1 -1 23.459422
527 547 600 -1 23.461147
527 587 600 -1 23.987133
577 597 -1 -1 13.172029
577 628 -1 -1 29.405484
577 597 628 -1 29.510850
577 616 -1 -1 19.295758
616 628 -1 -1 28.375452
577 616 628 -1 30.684036
577 591 -1 -1 8.023018
577 591 616 -1 23.519640
553 577 -1 -1 23.143989
553 577 597 -1 23.588831
526 577 -1 -1 27.695198
526 553 577 -1 27.813959
547 577 -1 -1 26.155501
547 577 591 -1 27.660193
526 547 577 -1 29.624550
616 639 -1 -1 23.645545
639 661 -1 -1 15.286925
616 639 661 -1 26.022726
628 639 -1 -1 13.153613
616 628 639 -1 28.573089
639 687 -1 -1 21.440980
628 639 687 -1 24.193460
639 694 -1 -1 27.205363
639 661 694 -1 27.230929
639 687 694 -1 27.462854
793 812 -1 -1 28.840129
786 793 -1 -1 16.102125
786 793 812 -1 30.347450
758 793 -1 -1 23.359241
758 786 793 -1 26.291759
777 793 -1 -1 20.047508
758 777 793 -1 26.552210
792 806 -1 -1 16.258298
770 792 -1 -1 18.243452
709 730 -1 -1 18.820451
730 743 -1 -1 22.375507
709 730 743 -1 24.516173
730 744 -1 -1 16.359723
730 763 -1 -1 24.484448
730 744 763 -1 26.684851
730 743 763 -1 26.442370
720 730 -1 -1 19.758678
720 730 744 -1 21.375654
684 730 -1 -1 24.359782
684 720 730 -1 24.360105
684 709 730 -1 26.512969
615 638 -1 -1 19.030098
613 615 -1 -1 7.941204
613 615 638 -1 19.773672
615 635 -1 -1 16.490499
615 635 638 -1 19.860751
579 605 -1 -1 15.750926
605 619 -1 -1 13.652930
579 619 -1 -1 22.603825
579 605 619 -1 22.969500
447 462 -1 -1 15.504903
419 447 -1 -1 16.473547
419 462 -1 -1 18.685721
419 447 462 -1 19.711194
767 782 -1 -1 23.572278
782 799 -1 -1 19.349213
767 782 799 -1 26.953495
445 473 -1 -1 18.982750
473 487 -1 -1 17.993388
445 487 -1 -1 15.306239
445 473 487 -1 20.337854
473 504 -1 -1 17.590908
473 487 504 -1 21.262953
473 486 -1 -1 11.913377
473 486 504 -1 20.901856
464 473 -1 -1 17.683898
464 473 486 -1 17.905380
425 445 -1 -1 19.228413
425 473 -1 -1 23.504024
425 445 473 -1 24.232385
425 464 473 -1 23.614112
643 679 -1 -1 23.415497
660 679 -1 -1 25.027744
643 660 679 -1 28.569663
649 679 -1 -1 20.185000
643 649 679 -1 24.808440
679 709 -1 -1 21.765436
660 679 709 -1 29.653977
679 689 -1 -1 21.655140
649 679 689 -1 24.463952
679 717 -1 -1 27.784633
679 689 717 -1 28.259580
679 709 717 -1 28.541598
658 669 -1 -1 14.496481
635 658 -1 -1 19.289407
635 658 669 -1 22.057441
658 685 -1 -1 19.737182
658 669 685 -1 20.912919
476 520 -1 -1 21.115827
476 491 -1 -1 12.199841
476 491 520 -1 22.558770
476 493 -1 -1 14.664657
476 493 520 -1 21.117054
454 476 -1 -1 18.100014
454 476 491 -1 18.916994
572 573 -1 -1 10.953070
545 573 -1 -1 14.986880
545 572 573 -1 18.344287
573 601 -1 -1 13.166871
572 573 601 -1 18.868687
440 452 -1 -1 9.612211
448 452 -1 -1 11.530684
440 448 452 -1 12.529650
452 485 -1 -1 16.373794
452 471 -1 -1 10.622788
452 471 485 -1 16.927394
448 452 485 -1 16.765536
515 537 -1 -1 16.607527
501 515 -1 -1 14.759939
501 515 537 -1 18.467588
515 529 -1 -1 16.861518
491 515 -1 -1 14.994843
491 515 529 -1 20.675456
485 515 -1 -1 15.316288
485 491 515 -1 17.397899
485 501 515 -1 16.330438
792 804 -1 -1 23.863543
777 804 -1 -1 28.029734
770 804 -1 -1 31.851124
770 777 804 -1 32.479335
770 792 804 -1 32.118919
540 579 -1 -1 18.856478
447 484 -1 -1 19.398889
462 484 -1 -1 13.359382
447 462 484 -1 19.502070
424 445 -1 -1 14.166231
424 425 -1 -1 11.435014
424 425 445 -1 19.364127
625 658 -1 -1 19.050218
625 635 -1 -1 12.158364
625 635 658 -1 20.216248
605 625 -1 -1 16.713064
619 625 -1 -1 14.774676
605 619 625 -1 17.583592
615 625 -1 -1 15.526658
615 625 635 -1 17.343768
619 647 -1 -1 17.515696
647 685 -1 -1 25.437003
647 658 -1 -1 14.161192
647 658 685 -1 25.570024
625 647 -1 -1 22.483546
619 625 647 -1 22.499653
625 647 658 -1 22.614318
458 493 -1 -1 20.635212
458 487 -1 -1 21.072295
458 487 493 -1 21.643463
458 476 -1 -1 12.825626
458 476 493 -1 20.793064
454 458 -1 -1 18.863180
454 458 476 -1 19.732465
451 462 -1 -1 11.250055
419 451 -1 -1 16.853446
419 451 462 -1 18.935974
451 494 -1 -1 20.293818
462 494 -1 -1 19.402180
451 462 494 -1 20.751389
472 508 -1 -1 16.592478
508 510 -1 -1 11.242137
472 510 -1 -1 17.324447
472 508 510 -1 18.004416
471 472 -1 -1 10.693224
471 472 508 -1 18.589264
515 546 -1 -1 15.347225
537 546 -1 -1 12.847501
515 537 546 -1 17.507153
546 572 -1 -1 13.671281
546 554 -1 -1 15.544934
546 554 572 -1 21.271805
537 546 572 -1 17.286290
529 546 -1 -1 17.733548
529 546 554 -1 18.898693
515 529 546 -1 19.319650
793 807 -1 -1 21.171237
777 807 -1 -1 27.121470
777 793 807 -1 27.371839
804 807 -1 -1 20.798705
777 804 807 -1 29.794349
807 812 -1 -1 23.256454
793 807 812 -1 29.215421
564 579 -1 -1 10.342789
540 564 -1 -1 17.506912
540 564 579 -1 19.102195
552 564 -1 -1 11.118008
540 552 -1 -1 17.207727
540 552 564 -1 18.327697
564 605 -1 -1 18.623269
564 579 605 -1 18.629225
494 535 -1 -1 17.878097
494 510 -1 -1 13.535419
510 535 -1 -1 14.214631
494 510 535 -1 18.143997
494 505 -1 -1 9.586509
462 505 -1 -1 16.246127
462 494 505 -1 19.444778
484 505 -1 -1 12.519175
462 484 505 -1 16.627900
444 445 -1 -1 12.518127
444 487 -1 -1 17.429059
444 445 487 -1 17.898747
444 458 -1 -1 9.759948
444 458 487 -1 21.259191
431 444 -1 -1 15.122548
431 458 -1 -1 12.966254
431 444 458 -1 15.266615
451 469 -1 -1 14.059014
439 451 -1 -1 11.547547
439 469 -1 -1 14.526938
439 451 469 -1 15.633197
443 469 -1 -1 15.506070
439 443 -1 -1 9.152294
439 443 469 -1 15.840583
443 472 -1 -1 15.745741
469 472 -1 -1 11.695681
443 469 472 -1 16.852940
469 494 -1 -1 13.879506
451 469 494 -1 20.324806
469 510 -1 -1 18.134789
469 494 510 -1 18.278220
469 472 510 -1 18.816013
558 564 -1 -1 16.551503
552 558 -1 -1 17.145288
552 558 564 -1 17.867817
535 558 -1 -1 19.336452
535 552 -1 -1 18.432901
535 552 558 -1 21.211588
535 544 -1 -1 13.318840
510 544 -1 -1 17.756008
510 535 544 -1 18.016633
508 544 -1 -1 18.786197
508 510 544 -1 19.268224
544 545 -1 -1 9.074901
508 544 545 -1 18.791526
544 573 -1 -1 17.290843
544 545 573 -1 17.298302
505 518 -1 -1 17.961711
484 518 -1 -1 14.912776
484 505 518 -1 18.170923
518 552 -1 -1 17.242499
518 540 -1 -1 13.018451
518 540 552 -1 18.604698
524 535 -1 -1 14.583946
524 552 -1 -1 11.427416
524 535 552 -1 18.433920
518 524 -1 -1 14.586879
518 524 552 -1 17.409451
505 524 -1 -1 11.673901
505 518 524 -1 18.016060
494 524 -1 -1 16.749571
494 524 535 -1 19.126528
494 505 524 -1 17.227726
422 431 -1 -1 9.712048
403 422 -1 -1 15.146791
422 454 -1 -1 12.678747
403 422 454 -1 18.822951
422 458 -1 -1 15.440696
422 454 458 -1 18.979848
422 431 458 -1 15.511474
436 443 -1 -1 8.983781
436 452 -1 -1 13.426870
436 471 -1 -1 14.495578
436 452 471 -1 15.151137
436 472 -1 -1 15.376747
436 471 472 -1 16.036765
436 443 472 -1 16.264546
564 599 -1 -1 19.442309
599 605 -1 -1 9.328696
564 599 605 -1 19.698418
558 599 -1 -1 15.349523
558 564 599 -1 20.128674
599 625 -1 -1 18.871333
599 605 625 -1 18.881485
599 615 -1 -1 13.528067
599 615 625 -1 19.123217
599 613 -1 -1 17.074548
599 613 615 -1 17.470223
558 613 -1 -1 22.981900
558 599 613 -1 22.981943
558 571 -1 -1 13.374190
535 571 -1 -1 20.988231
535 558 571 -1 21.500792
544 571 -1 -1 13.696721
535 544 571 -1 21.452759
571 573 -1 -1 13.605635
544 571 573 -1 17.639541
571 601 -1 -1 18.701019
571 606 -1 -1 18.431401
571 601 606 -1 19.129859
571 573 601 -1 18.706600
571 613 -1 -1 20.162509
571 606 613 -1 20.167854
558 571 613 -1 23.112389
403 -1 -1 -1 0.000000
410 -1 -1 -1 0.000000
416 -1 -1 -1 0.000000
419 -1 -1 -1 0.000000
422 -1 -1 -1 0.000000
424 -1 -1 -1 0.000000
425 -1 -1 -1 0.000000
426 -1 -1 -1 0.000000
430 -1 -1 -1 0.000000
431 -1 -1 -1 0.000000
436 -1 -1 -1 0.000000
437 -1 -1 -1 0.000000
439 -1 -1 -1 0.000000
440 -1 -1 -1 0.000000
441 -1 -1 -1 0.000000
443 -1 -1 -1 0.000000
444 -1 -1 -1 0.000000
445 -1 -1 -1 0.000000
447 -1 -1 -1 0.000000
448 -1 -1 -1 0.000000
451 -1 -1 -1 0.000000
452 -1 -1 -1 0.000000
454 -1 -1 -1 0.000000
458 -1 -1 -1 0.000000
460 -1 -1 -1 0.000000
461 -1 -1 -1 0.000000
462 -1 -1 -1 0.000000
464 -1 -1 -1 0.000000
465 -1 -1 -1 0.000000
469 -1 -1 -1 0.000000
471 -1 -1 -1 0.000000
472 -1 -1 -1 0.000000
473 -1 -1 -1 0.000000
476 -1 -1 -1 0.000000
477 -1 -1 -1 0.000000
481 -1 -1 -1 0.000000
484 -1 -1 -1 0.000000
485 -1 -1 -1 0.000000
486 -1 -1 -1 0.000000
487 -1 -1 -1 0.000000
488 -1 -1 -1 0.000000
491 -1 -1 -1 0.000000
492 -1 -1 -1 0.000000
493 -1 -1 -1 0.000000
494 -1 -1 -1 0.000000
499 -1 -1 -1 0.000000
501 -1 -1 -1 0.000000
504 -1 -1 -1 0.000000
505 -1 -1 -1 0.000000
508 -1 -1 -1 0.000000
509 -1 -1 -1 0.000000
510 -1 -1 -1 0.000000
511 -1 -1 -1 0.000000
515 -1 -1 -1 0.000000
516 -1 -1 -1 0.000000
518 -1 -1 -1 0.000000
520 -1 -1 -1 0.000000
522 -1 -1 -1 0.000000
524 -1 -1 -1 0.000000
526 -1 -1 -1 0.000000
527 -1 -1 -1 0.000000
529 -1 -1 -1 0.000000
535 -1 -1 -1 0.000000
537 -1 -1 -1 0.000000
538 -1 -1 -1 0.000000
540 -1 -1 -1 0.000000
544 -1 -1 -1 0.000000
545 -1 -1 -1 0.000000
546 -1 -1 -1 0.000000
547 -1 -1 -1 0.000000
548 -1 -1 -1 0.000000
552 -1 -1 -1 0.000000
553 -1 -1 -1 0.000000
554 -1 -1 -1 0.000000
558 -1 -1 -1 0.000000
559 -1 -1 -1 0.000000
564 -1 -1 -1 0.000000
571 -1 -1 -1 0.000000
572 -1 -1 -1 0.000000
573 -1 -1 -1 0.000000
574 -1 -1 -1 0.000000
575 -1 -1 -1 0.000000
577 -1 -1 -1 0.000000
579 -1 -1 -1 0.000000
583 -1 -1 -1 0.000000
585 -1 -1 -1 0.000000
587 -1 -1 -1 0.000000
591 -1 -1 -1 0.000000
592 -1 -1 -1 0.000000
597 -1 -1 -1 0.000000
599 -1 -1 -1 0.000000
600 -1 -1 -1 0.000000
601 -1 -1 -1 0.000000
603 -1 -1 -1 0.000000
605 -1 -1 -1 0.000000
606 -1 -1 -1 0.000000
608 -1 -1 -1 0.000000
611 -1 -1 -1 0.000000
613 -1 -1 -1 0.000000
615 -1 -1 -1 0.000000
616 -1 -1 -1 0.000000
619 -1 -1 -1 0.000000
625 -1 -1 -1 0.000000
626 -1 -1 -1 0.000000
628 -1 -1 -1 0.000000
629 -1 -1 -1 0.000000
633 -1 -1 -1 0.000000
635 -1 -1 -1 0.000000
636 -1 -1 -1 0.000000
638 -1 -1 -1 0.000000
639 -1 -1 -1 0.000000
641 -1 -1 -1 0.000000
643 -1 -1 -1 0.000000
647 -1 -1 -1 0.000000
648 -1 -1 -1 0.000000
649 -1 -1 -1 0.000000
656 -1 -1 -1 0.000000
658 -1 -1 -1 0.000000
659 -1 -1 -1 0.000000
660 -1 -1 -1 0.000000
661 -1 -1 -1 0.000000
662 -1 -1 -1 0.000000
665 -1 -1 -1 0.000000
669 -1 -1 -1 0.000000
671 -1 -1 -1 0.000000
679 -1 -1 -1 0.000000
681 -1 -1 -1 0.000000
684 -1 -1 -1 0.000000
685 -1 -1 -1 0.000000
687 -1 -1 -1 0.000000
689 -1 -1 -1 0.000000
693 -1 -1 -1 0.000000
694 -1 -1 -1 0.000000
698 -1 -1 -1 0.000000
701 -1 -1 -1 0.000000
706 -1 -1 -1 0.000000
708 -1 -1 -1 0.000000
709 -1 -1 -1 0.000000
713 -1 -1 -1 0.000000
717 -1 -1 -1 0.000000
719 -1 -1 -1 0.000000
720 -1 -1 -1 0.000000
721 -1 -1 -1 0.000000
725 -1 -1 -1 0.000000
727 -1 -1 -1 0.000000
729 -1 -1 -1 0.000000
730 -1 -1 -1 0.000000
732 -1 -1 -1 0.000000
733 -1 -1 -1 0.000000
735 -1 -1 -1 0.000000
741 -1 -1 -1 0.000000
742 -1 -1 -1 0.000000
743 -1 -1 -1 0.000000
744 -1 -1 -1 0.000000
745 -1 -1 -1 0.000000
750 -1 -1 -1 0.000000
753 -1 -1 -1 0.000000
756 -1 -1 -1 0.000000
757 -1 -1 -1 0.000000
758 -1 -1 -1 0.000000
759 -1 -1 -1 0.000000
763 -1 -1 -1 0.000000
767 -1 -1 -1 0.000000
769 -1 -1 -1 0.000000
770 -1 -1 -1 0.000000
771 -1 -1 -1 0.000000
773 -1 -1 -1 0.000000
776 -1 -1 -1 0.000000
777 -1 -1 -1 0.000000
781 -1 -1 -1 0.000000
782 -1 -1 -1 0.000000
786 -1 -1 -1 0.000000
788 -1 -1 -1 0.000000
789 -1 -1 -1 0.000000
792 -1 -1 -1 0.000000
793 -1 -1 -1 0.000000
798 -1 -1 -1 0.000000
799 -1 -1 -1 0.000000
800 -1 -1 -1 0.000000
804 -1 -1 -1 0.000000
805 -1 -1 -1 0.000000
806 -1 -1 -1 0.000000
807 -1 -1 -1 0.000000
810 -1 -1 -1 0.000000
812 -1 -1 -1 0.000000
814 -1 -1 -1 0.000000
816 -1 -1 -1 0.000000
