316 322 -1 -1 17.568462
255 275 -1 -1 28.870845
77 79 -1 -1 20.239853
121 130 -1 -1 28.370660
128 130 -1 -1 23.668711
121 128 -1 -1 11.210710
121 128 130 -1 29.112098
112 132 -1 -1 45.783828
132 142 -1 -1 55.736925
112 142 -1 -1 35.269614
112 132 142 -1 55.883179
132 149 -1 -1 32.643970
142 149 -1 -1 44.217059
132 142 149 -1 55.761575
178 197 -1 -1 25.901292
191 197 -1 -1 21.194920
178 191 -1 -1 26.628611
178 191 197 -1 28.716677
178 188 -1 -1 39.021245
188 191 -1 -1 21.814388
178 188 191 -1 40.782239
197 214 -1 -1 26.203939
191 214 -1 -1 32.665361
191 197 214 -1 32.728283
221 243 -1 -1 35.242392
221 226 -1 -1 32.955112
226 243 -1 -1 32.065135
221 226 243 -1 38.690836
287 301 -1 -1 28.623160
279 301 -1 -1 41.673551
279 287 -1 -1 40.961148
279 287 301 -1 44.054325
261 287 -1 -1 37.583296
261 277 -1 -1 36.669107
277 287 -1 -1 41.799843
261 277 287 -1 44.923939
256 261 -1 -1 38.381465
243 256 -1 -1 39.181641
243 261 -1 -1 30.242134
243 256 261 -1 42.124957
287 298 -1 -1 27.627531
277 298 -1 -1 31.178173
277 287 298 -1 41.800835
124 144 -1 -1 34.739794
241 255 -1 -1 19.003358
217 241 -1 -1 35.484170
77 100 -1 -1 38.471739
79 100 -1 -1 41.660754
77 79 100 -1 41.866245
94 112 -1 -1 34.015338
251 256 -1 -1 23.481448
236 251 -1 -1 25.707870
236 256 -1 -1 31.020421
236 251 256 -1 31.707691
221 234 -1 -1 26.465223
234 243 -1 -1 26.381479
221 234 243 -1 35.459723
234 256 -1 -1 31.341492
234 236 -1 -1 20.071141
234 236 256 -1 32.936650
234 243 256 -1 39.329111
142 170 -1 -1 37.670844
149 170 -1 -1 32.215700
142 149 170 -1 45.193418
178 185 -1 -1 25.299831
185 197 -1 -1 18.299548
178 185 197 -1 27.422113
210 214 -1 -1 21.586180
197 210 -1 -1 28.233637
197 210 214 -1 29.739948
185 210 -1 -1 34.095078
185 197 210 -1 34.109903
185 189 -1 -1 24.820596
189 210 -1 -1 32.227725
185 189 210 -1 35.833209
210 234 -1 -1 38.133420
210 221 -1 -1 25.425704
210 221 234 -1 38.255167
210 236 -1 -1 39.657225
214 236 -1 -1 30.708171
210 214 236 -1 39.963202
210 234 236 -1 40.359469
294 301 -1 -1 29.471760
301 316 -1 -1 22.361317
294 316 -1 -1 33.989625
294 301 316 -1 34.443715
294 322 -1 -1 36.483246
294 316 322 -1 36.711317
294 297 -1 -1 21.372015
297 322 -1 -1 39.045142
294 297 322 -1 39.613732
279 294 -1 -1 27.443055
279 294 301 -1 41.779228
258 265 -1 -1 33.060311
265 277 -1 -1 31.172013
258 277 -1 -1 33.974189
258 265 277 -1 37.868875
258 261 -1 -1 29.869959
258 261 277 -1 39.079989
243 258 -1 -1 27.647450
243 258 261 -1 33.850409
226 258 -1 -1 35.649751
226 243 258 -1 37.300675
273 287 -1 -1 30.918219
273 279 -1 -1 19.805821
273 279 287 -1 42.530349
261 273 -1 -1 26.198597
261 273 287 -1 37.967206
256 273 -1 -1 30.978454
256 279 -1 -1 36.375419
256 273 279 -1 36.385417
256 261 273 -1 38.601065
293 298 -1 -1 31.321243
277 293 -1 -1 37.067615
277 293 298 -1 38.812940
301 313 -1 -1 30.820123
287 313 -1 -1 34.964336
287 301 313 -1 36.774018
298 313 -1 -1 30.854903
287 298 313 -1 36.523389
313 316 -1 -1 40.489261
301 313 316 -1 40.877308
83 88 -1 -1 25.522381
71 83 -1 -1 27.230681
71 88 -1 -1 24.388458
71 83 88 -1 29.788268
88 91 -1 -1 23.437233
71 91 -1 -1 35.119133
71 88 91 -1 35.226657
91 108 -1 -1 29.629527
88 108 -1 -1 23.406665
88 91 108 -1 30.239546
88 99 -1 -1 27.908206
99 108 -1 -1 25.727230
88 99 108 -1 29.886438
83 99 -1 -1 27.417822
83 88 99 -1 31.182046
144 151 -1 -1 19.017238
127 147 -1 -1 30.795420
127 133 -1 -1 19.865268
133 147 -1 -1 28.545072
127 133 147 -1 31.645441
297 320 -1 -1 40.480863
320 322 -1 -1 19.539808
297 320 322 -1 41.118259
314 320 -1 -1 26.110402
297 314 -1 -1 44.231096
297 314 320 -1 44.902000
284 299 -1 -1 27.238382
296 299 -1 -1 25.072451
284 296 -1 -1 34.027564
284 296 299 -1 34.447742
284 297 -1 -1 32.445348
297 299 -1 -1 23.427943
284 297 299 -1 33.025126
299 314 -1 -1 34.530153
297 299 314 -1 44.627579
299 311 -1 -1 36.443983
296 311 -1 -1 28.886107
296 299 311 -1 36.602997
311 314 -1 -1 30.021853
299 311 314 -1 39.214569
309 311 -1 -1 26.959243
271 288 -1 -1 31.624268
271 296 -1 -1 37.187479
288 296 -1 -1 24.203140
271 288 296 -1 37.518757
268 288 -1 -1 36.226401
268 271 -1 -1 20.247154
268 271 288 -1 36.332268
288 311 -1 -1 38.862605
288 296 311 -1 38.943544
288 309 -1 -1 34.475389
288 309 311 -1 39.819448
306 309 -1 -1 32.847079
306 324 -1 -1 30.067585
96 97 -1 -1 24.741230
79 96 -1 -1 37.680533
79 97 -1 -1 28.657786
79 96 97 -1 37.682260
97 100 -1 -1 34.325925
79 97 100 -1 42.040734
87 100 -1 -1 29.357217
77 87 -1 -1 37.328774
77 87 100 -1 41.130389
75 96 -1 -1 28.124187
75 79 -1 -1 26.233157
75 79 96 -1 37.711025
160 171 -1 -1 23.526841
161 171 -1 -1 33.155177
160 161 -1 -1 35.919129
160 161 171 -1 36.930462
171 186 -1 -1 21.078200
186 199 -1 -1 25.152025
171 199 -1 -1 25.246989
171 186 199 -1 27.742470
141 143 -1 -1 20.568967
141 161 -1 -1 24.983367
143 161 -1 -1 28.150522
141 143 161 -1 29.057657
141 160 -1 -1 32.443862
141 160 161 -1 36.986197
256 272 -1 -1 30.663551
272 279 -1 -1 21.812571
256 272 279 -1 36.463400
251 272 -1 -1 30.785492
251 256 272 -1 33.248039
272 294 -1 -1 41.045524
272 279 294 -1 44.388808
272 297 -1 -1 45.319686
272 294 297 -1 45.376314
188 218 -1 -1 39.764993
191 218 -1 -1 35.544159
188 191 218 -1 39.973011
214 218 -1 -1 29.661071
191 214 218 -1 37.984932
170 196 -1 -1 29.774489
189 196 -1 -1 19.590230
170 189 -1 -1 36.680351
170 189 196 -1 36.756699
155 157 -1 -1 22.869989
142 155 -1 -1 33.056257
142 157 -1 -1 26.865957
142 155 157 -1 33.312416
157 170 -1 -1 28.220180
142 157 170 -1 37.751499
157 158 -1 -1 30.835561
155 158 -1 -1 23.797654
155 157 158 -1 31.088364
235 265 -1 -1 34.946088
235 258 -1 -1 32.144126
235 258 265 -1 38.622344
226 235 -1 -1 27.464617
226 235 258 -1 37.281477
313 317 -1 -1 30.106890
293 317 -1 -1 35.582319
298 317 -1 -1 32.828317
293 298 317 -1 38.561716
298 313 317 -1 36.177840
99 124 -1 -1 32.801697
267 275 -1 -1 26.257380
255 267 -1 -1 26.711509
255 267 275 -1 31.590794
241 267 -1 -1 33.270110
241 255 267 -1 33.286928
253 267 -1 -1 25.979547
241 253 -1 -1 25.242352
241 253 267 -1 33.684984
267 269 -1 -1 34.760364
253 269 -1 -1 30.432541
253 267 269 -1 35.885161
269 283 -1 -1 26.122174
267 283 -1 -1 26.776595
267 269 283 -1 35.089203
230 253 -1 -1 31.047894
230 241 -1 -1 19.374891
230 241 253 -1 31.086276
222 230 -1 -1 19.312101
222 253 -1 -1 38.702456
222 230 253 -1 39.055826
217 230 -1 -1 28.101169
217 230 241 -1 35.617309
275 286 -1 -1 30.011307
267 286 -1 -1 32.678826
267 275 286 -1 34.635481
283 286 -1 -1 23.136428
267 283 286 -1 33.046754
286 308 -1 -1 22.741523
286 300 -1 -1 32.702349
283 300 -1 -1 28.205523
283 286 300 -1 33.378680
151 176 -1 -1 34.316729
122 124 -1 -1 17.819368
122 144 -1 -1 30.937508
122 124 144 -1 34.805674
99 122 -1 -1 31.070218
99 122 124 -1 33.389960
106 127 -1 -1 25.407932
106 133 -1 -1 29.247826
106 127 133 -1 29.750351
106 121 -1 -1 27.486755
106 128 -1 -1 31.202898
106 121 128 -1 31.559773
128 133 -1 -1 16.629630
106 128 133 -1 31.624766
91 106 -1 -1 25.711177
106 108 -1 -1 23.364951
91 106 108 -1 30.807601
139 147 -1 -1 23.146967
127 139 -1 -1 24.425880
127 139 147 -1 31.211622
122 139 -1 -1 32.074734
139 144 -1 -1 17.528347
122 139 144 -1 32.859287
122 127 -1 -1 31.130523
122 127 139 -1 34.282665
85 102 -1 -1 25.186748
85 96 -1 -1 24.554398
96 102 -1 -1 31.998040
85 96 102 -1 32.485251
102 130 -1 -1 32.000130
102 121 -1 -1 16.758188
102 121 130 -1 32.067760
69 80 -1 -1 27.299004
69 91 -1 -1 29.422626
69 71 -1 -1 22.524621
69 71 91 -1 35.315822
80 91 -1 -1 30.279716
69 80 91 -1 33.575270
278 284 -1 -1 20.173825
242 278 -1 -1 37.885661
242 284 -1 -1 39.451607
242 278 284 -1 40.160184
278 296 -1 -1 27.612049
278 284 296 -1 34.029387
271 278 -1 -1 21.801602
271 278 296 -1 37.460801
200 211 -1 -1 33.662315
200 213 -1 -1 31.519146
211 213 -1 -1 32.612079
200 211 213 -1 37.681519
246 271 -1 -1 34.742321
246 268 -1 -1 25.840249
246 268 271 -1 35.010906
208 224 -1 -1 29.732294
208 219 -1 -1 27.907981
219 224 -1 -1 27.171045
208 219 224 -1 32.719775
280 288 -1 -1 35.295503
268 280 -1 -1 25.321507
268 280 288 -1 38.256950
312 318 -1 -1 24.207219
308 318 -1 -1 24.157372
308 312 -1 -1 21.975398
308 312 318 -1 27.146353
286 312 -1 -1 32.916725
286 308 312 -1 33.031961
300 312 -1 -1 20.692428
286 300 312 -1 34.575028
312 319 -1 -1 30.571889
300 319 -1 -1 30.080610
300 312 319 -1 32.268812
300 304 -1 -1 28.310147
304 319 -1 -1 25.424247
300 304 319 -1 32.480070
290 304 -1 -1 27.736332
290 306 -1 -1 34.319762
304 306 -1 -1 30.501135
290 304 306 -1 36.078125
304 324 -1 -1 31.512560
304 306 324 -1 35.463441
319 324 -1 -1 29.839891
304 319 324 -1 33.754644
289 300 -1 -1 23.885739
283 289 -1 -1 24.014642
283 289 300 -1 29.632188
269 289 -1 -1 26.719907
269 283 289 -1 29.666401
289 304 -1 -1 29.025123
289 290 -1 -1 24.371587
289 290 304 -1 31.452684
289 300 304 -1 31.543628
97 114 -1 -1 31.761841
100 114 -1 -1 23.507847
97 100 114 -1 35.514935
114 137 -1 -1 34.563548
131 137 -1 -1 34.278063
114 131 -1 -1 20.722113
114 131 137 -1 36.097672
117 143 -1 -1 27.659658
130 143 -1 -1 23.817040
117 130 -1 -1 20.032364
117 130 143 -1 28.310889
102 117 -1 -1 30.443060
102 117 130 -1 33.043417
96 117 -1 -1 32.051002
96 102 117 -1 36.399012
137 145 -1 -1 17.563957
131 145 -1 -1 26.424037
131 137 145 -1 34.855533
141 145 -1 -1 32.228792
131 141 -1 -1 19.966209
131 141 145 -1 32.277902
145 160 -1 -1 20.960295
141 145 160 -1 34.182739
78 82 -1 -1 24.397780
76 85 -1 -1 22.560613
76 96 -1 -1 32.547319
76 85 96 -1 32.584023
75 76 -1 -1 19.216008
75 76 96 -1 32.690059
80 85 -1 -1 27.002262
76 80 -1 -1 33.670884
76 80 85 -1 33.795122
171 182 -1 -1 15.853597
182 199 -1 -1 24.714307
171 182 199 -1 26.353907
161 182 -1 -1 27.986436
179 182 -1 -1 17.728014
161 179 -1 -1 27.057038
161 179 182 -1 29.102510
161 171 182 -1 33.243628
72 94 -1 -1 35.369217
264 272 -1 -1 16.774294
251 264 -1 -1 35.652149
251 264 272 -1 35.681598
264 284 -1 -1 25.362041
242 264 -1 -1 29.651835
242 264 284 -1 39.461670
264 297 -1 -1 42.733062
264 284 297 -1 42.867382
264 272 297 -1 45.351414
214 225 -1 -1 24.146558
225 236 -1 -1 19.703242
214 225 236 -1 30.721745
218 225 -1 -1 19.797846
214 218 225 -1 29.809309
225 251 -1 -1 30.922815
225 236 251 -1 31.053638
149 190 -1 -1 49.821549
170 190 -1 -1 45.084038
149 170 190 -1 50.875603
190 196 -1 -1 27.689584
170 190 196 -1 46.326646
196 207 -1 -1 26.345043
189 207 -1 -1 33.663598
189 196 207 -1 33.712187
207 210 -1 -1 39.298432
207 221 -1 -1 27.025465
207 210 221 -1 39.593704
189 207 210 -1 41.052609
207 226 -1 -1 32.346385
207 221 226 -1 35.872447
190 207 -1 -1 30.985337
190 196 207 -1 32.988712
166 170 -1 -1 34.134345
166 189 -1 -1 32.124701
166 170 189 -1 39.804589
157 166 -1 -1 19.838178
157 166 170 -1 34.142707
166 185 -1 -1 25.041420
166 185 189 -1 32.598358
158 166 -1 -1 24.373925
157 158 166 -1 30.857923
166 178 -1 -1 35.287585
158 178 -1 -1 28.738430
158 166 178 -1 35.565431
166 178 185 -1 35.292876
247 269 -1 -1 31.088921
247 253 -1 -1 22.634925
247 253 269 -1 33.091265
222 247 -1 -1 35.722867
222 247 253 -1 39.342800
220 247 -1 -1 35.489675
220 222 -1 -1 22.148468
220 222 247 -1 37.466043
270 280 -1 -1 34.152769
280 290 -1 -1 35.551384
270 290 -1 -1 27.859416
270 280 290 -1 38.053634
247 270 -1 -1 37.969642
245 247 -1 -1 23.454384
245 270 -1 -1 27.763448
245 247 270 -1 38.133977
269 270 -1 -1 25.161905
247 269 270 -1 38.164634
270 289 -1 -1 34.217564
270 289 290 -1 34.592069
269 270 289 -1 34.515290
163 168 -1 -1 24.289303
147 168 -1 -1 38.458857
147 163 -1 -1 36.152143
147 163 168 -1 39.595998
202 217 -1 -1 27.697091
202 230 -1 -1 38.593239
202 217 230 -1 38.629430
202 222 -1 -1 35.853982
202 222 230 -1 38.883967
176 184 -1 -1 25.138516
184 202 -1 -1 30.019765
176 202 -1 -1 39.567687
176 184 202 -1 39.576847
151 169 -1 -1 37.666091
144 169 -1 -1 34.728209
144 151 169 -1 37.907950
169 176 -1 -1 20.176339
151 169 176 -1 37.939636
139 169 -1 -1 34.357078
139 144 169 -1 35.718176
147 169 -1 -1 33.218967
139 147 169 -1 35.996938
120 122 -1 -1 15.595511
120 127 -1 -1 21.804050
120 122 127 -1 33.484137
106 120 -1 -1 27.627999
108 120 -1 -1 15.454589
106 108 120 -1 27.640204
106 120 127 -1 29.190786
99 120 -1 -1 31.208696
99 108 120 -1 31.341941
99 120 122 -1 32.165356
143 152 -1 -1 22.838670
152 161 -1 -1 23.183315
143 152 161 -1 29.087565
130 152 -1 -1 32.756694
130 143 152 -1 32.760174
147 150 -1 -1 18.240447
133 150 -1 -1 22.483061
133 147 150 -1 28.556677
150 163 -1 -1 26.872943
147 150 163 -1 37.410314
85 92 -1 -1 26.621984
80 92 -1 -1 18.162041
80 85 92 -1 28.501136
92 102 -1 -1 28.989346
85 92 102 -1 31.269643
91 92 -1 -1 20.635334
80 91 92 -1 31.005064
254 278 -1 -1 33.426961
242 254 -1 -1 21.805562
242 254 278 -1 38.108791
254 271 -1 -1 29.221091
254 271 278 -1 33.898688
246 254 -1 -1 31.728470
246 254 271 -1 37.124563
238 246 -1 -1 18.132526
238 254 -1 -1 23.708784
238 246 254 -1 32.020216
195 200 -1 -1 18.984035
195 213 -1 -1 29.753393
195 200 213 -1 32.335252
182 195 -1 -1 22.253053
195 199 -1 -1 13.523592
182 195 199 -1 24.870218
179 200 -1 -1 26.370986
179 195 -1 -1 28.729184
179 195 200 -1 29.521815
179 182 195 -1 28.735009
200 205 -1 -1 39.182589
205 211 -1 -1 34.802133
200 205 211 -1 41.750656
168 205 -1 -1 37.026245
198 205 -1 -1 21.722714
168 198 -1 -1 32.498921
168 198 205 -1 37.257630
208 212 -1 -1 14.657068
199 212 -1 -1 20.451562
199 208 -1 -1 26.018956
199 208 212 -1 26.088962
195 212 -1 -1 24.617661
212 213 -1 -1 19.965343
195 212 213 -1 29.975263
195 199 212 -1 24.618617
212 224 -1 -1 28.781752
213 224 -1 -1 28.986587
212 213 224 -1 30.782184
208 212 224 -1 30.276221
186 206 -1 -1 24.264403
199 206 -1 -1 28.837839
186 199 206 -1 30.431024
206 208 -1 -1 15.600738
199 206 208 -1 29.011713
186 188 -1 -1 25.044960
188 206 -1 -1 18.737611
186 188 206 -1 26.670584
206 218 -1 -1 37.379480
188 206 218 -1 40.050864
218 219 -1 -1 19.665937
206 219 -1 -1 33.499096
206 218 219 -1 37.514564
206 208 219 -1 33.721984
280 291 -1 -1 19.195389
288 291 -1 -1 30.549552
280 288 291 -1 35.335757
291 309 -1 -1 41.433468
291 306 -1 -1 30.359861
291 306 309 -1 41.859774
288 291 309 -1 42.221608
290 291 -1 -1 28.345923
290 291 306 -1 36.199105
280 290 291 -1 35.678968
115 117 -1 -1 16.268396
115 143 -1 -1 32.681272
115 117 143 -1 32.710983
115 141 -1 -1 36.697813
115 131 -1 -1 29.412802
115 131 141 -1 36.789715
115 141 143 -1 36.911388
114 115 -1 -1 31.491071
114 115 131 -1 32.510255
97 115 -1 -1 24.243331
97 114 115 -1 34.242845
96 115 -1 -1 31.468750
96 97 115 -1 31.960300
96 115 117 -1 32.874042
145 167 -1 -1 38.996506
137 167 -1 -1 40.006409
137 145 167 -1 40.575918
167 178 -1 -1 30.691268
167 188 -1 -1 34.618224
167 178 188 -1 40.782427
66 78 -1 -1 36.866131
78 87 -1 -1 37.621302
66 87 -1 -1 38.119721
66 78 87 -1 43.354645
66 77 -1 -1 36.183500
66 77 87 -1 42.996202
82 84 -1 -1 30.089666
72 84 -1 -1 34.167380
84 94 -1 -1 41.380964
72 84 94 -1 43.268074
218 240 -1 -1 36.307080
219 240 -1 -1 34.367745
218 219 240 -1 36.942781
225 240 -1 -1 29.375990
218 225 240 -1 36.360965
240 251 -1 -1 19.894451
225 240 251 -1 32.013653
240 264 -1 -1 37.912354
240 242 -1 -1 24.812754
240 242 264 -1 37.941390
240 251 264 -1 38.418553
201 235 -1 -1 43.578779
201 226 -1 -1 46.967719
201 226 235 -1 47.810405
201 207 -1 -1 48.295503
201 207 226 -1 50.673072
190 201 -1 -1 32.171042
190 201 207 -1 49.002289
168 177 -1 -1 33.980298
163 177 -1 -1 22.542511
163 168 177 -1 34.025657
152 177 -1 -1 27.913752
152 163 -1 -1 24.037416
152 163 177 -1 29.104248
161 177 -1 -1 30.269946
177 179 -1 -1 17.526997
161 177 179 -1 30.527782
152 161 177 -1 31.831267
194 202 -1 -1 25.504100
176 194 -1 -1 35.247306
176 194 202 -1 40.239799
194 222 -1 -1 38.803538
194 202 222 -1 39.924098
194 220 -1 -1 40.565211
194 198 -1 -1 21.778759
198 220 -1 -1 37.471711
194 198 220 -1 40.984633
194 220 222 -1 41.437005
168 173 -1 -1 21.012288
147 173 -1 -1 33.364806
147 168 173 -1 38.514944
169 173 -1 -1 16.235983
147 169 173 -1 34.329309
173 198 -1 -1 34.433818
168 173 198 -1 35.369144
173 194 -1 -1 36.790066
173 194 198 -1 37.583142
173 176 -1 -1 31.491388
169 173 176 -1 36.124933
173 176 194 -1 40.077797
133 140 -1 -1 24.343392
128 140 -1 -1 22.841550
128 133 140 -1 25.287838
140 150 -1 -1 16.010344
133 140 150 -1 25.045077
130 140 -1 -1 21.321895
128 130 140 -1 26.178178
140 152 -1 -1 27.354184
130 140 152 -1 32.961628
140 163 -1 -1 31.359016
140 152 163 -1 32.481069
140 150 163 -1 31.359525
102 107 -1 -1 22.646940
107 121 -1 -1 19.586881
102 107 121 -1 23.276064
92 107 -1 -1 16.268491
92 102 107 -1 29.095322
106 107 -1 -1 19.114203
106 107 121 -1 27.487798
91 107 -1 -1 24.310469
91 106 107 -1 27.116357
91 92 107 -1 24.581799
224 239 -1 -1 17.572828
238 239 -1 -1 29.527754
224 238 -1 -1 25.117047
224 238 239 -1 29.615187
239 254 -1 -1 29.609978
238 239 254 -1 32.276382
239 242 -1 -1 28.807563
239 242 254 -1 31.499780
219 239 -1 -1 22.466223
219 224 239 -1 27.295350
239 240 -1 -1 31.209269
239 240 242 -1 33.059325
219 239 240 -1 35.168878
205 216 -1 -1 17.716696
211 216 -1 -1 31.865830
205 211 216 -1 34.994159
216 220 -1 -1 23.179595
198 216 -1 -1 26.104668
198 216 220 -1 37.919246
198 205 216 -1 26.347703
263 270 -1 -1 30.976771
245 263 -1 -1 31.821061
245 263 270 -1 35.015730
263 280 -1 -1 21.168453
263 270 280 -1 34.745728
263 268 -1 -1 25.620542
263 268 280 -1 28.005046
246 263 -1 -1 35.090311
246 263 268 -1 35.176815
244 263 -1 -1 27.478346
244 246 -1 -1 21.621510
244 246 263 -1 35.091269
229 244 -1 -1 35.509821
211 229 -1 -1 30.201289
211 244 -1 -1 36.997312
211 229 244 -1 39.909183
229 247 -1 -1 38.104676
229 245 -1 -1 28.655973
229 245 247 -1 38.173520
220 229 -1 -1 25.660639
220 229 247 -1 39.416719
216 229 -1 -1 27.142938
211 216 229 -1 34.548474
216 220 229 -1 29.421426
211 233 -1 -1 29.438398
213 233 -1 -1 24.579411
211 213 233 -1 33.985332
233 244 -1 -1 24.867723
211 233 244 -1 37.114428
224 233 -1 -1 33.266209
213 224 233 -1 34.241870
233 238 -1 -1 23.669327
224 233 238 -1 33.350461
233 246 -1 -1 25.370172
233 238 246 -1 26.474996
233 244 246 -1 27.832840
145 172 -1 -1 30.714842
160 172 -1 -1 20.557634
145 160 172 -1 30.852955
167 172 -1 -1 18.432464
145 167 172 -1 39.884259
171 172 -1 -1 30.611272
160 171 172 -1 30.636283
172 186 -1 -1 23.208857
171 172 186 -1 30.645001
172 188 -1 -1 34.489914
172 186 188 -1 34.497055
167 172 188 -1 35.853609
78 93 -1 -1 28.750433
87 93 -1 -1 27.326691
78 87 93 -1 37.812884
82 93 -1 -1 42.024043
78 82 93 -1 43.348873
93 105 -1 -1 23.354230
82 105 -1 -1 42.792852
82 93 105 -1 44.133985
103 105 -1 -1 28.364151
82 103 -1 -1 42.161470
82 103 105 -1 45.071679
84 103 -1 -1 36.715298
82 84 103 -1 43.174455
103 142 -1 -1 46.408255
103 112 -1 -1 36.922648
103 112 142 -1 47.128186
94 103 -1 -1 52.340896
94 103 112 -1 52.541418
84 94 103 -1 52.635101
187 205 -1 -1 23.467277
187 200 -1 -1 24.872371
187 200 205 -1 41.262173
179 187 -1 -1 27.672233
179 187 200 -1 30.460695
177 187 -1 -1 23.598427
177 179 187 -1 27.869824
168 187 -1 -1 32.717909
168 187 205 -1 37.527853
168 177 187 -1 35.693711
229 252 -1 -1 26.299617
245 252 -1 -1 19.764447
229 245 252 -1 29.605201
244 252 -1 -1 17.757815
229 244 252 -1 36.899662
252 263 -1 -1 23.133941
245 252 263 -1 31.965277
244 252 263 -1 27.665711
159 167 -1 -1 16.039573
137 159 -1 -1 37.908100
137 159 167 -1 40.125903
153 159 -1 -1 14.611190
137 153 -1 -1 32.120140
137 153 159 -1 38.725509
159 178 -1 -1 28.228878
159 167 178 -1 30.929524
158 159 -1 -1 28.681424
158 159 178 -1 32.969310
153 158 -1 -1 28.583194
153 158 159 -1 29.613036
103 126 -1 -1 32.552749
105 126 -1 -1 29.441640
103 105 126 -1 34.983106
126 155 -1 -1 20.478643
126 142 -1 -1 33.487425
126 142 155 -1 34.975235
103 126 142 -1 46.411911
87 118 -1 -1 42.387496
100 118 -1 -1 35.082137
87 100 118 -1 42.831749
93 118 -1 -1 42.152502
87 93 118 -1 44.669209
114 118 -1 -1 37.872012
100 114 118 -1 38.749808
118 137 -1 -1 24.031406
114 118 137 -1 38.680432
118 153 -1 -1 35.787212
118 137 153 -1 36.625946
93 123 -1 -1 40.952572
105 123 -1 -1 33.655300
93 105 123 -1 40.952580
118 123 -1 -1 27.631023
93 118 123 -1 44.091502
123 126 -1 -1 31.763026
105 123 126 -1 36.673482
123 153 -1 -1 27.237042
118 123 153 -1 36.192434
123 155 -1 -1 34.358390
123 126 155 -1 34.999002
123 158 -1 -1 40.111246
123 155 158 -1 40.254660
123 153 158 -1 40.131990
66 -1 -1 -1 0.000000
69 -1 -1 -1 0.000000
71 -1 -1 -1 0.000000
72 -1 -1 -1 0.000000
75 -1 -1 -1 0.000000
76 -1 -1 -1 0.000000
77 -1 -1 -1 0.000000
78 -1 -1 -1 0.000000
79 -1 -1 -1 0.000000
80 -1 -1 -1 0.000000
82 -1 -1 -1 0.000000
83 -1 -1 -1 0.000000
84 -1 -1 -1 0.000000
85 -1 -1 -1 0.000000
87 -1 -1 -1 0.000000
88 -1 -1 -1 0.000000
91 -1 -1 -1 0.000000
92 -1 -1 -1 0.000000
93 -1 -1 -1 0.000000
94 -1 -1 -1 0.000000
96 -1 -1 -1 0.000000
97 -1 -1 -1 0.000000
99 -1 -1 -1 0.000000
100 -1 -1 -1 0.000000
102 -1 -1 -1 0.000000
103 -1 -1 -1 0.000000
105 -1 -1 -1 0.000000
106 -1 -1 -1 0.000000
107 -1 -1 -1 0.000000
108 -1 -1 -1 0.000000
112 -1 -1 -1 0.000000
114 -1 -1 -1 0.000000
115 -1 -1 -1 0.000000
117 -1 -1 -1 0.000000
118 -1 -1 -1 0.000000
120 -1 -1 -1 0.000000
121 -1 -1 -1 0.000000
122 -1 -1 -1 0.000000
123 -1 -1 -1 0.000000
124 -1 -1 -1 0.000000
126 -1 -1 -1 0.000000
127 -1 -1 -1 0.000000
128 -1 -1 -1 0.000000
130 -1 -1 -1 0.000000
131 -1 -1 -1 0.000000
132 -1 -1 -1 0.000000
133 -1 -1 -1 0.000000
137 -1 -1 -1 0.000000
139 -1 -1 -1 0.000000
140 -1 -1 -1 0.000000
141 -1 -1 -1 0.000000
142 -1 -1 -1 0.000000
143 -1 -1 -1 0.000000
144 -1 -1 -1 0.000000
145 -1 -1 -1 0.000000
147 -1 -1 -1 0.000000
149 -1 -1 -1 0.000000
150 -1 -1 -1 0.000000
151 -1 -1 -1 0.000000
152 -1 -1 -1 0.000000
153 -1 -1 -1 0.000000
155 -1 -1 -1 0.000000
157 -1 -1 -1 0.000000
158 -1 -1 -1 0.000000
159 -1 -1 -1 0.000000
160 -1 -1 -1 0.000000
161 -1 -1 -1 0.000000
163 -1 -1 -1 0.000000
166 -1 -1 -1 0.000000
167 -1 -1 -1 0.000000
168 -1 -1 -1 0.000000
169 -1 -1 -1 0.000000
170 -1 -1 -1 0.000000
171 -1 -1 -1 0.000000
172 -1 -1 -1 0.000000
173 -1 -1 -1 0.000000
176 -1 -1 -1 0.000000
177 -1 -1 -1 0.000000
178 -1 -1 -1 0.000000
179 -1 -1 -1 0.000000
182 -1 -1 -1 0.000000
184 -1 -1 -1 0.000000
185 -1 -1 -1 0.000000
186 -1 -1 -1 0.000000
187 -1 -1 -1 0.000000
188 -1 -1 -1 0.000000
189 -1 -1 -1 0.000000
190 -1 -1 -1 0.000000
191 -1 -1 -1 0.000000
194 -1 -1 -1 0.000000
195 -1 -1 -1 0.000000
196 -1 -1 -1 0.000000
197 -1 -1 -1 0.000000
198 -1 -1 -1 0.000000
199 -1 -1 -1 0.000000
200 -1 -1 -1 0.000000
201 -1 -1 -1 0.000000
202 -1 -1 -1 0.000000
205 -1 -1 -1 0.000000
206 -1 -1 -1 0.000000
207 -1 -1 -1 0.000000
208 -1 -1 -1 0.000000
210 -1 -1 -1 0.000000
211 -1 -1 -1 0.000000
212 -1 -1 -1 0.000000
213 -1 -1 -1 0.000000
214 -1 -1 -1 0.000000
216 -1 -1 -1 0.000000
217 -1 -1 -1 0.000000
218 -1 -1 -1 0.000000
219 -1 -1 -1 0.000000
220 -1 -1 -1 0.000000
221 -1 -1 -1 0.000000
222 -1 -1 -1 0.000000
224 -1 -1 -1 0.000000
225 -1 -1 -1 0.000000
226 -1 -1 -1 0.000000
229 -1 -1 -1 0.000000
230 -1 -1 -1 0.000000
233 -1 -1 -1 0.000000
234 -1 -1 -1 0.000000
235 -1 -1 -1 0.000000
236 -1 -1 -1 0.000000
238 -1 -1 -1 0.000000
239 -1 -1 -1 0.000000
240 -1 -1 -1 0.000000
241 -1 -1 -1 0.000000
242 -1 -1 -1 0.000000
243 -1 -1 -1 0.000000
244 -1 -1 -1 0.000000
245 -1 -1 -1 0.000000
246 -1 -1 -1 0.000000
247 -1 -1 -1 0.000000
251 -1 -1 -1 0.000000
252 -1 -1 -1 0.000000
253 -1 -1 -1 0.000000
254 -1 -1 -1 0.000000
255 -1 -1 -1 0.000000
256 -1 -1 -1 0.000000
258 -1 -1 -1 0.000000
261 -1 -1 -1 0.000000
263 -1 -1 -1 0.000000
264 -1 -1 -1 0.000000
265 -1 -1 -1 0.000000
267 -1 -1 -1 0.000000
268 -1 -1 -1 0.000000
269 -1 -1 -1 0.000000
270 -1 -1 -1 0.000000
271 -1 -1 -1 0.000000
272 -1 -1 -1 0.000000
273 -1 -1 -1 0.000000
275 -1 -1 -1 0.000000
277 -1 -1 -1 0.000000
278 -1 -1 -1 0.000000
279 -1 -1 -1 0.000000
280 -1 -1 -1 0.000000
283 -1 -1 -1 0.000000
284 -1 -1 -1 0.000000
286 -1 -1 -1 0.000000
287 -1 -1 -1 0.000000
288 -1 -1 -1 0.000000
289 -1 -1 -1 0.000000
290 -1 -1 -1 0.000000
291 -1 -1 -1 0.000000
293 -1 -1 -1 0.000000
294 -1 -1 -1 0.000000
296 -1 -1 -1 0.000000
297 -1 -1 -1 0.000000
298 -1 -1 -1 0.000000
299 -1 -1 -1 0.000000
300 -1 -1 -1 0.000000
301 -1 -1 -1 0.000000
304 -1 -1 -1 0.000000
306 -1 -1 -1 0.000000
308 -1 -1 -1 0.000000
309 -1 -1 -1 0.000000
311 -1 -1 -1 0.000000
312 -1 -1 -1 0.000000
313 -1 -1 -1 0.000000
314 -1 -1 -1 0.000000
316 -1 -1 -1 0.000000
317 -1 -1 -1 0.000000
318 -1 -1 -1 0.000000
319 -1 -1 -1 0.000000
320 -1 -1 -1 0.000000
322 -1 -1 -1 0.000000
324 -1 -1 -1 0.000000
