545 546 -1 -1 29.794208
469 498 -1 -1 25.171729
469 506 -1 -1 40.112523
498 506 -1 -1 34.200094
469 498 506 -1 40.370269
211 225 -1 -1 14.686164
428 435 -1 -1 23.365553
428 463 -1 -1 24.581845
435 463 -1 -1 26.952247
428 435 463 -1 28.997718
421 435 -1 -1 26.816713
421 428 -1 -1 16.742279
421 428 435 -1 27.071636
225 250 -1 -1 18.553588
211 250 -1 -1 23.950673
211 225 250 -1 23.958262
235 250 -1 -1 23.870687
211 235 -1 -1 23.153658
211 235 250 -1 27.327388
250 263 -1 -1 15.341018
235 263 -1 -1 20.039538
235 250 263 -1 24.014203
382 411 -1 -1 25.305873
382 407 -1 -1 25.950198
407 411 -1 -1 21.986409
382 407 411 -1 28.378418
414 442 -1 -1 25.258042
414 424 -1 -1 18.469258
424 442 -1 -1 21.829220
414 424 442 -1 25.909348
527 546 -1 -1 20.624791
527 545 -1 -1 25.056172
527 545 546 -1 30.183679
376 410 -1 -1 25.568963
410 424 -1 -1 30.736057
376 424 -1 -1 25.817915
376 410 424 -1 32.061042
376 377 -1 -1 18.037195
377 410 -1 -1 22.346233
376 377 410 -1 26.163843
343 346 -1 -1 18.849412
343 377 -1 -1 24.143653
346 377 -1 -1 25.793721
343 346 377 -1 27.037640
346 376 -1 -1 29.223551
346 376 377 -1 29.543832
367 376 -1 -1 23.507388
346 367 -1 -1 18.467448
346 367 376 -1 29.254038
274 281 -1 -1 17.054908
259 274 -1 -1 22.354049
259 281 -1 -1 18.066626
259 274 281 -1 22.772322
343 378 -1 -1 24.476649
377 378 -1 -1 17.154423
343 377 378 -1 25.984677
378 410 -1 -1 27.230740
377 378 410 -1 27.293871
435 467 -1 -1 27.629997
438 467 -1 -1 22.501653
435 438 -1 -1 23.125311
435 438 467 -1 28.669396
498 526 -1 -1 26.829577
493 526 -1 -1 34.906223
493 498 -1 -1 26.818203
493 498 526 -1 35.323732
506 526 -1 -1 33.109022
498 506 526 -1 36.716493
446 464 -1 -1 23.175401
446 469 -1 -1 27.052034
464 469 -1 -1 26.852875
446 464 469 -1 29.852947
464 498 -1 -1 30.183612
464 469 498 -1 31.953227
464 493 -1 -1 34.301715
463 493 -1 -1 33.982644
463 464 -1 -1 19.900619
463 464 493 -1 35.695363
464 493 498 -1 35.733338
433 446 -1 -1 19.718378
425 433 -1 -1 20.202114
425 446 -1 -1 22.188851
425 433 446 -1 24.013104
433 464 -1 -1 25.763308
433 446 464 -1 26.893451
428 433 -1 -1 18.022161
433 463 -1 -1 28.206641
428 433 463 -1 28.532124
433 463 464 -1 29.191990
194 217 -1 -1 22.958640
226 274 -1 -1 27.461533
226 259 -1 -1 19.480291
226 259 274 -1 27.749057
221 226 -1 -1 12.875900
221 259 -1 -1 23.121994
221 226 259 -1 23.127200
219 244 -1 -1 24.817124
244 248 -1 -1 14.427840
219 248 -1 -1 25.938357
219 244 248 -1 26.537039
230 257 -1 -1 24.093961
236 257 -1 -1 22.883859
230 236 -1 -1 13.847110
230 236 257 -1 24.659031
250 257 -1 -1 14.063026
225 257 -1 -1 25.068399
225 250 257 -1 25.419395
225 230 -1 -1 11.981796
225 230 257 -1 25.419694
461 477 -1 -1 15.715946
477 483 -1 -1 13.392118
461 483 -1 -1 21.829828
461 477 483 -1 21.986748
453 477 -1 -1 13.447295
453 483 -1 -1 22.863794
453 477 483 -1 25.622463
442 461 -1 -1 21.477324
442 477 -1 -1 19.204824
442 461 477 -1 22.217769
442 453 -1 -1 19.565147
442 453 477 -1 20.673668
410 432 -1 -1 24.159209
424 432 -1 -1 17.618620
410 424 432 -1 30.790542
410 438 -1 -1 24.055620
432 438 -1 -1 20.686475
410 432 438 -1 26.688912
432 442 -1 -1 27.098778
424 432 442 -1 27.162329
432 453 -1 -1 21.129738
432 442 453 -1 27.279126
375 382 -1 -1 17.201253
356 375 -1 -1 22.997609
356 382 -1 -1 21.944764
356 375 382 -1 24.355573
375 411 -1 -1 22.664177
375 382 411 -1 25.923325
509 527 -1 -1 21.357840
509 546 -1 -1 29.059273
509 527 546 -1 29.085070
519 545 -1 -1 30.477417
519 537 -1 -1 26.617497
537 545 -1 -1 22.994340
519 537 545 -1 31.493005
519 527 -1 -1 21.935992
519 527 545 -1 30.895012
519 522 -1 -1 29.059885
522 537 -1 -1 25.116826
519 522 537 -1 31.281203
313 346 -1 -1 22.703005
313 343 -1 -1 26.101682
313 343 346 -1 26.765477
248 272 -1 -1 15.419687
248 280 -1 -1 21.030120
272 280 -1 -1 23.592606
248 272 280 -1 24.031774
259 272 -1 -1 13.861216
248 259 -1 -1 20.942495
248 259 272 -1 20.946822
272 281 -1 -1 14.225838
259 272 281 -1 18.342197
256 278 -1 -1 12.866483
246 278 -1 -1 19.945870
246 256 -1 -1 14.358058
246 256 278 -1 19.995967
256 266 -1 -1 10.034159
266 278 -1 -1 18.188439
256 266 278 -1 18.785645
266 301 -1 -1 20.643630
278 301 -1 -1 19.712510
266 278 301 -1 22.621643
266 274 -1 -1 13.053538
274 301 -1 -1 23.994052
266 274 301 -1 24.012010
378 406 -1 -1 23.351738
406 410 -1 -1 21.394418
378 406 410 -1 28.214198
406 435 -1 -1 27.199271
406 421 -1 -1 19.434323
406 421 435 -1 28.950577
406 438 -1 -1 29.963919
406 435 438 -1 31.405369
406 410 438 -1 30.239144
319 340 -1 -1 24.281856
340 343 -1 -1 19.910210
319 343 -1 -1 24.205414
319 340 343 -1 26.588802
340 378 -1 -1 23.514664
340 343 378 -1 26.392553
462 467 -1 -1 20.628280
438 462 -1 -1 22.882676
438 462 467 -1 25.478345
432 462 -1 -1 22.364426
432 438 462 -1 25.442387
453 462 -1 -1 14.519758
432 453 462 -1 23.135792
462 483 -1 -1 29.455006
453 462 483 -1 30.074054
462 489 -1 -1 28.127309
483 489 -1 -1 17.991897
462 483 489 -1 30.375341
435 480 -1 -1 36.754961
463 480 -1 -1 28.089145
435 463 480 -1 36.973806
467 480 -1 -1 27.456789
435 467 480 -1 36.977920
480 493 -1 -1 25.571006
463 480 493 -1 34.687165
480 514 -1 -1 32.486093
493 514 -1 -1 38.038579
480 493 514 -1 38.521656
526 529 -1 -1 34.088763
493 529 -1 -1 30.927340
493 526 529 -1 38.599935
514 529 -1 -1 27.445399
493 514 529 -1 38.502784
529 542 -1 -1 26.313108
514 542 -1 -1 23.954580
514 529 542 -1 30.045095
430 446 -1 -1 19.524763
425 430 -1 -1 18.609745
425 430 446 -1 23.451024
394 425 -1 -1 21.196073
379 394 -1 -1 17.033386
379 425 -1 -1 28.621839
379 394 425 -1 28.798239
412 433 -1 -1 20.987048
412 428 -1 -1 23.560641
412 428 433 -1 24.526060
386 412 -1 -1 18.523335
412 421 -1 -1 23.602995
386 421 -1 -1 22.500196
386 412 421 -1 25.203047
412 421 428 -1 25.224686
394 412 -1 -1 16.109881
386 394 -1 -1 21.412336
386 394 412 -1 22.065670
412 425 -1 -1 19.547205
412 425 433 -1 23.407548
394 412 425 -1 22.259603
239 266 -1 -1 19.282397
239 256 -1 -1 18.371455
239 256 266 -1 19.602779
226 239 -1 -1 13.606992
239 274 -1 -1 24.880888
226 239 274 -1 27.536933
239 266 274 -1 25.176003
210 221 -1 -1 10.619704
210 259 -1 -1 22.592401
210 221 259 -1 23.526210
210 248 -1 -1 25.264704
210 248 259 -1 26.747571
210 219 -1 -1 10.097815
210 219 248 -1 26.168167
205 219 -1 -1 12.010102
205 217 -1 -1 12.047432
205 244 -1 -1 23.484655
217 244 -1 -1 18.048680
205 217 244 -1 23.899060
205 219 244 -1 25.069756
263 269 -1 -1 19.067032
235 269 -1 -1 27.124141
235 263 269 -1 27.144258
250 287 -1 -1 23.758510
263 287 -1 -1 16.823398
250 263 287 -1 23.853806
257 287 -1 -1 21.501541
250 257 287 -1 24.061167
269 287 -1 -1 26.154674
263 269 287 -1 26.199443
269 324 -1 -1 26.617997
273 282 -1 -1 14.593800
282 319 -1 -1 25.127723
273 319 -1 -1 24.923038
273 282 319 -1 26.164358
265 282 -1 -1 20.021080
265 267 -1 -1 16.031272
267 282 -1 -1 14.617213
265 267 282 -1 20.247027
265 273 -1 -1 17.315011
265 273 282 -1 20.531087
262 265 -1 -1 14.058807
262 273 -1 -1 19.169635
262 265 273 -1 19.891705
273 280 -1 -1 16.881311
262 280 -1 -1 20.985594
262 273 280 -1 22.211669
248 262 -1 -1 21.666212
248 262 280 -1 24.519350
244 262 -1 -1 11.924579
244 248 262 -1 23.092820
194 227 -1 -1 20.921905
217 227 -1 -1 12.831700
194 217 227 -1 23.187674
227 244 -1 -1 17.819915
217 227 244 -1 19.207566
227 262 -1 -1 17.953672
227 244 262 -1 18.972748
411 439 -1 -1 22.567076
407 439 -1 -1 21.753768
407 411 439 -1 25.531076
439 441 -1 -1 23.484645
407 441 -1 -1 26.368109
407 439 441 -1 27.856109
441 458 -1 -1 16.219063
439 458 -1 -1 15.678320
439 441 458 -1 23.567707
455 481 -1 -1 26.899343
454 481 -1 -1 24.145568
454 455 -1 -1 14.453156
454 455 481 -1 27.029174
441 481 -1 -1 29.610777
441 454 -1 -1 13.924559
441 454 481 -1 29.943041
458 481 -1 -1 28.534921
441 458 481 -1 30.330910
376 392 -1 -1 16.934481
367 392 -1 -1 20.791944
367 376 392 -1 24.193217
362 392 -1 -1 21.543913
362 367 -1 -1 14.528697
362 367 392 -1 22.559685
392 393 -1 -1 14.687546
362 393 -1 -1 19.166749
362 392 393 -1 22.041419
392 414 -1 -1 20.544564
393 414 -1 -1 19.400467
392 393 414 -1 21.524835
392 424 -1 -1 25.201436
392 414 424 -1 25.568218
376 392 424 -1 27.056812
393 405 -1 -1 13.619239
405 414 -1 -1 18.434219
393 405 414 -1 20.314549
426 461 -1 -1 32.268962
461 465 -1 -1 15.215407
426 465 -1 -1 32.037676
426 461 465 -1 33.096376
426 442 -1 -1 23.975512
426 442 461 -1 32.269371
414 426 -1 -1 19.840901
414 426 442 -1 26.935725
405 426 -1 -1 23.140594
405 414 426 -1 24.037863
426 437 -1 -1 14.639498
416 437 -1 -1 19.597519
416 426 -1 -1 23.287547
416 426 437 -1 23.399524
437 455 -1 -1 22.848568
437 465 -1 -1 26.323309
455 465 -1 -1 16.868276
437 455 465 -1 26.614320
426 437 465 -1 32.427733
461 500 -1 -1 29.552057
465 500 -1 -1 28.052835
461 465 500 -1 29.988705
500 509 -1 -1 24.051043
500 527 -1 -1 32.118450
500 509 527 -1 32.118588
500 519 -1 -1 29.388230
500 519 527 -1 33.110616
309 310 -1 -1 18.542410
281 309 -1 -1 14.575001
281 310 -1 -1 22.365370
281 309 310 -1 22.486564
274 309 -1 -1 20.111811
274 281 309 -1 20.521263
309 326 -1 -1 14.728166
310 326 -1 -1 18.817707
309 310 326 -1 20.328613
337 346 -1 -1 20.090972
337 367 -1 -1 16.180862
337 346 367 -1 21.309787
326 337 -1 -1 15.156218
310 337 -1 -1 18.177450
310 326 337 -1 20.289384
313 337 -1 -1 27.305170
313 337 346 -1 27.812831
310 313 -1 -1 18.049579
310 313 337 -1 27.561965
337 362 -1 -1 20.767525
337 362 367 -1 20.849346
336 362 -1 -1 19.478397
336 337 -1 -1 21.676696
336 337 362 -1 23.900983
326 336 -1 -1 13.354717
326 336 337 -1 21.933963
312 319 -1 -1 13.474512
312 343 -1 -1 26.907045
312 319 343 -1 26.967005
312 313 -1 -1 13.378883
312 313 343 -1 27.434566
273 312 -1 -1 22.288041
280 312 -1 -1 20.298176
273 280 312 -1 23.305005
273 312 319 -1 25.036672
294 313 -1 -1 19.994507
294 310 -1 -1 17.590322
294 310 313 -1 21.528832
272 294 -1 -1 15.213132
280 294 -1 -1 15.950102
272 280 294 -1 23.847503
294 312 -1 -1 24.855286
280 294 312 -1 24.925699
294 312 313 -1 24.921624
281 294 -1 -1 20.042607
281 294 310 -1 23.438519
272 281 294 -1 20.097979
278 279 -1 -1 13.515464
246 279 -1 -1 26.687027
246 278 279 -1 27.520604
199 230 -1 -1 19.325152
199 236 -1 -1 23.439106
199 230 236 -1 23.449343
533 546 -1 -1 15.956649
509 533 -1 -1 23.983363
509 533 546 -1 29.064579
510 533 -1 -1 22.910553
509 510 -1 -1 26.927898
509 510 533 -1 28.647221
507 522 -1 -1 17.933391
507 508 -1 -1 27.249148
508 522 -1 -1 18.301147
507 508 522 -1 27.485950
489 507 -1 -1 20.408746
489 508 -1 -1 27.301145
489 507 508 -1 29.411122
507 519 -1 -1 19.198152
507 519 522 -1 29.818192
340 387 -1 -1 29.052733
378 387 -1 -1 21.791698
340 378 387 -1 29.531309
387 406 -1 -1 22.197128
378 387 406 -1 25.954982
386 387 -1 -1 17.561375
387 421 -1 -1 20.979443
386 387 421 -1 23.824892
387 406 421 -1 24.204105
462 487 -1 -1 22.531280
467 487 -1 -1 21.162019
462 467 487 -1 24.812846
487 489 -1 -1 15.465205
462 487 489 -1 28.184347
487 508 -1 -1 25.153062
487 489 508 -1 27.669335
492 514 -1 -1 26.307512
508 514 -1 -1 20.174116
492 508 -1 -1 23.551672
492 508 514 -1 27.434719
480 492 -1 -1 18.836317
480 492 514 -1 32.487275
487 492 -1 -1 18.126572
487 492 508 -1 26.311668
467 492 -1 -1 21.535306
467 480 492 -1 27.544522
467 487 492 -1 23.582177
522 536 -1 -1 20.970982
508 536 -1 -1 26.550263
508 522 536 -1 26.660714
536 537 -1 -1 29.581555
522 536 537 -1 30.104877
514 536 -1 -1 28.077432
508 514 536 -1 29.453093
536 542 -1 -1 20.231742
514 536 542 -1 28.662252
403 425 -1 -1 23.058817
379 403 -1 -1 20.832168
379 403 425 -1 28.960423
403 430 -1 -1 19.983121
403 425 430 -1 24.076347
380 403 -1 -1 20.339137
379 380 -1 -1 25.672730
379 380 403 -1 26.332971
446 450 -1 -1 28.545732
450 469 -1 -1 23.528694
446 450 469 -1 30.721610
430 450 -1 -1 26.200569
430 446 450 -1 29.459374
195 226 -1 -1 25.110195
195 221 -1 -1 25.503000
195 221 226 -1 26.178128
195 239 -1 -1 25.493458
195 226 239 -1 26.278247
269 304 -1 -1 22.519619
304 324 -1 -1 14.332426
269 304 324 -1 26.618517
287 304 -1 -1 18.077091
269 287 304 -1 26.609230
257 264 -1 -1 23.672907
236 264 -1 -1 16.757078
236 257 264 -1 24.971099
240 262 -1 -1 18.241824
240 265 -1 -1 11.970839
240 262 265 -1 18.247223
227 240 -1 -1 12.789596
227 240 262 -1 19.349385
194 240 -1 -1 26.102858
194 227 240 -1 26.399937
436 441 -1 -1 21.154233
436 454 -1 -1 18.592095
436 441 454 -1 21.496730
436 437 -1 -1 15.217468
416 436 -1 -1 17.360944
416 436 437 -1 20.425453
436 455 -1 -1 24.959896
436 454 455 -1 25.164762
436 437 455 -1 25.412307
411 445 -1 -1 26.802120
439 445 -1 -1 12.470835
411 439 445 -1 26.924289
445 466 -1 -1 19.242659
445 458 -1 -1 20.104201
458 466 -1 -1 25.752001
445 458 466 -1 26.022621
439 445 458 -1 20.104734
474 481 -1 -1 20.229434
481 503 -1 -1 24.010408
474 503 -1 -1 25.039350
474 481 503 -1 26.944136
458 474 -1 -1 16.630362
458 474 481 -1 29.069494
466 474 -1 -1 21.920019
458 466 474 -1 25.968235
488 510 -1 -1 23.239420
488 509 -1 -1 21.957299
488 509 510 -1 28.146864
503 510 -1 -1 20.531751
488 503 -1 -1 29.507639
488 503 510 -1 29.642490
481 488 -1 -1 19.998374
481 488 503 -1 29.688130
275 317 -1 -1 24.956843
299 317 -1 -1 21.220767
275 299 -1 -1 21.588835
275 299 317 -1 26.345564
350 382 -1 -1 26.238093
350 356 -1 -1 14.203811
350 356 382 -1 26.238977
322 350 -1 -1 22.231088
322 344 -1 -1 18.792943
344 350 -1 -1 13.364133
322 344 350 -1 22.293480
317 350 -1 -1 19.742518
317 322 -1 -1 14.631120
317 322 350 -1 22.642407
317 325 -1 -1 13.120787
299 325 -1 -1 16.281432
299 317 325 -1 21.230720
325 356 -1 -1 20.237809
325 350 -1 -1 22.569676
325 350 356 -1 22.932976
317 325 350 -1 22.686604
372 382 -1 -1 17.173520
372 407 -1 -1 27.562460
372 382 407 -1 28.350219
350 372 -1 -1 25.482254
350 372 382 -1 27.436378
344 372 -1 -1 24.279220
344 350 372 -1 25.919808
301 307 -1 -1 14.206807
274 307 -1 -1 20.717515
274 301 307 -1 24.100766
307 309 -1 -1 14.858876
274 307 309 -1 21.931009
307 326 -1 -1 19.238986
307 309 326 -1 19.472404
307 336 -1 -1 21.850373
307 326 336 -1 22.062269
307 331 -1 -1 21.753432
331 336 -1 -1 14.548821
307 331 336 -1 23.127638
301 331 -1 -1 24.602161
301 307 331 -1 24.760453
232 245 -1 -1 18.834058
231 245 -1 -1 21.558204
231 232 -1 -1 32.028352
231 232 245 -1 33.115193
184 232 -1 -1 28.691618
184 231 -1 -1 28.581953
184 231 232 -1 34.542956
232 279 -1 -1 28.148932
232 246 -1 -1 16.563361
232 246 279 -1 28.853554
245 279 -1 -1 24.846907
232 245 279 -1 28.682747
308 331 -1 -1 21.216615
301 308 -1 -1 15.394709
301 308 331 -1 24.797708
278 308 -1 -1 25.841117
278 301 308 -1 25.903757
279 308 -1 -1 25.958930
308 315 -1 -1 16.066844
279 315 -1 -1 18.027763
279 308 315 -1 26.283240
278 279 308 -1 26.830233
528 533 -1 -1 33.523491
510 528 -1 -1 35.451907
510 528 533 -1 36.665144
489 499 -1 -1 25.784132
483 499 -1 -1 16.626554
483 489 499 -1 25.936098
499 507 -1 -1 22.857084
489 499 507 -1 26.974934
461 499 -1 -1 27.400172
461 483 499 -1 27.400300
499 500 -1 -1 16.093164
461 499 500 -1 29.912174
499 519 -1 -1 25.543167
499 500 519 -1 29.437976
499 507 519 -1 26.542590
351 387 -1 -1 23.685513
351 386 -1 -1 27.029696
351 386 387 -1 27.413968
340 351 -1 -1 18.108934
340 351 387 -1 29.092568
195 233 -1 -1 20.449776
233 239 -1 -1 12.745356
195 233 239 -1 25.721628
233 256 -1 -1 21.750195
233 246 -1 -1 15.670307
233 246 256 -1 21.774737
233 239 256 -1 21.786123
195 204 -1 -1 20.269990
204 233 -1 -1 17.538462
195 204 233 -1 22.560428
204 232 -1 -1 27.190459
204 246 -1 -1 25.405375
204 232 246 -1 27.837939
204 233 246 -1 25.771125
345 380 -1 -1 26.561015
345 379 -1 -1 23.699312
345 379 380 -1 29.319187
220 264 -1 -1 24.810966
220 236 -1 -1 17.200945
220 236 264 -1 24.867682
199 220 -1 -1 21.452387
199 220 236 -1 24.416188
420 441 -1 -1 25.620032
407 420 -1 -1 19.572190
407 420 441 -1 28.073112
420 436 -1 -1 16.154096
420 436 441 -1 25.694713
372 420 -1 -1 29.128826
372 407 420 -1 30.276748
372 396 -1 -1 20.896827
396 420 -1 -1 18.246306
372 396 420 -1 29.285934
396 416 -1 -1 17.900712
416 420 -1 -1 17.109925
396 416 420 -1 20.519909
416 420 436 -1 19.511786
474 490 -1 -1 19.920919
490 503 -1 -1 17.070763
474 490 503 -1 25.141625
466 490 -1 -1 24.237751
466 474 490 -1 25.694264
491 500 -1 -1 18.258793
465 491 -1 -1 19.974010
465 491 500 -1 28.131812
455 491 -1 -1 22.857088
455 465 491 -1 23.539285
491 509 -1 -1 26.038889
491 500 509 -1 27.013711
488 491 -1 -1 17.017854
488 491 509 -1 26.246029
481 491 -1 -1 29.677007
455 481 491 -1 31.080054
481 488 491 -1 30.921815
279 295 -1 -1 16.193563
295 315 -1 -1 14.311976
279 295 315 -1 18.939214
295 322 -1 -1 17.328838
315 322 -1 -1 12.391472
295 315 322 -1 17.566043
245 295 -1 -1 26.252219
245 279 295 -1 27.019583
275 295 -1 -1 15.427145
245 275 -1 -1 20.000243
245 275 295 -1 26.342949
295 317 -1 -1 21.348604
295 317 322 -1 21.492580
275 295 317 -1 25.102748
396 408 -1 -1 20.109429
408 416 -1 -1 12.429202
396 408 416 -1 20.366899
390 408 -1 -1 13.270422
390 396 -1 -1 16.319899
390 396 408 -1 20.187490
390 405 -1 -1 18.101780
405 408 -1 -1 11.545373
390 405 408 -1 18.134058
408 426 -1 -1 23.088531
408 416 426 -1 24.071195
405 408 426 -1 23.871191
364 390 -1 -1 24.039431
364 396 -1 -1 21.756245
364 390 396 -1 24.688659
364 372 -1 -1 18.724059
344 364 -1 -1 17.089606
344 364 372 -1 24.363433
364 372 396 -1 23.751255
362 366 -1 -1 18.733895
336 366 -1 -1 23.544474
336 362 366 -1 24.260710
331 366 -1 -1 24.159257
331 336 366 -1 25.063294
366 393 -1 -1 18.670934
362 366 393 -1 21.778991
366 405 -1 -1 22.143336
366 393 405 -1 22.225767
366 390 -1 -1 18.059147
366 390 405 -1 22.869805
510 517 -1 -1 34.941791
503 517 -1 -1 28.771475
503 510 517 -1 34.951906
517 528 -1 -1 27.418619
510 517 528 -1 38.219484
490 517 -1 -1 29.786353
490 503 517 -1 30.653421
231 254 -1 -1 18.747504
245 254 -1 -1 23.163094
231 245 254 -1 24.688146
254 275 -1 -1 19.887686
245 254 275 -1 24.497832
237 240 -1 -1 8.830236
194 237 -1 -1 27.394550
194 237 240 -1 27.399623
220 237 -1 -1 12.267173
194 220 -1 -1 26.151068
194 220 237 -1 27.631824
237 265 -1 -1 16.082564
237 267 -1 -1 19.023367
237 265 267 -1 19.930067
237 240 265 -1 16.339934
237 264 -1 -1 24.201596
264 267 -1 -1 14.768862
237 264 267 -1 24.202846
220 237 264 -1 25.339282
308 330 -1 -1 15.503433
330 331 -1 -1 26.683083
308 330 331 -1 26.697325
330 364 -1 -1 23.808591
330 344 -1 -1 16.032862
330 344 364 -1 23.821079
322 330 -1 -1 15.668264
322 330 344 -1 19.682984
315 330 -1 -1 16.319545
315 322 330 -1 17.365290
308 315 330 -1 18.445077
357 364 -1 -1 13.417246
357 390 -1 -1 19.648297
357 364 390 -1 24.045470
357 366 -1 -1 20.101981
357 366 390 -1 22.314668
331 357 -1 -1 21.630387
331 357 366 -1 25.607345
330 357 -1 -1 24.039612
330 331 357 -1 28.173676
330 357 364 -1 24.927181
303 304 -1 -1 20.603039
287 303 -1 -1 12.285705
287 303 304 -1 20.752621
303 323 -1 -1 17.849517
304 323 -1 -1 15.309079
303 304 323 -1 21.197182
321 323 -1 -1 16.939183
303 321 -1 -1 19.712810
303 321 323 -1 21.118679
323 347 -1 -1 15.731396
321 347 -1 -1 20.179631
321 323 347 -1 20.780114
323 324 -1 -1 22.261670
304 323 324 -1 22.443822
323 345 -1 -1 25.825739
345 347 -1 -1 16.160994
323 345 347 -1 27.176580
271 287 -1 -1 23.667077
257 271 -1 -1 13.588240
257 271 287 -1 23.932754
271 303 -1 -1 20.926795
271 287 303 -1 23.704129
264 271 -1 -1 17.344115
257 264 271 -1 23.977965
345 359 -1 -1 25.131384
359 379 -1 -1 21.489262
345 359 379 -1 27.226932
347 359 -1 -1 14.950349
345 347 359 -1 26.379807
359 394 -1 -1 24.219177
359 379 394 -1 24.861694
321 359 -1 -1 25.021547
321 347 359 -1 25.022291
282 314 -1 -1 20.225039
314 319 -1 -1 17.188453
282 314 319 -1 25.267739
314 340 -1 -1 25.962925
314 319 340 -1 26.834176
314 351 -1 -1 30.203049
314 340 351 -1 30.341672
314 320 -1 -1 18.153725
320 351 -1 -1 22.725850
314 320 351 -1 30.300736
271 289 -1 -1 22.802374
264 289 -1 -1 20.339018
264 271 289 -1 23.722067
282 289 -1 -1 16.611326
267 289 -1 -1 18.340882
267 282 289 -1 19.328012
264 267 289 -1 21.063170
289 314 -1 -1 19.598652
282 289 314 -1 21.918989
289 320 -1 -1 23.455716
289 314 320 -1 24.100487
352 394 -1 -1 28.346371
352 386 -1 -1 23.366215
352 386 394 -1 28.935852
352 359 -1 -1 14.806341
352 359 394 -1 28.346514
351 352 -1 -1 19.077183
351 352 386 -1 27.593598
321 352 -1 -1 25.538718
321 352 359 -1 26.452609
320 352 -1 -1 26.920078
320 351 352 -1 27.364942
320 321 -1 -1 21.359347
320 321 352 -1 28.757930
271 296 -1 -1 16.718717
296 303 -1 -1 18.677833
271 296 303 -1 21.973343
289 296 -1 -1 17.137293
271 289 296 -1 22.901487
296 321 -1 -1 20.223942
296 303 321 -1 22.596105
296 320 -1 -1 19.936812
296 320 321 -1 23.713031
289 296 320 -1 23.971539
184 -1 -1 -1 0.000000
194 -1 -1 -1 0.000000
195 -1 -1 -1 0.000000
199 -1 -1 -1 0.000000
204 -1 -1 -1 0.000000
205 -1 -1 -1 0.000000
210 -1 -1 -1 0.000000
211 -1 -1 -1 0.000000
217 -1 -1 -1 0.000000
219 -1 -1 -1 0.000000
220 -1 -1 -1 0.000000
221 -1 -1 -1 0.000000
225 -1 -1 -1 0.000000
226 -1 -1 -1 0.000000
227 -1 -1 -1 0.000000
230 -1 -1 -1 0.000000
231 -1 -1 -1 0.000000
232 -1 -1 -1 0.000000
233 -1 -1 -1 0.000000
235 -1 -1 -1 0.000000
236 -1 -1 -1 0.000000
237 -1 -1 -1 0.000000
239 -1 -1 -1 0.000000
240 -1 -1 -1 0.000000
244 -1 -1 -1 0.000000
245 -1 -1 -1 0.000000
246 -1 -1 -1 0.000000
248 -1 -1 -1 0.000000
250 -1 -1 -1 0.000000
254 -1 -1 -1 0.000000
256 -1 -1 -1 0.000000
257 -1 -1 -1 0.000000
259 -1 -1 -1 0.000000
262 -1 -1 -1 0.000000
263 -1 -1 -1 0.000000
264 -1 -1 -1 0.000000
265 -1 -1 -1 0.000000
266 -1 -1 -1 0.000000
267 -1 -1 -1 0.000000
269 -1 -1 -1 0.000000
271 -1 -1 -1 0.000000
272 -1 -1 -1 0.000000
273 -1 -1 -1 0.000000
274 -1 -1 -1 0.000000
275 -1 -1 -1 0.000000
278 -1 -1 -1 0.000000
279 -1 -1 -1 0.000000
280 -1 -1 -1 0.000000
281 -1 -1 -1 0.000000
282 -1 -1 -1 0.000000
287 -1 -1 -1 0.000000
289 -1 -1 -1 0.000000
294 -1 -1 -1 0.000000
295 -1 -1 -1 0.000000
296 -1 -1 -1 0.000000
299 -1 -1 -1 0.000000
301 -1 -1 -1 0.000000
303 -1 -1 -1 0.000000
304 -1 -1 -1 0.000000
307 -1 -1 -1 0.000000
308 -1 -1 -1 0.000000
309 -1 -1 -1 0.000000
310 -1 -1 -1 0.000000
312 -1 -1 -1 0.000000
313 -1 -1 -1 0.000000
314 -1 -1 -1 0.000000
315 -1 -1 -1 0.000000
317 -1 -1 -1 0.000000
319 -1 -1 -1 0.000000
320 -1 -1 -1 0.000000
321 -1 -1 -1 0.000000
322 -1 -1 -1 0.000000
323 -1 -1 -1 0.000000
324 -1 -1 -1 0.000000
325 -1 -1 -1 0.000000
326 -1 -1 -1 0.000000
330 -1 -1 -1 0.000000
331 -1 -1 -1 0.000000
336 -1 -1 -1 0.000000
337 -1 -1 -1 0.000000
340 -1 -1 -1 0.000000
343 -1 -1 -1 0.000000
344 -1 -1 -1 0.000000
345 -1 -1 -1 0.000000
346 -1 -1 -1 0.000000
347 -1 -1 -1 0.000000
350 -1 -1 -1 0.000000
351 -1 -1 -1 0.000000
352 -1 -1 -1 0.000000
356 -1 -1 -1 0.000000
357 -1 -1 -1 0.000000
359 -1 -1 -1 0.000000
362 -1 -1 -1 0.000000
364 -1 -1 -1 0.000000
366 -1 -1 -1 0.000000
367 -1 -1 -1 0.000000
372 -1 -1 -1 0.000000
375 -1 -1 -1 0.000000
376 -1 -1 -1 0.000000
377 -1 -1 -1 0.000000
378 -1 -1 -1 0.000000
379 -1 -1 -1 0.000000
380 -1 -1 -1 0.000000
382 -1 -1 -1 0.000000
386 -1 -1 -1 0.000000
387 -1 -1 -1 0.000000
390 -1 -1 -1 0.000000
392 -1 -1 -1 0.000000
393 -1 -1 -1 0.000000
394 -1 -1 -1 0.000000
396 -1 -1 -1 0.000000
403 -1 -1 -1 0.000000
405 -1 -1 -1 0.000000
406 -1 -1 -1 0.000000
407 -1 -1 -1 0.000000
408 -1 -1 -1 0.000000
410 -1 -1 -1 0.000000
411 -1 -1 -1 0.000000
412 -1 -1 -1 0.000000
414 -1 -1 -1 0.000000
416 -1 -1 -1 0.000000
420 -1 -1 -1 0.000000
421 -1 -1 -1 0.000000
424 -1 -1 -1 0.000000
425 -1 -1 -1 0.000000
426 -1 -1 -1 0.000000
428 -1 -1 -1 0.000000
430 -1 -1 -1 0.000000
432 -1 -1 -1 0.000000
433 -1 -1 -1 0.000000
435 -1 -1 -1 0.000000
436 -1 -1 -1 0.000000
437 -1 -1 -1 0.000000
438 -1 -1 -1 0.000000
439 -1 -1 -1 0.000000
441 -1 -1 -1 0.000000
442 -1 -1 -1 0.000000
445 -1 -1 -1 0.000000
446 -1 -1 -1 0.000000
450 -1 -1 -1 0.000000
453 -1 -1 -1 0.000000
454 -1 -1 -1 0.000000
455 -1 -1 -1 0.000000
458 -1 -1 -1 0.000000
461 -1 -1 -1 0.000000
462 -1 -1 -1 0.000000
463 -1 -1 -1 0.000000
464 -1 -1 -1 0.000000
465 -1 -1 -1 0.000000
466 -1 -1 -1 0.000000
467 -1 -1 -1 0.000000
469 -1 -1 -1 0.000000
474 -1 -1 -1 0.000000
477 -1 -1 -1 0.000000
480 -1 -1 -1 0.000000
481 -1 -1 -1 0.000000
483 -1 -1 -1 0.000000
487 -1 -1 -1 0.000000
488 -1 -1 -1 0.000000
489 -1 -1 -1 0.000000
490 -1 -1 -1 0.000000
491 -1 -1 -1 0.000000
492 -1 -1 -1 0.000000
493 -1 -1 -1 0.000000
498 -1 -1 -1 0.000000
499 -1 -1 -1 0.000000
500 -1 -1 -1 0.000000
503 -1 -1 -1 0.000000
506 -1 -1 -1 0.000000
507 -1 -1 -1 0.000000
508 -1 -1 -1 0.000000
509 -1 -1 -1 0.000000
510 -1 -1 -1 0.000000
514 -1 -1 -1 0.000000
517 -1 -1 -1 0.000000
519 -1 -1 -1 0.000000
522 -1 -1 -1 0.000000
526 -1 -1 -1 0.000000
527 -1 -1 -1 0.000000
528 -1 -1 -1 0.000000
529 -1 -1 -1 0.000000
533 -1 -1 -1 0.000000
536 -1 -1 -1 0.000000
537 -1 -1 -1 0.000000
542 -1 -1 -1 0.000000
545 -1 -1 -1 0.000000
546 -1 -1 -1 0.000000
