517 546 -1 -1 19.202793
530 546 -1 -1 19.281700
517 530 -1 -1 22.119419
517 530 546 -1 23.514360
507 517 -1 -1 13.001411
507 530 -1 -1 14.405002
507 517 530 -1 23.194747
489 507 -1 -1 16.078460
489 530 -1 -1 20.851075
489 507 530 -1 20.898697
517 532 -1 -1 15.779124
517 518 -1 -1 18.719697
518 532 -1 -1 12.942233
517 518 532 -1 18.969421
532 546 -1 -1 15.938775
517 532 546 -1 19.925921
532 573 -1 -1 22.770776
546 573 -1 -1 20.938997
532 546 573 -1 23.586050
532 574 -1 -1 17.347334
573 574 -1 -1 12.576262
532 573 574 -1 22.984876
253 304 -1 -1 30.151484
251 304 -1 -1 21.983432
251 253 -1 -1 21.172718
251 253 304 -1 30.160251
229 236 -1 -1 18.970848
198 229 -1 -1 25.548108
198 236 -1 -1 21.288956
198 229 236 -1 26.067286
229 253 -1 -1 21.532125
236 253 -1 -1 21.952884
229 236 253 -1 24.166859
578 596 -1 -1 15.386298
476 517 -1 -1 19.391578
476 507 -1 -1 17.434703
476 507 517 -1 19.851022
568 577 -1 -1 13.759394
568 608 -1 -1 17.755298
577 608 -1 -1 15.478870
568 577 608 -1 18.423345
546 568 -1 -1 15.046924
530 568 -1 -1 17.774496
530 546 568 -1 20.343592
577 618 -1 -1 18.410891
608 618 -1 -1 16.886918
577 608 618 -1 19.696906
573 600 -1 -1 15.933552
568 600 -1 -1 22.243458
600 608 -1 -1 13.756910
568 600 608 -1 22.247873
546 600 -1 -1 24.862870
546 573 600 -1 25.017851
546 568 600 -1 25.162645
303 321 -1 -1 17.931105
280 303 -1 -1 14.725888
280 321 -1 -1 23.641036
280 303 321 -1 23.658907
303 343 -1 -1 24.936414
321 343 -1 -1 19.117623
303 321 343 -1 25.049886
297 321 -1 -1 17.656381
280 297 -1 -1 22.333321
280 297 321 -1 24.944780
343 363 -1 -1 18.583489
321 363 -1 -1 20.544805
321 343 363 -1 22.485022
363 389 -1 -1 18.365517
389 393 -1 -1 20.069123
363 393 -1 -1 18.411534
363 389 393 -1 21.943826
343 393 -1 -1 24.967405
343 363 393 -1 25.067066
355 395 -1 -1 22.162424
355 384 -1 -1 16.186842
384 395 -1 -1 14.287110
355 384 395 -1 22.194967
395 418 -1 -1 20.037523
389 418 -1 -1 19.217187
389 395 -1 -1 22.905487
389 395 418 -1 24.173403
395 440 -1 -1 20.175085
418 440 -1 -1 17.139413
395 418 440 -1 22.226708
355 373 -1 -1 17.799837
329 373 -1 -1 21.720069
329 355 -1 -1 18.727136
329 355 373 -1 22.721891
373 395 -1 -1 14.596345
373 389 -1 -1 16.093100
373 389 395 -1 23.050530
355 373 395 -1 22.224193
290 297 -1 -1 20.155513
290 329 -1 -1 21.718231
297 329 -1 -1 20.470503
290 297 329 -1 24.036959
271 297 -1 -1 21.970838
271 290 -1 -1 18.135097
271 290 297 -1 23.410518
304 340 -1 -1 18.422415
304 319 -1 -1 22.416636
319 340 -1 -1 14.276040
304 319 340 -1 22.483995
236 254 -1 -1 21.191136
206 247 -1 -1 20.370669
193 206 -1 -1 18.159661
193 247 -1 -1 27.427605
193 206 247 -1 27.429028
247 272 -1 -1 19.195518
272 280 -1 -1 13.074165
247 280 -1 -1 22.324559
247 272 280 -1 22.399471
272 297 -1 -1 23.334921
272 280 297 -1 23.890355
271 272 -1 -1 16.836735
271 272 297 -1 24.458643
340 365 -1 -1 18.254825
319 365 -1 -1 23.880351
319 340 365 -1 23.929024
355 365 -1 -1 20.877925
365 384 -1 -1 13.612050
355 365 384 -1 20.884932
340 355 -1 -1 17.628191
340 355 365 -1 22.063124
294 304 -1 -1 24.727082
294 319 -1 -1 17.263131
294 304 319 -1 25.499848
253 294 -1 -1 18.793537
253 294 304 -1 30.205412
294 320 -1 -1 19.243563
319 320 -1 -1 18.997409
294 319 320 -1 21.429452
190 203 -1 -1 19.366706
201 229 -1 -1 16.083230
198 201 -1 -1 16.916422
198 201 229 -1 26.065410
203 229 -1 -1 18.295073
201 203 -1 -1 16.930664
201 203 229 -1 19.838577
243 253 -1 -1 16.814981
243 251 -1 -1 14.676108
243 251 253 -1 21.281536
229 243 -1 -1 13.386655
229 243 253 -1 21.532276
203 243 -1 -1 22.587393
203 229 243 -1 22.588045
578 605 -1 -1 17.114544
467 489 -1 -1 14.769376
467 507 -1 -1 20.731467
467 489 507 -1 20.833109
467 476 -1 -1 14.487370
467 476 507 -1 21.024581
476 494 -1 -1 14.583920
494 517 -1 -1 14.241995
476 494 517 -1 19.479805
494 518 -1 -1 17.042832
494 517 518 -1 19.587128
462 494 -1 -1 16.063675
462 518 -1 -1 23.751231
462 494 518 -1 23.760903
548 605 -1 -1 20.640318
548 578 -1 -1 20.198752
548 578 605 -1 22.494507
519 548 -1 -1 19.531998
519 578 -1 -1 29.350981
519 548 578 -1 29.473916
548 594 -1 -1 22.230814
594 605 -1 -1 14.076210
548 594 605 -1 22.808528
540 596 -1 -1 24.620243
540 578 -1 -1 28.212642
540 578 596 -1 28.266950
519 540 -1 -1 21.202881
519 540 578 -1 30.991032
500 519 -1 -1 20.311080
483 519 -1 -1 23.628807
483 500 -1 -1 20.212303
483 500 519 -1 24.940388
500 540 -1 -1 22.327366
500 519 540 -1 24.629449
506 535 -1 -1 18.101608
508 535 -1 -1 14.176840
506 508 -1 -1 8.423932
506 508 535 -1 18.615286
557 568 -1 -1 13.985200
530 557 -1 -1 13.662823
530 557 568 -1 18.048404
557 577 -1 -1 14.475337
557 568 577 -1 16.261806
395 416 -1 -1 16.797345
384 416 -1 -1 17.926383
384 395 416 -1 19.088555
416 440 -1 -1 13.812348
395 416 440 -1 20.381661
418 459 -1 -1 22.959595
418 462 -1 -1 23.930577
459 462 -1 -1 15.502967
418 459 462 -1 24.880330
459 494 -1 -1 18.060429
459 462 494 -1 19.247442
459 476 -1 -1 15.941644
459 476 494 -1 18.948029
254 305 -1 -1 25.647440
352 373 -1 -1 16.874509
329 352 -1 -1 14.548945
329 352 373 -1 21.747512
352 363 -1 -1 15.242481
321 352 -1 -1 21.658538
321 352 363 -1 22.673965
352 389 -1 -1 21.275714
352 363 389 -1 21.755813
352 373 389 -1 21.581338
297 352 -1 -1 24.258858
297 329 352 -1 24.320031
297 321 352 -1 25.064454
252 304 -1 -1 24.248373
251 252 -1 -1 13.304924
251 252 304 -1 24.435773
252 290 -1 -1 17.503324
290 304 -1 -1 21.129402
252 290 304 -1 24.873875
252 271 -1 -1 19.312353
252 271 290 -1 21.206803
290 325 -1 -1 18.694219
325 329 -1 -1 14.699713
290 325 329 -1 22.042140
304 325 -1 -1 16.117733
290 304 325 -1 21.945439
325 355 -1 -1 16.242415
325 329 355 -1 19.452598
325 340 -1 -1 17.070374
325 340 355 -1 19.639609
304 325 340 -1 19.960085
535 555 -1 -1 13.013245
535 576 -1 -1 18.722432
555 576 -1 -1 12.353821
535 555 576 -1 18.796775
559 582 -1 -1 12.994475
559 591 -1 -1 16.129190
582 591 -1 -1 16.099274
559 582 591 -1 17.609050
502 535 -1 -1 17.364453
502 508 -1 -1 11.041257
502 508 535 -1 17.405043
464 502 -1 -1 22.567754
464 508 -1 -1 20.612774
464 502 508 -1 22.644700
539 555 -1 -1 14.335228
535 539 -1 -1 16.325080
535 539 555 -1 17.060114
502 539 -1 -1 17.321476
502 535 539 -1 19.656182
503 539 -1 -1 15.167795
502 503 -1 -1 11.742226
502 503 539 -1 17.645096
232 252 -1 -1 19.357660
232 271 -1 -1 20.319227
232 252 271 -1 22.725079
190 202 -1 -1 21.977543
193 202 -1 -1 17.549757
202 232 -1 -1 20.984034
190 232 -1 -1 25.049241
190 202 232 -1 26.446906
277 320 -1 -1 24.667826
277 305 -1 -1 21.568298
305 320 -1 -1 18.702869
277 305 320 -1 25.517757
277 294 -1 -1 16.984339
277 294 320 -1 24.741127
254 277 -1 -1 18.048054
254 277 305 -1 26.030869
253 277 -1 -1 18.985899
253 277 294 -1 21.148052
236 277 -1 -1 23.915714
236 254 277 -1 24.803661
236 253 277 -1 25.283189
574 601 -1 -1 15.481667
573 601 -1 -1 16.988515
573 574 601 -1 17.699161
532 554 -1 -1 18.713736
518 554 -1 -1 18.681583
518 532 554 -1 19.929327
554 574 -1 -1 12.225634
532 554 574 -1 19.258722
452 481 -1 -1 14.590714
452 489 -1 -1 20.047654
481 489 -1 -1 12.062010
452 481 489 -1 20.202722
452 467 -1 -1 16.203991
452 467 489 -1 20.324951
416 463 -1 -1 23.249794
440 463 -1 -1 19.095646
416 440 463 -1 23.259039
582 609 -1 -1 12.305653
591 609 -1 -1 10.193421
582 591 609 -1 16.101172
609 617 -1 -1 12.428372
582 617 -1 -1 16.659529
582 609 617 -1 16.731567
595 617 -1 -1 17.561327
582 595 -1 -1 9.361081
582 595 617 -1 17.859644
464 480 -1 -1 16.269285
480 508 -1 -1 17.177680
464 480 508 -1 21.240459
480 506 -1 -1 11.376143
480 506 508 -1 19.757460
464 472 -1 -1 20.015160
472 480 -1 -1 10.995876
464 472 480 -1 20.032791
480 510 -1 -1 20.670899
472 510 -1 -1 21.141610
472 480 510 -1 21.686111
480 527 -1 -1 21.362106
506 527 -1 -1 18.132440
480 506 527 -1 21.362324
510 527 -1 -1 11.290327
480 510 527 -1 21.853417
506 536 -1 -1 14.100747
527 536 -1 -1 7.644204
506 527 536 -1 19.221057
535 536 -1 -1 20.420505
506 535 536 -1 20.907155
536 559 -1 -1 16.316853
527 559 -1 -1 17.922629
527 536 559 -1 17.924347
478 510 -1 -1 15.189245
472 478 -1 -1 12.185841
472 478 510 -1 21.504932
478 481 -1 -1 9.370608
481 510 -1 -1 17.170166
478 481 510 -1 17.230020
432 478 -1 -1 18.409638
432 472 -1 -1 19.239999
432 472 478 -1 19.932420
452 478 -1 -1 19.037423
452 478 481 -1 19.541814
432 452 -1 -1 16.153799
432 452 478 -1 20.763695
481 513 -1 -1 18.447886
489 513 -1 -1 15.202354
481 489 513 -1 18.538817
510 513 -1 -1 13.088553
481 510 513 -1 19.215899
513 530 -1 -1 15.720366
489 513 530 -1 20.937862
513 557 -1 -1 18.124455
513 530 557 -1 18.694904
513 527 -1 -1 20.056438
510 513 527 -1 21.411745
388 403 -1 -1 17.363787
388 432 -1 -1 23.913496
403 432 -1 -1 19.088573
388 403 432 -1 24.157708
368 388 -1 -1 22.391472
344 388 -1 -1 21.301593
344 368 -1 -1 15.161309
344 368 388 -1 23.339746
354 388 -1 -1 26.224113
354 403 -1 -1 28.581308
354 388 403 -1 29.107083
432 450 -1 -1 21.094381
450 472 -1 -1 15.857362
432 450 472 -1 22.038212
403 450 -1 -1 16.217039
403 432 450 -1 22.074014
450 464 -1 -1 15.003397
450 464 472 -1 20.275113
618 624 -1 -1 8.286026
608 624 -1 -1 15.943955
608 618 624 -1 17.061480
418 425 -1 -1 18.751838
389 425 -1 -1 18.387952
389 418 425 -1 21.702546
425 459 -1 -1 16.443969
418 425 459 -1 23.236311
393 425 -1 -1 16.926564
389 393 425 -1 21.479620
539 572 -1 -1 17.207236
547 572 -1 -1 13.129213
539 547 -1 -1 11.153254
539 547 572 -1 17.207283
555 572 -1 -1 9.846377
539 555 572 -1 17.211606
572 576 -1 -1 17.452758
555 572 576 -1 17.917165
451 475 -1 -1 16.232645
422 451 -1 -1 16.979711
422 435 -1 -1 18.135752
435 451 -1 -1 18.964023
422 435 451 -1 20.877688
420 451 -1 -1 16.121777
420 422 -1 -1 9.193092
420 422 451 -1 17.292394
458 464 -1 -1 19.670021
435 458 -1 -1 11.701078
435 464 -1 -1 10.893220
435 458 464 -1 22.949993
458 502 -1 -1 21.411055
458 464 502 -1 24.611141
451 458 -1 -1 12.271529
435 451 458 -1 19.592041
458 475 -1 -1 13.497625
451 458 475 -1 16.599683
458 503 -1 -1 20.885876
475 503 -1 -1 16.116429
458 475 503 -1 20.887672
458 502 503 -1 22.032422
228 243 -1 -1 17.800658
203 228 -1 -1 17.942189
203 228 243 -1 23.059517
190 228 -1 -1 18.752029
190 203 228 -1 21.609041
228 232 -1 -1 18.294339
190 228 232 -1 25.141919
228 251 -1 -1 21.099097
228 243 251 -1 21.398377
228 252 -1 -1 22.905033
228 251 252 -1 23.258816
228 232 252 -1 23.726541
202 231 -1 -1 20.584726
231 232 -1 -1 20.801150
202 231 232 -1 24.008404
231 272 -1 -1 18.158115
231 271 -1 -1 21.632491
231 271 272 -1 22.269769
231 232 271 -1 24.178712
193 231 -1 -1 21.128104
193 202 231 -1 22.997334
231 247 -1 -1 20.169658
193 231 247 -1 27.622002
231 247 272 -1 22.202002
274 310 -1 -1 21.537327
300 310 -1 -1 16.640236
274 300 -1 -1 16.205797
274 300 310 -1 21.752480
354 374 -1 -1 17.841057
354 380 -1 -1 12.848371
374 380 -1 -1 8.535040
354 374 380 -1 19.175092
310 327 -1 -1 19.802665
300 327 -1 -1 19.689020
300 310 327 -1 21.773390
327 354 -1 -1 18.122242
310 354 -1 -1 25.603597
310 327 354 -1 25.709298
327 374 -1 -1 20.366153
330 374 -1 -1 18.875688
327 330 -1 -1 14.295172
327 330 374 -1 21.153486
327 354 374 -1 21.817931
594 622 -1 -1 14.444259
605 622 -1 -1 16.975338
594 605 622 -1 17.747124
413 452 -1 -1 16.079498
413 467 -1 -1 22.741327
413 452 467 -1 22.741981
320 366 -1 -1 27.229276
320 357 -1 -1 19.625226
319 357 -1 -1 20.159552
319 320 357 -1 22.645127
357 366 -1 -1 18.583432
320 357 366 -1 27.232339
357 365 -1 -1 20.747045
319 357 365 -1 25.193898
599 609 -1 -1 14.184504
591 599 -1 -1 9.153846
591 599 609 -1 14.221773
577 599 -1 -1 13.356018
577 591 -1 -1 16.405117
577 591 599 -1 16.411751
599 618 -1 -1 9.899805
577 599 618 -1 18.948979
609 632 -1 -1 12.546152
617 632 -1 -1 16.038903
609 617 632 -1 16.290751
618 632 -1 -1 13.816939
599 632 -1 -1 14.323626
599 618 632 -1 15.045982
599 609 632 -1 15.874543
535 544 -1 -1 13.422113
544 576 -1 -1 15.239293
535 544 576 -1 18.940225
536 544 -1 -1 12.781249
535 536 544 -1 20.905608
544 559 -1 -1 15.184450
536 544 559 -1 17.278533
544 595 -1 -1 17.766312
576 595 -1 -1 9.144721
544 576 595 -1 17.766317
544 582 -1 -1 18.285060
544 559 582 -1 18.538902
544 582 595 -1 18.690778
513 545 -1 -1 18.929715
527 545 -1 -1 17.358374
513 527 545 -1 21.797811
545 557 -1 -1 12.619083
513 545 557 -1 19.735895
545 559 -1 -1 13.812418
527 545 559 -1 19.181832
545 591 -1 -1 18.447632
545 559 591 -1 19.043855
545 577 -1 -1 19.434823
545 577 591 -1 21.037713
545 557 577 -1 19.440639
348 354 -1 -1 12.569968
310 348 -1 -1 25.196927
310 348 354 -1 26.227513
348 388 -1 -1 18.628364
344 348 -1 -1 16.491839
344 348 388 -1 22.116362
348 354 388 -1 28.480388
448 464 -1 -1 12.104846
435 448 -1 -1 13.261176
435 448 464 -1 14.094393
448 450 -1 -1 7.720270
448 450 464 -1 15.081293
422 448 -1 -1 21.823473
422 435 448 -1 21.861883
206 230 -1 -1 30.053615
230 247 -1 -1 23.241702
206 230 247 -1 30.098897
400 422 -1 -1 12.732439
400 420 -1 -1 15.684405
400 420 422 -1 15.684462
374 400 -1 -1 13.718687
380 400 -1 -1 14.566726
374 380 400 -1 14.894526
299 327 -1 -1 21.179304
299 300 -1 -1 13.676678
299 300 327 -1 21.785336
299 330 -1 -1 20.747479
299 327 330 -1 22.307412
548 552 -1 -1 13.820418
552 594 -1 -1 16.664864
548 552 594 -1 22.264923
541 552 -1 -1 14.792323
541 594 -1 -1 21.968077
541 552 594 -1 21.976856
541 585 -1 -1 22.543454
554 585 -1 -1 22.506428
541 554 -1 -1 15.108595
541 554 585 -1 23.909731
585 601 -1 -1 14.791954
574 585 -1 -1 22.931350
574 585 601 -1 23.183473
554 574 585 -1 23.600981
585 594 -1 -1 16.064919
541 585 594 -1 23.875586
585 622 -1 -1 17.700937
585 594 622 -1 18.755038
462 512 -1 -1 23.246240
512 518 -1 -1 15.763262
462 512 518 -1 24.953562
512 554 -1 -1 21.322648
512 518 554 -1 21.978706
512 541 -1 -1 19.648737
512 541 554 -1 22.138394
413 428 -1 -1 16.776551
428 467 -1 -1 18.100940
413 428 467 -1 23.006398
425 428 -1 -1 16.486468
428 459 -1 -1 19.895852
425 428 459 -1 20.662916
393 428 -1 -1 19.896826
393 425 428 -1 20.797040
428 476 -1 -1 21.368424
428 467 476 -1 21.627385
428 459 476 -1 22.436284
343 385 -1 -1 20.842495
385 393 -1 -1 14.795749
343 385 393 -1 24.996900
368 385 -1 -1 14.862823
343 368 -1 -1 19.487004
343 368 385 -1 21.757700
385 428 -1 -1 24.277032
385 393 428 -1 24.299696
385 413 -1 -1 17.654433
385 413 428 -1 24.277520
388 399 -1 -1 13.456179
368 399 -1 -1 19.669487
368 388 399 -1 22.570712
385 399 -1 -1 20.996075
368 385 399 -1 21.908243
399 413 -1 -1 15.606195
385 399 413 -1 21.463703
399 432 -1 -1 19.158071
388 399 432 -1 23.938918
399 452 -1 -1 23.367073
399 432 452 -1 23.574655
399 413 452 -1 23.457051
455 500 -1 -1 21.444376
455 483 -1 -1 23.930562
455 483 500 -1 25.457695
454 463 -1 -1 14.660986
416 454 -1 -1 24.030664
416 454 463 -1 24.894455
357 401 -1 -1 21.829533
366 401 -1 -1 18.850219
357 366 401 -1 23.040540
401 423 -1 -1 14.885846
366 423 -1 -1 22.491934
366 401 423 -1 22.674291
572 593 -1 -1 10.558037
547 593 -1 -1 19.171011
547 572 593 -1 20.108869
593 627 -1 -1 20.262669
408 450 -1 -1 18.747123
403 408 -1 -1 12.690725
403 408 450 -1 19.045653
408 448 -1 -1 16.769651
408 448 450 -1 18.762943
354 408 -1 -1 25.060702
380 408 -1 -1 16.601002
354 380 408 -1 27.895355
354 403 408 -1 28.608641
247 269 -1 -1 16.339974
269 280 -1 -1 18.595612
247 269 280 -1 22.731002
230 269 -1 -1 13.969715
230 247 269 -1 23.588805
269 303 -1 -1 22.291410
269 280 303 -1 22.453766
269 295 -1 -1 36.320615
230 295 -1 -1 34.941476
230 269 295 -1 36.500763
295 348 -1 -1 28.551454
295 344 -1 -1 23.940465
295 344 348 -1 28.572001
295 310 -1 -1 17.889949
295 310 348 -1 28.900789
192 206 -1 -1 28.743439
270 274 -1 -1 12.824583
270 300 -1 -1 16.786445
270 274 300 -1 17.916966
270 299 -1 -1 21.739319
270 299 300 -1 21.740049
218 248 -1 -1 15.254512
222 248 -1 -1 22.280264
218 222 -1 -1 14.563062
218 222 248 -1 22.432218
204 218 -1 -1 15.709781
214 218 -1 -1 22.566987
204 214 -1 -1 16.227325
204 214 218 -1 22.567019
214 248 -1 -1 17.166344
214 218 248 -1 22.580498
214 270 -1 -1 23.294562
214 274 -1 -1 27.324449
214 270 274 -1 27.384415
248 270 -1 -1 14.341015
214 248 270 -1 23.380961
222 268 -1 -1 22.360521
248 268 -1 -1 15.136290
222 248 268 -1 23.726131
268 289 -1 -1 18.845070
268 299 -1 -1 18.422150
289 299 -1 -1 14.625849
268 289 299 -1 20.264863
268 270 -1 -1 16.091499
248 268 270 -1 17.599661
268 270 299 -1 22.245149
374 382 -1 -1 10.625306
330 382 -1 -1 21.808203
330 374 382 -1 21.810988
382 400 -1 -1 10.732653
374 382 400 -1 13.933391
382 420 -1 -1 18.396122
382 400 420 -1 18.438352
289 339 -1 -1 22.939504
339 382 -1 -1 23.035771
330 339 -1 -1 9.266877
330 339 382 -1 23.103060
346 382 -1 -1 20.468591
339 346 -1 -1 9.725625
339 346 382 -1 23.057037
299 339 -1 -1 24.037850
299 330 339 -1 24.351163
289 299 339 -1 24.773582
469 512 -1 -1 20.131011
462 469 -1 -1 16.249379
462 469 512 -1 23.711101
463 469 -1 -1 17.939665
440 469 -1 -1 18.671069
440 463 469 -1 21.462172
418 469 -1 -1 26.433133
418 462 469 -1 26.859390
418 440 469 -1 26.536154
522 552 -1 -1 18.082194
522 541 -1 -1 18.114423
522 541 552 -1 19.829795
512 522 -1 -1 18.346345
512 522 541 -1 21.642429
423 455 -1 -1 21.684020
357 390 -1 -1 17.422430
365 390 -1 -1 15.311533
357 365 390 -1 21.181829
390 401 -1 -1 13.899785
357 390 401 -1 21.848575
453 454 -1 -1 17.249812
453 483 -1 -1 16.085924
454 483 -1 -1 20.258431
453 454 483 -1 20.997153
453 455 -1 -1 20.320875
453 455 483 -1 24.209888
423 453 -1 -1 20.504855
423 453 455 -1 24.092423
595 620 -1 -1 18.086097
617 620 -1 -1 6.598912
595 617 620 -1 18.190863
616 620 -1 -1 5.293506
595 616 -1 -1 17.848370
595 616 620 -1 18.182961
607 616 -1 -1 12.877064
595 607 -1 -1 14.197939
595 607 616 -1 18.009717
612 616 -1 -1 16.020421
607 612 -1 -1 7.919410
607 612 616 -1 16.174868
576 607 -1 -1 14.041204
576 595 607 -1 14.925473
572 607 -1 -1 19.518445
572 576 607 -1 20.139594
593 607 -1 -1 18.357025
572 593 607 -1 19.821124
593 612 -1 -1 14.550035
593 607 612 -1 19.073238
412 448 -1 -1 17.617612
412 422 -1 -1 12.932936
412 422 448 -1 21.823572
408 412 -1 -1 8.594564
408 412 448 -1 17.833409
400 412 -1 -1 9.804012
400 412 422 -1 13.887769
380 412 -1 -1 16.792384
380 400 412 -1 16.864159
380 408 412 -1 17.282497
293 295 -1 -1 20.258807
293 344 -1 -1 24.407309
293 295 344 -1 26.628521
293 343 -1 -1 23.603377
293 303 -1 -1 15.549800
293 303 343 -1 25.695378
269 293 -1 -1 28.353018
269 293 303 -1 28.479214
269 293 295 -1 36.472915
293 368 -1 -1 29.100227
293 344 368 -1 29.112220
293 343 368 -1 29.240628
266 274 -1 -1 14.322115
266 310 -1 -1 26.839122
266 274 310 -1 26.932615
266 295 -1 -1 23.806852
266 295 310 -1 27.366880
230 266 -1 -1 24.884922
230 266 295 -1 34.956627
382 387 -1 -1 9.163865
346 387 -1 -1 17.259080
346 382 387 -1 20.610928
387 420 -1 -1 15.356007
382 387 420 -1 18.436576
469 495 -1 -1 15.623902
495 512 -1 -1 20.684039
469 495 512 -1 22.099870
495 522 -1 -1 14.012467
495 512 522 -1 21.130280
463 495 -1 -1 13.264791
463 469 495 -1 18.465693
496 552 -1 -1 26.916011
496 548 -1 -1 26.651730
496 548 552 -1 27.726802
496 522 -1 -1 17.007205
496 522 552 -1 27.342918
496 519 -1 -1 21.418400
496 519 548 -1 26.979028
483 496 -1 -1 19.478965
483 496 519 -1 25.081574
495 496 -1 -1 17.567209
495 496 522 -1 18.920002
463 496 -1 -1 22.704814
463 495 496 -1 22.755037
454 496 -1 -1 24.779550
454 483 496 -1 25.418225
454 463 496 -1 25.167390
365 419 -1 -1 21.277188
384 419 -1 -1 19.618978
365 384 419 -1 21.811287
390 419 -1 -1 15.569676
365 390 419 -1 21.304510
416 419 -1 -1 12.770985
384 416 419 -1 20.099780
419 454 -1 -1 21.047188
416 419 454 -1 24.064766
192 223 -1 -1 23.574512
214 223 -1 -1 16.009775
223 274 -1 -1 27.473297
214 223 274 -1 28.649876
223 266 -1 -1 22.183156
223 266 274 -1 27.586743
401 427 -1 -1 15.200186
423 427 -1 -1 22.648144
401 423 427 -1 22.851955
427 453 -1 -1 15.303162
423 427 453 -1 23.248483
390 427 -1 -1 17.334516
390 401 427 -1 18.129582
419 427 -1 -1 13.984613
390 419 427 -1 18.269099
427 454 -1 -1 17.051620
427 453 454 -1 19.164543
419 427 454 -1 21.134649
612 629 -1 -1 9.505352
593 629 -1 -1 18.497274
627 629 -1 -1 9.261499
593 627 629 -1 20.288694
593 612 629 -1 18.694708
223 239 -1 -1 17.186862
192 239 -1 -1 21.608504
192 223 239 -1 24.542620
230 239 -1 -1 13.476571
206 239 -1 -1 32.321442
206 230 239 -1 32.361242
192 206 239 -1 32.987912
239 266 -1 -1 21.381684
230 239 266 -1 24.899231
223 239 266 -1 23.722911
190 -1 -1 -1 0.000000
192 -1 -1 -1 0.000000
193 -1 -1 -1 0.000000
198 -1 -1 -1 0.000000
201 -1 -1 -1 0.000000
202 -1 -1 -1 0.000000
203 -1 -1 -1 0.000000
204 -1 -1 -1 0.000000
206 -1 -1 -1 0.000000
214 -1 -1 -1 0.000000
218 -1 -1 -1 0.000000
222 -1 -1 -1 0.000000
223 -1 -1 -1 0.000000
228 -1 -1 -1 0.000000
229 -1 -1 -1 0.000000
230 -1 -1 -1 0.000000
231 -1 -1 -1 0.000000
232 -1 -1 -1 0.000000
236 -1 -1 -1 0.000000
239 -1 -1 -1 0.000000
243 -1 -1 -1 0.000000
247 -1 -1 -1 0.000000
248 -1 -1 -1 0.000000
251 -1 -1 -1 0.000000
252 -1 -1 -1 0.000000
253 -1 -1 -1 0.000000
254 -1 -1 -1 0.000000
266 -1 -1 -1 0.000000
268 -1 -1 -1 0.000000
269 -1 -1 -1 0.000000
270 -1 -1 -1 0.000000
271 -1 -1 -1 0.000000
272 -1 -1 -1 0.000000
274 -1 -1 -1 0.000000
277 -1 -1 -1 0.000000
280 -1 -1 -1 0.000000
289 -1 -1 -1 0.000000
290 -1 -1 -1 0.000000
293 -1 -1 -1 0.000000
294 -1 -1 -1 0.000000
295 -1 -1 -1 0.000000
297 -1 -1 -1 0.000000
299 -1 -1 -1 0.000000
300 -1 -1 -1 0.000000
303 -1 -1 -1 0.000000
304 -1 -1 -1 0.000000
305 -1 -1 -1 0.000000
310 -1 -1 -1 0.000000
319 -1 -1 -1 0.000000
320 -1 -1 -1 0.000000
321 -1 -1 -1 0.000000
325 -1 -1 -1 0.000000
327 -1 -1 -1 0.000000
329 -1 -1 -1 0.000000
330 -1 -1 -1 0.000000
339 -1 -1 -1 0.000000
340 -1 -1 -1 0.000000
343 -1 -1 -1 0.000000
344 -1 -1 -1 0.000000
346 -1 -1 -1 0.000000
348 -1 -1 -1 0.000000
352 -1 -1 -1 0.000000
354 -1 -1 -1 0.000000
355 -1 -1 -1 0.000000
357 -1 -1 -1 0.000000
363 -1 -1 -1 0.000000
365 -1 -1 -1 0.000000
366 -1 -1 -1 0.000000
368 -1 -1 -1 0.000000
373 -1 -1 -1 0.000000
374 -1 -1 -1 0.000000
380 -1 -1 -1 0.000000
382 -1 -1 -1 0.000000
384 -1 -1 -1 0.000000
385 -1 -1 -1 0.000000
387 -1 -1 -1 0.000000
388 -1 -1 -1 0.000000
389 -1 -1 -1 0.000000
390 -1 -1 -1 0.000000
393 -1 -1 -1 0.000000
395 -1 -1 -1 0.000000
399 -1 -1 -1 0.000000
400 -1 -1 -1 0.000000
401 -1 -1 -1 0.000000
403 -1 -1 -1 0.000000
408 -1 -1 -1 0.000000
412 -1 -1 -1 0.000000
413 -1 -1 -1 0.000000
416 -1 -1 -1 0.000000
418 -1 -1 -1 0.000000
419 -1 -1 -1 0.000000
420 -1 -1 -1 0.000000
422 -1 -1 -1 0.000000
423 -1 -1 -1 0.000000
425 -1 -1 -1 0.000000
427 -1 -1 -1 0.000000
428 -1 -1 -1 0.000000
432 -1 -1 -1 0.000000
435 -1 -1 -1 0.000000
440 -1 -1 -1 0.000000
448 -1 -1 -1 0.000000
450 -1 -1 -1 0.000000
451 -1 -1 -1 0.000000
452 -1 -1 -1 0.000000
453 -1 -1 -1 0.000000
454 -1 -1 -1 0.000000
455 -1 -1 -1 0.000000
458 -1 -1 -1 0.000000
459 -1 -1 -1 0.000000
462 -1 -1 -1 0.000000
463 -1 -1 -1 0.000000
464 -1 -1 -1 0.000000
467 -1 -1 -1 0.000000
469 -1 -1 -1 0.000000
472 -1 -1 -1 0.000000
475 -1 -1 -1 0.000000
476 -1 -1 -1 0.000000
478 -1 -1 -1 0.000000
480 -1 -1 -1 0.000000
481 -1 -1 -1 0.000000
483 -1 -1 -1 0.000000
489 -1 -1 -1 0.000000
494 -1 -1 -1 0.000000
495 -1 -1 -1 0.000000
496 -1 -1 -1 0.000000
500 -1 -1 -1 0.000000
502 -1 -1 -1 0.000000
503 -1 -1 -1 0.000000
506 -1 -1 -1 0.000000
507 -1 -1 -1 0.000000
508 -1 -1 -1 0.000000
510 -1 -1 -1 0.000000
512 -1 -1 -1 0.000000
513 -1 -1 -1 0.000000
517 -1 -1 -1 0.000000
518 -1 -1 -1 0.000000
519 -1 -1 -1 0.000000
522 -1 -1 -1 0.000000
527 -1 -1 -1 0.000000
530 -1 -1 -1 0.000000
532 -1 -1 -1 0.000000
535 -1 -1 -1 0.000000
536 -1 -1 -1 0.000000
539 -1 -1 -1 0.000000
540 -1 -1 -1 0.000000
541 -1 -1 -1 0.000000
544 -1 -1 -1 0.000000
545 -1 -1 -1 0.000000
546 -1 -1 -1 0.000000
547 -1 -1 -1 0.000000
548 -1 -1 -1 0.000000
552 -1 -1 -1 0.000000
554 -1 -1 -1 0.000000
555 -1 -1 -1 0.000000
557 -1 -1 -1 0.000000
559 -1 -1 -1 0.000000
568 -1 -1 -1 0.000000
572 -1 -1 -1 0.000000
573 -1 -1 -1 0.000000
574 -1 -1 -1 0.000000
576 -1 -1 -1 0.000000
577 -1 -1 -1 0.000000
578 -1 -1 -1 0.000000
582 -1 -1 -1 0.000000
585 -1 -1 -1 0.000000
591 -1 -1 -1 0.000000
593 -1 -1 -1 0.000000
594 -1 -1 -1 0.000000
595 -1 -1 -1 0.000000
596 -1 -1 -1 0.000000
599 -1 -1 -1 0.000000
600 -1 -1 -1 0.000000
601 -1 -1 -1 0.000000
605 -1 -1 -1 0.000000
607 -1 -1 -1 0.000000
608 -1 -1 -1 0.000000
609 -1 -1 -1 0.000000
612 -1 -1 -1 0.000000
616 -1 -1 -1 0.000000
617 -1 -1 -1 0.000000
618 -1 -1 -1 0.000000
620 -1 -1 -1 0.000000
622 -1 -1 -1 0.000000
624 -1 -1 -1 0.000000
627 -1 -1 -1 0.000000
629 -1 -1 -1 0.000000
632 -1 -1 -1 0.000000
