614 629 -1 -1 17.254738
598 614 -1 -1 18.033120
598 629 -1 -1 23.910933
598 614 629 -1 23.992230
614 653 -1 -1 15.635211
614 693 -1 -1 26.665499
653 693 -1 -1 24.876294
614 653 693 -1 27.191328
629 693 -1 -1 22.522246
614 629 693 -1 26.862381
452 464 -1 -1 14.107248
552 556 -1 -1 10.332434
552 598 -1 -1 17.346397
556 598 -1 -1 16.151980
552 556 598 -1 17.704009
513 556 -1 -1 19.356266
513 552 -1 -1 15.913173
513 552 556 -1 19.375573
506 574 -1 -1 22.702857
506 512 -1 -1 13.693985
512 574 -1 -1 23.289344
506 512 574 -1 24.106838
445 506 -1 -1 24.815356
445 512 -1 -1 23.489011
445 506 512 -1 25.285332
546 582 -1 -1 19.636368
536 582 -1 -1 16.985617
536 546 -1 -1 17.525616
536 546 582 -1 20.986150
571 620 -1 -1 19.005433
599 620 -1 -1 14.509468
571 599 -1 -1 15.617625
571 599 620 -1 19.420778
726 758 -1 -1 15.079706
758 760 -1 -1 23.555945
726 760 -1 -1 17.054475
726 758 760 -1 23.615906
540 565 -1 -1 16.910066
536 540 -1 -1 10.033018
536 565 -1 -1 20.452781
536 540 565 -1 20.542649
552 565 -1 -1 12.186329
565 598 -1 -1 12.901248
552 565 598 -1 17.363743
540 552 -1 -1 17.960663
540 552 565 -1 18.661286
574 634 -1 -1 22.800662
614 634 -1 -1 23.538936
634 653 -1 -1 12.723169
614 634 653 -1 25.351705
570 574 -1 -1 14.945368
512 570 -1 -1 24.030140
512 570 574 -1 24.960730
556 570 -1 -1 16.184433
512 556 -1 -1 19.898761
512 556 570 -1 24.219801
570 634 -1 -1 23.085339
570 614 -1 -1 21.636922
570 614 634 -1 26.320944
570 574 634 -1 24.269684
570 598 -1 -1 20.120935
570 598 614 -1 23.200384
556 570 598 -1 20.653584
496 556 -1 -1 20.656162
496 512 -1 -1 14.253521
496 512 556 -1 21.682357
496 513 -1 -1 8.899579
496 513 556 -1 20.720794
445 496 -1 -1 20.422492
445 496 512 -1 23.653345
464 496 -1 -1 17.639755
464 513 -1 -1 16.621072
464 496 513 -1 17.840926
497 513 -1 -1 10.884207
497 552 -1 -1 16.739814
497 513 552 -1 17.355867
497 540 -1 -1 14.653920
497 540 552 -1 19.183711
452 497 -1 -1 19.579189
464 497 -1 -1 19.258660
452 464 497 -1 20.846478
464 497 513 -1 19.300567
431 464 -1 -1 11.547334
431 496 -1 -1 22.207568
431 464 496 -1 22.367796
431 445 -1 -1 15.125862
431 445 496 -1 22.918572
757 780 -1 -1 12.436332
780 810 -1 -1 17.859845
757 810 -1 -1 21.893099
757 780 810 -1 21.894884
810 863 -1 -1 19.589717
863 898 -1 -1 18.921179
898 915 -1 -1 13.958350
907 928 -1 -1 15.771951
842 863 -1 -1 15.126328
810 842 -1 -1 19.643845
810 842 863 -1 21.260548
822 842 -1 -1 15.891986
822 848 -1 -1 12.371745
842 848 -1 -1 18.968751
822 842 848 -1 19.098751
842 864 -1 -1 14.673855
848 864 -1 -1 13.430464
842 848 864 -1 19.047862
792 822 -1 -1 14.689293
792 848 -1 -1 18.470537
792 822 848 -1 18.524312
758 792 -1 -1 19.135729
760 792 -1 -1 19.138266
758 760 792 -1 24.280244
760 822 -1 -1 20.926202
760 792 822 -1 21.649736
846 892 -1 -1 20.762393
846 852 -1 -1 13.661201
852 892 -1 -1 16.467154
846 852 892 -1 20.799101
459 491 -1 -1 15.670780
546 592 -1 -1 13.417945
582 592 -1 -1 21.013644
546 582 592 -1 21.621320
571 592 -1 -1 17.832748
592 599 -1 -1 10.459331
571 592 599 -1 17.937771
508 546 -1 -1 14.735879
491 508 -1 -1 14.677243
491 546 -1 -1 21.335681
491 508 546 -1 21.364974
459 508 -1 -1 18.719505
470 508 -1 -1 14.786449
459 470 -1 -1 13.380316
459 470 508 -1 18.854420
459 491 508 -1 19.284944
508 536 -1 -1 17.246515
508 536 546 -1 19.197142
620 644 -1 -1 19.681603
599 644 -1 -1 22.384310
599 620 644 -1 22.713134
620 671 -1 -1 23.717594
644 671 -1 -1 16.123235
620 644 671 -1 23.932184
620 643 -1 -1 13.134091
643 671 -1 -1 20.146478
620 643 671 -1 23.728253
664 681 -1 -1 12.567055
664 724 -1 -1 22.238458
681 724 -1 -1 21.214423
664 681 724 -1 22.759443
671 712 -1 -1 18.209529
671 732 -1 -1 24.043665
712 732 -1 -1 14.531126
671 712 732 -1 24.097508
644 712 -1 -1 23.739723
644 671 712 -1 23.766703
717 726 -1 -1 15.317323
717 758 -1 -1 20.992844
717 726 758 -1 21.015233
629 717 -1 -1 23.828610
693 717 -1 -1 19.152524
629 693 717 -1 25.488838
693 726 -1 -1 17.678191
693 717 726 -1 20.311479
585 623 -1 -1 13.197184
582 585 -1 -1 15.955592
582 623 -1 -1 18.117383
582 585 623 -1 18.656477
536 585 -1 -1 21.974492
536 582 585 -1 22.111352
565 585 -1 -1 12.349087
536 565 585 -1 22.315228
585 598 -1 -1 17.718437
565 585 598 -1 17.720618
585 629 -1 -1 24.159060
585 598 629 -1 25.857343
623 629 -1 -1 19.304560
585 623 629 -1 24.222415
534 546 -1 -1 13.722473
491 534 -1 -1 19.083376
491 534 546 -1 21.713442
534 592 -1 -1 13.723446
534 571 -1 -1 16.288331
534 571 592 -1 18.714859
534 546 592 -1 15.731074
600 620 -1 -1 14.143244
571 600 -1 -1 15.030778
571 600 620 -1 19.229734
600 643 -1 -1 16.503412
600 616 -1 -1 12.852862
616 643 -1 -1 13.149729
600 616 643 -1 16.824755
600 620 643 -1 17.138152
493 497 -1 -1 13.475250
493 540 -1 -1 15.723748
493 497 540 -1 16.980061
493 508 -1 -1 20.211700
470 493 -1 -1 11.039479
470 493 508 -1 20.664989
452 493 -1 -1 16.017199
452 470 -1 -1 20.546099
452 470 493 -1 20.704943
452 493 497 -1 19.738821
493 536 -1 -1 21.420112
493 536 540 -1 22.880742
493 508 536 -1 22.907702
780 784 -1 -1 12.063786
784 810 -1 -1 15.092055
780 784 810 -1 18.062028
784 842 -1 -1 20.576280
784 810 842 -1 21.725205
784 822 -1 -1 15.243962
784 822 842 -1 20.744346
760 784 -1 -1 15.129676
760 784 822 -1 20.953133
760 780 -1 -1 17.055213
760 780 784 -1 17.520421
703 780 -1 -1 22.348529
703 757 -1 -1 24.456298
703 757 780 -1 24.581396
703 760 -1 -1 22.647734
703 760 780 -1 24.314935
653 703 -1 -1 26.221350
693 703 -1 -1 14.878112
653 693 703 -1 26.797185
703 726 -1 -1 22.841606
693 703 726 -1 22.847689
703 726 760 -1 24.535318
864 883 -1 -1 13.326565
848 883 -1 -1 18.855180
848 864 883 -1 18.855624
891 898 -1 -1 14.872888
891 915 -1 -1 15.677220
891 898 915 -1 17.188941
863 891 -1 -1 16.251203
863 891 898 -1 19.613401
842 891 -1 -1 16.758807
842 863 891 -1 18.575405
864 891 -1 -1 14.710325
842 864 891 -1 17.886384
907 932 -1 -1 16.424503
843 884 -1 -1 19.868768
884 932 -1 -1 20.621075
884 907 -1 -1 16.450177
884 907 932 -1 21.105786
880 884 -1 -1 20.635532
880 907 -1 -1 13.698670
880 884 907 -1 20.689185
812 843 -1 -1 15.513075
886 907 -1 -1 21.007489
886 928 -1 -1 17.693437
886 907 928 -1 21.514903
880 886 -1 -1 14.412332
880 886 907 -1 21.151167
855 885 -1 -1 13.913310
852 885 -1 -1 21.717682
852 855 -1 -1 11.947484
852 855 885 -1 23.776877
824 855 -1 -1 15.571491
824 885 -1 -1 20.287462
824 855 885 -1 20.319892
791 855 -1 -1 22.967106
791 824 -1 -1 17.998312
791 824 855 -1 23.022680
888 906 -1 -1 14.764167
791 795 -1 -1 21.879588
795 824 -1 -1 18.051485
791 795 824 -1 22.679757
914 915 -1 -1 12.585658
891 914 -1 -1 19.032730
891 914 915 -1 19.141085
914 931 -1 -1 11.011067
914 916 -1 -1 17.408562
916 931 -1 -1 9.603530
914 916 931 -1 19.217916
883 914 -1 -1 18.613118
883 916 -1 -1 14.832632
883 914 916 -1 19.807481
864 914 -1 -1 21.988041
864 883 914 -1 22.061942
864 891 914 -1 22.312631
892 924 -1 -1 18.590314
916 924 -1 -1 12.307112
892 916 -1 -1 22.174830
892 916 924 -1 22.176342
924 931 -1 -1 18.493005
916 924 931 -1 20.334579
463 491 -1 -1 14.031036
463 467 -1 -1 11.355028
602 644 -1 -1 20.992180
599 602 -1 -1 17.703934
599 602 644 -1 23.806334
592 602 -1 -1 18.281664
592 599 602 -1 18.828522
582 602 -1 -1 14.587893
582 592 602 -1 21.436775
602 623 -1 -1 20.731634
582 602 623 -1 21.206599
643 680 -1 -1 15.227136
671 680 -1 -1 9.831186
643 671 680 -1 20.854694
668 680 -1 -1 11.573411
643 668 -1 -1 13.809371
643 668 680 -1 15.912148
677 712 -1 -1 18.661205
644 677 -1 -1 16.790432
644 677 712 -1 23.874877
602 677 -1 -1 26.537663
602 644 677 -1 26.546651
677 731 -1 -1 25.442460
685 731 -1 -1 24.191853
677 685 -1 -1 8.874807
677 685 731 -1 25.461699
684 717 -1 -1 13.344069
629 684 -1 -1 16.140727
629 684 717 -1 24.978897
623 684 -1 -1 20.728655
623 629 684 -1 21.931073
482 492 -1 -1 9.086565
467 492 -1 -1 10.920341
492 516 -1 -1 12.842170
482 516 -1 -1 16.609904
482 492 516 -1 16.734285
569 600 -1 -1 14.347310
569 571 -1 -1 15.630351
569 571 600 -1 17.355413
516 522 -1 -1 12.263805
482 522 -1 -1 13.090523
482 516 522 -1 16.782073
507 534 -1 -1 13.559061
491 507 -1 -1 16.970734
491 507 534 -1 19.628204
492 507 -1 -1 18.612324
467 507 -1 -1 16.588903
467 492 507 -1 18.778032
507 516 -1 -1 13.638471
492 507 516 -1 18.613867
463 507 -1 -1 19.552554
463 491 507 -1 20.022495
463 467 507 -1 19.585450
638 672 -1 -1 14.704858
664 672 -1 -1 14.052551
638 664 -1 -1 16.673688
638 664 672 -1 17.652314
638 642 -1 -1 9.880110
642 672 -1 -1 12.728487
638 642 672 -1 14.928765
701 757 -1 -1 22.671228
701 703 -1 -1 15.505755
701 703 757 -1 25.084026
653 701 -1 -1 22.160654
653 701 703 -1 26.275169
870 892 -1 -1 14.904100
846 870 -1 -1 16.378332
846 870 892 -1 20.917296
870 916 -1 -1 19.709575
870 892 916 -1 22.643200
870 883 -1 -1 13.278862
870 883 916 -1 19.713508
860 888 -1 -1 22.349413
860 906 -1 -1 23.651770
860 888 906 -1 24.360896
857 886 -1 -1 18.441618
858 886 -1 -1 16.353312
857 858 -1 -1 19.679967
857 858 886 -1 21.139365
857 880 -1 -1 13.568342
857 880 886 -1 18.605028
888 925 -1 -1 18.225133
858 888 -1 -1 17.899196
858 925 -1 -1 19.796213
858 888 925 -1 21.594312
886 925 -1 -1 14.363657
858 886 925 -1 20.103734
925 928 -1 -1 20.149706
886 925 928 -1 20.670350
899 905 -1 -1 16.194313
885 899 -1 -1 15.972704
885 905 -1 -1 20.697421
885 899 905 -1 21.010674
852 899 -1 -1 23.452925
852 885 899 -1 24.253155
892 899 -1 -1 23.284875
852 892 899 -1 24.971069
899 917 -1 -1 13.970559
892 917 -1 -1 19.799990
892 899 917 -1 23.362394
792 851 -1 -1 18.738438
848 851 -1 -1 8.049504
792 848 851 -1 19.065306
819 851 -1 -1 13.486808
792 819 -1 -1 15.585159
792 819 851 -1 19.032904
851 883 -1 -1 18.691717
848 851 883 -1 19.223937
851 870 -1 -1 15.329526
851 870 883 -1 18.911896
819 846 -1 -1 13.274668
846 851 -1 -1 17.889880
819 846 851 -1 17.991823
846 851 870 -1 19.214223
783 792 -1 -1 19.093781
758 783 -1 -1 13.339690
758 783 792 -1 20.396846
783 819 -1 -1 16.583796
783 792 819 -1 19.993801
731 783 -1 -1 21.671575
731 758 -1 -1 21.279897
731 758 783 -1 22.600857
892 933 -1 -1 20.365257
917 933 -1 -1 10.966081
892 917 933 -1 20.899401
924 933 -1 -1 11.802044
892 924 933 -1 20.630546
905 906 -1 -1 12.410232
602 648 -1 -1 20.335018
623 648 -1 -1 12.020825
602 623 648 -1 21.483582
648 684 -1 -1 14.900130
623 648 684 -1 21.058593
648 685 -1 -1 12.443690
684 685 -1 -1 17.348940
648 684 685 -1 17.723905
648 677 -1 -1 19.048937
648 677 685 -1 23.491501
602 648 677 -1 26.653428
645 681 -1 -1 17.614196
681 691 -1 -1 12.333457
645 691 -1 -1 21.346272
645 681 691 -1 21.348819
645 668 -1 -1 12.777006
668 691 -1 -1 17.132505
645 668 691 -1 21.346341
607 645 -1 -1 16.661505
616 645 -1 -1 14.106061
607 616 -1 -1 11.034098
607 616 645 -1 16.823736
643 645 -1 -1 18.774629
616 643 645 -1 18.800378
643 645 668 -1 18.774791
712 730 -1 -1 15.387576
730 732 -1 -1 21.379230
712 730 732 -1 21.383698
677 730 -1 -1 23.682618
677 712 730 -1 23.703588
730 731 -1 -1 12.755834
677 730 731 -1 25.647577
709 717 -1 -1 12.710340
709 758 -1 -1 19.266754
709 717 758 -1 21.373823
709 731 -1 -1 12.523911
709 731 758 -1 21.543213
685 709 -1 -1 19.332416
685 709 731 -1 24.347436
684 709 -1 -1 17.935047
684 685 709 -1 21.093171
684 709 717 -1 17.960213
686 719 -1 -1 13.573776
543 550 -1 -1 14.200170
543 576 -1 -1 12.036663
550 576 -1 -1 14.759934
543 550 576 -1 15.931584
706 719 -1 -1 16.010909
686 706 -1 -1 17.208193
686 706 719 -1 18.245586
672 706 -1 -1 12.515932
672 686 -1 -1 13.785758
672 686 706 -1 17.396027
706 733 -1 -1 13.060420
719 733 -1 -1 13.602305
706 719 733 -1 16.674656
724 733 -1 -1 11.869798
706 724 -1 -1 13.784764
706 724 733 -1 14.981941
664 706 -1 -1 16.177256
664 706 724 -1 22.341694
664 672 706 -1 16.766276
553 569 -1 -1 9.652923
553 571 -1 -1 10.454615
553 569 571 -1 15.977242
507 553 -1 -1 16.320768
516 553 -1 -1 11.821855
507 516 553 -1 16.604886
534 553 -1 -1 19.131169
534 553 571 -1 19.137281
507 534 553 -1 19.487187
522 525 -1 -1 6.267130
516 525 -1 -1 9.486715
516 522 525 -1 12.462069
525 553 -1 -1 13.391537
516 525 553 -1 13.743267
525 569 -1 -1 11.433462
525 553 569 -1 13.673169
525 563 -1 -1 15.957795
563 569 -1 -1 14.404909
525 563 569 -1 16.497634
569 579 -1 -1 10.715833
579 600 -1 -1 14.433172
569 579 600 -1 15.505406
579 616 -1 -1 15.582071
579 600 616 -1 16.649573
579 607 -1 -1 12.378471
579 607 616 -1 15.691307
563 579 -1 -1 8.687347
563 569 579 -1 14.466790
617 638 -1 -1 12.836583
617 664 -1 -1 19.481603
617 638 664 -1 19.697861
615 638 -1 -1 11.377247
615 642 -1 -1 13.454297
615 638 642 -1 13.745622
465 466 -1 -1 8.325617
518 522 -1 -1 7.558275
482 518 -1 -1 14.274737
482 518 522 -1 14.387451
878 885 -1 -1 9.916974
824 878 -1 -1 19.454898
824 878 885 -1 20.583968
860 878 -1 -1 8.221442
824 860 -1 -1 18.806508
824 860 878 -1 19.643817
878 906 -1 -1 20.454719
860 878 906 -1 24.236254
878 905 -1 -1 21.868110
878 905 906 -1 22.254499
878 885 905 -1 22.022446
795 829 -1 -1 14.908707
824 829 -1 -1 15.037915
795 824 829 -1 18.766010
829 860 -1 -1 14.676279
824 829 860 -1 19.190400
668 716 -1 -1 22.024843
691 716 -1 -1 14.264102
668 691 716 -1 22.031367
680 716 -1 -1 20.471404
668 680 716 -1 22.254705
772 774 -1 -1 11.892947
772 804 -1 -1 16.464571
774 804 -1 -1 18.469092
772 774 804 -1 18.784069
716 774 -1 -1 19.945550
716 772 -1 -1 22.402015
716 772 774 -1 22.472014
716 753 -1 -1 20.525516
691 753 -1 -1 21.439597
691 716 753 -1 22.346291
753 772 -1 -1 11.070877
716 753 772 -1 22.498345
857 868 -1 -1 17.093484
868 880 -1 -1 13.435083
857 868 880 -1 17.440973
868 884 -1 -1 15.740210
843 868 -1 -1 14.976885
843 868 884 -1 20.141267
868 880 884 -1 20.635873
783 787 -1 -1 12.899259
731 787 -1 -1 24.679166
731 783 787 -1 24.707966
730 787 -1 -1 27.491506
730 791 -1 -1 25.468584
787 791 -1 -1 13.408752
730 787 791 -1 27.648407
730 731 787 -1 27.500376
787 819 -1 -1 19.445067
783 787 819 -1 19.661472
787 846 -1 -1 22.056645
787 819 846 -1 22.249539
787 855 -1 -1 27.582362
787 791 855 -1 27.687025
787 852 -1 -1 27.853593
787 846 852 -1 28.267070
787 852 855 -1 28.391672
769 795 -1 -1 13.648777
769 791 -1 -1 16.019799
769 791 795 -1 21.953249
730 769 -1 -1 18.781102
730 769 791 -1 25.523034
732 769 -1 -1 17.386380
732 795 -1 -1 23.759240
732 769 795 -1 24.069235
730 732 769 -1 22.434567
501 537 -1 -1 10.809942
501 550 -1 -1 16.614569
537 550 -1 -1 13.740668
501 537 550 -1 16.697759
514 543 -1 -1 13.319945
514 550 -1 -1 13.185248
514 543 550 -1 15.695431
501 514 -1 -1 13.303531
501 514 550 -1 17.005506
719 759 -1 -1 20.391189
733 759 -1 -1 16.818136
719 733 759 -1 20.524548
759 812 -1 -1 20.324883
657 672 -1 -1 16.281975
657 686 -1 -1 11.700688
657 672 686 -1 16.589726
642 657 -1 -1 11.915795
642 657 672 -1 16.417515
554 588 -1 -1 16.217748
563 588 -1 -1 13.551186
554 563 -1 -1 11.828544
554 563 588 -1 16.514837
554 566 -1 -1 12.482658
566 588 -1 -1 12.512061
554 566 588 -1 16.424040
579 588 -1 -1 15.539521
563 579 588 -1 15.583258
588 607 -1 -1 10.292480
579 588 607 -1 15.577084
630 645 -1 -1 11.403914
607 630 -1 -1 13.465835
607 630 645 -1 16.763160
588 630 -1 -1 17.076757
588 607 630 -1 17.078862
588 617 -1 -1 16.030968
617 630 -1 -1 10.671706
588 617 630 -1 17.554263
630 664 -1 -1 19.165400
617 630 664 -1 20.112687
630 681 -1 -1 20.160727
630 664 681 -1 20.803184
630 645 681 -1 20.232693
550 589 -1 -1 13.821482
576 589 -1 -1 9.805396
550 576 589 -1 15.267730
603 617 -1 -1 10.306140
603 638 -1 -1 14.059898
603 617 638 -1 14.632831
603 615 -1 -1 9.904650
603 615 638 -1 14.184974
588 603 -1 -1 17.374939
566 603 -1 -1 14.060449
566 588 603 -1 17.570577
588 603 617 -1 17.682070
589 603 -1 -1 14.518412
589 615 -1 -1 10.182930
589 603 615 -1 14.532853
472 483 -1 -1 14.713030
472 518 -1 -1 14.990553
472 482 -1 -1 8.809310
472 482 518 -1 15.386025
466 483 -1 -1 9.148248
490 554 -1 -1 17.104974
490 511 -1 -1 8.218205
511 554 -1 -1 14.258815
490 511 554 -1 17.178958
490 518 -1 -1 8.900183
518 554 -1 -1 15.570282
490 518 554 -1 17.199824
483 490 -1 -1 10.985549
483 511 -1 -1 12.755412
483 490 511 -1 12.884759
472 490 -1 -1 13.211270
472 483 490 -1 15.286309
472 490 518 -1 15.106127
554 555 -1 -1 8.502558
555 563 -1 -1 7.861497
554 555 563 -1 11.839761
518 555 -1 -1 10.544388
518 554 555 -1 16.486944
522 555 -1 -1 12.265959
518 522 555 -1 12.343673
525 555 -1 -1 13.493067
525 555 563 -1 15.978456
522 525 555 -1 13.509880
788 829 -1 -1 16.337100
788 804 -1 -1 17.197825
804 829 -1 -1 21.264871
788 804 829 -1 21.688116
788 795 -1 -1 9.830311
788 795 829 -1 16.600456
774 788 -1 -1 11.965797
774 788 804 -1 19.014150
732 788 -1 -1 24.304356
732 788 795 -1 24.585451
856 888 -1 -1 21.128433
856 858 -1 -1 14.438170
856 858 888 -1 21.402372
856 860 -1 -1 19.992847
856 860 888 -1 24.507156
716 728 -1 -1 12.976599
680 728 -1 -1 24.104080
680 716 728 -1 24.105864
671 728 -1 -1 24.481450
728 732 -1 -1 9.945516
671 728 732 -1 24.810825
671 680 728 -1 24.822705
728 774 -1 -1 16.018458
716 728 774 -1 19.988246
728 788 -1 -1 22.773588
728 732 788 -1 24.347156
728 774 788 -1 23.954212
729 753 -1 -1 11.666307
691 729 -1 -1 16.218056
691 729 753 -1 21.719245
681 729 -1 -1 18.561273
724 729 -1 -1 11.394403
681 724 729 -1 21.249522
681 691 729 -1 18.857406
548 554 -1 -1 9.372427
511 548 -1 -1 10.169989
511 548 554 -1 14.287351
537 548 -1 -1 7.058528
511 537 -1 -1 12.931423
511 537 548 -1 12.993082
548 566 -1 -1 12.603287
548 554 566 -1 13.522992
537 566 -1 -1 15.809620
537 548 566 -1 16.253087
504 537 -1 -1 12.206264
504 511 -1 -1 7.680868
504 511 537 -1 13.248326
501 504 -1 -1 10.074209
501 504 537 -1 12.876463
483 504 -1 -1 11.806184
483 504 511 -1 13.009673
466 504 -1 -1 12.587582
466 483 504 -1 13.191867
465 504 -1 -1 15.394076
465 466 504 -1 15.408973
465 501 -1 -1 15.278199
465 501 504 -1 16.237764
729 771 -1 -1 19.981419
724 771 -1 -1 20.697669
724 729 771 -1 21.223102
753 771 -1 -1 16.576441
729 753 771 -1 19.990449
589 611 -1 -1 14.615803
611 615 -1 -1 11.451260
589 611 615 -1 14.676578
611 642 -1 -1 11.508003
611 615 642 -1 14.167077
576 611 -1 -1 15.596114
576 589 611 -1 16.034005
611 657 -1 -1 16.201993
611 642 657 -1 16.217307
568 589 -1 -1 10.084288
550 568 -1 -1 11.537568
550 568 589 -1 14.072738
537 568 -1 -1 15.541660
566 568 -1 -1 10.868228
537 566 568 -1 16.715792
537 550 568 -1 16.066486
568 603 -1 -1 12.701607
566 568 603 -1 14.720622
568 589 603 -1 14.830034
465 479 -1 -1 11.511325
455 479 -1 -1 12.705276
479 501 -1 -1 12.136585
465 479 501 -1 15.493162
479 514 -1 -1 13.314019
479 501 514 -1 14.953693
829 836 -1 -1 10.454672
836 860 -1 -1 13.744677
829 836 860 -1 15.326527
836 856 -1 -1 10.373087
836 856 860 -1 21.446600
804 836 -1 -1 17.474801
804 829 836 -1 21.377914
804 856 -1 -1 18.648293
804 836 856 -1 18.957497
827 856 -1 -1 18.747204
804 827 -1 -1 18.212812
804 827 856 -1 21.408560
815 827 -1 -1 13.413358
815 857 -1 -1 19.050823
827 857 -1 -1 17.089658
815 827 857 -1 19.613658
827 858 -1 -1 19.845023
827 857 858 -1 21.917730
827 856 858 -1 20.850655
832 868 -1 -1 16.232794
832 857 -1 -1 14.417335
832 857 868 -1 18.502817
815 832 -1 -1 11.949462
815 832 857 -1 19.062943
733 768 -1 -1 15.268095
724 768 -1 -1 17.784966
724 733 768 -1 18.014707
768 771 -1 -1 10.447234
724 768 771 -1 20.698319
759 768 -1 -1 14.873536
733 759 768 -1 18.162540
753 794 -1 -1 18.027662
772 794 -1 -1 15.384599
753 772 794 -1 18.119502
771 794 -1 -1 12.178627
753 771 794 -1 18.584571
771 815 -1 -1 18.310106
794 815 -1 -1 14.298647
771 794 815 -1 18.333292
794 804 -1 -1 17.805141
772 794 804 -1 19.219524
794 827 -1 -1 16.938633
794 804 827 -1 20.409709
794 815 827 -1 17.513251
479 502 -1 -1 10.796979
455 502 -1 -1 13.064017
455 479 502 -1 14.195343
502 514 -1 -1 10.056044
479 502 514 -1 13.551029
812 840 -1 -1 12.115153
840 843 -1 -1 11.899527
812 840 843 -1 15.730010
840 868 -1 -1 14.233139
840 843 868 -1 16.013121
832 840 -1 -1 10.467188
832 840 868 -1 16.453507
771 808 -1 -1 14.700120
808 815 -1 -1 11.244998
771 808 815 -1 18.314551
768 808 -1 -1 14.415349
768 771 808 -1 15.600655
808 832 -1 -1 14.911935
808 815 832 -1 15.144069
768 798 -1 -1 17.164496
759 798 -1 -1 16.415839
759 768 798 -1 18.741788
798 808 -1 -1 8.324228
768 798 808 -1 17.210443
798 812 -1 -1 11.671184
759 798 812 -1 20.328679
798 840 -1 -1 14.534869
798 812 840 -1 15.026284
798 832 -1 -1 16.159511
798 832 840 -1 16.479762
798 808 832 -1 16.283095
431 -1 -1 -1 0.000000
445 -1 -1 -1 0.000000
452 -1 -1 -1 0.000000
455 -1 -1 -1 0.000000
459 -1 -1 -1 0.000000
463 -1 -1 -1 0.000000
464 -1 -1 -1 0.000000
465 -1 -1 -1 0.000000
466 -1 -1 -1 0.000000
467 -1 -1 -1 0.000000
470 -1 -1 -1 0.000000
472 -1 -1 -1 0.000000
479 -1 -1 -1 0.000000
482 -1 -1 -1 0.000000
483 -1 -1 -1 0.000000
490 -1 -1 -1 0.000000
491 -1 -1 -1 0.000000
492 -1 -1 -1 0.000000
493 -1 -1 -1 0.000000
496 -1 -1 -1 0.000000
497 -1 -1 -1 0.000000
501 -1 -1 -1 0.000000
502 -1 -1 -1 0.000000
504 -1 -1 -1 0.000000
506 -1 -1 -1 0.000000
507 -1 -1 -1 0.000000
508 -1 -1 -1 0.000000
511 -1 -1 -1 0.000000
512 -1 -1 -1 0.000000
513 -1 -1 -1 0.000000
514 -1 -1 -1 0.000000
516 -1 -1 -1 0.000000
518 -1 -1 -1 0.000000
522 -1 -1 -1 0.000000
525 -1 -1 -1 0.000000
534 -1 -1 -1 0.000000
536 -1 -1 -1 0.000000
537 -1 -1 -1 0.000000
540 -1 -1 -1 0.000000
543 -1 -1 -1 0.000000
546 -1 -1 -1 0.000000
548 -1 -1 -1 0.000000
550 -1 -1 -1 0.000000
552 -1 -1 -1 0.000000
553 -1 -1 -1 0.000000
554 -1 -1 -1 0.000000
555 -1 -1 -1 0.000000
556 -1 -1 -1 0.000000
563 -1 -1 -1 0.000000
565 -1 -1 -1 0.000000
566 -1 -1 -1 0.000000
568 -1 -1 -1 0.000000
569 -1 -1 -1 0.000000
570 -1 -1 -1 0.000000
571 -1 -1 -1 0.000000
574 -1 -1 -1 0.000000
576 -1 -1 -1 0.000000
579 -1 -1 -1 0.000000
582 -1 -1 -1 0.000000
585 -1 -1 -1 0.000000
588 -1 -1 -1 0.000000
589 -1 -1 -1 0.000000
592 -1 -1 -1 0.000000
598 -1 -1 -1 0.000000
599 -1 -1 -1 0.000000
600 -1 -1 -1 0.000000
602 -1 -1 -1 0.000000
603 -1 -1 -1 0.000000
607 -1 -1 -1 0.000000
611 -1 -1 -1 0.000000
614 -1 -1 -1 0.000000
615 -1 -1 -1 0.000000
616 -1 -1 -1 0.000000
617 -1 -1 -1 0.000000
620 -1 -1 -1 0.000000
623 -1 -1 -1 0.000000
629 -1 -1 -1 0.000000
630 -1 -1 -1 0.000000
634 -1 -1 -1 0.000000
638 -1 -1 -1 0.000000
642 -1 -1 -1 0.000000
643 -1 -1 -1 0.000000
644 -1 -1 -1 0.000000
645 -1 -1 -1 0.000000
648 -1 -1 -1 0.000000
653 -1 -1 -1 0.000000
657 -1 -1 -1 0.000000
664 -1 -1 -1 0.000000
668 -1 -1 -1 0.000000
671 -1 -1 -1 0.000000
672 -1 -1 -1 0.000000
677 -1 -1 -1 0.000000
680 -1 -1 -1 0.000000
681 -1 -1 -1 0.000000
684 -1 -1 -1 0.000000
685 -1 -1 -1 0.000000
686 -1 -1 -1 0.000000
691 -1 -1 -1 0.000000
693 -1 -1 -1 0.000000
701 -1 -1 -1 0.000000
703 -1 -1 -1 0.000000
706 -1 -1 -1 0.000000
709 -1 -1 -1 0.000000
712 -1 -1 -1 0.000000
716 -1 -1 -1 0.000000
717 -1 -1 -1 0.000000
719 -1 -1 -1 0.000000
724 -1 -1 -1 0.000000
726 -1 -1 -1 0.000000
728 -1 -1 -1 0.000000
729 -1 -1 -1 0.000000
730 -1 -1 -1 0.000000
731 -1 -1 -1 0.000000
732 -1 -1 -1 0.000000
733 -1 -1 -1 0.000000
753 -1 -1 -1 0.000000
757 -1 -1 -1 0.000000
758 -1 -1 -1 0.000000
759 -1 -1 -1 0.000000
760 -1 -1 -1 0.000000
768 -1 -1 -1 0.000000
769 -1 -1 -1 0.000000
771 -1 -1 -1 0.000000
772 -1 -1 -1 0.000000
774 -1 -1 -1 0.000000
780 -1 -1 -1 0.000000
783 -1 -1 -1 0.000000
784 -1 -1 -1 0.000000
787 -1 -1 -1 0.000000
788 -1 -1 -1 0.000000
791 -1 -1 -1 0.000000
792 -1 -1 -1 0.000000
794 -1 -1 -1 0.000000
795 -1 -1 -1 0.000000
798 -1 -1 -1 0.000000
804 -1 -1 -1 0.000000
808 -1 -1 -1 0.000000
810 -1 -1 -1 0.000000
812 -1 -1 -1 0.000000
815 -1 -1 -1 0.000000
819 -1 -1 -1 0.000000
822 -1 -1 -1 0.000000
824 -1 -1 -1 0.000000
827 -1 -1 -1 0.000000
829 -1 -1 -1 0.000000
832 -1 -1 -1 0.000000
836 -1 -1 -1 0.000000
840 -1 -1 -1 0.000000
842 -1 -1 -1 0.000000
843 -1 -1 -1 0.000000
846 -1 -1 -1 0.000000
848 -1 -1 -1 0.000000
851 -1 -1 -1 0.000000
852 -1 -1 -1 0.000000
855 -1 -1 -1 0.000000
856 -1 -1 -1 0.000000
857 -1 -1 -1 0.000000
858 -1 -1 -1 0.000000
860 -1 -1 -1 0.000000
863 -1 -1 -1 0.000000
864 -1 -1 -1 0.000000
868 -1 -1 -1 0.000000
870 -1 -1 -1 0.000000
878 -1 -1 -1 0.000000
880 -1 -1 -1 0.000000
883 -1 -1 -1 0.000000
884 -1 -1 -1 0.000000
885 -1 -1 -1 0.000000
886 -1 -1 -1 0.000000
888 -1 -1 -1 0.000000
891 -1 -1 -1 0.000000
892 -1 -1 -1 0.000000
898 -1 -1 -1 0.000000
899 -1 -1 -1 0.000000
905 -1 -1 -1 0.000000
906 -1 -1 -1 0.000000
907 -1 -1 -1 0.000000
914 -1 -1 -1 0.000000
915 -1 -1 -1 0.000000
916 -1 -1 -1 0.000000
917 -1 -1 -1 0.000000
924 -1 -1 -1 0.000000
925 -1 -1 -1 0.000000
928 -1 -1 -1 0.000000
931 -1 -1 -1 0.000000
932 -1 -1 -1 0.000000
933 -1 -1 -1 0.000000
