695 728 -1 -1 16.054135
704 728 -1 -1 22.634714
695 704 -1 -1 14.538423
695 704 728 -1 22.732401
735 736 -1 -1 19.193502
724 728 -1 -1 17.034112
724 726 -1 -1 23.291431
406 427 -1 -1 13.126207
427 432 -1 -1 16.136399
432 456 -1 -1 17.175392
427 456 -1 -1 11.836082
427 432 456 -1 17.870249
405 454 -1 -1 22.451454
453 454 -1 -1 13.264219
405 453 -1 -1 23.894598
405 453 454 -1 24.305506
405 428 -1 -1 10.582467
428 454 -1 -1 18.067102
405 428 454 -1 22.789930
647 676 -1 -1 18.007725
656 676 -1 -1 17.399262
647 656 -1 -1 17.765235
647 656 676 -1 20.472048
591 601 -1 -1 16.190775
575 601 -1 -1 13.477732
575 591 -1 -1 16.816938
575 591 601 -1 18.092741
700 728 -1 -1 20.494366
700 724 -1 -1 15.139322
700 724 728 -1 20.885426
695 700 -1 -1 13.081350
695 700 728 -1 20.498905
677 695 -1 -1 19.199225
677 704 -1 -1 14.989691
677 695 704 -1 19.433312
719 726 -1 -1 12.841609
712 719 -1 -1 18.442885
712 726 -1 -1 15.020386
712 719 726 -1 18.602192
464 475 -1 -1 11.432634
456 464 -1 -1 12.782625
456 475 -1 -1 11.750288
456 464 475 -1 13.896094
427 464 -1 -1 19.513824
427 456 464 -1 20.183533
415 425 -1 -1 19.469955
425 450 -1 -1 16.405188
415 450 -1 -1 18.851069
415 425 450 -1 21.211114
432 460 -1 -1 15.182475
456 460 -1 -1 17.170559
432 456 460 -1 19.145058
460 475 -1 -1 19.556621
456 460 475 -1 19.711198
405 424 -1 -1 18.941017
424 453 -1 -1 13.541856
405 424 453 -1 23.932364
394 424 -1 -1 15.064807
394 405 -1 -1 16.659478
394 405 424 -1 19.793535
457 472 -1 -1 10.915172
453 457 -1 -1 22.748806
453 472 -1 -1 19.583647
453 457 472 -1 22.762539
424 457 -1 -1 24.653422
424 453 457 -1 24.939786
425 457 -1 -1 16.308902
424 425 -1 -1 18.470492
424 425 457 -1 24.653437
450 457 -1 -1 12.006176
425 450 457 -1 17.584480
472 493 -1 -1 17.907021
457 493 -1 -1 21.140819
457 472 493 -1 21.144338
567 591 -1 -1 17.681642
567 575 -1 -1 17.733859
567 575 591 -1 20.120932
567 583 -1 -1 13.345146
583 591 -1 -1 11.344458
567 583 591 -1 17.684944
647 653 -1 -1 15.438415
653 676 -1 -1 18.036101
647 653 676 -1 19.944028
653 677 -1 -1 19.455883
652 653 -1 -1 16.708393
652 677 -1 -1 13.752870
652 653 677 -1 19.838110
583 614 -1 -1 17.190623
583 604 -1 -1 16.163694
604 614 -1 -1 17.782199
583 604 614 -1 19.726418
591 614 -1 -1 16.192675
583 591 614 -1 17.800991
601 618 -1 -1 14.831776
591 618 -1 -1 18.993361
591 601 618 -1 19.630577
614 618 -1 -1 22.018813
591 614 618 -1 22.595855
614 647 -1 -1 15.137240
618 647 -1 -1 19.218796
614 618 647 -1 22.451432
618 656 -1 -1 16.390879
618 647 656 -1 20.678147
605 618 -1 -1 19.830527
601 605 -1 -1 15.893423
601 605 618 -1 20.117388
637 665 -1 -1 13.348092
617 665 -1 -1 22.191236
617 637 -1 -1 14.251021
617 637 665 -1 23.204328
606 637 -1 -1 13.703409
606 617 -1 -1 14.512889
606 617 637 -1 16.359198
606 623 -1 -1 11.276023
623 637 -1 -1 11.790589
606 623 637 -1 14.340645
658 665 -1 -1 15.351089
617 658 -1 -1 21.748685
617 658 665 -1 23.454837
658 700 -1 -1 18.702801
658 695 -1 -1 21.452766
658 695 700 -1 21.619734
658 677 -1 -1 22.080876
658 677 695 -1 24.260742
608 649 -1 -1 15.116972
623 649 -1 -1 17.348124
608 623 -1 -1 11.740887
608 623 649 -1 17.650403
686 718 -1 -1 21.027655
676 686 -1 -1 22.401374
656 686 -1 -1 17.008322
656 676 686 -1 22.666114
473 501 -1 -1 16.545037
489 501 -1 -1 16.098465
473 489 -1 -1 19.212405
473 489 501 -1 20.190390
501 519 -1 -1 23.316590
489 519 -1 -1 18.574681
489 501 519 -1 23.436887
367 388 -1 -1 11.678208
388 405 -1 -1 19.110961
367 405 -1 -1 21.896800
367 388 405 -1 21.923784
388 428 -1 -1 19.102976
388 420 -1 -1 13.272227
420 428 -1 -1 14.887936
388 420 428 -1 19.169434
388 405 428 -1 19.884641
388 395 -1 -1 10.805311
395 420 -1 -1 12.370079
388 395 420 -1 14.169604
362 405 -1 -1 23.615522
362 394 -1 -1 18.814888
362 394 405 -1 23.781090
362 367 -1 -1 12.689602
362 367 405 -1 23.882115
411 433 -1 -1 17.287269
398 411 -1 -1 21.935511
398 433 -1 -1 17.280795
398 411 433 -1 22.363336
393 411 -1 -1 12.368402
393 398 -1 -1 21.737436
393 398 411 -1 22.771088
657 684 -1 -1 15.902303
667 684 -1 -1 11.331735
657 667 -1 -1 17.131640
657 667 684 -1 17.663805
701 735 -1 -1 21.429356
716 719 -1 -1 17.864576
711 726 -1 -1 16.627048
711 724 -1 -1 14.452380
711 724 726 -1 23.457938
711 712 -1 -1 9.226381
711 712 726 -1 16.755690
697 712 -1 -1 11.028294
697 719 -1 -1 16.628329
697 712 719 -1 18.677787
684 697 -1 -1 12.298578
684 716 -1 -1 21.287295
697 716 -1 -1 22.053526
684 697 716 -1 22.636291
697 716 719 -1 22.436381
415 440 -1 -1 12.756157
440 450 -1 -1 10.179979
415 440 450 -1 20.066389
432 440 -1 -1 13.384020
415 432 -1 -1 17.570514
415 432 440 -1 17.653799
440 460 -1 -1 15.770179
432 440 460 -1 17.174248
478 493 -1 -1 12.173791
493 497 -1 -1 16.181848
478 497 -1 -1 10.684022
478 493 497 -1 16.181878
440 478 -1 -1 20.459904
450 478 -1 -1 15.417622
440 450 478 -1 21.109502
460 478 -1 -1 17.632552
440 460 478 -1 21.150962
457 478 -1 -1 18.106568
450 457 478 -1 18.302338
457 478 493 -1 21.187074
488 507 -1 -1 13.257911
488 497 -1 -1 8.717262
497 507 -1 -1 11.545571
488 497 507 -1 13.445633
478 488 -1 -1 15.931984
478 488 497 -1 16.953785
460 488 -1 -1 10.199386
460 478 488 -1 17.819469
475 488 -1 -1 18.661349
460 475 488 -1 19.894031
377 400 -1 -1 13.491954
392 400 -1 -1 19.441390
377 392 -1 -1 15.872834
377 392 400 -1 19.609795
400 415 -1 -1 20.052778
392 415 -1 -1 10.914335
392 400 415 -1 20.574655
400 425 -1 -1 12.308973
400 415 425 -1 20.814446
400 424 -1 -1 22.144363
394 400 -1 -1 21.737615
394 400 424 -1 23.367255
400 424 425 -1 22.144645
401 427 -1 -1 13.993173
401 406 -1 -1 14.756915
401 406 427 -1 16.173335
357 377 -1 -1 16.119528
357 392 -1 -1 15.091285
357 377 392 -1 18.142728
357 380 -1 -1 17.224162
380 392 -1 -1 15.979170
357 380 392 -1 18.675494
577 619 -1 -1 23.194666
604 619 -1 -1 16.381770
577 604 -1 -1 20.617583
577 604 619 -1 23.834388
577 602 -1 -1 12.466318
602 619 -1 -1 19.683899
577 602 619 -1 23.195809
577 579 -1 -1 17.167950
579 602 -1 -1 14.750405
577 579 602 -1 17.570219
539 567 -1 -1 15.845222
539 575 -1 -1 15.442187
539 567 575 -1 18.990243
530 567 -1 -1 15.509705
530 545 -1 -1 15.033767
545 567 -1 -1 20.531916
530 545 567 -1 20.628205
530 539 -1 -1 18.269864
530 539 567 -1 19.291582
677 703 -1 -1 24.113726
703 704 -1 -1 16.596612
677 703 704 -1 24.442502
653 703 -1 -1 21.269462
653 677 703 -1 25.289768
676 703 -1 -1 22.966947
653 676 703 -1 24.295196
619 631 -1 -1 16.568168
604 631 -1 -1 13.228722
604 619 631 -1 17.989576
614 631 -1 -1 9.870727
604 614 631 -1 18.037417
619 652 -1 -1 15.093265
631 652 -1 -1 16.414001
619 631 652 -1 18.547618
631 653 -1 -1 22.062577
631 652 653 -1 22.204112
631 647 -1 -1 19.733601
631 647 653 -1 22.678161
614 631 647 -1 20.185053
649 678 -1 -1 17.219807
649 667 -1 -1 11.542317
667 678 -1 -1 13.680095
649 667 678 -1 17.269119
678 697 -1 -1 12.369664
678 712 -1 -1 14.562283
678 697 712 -1 14.961054
678 684 -1 -1 15.767836
667 678 684 -1 16.148592
678 684 697 -1 16.038280
637 650 -1 -1 11.605790
650 665 -1 -1 14.902087
637 650 665 -1 15.586341
649 650 -1 -1 10.780388
623 650 -1 -1 12.690466
623 649 650 -1 17.413531
623 637 650 -1 13.925152
641 677 -1 -1 22.329911
641 652 -1 -1 19.303539
641 652 677 -1 22.489509
641 658 -1 -1 12.574552
641 658 677 -1 23.156668
619 641 -1 -1 15.360398
619 641 652 -1 19.687449
617 641 -1 -1 15.759322
617 641 658 -1 22.061735
602 641 -1 -1 22.620188
602 617 -1 -1 14.989438
602 617 641 -1 22.696198
602 619 641 -1 23.016443
538 550 -1 -1 12.738478
550 559 -1 -1 17.241228
538 559 -1 -1 14.571830
538 550 559 -1 17.628068
585 606 -1 -1 15.307769
585 623 -1 -1 15.074819
585 606 623 -1 16.362249
585 608 -1 -1 14.527330
585 608 623 -1 16.135534
578 607 -1 -1 17.082886
607 608 -1 -1 14.772863
578 608 -1 -1 21.686579
578 607 608 -1 21.754165
578 585 -1 -1 21.958907
559 585 -1 -1 19.334472
559 578 -1 -1 14.804707
559 578 585 -1 22.382172
578 585 608 -1 23.145475
578 586 -1 -1 15.459282
586 607 -1 -1 20.004418
578 586 607 -1 20.645892
550 578 -1 -1 17.521174
550 559 578 -1 19.212641
550 586 -1 -1 21.061318
550 578 586 -1 21.447987
686 699 -1 -1 13.284919
676 699 -1 -1 18.377881
676 686 699 -1 22.408617
699 718 -1 -1 16.675135
686 699 718 -1 21.035878
699 727 -1 -1 12.259697
718 727 -1 -1 16.944770
699 718 727 -1 18.056249
433 458 -1 -1 18.430799
458 465 -1 -1 16.090009
433 465 -1 -1 14.860020
433 458 465 -1 19.275557
429 433 -1 -1 20.315164
429 458 -1 -1 17.855102
429 433 458 -1 21.899599
458 489 -1 -1 16.565048
458 473 -1 -1 19.269123
458 473 489 -1 21.316980
550 562 -1 -1 15.608100
562 586 -1 -1 15.345005
550 562 586 -1 21.119405
562 582 -1 -1 14.758086
582 586 -1 -1 13.531216
562 582 586 -1 16.859168
519 550 -1 -1 22.287852
519 562 -1 -1 17.313971
519 550 562 -1 22.371297
489 502 -1 -1 13.813773
502 519 -1 -1 14.607421
489 502 519 -1 18.777664
472 483 -1 -1 15.639659
453 483 -1 -1 19.256046
453 472 483 -1 21.219038
454 483 -1 -1 21.962434
453 454 483 -1 22.138994
483 484 -1 -1 15.096285
454 484 -1 -1 16.387880
454 483 484 -1 21.971372
533 538 -1 -1 15.344765
533 559 -1 -1 15.732829
533 538 559 -1 17.596069
512 533 -1 -1 15.439913
512 538 -1 -1 13.221642
512 533 538 -1 17.044686
483 517 -1 -1 20.955591
484 517 -1 -1 16.157782
483 484 517 -1 21.065793
386 429 -1 -1 18.654499
371 388 -1 -1 15.763190
367 371 -1 -1 16.816130
367 371 388 -1 17.502270
371 395 -1 -1 13.036382
371 388 395 -1 15.910314
371 373 -1 -1 13.218454
373 395 -1 -1 15.671206
371 373 395 -1 16.362053
384 393 -1 -1 16.619190
384 398 -1 -1 10.374284
384 393 398 -1 22.494253
356 393 -1 -1 17.604722
373 393 -1 -1 13.894801
356 373 -1 -1 15.104876
356 373 393 -1 18.258206
393 407 -1 -1 16.480909
407 411 -1 -1 14.663490
393 407 411 -1 17.095365
395 407 -1 -1 11.995341
407 420 -1 -1 15.761184
395 407 420 -1 15.975906
373 407 -1 -1 16.872282
373 395 407 -1 17.568656
373 393 407 -1 18.348992
651 657 -1 -1 14.162472
651 667 -1 -1 10.617477
651 657 667 -1 17.168941
649 651 -1 -1 13.817690
649 651 667 -1 14.179670
608 651 -1 -1 20.269340
608 649 651 -1 20.273641
607 651 -1 -1 14.397135
607 608 651 -1 20.281403
690 700 -1 -1 11.186799
690 724 -1 -1 18.308087
690 700 724 -1 18.337439
690 711 -1 -1 13.314351
690 711 724 -1 18.470717
572 601 -1 -1 16.069065
572 605 -1 -1 19.334071
572 601 605 -1 20.069539
572 575 -1 -1 15.276920
572 575 601 -1 17.378522
494 515 -1 -1 11.805365
464 494 -1 -1 17.389723
475 494 -1 -1 11.020129
464 475 494 -1 17.746239
352 377 -1 -1 18.914443
352 362 -1 -1 24.175494
401 409 -1 -1 11.333961
380 401 -1 -1 15.879242
380 409 -1 -1 13.002691
380 401 409 -1 16.070849
409 415 -1 -1 16.079985
409 432 -1 -1 12.715056
409 415 432 -1 18.262742
409 427 -1 -1 18.754869
409 427 432 -1 19.036392
401 409 427 -1 18.825637
392 409 -1 -1 17.503637
392 409 415 -1 17.876453
380 392 409 -1 18.255474
369 380 -1 -1 10.669095
379 401 -1 -1 11.095687
379 406 -1 -1 19.016310
379 401 406 -1 19.054559
369 379 -1 -1 10.715171
379 380 -1 -1 14.698900
379 380 401 -1 16.476402
369 379 380 -1 14.721224
573 577 -1 -1 18.232883
573 604 -1 -1 14.127502
573 577 604 -1 21.076679
573 583 -1 -1 15.818751
573 583 604 -1 17.827718
567 573 -1 -1 20.095345
567 573 583 -1 20.129273
545 573 -1 -1 13.614091
545 567 573 -1 21.568768
494 495 -1 -1 12.528026
495 515 -1 -1 17.636011
494 495 515 -1 17.657861
488 495 -1 -1 16.982080
495 507 -1 -1 11.215461
488 495 507 -1 16.998751
475 495 -1 -1 17.708487
475 488 495 -1 20.582609
475 494 495 -1 17.854122
523 530 -1 -1 13.105262
523 545 -1 -1 15.223878
523 530 545 -1 16.786006
493 510 -1 -1 13.875571
497 510 -1 -1 11.871935
493 497 510 -1 16.578331
507 510 -1 -1 12.408884
497 507 510 -1 13.808585
510 523 -1 -1 18.021209
493 523 -1 -1 12.724877
493 510 523 -1 18.085244
510 530 -1 -1 13.694563
510 523 530 -1 18.105155
510 539 -1 -1 18.877636
507 539 -1 -1 18.446000
507 510 539 -1 19.796763
510 530 539 -1 19.995434
703 713 -1 -1 16.555663
676 713 -1 -1 20.822728
676 703 713 -1 23.793954
699 713 -1 -1 19.391611
676 699 713 -1 22.645985
713 727 -1 -1 14.090242
699 713 727 -1 19.451988
569 585 -1 -1 12.671448
559 569 -1 -1 17.510079
559 569 585 -1 19.776984
533 569 -1 -1 18.782888
533 559 569 -1 20.178273
546 569 -1 -1 11.666864
533 546 -1 -1 17.251343
533 546 569 -1 19.174384
644 686 -1 -1 18.000254
644 656 -1 -1 16.459129
644 656 686 -1 19.853055
605 644 -1 -1 19.889130
618 644 -1 -1 21.932663
605 618 644 -1 23.820759
618 644 656 -1 22.062822
447 458 -1 -1 16.681047
447 473 -1 -1 13.419512
447 458 473 -1 19.643954
429 447 -1 -1 12.183285
429 447 458 -1 18.519370
518 550 -1 -1 15.758660
518 519 -1 -1 18.228140
518 519 550 -1 22.529115
502 518 -1 -1 14.374667
502 518 519 -1 18.639520
518 538 -1 -1 13.727998
518 538 550 -1 16.480737
496 518 -1 -1 12.585473
496 502 -1 -1 12.846679
496 502 518 -1 15.415415
512 518 -1 -1 17.455856
496 512 -1 -1 17.961826
496 512 518 -1 18.956756
512 518 538 -1 17.687537
480 502 -1 -1 12.412192
480 489 -1 -1 17.005491
480 489 502 -1 17.234327
458 480 -1 -1 16.524311
465 480 -1 -1 8.749867
458 465 480 -1 16.945613
458 480 489 -1 19.286593
480 496 -1 -1 13.597176
465 496 -1 -1 19.205079
465 480 496 -1 21.521693
480 496 502 -1 14.989289
476 496 -1 -1 13.260373
476 512 -1 -1 16.642239
476 496 512 -1 18.798020
465 476 -1 -1 21.755815
465 476 496 -1 21.972519
407 438 -1 -1 20.384837
420 438 -1 -1 15.643205
407 420 438 -1 20.641923
407 443 -1 -1 23.815042
438 443 -1 -1 8.776787
407 438 443 -1 24.349843
476 481 -1 -1 21.202144
443 481 -1 -1 18.900944
443 476 -1 -1 14.308670
443 476 481 -1 21.675764
438 481 -1 -1 18.967972
438 443 481 -1 19.464959
546 560 -1 -1 10.668278
546 579 -1 -1 17.638889
560 579 -1 -1 11.160749
546 560 579 -1 18.524682
514 533 -1 -1 13.661101
514 546 -1 -1 18.497186
514 533 546 -1 19.399642
386 412 -1 -1 15.256863
412 429 -1 -1 10.216729
386 412 429 -1 18.665780
412 433 -1 -1 18.345431
398 412 -1 -1 10.904584
398 412 433 -1 18.784189
412 429 433 -1 20.373019
345 362 -1 -1 21.693003
345 367 -1 -1 15.644977
345 362 367 -1 21.987750
345 371 -1 -1 14.843863
345 367 371 -1 18.283720
360 384 -1 -1 11.631073
360 393 -1 -1 16.822864
360 384 393 -1 17.836512
356 360 -1 -1 10.568697
356 360 393 -1 18.127476
670 706 -1 -1 15.769565
670 701 -1 -1 23.494163
701 706 -1 -1 16.285348
670 701 706 -1 23.559013
706 735 -1 -1 22.505356
701 706 735 -1 23.689826
706 716 -1 -1 19.824897
670 689 -1 -1 17.047567
657 689 -1 -1 14.488983
657 670 -1 -1 18.471097
657 670 689 -1 19.514473
684 689 -1 -1 13.328688
689 716 -1 -1 14.030786
684 689 716 -1 21.773912
657 684 689 -1 16.967613
689 706 -1 -1 20.230498
689 706 716 -1 21.389163
670 689 706 -1 20.849355
654 701 -1 -1 21.163114
654 670 -1 -1 18.528470
654 670 701 -1 24.669745
658 691 -1 -1 12.227542
691 700 -1 -1 10.074942
658 691 700 -1 20.415282
690 691 -1 -1 8.602380
690 691 700 -1 11.691112
665 691 -1 -1 11.898377
658 665 691 -1 15.637427
665 690 -1 -1 15.188648
665 690 691 -1 15.230264
668 678 -1 -1 9.957543
668 712 -1 -1 18.137722
668 678 712 -1 18.171844
668 711 -1 -1 19.101816
668 711 712 -1 19.311817
668 690 -1 -1 14.011827
668 690 711 -1 19.107040
665 668 -1 -1 13.143588
665 668 690 -1 16.389464
650 668 -1 -1 14.396459
650 665 668 -1 16.398452
649 668 -1 -1 18.720568
649 668 678 -1 18.885436
649 650 668 -1 18.791716
554 572 -1 -1 13.459512
374 400 -1 -1 17.460642
374 377 -1 -1 17.877485
374 377 400 -1 19.123730
352 374 -1 -1 12.001244
352 374 377 -1 19.517915
374 394 -1 -1 13.619610
374 394 400 -1 21.752930
362 374 -1 -1 20.990326
362 374 394 -1 21.392423
352 362 374 -1 24.175496
376 379 -1 -1 12.295601
376 406 -1 -1 16.446605
376 379 406 -1 19.229468
472 503 -1 -1 13.002259
493 503 -1 -1 12.348520
472 493 503 -1 17.907088
503 523 -1 -1 10.881471
493 503 523 -1 13.920630
483 503 -1 -1 16.206858
472 483 503 -1 17.454399
546 584 -1 -1 20.285107
579 584 -1 -1 10.273912
546 579 584 -1 20.287193
569 584 -1 -1 16.903354
546 569 584 -1 20.292099
584 602 -1 -1 16.293698
579 584 602 -1 16.596617
584 585 -1 -1 18.957455
584 606 -1 -1 11.054655
584 585 606 -1 18.958128
569 584 585 -1 19.360019
584 617 -1 -1 17.699200
584 602 617 -1 18.988245
584 606 617 -1 17.732203
446 476 -1 -1 17.216148
446 465 -1 -1 13.747108
446 465 476 -1 21.762884
443 446 -1 -1 14.168259
443 446 476 -1 17.875193
433 446 -1 -1 18.643303
433 446 465 -1 18.863401
411 446 -1 -1 17.363965
411 433 446 -1 20.554173
407 446 -1 -1 24.061107
407 411 446 -1 24.243879
407 443 446 -1 25.063710
463 484 -1 -1 19.047980
454 463 -1 -1 13.955432
454 463 484 -1 19.525030
428 463 -1 -1 19.057228
428 454 463 -1 20.067670
463 481 -1 -1 12.413878
438 463 -1 -1 19.400842
438 463 481 -1 20.284665
564 577 -1 -1 17.527218
564 579 -1 -1 10.683386
564 577 579 -1 18.241880
560 564 -1 -1 7.039445
560 564 579 -1 11.558672
517 564 -1 -1 17.253009
517 560 -1 -1 17.492855
517 560 564 -1 17.750303
514 525 -1 -1 12.672115
525 546 -1 -1 13.674099
514 525 546 -1 18.499446
525 560 -1 -1 14.129699
525 546 560 -1 15.063870
517 525 -1 -1 12.017001
517 525 560 -1 17.603745
506 533 -1 -1 17.051769
506 512 -1 -1 12.568090
506 512 533 -1 17.720147
506 514 -1 -1 10.480459
506 514 533 -1 17.055152
476 506 -1 -1 19.819671
476 506 512 -1 19.920819
481 506 -1 -1 12.340982
476 481 506 -1 21.618885
363 386 -1 -1 15.663334
363 384 -1 -1 19.628402
363 398 -1 -1 20.539025
363 384 398 -1 20.858889
363 412 -1 -1 21.700780
363 398 412 -1 21.969434
363 386 412 -1 21.703235
642 670 -1 -1 20.426496
642 657 -1 -1 13.414252
642 657 670 -1 20.890664
642 651 -1 -1 19.734384
642 651 657 -1 19.739834
536 539 -1 -1 13.170374
507 536 -1 -1 18.746288
507 536 539 -1 19.888511
495 536 -1 -1 16.123266
495 507 536 -1 18.831285
536 575 -1 -1 19.387980
536 539 575 -1 19.464474
536 572 -1 -1 19.745947
536 572 575 -1 21.257347
536 554 -1 -1 14.821356
536 554 572 -1 19.753358
537 554 -1 -1 10.104763
536 537 -1 -1 14.975895
536 537 554 -1 15.838491
495 537 -1 -1 18.817126
515 537 -1 -1 9.210838
495 515 537 -1 18.974712
495 536 537 -1 19.540170
517 520 -1 -1 17.523503
483 520 -1 -1 17.147926
483 517 520 -1 21.760969
503 520 -1 -1 15.610301
483 503 520 -1 18.891050
520 523 -1 -1 16.600115
520 545 -1 -1 18.114605
520 523 545 -1 19.372969
503 520 523 -1 17.166199
542 562 -1 -1 17.907361
519 542 -1 -1 13.479141
519 542 562 -1 19.074856
501 542 -1 -1 20.348685
501 519 542 -1 23.422438
531 542 -1 -1 14.486627
501 531 -1 -1 15.202136
501 531 542 -1 20.386736
442 463 -1 -1 14.802041
428 442 -1 -1 11.044228
428 442 463 -1 19.100923
438 442 -1 -1 11.606204
438 442 463 -1 19.442904
420 442 -1 -1 11.015107
420 428 442 -1 14.947266
420 438 442 -1 15.658576
498 525 -1 -1 14.914597
498 514 -1 -1 12.847723
498 514 525 -1 15.725317
498 517 -1 -1 18.733259
484 498 -1 -1 12.677860
484 498 517 -1 19.019967
498 517 525 -1 18.751759
463 498 -1 -1 17.192771
463 484 498 -1 19.501765
481 498 -1 -1 14.730957
463 481 498 -1 17.571388
498 506 -1 -1 16.463398
481 498 506 -1 17.099640
498 506 514 -1 16.465090
353 360 -1 -1 15.337253
353 384 -1 -1 16.366896
353 360 384 -1 17.089323
353 363 -1 -1 12.892155
353 363 384 -1 19.761016
339 356 -1 -1 11.771873
339 373 -1 -1 15.904992
339 356 373 -1 16.787149
339 371 -1 -1 19.033028
339 371 373 -1 19.267805
611 651 -1 -1 17.189531
607 611 -1 -1 12.327796
607 611 651 -1 17.473836
611 642 -1 -1 11.855778
611 642 651 -1 19.864604
586 611 -1 -1 17.129094
586 607 611 -1 20.120002
543 564 -1 -1 12.296982
517 543 -1 -1 17.806381
517 543 564 -1 18.733217
520 543 -1 -1 14.920520
517 520 543 -1 19.490372
543 577 -1 -1 16.147509
543 564 577 -1 18.170764
543 545 -1 -1 18.991247
520 543 545 -1 20.287031
543 573 -1 -1 22.363091
543 545 573 -1 22.451729
543 573 577 -1 22.647794
628 654 -1 -1 16.728136
628 670 -1 -1 21.884576
628 654 670 -1 22.501858
628 642 -1 -1 16.340331
628 642 670 -1 22.999403
566 592 -1 -1 20.811029
542 566 -1 -1 13.552449
531 566 -1 -1 17.179440
531 542 566 -1 17.745666
562 566 -1 -1 21.798761
566 582 -1 -1 17.357988
562 566 582 -1 21.879282
542 562 566 -1 21.838197
609 611 -1 -1 11.157632
609 642 -1 -1 14.698000
609 611 642 -1 14.956995
609 628 -1 -1 18.238189
609 628 642 -1 19.203910
582 609 -1 -1 14.696960
586 609 -1 -1 14.656573
582 586 609 -1 16.538853
586 609 611 -1 17.300321
592 598 -1 -1 17.724379
598 628 -1 -1 18.116304
566 598 -1 -1 18.929907
582 598 -1 -1 12.709428
566 582 598 -1 19.484142
566 592 598 -1 22.276874
598 609 -1 -1 15.936475
582 598 609 -1 16.886853
598 609 628 -1 20.224318
339 -1 -1 -1 0.000000
345 -1 -1 -1 0.000000
352 -1 -1 -1 0.000000
353 -1 -1 -1 0.000000
356 -1 -1 -1 0.000000
357 -1 -1 -1 0.000000
360 -1 -1 -1 0.000000
362 -1 -1 -1 0.000000
363 -1 -1 -1 0.000000
367 -1 -1 -1 0.000000
369 -1 -1 -1 0.000000
371 -1 -1 -1 0.000000
373 -1 -1 -1 0.000000
374 -1 -1 -1 0.000000
376 -1 -1 -1 0.000000
377 -1 -1 -1 0.000000
379 -1 -1 -1 0.000000
380 -1 -1 -1 0.000000
384 -1 -1 -1 0.000000
386 -1 -1 -1 0.000000
388 -1 -1 -1 0.000000
392 -1 -1 -1 0.000000
393 -1 -1 -1 0.000000
394 -1 -1 -1 0.000000
395 -1 -1 -1 0.000000
398 -1 -1 -1 0.000000
400 -1 -1 -1 0.000000
401 -1 -1 -1 0.000000
405 -1 -1 -1 0.000000
406 -1 -1 -1 0.000000
407 -1 -1 -1 0.000000
409 -1 -1 -1 0.000000
411 -1 -1 -1 0.000000
412 -1 -1 -1 0.000000
415 -1 -1 -1 0.000000
420 -1 -1 -1 0.000000
424 -1 -1 -1 0.000000
425 -1 -1 -1 0.000000
427 -1 -1 -1 0.000000
428 -1 -1 -1 0.000000
429 -1 -1 -1 0.000000
432 -1 -1 -1 0.000000
433 -1 -1 -1 0.000000
438 -1 -1 -1 0.000000
440 -1 -1 -1 0.000000
442 -1 -1 -1 0.000000
443 -1 -1 -1 0.000000
446 -1 -1 -1 0.000000
447 -1 -1 -1 0.000000
450 -1 -1 -1 0.000000
453 -1 -1 -1 0.000000
454 -1 -1 -1 0.000000
456 -1 -1 -1 0.000000
457 -1 -1 -1 0.000000
458 -1 -1 -1 0.000000
460 -1 -1 -1 0.000000
463 -1 -1 -1 0.000000
464 -1 -1 -1 0.000000
465 -1 -1 -1 0.000000
472 -1 -1 -1 0.000000
473 -1 -1 -1 0.000000
475 -1 -1 -1 0.000000
476 -1 -1 -1 0.000000
478 -1 -1 -1 0.000000
480 -1 -1 -1 0.000000
481 -1 -1 -1 0.000000
483 -1 -1 -1 0.000000
484 -1 -1 -1 0.000000
488 -1 -1 -1 0.000000
489 -1 -1 -1 0.000000
493 -1 -1 -1 0.000000
494 -1 -1 -1 0.000000
495 -1 -1 -1 0.000000
496 -1 -1 -1 0.000000
497 -1 -1 -1 0.000000
498 -1 -1 -1 0.000000
501 -1 -1 -1 0.000000
502 -1 -1 -1 0.000000
503 -1 -1 -1 0.000000
506 -1 -1 -1 0.000000
507 -1 -1 -1 0.000000
510 -1 -1 -1 0.000000
512 -1 -1 -1 0.000000
514 -1 -1 -1 0.000000
515 -1 -1 -1 0.000000
517 -1 -1 -1 0.000000
518 -1 -1 -1 0.000000
519 -1 -1 -1 0.000000
520 -1 -1 -1 0.000000
523 -1 -1 -1 0.000000
525 -1 -1 -1 0.000000
530 -1 -1 -1 0.000000
531 -1 -1 -1 0.000000
533 -1 -1 -1 0.000000
536 -1 -1 -1 0.000000
537 -1 -1 -1 0.000000
538 -1 -1 -1 0.000000
539 -1 -1 -1 0.000000
542 -1 -1 -1 0.000000
543 -1 -1 -1 0.000000
545 -1 -1 -1 0.000000
546 -1 -1 -1 0.000000
550 -1 -1 -1 0.000000
554 -1 -1 -1 0.000000
559 -1 -1 -1 0.000000
560 -1 -1 -1 0.000000
562 -1 -1 -1 0.000000
564 -1 -1 -1 0.000000
566 -1 -1 -1 0.000000
567 -1 -1 -1 0.000000
569 -1 -1 -1 0.000000
572 -1 -1 -1 0.000000
573 -1 -1 -1 0.000000
575 -1 -1 -1 0.000000
577 -1 -1 -1 0.000000
578 -1 -1 -1 0.000000
579 -1 -1 -1 0.000000
582 -1 -1 -1 0.000000
583 -1 -1 -1 0.000000
584 -1 -1 -1 0.000000
585 -1 -1 -1 0.000000
586 -1 -1 -1 0.000000
591 -1 -1 -1 0.000000
592 -1 -1 -1 0.000000
598 -1 -1 -1 0.000000
601 -1 -1 -1 0.000000
602 -1 -1 -1 0.000000
604 -1 -1 -1 0.000000
605 -1 -1 -1 0.000000
606 -1 -1 -1 0.000000
607 -1 -1 -1 0.000000
608 -1 -1 -1 0.000000
609 -1 -1 -1 0.000000
611 -1 -1 -1 0.000000
614 -1 -1 -1 0.000000
617 -1 -1 -1 0.000000
618 -1 -1 -1 0.000000
619 -1 -1 -1 0.000000
623 -1 -1 -1 0.000000
628 -1 -1 -1 0.000000
631 -1 -1 -1 0.000000
637 -1 -1 -1 0.000000
641 -1 -1 -1 0.000000
642 -1 -1 -1 0.000000
644 -1 -1 -1 0.000000
647 -1 -1 -1 0.000000
649 -1 -1 -1 0.000000
650 -1 -1 -1 0.000000
651 -1 -1 -1 0.000000
652 -1 -1 -1 0.000000
653 -1 -1 -1 0.000000
654 -1 -1 -1 0.000000
656 -1 -1 -1 0.000000
657 -1 -1 -1 0.000000
658 -1 -1 -1 0.000000
665 -1 -1 -1 0.000000
667 -1 -1 -1 0.000000
668 -1 -1 -1 0.000000
670 -1 -1 -1 0.000000
676 -1 -1 -1 0.000000
677 -1 -1 -1 0.000000
678 -1 -1 -1 0.000000
684 -1 -1 -1 0.000000
686 -1 -1 -1 0.000000
689 -1 -1 -1 0.000000
690 -1 -1 -1 0.000000
691 -1 -1 -1 0.000000
695 -1 -1 -1 0.000000
697 -1 -1 -1 0.000000
699 -1 -1 -1 0.000000
700 -1 -1 -1 0.000000
701 -1 -1 -1 0.000000
703 -1 -1 -1 0.000000
704 -1 -1 -1 0.000000
706 -1 -1 -1 0.000000
711 -1 -1 -1 0.000000
712 -1 -1 -1 0.000000
713 -1 -1 -1 0.000000
716 -1 -1 -1 0.000000
718 -1 -1 -1 0.000000
719 -1 -1 -1 0.000000
724 -1 -1 -1 0.000000
726 -1 -1 -1 0.000000
727 -1 -1 -1 0.000000
728 -1 -1 -1 0.000000
735 -1 -1 -1 0.000000
736 -1 -1 -1 0.000000
