188 224 -1 -1 30.508838
188 225 -1 -1 29.640860
224 225 -1 -1 24.447130
188 224 225 -1 32.930141
180 211 -1 -1 23.726173
180 182 -1 -1 23.126925
182 211 -1 -1 20.980273
180 182 211 -1 26.206509
280 294 -1 -1 20.371436
265 294 -1 -1 21.062810
265 280 -1 -1 16.525207
265 280 294 -1 22.605168
163 188 -1 -1 24.050295
161 163 -1 -1 25.958382
161 188 -1 -1 24.786398
161 163 188 -1 28.833013
188 190 -1 -1 22.264286
161 190 -1 -1 20.109771
161 188 190 -1 26.153630
200 224 -1 -1 19.260333
188 200 -1 -1 20.469690
188 200 224 -1 31.007333
163 200 -1 -1 25.260701
182 200 -1 -1 19.750326
163 182 -1 -1 26.944421
163 182 200 -1 28.272022
163 188 200 -1 27.131970
200 211 -1 -1 25.305531
182 200 211 -1 25.997084
211 224 -1 -1 26.376171
200 211 224 -1 27.878008
211 230 -1 -1 18.225399
224 230 -1 -1 21.154990
211 224 230 -1 26.534059
169 177 -1 -1 22.174309
177 199 -1 -1 24.059322
169 199 -1 -1 31.216895
169 177 199 -1 31.344168
248 280 -1 -1 23.723201
248 265 -1 -1 24.599130
248 265 280 -1 25.739097
278 297 -1 -1 18.807407
261 278 -1 -1 17.803815
261 297 -1 -1 20.830456
261 278 297 -1 22.268913
248 278 -1 -1 21.031969
248 261 -1 -1 19.582352
248 261 278 -1 22.640074
278 280 -1 -1 17.531840
248 278 280 -1 24.524035
278 306 -1 -1 23.198668
280 306 -1 -1 22.798890
278 280 306 -1 24.881196
480 512 -1 -1 20.908375
492 512 -1 -1 20.489109
480 492 -1 -1 20.760851
480 492 512 -1 23.927252
512 521 -1 -1 22.716131
492 521 -1 -1 17.916272
492 512 521 -1 23.861962
497 512 -1 -1 24.946176
480 497 -1 -1 19.837896
480 497 512 -1 25.772618
230 252 -1 -1 24.529539
252 258 -1 -1 17.625675
230 258 -1 -1 21.948538
230 252 258 -1 25.310411
224 252 -1 -1 26.672255
224 230 252 -1 28.208472
313 341 -1 -1 24.604408
323 341 -1 -1 24.634579
313 323 -1 -1 19.920812
313 323 341 -1 26.921127
313 327 -1 -1 18.824146
327 341 -1 -1 21.875575
313 327 341 -1 25.600626
270 288 -1 -1 21.597036
258 270 -1 -1 26.176940
258 288 -1 -1 18.376728
258 270 288 -1 26.475672
255 270 -1 -1 21.625938
236 255 -1 -1 16.781753
236 270 -1 -1 28.935232
236 255 270 -1 29.149961
270 283 -1 -1 19.778501
255 283 -1 -1 19.723555
255 270 283 -1 23.602243
348 370 -1 -1 18.946112
348 368 -1 -1 20.609333
368 370 -1 -1 27.824984
348 368 370 -1 27.827030
330 348 -1 -1 20.501394
323 330 -1 -1 21.299647
323 348 -1 -1 23.846061
323 330 348 -1 25.452416
341 348 -1 -1 30.278035
323 341 348 -1 31.040102
341 368 -1 -1 21.431829
341 348 368 -1 30.298790
169 195 -1 -1 21.663102
168 195 -1 -1 27.119746
168 169 -1 -1 23.889144
168 169 195 -1 28.375501
195 199 -1 -1 24.165078
169 195 199 -1 31.305568
188 209 -1 -1 21.185976
209 225 -1 -1 19.104625
188 209 225 -1 29.736133
190 209 -1 -1 18.607273
188 190 209 -1 24.066810
190 192 -1 -1 14.177921
192 209 -1 -1 20.282874
190 192 209 -1 20.990559
280 308 -1 -1 21.756804
306 308 -1 -1 16.794063
280 306 308 -1 24.085052
294 308 -1 -1 16.623638
280 294 308 -1 22.979467
307 312 -1 -1 26.090869
312 330 -1 -1 15.314467
307 330 -1 -1 27.429536
307 312 330 -1 28.017725
312 323 -1 -1 24.847650
312 323 330 -1 24.995287
307 342 -1 -1 24.443074
330 342 -1 -1 17.942986
307 330 342 -1 27.940812
342 348 -1 -1 24.027517
330 342 348 -1 24.655078
342 370 -1 -1 24.890427
342 348 370 -1 26.548843
217 230 -1 -1 21.876103
211 217 -1 -1 16.269308
211 217 230 -1 22.324743
180 217 -1 -1 24.678657
180 211 217 -1 25.731598
236 238 -1 -1 19.257767
199 238 -1 -1 27.209194
199 236 -1 -1 27.406026
199 236 238 -1 29.183079
238 248 -1 -1 25.916735
238 261 -1 -1 17.861399
238 248 261 -1 25.941927
238 255 -1 -1 19.697364
255 261 -1 -1 21.373623
238 255 261 -1 22.867912
236 238 255 -1 21.587672
219 236 -1 -1 16.130640
199 219 -1 -1 22.475300
199 219 236 -1 27.411317
219 235 -1 -1 15.528154
235 236 -1 -1 16.643409
219 235 236 -1 18.613775
217 219 -1 -1 19.449174
217 235 -1 -1 13.981426
217 219 235 -1 19.627097
237 265 -1 -1 19.313065
237 248 -1 -1 20.483976
237 248 265 -1 25.320136
212 237 -1 -1 19.370510
212 248 -1 -1 28.598881
212 237 248 -1 28.610990
309 328 -1 -1 17.830094
306 328 -1 -1 22.384479
306 309 -1 -1 17.775835
306 309 328 -1 22.892714
278 309 -1 -1 19.128681
278 306 309 -1 23.734662
297 309 -1 -1 13.171562
278 297 309 -1 20.230900
328 340 -1 -1 23.296933
306 340 -1 -1 21.592848
306 328 340 -1 25.931875
308 340 -1 -1 25.393206
306 308 340 -1 25.655673
334 340 -1 -1 16.481598
308 334 -1 -1 17.433408
308 334 340 -1 25.579604
340 353 -1 -1 22.188557
334 353 -1 -1 18.328775
334 340 353 -1 22.603653
493 513 -1 -1 20.984909
506 509 -1 -1 17.272964
470 509 -1 -1 23.994777
470 506 -1 -1 23.242080
470 506 509 -1 25.393490
497 509 -1 -1 19.017332
470 497 -1 -1 25.642790
470 497 509 -1 26.940697
370 393 -1 -1 28.982631
368 393 -1 -1 21.431866
368 370 393 -1 30.702335
382 393 -1 -1 17.155411
368 382 -1 -1 17.803454
368 382 393 -1 22.127351
257 266 -1 -1 18.057664
257 295 -1 -1 24.007846
266 295 -1 -1 22.961927
257 266 295 -1 25.470240
225 266 -1 -1 26.397474
225 257 -1 -1 29.626965
225 257 266 -1 29.976434
259 262 -1 -1 15.490126
247 259 -1 -1 27.818582
247 262 -1 -1 19.973035
247 259 262 -1 28.505361
253 262 -1 -1 28.224046
247 253 -1 -1 15.310525
247 253 262 -1 29.286815
262 286 -1 -1 24.052349
253 286 -1 -1 25.698966
253 262 286 -1 30.225280
341 372 -1 -1 19.730557
341 369 -1 -1 24.067930
369 372 -1 -1 9.508381
341 369 372 -1 24.962769
368 372 -1 -1 20.244714
341 368 372 -1 23.681081
372 382 -1 -1 15.329149
368 372 382 -1 20.967719
372 395 -1 -1 19.714168
369 395 -1 -1 20.409142
369 372 395 -1 20.699040
382 395 -1 -1 15.669143
372 382 395 -1 20.084759
252 290 -1 -1 23.277776
252 281 -1 -1 22.132300
281 290 -1 -1 19.156511
252 281 290 -1 25.071353
288 290 -1 -1 21.649430
258 290 -1 -1 24.354770
258 288 290 -1 25.279539
252 258 290 -1 25.670824
290 313 -1 -1 24.237696
290 323 -1 -1 23.533638
290 313 323 -1 26.290328
281 313 -1 -1 20.900102
281 290 313 -1 25.173686
290 312 -1 -1 23.489696
290 312 323 -1 27.693754
288 312 -1 -1 15.110479
288 290 312 -1 24.090941
224 249 -1 -1 23.824930
225 249 -1 -1 20.264751
224 225 249 -1 26.600921
249 252 -1 -1 15.799107
224 249 252 -1 26.939774
249 266 -1 -1 18.833453
225 249 266 -1 26.504517
249 281 -1 -1 21.775365
249 252 281 -1 23.534326
266 281 -1 -1 19.340663
249 266 281 -1 23.240798
208 237 -1 -1 25.248827
208 212 -1 -1 22.478027
208 212 237 -1 26.293033
279 297 -1 -1 12.736451
261 279 -1 -1 14.763595
261 279 297 -1 21.046342
255 279 -1 -1 16.383616
255 261 279 -1 21.413622
279 283 -1 -1 15.008862
283 297 -1 -1 20.925997
279 283 297 -1 21.110337
255 279 283 -1 20.186038
246 270 -1 -1 16.595740
246 258 -1 -1 20.437768
246 258 270 -1 26.178711
230 246 -1 -1 23.209361
230 246 258 -1 25.349173
236 246 -1 -1 26.221247
235 246 -1 -1 14.781658
235 236 246 -1 28.480396
236 246 270 -1 29.241952
217 246 -1 -1 22.775608
217 235 246 -1 23.544217
217 230 246 -1 26.142661
270 301 -1 -1 21.108366
288 301 -1 -1 18.591390
270 288 301 -1 23.723307
301 312 -1 -1 18.136487
288 301 312 -1 20.154156
301 307 -1 -1 14.958345
301 307 312 -1 26.849272
283 307 -1 -1 23.557610
283 301 -1 -1 19.719260
283 301 307 -1 23.670868
270 283 301 -1 23.365426
504 521 -1 -1 16.779828
492 504 -1 -1 19.006038
492 504 521 -1 20.750798
478 482 -1 -1 15.940199
448 478 -1 -1 18.308698
448 482 -1 -1 20.586138
448 478 482 -1 21.467257
398 410 -1 -1 19.124884
390 398 -1 -1 21.609613
390 410 -1 -1 15.454729
390 398 410 -1 22.220277
438 478 -1 -1 26.618657
438 448 -1 -1 20.517125
438 448 478 -1 26.672264
389 408 -1 -1 15.106070
379 389 -1 -1 27.163381
379 408 -1 -1 26.556789
379 389 408 -1 28.008498
489 502 -1 -1 22.523378
473 502 -1 -1 19.733025
473 489 -1 -1 24.249025
473 489 502 -1 25.858177
467 501 -1 -1 23.855578
468 501 -1 -1 16.697481
467 468 -1 -1 21.527404
467 468 501 -1 24.579109
501 508 -1 -1 13.642544
468 508 -1 -1 23.509019
468 501 508 -1 23.957590
501 517 -1 -1 16.557030
508 517 -1 -1 19.382877
501 508 517 -1 19.731603
440 467 -1 -1 18.187269
440 468 -1 -1 26.399419
440 467 468 -1 26.605513
408 440 -1 -1 17.135485
195 197 -1 -1 20.931717
168 197 -1 -1 20.336781
168 195 197 -1 27.376113
195 212 -1 -1 21.059766
197 212 -1 -1 18.377313
195 197 212 -1 23.351046
197 208 -1 -1 19.952543
197 208 212 -1 23.678799
176 197 -1 -1 25.228311
168 176 -1 -1 27.538471
168 176 197 -1 28.723378
176 208 -1 -1 25.729776
176 197 208 -1 27.695935
164 177 -1 -1 14.975794
228 257 -1 -1 22.193725
228 259 -1 -1 23.630504
257 259 -1 -1 16.835157
228 257 259 -1 24.700762
209 228 -1 -1 20.584299
192 228 -1 -1 25.557197
192 209 228 -1 26.186339
225 228 -1 -1 24.956392
225 228 257 -1 30.333079
209 225 228 -1 25.530661
181 190 -1 -1 18.447597
181 192 -1 -1 21.174938
181 190 192 -1 21.517356
179 181 -1 -1 13.194304
179 192 -1 -1 23.871154
179 181 192 -1 23.977771
161 181 -1 -1 22.726409
161 181 190 -1 23.884450
160 196 -1 -1 28.471852
194 196 -1 -1 21.425926
160 194 -1 -1 22.855209
160 194 196 -1 28.914867
160 179 -1 -1 19.460641
179 194 -1 -1 21.542589
160 179 194 -1 24.732649
203 218 -1 -1 20.463389
194 203 -1 -1 17.259512
194 218 -1 -1 17.910018
194 203 218 -1 21.625133
179 203 -1 -1 20.022489
192 203 -1 -1 13.390403
179 192 203 -1 23.875620
179 194 203 -1 22.903644
359 398 -1 -1 24.172998
359 390 -1 -1 21.626337
359 390 398 -1 26.073912
359 370 -1 -1 26.980527
370 390 -1 -1 20.662763
359 370 390 -1 27.462478
342 359 -1 -1 21.701627
342 359 370 -1 28.641487
359 375 -1 -1 25.908494
343 375 -1 -1 22.680012
343 359 -1 -1 23.603785
343 359 375 -1 27.934037
375 398 -1 -1 17.144044
359 375 398 -1 26.756376
222 248 -1 -1 22.445864
212 222 -1 -1 19.762391
212 222 248 -1 28.705725
222 238 -1 -1 18.106814
222 238 248 -1 26.433869
195 222 -1 -1 22.833891
195 212 222 -1 24.638297
199 222 -1 -1 24.847642
195 199 222 -1 27.702518
199 222 238 -1 27.943464
164 191 -1 -1 22.979274
164 180 -1 -1 26.572762
180 191 -1 -1 18.846843
164 180 191 -1 27.146503
177 191 -1 -1 21.953854
164 177 191 -1 23.872627
191 217 -1 -1 25.864000
180 191 217 -1 27.274702
191 219 -1 -1 16.817669
191 217 219 -1 25.865858
191 199 -1 -1 23.441892
177 191 199 -1 26.788777
191 199 219 -1 24.702974
309 311 -1 -1 18.835928
311 328 -1 -1 21.726837
309 311 328 -1 22.766340
311 343 -1 -1 27.745262
328 343 -1 -1 21.284003
311 328 343 -1 28.144696
297 311 -1 -1 17.473220
297 309 311 -1 19.559140
283 311 -1 -1 22.659337
283 297 311 -1 23.868027
307 311 -1 -1 20.054120
283 307 311 -1 25.664938
340 364 -1 -1 21.209482
353 364 -1 -1 15.826296
340 353 364 -1 23.336706
364 389 -1 -1 24.734735
364 379 -1 -1 18.311438
364 379 389 -1 27.918573
466 493 -1 -1 22.338294
476 482 -1 -1 15.513996
448 476 -1 -1 25.645763
448 476 482 -1 25.647203
476 504 -1 -1 19.466000
476 492 -1 -1 16.805871
476 492 504 -1 21.389182
482 504 -1 -1 14.746567
476 482 504 -1 19.764490
445 458 -1 -1 20.937751
414 445 -1 -1 24.989755
414 458 -1 -1 28.276169
414 445 458 -1 29.216359
458 470 -1 -1 18.053440
458 497 -1 -1 21.433842
458 470 497 -1 25.999650
458 480 -1 -1 26.923285
458 480 497 -1 27.233980
445 480 -1 -1 23.394075
445 458 480 -1 27.931338
370 394 -1 -1 17.245126
390 394 -1 -1 20.037513
370 390 394 -1 22.476012
393 394 -1 -1 18.941848
370 393 394 -1 30.202609
417 445 -1 -1 21.395461
414 417 -1 -1 19.034626
414 417 445 -1 25.743030
395 417 -1 -1 18.542707
395 414 -1 -1 18.661034
395 414 417 -1 21.650303
382 417 -1 -1 20.619822
382 395 417 -1 21.495582
393 417 -1 -1 22.091356
382 393 417 -1 23.377828
266 299 -1 -1 19.167730
295 299 -1 -1 13.226929
266 295 299 -1 22.972120
281 299 -1 -1 17.392833
266 281 299 -1 21.581496
299 313 -1 -1 18.969038
281 299 313 -1 22.239317
299 327 -1 -1 21.826770
295 327 -1 -1 24.232169
295 299 327 -1 24.383177
299 313 327 -1 23.147316
282 286 -1 -1 14.831172
253 282 -1 -1 26.073192
253 282 286 -1 27.025637
504 518 -1 -1 19.731463
518 520 -1 -1 18.894770
502 520 -1 -1 23.457457
489 520 -1 -1 17.618706
489 502 520 -1 24.914906
478 503 -1 -1 15.477939
482 503 -1 -1 18.160979
478 482 503 -1 19.253202
503 504 -1 -1 20.998253
482 503 504 -1 21.424868
503 518 -1 -1 10.991184
503 504 518 -1 21.270785
489 503 -1 -1 19.192947
478 489 -1 -1 19.536942
478 489 503 -1 21.128800
503 520 -1 -1 19.433649
503 518 520 -1 20.024491
489 503 520 -1 21.703621
438 464 -1 -1 19.267717
443 464 -1 -1 16.960097
438 443 -1 -1 21.197002
438 443 464 -1 22.378784
464 478 -1 -1 19.011931
438 464 478 -1 26.633125
464 489 -1 -1 17.494279
464 478 489 -1 21.635840
464 473 -1 -1 23.948589
464 473 489 -1 25.865423
443 473 -1 -1 23.151084
443 464 473 -1 25.263916
398 415 -1 -1 17.658156
410 415 -1 -1 24.456697
398 410 415 -1 24.627640
415 438 -1 -1 17.409054
410 438 -1 -1 19.625036
410 415 438 -1 24.672059
415 443 -1 -1 18.555552
415 438 443 -1 22.269373
415 432 -1 -1 20.089426
432 443 -1 -1 14.685951
415 432 443 -1 20.971479
408 425 -1 -1 19.371085
379 425 -1 -1 26.492901
379 408 425 -1 28.492385
425 440 -1 -1 19.835341
408 425 440 -1 21.800018
494 501 -1 -1 16.205338
467 494 -1 -1 17.467723
467 494 501 -1 23.855646
467 473 -1 -1 21.592198
473 494 -1 -1 20.536747
467 473 494 -1 23.175785
494 502 -1 -1 21.323096
473 494 502 -1 23.742821
494 517 -1 -1 19.135435
494 501 517 -1 20.182285
228 229 -1 -1 17.795008
229 259 -1 -1 21.748455
228 229 259 -1 24.761487
229 247 -1 -1 22.738368
229 247 259 -1 28.507726
218 229 -1 -1 19.513078
218 247 -1 -1 22.460508
218 229 247 -1 25.056136
203 229 -1 -1 23.935160
203 218 229 -1 24.961237
192 229 -1 -1 28.155439
192 228 229 -1 28.704821
192 203 229 -1 28.211901
196 214 -1 -1 21.543785
194 214 -1 -1 27.083752
194 196 214 -1 27.674143
214 218 -1 -1 19.173951
194 214 218 -1 27.142387
214 253 -1 -1 25.751382
214 247 -1 -1 25.366650
214 247 253 -1 26.795778
214 218 247 -1 26.310658
311 335 -1 -1 21.128265
335 343 -1 -1 18.542332
311 335 343 -1 27.754691
307 335 -1 -1 16.514203
307 311 335 -1 22.509945
335 342 -1 -1 20.517498
307 335 342 -1 24.693273
335 359 -1 -1 23.269903
335 343 359 -1 25.521188
335 342 359 -1 25.312191
355 364 -1 -1 22.049347
340 355 -1 -1 22.198367
340 355 364 -1 25.208918
328 355 -1 -1 22.278722
343 355 -1 -1 21.229487
328 343 355 -1 24.958219
328 340 355 -1 26.106441
355 379 -1 -1 22.006832
355 364 379 -1 24.219244
355 375 -1 -1 22.939210
375 379 -1 -1 25.874485
355 375 379 -1 27.490047
343 355 375 -1 25.771165
445 462 -1 -1 22.100565
462 480 -1 -1 21.144447
445 462 480 -1 25.718030
462 492 -1 -1 22.805963
462 480 492 -1 24.976631
462 476 -1 -1 17.485356
462 476 492 -1 22.960455
433 449 -1 -1 17.372336
449 470 -1 -1 21.919950
433 470 -1 -1 27.282240
433 449 470 -1 27.316194
433 458 -1 -1 22.565011
433 458 470 -1 27.453203
414 433 -1 -1 15.626742
414 433 458 -1 28.336952
400 433 -1 -1 23.847972
400 414 -1 -1 23.229238
400 414 433 -1 24.968709
395 399 -1 -1 12.172468
399 414 -1 -1 21.045140
395 399 414 -1 21.192633
399 400 -1 -1 14.735720
399 400 414 -1 23.680006
369 399 -1 -1 18.737036
369 395 399 -1 20.753168
410 420 -1 -1 15.452757
390 420 -1 -1 23.001092
390 410 420 -1 23.135517
394 420 -1 -1 22.105184
390 394 420 -1 25.188608
420 438 -1 -1 26.336466
420 448 -1 -1 19.543131
420 438 448 -1 26.584438
410 420 438 -1 26.512004
321 327 -1 -1 19.945927
295 321 -1 -1 19.869206
295 321 327 -1 25.089468
356 367 -1 -1 14.392968
363 367 -1 -1 25.161604
367 377 -1 -1 18.383072
363 377 -1 -1 21.549306
363 367 377 -1 25.755815
282 332 -1 -1 31.437734
286 332 -1 -1 31.294474
282 286 332 -1 32.282587
332 356 -1 -1 22.883061
160 165 -1 -1 17.117299
165 196 -1 -1 21.692059
160 165 196 -1 28.529289
402 415 -1 -1 19.996988
402 432 -1 -1 16.099728
402 415 432 -1 21.886159
402 425 -1 -1 18.116598
379 402 -1 -1 17.514739
379 402 425 -1 26.641332
425 432 -1 -1 11.051652
402 425 432 -1 18.321948
375 402 -1 -1 22.026467
375 379 402 -1 26.206568
398 402 -1 -1 27.226436
375 398 402 -1 27.260610
398 402 415 -1 27.250364
440 454 -1 -1 24.951985
454 467 -1 -1 19.737134
440 454 467 -1 25.186436
425 454 -1 -1 18.052815
425 440 454 -1 25.182810
432 454 -1 -1 14.726712
425 432 454 -1 18.067477
454 473 -1 -1 16.563573
454 467 473 -1 22.652357
443 454 -1 -1 15.291144
443 454 473 -1 23.186032
432 443 454 -1 17.215770
377 421 -1 -1 20.966153
407 421 -1 -1 17.907053
377 407 -1 -1 18.272098
377 407 421 -1 22.197839
421 434 -1 -1 15.346369
407 434 -1 -1 14.435086
407 421 434 -1 18.642551
498 513 -1 -1 17.170375
498 506 -1 -1 19.077714
422 433 -1 -1 20.567257
422 449 -1 -1 16.608605
422 433 449 -1 21.347979
400 422 -1 -1 19.760753
400 422 433 -1 25.008807
422 434 -1 -1 19.093958
407 422 -1 -1 16.320981
407 422 434 -1 19.638266
434 449 -1 -1 24.498490
422 434 449 -1 24.547968
394 418 -1 -1 16.354573
393 418 -1 -1 21.672138
393 394 418 -1 22.399287
418 420 -1 -1 15.797430
394 418 420 -1 22.138628
321 344 -1 -1 21.565820
327 344 -1 -1 18.753841
321 327 344 -1 23.317154
341 344 -1 -1 25.719904
344 369 -1 -1 19.201937
341 344 369 -1 27.051932
327 341 344 -1 26.281642
326 344 -1 -1 26.847442
321 326 -1 -1 13.310179
321 326 344 -1 27.102267
367 403 -1 -1 18.663223
377 403 -1 -1 16.441894
367 377 403 -1 20.672302
403 421 -1 -1 16.662089
377 403 421 -1 21.388779
346 363 -1 -1 15.699030
331 363 -1 -1 23.753869
331 346 -1 -1 19.409409
331 346 363 -1 23.865743
346 367 -1 -1 21.805370
346 363 367 -1 25.376089
346 356 -1 -1 25.960736
346 356 367 -1 25.963214
332 346 -1 -1 18.998827
332 346 356 -1 26.757691
434 450 -1 -1 19.041497
450 457 -1 -1 11.294453
434 457 -1 -1 14.644863
434 450 457 -1 19.078315
421 450 -1 -1 19.544913
421 434 450 -1 21.035546
449 481 -1 -1 21.492970
470 481 -1 -1 16.858847
449 470 481 -1 23.560407
481 506 -1 -1 19.686685
470 481 506 -1 23.712711
481 498 -1 -1 20.395573
481 498 506 -1 22.796486
417 426 -1 -1 18.575906
393 426 -1 -1 21.851450
393 417 426 -1 24.245444
418 426 -1 -1 17.640276
393 418 426 -1 23.805487
426 445 -1 -1 21.906624
417 426 445 -1 23.974247
426 462 -1 -1 20.742960
426 445 462 -1 24.949571
420 446 -1 -1 20.767352
446 448 -1 -1 20.773166
420 446 448 -1 23.537796
418 446 -1 -1 18.130933
418 420 446 -1 21.486931
446 476 -1 -1 18.100799
446 448 476 -1 25.882397
446 462 -1 -1 17.514222
446 462 476 -1 20.446520
426 446 -1 -1 21.445194
426 446 462 -1 23.198777
418 426 446 -1 22.348391
300 326 -1 -1 20.841116
300 321 -1 -1 25.871556
300 321 326 -1 26.013234
262 300 -1 -1 22.007239
286 300 -1 -1 26.570119
262 286 300 -1 28.221897
300 331 -1 -1 24.584452
326 331 -1 -1 12.793423
300 326 331 -1 24.586207
344 352 -1 -1 22.706053
326 352 -1 -1 23.279006
326 344 352 -1 28.322296
352 363 -1 -1 17.786216
331 352 -1 -1 21.814731
331 352 363 -1 24.850561
326 331 352 -1 23.643580
403 411 -1 -1 10.243765
411 421 -1 -1 15.810512
403 411 421 -1 17.157568
479 481 -1 -1 25.795795
479 498 -1 -1 21.231549
479 481 498 -1 26.522432
479 493 -1 -1 21.000921
466 479 -1 -1 22.610429
466 479 493 -1 25.420624
479 513 -1 -1 25.965993
479 493 513 -1 26.714430
479 498 513 -1 26.091287
450 479 -1 -1 21.059118
450 466 -1 -1 17.089715
450 466 479 -1 23.795417
457 479 -1 -1 17.619715
450 457 479 -1 21.061106
257 289 -1 -1 21.262788
289 295 -1 -1 16.688587
257 289 295 -1 24.595737
259 289 -1 -1 20.196470
257 259 289 -1 22.714590
289 321 -1 -1 24.172429
289 295 321 -1 24.393029
289 300 -1 -1 16.044860
289 300 321 -1 26.535290
262 289 -1 -1 23.977040
259 262 289 -1 24.141654
262 289 300 -1 24.675692
300 305 -1 -1 18.704276
286 305 -1 -1 19.450969
286 300 305 -1 26.582516
305 331 -1 -1 19.187037
300 305 331 -1 24.898257
305 332 -1 -1 21.751578
286 305 332 -1 31.658043
305 346 -1 -1 26.466373
305 331 346 -1 26.513521
305 332 346 -1 26.819161
352 386 -1 -1 26.715641
363 386 -1 -1 21.922295
352 363 386 -1 26.869041
386 422 -1 -1 22.196969
386 407 -1 -1 16.292098
386 407 422 -1 22.257212
386 400 -1 -1 18.631331
386 400 422 -1 23.537004
377 386 -1 -1 20.260008
377 386 407 -1 21.362969
363 377 386 -1 24.569312
344 371 -1 -1 20.554221
369 371 -1 -1 15.711600
344 369 371 -1 21.695114
352 371 -1 -1 18.699187
344 352 371 -1 24.087396
371 399 -1 -1 16.477443
369 371 399 -1 19.798835
371 400 -1 -1 21.604642
371 399 400 -1 21.626619
371 386 -1 -1 26.756501
371 386 400 -1 26.956884
352 371 386 -1 28.537952
435 450 -1 -1 15.099242
421 435 -1 -1 15.249338
421 435 450 -1 19.835420
411 435 -1 -1 13.755403
411 421 435 -1 17.329931
435 466 -1 -1 21.618547
435 450 466 -1 21.732080
456 479 -1 -1 19.838137
456 457 -1 -1 12.976962
456 457 479 -1 20.192564
456 481 -1 -1 15.541320
456 479 481 -1 25.827075
449 456 -1 -1 17.299122
449 456 481 -1 21.727824
434 456 -1 -1 20.621978
434 449 456 -1 24.879260
434 456 457 -1 20.751449
160 -1 -1 -1 0.000000
161 -1 -1 -1 0.000000
163 -1 -1 -1 0.000000
164 -1 -1 -1 0.000000
165 -1 -1 -1 0.000000
168 -1 -1 -1 0.000000
169 -1 -1 -1 0.000000
176 -1 -1 -1 0.000000
177 -1 -1 -1 0.000000
179 -1 -1 -1 0.000000
180 -1 -1 -1 0.000000
181 -1 -1 -1 0.000000
182 -1 -1 -1 0.000000
188 -1 -1 -1 0.000000
190 -1 -1 -1 0.000000
191 -1 -1 -1 0.000000
192 -1 -1 -1 0.000000
194 -1 -1 -1 0.000000
195 -1 -1 -1 0.000000
196 -1 -1 -1 0.000000
197 -1 -1 -1 0.000000
199 -1 -1 -1 0.000000
200 -1 -1 -1 0.000000
203 -1 -1 -1 0.000000
208 -1 -1 -1 0.000000
209 -1 -1 -1 0.000000
211 -1 -1 -1 0.000000
212 -1 -1 -1 0.000000
214 -1 -1 -1 0.000000
217 -1 -1 -1 0.000000
218 -1 -1 -1 0.000000
219 -1 -1 -1 0.000000
222 -1 -1 -1 0.000000
224 -1 -1 -1 0.000000
225 -1 -1 -1 0.000000
228 -1 -1 -1 0.000000
229 -1 -1 -1 0.000000
230 -1 -1 -1 0.000000
235 -1 -1 -1 0.000000
236 -1 -1 -1 0.000000
237 -1 -1 -1 0.000000
238 -1 -1 -1 0.000000
246 -1 -1 -1 0.000000
247 -1 -1 -1 0.000000
248 -1 -1 -1 0.000000
249 -1 -1 -1 0.000000
252 -1 -1 -1 0.000000
253 -1 -1 -1 0.000000
255 -1 -1 -1 0.000000
257 -1 -1 -1 0.000000
258 -1 -1 -1 0.000000
259 -1 -1 -1 0.000000
261 -1 -1 -1 0.000000
262 -1 -1 -1 0.000000
265 -1 -1 -1 0.000000
266 -1 -1 -1 0.000000
270 -1 -1 -1 0.000000
278 -1 -1 -1 0.000000
279 -1 -1 -1 0.000000
280 -1 -1 -1 0.000000
281 -1 -1 -1 0.000000
282 -1 -1 -1 0.000000
283 -1 -1 -1 0.000000
286 -1 -1 -1 0.000000
288 -1 -1 -1 0.000000
289 -1 -1 -1 0.000000
290 -1 -1 -1 0.000000
294 -1 -1 -1 0.000000
295 -1 -1 -1 0.000000
297 -1 -1 -1 0.000000
299 -1 -1 -1 0.000000
300 -1 -1 -1 0.000000
301 -1 -1 -1 0.000000
305 -1 -1 -1 0.000000
306 -1 -1 -1 0.000000
307 -1 -1 -1 0.000000
308 -1 -1 -1 0.000000
309 -1 -1 -1 0.000000
311 -1 -1 -1 0.000000
312 -1 -1 -1 0.000000
313 -1 -1 -1 0.000000
321 -1 -1 -1 0.000000
323 -1 -1 -1 0.000000
326 -1 -1 -1 0.000000
327 -1 -1 -1 0.000000
328 -1 -1 -1 0.000000
330 -1 -1 -1 0.000000
331 -1 -1 -1 0.000000
332 -1 -1 -1 0.000000
334 -1 -1 -1 0.000000
335 -1 -1 -1 0.000000
340 -1 -1 -1 0.000000
341 -1 -1 -1 0.000000
342 -1 -1 -1 0.000000
343 -1 -1 -1 0.000000
344 -1 -1 -1 0.000000
346 -1 -1 -1 0.000000
348 -1 -1 -1 0.000000
352 -1 -1 -1 0.000000
353 -1 -1 -1 0.000000
355 -1 -1 -1 0.000000
356 -1 -1 -1 0.000000
359 -1 -1 -1 0.000000
363 -1 -1 -1 0.000000
364 -1 -1 -1 0.000000
367 -1 -1 -1 0.000000
368 -1 -1 -1 0.000000
369 -1 -1 -1 0.000000
370 -1 -1 -1 0.000000
371 -1 -1 -1 0.000000
372 -1 -1 -1 0.000000
375 -1 -1 -1 0.000000
377 -1 -1 -1 0.000000
379 -1 -1 -1 0.000000
382 -1 -1 -1 0.000000
386 -1 -1 -1 0.000000
389 -1 -1 -1 0.000000
390 -1 -1 -1 0.000000
393 -1 -1 -1 0.000000
394 -1 -1 -1 0.000000
395 -1 -1 -1 0.000000
398 -1 -1 -1 0.000000
399 -1 -1 -1 0.000000
400 -1 -1 -1 0.000000
402 -1 -1 -1 0.000000
403 -1 -1 -1 0.000000
407 -1 -1 -1 0.000000
408 -1 -1 -1 0.000000
410 -1 -1 -1 0.000000
411 -1 -1 -1 0.000000
414 -1 -1 -1 0.000000
415 -1 -1 -1 0.000000
417 -1 -1 -1 0.000000
418 -1 -1 -1 0.000000
420 -1 -1 -1 0.000000
421 -1 -1 -1 0.000000
422 -1 -1 -1 0.000000
425 -1 -1 -1 0.000000
426 -1 -1 -1 0.000000
432 -1 -1 -1 0.000000
433 -1 -1 -1 0.000000
434 -1 -1 -1 0.000000
435 -1 -1 -1 0.000000
438 -1 -1 -1 0.000000
440 -1 -1 -1 0.000000
443 -1 -1 -1 0.000000
445 -1 -1 -1 0.000000
446 -1 -1 -1 0.000000
448 -1 -1 -1 0.000000
449 -1 -1 -1 0.000000
450 -1 -1 -1 0.000000
454 -1 -1 -1 0.000000
456 -1 -1 -1 0.000000
457 -1 -1 -1 0.000000
458 -1 -1 -1 0.000000
462 -1 -1 -1 0.000000
464 -1 -1 -1 0.000000
466 -1 -1 -1 0.000000
467 -1 -1 -1 0.000000
468 -1 -1 -1 0.000000
470 -1 -1 -1 0.000000
473 -1 -1 -1 0.000000
476 -1 -1 -1 0.000000
478 -1 -1 -1 0.000000
479 -1 -1 -1 0.000000
480 -1 -1 -1 0.000000
481 -1 -1 -1 0.000000
482 -1 -1 -1 0.000000
489 -1 -1 -1 0.000000
492 -1 -1 -1 0.000000
493 -1 -1 -1 0.000000
494 -1 -1 -1 0.000000
497 -1 -1 -1 0.000000
498 -1 -1 -1 0.000000
501 -1 -1 -1 0.000000
502 -1 -1 -1 0.000000
503 -1 -1 -1 0.000000
504 -1 -1 -1 0.000000
506 -1 -1 -1 0.000000
508 -1 -1 -1 0.000000
509 -1 -1 -1 0.000000
512 -1 -1 -1 0.000000
513 -1 -1 -1 0.000000
517 -1 -1 -1 0.000000
518 -1 -1 -1 0.000000
520 -1 -1 -1 0.000000
521 -1 -1 -1 0.000000
