407 411 -1 -1 26.160201
116 119 -1 -1 28.478338
203 214 -1 -1 21.268952
206 214 -1 -1 21.945972
203 206 -1 -1 25.515203
203 206 214 -1 26.774851
173 203 -1 -1 36.928041
173 206 -1 -1 27.198768
173 203 206 -1 36.935092
214 232 -1 -1 22.078672
206 232 -1 -1 27.487516
206 214 232 -1 28.180120
410 411 -1 -1 19.819636
119 141 -1 -1 28.758022
116 141 -1 -1 37.533217
116 119 141 -1 37.906482
119 142 -1 -1 32.041807
141 142 -1 -1 24.795539
119 141 142 -1 33.492384
141 173 -1 -1 32.545688
142 173 -1 -1 32.593188
141 142 173 -1 35.221044
160 173 -1 -1 29.247996
142 160 -1 -1 27.300296
142 160 173 -1 34.620341
160 203 -1 -1 34.222704
160 179 -1 -1 29.693696
179 203 -1 -1 29.683045
160 179 203 -1 36.329736
160 173 203 -1 39.136413
101 102 -1 -1 35.158237
113 119 -1 -1 28.070755
113 142 -1 -1 34.958206
113 119 142 -1 37.024671
113 133 -1 -1 20.196896
133 142 -1 -1 30.419313
113 133 142 -1 35.102174
101 113 -1 -1 24.960948
101 133 -1 -1 32.078130
101 113 133 -1 32.078190
156 188 -1 -1 36.275253
145 188 -1 -1 39.731900
145 156 -1 -1 26.226023
145 156 188 -1 40.762130
156 166 -1 -1 25.895087
156 196 -1 -1 38.228973
166 196 -1 -1 29.245954
156 166 196 -1 38.263603
188 196 -1 -1 20.767021
156 188 196 -1 38.935438
303 325 -1 -1 27.722655
303 315 -1 -1 32.988087
315 325 -1 -1 23.497325
303 315 325 -1 33.526067
298 303 -1 -1 23.088937
298 315 -1 -1 22.419364
298 303 315 -1 33.030564
329 343 -1 -1 19.024736
321 343 -1 -1 26.247632
321 329 -1 -1 21.947188
321 329 343 -1 26.709839
303 329 -1 -1 23.791569
325 329 -1 -1 20.692403
303 325 329 -1 28.480807
232 238 -1 -1 11.728054
214 238 -1 -1 17.459247
214 232 238 -1 22.213759
248 274 -1 -1 23.819268
248 264 -1 -1 16.479682
264 274 -1 -1 18.306204
248 264 274 -1 23.870059
250 274 -1 -1 24.492390
248 250 -1 -1 13.915170
248 250 274 -1 25.249478
238 248 -1 -1 19.300717
238 264 -1 -1 18.086723
238 248 264 -1 20.860720
232 248 -1 -1 16.248156
232 238 248 -1 19.356961
387 401 -1 -1 26.218237
374 387 -1 -1 25.867643
374 401 -1 -1 20.190053
374 387 401 -1 28.254787
101 120 -1 -1 29.088278
102 120 -1 -1 25.806082
101 102 120 -1 35.767765
120 133 -1 -1 24.507150
101 120 133 -1 33.550429
120 143 -1 -1 27.187756
133 143 -1 -1 22.373784
120 133 143 -1 28.802366
120 145 -1 -1 38.105262
143 145 -1 -1 31.755088
120 143 145 -1 38.676021
143 153 -1 -1 21.520074
145 153 -1 -1 17.520614
143 145 153 -1 33.470244
153 188 -1 -1 36.954075
179 188 -1 -1 37.855419
153 179 -1 -1 32.386052
153 179 188 -1 41.504705
145 153 188 -1 39.836892
153 160 -1 -1 40.501867
153 160 179 -1 40.970831
143 160 -1 -1 32.657935
143 153 160 -1 40.628169
133 154 -1 -1 15.611837
142 154 -1 -1 27.870368
133 142 154 -1 30.602806
143 154 -1 -1 11.205620
133 143 154 -1 24.137621
154 160 -1 -1 27.821420
142 154 160 -1 31.947747
143 154 160 -1 33.895481
118 156 -1 -1 39.365262
382 397 -1 -1 21.119802
397 407 -1 -1 27.043103
382 407 -1 -1 34.686460
382 397 407 -1 34.695293
378 382 -1 -1 30.351274
378 397 -1 -1 21.979441
378 382 397 -1 30.352384
238 244 -1 -1 18.106469
214 244 -1 -1 22.864011
214 238 244 -1 23.217497
244 264 -1 -1 21.889470
238 244 264 -1 22.723543
247 258 -1 -1 28.359850
247 272 -1 -1 24.261784
258 272 -1 -1 23.297424
247 258 272 -1 29.627370
244 269 -1 -1 21.624008
264 269 -1 -1 18.831077
244 264 269 -1 24.135240
244 258 -1 -1 22.007180
258 269 -1 -1 21.835692
244 258 269 -1 25.200158
196 215 -1 -1 25.506215
215 230 -1 -1 29.904973
196 230 -1 -1 36.632812
196 215 230 -1 36.961228
258 293 -1 -1 26.366798
272 293 -1 -1 19.776967
258 272 293 -1 27.298458
293 298 -1 -1 22.372926
293 315 -1 -1 28.005062
293 298 315 -1 28.696530
293 312 -1 -1 20.293246
312 315 -1 -1 20.091439
293 312 315 -1 28.025582
269 293 -1 -1 28.918376
269 298 -1 -1 23.858855
269 293 298 -1 29.636047
258 269 293 -1 30.231950
302 332 -1 -1 25.472185
302 306 -1 -1 16.002922
306 332 -1 -1 24.370493
302 306 332 -1 26.364231
302 312 -1 -1 17.201354
312 332 -1 -1 26.969013
302 312 332 -1 27.839245
278 302 -1 -1 34.143258
278 306 -1 -1 25.006334
278 302 306 -1 36.526305
293 302 -1 -1 26.729567
272 302 -1 -1 25.446850
272 293 302 -1 28.234294
293 302 312 -1 26.730823
215 256 -1 -1 36.738498
230 256 -1 -1 23.587211
215 230 256 -1 36.832914
278 322 -1 -1 27.247341
306 322 -1 -1 22.047809
278 306 322 -1 28.914444
322 340 -1 -1 18.971234
308 322 -1 -1 25.676927
308 340 -1 -1 27.966991
308 322 340 -1 28.833600
288 303 -1 -1 20.931359
288 298 -1 -1 17.399755
288 298 303 -1 24.089770
269 288 -1 -1 18.996120
269 288 298 -1 24.105692
274 288 -1 -1 14.794122
264 288 -1 -1 23.840785
264 274 288 -1 23.849214
264 269 288 -1 24.361130
265 268 -1 -1 11.839807
265 286 -1 -1 21.878920
268 286 -1 -1 18.146237
265 268 286 -1 21.883959
233 265 -1 -1 25.388029
233 250 -1 -1 29.410384
250 265 -1 -1 15.327070
233 250 265 -1 29.415491
233 268 -1 -1 23.920699
233 265 268 -1 25.572035
291 300 -1 -1 17.289794
300 321 -1 -1 17.990605
291 321 -1 -1 23.951254
291 300 321 -1 24.025702
300 329 -1 -1 27.541326
300 321 329 -1 27.589853
300 303 -1 -1 18.298443
300 303 329 -1 27.916932
226 248 -1 -1 21.994025
226 250 -1 -1 27.487366
226 248 250 -1 27.714390
226 232 -1 -1 13.935900
226 232 248 -1 22.029045
206 226 -1 -1 28.157220
206 226 232 -1 28.767299
233 252 -1 -1 19.711084
252 268 -1 -1 16.072833
233 252 268 -1 24.088517
228 237 -1 -1 11.646091
211 237 -1 -1 20.680235
211 228 -1 -1 19.760158
211 228 237 -1 21.169941
237 254 -1 -1 19.573114
243 254 -1 -1 16.612805
237 243 -1 -1 23.183208
237 243 254 -1 23.599642
237 252 -1 -1 26.179897
228 252 -1 -1 24.340233
228 237 252 -1 26.254439
252 262 -1 -1 19.076441
237 262 -1 -1 26.717875
237 252 262 -1 28.365392
254 262 -1 -1 16.563863
237 254 262 -1 26.819437
385 410 -1 -1 30.629119
385 411 -1 -1 28.414435
385 410 411 -1 31.493382
343 359 -1 -1 26.206254
359 370 -1 -1 20.784755
343 370 -1 -1 24.388103
343 359 370 -1 27.817448
329 359 -1 -1 29.921698
325 359 -1 -1 27.362224
325 329 359 -1 30.891854
329 343 359 -1 30.282190
393 410 -1 -1 23.504272
410 412 -1 -1 24.645404
393 412 -1 -1 21.549967
393 410 412 -1 26.944415
385 393 -1 -1 26.384060
385 393 410 -1 31.636051
372 393 -1 -1 21.963405
372 385 -1 -1 17.614782
372 385 393 -1 26.591904
338 343 -1 -1 18.616249
321 338 -1 -1 19.992773
321 338 343 -1 26.325846
311 338 -1 -1 25.585029
311 321 -1 -1 19.007927
311 321 338 -1 25.839571
291 311 -1 -1 20.315013
291 311 321 -1 24.800216
286 311 -1 -1 24.854072
286 291 -1 -1 15.927314
286 291 311 -1 24.924618
387 402 -1 -1 20.364560
401 402 -1 -1 25.851006
387 401 402 -1 28.291059
124 156 -1 -1 36.029711
124 145 -1 -1 28.853122
124 145 156 -1 36.424321
118 124 -1 -1 21.207895
118 124 156 -1 39.700875
120 124 -1 -1 35.783193
102 124 -1 -1 30.064381
102 120 124 -1 36.422196
120 124 145 -1 40.221221
247 255 -1 -1 18.884100
255 272 -1 -1 25.406804
247 255 272 -1 26.885887
255 302 -1 -1 37.792799
255 272 302 -1 38.001244
255 278 -1 -1 23.539101
255 278 302 -1 38.430260
255 256 -1 -1 30.802059
256 278 -1 -1 31.164643
255 256 278 -1 33.496852
230 247 -1 -1 34.837383
230 255 -1 -1 33.050124
230 247 255 -1 35.473210
230 255 256 -1 34.470461
219 247 -1 -1 28.466064
219 230 -1 -1 19.523178
219 230 247 -1 34.844316
196 219 -1 -1 38.464847
196 219 230 -1 39.034964
188 219 -1 -1 34.207861
188 196 219 -1 38.607213
222 244 -1 -1 24.620132
222 258 -1 -1 30.723893
222 244 258 -1 31.008609
203 222 -1 -1 25.871125
214 222 -1 -1 25.530953
203 214 222 -1 28.233527
214 222 244 -1 28.186909
179 222 -1 -1 39.245459
179 203 222 -1 39.246323
344 384 -1 -1 36.613420
344 361 -1 -1 27.363138
344 378 -1 -1 34.151585
361 378 -1 -1 20.366853
344 361 378 -1 34.151691
361 382 -1 -1 29.500306
351 382 -1 -1 25.679271
351 361 -1 -1 16.547026
351 361 382 -1 29.581601
361 378 382 -1 31.846462
340 361 -1 -1 27.952875
340 344 -1 -1 17.258088
340 344 361 -1 29.124784
256 290 -1 -1 34.250252
278 290 -1 -1 19.345498
256 278 290 -1 34.605805
290 322 -1 -1 23.006020
290 308 -1 -1 18.204134
290 308 322 -1 26.452693
278 290 322 -1 27.704911
331 332 -1 -1 24.358520
306 331 -1 -1 23.713512
306 331 332 -1 27.889701
322 331 -1 -1 16.781131
306 322 331 -1 24.683306
331 351 -1 -1 23.381190
332 351 -1 -1 23.422595
331 332 351 -1 27.405950
331 340 -1 -1 18.657102
322 331 340 -1 21.022517
331 361 -1 -1 26.422573
331 351 361 -1 26.759105
331 340 361 -1 29.019740
281 291 -1 -1 17.213902
281 286 -1 -1 22.633797
281 286 291 -1 22.687507
265 281 -1 -1 16.133916
265 281 286 -1 23.899500
274 281 -1 -1 20.315047
250 281 -1 -1 19.050526
250 274 281 -1 25.149242
250 265 281 -1 19.771047
114 132 -1 -1 31.019321
158 183 -1 -1 23.453277
158 182 -1 -1 21.783209
182 183 -1 -1 13.467139
158 182 183 -1 23.844277
229 237 -1 -1 16.113927
229 243 -1 -1 16.671200
229 237 243 -1 23.183208
229 245 -1 -1 21.386739
243 245 -1 -1 13.611436
229 243 245 -1 21.388490
223 245 -1 -1 14.267936
223 229 -1 -1 16.890830
223 229 245 -1 21.432504
211 229 -1 -1 16.619589
211 229 237 -1 21.115548
385 399 -1 -1 19.810507
399 411 -1 -1 23.426437
385 399 411 -1 28.714683
399 407 -1 -1 26.925981
399 407 411 -1 29.588607
382 399 -1 -1 23.283317
382 399 407 -1 34.731692
332 360 -1 -1 30.232010
351 360 -1 -1 24.673757
332 351 360 -1 30.925696
360 382 -1 -1 22.399041
351 360 382 -1 28.128168
360 399 -1 -1 28.287026
360 382 399 -1 29.092043
360 385 -1 -1 31.200484
360 385 399 -1 31.814575
389 393 -1 -1 17.907062
389 412 -1 -1 24.834252
389 393 412 -1 25.446817
359 389 -1 -1 25.726970
370 389 -1 -1 16.077553
359 370 389 -1 25.750586
359 372 -1 -1 22.207528
372 389 -1 -1 30.531549
359 372 389 -1 31.129438
372 389 393 -1 30.951399
311 333 -1 -1 26.177694
333 338 -1 -1 16.631895
311 333 338 -1 27.344378
400 412 -1 -1 22.576611
389 400 -1 -1 19.018986
389 400 412 -1 26.004151
370 400 -1 -1 26.427085
370 389 400 -1 26.645717
333 363 -1 -1 25.205111
356 363 -1 -1 20.279265
333 356 -1 -1 20.145318
333 356 363 -1 25.853091
338 363 -1 -1 27.511881
333 338 363 -1 27.994522
254 273 -1 -1 22.892342
262 273 -1 -1 25.302377
254 262 273 -1 25.871630
116 125 -1 -1 23.503346
148 172 -1 -1 27.287229
397 413 -1 -1 22.020129
378 413 -1 -1 29.781933
378 397 413 -1 29.886802
407 413 -1 -1 36.045259
397 407 413 -1 36.133206
231 247 -1 -1 20.958809
231 258 -1 -1 30.253733
231 247 258 -1 31.477629
222 231 -1 -1 16.887684
222 231 258 -1 31.740357
219 231 -1 -1 25.729998
219 231 247 -1 29.562323
283 300 -1 -1 17.789521
283 291 -1 -1 21.066337
283 291 300 -1 21.937292
281 283 -1 -1 12.247292
281 283 291 -1 21.066715
274 283 -1 -1 11.819224
274 281 283 -1 22.441583
283 303 -1 -1 25.421408
283 300 303 -1 25.422173
283 288 -1 -1 21.742129
274 283 288 -1 23.002258
283 288 303 -1 26.568832
267 299 -1 -1 22.393862
267 289 -1 -1 26.615772
289 299 -1 -1 16.479287
267 289 299 -1 26.718478
242 267 -1 -1 24.138576
253 267 -1 -1 19.047488
253 289 -1 -1 27.107731
253 267 289 -1 28.735145
242 253 -1 -1 20.344548
242 253 267 -1 24.932621
177 183 -1 -1 16.799307
158 177 -1 -1 20.529295
158 177 183 -1 24.057462
352 385 -1 -1 30.162212
352 372 -1 -1 21.840273
352 372 385 -1 30.551787
352 360 -1 -1 28.000348
352 360 385 -1 34.494195
352 359 -1 -1 30.300431
325 352 -1 -1 26.466364
325 352 359 -1 32.568571
352 359 372 -1 30.344155
315 352 -1 -1 32.040794
315 325 352 -1 32.583104
358 362 -1 -1 18.723513
358 374 -1 -1 20.391981
362 374 -1 -1 21.796069
358 362 374 -1 23.579594
368 387 -1 -1 15.678414
368 374 -1 -1 25.336771
368 374 387 -1 26.906471
362 368 -1 -1 14.109567
362 368 374 -1 25.371556
401 409 -1 -1 22.206711
380 409 -1 -1 24.053922
380 396 -1 -1 21.221769
396 409 -1 -1 27.895435
380 396 409 -1 28.777261
380 401 -1 -1 27.463454
374 380 -1 -1 21.608176
374 380 401 -1 27.728308
380 401 409 -1 28.762968
358 380 -1 -1 29.140840
358 374 380 -1 29.161990
356 358 -1 -1 16.816062
356 380 -1 -1 27.420199
356 358 380 -1 29.748612
363 380 -1 -1 27.180341
356 363 380 -1 29.405043
363 396 -1 -1 26.335456
363 380 396 -1 29.163497
338 366 -1 -1 31.799172
343 366 -1 -1 25.721608
338 343 366 -1 31.799330
363 366 -1 -1 18.615872
338 363 366 -1 31.928969
366 370 -1 -1 15.392849
343 366 370 -1 26.408431
366 396 -1 -1 27.152423
363 366 396 -1 28.548325
366 400 -1 -1 28.080455
366 370 400 -1 28.549170
396 400 -1 -1 28.523650
366 396 400 -1 32.257649
299 317 -1 -1 14.149069
289 317 -1 -1 21.804269
289 299 317 -1 21.804942
273 292 -1 -1 21.266639
262 292 -1 -1 27.967723
262 273 292 -1 29.208058
292 304 -1 -1 31.062113
273 304 -1 -1 29.252153
273 292 304 -1 32.315125
213 252 -1 -1 27.423852
213 228 -1 -1 13.449889
213 228 252 -1 27.438346
213 233 -1 -1 19.898782
213 233 252 -1 27.447304
211 213 -1 -1 27.208030
211 213 228 -1 28.695466
221 233 -1 -1 15.858536
221 250 -1 -1 28.069831
221 233 250 -1 29.991706
221 226 -1 -1 17.498278
221 226 250 -1 29.281212
213 221 -1 -1 27.934289
213 221 233 -1 28.574701
205 213 -1 -1 21.475835
205 221 -1 -1 26.425303
205 213 221 -1 29.637089
187 205 -1 -1 21.017422
171 187 -1 -1 21.537962
171 205 -1 -1 29.515500
171 187 205 -1 29.536893
201 226 -1 -1 24.775555
201 206 -1 -1 17.429046
201 206 226 -1 28.455756
173 201 -1 -1 28.935023
173 201 206 -1 29.645407
140 141 -1 -1 22.427390
116 140 -1 -1 28.812876
116 140 141 -1 37.597551
125 140 -1 -1 29.635356
116 125 140 -1 31.931724
114 134 -1 -1 26.550306
132 134 -1 -1 20.165466
114 132 134 -1 31.325579
134 158 -1 -1 28.185966
132 158 -1 -1 26.843113
132 134 158 -1 29.619758
148 163 -1 -1 16.028935
163 172 -1 -1 19.253409
148 163 172 -1 27.790854
163 177 -1 -1 21.115447
172 177 -1 -1 15.944742
163 172 177 -1 22.075149
158 163 -1 -1 17.922921
158 163 177 -1 23.075833
134 163 -1 -1 23.056445
134 158 163 -1 28.256554
134 148 -1 -1 21.566845
134 148 163 -1 23.984405
413 414 -1 -1 18.758253
200 222 -1 -1 36.555366
179 200 -1 -1 24.778958
179 200 222 -1 40.291324
200 231 -1 -1 29.410292
200 222 231 -1 37.214549
200 219 -1 -1 21.420591
200 219 231 -1 30.236413
188 200 -1 -1 24.269999
179 188 200 -1 38.567150
188 200 219 -1 34.446997
246 290 -1 -1 36.656464
246 256 -1 -1 18.581803
246 256 290 -1 37.006542
215 246 -1 -1 35.513422
215 246 256 -1 37.454155
245 249 -1 -1 13.299885
243 249 -1 -1 15.236953
243 245 249 -1 16.325483
242 249 -1 -1 24.892079
242 245 -1 -1 24.512514
242 245 249 -1 25.658115
249 253 -1 -1 13.670854
242 249 253 -1 24.906342
249 254 -1 -1 27.036181
243 249 254 -1 30.108869
249 273 -1 -1 31.394977
249 254 273 -1 32.165822
218 245 -1 -1 16.214982
218 223 -1 -1 12.427805
218 223 245 -1 16.831429
218 242 -1 -1 22.773594
218 242 245 -1 25.280879
212 218 -1 -1 12.748491
212 242 -1 -1 23.545845
212 218 242 -1 24.127729
204 212 -1 -1 18.947423
172 181 -1 -1 14.176572
177 199 -1 -1 24.000222
183 199 -1 -1 21.432737
177 183 199 -1 24.660904
199 218 -1 -1 27.150183
199 223 -1 -1 23.041341
199 218 223 -1 27.261831
400 403 -1 -1 16.725314
396 403 -1 -1 19.776345
396 400 403 -1 29.211957
341 360 -1 -1 22.970896
332 341 -1 -1 21.943341
332 341 360 -1 30.367712
341 352 -1 -1 20.420474
341 352 360 -1 28.420073
315 341 -1 -1 26.595592
315 341 352 -1 32.171223
312 341 -1 -1 26.829614
312 315 341 -1 28.830256
312 332 341 -1 29.461794
333 339 -1 -1 24.723128
339 356 -1 -1 20.015716
333 339 356 -1 25.481071
339 358 -1 -1 18.867690
339 356 358 -1 21.594032
368 369 -1 -1 17.941584
355 369 -1 -1 14.016471
355 368 -1 -1 21.806093
355 368 369 -1 21.885688
369 387 -1 -1 23.525504
368 369 387 -1 23.533069
337 358 -1 -1 22.509622
337 362 -1 -1 20.136461
337 358 362 -1 23.851604
337 339 -1 -1 18.395025
337 339 358 -1 23.380469
334 337 -1 -1 19.698704
304 334 -1 -1 26.806680
304 337 -1 -1 26.677001
304 334 337 -1 28.764335
334 362 -1 -1 23.654015
334 337 362 -1 24.755439
334 368 -1 -1 27.484498
334 355 -1 -1 17.303065
334 355 368 -1 27.493682
334 362 368 -1 27.484813
317 320 -1 -1 18.301296
289 320 -1 -1 22.658906
289 317 320 -1 24.411424
304 320 -1 -1 19.301390
289 304 -1 -1 26.112732
289 304 320 -1 26.853980
320 334 -1 -1 20.692206
304 320 334 -1 26.949452
275 292 -1 -1 24.716911
262 275 -1 -1 18.455829
262 275 292 -1 28.462358
268 275 -1 -1 18.880880
275 286 -1 -1 15.005756
268 275 286 -1 20.267441
252 275 -1 -1 23.249737
252 262 275 -1 23.907026
252 268 275 -1 23.425803
183 186 -1 -1 17.378740
182 186 -1 -1 19.164370
182 183 186 -1 19.782668
186 199 -1 -1 25.914670
183 186 199 -1 26.105087
191 213 -1 -1 25.568992
191 205 -1 -1 25.392922
191 205 213 -1 28.098290
187 191 -1 -1 17.917818
187 191 205 -1 25.710311
191 211 -1 -1 20.942070
191 211 213 -1 28.809308
186 191 -1 -1 17.894456
186 211 -1 -1 24.191406
186 191 211 -1 24.867324
195 221 -1 -1 24.772730
195 205 -1 -1 18.703830
195 205 221 -1 27.578990
171 195 -1 -1 28.755572
171 195 205 -1 30.783532
195 226 -1 -1 27.245379
195 221 226 -1 27.835476
195 201 -1 -1 15.985528
195 201 226 -1 27.602786
170 201 -1 -1 28.439353
170 173 -1 -1 24.779849
170 173 201 -1 31.810694
141 170 -1 -1 29.082063
141 170 173 -1 33.880575
170 195 -1 -1 30.058142
170 171 -1 -1 20.976483
170 171 195 -1 31.522354
170 195 201 -1 30.539779
140 170 -1 -1 31.265327
140 141 170 -1 32.613893
140 171 -1 -1 34.448285
140 170 171 -1 34.994518
169 186 -1 -1 20.203116
169 182 -1 -1 11.890274
169 182 186 -1 20.712875
169 191 -1 -1 28.919879
169 187 -1 -1 26.581559
169 187 191 -1 29.521111
169 186 191 -1 29.247880
159 187 -1 -1 25.834024
159 171 -1 -1 23.463665
159 171 187 -1 27.506196
159 169 -1 -1 23.900446
159 169 187 -1 29.455705
149 169 -1 -1 15.321235
149 159 -1 -1 15.778345
149 159 169 -1 24.302060
152 158 -1 -1 18.388416
152 182 -1 -1 18.293742
152 158 182 -1 22.795746
152 169 -1 -1 21.449428
152 169 182 -1 21.463880
149 152 -1 -1 18.344990
149 152 169 -1 21.881843
132 152 -1 -1 25.064439
132 152 158 -1 27.851623
121 152 -1 -1 29.697085
121 132 -1 -1 19.697044
121 132 152 -1 29.975583
114 128 -1 -1 24.218026
128 134 -1 -1 22.005257
114 128 134 -1 28.267461
128 148 -1 -1 25.849155
128 134 148 -1 27.063959
344 381 -1 -1 31.608123
378 381 -1 -1 17.022841
344 378 381 -1 34.375106
381 384 -1 -1 17.819015
344 381 384 -1 36.621699
249 280 -1 -1 25.189470
273 280 -1 -1 17.216162
249 273 280 -1 31.457690
253 280 -1 -1 22.765703
249 253 280 -1 25.353357
280 289 -1 -1 18.020442
253 280 289 -1 27.346484
280 304 -1 -1 26.228334
280 289 304 -1 27.875123
273 280 304 -1 29.553475
193 199 -1 -1 16.716946
177 193 -1 -1 21.512314
177 193 199 -1 24.668058
172 193 -1 -1 21.494870
172 177 193 -1 23.153663
193 204 -1 -1 16.899981
193 212 -1 -1 22.826979
193 204 212 -1 23.263954
193 218 -1 -1 27.488113
193 212 218 -1 27.700899
193 199 218 -1 28.699980
324 333 -1 -1 18.424204
311 324 -1 -1 24.337472
311 324 333 -1 27.226323
324 339 -1 -1 17.352825
324 333 339 -1 24.749194
292 314 -1 -1 19.018463
304 314 -1 -1 20.409058
292 304 314 -1 32.000578
314 337 -1 -1 22.633207
304 314 337 -1 27.445795
314 339 -1 -1 22.288923
314 337 339 -1 24.622697
314 324 -1 -1 22.369545
292 324 -1 -1 28.231937
292 314 324 -1 28.314822
314 324 339 -1 24.233677
369 386 -1 -1 18.816274
386 387 -1 -1 18.625245
369 386 387 -1 24.064398
386 402 -1 -1 24.288168
386 387 402 -1 24.935285
317 330 -1 -1 18.986220
320 330 -1 -1 18.090396
317 320 330 -1 21.329247
330 355 -1 -1 20.958050
330 334 -1 -1 23.223646
330 334 355 -1 24.153444
320 330 334 -1 24.256026
309 324 -1 -1 17.938562
309 311 -1 -1 12.526437
309 311 324 -1 25.154488
286 309 -1 -1 23.502644
286 309 311 -1 25.160131
386 398 -1 -1 17.033293
398 402 -1 -1 28.749328
386 398 402 -1 28.809670
186 207 -1 -1 21.462044
207 211 -1 -1 14.607739
186 207 211 -1 24.437611
199 207 -1 -1 14.570345
186 199 207 -1 25.914730
207 223 -1 -1 19.757939
199 207 223 -1 23.222454
207 229 -1 -1 19.906282
207 211 229 -1 20.284589
207 223 229 -1 21.919417
140 146 -1 -1 18.745011
146 171 -1 -1 29.152295
140 146 171 -1 34.451337
146 159 -1 -1 18.185322
146 159 171 -1 29.172040
125 146 -1 -1 26.459234
125 140 146 -1 30.097763
129 152 -1 -1 34.487099
129 149 -1 -1 27.831610
129 149 152 -1 34.588733
121 129 -1 -1 22.342640
121 129 152 -1 34.852871
129 159 -1 -1 31.164742
129 149 159 -1 31.220174
129 146 -1 -1 25.197444
129 146 159 -1 31.165328
125 129 -1 -1 20.598649
125 129 146 -1 28.200591
295 324 -1 -1 25.018264
292 295 -1 -1 12.929506
292 295 324 -1 28.232465
295 309 -1 -1 13.770931
295 309 324 -1 25.718237
275 295 -1 -1 17.087685
275 292 295 -1 26.317893
286 295 -1 -1 23.027228
275 286 295 -1 23.034735
286 295 309 -1 24.368055
101 -1 -1 -1 0.000000
102 -1 -1 -1 0.000000
113 -1 -1 -1 0.000000
114 -1 -1 -1 0.000000
116 -1 -1 -1 0.000000
118 -1 -1 -1 0.000000
119 -1 -1 -1 0.000000
120 -1 -1 -1 0.000000
121 -1 -1 -1 0.000000
124 -1 -1 -1 0.000000
125 -1 -1 -1 0.000000
128 -1 -1 -1 0.000000
129 -1 -1 -1 0.000000
132 -1 -1 -1 0.000000
133 -1 -1 -1 0.000000
134 -1 -1 -1 0.000000
140 -1 -1 -1 0.000000
141 -1 -1 -1 0.000000
142 -1 -1 -1 0.000000
143 -1 -1 -1 0.000000
145 -1 -1 -1 0.000000
146 -1 -1 -1 0.000000
148 -1 -1 -1 0.000000
149 -1 -1 -1 0.000000
152 -1 -1 -1 0.000000
153 -1 -1 -1 0.000000
154 -1 -1 -1 0.000000
156 -1 -1 -1 0.000000
158 -1 -1 -1 0.000000
159 -1 -1 -1 0.000000
160 -1 -1 -1 0.000000
163 -1 -1 -1 0.000000
166 -1 -1 -1 0.000000
169 -1 -1 -1 0.000000
170 -1 -1 -1 0.000000
171 -1 -1 -1 0.000000
172 -1 -1 -1 0.000000
173 -1 -1 -1 0.000000
177 -1 -1 -1 0.000000
179 -1 -1 -1 0.000000
181 -1 -1 -1 0.000000
182 -1 -1 -1 0.000000
183 -1 -1 -1 0.000000
186 -1 -1 -1 0.000000
187 -1 -1 -1 0.000000
188 -1 -1 -1 0.000000
191 -1 -1 -1 0.000000
193 -1 -1 -1 0.000000
195 -1 -1 -1 0.000000
196 -1 -1 -1 0.000000
199 -1 -1 -1 0.000000
200 -1 -1 -1 0.000000
201 -1 -1 -1 0.000000
203 -1 -1 -1 0.000000
204 -1 -1 -1 0.000000
205 -1 -1 -1 0.000000
206 -1 -1 -1 0.000000
207 -1 -1 -1 0.000000
211 -1 -1 -1 0.000000
212 -1 -1 -1 0.000000
213 -1 -1 -1 0.000000
214 -1 -1 -1 0.000000
215 -1 -1 -1 0.000000
218 -1 -1 -1 0.000000
219 -1 -1 -1 0.000000
221 -1 -1 -1 0.000000
222 -1 -1 -1 0.000000
223 -1 -1 -1 0.000000
226 -1 -1 -1 0.000000
228 -1 -1 -1 0.000000
229 -1 -1 -1 0.000000
230 -1 -1 -1 0.000000
231 -1 -1 -1 0.000000
232 -1 -1 -1 0.000000
233 -1 -1 -1 0.000000
237 -1 -1 -1 0.000000
238 -1 -1 -1 0.000000
242 -1 -1 -1 0.000000
243 -1 -1 -1 0.000000
244 -1 -1 -1 0.000000
245 -1 -1 -1 0.000000
246 -1 -1 -1 0.000000
247 -1 -1 -1 0.000000
248 -1 -1 -1 0.000000
249 -1 -1 -1 0.000000
250 -1 -1 -1 0.000000
252 -1 -1 -1 0.000000
253 -1 -1 -1 0.000000
254 -1 -1 -1 0.000000
255 -1 -1 -1 0.000000
256 -1 -1 -1 0.000000
258 -1 -1 -1 0.000000
262 -1 -1 -1 0.000000
264 -1 -1 -1 0.000000
265 -1 -1 -1 0.000000
267 -1 -1 -1 0.000000
268 -1 -1 -1 0.000000
269 -1 -1 -1 0.000000
272 -1 -1 -1 0.000000
273 -1 -1 -1 0.000000
274 -1 -1 -1 0.000000
275 -1 -1 -1 0.000000
278 -1 -1 -1 0.000000
280 -1 -1 -1 0.000000
281 -1 -1 -1 0.000000
283 -1 -1 -1 0.000000
286 -1 -1 -1 0.000000
288 -1 -1 -1 0.000000
289 -1 -1 -1 0.000000
290 -1 -1 -1 0.000000
291 -1 -1 -1 0.000000
292 -1 -1 -1 0.000000
293 -1 -1 -1 0.000000
295 -1 -1 -1 0.000000
298 -1 -1 -1 0.000000
299 -1 -1 -1 0.000000
300 -1 -1 -1 0.000000
302 -1 -1 -1 0.000000
303 -1 -1 -1 0.000000
304 -1 -1 -1 0.000000
306 -1 -1 -1 0.000000
308 -1 -1 -1 0.000000
309 -1 -1 -1 0.000000
311 -1 -1 -1 0.000000
312 -1 -1 -1 0.000000
314 -1 -1 -1 0.000000
315 -1 -1 -1 0.000000
317 -1 -1 -1 0.000000
320 -1 -1 -1 0.000000
321 -1 -1 -1 0.000000
322 -1 -1 -1 0.000000
324 -1 -1 -1 0.000000
325 -1 -1 -1 0.000000
329 -1 -1 -1 0.000000
330 -1 -1 -1 0.000000
331 -1 -1 -1 0.000000
332 -1 -1 -1 0.000000
333 -1 -1 -1 0.000000
334 -1 -1 -1 0.000000
337 -1 -1 -1 0.000000
338 -1 -1 -1 0.000000
339 -1 -1 -1 0.000000
340 -1 -1 -1 0.000000
341 -1 -1 -1 0.000000
343 -1 -1 -1 0.000000
344 -1 -1 -1 0.000000
351 -1 -1 -1 0.000000
352 -1 -1 -1 0.000000
355 -1 -1 -1 0.000000
356 -1 -1 -1 0.000000
358 -1 -1 -1 0.000000
359 -1 -1 -1 0.000000
360 -1 -1 -1 0.000000
361 -1 -1 -1 0.000000
362 -1 -1 -1 0.000000
363 -1 -1 -1 0.000000
366 -1 -1 -1 0.000000
368 -1 -1 -1 0.000000
369 -1 -1 -1 0.000000
370 -1 -1 -1 0.000000
372 -1 -1 -1 0.000000
374 -1 -1 -1 0.000000
378 -1 -1 -1 0.000000
380 -1 -1 -1 0.000000
381 -1 -1 -1 0.000000
382 -1 -1 -1 0.000000
384 -1 -1 -1 0.000000
385 -1 -1 -1 0.000000
386 -1 -1 -1 0.000000
387 -1 -1 -1 0.000000
389 -1 -1 -1 0.000000
393 -1 -1 -1 0.000000
396 -1 -1 -1 0.000000
397 -1 -1 -1 0.000000
398 -1 -1 -1 0.000000
399 -1 -1 -1 0.000000
400 -1 -1 -1 0.000000
401 -1 -1 -1 0.000000
402 -1 -1 -1 0.000000
403 -1 -1 -1 0.000000
407 -1 -1 -1 0.000000
409 -1 -1 -1 0.000000
410 -1 -1 -1 0.000000
411 -1 -1 -1 0.000000
412 -1 -1 -1 0.000000
413 -1 -1 -1 0.000000
414 -1 -1 -1 0.000000
