665 685 -1 -1 11.581549
489 499 -1 -1 24.857232
499 513 -1 -1 12.377985
489 513 -1 -1 23.403889
489 499 513 -1 25.116760
463 489 -1 -1 25.513387
463 499 -1 -1 21.030423
463 489 499 -1 27.725449
499 540 -1 -1 29.837162
499 503 -1 -1 22.213074
503 540 -1 -1 20.837153
499 503 540 -1 29.861479
658 665 -1 -1 15.258656
658 685 -1 -1 18.792167
658 665 685 -1 18.806535
496 499 -1 -1 11.929320
463 496 -1 -1 19.511277
463 496 499 -1 21.353903
437 496 -1 -1 20.119816
437 463 -1 -1 17.507841
437 463 496 -1 22.095898
496 503 -1 -1 13.179260
496 499 503 -1 26.905009
428 437 -1 -1 20.782677
428 463 -1 -1 17.892070
428 437 463 -1 21.865728
365 387 -1 -1 20.906840
347 365 -1 -1 24.024899
347 387 -1 -1 20.957642
347 365 387 -1 25.560051
307 348 -1 -1 19.387907
307 337 -1 -1 24.813583
337 348 -1 -1 14.235449
307 337 348 -1 24.870048
348 376 -1 -1 20.629191
337 376 -1 -1 20.668559
337 348 376 -1 21.997096
598 604 -1 -1 15.468832
598 659 -1 -1 27.699536
604 659 -1 -1 23.193355
598 604 659 -1 27.702201
360 392 -1 -1 20.579592
386 392 -1 -1 11.118130
360 386 -1 -1 16.821761
360 386 392 -1 20.600716
569 594 -1 -1 17.355141
569 619 -1 -1 19.849327
594 619 -1 -1 15.969246
569 594 619 -1 20.758209
517 543 -1 -1 15.136194
517 556 -1 -1 21.645270
543 556 -1 -1 17.620741
517 543 556 -1 21.840022
472 517 -1 -1 18.741456
472 478 -1 -1 13.346303
478 517 -1 -1 18.164200
472 478 517 -1 19.806057
549 577 -1 -1 15.373053
538 577 -1 -1 19.588468
538 549 -1 -1 15.381804
538 549 577 -1 19.946656
549 594 -1 -1 19.190081
577 594 -1 -1 13.608687
549 577 594 -1 19.347510
537 549 -1 -1 10.748925
537 569 -1 -1 19.453517
549 569 -1 -1 21.042561
537 549 569 -1 21.201986
549 569 594 -1 22.378149
569 625 -1 -1 17.411124
619 625 -1 -1 10.024755
569 619 625 -1 19.856911
613 625 -1 -1 10.441004
569 613 -1 -1 20.070339
569 613 625 -1 20.076969
562 613 -1 -1 20.570846
562 569 -1 -1 15.717808
562 569 613 -1 22.043071
323 360 -1 -1 18.211188
323 328 -1 -1 23.368669
328 360 -1 -1 17.908887
323 328 360 -1 23.685185
352 360 -1 -1 16.200179
323 352 -1 -1 17.941027
323 352 360 -1 20.221534
323 327 -1 -1 22.292118
327 352 -1 -1 20.719295
323 327 352 -1 23.722232
303 307 -1 -1 11.599907
271 303 -1 -1 21.052367
271 307 -1 -1 22.816854
271 303 307 -1 22.974686
291 303 -1 -1 14.523293
271 291 -1 -1 24.873289
271 291 303 -1 24.915186
332 365 -1 -1 12.541478
332 347 -1 -1 16.779166
332 347 365 -1 25.438987
261 291 -1 -1 19.624770
261 271 -1 -1 17.492720
261 271 291 -1 25.012925
693 698 -1 -1 19.152733
682 698 -1 -1 21.020427
668 698 -1 -1 19.358732
668 682 -1 -1 15.295998
668 682 698 -1 21.908091
639 668 -1 -1 11.644825
639 682 -1 -1 20.714184
639 668 682 -1 21.009382
398 428 -1 -1 22.183998
385 428 -1 -1 17.019194
385 398 -1 -1 8.377711
385 398 428 -1 25.041720
352 385 -1 -1 19.010658
352 398 -1 -1 17.579771
352 385 398 -1 19.045580
360 398 -1 -1 18.766068
352 360 398 -1 20.334026
386 398 -1 -1 12.200128
360 386 398 -1 19.129698
387 399 -1 -1 16.218998
347 399 -1 -1 21.731706
347 387 399 -1 23.093680
399 431 -1 -1 15.083400
387 431 -1 -1 21.394529
387 399 431 -1 21.442882
366 376 -1 -1 15.785177
337 366 -1 -1 17.903562
337 366 376 -1 21.358691
327 366 -1 -1 20.701535
352 366 -1 -1 15.379518
327 352 366 -1 22.304931
327 337 -1 -1 14.555141
327 337 366 -1 21.125050
366 385 -1 -1 18.524598
352 366 385 -1 20.580758
395 414 -1 -1 23.442193
376 395 -1 -1 16.059745
376 414 -1 -1 22.936582
376 395 414 -1 24.727962
457 489 -1 -1 15.585871
457 463 -1 -1 17.731546
457 463 489 -1 25.887321
428 457 -1 -1 24.709887
428 457 463 -1 24.727517
414 457 -1 -1 18.262210
414 428 -1 -1 16.612383
414 428 457 -1 24.709928
453 479 -1 -1 14.891704
453 492 -1 -1 21.273100
479 492 -1 -1 16.148561
453 479 492 -1 21.314589
478 479 -1 -1 9.842560
453 478 -1 -1 18.732053
453 478 479 -1 18.846457
479 523 -1 -1 20.986784
492 523 -1 -1 14.998312
479 492 523 -1 21.079079
479 517 -1 -1 21.466643
478 479 517 -1 21.564368
435 472 -1 -1 18.684345
435 478 -1 -1 20.036662
435 472 478 -1 20.705757
683 691 -1 -1 20.029939
683 705 -1 -1 15.470242
659 683 -1 -1 14.691394
659 691 -1 -1 23.966763
659 683 691 -1 24.029884
667 683 -1 -1 19.927936
659 667 -1 -1 25.430326
659 667 683 -1 25.472654
667 705 -1 -1 20.528713
667 683 705 -1 21.903803
540 574 -1 -1 25.785308
574 598 -1 -1 21.343638
540 598 -1 -1 23.060969
540 574 598 -1 27.291180
574 607 -1 -1 15.500068
598 607 -1 -1 18.258309
574 598 607 -1 21.823715
540 592 -1 -1 16.306432
592 598 -1 -1 16.455628
540 592 598 -1 23.061922
592 604 -1 -1 13.774368
592 598 604 -1 17.722597
489 532 -1 -1 18.326662
513 532 -1 -1 14.509690
489 513 532 -1 23.403964
532 571 -1 -1 19.331817
513 571 -1 -1 21.863715
513 532 571 -1 22.266551
552 571 -1 -1 13.069262
532 552 -1 -1 13.666848
532 552 571 -1 19.351556
292 355 -1 -1 27.400841
353 355 -1 -1 22.473219
328 353 -1 -1 9.018349
328 355 -1 -1 21.269125
328 353 355 -1 22.536202
353 392 -1 -1 17.663618
355 392 -1 -1 26.595002
353 355 392 -1 26.852841
353 360 -1 -1 11.569482
328 353 360 -1 20.760079
353 360 392 -1 20.610393
594 621 -1 -1 18.655357
577 621 -1 -1 20.629905
577 594 621 -1 21.109578
517 525 -1 -1 13.454769
525 543 -1 -1 12.581179
517 525 543 -1 16.008183
504 525 -1 -1 11.482983
485 504 -1 -1 13.684469
485 525 -1 -1 15.411219
485 504 525 -1 15.958778
472 525 -1 -1 16.885137
472 485 -1 -1 12.096472
472 485 525 -1 17.510108
472 517 525 -1 19.371004
677 688 -1 -1 16.437270
677 687 -1 -1 17.187843
625 650 -1 -1 12.110750
613 650 -1 -1 18.123116
613 625 650 -1 18.923274
619 650 -1 -1 13.776858
619 625 650 -1 14.178199
537 546 -1 -1 15.458870
546 569 -1 -1 20.120931
537 546 569 -1 21.508971
546 562 -1 -1 13.939131
546 562 569 -1 20.191090
543 546 -1 -1 14.501058
543 562 -1 -1 15.088039
543 546 562 -1 16.780531
525 546 -1 -1 17.687475
525 543 546 -1 17.897385
504 546 -1 -1 14.908151
504 525 546 -1 17.817356
290 307 -1 -1 11.831257
290 337 -1 -1 23.090403
290 307 337 -1 24.951810
290 327 -1 -1 26.116777
290 327 337 -1 26.232004
285 290 -1 -1 12.501970
285 327 -1 -1 22.705891
285 290 327 -1 26.121018
271 290 -1 -1 23.648933
271 290 307 -1 24.076653
284 327 -1 -1 19.724029
284 285 -1 -1 18.741607
284 285 327 -1 23.833624
284 323 -1 -1 23.354566
284 323 327 -1 25.331024
303 339 -1 -1 16.106281
291 339 -1 -1 24.140572
291 303 339 -1 24.869393
332 339 -1 -1 24.167341
339 347 -1 -1 12.309986
332 339 347 -1 25.963611
291 332 -1 -1 23.945050
291 332 339 -1 27.810878
339 348 -1 -1 17.812519
307 339 -1 -1 19.204183
307 339 348 -1 21.752255
303 307 339 -1 19.247898
293 330 -1 -1 18.003658
329 330 -1 -1 11.885949
293 329 -1 -1 22.422539
293 329 330 -1 22.508475
330 332 -1 -1 17.648929
330 365 -1 -1 17.223971
330 332 365 -1 18.694673
261 300 -1 -1 22.784880
291 300 -1 -1 11.062484
261 291 300 -1 22.793073
300 332 -1 -1 21.860220
291 300 332 -1 23.982123
293 300 -1 -1 12.594152
300 330 -1 -1 22.278765
300 330 332 -1 24.082668
293 300 330 -1 22.288789
562 581 -1 -1 13.523823
581 613 -1 -1 16.890757
562 581 613 -1 20.671512
581 626 -1 -1 16.880194
613 626 -1 -1 12.388847
581 613 626 -1 18.150957
543 581 -1 -1 21.057340
556 581 -1 -1 14.616133
543 556 581 -1 21.320698
543 562 581 -1 21.125974
658 704 -1 -1 21.387232
685 704 -1 -1 15.168711
658 685 704 -1 21.927930
366 408 -1 -1 18.401383
385 408 -1 -1 11.047729
366 385 408 -1 19.350275
376 408 -1 -1 19.845472
366 376 408 -1 21.053299
408 414 -1 -1 14.594858
376 408 414 -1 23.162817
408 428 -1 -1 13.932976
385 408 428 -1 17.082730
408 414 428 -1 17.550184
399 432 -1 -1 22.919618
431 432 -1 -1 18.572404
399 431 432 -1 23.001157
389 399 -1 -1 9.718858
389 432 -1 -1 22.092966
389 399 432 -1 23.126019
395 432 -1 -1 17.823074
389 395 -1 -1 10.495691
389 395 432 -1 22.385412
479 529 -1 -1 23.354089
523 529 -1 -1 12.581432
479 523 529 -1 23.474068
517 529 -1 -1 16.196245
479 517 529 -1 24.156392
529 556 -1 -1 16.469042
517 529 556 -1 21.807903
429 453 -1 -1 17.541664
429 478 -1 -1 24.654253
429 453 478 -1 24.728148
429 435 -1 -1 12.939403
429 435 478 -1 24.724056
429 431 -1 -1 16.883831
431 453 -1 -1 14.341800
429 431 453 -1 18.947110
387 429 -1 -1 17.813693
387 429 431 -1 22.041450
387 388 -1 -1 14.808039
365 388 -1 -1 16.210301
365 387 388 -1 20.999111
388 429 -1 -1 19.891565
387 388 429 -1 20.641685
441 472 -1 -1 20.467892
441 485 -1 -1 18.006768
441 472 485 -1 20.613193
435 441 -1 -1 17.107296
435 441 472 -1 21.837436
531 549 -1 -1 16.399457
531 538 -1 -1 17.108594
531 538 549 -1 18.870025
531 537 -1 -1 13.258879
531 537 549 -1 16.450310
604 630 -1 -1 14.988434
615 630 -1 -1 21.994203
604 615 -1 -1 25.845101
604 615 630 -1 25.893828
630 659 -1 -1 20.415298
604 630 659 -1 23.532372
630 667 -1 -1 18.452559
630 659 667 -1 25.708730
666 667 -1 -1 14.284267
666 688 -1 -1 16.317668
644 691 -1 -1 22.800824
644 659 -1 -1 13.140909
644 659 691 -1 24.446683
598 644 -1 -1 24.876787
598 644 659 -1 27.718647
640 644 -1 -1 13.065391
607 644 -1 -1 23.146945
598 607 644 -1 26.044855
607 640 -1 -1 16.420406
607 640 644 -1 23.741797
539 574 -1 -1 16.998110
539 540 -1 -1 17.813007
539 540 574 -1 25.907069
503 539 -1 -1 22.140854
503 539 540 -1 23.654341
494 539 -1 -1 19.408968
573 604 -1 -1 22.337302
573 615 -1 -1 13.827287
573 604 615 -1 25.861777
573 592 -1 -1 17.589865
573 592 604 -1 22.337304
571 573 -1 -1 14.058233
571 615 -1 -1 17.492582
571 573 615 -1 17.903718
513 573 -1 -1 25.623438
513 571 573 -1 25.635809
571 572 -1 -1 19.940652
552 572 -1 -1 11.032214
552 571 572 -1 21.414005
493 535 -1 -1 17.217177
489 493 -1 -1 16.527295
489 535 -1 -1 24.641788
489 493 535 -1 24.695847
532 535 -1 -1 19.033772
489 532 535 -1 24.853814
492 535 -1 -1 22.726120
492 493 -1 -1 15.734203
492 493 535 -1 22.755493
535 552 -1 -1 18.319773
532 535 552 -1 20.088351
523 535 -1 -1 21.510683
492 523 535 -1 23.570736
535 547 -1 -1 11.022973
523 547 -1 -1 17.583195
523 535 547 -1 21.584516
535 572 -1 -1 20.490426
535 552 572 -1 20.579016
547 572 -1 -1 17.259091
535 547 572 -1 20.490442
462 494 -1 -1 19.894505
488 496 -1 -1 21.552116
488 503 -1 -1 11.608152
488 496 503 -1 25.055805
437 488 -1 -1 25.574684
437 488 496 -1 26.400675
462 488 -1 -1 22.730821
488 494 -1 -1 18.009262
462 488 494 -1 23.706243
488 539 -1 -1 22.466017
488 503 539 -1 23.107138
488 494 539 -1 23.407976
621 665 -1 -1 16.540078
594 631 -1 -1 18.950856
619 631 -1 -1 15.330070
594 619 631 -1 19.666657
621 631 -1 -1 11.412159
594 621 631 -1 19.739095
631 658 -1 -1 15.227274
619 658 -1 -1 23.082495
619 631 658 -1 23.316086
631 665 -1 -1 15.025807
631 658 665 -1 17.518673
621 631 665 -1 17.039686
577 585 -1 -1 9.923143
636 682 -1 -1 21.645772
636 639 -1 -1 8.743192
636 639 682 -1 21.759478
637 672 -1 -1 16.568296
637 687 -1 -1 23.569190
672 687 -1 -1 18.259310
637 672 687 -1 23.658093
636 672 -1 -1 16.898638
672 682 -1 -1 12.494814
636 672 682 -1 21.689675
636 637 -1 -1 16.483842
636 637 672 -1 19.229468
648 677 -1 -1 17.036131
648 687 -1 -1 20.028994
648 677 687 -1 21.103557
637 648 -1 -1 14.195382
637 648 687 -1 23.650677
626 653 -1 -1 17.988997
613 653 -1 -1 19.931920
613 626 653 -1 20.259301
650 653 -1 -1 13.950044
613 650 653 -1 20.578677
653 668 -1 -1 12.829812
639 653 -1 -1 18.037344
639 653 668 -1 18.101526
626 639 -1 -1 14.020723
626 639 653 -1 19.554919
653 698 -1 -1 23.580437
653 668 698 -1 23.593730
312 323 -1 -1 30.723211
312 328 -1 -1 13.367171
312 323 328 -1 32.807712
292 312 -1 -1 18.521377
312 355 -1 -1 22.993048
292 312 355 -1 27.681207
312 328 355 -1 23.375036
281 284 -1 -1 16.604802
281 323 -1 -1 18.978701
281 284 323 -1 23.598972
281 312 -1 -1 32.239779
281 312 323 -1 33.103845
339 372 -1 -1 13.735302
347 372 -1 -1 15.761762
339 347 372 -1 16.376194
372 399 -1 -1 20.115502
347 372 399 -1 22.672831
372 389 -1 -1 13.817326
372 389 399 -1 22.450148
348 372 -1 -1 13.888872
339 348 372 -1 18.070777
372 395 -1 -1 19.830753
372 389 395 -1 20.915151
372 376 -1 -1 23.779347
348 372 376 -1 23.881741
372 376 395 -1 23.997638
456 493 -1 -1 20.477149
456 492 -1 -1 19.459301
456 492 493 -1 21.756866
453 456 -1 -1 15.924411
453 456 492 -1 22.228068
431 456 -1 -1 17.318377
431 453 456 -1 18.479334
432 456 -1 -1 13.626392
431 432 456 -1 19.456689
436 457 -1 -1 17.830705
414 436 -1 -1 11.446030
414 436 457 -1 19.039472
395 436 -1 -1 18.009844
395 414 436 -1 24.078725
432 436 -1 -1 12.454686
395 432 436 -1 19.109430
476 504 -1 -1 16.844294
476 485 -1 -1 13.621723
476 485 504 -1 17.346826
441 476 -1 -1 20.599792
441 476 485 -1 20.919547
434 476 -1 -1 19.261679
434 441 -1 -1 13.350719
434 441 476 -1 21.235514
370 391 -1 -1 20.732260
361 370 -1 -1 9.492070
361 391 -1 -1 17.403784
361 370 391 -1 20.862323
289 293 -1 -1 12.300161
289 329 -1 -1 20.305271
289 293 329 -1 22.590660
297 322 -1 -1 19.595596
322 334 -1 -1 11.515785
297 334 -1 -1 23.267321
297 322 334 -1 23.302436
322 370 -1 -1 18.622458
334 370 -1 -1 18.641760
322 334 370 -1 19.591073
322 361 -1 -1 19.629531
322 329 -1 -1 17.184938
329 361 -1 -1 14.455901
322 329 361 -1 20.217757
322 361 370 -1 19.841823
297 311 -1 -1 15.612350
311 334 -1 -1 20.780827
297 311 334 -1 23.781656
279 311 -1 -1 16.417769
287 311 -1 -1 16.890225
279 287 -1 -1 13.424628
279 287 311 -1 18.205125
279 297 -1 -1 16.215467
279 297 311 -1 18.581903
446 476 -1 -1 17.362280
476 491 -1 -1 14.354985
446 491 -1 -1 20.042935
446 476 491 -1 20.510205
434 446 -1 -1 13.857410
434 446 476 -1 19.917517
407 446 -1 -1 19.340193
407 434 -1 -1 17.621582
407 434 446 -1 20.046602
416 446 -1 -1 17.675323
407 416 -1 -1 14.585066
407 416 446 -1 20.228323
519 531 -1 -1 12.707288
491 531 -1 -1 13.158301
491 519 -1 -1 14.459633
491 519 531 -1 15.600547
476 519 -1 -1 18.598436
504 519 -1 -1 11.566144
476 504 519 -1 18.920657
476 491 519 -1 18.862689
519 537 -1 -1 13.307765
519 531 537 -1 15.125907
519 546 -1 -1 15.579667
519 537 546 -1 17.178739
504 519 546 -1 16.495364
370 377 -1 -1 12.679889
334 377 -1 -1 18.752625
334 370 377 -1 19.875239
630 643 -1 -1 15.383554
615 643 -1 -1 13.505988
615 630 643 -1 22.265576
643 667 -1 -1 20.591123
630 643 667 -1 21.383929
643 666 -1 -1 19.315623
643 666 667 -1 21.432996
648 654 -1 -1 20.707023
632 648 -1 -1 13.709829
632 654 -1 -1 13.178276
632 648 654 -1 21.074160
654 677 -1 -1 17.438803
648 654 677 -1 21.560915
643 654 -1 -1 18.966746
654 666 -1 -1 18.742419
643 654 666 -1 21.953979
654 688 -1 -1 24.379509
654 677 688 -1 24.394455
654 666 688 -1 24.397040
561 573 -1 -1 14.600103
513 561 -1 -1 21.518256
513 561 573 -1 25.635962
561 592 -1 -1 11.537194
561 573 592 -1 17.696144
540 561 -1 -1 15.330041
540 561 592 -1 17.033088
499 561 -1 -1 26.359064
499 513 561 -1 26.650389
499 540 561 -1 29.872962
384 421 -1 -1 15.767550
392 421 -1 -1 18.285849
384 392 -1 -1 14.715061
384 392 421 -1 19.058339
355 384 -1 -1 20.570975
355 384 392 -1 26.762343
421 462 -1 -1 20.568643
415 421 -1 -1 14.631539
415 462 -1 -1 24.703033
415 421 462 -1 24.727761
415 488 -1 -1 26.455667
415 437 -1 -1 14.562076
415 437 488 -1 27.140069
415 462 488 -1 28.604221
398 415 -1 -1 30.062161
386 415 -1 -1 24.065773
386 398 415 -1 31.506036
392 415 -1 -1 24.914511
386 392 415 -1 25.212572
392 415 421 -1 25.144956
415 428 -1 -1 29.383148
415 428 437 -1 31.527149
398 415 428 -1 32.047926
611 621 -1 -1 12.267965
577 611 -1 -1 18.825671
577 611 621 -1 20.940946
585 611 -1 -1 14.256972
577 585 611 -1 19.160639
612 626 -1 -1 14.400934
612 639 -1 -1 18.738938
612 626 639 -1 18.901322
612 636 -1 -1 17.376874
612 636 639 -1 18.814757
581 612 -1 -1 16.256844
581 612 626 -1 18.407336
556 612 -1 -1 19.848309
556 581 612 -1 20.165534
676 698 -1 -1 21.535153
676 693 -1 -1 17.946447
676 693 698 -1 22.792116
653 676 -1 -1 11.744996
653 676 698 -1 23.677131
650 676 -1 -1 11.859976
650 653 676 -1 14.630964
436 470 -1 -1 17.211385
457 470 -1 -1 14.733532
436 457 470 -1 19.321928
432 470 -1 -1 16.370478
432 436 470 -1 18.110365
456 470 -1 -1 15.403770
432 456 470 -1 17.614503
470 493 -1 -1 15.482131
456 470 493 -1 20.628431
470 489 -1 -1 17.777129
470 489 493 -1 19.258429
457 470 489 -1 18.720726
367 391 -1 -1 12.447746
361 367 -1 -1 13.198243
361 367 391 -1 17.459583
330 367 -1 -1 17.187399
365 367 -1 -1 11.963812
330 365 367 -1 18.350508
367 388 -1 -1 18.140111
365 367 388 -1 18.506935
388 391 -1 -1 15.873270
367 388 391 -1 18.502646
329 367 -1 -1 19.592348
329 361 367 -1 19.592381
329 330 367 -1 19.758166
418 441 -1 -1 16.076946
418 434 -1 -1 22.573450
418 434 441 -1 22.905700
391 418 -1 -1 13.485844
388 418 -1 -1 14.373720
388 391 418 -1 16.959440
418 435 -1 -1 16.551128
418 435 441 -1 19.161903
418 429 -1 -1 22.534744
418 429 435 -1 22.810899
388 418 429 -1 22.848662
306 322 -1 -1 14.551925
297 306 -1 -1 17.216016
297 306 322 -1 20.226451
289 306 -1 -1 14.205456
306 329 -1 -1 16.547693
289 306 329 -1 20.491966
306 322 329 -1 18.706641
311 318 -1 -1 16.548071
287 318 -1 -1 18.072555
287 311 318 -1 19.873050
318 346 -1 -1 16.031085
311 346 -1 -1 19.930238
311 318 346 -1 20.594026
446 461 -1 -1 16.018778
416 461 -1 -1 21.335082
416 446 461 -1 21.779669
461 491 -1 -1 16.829338
446 461 491 -1 20.734706
614 643 -1 -1 17.319749
614 615 -1 -1 12.758067
614 615 643 -1 17.470714
614 654 -1 -1 16.561239
614 643 654 -1 20.450230
614 632 -1 -1 15.885697
614 632 654 -1 17.769379
571 614 -1 -1 21.102451
571 614 615 -1 21.131624
572 614 -1 -1 22.815246
571 572 614 -1 24.699571
591 614 -1 -1 21.429889
591 632 -1 -1 16.290996
591 614 632 -1 21.568149
572 591 -1 -1 13.258727
572 591 614 -1 23.292959
568 572 -1 -1 23.134611
547 568 -1 -1 12.575909
547 568 572 -1 23.529341
568 591 -1 -1 22.165683
568 572 591 -1 23.740087
523 568 -1 -1 18.720653
523 547 568 -1 19.410556
529 568 -1 -1 20.679178
523 529 568 -1 20.992842
669 676 -1 -1 11.765523
650 669 -1 -1 15.239938
650 669 676 -1 15.459148
658 669 -1 -1 10.799123
619 669 -1 -1 22.721892
619 658 669 -1 23.578226
619 650 669 -1 23.316497
669 693 -1 -1 16.836489
669 676 693 -1 18.544723
394 418 -1 -1 17.950285
394 434 -1 -1 18.049700
394 418 434 -1 23.106981
391 394 -1 -1 12.786103
391 394 418 -1 17.990829
394 407 -1 -1 15.949859
394 407 434 -1 19.944284
370 394 -1 -1 18.358378
370 391 394 -1 20.971352
377 394 -1 -1 19.952658
377 407 -1 -1 16.143841
377 394 407 -1 20.487600
370 377 394 -1 20.426542
377 379 -1 -1 14.095385
379 407 -1 -1 20.474729
377 379 407 -1 20.554629
379 416 -1 -1 20.767849
403 416 -1 -1 14.407050
379 403 -1 -1 15.353639
379 403 416 -1 20.775485
379 407 416 -1 22.049205
270 297 -1 -1 17.255532
270 306 -1 -1 17.284855
270 297 306 -1 19.921129
270 289 -1 -1 19.397513
270 289 306 -1 20.050413
443 475 -1 -1 12.879028
416 443 -1 -1 16.758550
403 443 -1 -1 18.180808
403 416 443 -1 19.237984
443 461 -1 -1 17.458121
416 443 461 -1 21.885876
461 475 -1 -1 14.146376
443 461 475 -1 17.709721
461 500 -1 -1 17.057033
475 500 -1 -1 14.614587
461 475 500 -1 17.862470
500 538 -1 -1 18.051231
579 612 -1 -1 17.692042
556 579 -1 -1 16.231776
556 579 612 -1 20.933502
529 579 -1 -1 20.081981
529 556 579 -1 20.717570
568 579 -1 -1 12.688354
529 568 579 -1 21.465282
273 281 -1 -1 14.090105
273 312 -1 -1 27.328722
273 281 312 -1 32.482720
343 377 -1 -1 18.520948
334 343 -1 -1 10.653742
334 343 377 -1 19.451979
343 379 -1 -1 16.045898
343 377 379 -1 19.128789
311 343 -1 -1 21.286816
311 334 343 -1 21.764042
343 346 -1 -1 9.992250
311 343 346 -1 21.417491
346 373 -1 -1 14.677120
343 373 -1 -1 19.105373
343 346 373 -1 19.386293
373 379 -1 -1 14.432124
343 373 379 -1 19.574026
373 403 -1 -1 17.094531
373 379 403 -1 18.195184
461 512 -1 -1 20.252982
491 512 -1 -1 12.599708
461 491 512 -1 20.310147
500 512 -1 -1 13.322938
461 500 512 -1 20.421452
512 531 -1 -1 6.891655
491 512 531 -1 13.404118
512 538 -1 -1 15.506854
512 531 538 -1 17.112814
500 512 538 -1 18.517258
568 601 -1 -1 17.581245
591 601 -1 -1 12.629396
568 591 601 -1 22.194738
579 601 -1 -1 18.450976
568 579 601 -1 19.283197
601 648 -1 -1 23.542929
601 637 -1 -1 19.730697
601 637 648 -1 23.593177
601 632 -1 -1 23.017356
601 632 648 -1 24.374941
591 601 632 -1 23.803832
579 618 -1 -1 16.875674
612 618 -1 -1 13.931717
579 612 618 -1 18.907535
601 618 -1 -1 14.503600
579 601 618 -1 19.447721
618 637 -1 -1 15.555128
601 618 637 -1 19.925981
618 636 -1 -1 15.345384
618 636 637 -1 18.266971
612 618 636 -1 18.206748
261 -1 -1 -1 0.000000
270 -1 -1 -1 0.000000
271 -1 -1 -1 0.000000
273 -1 -1 -1 0.000000
279 -1 -1 -1 0.000000
281 -1 -1 -1 0.000000
284 -1 -1 -1 0.000000
285 -1 -1 -1 0.000000
287 -1 -1 -1 0.000000
289 -1 -1 -1 0.000000
290 -1 -1 -1 0.000000
291 -1 -1 -1 0.000000
292 -1 -1 -1 0.000000
293 -1 -1 -1 0.000000
297 -1 -1 -1 0.000000
300 -1 -1 -1 0.000000
303 -1 -1 -1 0.000000
306 -1 -1 -1 0.000000
307 -1 -1 -1 0.000000
311 -1 -1 -1 0.000000
312 -1 -1 -1 0.000000
318 -1 -1 -1 0.000000
322 -1 -1 -1 0.000000
323 -1 -1 -1 0.000000
327 -1 -1 -1 0.000000
328 -1 -1 -1 0.000000
329 -1 -1 -1 0.000000
330 -1 -1 -1 0.000000
332 -1 -1 -1 0.000000
334 -1 -1 -1 0.000000
337 -1 -1 -1 0.000000
339 -1 -1 -1 0.000000
343 -1 -1 -1 0.000000
346 -1 -1 -1 0.000000
347 -1 -1 -1 0.000000
348 -1 -1 -1 0.000000
352 -1 -1 -1 0.000000
353 -1 -1 -1 0.000000
355 -1 -1 -1 0.000000
360 -1 -1 -1 0.000000
361 -1 -1 -1 0.000000
365 -1 -1 -1 0.000000
366 -1 -1 -1 0.000000
367 -1 -1 -1 0.000000
370 -1 -1 -1 0.000000
372 -1 -1 -1 0.000000
373 -1 -1 -1 0.000000
376 -1 -1 -1 0.000000
377 -1 -1 -1 0.000000
379 -1 -1 -1 0.000000
384 -1 -1 -1 0.000000
385 -1 -1 -1 0.000000
386 -1 -1 -1 0.000000
387 -1 -1 -1 0.000000
388 -1 -1 -1 0.000000
389 -1 -1 -1 0.000000
391 -1 -1 -1 0.000000
392 -1 -1 -1 0.000000
394 -1 -1 -1 0.000000
395 -1 -1 -1 0.000000
398 -1 -1 -1 0.000000
399 -1 -1 -1 0.000000
403 -1 -1 -1 0.000000
407 -1 -1 -1 0.000000
408 -1 -1 -1 0.000000
414 -1 -1 -1 0.000000
415 -1 -1 -1 0.000000
416 -1 -1 -1 0.000000
418 -1 -1 -1 0.000000
421 -1 -1 -1 0.000000
428 -1 -1 -1 0.000000
429 -1 -1 -1 0.000000
431 -1 -1 -1 0.000000
432 -1 -1 -1 0.000000
434 -1 -1 -1 0.000000
435 -1 -1 -1 0.000000
436 -1 -1 -1 0.000000
437 -1 -1 -1 0.000000
441 -1 -1 -1 0.000000
443 -1 -1 -1 0.000000
446 -1 -1 -1 0.000000
453 -1 -1 -1 0.000000
456 -1 -1 -1 0.000000
457 -1 -1 -1 0.000000
461 -1 -1 -1 0.000000
462 -1 -1 -1 0.000000
463 -1 -1 -1 0.000000
470 -1 -1 -1 0.000000
472 -1 -1 -1 0.000000
475 -1 -1 -1 0.000000
476 -1 -1 -1 0.000000
478 -1 -1 -1 0.000000
479 -1 -1 -1 0.000000
485 -1 -1 -1 0.000000
488 -1 -1 -1 0.000000
489 -1 -1 -1 0.000000
491 -1 -1 -1 0.000000
492 -1 -1 -1 0.000000
493 -1 -1 -1 0.000000
494 -1 -1 -1 0.000000
496 -1 -1 -1 0.000000
499 -1 -1 -1 0.000000
500 -1 -1 -1 0.000000
503 -1 -1 -1 0.000000
504 -1 -1 -1 0.000000
512 -1 -1 -1 0.000000
513 -1 -1 -1 0.000000
517 -1 -1 -1 0.000000
519 -1 -1 -1 0.000000
523 -1 -1 -1 0.000000
525 -1 -1 -1 0.000000
529 -1 -1 -1 0.000000
531 -1 -1 -1 0.000000
532 -1 -1 -1 0.000000
535 -1 -1 -1 0.000000
537 -1 -1 -1 0.000000
538 -1 -1 -1 0.000000
539 -1 -1 -1 0.000000
540 -1 -1 -1 0.000000
543 -1 -1 -1 0.000000
546 -1 -1 -1 0.000000
547 -1 -1 -1 0.000000
549 -1 -1 -1 0.000000
552 -1 -1 -1 0.000000
556 -1 -1 -1 0.000000
561 -1 -1 -1 0.000000
562 -1 -1 -1 0.000000
568 -1 -1 -1 0.000000
569 -1 -1 -1 0.000000
571 -1 -1 -1 0.000000
572 -1 -1 -1 0.000000
573 -1 -1 -1 0.000000
574 -1 -1 -1 0.000000
577 -1 -1 -1 0.000000
579 -1 -1 -1 0.000000
581 -1 -1 -1 0.000000
585 -1 -1 -1 0.000000
591 -1 -1 -1 0.000000
592 -1 -1 -1 0.000000
594 -1 -1 -1 0.000000
598 -1 -1 -1 0.000000
601 -1 -1 -1 0.000000
604 -1 -1 -1 0.000000
607 -1 -1 -1 0.000000
611 -1 -1 -1 0.000000
612 -1 -1 -1 0.000000
613 -1 -1 -1 0.000000
614 -1 -1 -1 0.000000
615 -1 -1 -1 0.000000
618 -1 -1 -1 0.000000
619 -1 -1 -1 0.000000
621 -1 -1 -1 0.000000
625 -1 -1 -1 0.000000
626 -1 -1 -1 0.000000
630 -1 -1 -1 0.000000
631 -1 -1 -1 0.000000
632 -1 -1 -1 0.000000
636 -1 -1 -1 0.000000
637 -1 -1 -1 0.000000
639 -1 -1 -1 0.000000
640 -1 -1 -1 0.000000
643 -1 -1 -1 0.000000
644 -1 -1 -1 0.000000
648 -1 -1 -1 0.000000
650 -1 -1 -1 0.000000
653 -1 -1 -1 0.000000
654 -1 -1 -1 0.000000
658 -1 -1 -1 0.000000
659 -1 -1 -1 0.000000
665 -1 -1 -1 0.000000
666 -1 -1 -1 0.000000
667 -1 -1 -1 0.000000
668 -1 -1 -1 0.000000
669 -1 -1 -1 0.000000
672 -1 -1 -1 0.000000
676 -1 -1 -1 0.000000
677 -1 -1 -1 0.000000
682 -1 -1 -1 0.000000
683 -1 -1 -1 0.000000
685 -1 -1 -1 0.000000
687 -1 -1 -1 0.000000
688 -1 -1 -1 0.000000
691 -1 -1 -1 0.000000
693 -1 -1 -1 0.000000
698 -1 -1 -1 0.000000
704 -1 -1 -1 0.000000
705 -1 -1 -1 0.000000
