639 657 -1 -1 11.452659
638 657 -1 -1 25.708363
638 639 -1 -1 23.826733
638 639 657 -1 25.770765
565 585 -1 -1 19.258570
554 565 -1 -1 16.090130
554 585 -1 -1 18.143169
554 565 585 -1 20.747282
368 398 -1 -1 18.553739
383 398 -1 -1 28.791788
368 383 -1 -1 23.553616
368 383 398 -1 28.884702
398 408 -1 -1 18.081557
383 408 -1 -1 22.070830
383 398 408 -1 28.796809
441 454 -1 -1 10.118659
420 454 -1 -1 15.237423
420 441 -1 -1 13.313543
420 441 454 -1 15.479454
639 655 -1 -1 22.891524
624 639 -1 -1 23.007682
624 655 -1 -1 20.380291
624 639 655 -1 25.613205
655 657 -1 -1 15.756680
639 655 657 -1 24.983986
377 398 -1 -1 21.931957
368 377 -1 -1 19.782559
368 377 398 -1 23.383146
448 473 -1 -1 23.587201
473 477 -1 -1 19.163308
448 477 -1 -1 18.056555
448 473 477 -1 24.062826
602 639 -1 -1 27.452361
602 638 -1 -1 22.175318
602 638 639 -1 28.679680
602 617 -1 -1 22.370647
617 638 -1 -1 24.448856
602 617 638 -1 26.645092
508 540 -1 -1 18.527429
512 540 -1 -1 20.981442
508 512 -1 -1 10.666235
508 512 540 -1 21.000452
537 565 -1 -1 21.026197
537 554 -1 -1 12.323081
537 554 565 -1 21.092211
513 537 -1 -1 12.566721
512 513 -1 -1 13.247370
512 537 -1 -1 18.375524
512 513 537 -1 18.377018
537 540 -1 -1 20.324224
540 554 -1 -1 17.604751
537 540 554 -1 20.453530
512 537 540 -1 23.069339
345 376 -1 -1 21.623388
427 448 -1 -1 16.130670
408 427 -1 -1 13.791951
408 448 -1 -1 20.065957
408 427 448 -1 20.182629
486 528 -1 -1 18.859514
317 339 -1 -1 18.904692
317 352 -1 -1 20.597336
339 352 -1 -1 22.499582
317 339 352 -1 24.053923
339 356 -1 -1 14.702755
352 356 -1 -1 13.892138
339 352 356 -1 23.163007
356 389 -1 -1 24.885267
352 389 -1 -1 21.082236
352 356 389 -1 24.897256
349 389 -1 -1 23.790862
349 352 -1 -1 18.171983
349 352 389 -1 24.725518
498 505 -1 -1 17.155341
476 498 -1 -1 16.969849
476 505 -1 -1 22.697820
476 498 505 -1 22.850019
505 525 -1 -1 27.690429
498 525 -1 -1 20.188282
498 505 525 -1 27.812731
315 345 -1 -1 20.009134
315 336 -1 -1 19.752745
336 345 -1 -1 16.422584
315 336 345 -1 21.831657
317 322 -1 -1 13.737553
322 352 -1 -1 21.199339
317 322 352 -1 22.144371
322 349 -1 -1 22.167540
322 349 352 -1 23.903203
318 322 -1 -1 20.637420
318 349 -1 -1 29.164104
318 322 349 -1 29.242043
349 372 -1 -1 17.114624
537 541 -1 -1 18.355279
541 565 -1 -1 16.581737
537 541 565 -1 21.894943
513 541 -1 -1 22.262249
513 537 541 -1 22.262280
655 656 -1 -1 24.428758
633 656 -1 -1 13.053921
624 656 -1 -1 25.087291
624 633 -1 -1 19.020362
624 633 656 -1 25.582078
624 655 656 -1 27.175129
524 545 -1 -1 17.497559
521 524 -1 -1 21.532539
521 545 -1 -1 17.578638
521 524 545 -1 22.217032
598 633 -1 -1 21.806507
598 612 -1 -1 14.236307
612 633 -1 -1 20.531855
598 612 633 -1 22.548208
581 598 -1 -1 22.993053
581 612 -1 -1 20.270753
581 598 612 -1 23.245900
299 321 -1 -1 12.021226
299 312 -1 -1 11.789134
312 321 -1 -1 11.646470
299 312 321 -1 13.650882
301 313 -1 -1 12.708756
265 301 -1 -1 21.194552
265 313 -1 -1 19.979958
265 301 313 -1 21.724661
287 299 -1 -1 19.052378
287 312 -1 -1 16.425134
287 299 312 -1 19.186879
422 436 -1 -1 18.705429
422 452 -1 -1 14.324749
436 452 -1 -1 16.800410
422 436 452 -1 19.519567
395 398 -1 -1 23.615065
395 420 -1 -1 19.067697
398 420 -1 -1 19.338128
395 398 420 -1 24.350445
377 395 -1 -1 15.864985
377 395 398 -1 24.399497
432 473 -1 -1 19.277178
432 448 -1 -1 13.207085
432 448 473 -1 23.592047
432 454 -1 -1 13.984129
454 473 -1 -1 17.606942
432 454 473 -1 20.032555
420 432 -1 -1 18.260950
420 432 454 -1 18.724844
408 432 -1 -1 22.875333
408 432 448 -1 22.994046
398 432 -1 -1 25.638896
398 420 432 -1 25.703577
398 408 432 -1 26.365499
572 602 -1 -1 21.901359
585 602 -1 -1 25.684246
572 585 -1 -1 19.206972
572 585 602 -1 26.357189
540 572 -1 -1 18.788502
540 557 -1 -1 21.440221
557 572 -1 -1 18.129122
540 557 572 -1 22.678052
554 572 -1 -1 21.461023
554 572 585 -1 22.827401
540 554 572 -1 22.541543
602 605 -1 -1 28.186445
605 639 -1 -1 16.544109
602 605 639 -1 29.160959
605 624 -1 -1 19.533045
605 624 639 -1 23.456991
535 540 -1 -1 14.195598
535 557 -1 -1 20.025087
535 540 557 -1 22.150678
535 545 -1 -1 17.622520
545 557 -1 -1 11.815876
535 545 557 -1 20.166107
524 535 -1 -1 8.960703
524 535 545 -1 18.162656
508 535 -1 -1 14.295147
508 535 540 -1 18.751834
508 524 -1 -1 17.278226
508 524 535 -1 17.303684
473 502 -1 -1 16.004884
477 502 -1 -1 20.721630
473 477 502 -1 21.842823
502 508 -1 -1 21.357042
477 508 -1 -1 19.660513
477 502 508 -1 23.803539
502 524 -1 -1 10.763985
502 508 524 -1 21.492679
490 502 -1 -1 24.550022
473 490 -1 -1 23.325128
473 490 502 -1 25.456936
502 521 -1 -1 22.260944
502 521 524 -1 22.635359
490 521 -1 -1 20.280908
490 502 521 -1 26.073869
408 410 -1 -1 18.867184
383 410 -1 -1 17.184976
383 408 410 -1 22.814079
410 427 -1 -1 15.838614
408 410 427 -1 19.235706
448 455 -1 -1 19.837307
455 477 -1 -1 22.009980
448 455 477 -1 23.300650
427 455 -1 -1 16.739779
427 448 455 -1 20.614609
376 399 -1 -1 17.980970
399 423 -1 -1 21.222808
423 462 -1 -1 17.456004
440 486 -1 -1 24.867066
463 486 -1 -1 23.137066
440 463 -1 -1 22.969115
440 463 486 -1 27.376436
437 440 -1 -1 14.332888
437 463 -1 -1 16.422613
437 440 463 -1 23.112995
413 437 -1 -1 17.930444
413 440 -1 -1 19.467907
413 437 440 -1 20.328057
293 339 -1 -1 22.866409
293 317 -1 -1 14.123168
293 317 339 -1 22.912843
292 318 -1 -1 13.087001
292 322 -1 -1 24.889556
292 318 322 -1 24.910827
369 386 -1 -1 20.895962
356 369 -1 -1 20.963249
356 386 -1 -1 21.244771
356 369 386 -1 24.290641
386 389 -1 -1 13.759526
356 386 389 -1 24.901937
386 404 -1 -1 20.615338
369 404 -1 -1 21.589086
369 386 404 -1 24.301591
389 417 -1 -1 17.854249
386 417 -1 -1 20.034513
386 389 417 -1 20.524489
386 425 -1 -1 23.721885
404 425 -1 -1 15.413139
386 404 425 -1 24.020108
417 425 -1 -1 18.590395
386 417 425 -1 24.482705
349 401 -1 -1 27.333585
372 401 -1 -1 27.995663
349 372 401 -1 29.108977
389 401 -1 -1 15.063744
349 389 401 -1 27.389551
401 417 -1 -1 15.757167
389 401 417 -1 18.910415
490 510 -1 -1 20.446528
510 521 -1 -1 22.316769
490 510 521 -1 24.343980
510 558 -1 -1 29.537106
510 525 -1 -1 20.088929
525 558 -1 -1 21.148832
510 525 558 -1 29.546656
441 470 -1 -1 14.890463
439 441 -1 -1 13.048797
439 470 -1 -1 16.620141
439 441 470 -1 17.410670
454 470 -1 -1 14.819306
441 454 470 -1 15.799767
470 473 -1 -1 20.688366
454 470 473 -1 21.092043
470 490 -1 -1 16.035049
470 473 490 -1 23.870946
425 444 -1 -1 13.478952
417 444 -1 -1 17.055563
417 425 444 -1 19.342573
486 491 -1 -1 20.817004
463 491 -1 -1 15.614302
463 486 491 -1 23.708185
530 542 -1 -1 22.483158
528 542 -1 -1 23.789887
528 530 -1 -1 10.446904
528 530 542 -1 23.918616
530 570 -1 -1 20.653082
542 570 -1 -1 13.396311
530 542 570 -1 22.863552
542 571 -1 -1 24.156223
542 589 -1 -1 22.458958
571 589 -1 -1 16.380266
542 571 589 -1 24.996756
570 589 -1 -1 17.169363
542 570 589 -1 22.507374
525 533 -1 -1 29.051706
533 553 -1 -1 17.047685
525 553 -1 -1 21.201205
525 533 553 -1 29.356456
505 533 -1 -1 16.315675
505 525 533 -1 29.708589
363 376 -1 -1 17.406306
363 383 -1 -1 19.670634
376 383 -1 -1 22.500509
363 376 383 -1 23.356015
345 363 -1 -1 19.132268
345 363 376 -1 22.685957
336 363 -1 -1 15.463352
336 345 363 -1 19.936161
298 321 -1 -1 17.145503
321 333 -1 -1 15.946155
298 333 -1 -1 16.359379
298 321 333 -1 19.060804
298 299 -1 -1 17.413098
298 299 321 -1 18.433733
638 646 -1 -1 19.966858
617 646 -1 -1 16.765592
617 638 646 -1 24.634384
646 652 -1 -1 14.457040
633 642 -1 -1 18.057801
612 642 -1 -1 16.605250
612 633 642 -1 21.527365
642 656 -1 -1 19.332600
633 642 656 -1 20.023082
545 550 -1 -1 24.041597
521 550 -1 -1 18.498910
521 545 550 -1 24.195419
550 558 -1 -1 20.485692
558 576 -1 -1 20.765518
550 576 -1 -1 16.937728
550 558 576 -1 22.622410
510 550 -1 -1 23.235022
510 521 550 -1 24.944304
510 550 558 -1 29.661487
545 575 -1 -1 23.135780
557 575 -1 -1 16.849970
545 557 575 -1 24.104070
575 605 -1 -1 18.003872
575 576 -1 -1 22.235685
576 605 -1 -1 25.413683
575 576 605 -1 26.026411
550 575 -1 -1 29.460374
550 575 576 -1 29.657035
545 550 575 -1 30.204130
575 602 -1 -1 27.261165
575 602 605 -1 29.342636
572 575 -1 -1 26.210157
557 572 575 -1 26.406615
572 575 602 -1 29.329229
597 605 -1 -1 26.342327
597 624 -1 -1 20.988884
597 605 624 -1 26.670093
576 597 -1 -1 14.320315
576 597 605 -1 26.977453
597 633 -1 -1 24.705737
597 624 633 -1 25.452074
597 598 -1 -1 15.623576
597 598 633 -1 25.029526
558 597 -1 -1 22.458914
558 576 597 -1 23.032268
558 598 -1 -1 22.342359
558 597 598 -1 23.901577
630 640 -1 -1 18.315974
570 583 -1 -1 13.759195
583 589 -1 -1 18.300806
570 583 589 -1 19.287502
600 636 -1 -1 21.622315
321 340 -1 -1 12.277345
312 340 -1 -1 17.826089
312 321 340 -1 17.934497
333 340 -1 -1 17.236960
321 333 340 -1 17.931240
287 307 -1 -1 11.636249
307 312 -1 -1 13.713113
287 307 312 -1 16.662415
313 332 -1 -1 20.704283
301 332 -1 -1 18.203611
301 313 332 -1 20.906619
301 307 -1 -1 12.102702
452 459 -1 -1 14.997543
452 476 -1 -1 15.235611
459 476 -1 -1 19.472152
452 459 476 -1 19.761264
436 459 -1 -1 14.182937
436 452 459 -1 17.851600
409 422 -1 -1 18.977717
409 436 -1 -1 15.332840
409 422 436 -1 20.628373
392 409 -1 -1 24.487568
384 409 -1 -1 17.543739
384 392 -1 -1 17.834143
384 392 409 -1 24.509057
392 422 -1 -1 21.402014
392 409 422 -1 25.425119
485 505 -1 -1 15.927239
476 485 -1 -1 17.437248
476 485 505 -1 22.764691
461 485 -1 -1 12.591685
461 476 -1 -1 18.970109
461 476 485 -1 19.511681
461 472 -1 -1 18.185463
472 485 -1 -1 19.992231
461 472 485 -1 20.385950
458 461 -1 -1 14.070921
458 472 -1 -1 10.105144
458 461 472 -1 18.291711
444 458 -1 -1 19.140911
444 472 -1 -1 21.657254
444 458 472 -1 21.657276
425 458 -1 -1 17.337666
425 444 458 -1 19.758047
422 434 -1 -1 19.773390
434 452 -1 -1 18.698322
422 434 452 -1 20.768572
434 476 -1 -1 22.332097
434 452 476 -1 22.573062
434 461 -1 -1 12.895516
434 461 476 -1 22.367295
434 458 -1 -1 20.307668
434 458 461 -1 20.488553
425 434 -1 -1 27.094539
404 434 -1 -1 23.524148
404 425 434 -1 27.178145
425 434 458 -1 27.106731
388 409 -1 -1 19.145460
384 388 -1 -1 15.161599
384 388 409 -1 20.219925
418 441 -1 -1 16.714279
418 420 -1 -1 19.483007
418 420 441 -1 19.781557
395 418 -1 -1 16.716273
395 418 420 -1 21.395109
418 439 -1 -1 14.723359
418 439 441 -1 17.411987
418 436 -1 -1 22.773653
436 439 -1 -1 17.360475
418 436 439 -1 22.773663
409 418 -1 -1 19.154284
409 418 436 -1 23.006423
388 418 -1 -1 19.294288
388 395 -1 -1 16.768583
388 395 418 -1 20.485018
388 409 418 -1 22.168376
455 488 -1 -1 16.940574
477 488 -1 -1 15.519311
455 477 488 -1 22.085314
488 508 -1 -1 18.476065
477 488 508 -1 20.915782
488 512 -1 -1 14.869012
488 508 512 -1 18.479956
488 513 -1 -1 21.874818
488 512 513 -1 22.363765
428 462 -1 -1 22.002170
423 428 -1 -1 11.609764
423 428 462 -1 22.136574
428 455 -1 -1 17.887542
455 462 -1 -1 19.978346
428 455 462 -1 23.297531
427 428 -1 -1 14.203946
427 428 455 -1 19.025679
410 428 -1 -1 13.507662
410 427 428 -1 16.891334
399 405 -1 -1 17.374041
405 423 -1 -1 17.724962
399 405 423 -1 22.034440
405 428 -1 -1 16.495935
405 423 428 -1 18.268389
405 410 -1 -1 11.021425
405 410 428 -1 16.590907
376 405 -1 -1 15.163153
376 399 405 -1 19.578536
383 405 -1 -1 21.631414
376 383 405 -1 23.525964
383 405 410 -1 21.831139
401 402 -1 -1 12.084999
372 402 -1 -1 22.291456
372 401 402 -1 29.003555
402 413 -1 -1 11.616230
402 437 -1 -1 20.969915
402 413 437 -1 20.986787
401 437 -1 -1 23.706810
401 402 437 -1 23.732928
566 581 -1 -1 15.874248
566 598 -1 -1 19.371570
566 581 598 -1 23.294172
558 566 -1 -1 14.536693
558 566 598 -1 22.616298
553 566 -1 -1 15.193412
553 581 -1 -1 18.275794
553 566 581 -1 19.213139
525 566 -1 -1 23.248255
525 553 566 -1 23.816167
525 558 566 -1 23.689394
435 437 -1 -1 14.119154
435 463 -1 -1 16.175671
435 437 463 -1 18.085092
435 444 -1 -1 15.496830
417 435 -1 -1 14.964343
417 435 444 -1 18.385511
401 435 -1 -1 21.309528
401 417 435 -1 21.325282
401 435 437 -1 23.985314
491 495 -1 -1 24.215550
491 517 -1 -1 16.925845
495 517 -1 -1 20.057674
491 495 517 -1 24.495734
486 516 -1 -1 22.002850
516 528 -1 -1 9.912110
486 516 528 -1 22.074956
491 516 -1 -1 15.694345
486 491 516 -1 23.059551
516 517 -1 -1 12.619550
491 516 517 -1 17.746773
516 542 -1 -1 20.661236
516 528 542 -1 23.908929
517 542 -1 -1 19.889284
516 517 542 -1 21.366967
533 567 -1 -1 21.089905
553 567 -1 -1 18.300349
533 553 567 -1 22.034611
567 581 -1 -1 17.002302
553 567 581 -1 20.655371
567 594 -1 -1 14.925112
581 594 -1 -1 17.408863
567 581 594 -1 19.099597
567 571 -1 -1 23.423980
571 594 -1 -1 25.018314
567 571 594 -1 25.578444
555 567 -1 -1 12.783061
555 571 -1 -1 16.954557
555 567 571 -1 24.044227
533 555 -1 -1 18.079402
533 555 567 -1 21.192777
364 368 -1 -1 17.963658
364 383 -1 -1 16.585779
364 368 383 -1 23.615206
363 364 -1 -1 17.562772
363 364 383 -1 20.896505
585 596 -1 -1 19.898558
565 596 -1 -1 17.213554
565 585 596 -1 21.806988
652 658 -1 -1 10.927271
621 642 -1 -1 16.796774
612 621 -1 -1 15.443797
612 621 642 -1 18.836025
621 640 -1 -1 15.683265
640 642 -1 -1 20.781172
621 640 642 -1 21.136802
581 621 -1 -1 23.959148
581 612 621 -1 24.134667
594 621 -1 -1 21.495612
581 594 621 -1 24.780460
621 630 -1 -1 25.694354
621 630 640 -1 25.939262
632 648 -1 -1 12.952941
630 632 -1 -1 15.516994
314 336 -1 -1 15.199127
314 315 -1 -1 13.312851
314 315 336 -1 19.772476
340 365 -1 -1 17.479989
340 355 -1 -1 10.121990
355 365 -1 -1 15.299981
340 355 365 -1 17.568169
365 395 -1 -1 20.910663
365 377 -1 -1 18.300969
365 377 395 -1 21.638770
365 388 -1 -1 16.274744
365 388 395 -1 21.338889
361 365 -1 -1 19.558987
355 361 -1 -1 12.159214
355 361 365 -1 19.559014
361 388 -1 -1 21.088734
361 384 -1 -1 14.994441
361 384 388 -1 21.093809
361 365 388 -1 22.246299
307 331 -1 -1 14.428105
312 331 -1 -1 14.496644
307 312 331 -1 16.425799
331 361 -1 -1 19.359429
331 355 -1 -1 14.336246
331 355 361 -1 19.396048
331 332 -1 -1 17.624639
332 361 -1 -1 22.892845
331 332 361 -1 23.560759
301 331 -1 -1 21.297324
301 307 331 -1 22.206948
301 331 332 -1 22.279548
331 340 -1 -1 17.853625
312 331 340 -1 19.524020
331 340 355 -1 17.865929
339 358 -1 -1 19.735168
323 358 -1 -1 16.955845
323 339 -1 -1 16.888697
323 339 358 -1 20.830229
358 369 -1 -1 15.310157
356 358 -1 -1 21.389541
356 358 369 -1 22.718809
339 356 358 -1 22.122425
436 471 -1 -1 22.564230
439 471 -1 -1 16.922787
436 439 471 -1 22.768986
459 471 -1 -1 15.823005
436 459 471 -1 22.752507
470 471 -1 -1 15.522831
439 470 471 -1 18.921315
471 490 -1 -1 18.971645
470 471 490 -1 19.747360
471 510 -1 -1 26.417883
471 490 510 -1 26.559752
489 498 -1 -1 14.642701
476 489 -1 -1 21.554434
476 489 498 -1 21.617025
459 489 -1 -1 15.360355
459 476 489 -1 22.270907
471 489 -1 -1 17.105353
459 471 489 -1 18.650295
489 510 -1 -1 20.306517
471 489 510 -1 26.419241
489 525 -1 -1 26.070982
489 498 525 -1 26.196125
489 510 525 -1 26.442163
392 403 -1 -1 15.624017
403 422 -1 -1 17.281390
392 403 422 -1 21.670301
403 434 -1 -1 20.787612
403 404 -1 -1 18.156519
403 404 434 -1 24.475357
403 422 434 -1 22.441608
369 403 -1 -1 24.644156
369 403 404 -1 25.388279
369 392 -1 -1 28.011809
369 392 403 -1 28.117741
479 488 -1 -1 18.246397
479 513 -1 -1 17.055189
479 488 513 -1 22.496470
462 479 -1 -1 16.453544
455 479 -1 -1 23.521030
455 462 479 -1 23.900025
455 479 488 -1 23.659035
291 313 -1 -1 13.628204
265 291 -1 -1 16.421814
265 291 313 -1 20.139366
291 323 -1 -1 19.915775
313 323 -1 -1 17.539186
291 313 323 -1 20.336276
274 293 -1 -1 25.547716
274 292 -1 -1 15.825865
274 322 -1 -1 24.103300
274 292 322 -1 25.909381
274 317 -1 -1 27.090673
274 317 322 -1 27.130311
274 293 317 -1 27.461851
469 495 -1 -1 17.675161
469 491 -1 -1 17.277145
469 491 495 -1 24.235086
463 469 -1 -1 17.218280
463 469 491 -1 19.342825
444 469 -1 -1 15.485207
469 472 -1 -1 17.781364
444 469 472 -1 21.932245
472 495 -1 -1 13.270093
469 472 495 -1 19.118134
435 469 -1 -1 21.565897
435 463 469 -1 21.873122
435 444 469 -1 21.576235
485 503 -1 -1 18.153242
503 505 -1 -1 17.891090
485 503 505 -1 20.091589
503 533 -1 -1 20.374897
503 505 533 -1 21.311311
472 503 -1 -1 22.432400
472 485 503 -1 23.605987
495 503 -1 -1 16.458877
472 495 503 -1 22.620546
338 363 -1 -1 19.824980
336 338 -1 -1 18.376538
336 338 363 -1 20.950642
338 364 -1 -1 14.121893
338 363 364 -1 20.378725
623 646 -1 -1 22.540806
623 652 -1 -1 18.919572
623 646 652 -1 22.672466
617 623 -1 -1 16.847451
617 623 646 -1 22.655753
623 658 -1 -1 20.184827
623 652 658 -1 20.479835
583 609 -1 -1 24.752074
589 609 -1 -1 14.137385
583 589 609 -1 25.037276
571 609 -1 -1 24.121571
571 589 609 -1 24.882637
286 298 -1 -1 19.395461
559 600 -1 -1 26.126554
559 583 -1 -1 20.557406
583 600 -1 -1 20.594797
559 583 600 -1 26.631809
530 559 -1 -1 17.757503
559 570 -1 -1 21.896537
530 559 570 -1 23.448581
559 570 583 -1 22.522694
340 359 -1 -1 21.319617
333 359 -1 -1 14.031924
333 340 359 -1 21.390985
359 365 -1 -1 17.901374
340 359 365 -1 22.168048
359 377 -1 -1 12.949290
359 365 377 -1 19.390471
359 368 -1 -1 23.561201
359 368 377 -1 23.561885
361 371 -1 -1 22.121016
332 371 -1 -1 18.264236
332 361 371 -1 24.639814
371 392 -1 -1 15.500156
371 384 -1 -1 22.478142
371 384 392 -1 22.582323
361 371 384 -1 23.683093
369 371 -1 -1 26.292853
369 371 392 -1 28.478182
358 371 -1 -1 22.415197
358 369 371 -1 26.350888
291 297 -1 -1 15.173804
293 297 -1 -1 15.672622
297 323 -1 -1 18.451328
291 297 323 -1 20.953801
297 339 -1 -1 21.711068
297 323 339 -1 22.408783
293 297 339 -1 23.857675
534 555 -1 -1 17.266257
533 534 -1 -1 26.211605
533 534 555 -1 26.342070
503 534 -1 -1 21.679317
503 533 534 -1 26.896419
534 542 -1 -1 20.196665
517 534 -1 -1 20.543596
517 534 542 -1 23.342471
534 571 -1 -1 21.281122
534 542 571 -1 25.520210
534 555 571 -1 21.849686
613 623 -1 -1 15.900738
613 617 -1 -1 10.713045
613 617 623 -1 17.381007
596 623 -1 -1 19.016781
596 613 -1 -1 16.209921
596 613 623 -1 19.926197
585 613 -1 -1 13.898297
585 596 613 -1 20.077189
602 613 -1 -1 26.289510
585 602 613 -1 26.990962
602 613 617 -1 26.625655
583 618 -1 -1 24.266831
600 618 -1 -1 22.916885
583 600 618 -1 26.256527
609 618 -1 -1 19.417758
583 609 618 -1 26.698793
618 648 -1 -1 21.365416
618 632 -1 -1 22.390631
618 632 648 -1 22.964082
609 632 -1 -1 16.404810
609 618 632 -1 22.992605
618 636 -1 -1 26.302823
600 618 636 -1 27.605758
601 632 -1 -1 22.264718
601 630 -1 -1 17.566952
601 630 632 -1 22.373347
601 609 -1 -1 21.268535
601 609 632 -1 23.530069
601 621 -1 -1 26.524651
594 601 -1 -1 14.367711
594 601 621 -1 26.567494
601 621 630 -1 27.749459
571 601 -1 -1 22.326011
571 594 601 -1 25.210013
571 601 609 -1 26.177868
290 314 -1 -1 13.737458
290 315 -1 -1 16.040631
290 314 315 -1 16.798843
280 290 -1 -1 20.443862
280 314 -1 -1 21.009589
280 290 314 -1 21.982651
298 316 -1 -1 19.617440
316 333 -1 -1 21.451998
298 316 333 -1 22.484660
286 316 -1 -1 16.759061
286 298 316 -1 21.602305
280 296 -1 -1 19.739822
286 296 -1 -1 15.881998
296 316 -1 -1 18.075550
286 296 316 -1 19.609148
346 371 -1 -1 15.246555
332 346 -1 -1 13.500649
332 346 371 -1 18.629698
346 358 -1 -1 14.189143
346 358 371 -1 22.702803
323 346 -1 -1 17.668829
323 346 358 -1 18.995110
313 346 -1 -1 21.722189
313 323 346 -1 22.368908
313 332 346 -1 22.427332
503 511 -1 -1 17.326822
495 511 -1 -1 11.694985
495 503 511 -1 18.043886
511 534 -1 -1 15.865853
503 511 534 -1 21.924231
511 517 -1 -1 11.736001
495 511 517 -1 22.663888
511 517 534 -1 20.622669
479 514 -1 -1 21.172225
513 514 -1 -1 16.983913
479 513 514 -1 21.735823
514 541 -1 -1 14.586876
513 514 541 -1 22.263683
341 359 -1 -1 19.290725
333 341 -1 -1 20.820313
333 341 359 -1 21.505231
316 341 -1 -1 15.455238
316 333 341 -1 22.722222
341 368 -1 -1 18.834708
341 359 368 -1 24.248197
341 364 -1 -1 22.215063
341 364 368 -1 23.084177
338 341 -1 -1 22.472361
338 341 364 -1 23.553709
296 325 -1 -1 14.024109
316 325 -1 -1 15.023126
296 316 325 -1 18.559991
325 341 -1 -1 19.569876
325 338 -1 -1 12.999138
325 338 341 -1 22.568660
316 325 341 -1 19.879031
308 325 -1 -1 15.420827
308 338 -1 -1 18.090865
308 325 338 -1 18.457391
308 314 -1 -1 15.302886
308 336 -1 -1 19.736694
308 314 336 -1 20.003008
308 336 338 -1 21.684897
280 308 -1 -1 16.397283
280 308 314 -1 21.169914
296 308 -1 -1 16.680082
280 296 308 -1 20.611951
296 308 325 -1 17.888119
265 -1 -1 -1 0.000000
274 -1 -1 -1 0.000000
280 -1 -1 -1 0.000000
286 -1 -1 -1 0.000000
287 -1 -1 -1 0.000000
290 -1 -1 -1 0.000000
291 -1 -1 -1 0.000000
292 -1 -1 -1 0.000000
293 -1 -1 -1 0.000000
296 -1 -1 -1 0.000000
297 -1 -1 -1 0.000000
298 -1 -1 -1 0.000000
299 -1 -1 -1 0.000000
301 -1 -1 -1 0.000000
307 -1 -1 -1 0.000000
308 -1 -1 -1 0.000000
312 -1 -1 -1 0.000000
313 -1 -1 -1 0.000000
314 -1 -1 -1 0.000000
315 -1 -1 -1 0.000000
316 -1 -1 -1 0.000000
317 -1 -1 -1 0.000000
318 -1 -1 -1 0.000000
321 -1 -1 -1 0.000000
322 -1 -1 -1 0.000000
323 -1 -1 -1 0.000000
325 -1 -1 -1 0.000000
331 -1 -1 -1 0.000000
332 -1 -1 -1 0.000000
333 -1 -1 -1 0.000000
336 -1 -1 -1 0.000000
338 -1 -1 -1 0.000000
339 -1 -1 -1 0.000000
340 -1 -1 -1 0.000000
341 -1 -1 -1 0.000000
345 -1 -1 -1 0.000000
346 -1 -1 -1 0.000000
349 -1 -1 -1 0.000000
352 -1 -1 -1 0.000000
355 -1 -1 -1 0.000000
356 -1 -1 -1 0.000000
358 -1 -1 -1 0.000000
359 -1 -1 -1 0.000000
361 -1 -1 -1 0.000000
363 -1 -1 -1 0.000000
364 -1 -1 -1 0.000000
365 -1 -1 -1 0.000000
368 -1 -1 -1 0.000000
369 -1 -1 -1 0.000000
371 -1 -1 -1 0.000000
372 -1 -1 -1 0.000000
376 -1 -1 -1 0.000000
377 -1 -1 -1 0.000000
383 -1 -1 -1 0.000000
384 -1 -1 -1 0.000000
386 -1 -1 -1 0.000000
388 -1 -1 -1 0.000000
389 -1 -1 -1 0.000000
392 -1 -1 -1 0.000000
395 -1 -1 -1 0.000000
398 -1 -1 -1 0.000000
399 -1 -1 -1 0.000000
401 -1 -1 -1 0.000000
402 -1 -1 -1 0.000000
403 -1 -1 -1 0.000000
404 -1 -1 -1 0.000000
405 -1 -1 -1 0.000000
408 -1 -1 -1 0.000000
409 -1 -1 -1 0.000000
410 -1 -1 -1 0.000000
413 -1 -1 -1 0.000000
417 -1 -1 -1 0.000000
418 -1 -1 -1 0.000000
420 -1 -1 -1 0.000000
422 -1 -1 -1 0.000000
423 -1 -1 -1 0.000000
425 -1 -1 -1 0.000000
427 -1 -1 -1 0.000000
428 -1 -1 -1 0.000000
432 -1 -1 -1 0.000000
434 -1 -1 -1 0.000000
435 -1 -1 -1 0.000000
436 -1 -1 -1 0.000000
437 -1 -1 -1 0.000000
439 -1 -1 -1 0.000000
440 -1 -1 -1 0.000000
441 -1 -1 -1 0.000000
444 -1 -1 -1 0.000000
448 -1 -1 -1 0.000000
452 -1 -1 -1 0.000000
454 -1 -1 -1 0.000000
455 -1 -1 -1 0.000000
458 -1 -1 -1 0.000000
459 -1 -1 -1 0.000000
461 -1 -1 -1 0.000000
462 -1 -1 -1 0.000000
463 -1 -1 -1 0.000000
469 -1 -1 -1 0.000000
470 -1 -1 -1 0.000000
471 -1 -1 -1 0.000000
472 -1 -1 -1 0.000000
473 -1 -1 -1 0.000000
476 -1 -1 -1 0.000000
477 -1 -1 -1 0.000000
479 -1 -1 -1 0.000000
485 -1 -1 -1 0.000000
486 -1 -1 -1 0.000000
488 -1 -1 -1 0.000000
489 -1 -1 -1 0.000000
490 -1 -1 -1 0.000000
491 -1 -1 -1 0.000000
495 -1 -1 -1 0.000000
498 -1 -1 -1 0.000000
502 -1 -1 -1 0.000000
503 -1 -1 -1 0.000000
505 -1 -1 -1 0.000000
508 -1 -1 -1 0.000000
510 -1 -1 -1 0.000000
511 -1 -1 -1 0.000000
512 -1 -1 -1 0.000000
513 -1 -1 -1 0.000000
514 -1 -1 -1 0.000000
516 -1 -1 -1 0.000000
517 -1 -1 -1 0.000000
521 -1 -1 -1 0.000000
524 -1 -1 -1 0.000000
525 -1 -1 -1 0.000000
528 -1 -1 -1 0.000000
530 -1 -1 -1 0.000000
533 -1 -1 -1 0.000000
534 -1 -1 -1 0.000000
535 -1 -1 -1 0.000000
537 -1 -1 -1 0.000000
540 -1 -1 -1 0.000000
541 -1 -1 -1 0.000000
542 -1 -1 -1 0.000000
545 -1 -1 -1 0.000000
550 -1 -1 -1 0.000000
553 -1 -1 -1 0.000000
554 -1 -1 -1 0.000000
555 -1 -1 -1 0.000000
557 -1 -1 -1 0.000000
558 -1 -1 -1 0.000000
559 -1 -1 -1 0.000000
565 -1 -1 -1 0.000000
566 -1 -1 -1 0.000000
567 -1 -1 -1 0.000000
570 -1 -1 -1 0.000000
571 -1 -1 -1 0.000000
572 -1 -1 -1 0.000000
575 -1 -1 -1 0.000000
576 -1 -1 -1 0.000000
581 -1 -1 -1 0.000000
583 -1 -1 -1 0.000000
585 -1 -1 -1 0.000000
589 -1 -1 -1 0.000000
594 -1 -1 -1 0.000000
596 -1 -1 -1 0.000000
597 -1 -1 -1 0.000000
598 -1 -1 -1 0.000000
600 -1 -1 -1 0.000000
601 -1 -1 -1 0.000000
602 -1 -1 -1 0.000000
605 -1 -1 -1 0.000000
609 -1 -1 -1 0.000000
612 -1 -1 -1 0.000000
613 -1 -1 -1 0.000000
617 -1 -1 -1 0.000000
618 -1 -1 -1 0.000000
621 -1 -1 -1 0.000000
623 -1 -1 -1 0.000000
624 -1 -1 -1 0.000000
630 -1 -1 -1 0.000000
632 -1 -1 -1 0.000000
633 -1 -1 -1 0.000000
636 -1 -1 -1 0.000000
638 -1 -1 -1 0.000000
639 -1 -1 -1 0.000000
640 -1 -1 -1 0.000000
642 -1 -1 -1 0.000000
646 -1 -1 -1 0.000000
648 -1 -1 -1 0.000000
652 -1 -1 -1 0.000000
655 -1 -1 -1 0.000000
656 -1 -1 -1 0.000000
657 -1 -1 -1 0.000000
658 -1 -1 -1 0.000000
