352 378 -1 -1 19.210040
355 378 -1 -1 22.492045
352 355 -1 -1 22.635142
352 355 378 -1 24.936153
452 455 -1 -1 22.418569
432 452 -1 -1 12.888716
432 455 -1 -1 22.930492
432 452 455 -1 23.665470
388 409 -1 -1 27.009063
409 415 -1 -1 30.812347
388 415 -1 -1 18.940899
388 409 415 -1 31.100043
387 388 -1 -1 23.225934
387 415 -1 -1 26.741599
387 388 415 -1 27.340100
469 502 -1 -1 16.004743
493 502 -1 -1 13.443169
469 493 -1 -1 16.971509
469 493 502 -1 18.087971
502 528 -1 -1 18.400308
493 528 -1 -1 18.966443
493 502 528 -1 20.037295
378 391 -1 -1 16.619308
378 393 -1 -1 23.634873
391 393 -1 -1 24.043417
378 391 393 -1 25.440154
332 352 -1 -1 18.572184
332 355 -1 -1 28.657711
332 352 355 -1 28.684034
387 407 -1 -1 16.194511
407 415 -1 -1 28.212238
387 407 415 -1 28.852440
511 536 -1 -1 19.655022
468 511 -1 -1 23.789836
468 495 -1 -1 17.556679
495 511 -1 -1 14.956464
468 495 511 -1 23.839918
436 452 -1 -1 19.221767
432 436 -1 -1 20.446785
432 436 452 -1 21.047404
436 468 -1 -1 22.221918
451 468 -1 -1 17.256518
436 451 -1 -1 13.510376
436 451 468 -1 22.231232
452 468 -1 -1 17.471839
436 452 468 -1 23.074815
452 465 -1 -1 12.251808
455 465 -1 -1 16.840415
452 455 465 -1 22.737625
465 468 -1 -1 20.605797
465 495 -1 -1 19.609461
465 468 495 -1 22.372305
452 465 468 -1 20.659235
487 515 -1 -1 16.290040
482 515 -1 -1 26.699216
482 487 -1 -1 24.173953
482 487 515 -1 27.111919
427 446 -1 -1 30.620089
446 482 -1 -1 24.397352
427 482 -1 -1 33.833829
427 446 482 -1 35.036427
446 487 -1 -1 18.229946
446 482 487 -1 26.202526
173 181 -1 -1 23.566590
502 530 -1 -1 19.542188
528 530 -1 -1 15.821360
502 528 530 -1 20.908045
529 540 -1 -1 15.593415
516 540 -1 -1 14.841268
516 529 -1 -1 20.149655
516 529 540 -1 20.306461
529 538 -1 -1 17.859394
528 538 -1 -1 16.512187
409 428 -1 -1 11.967357
415 428 -1 -1 27.516475
409 415 428 -1 30.898076
409 420 -1 -1 24.287860
420 428 -1 -1 25.697719
409 420 428 -1 25.901317
509 529 -1 -1 17.384290
509 538 -1 -1 14.990096
509 529 538 -1 19.477042
509 528 -1 -1 23.528025
493 509 -1 -1 17.190728
493 509 528 -1 23.819370
509 528 538 -1 23.681194
463 469 -1 -1 16.436192
463 493 -1 -1 20.099375
463 469 493 -1 20.914063
353 379 -1 -1 25.387402
343 353 -1 -1 22.011337
343 379 -1 -1 20.273330
343 353 379 -1 26.455055
386 388 -1 -1 18.709389
386 409 -1 -1 18.071192
386 388 409 -1 27.092031
353 386 -1 -1 22.544097
379 386 -1 -1 17.656831
353 379 386 -1 26.027550
367 388 -1 -1 19.183135
367 386 -1 -1 22.440105
367 386 388 -1 23.514276
353 367 -1 -1 16.435614
353 367 386 -1 24.162944
398 409 -1 -1 17.390754
398 420 -1 -1 18.155289
398 409 420 -1 24.342156
398 404 -1 -1 22.317213
404 420 -1 -1 17.586242
398 404 420 -1 22.880605
386 398 -1 -1 23.921539
386 398 409 -1 24.019699
379 398 -1 -1 16.726413
379 386 398 -1 23.934314
450 469 -1 -1 12.426870
450 463 -1 -1 21.732128
450 463 469 -1 21.881881
391 412 -1 -1 29.840707
393 412 -1 -1 15.061271
391 393 412 -1 30.051043
412 436 -1 -1 14.478061
412 451 -1 -1 22.446287
412 436 451 -1 23.421129
489 527 -1 -1 18.677931
482 489 -1 -1 25.345994
482 527 -1 -1 27.814852
482 489 527 -1 28.579991
435 455 -1 -1 13.525813
432 435 -1 -1 25.361455
432 435 455 -1 25.504264
407 435 -1 -1 20.479551
407 432 -1 -1 20.366397
407 432 435 -1 26.053567
415 435 -1 -1 20.401929
407 415 435 -1 28.244163
359 370 -1 -1 20.117496
370 387 -1 -1 17.781580
359 387 -1 -1 24.312746
359 370 387 -1 24.722962
370 388 -1 -1 24.363923
367 370 -1 -1 16.190300
367 370 388 -1 24.406136
370 387 388 -1 25.690890
369 407 -1 -1 31.349775
369 387 -1 -1 30.739382
369 387 407 -1 32.177453
359 369 -1 -1 17.779626
359 369 387 -1 30.768626
468 473 -1 -1 18.304883
473 511 -1 -1 25.967765
468 473 511 -1 26.894844
451 473 -1 -1 16.391555
451 468 473 -1 20.059761
446 473 -1 -1 29.039590
473 487 -1 -1 19.664773
446 473 487 -1 29.485822
515 536 -1 -1 26.393201
410 446 -1 -1 31.409738
410 427 -1 -1 16.874831
410 427 446 -1 32.260608
391 410 -1 -1 26.571457
383 410 -1 -1 17.339665
383 391 -1 -1 31.794902
383 391 410 -1 31.795234
177 193 -1 -1 16.769937
177 219 -1 -1 32.898929
193 219 -1 -1 28.582125
177 193 219 -1 32.903415
173 177 -1 -1 30.758775
173 193 -1 -1 27.900335
173 177 193 -1 30.987786
241 246 -1 -1 18.414912
219 246 -1 -1 20.094730
219 241 -1 -1 23.801408
219 241 246 -1 24.507744
220 246 -1 -1 17.598226
219 220 -1 -1 14.958549
219 220 246 -1 20.733283
240 246 -1 -1 21.095404
220 240 -1 -1 15.825927
220 240 246 -1 21.561080
193 220 -1 -1 24.314107
193 219 220 -1 28.582233
298 318 -1 -1 18.529420
278 298 -1 -1 16.396318
317 343 -1 -1 25.431345
317 340 -1 -1 25.374157
340 343 -1 -1 17.039204
317 340 343 -1 26.964581
317 318 -1 -1 23.971815
318 340 -1 -1 18.066935
317 318 340 -1 26.572752
237 255 -1 -1 19.993877
237 254 -1 -1 25.919881
254 255 -1 -1 18.823233
237 254 255 -1 26.075951
231 237 -1 -1 14.444810
231 254 -1 -1 23.085252
231 237 254 -1 26.062773
214 231 -1 -1 18.233405
214 237 -1 -1 21.080669
214 231 237 -1 21.445235
249 254 -1 -1 17.227085
249 278 -1 -1 22.268816
254 278 -1 -1 26.428937
249 254 278 -1 26.630341
231 249 -1 -1 24.823843
231 249 254 -1 25.769360
224 231 -1 -1 17.674999
224 249 -1 -1 19.311973
224 231 249 -1 24.952122
200 208 -1 -1 24.550424
191 200 -1 -1 26.130088
191 208 -1 -1 17.769225
191 200 208 -1 27.139040
208 214 -1 -1 19.811998
208 237 -1 -1 24.668233
208 214 237 -1 25.645463
189 191 -1 -1 17.505184
189 208 -1 -1 24.015742
189 191 208 -1 24.080009
189 214 -1 -1 18.558665
189 208 214 -1 24.606614
533 537 -1 -1 16.670564
533 540 -1 -1 14.387064
516 533 -1 -1 14.579407
516 533 540 -1 16.865753
428 439 -1 -1 21.723680
415 439 -1 -1 14.942393
415 428 439 -1 27.642669
478 492 -1 -1 16.296628
492 516 -1 -1 13.823393
478 516 -1 -1 21.436728
478 492 516 -1 21.437162
465 485 -1 -1 15.567032
485 495 -1 -1 25.054915
465 485 495 -1 25.054942
455 485 -1 -1 16.450808
455 465 485 -1 18.834491
478 485 -1 -1 22.484193
455 478 -1 -1 25.113369
455 478 485 -1 25.613587
475 509 -1 -1 16.271699
475 493 -1 -1 14.093852
475 493 509 -1 18.472671
463 475 -1 -1 12.135275
463 475 493 -1 20.395554
437 450 -1 -1 20.909215
437 463 -1 -1 12.113069
437 450 463 -1 22.279930
439 442 -1 -1 23.536415
442 458 -1 -1 15.740243
439 458 -1 -1 19.141055
439 442 458 -1 23.654652
428 442 -1 -1 11.269949
428 439 442 -1 23.636297
437 442 -1 -1 23.751477
442 463 -1 -1 24.397111
437 442 463 -1 24.905248
420 442 -1 -1 25.941893
420 428 442 -1 26.463196
420 437 -1 -1 12.424243
420 437 442 -1 26.019374
343 375 -1 -1 28.708906
340 375 -1 -1 28.572235
340 343 375 -1 29.999328
375 379 -1 -1 19.964886
343 375 379 -1 28.713575
375 398 -1 -1 19.773796
375 379 398 -1 21.905111
375 404 -1 -1 21.651397
375 398 404 -1 24.622199
429 450 -1 -1 13.521489
429 437 -1 -1 26.057675
429 437 450 -1 26.200577
404 429 -1 -1 22.420972
420 429 -1 -1 28.410210
404 420 429 -1 28.410744
420 429 437 -1 28.433540
471 498 -1 -1 15.689845
489 498 -1 -1 29.183495
471 489 -1 -1 27.799730
471 489 498 -1 29.735589
489 519 -1 -1 16.536106
519 527 -1 -1 16.344808
489 519 527 -1 19.976733
498 519 -1 -1 22.025675
489 498 519 -1 29.424825
221 235 -1 -1 12.317192
221 244 -1 -1 27.089593
235 244 -1 -1 24.154285
221 235 244 -1 27.089658
400 407 -1 -1 22.994816
400 432 -1 -1 20.171503
400 407 432 -1 24.611970
369 400 -1 -1 20.654991
369 400 407 -1 31.362843
400 436 -1 -1 23.229373
400 432 436 -1 24.757971
400 412 -1 -1 20.558599
400 412 436 -1 23.516032
393 400 -1 -1 23.913617
393 400 412 -1 24.103784
332 350 -1 -1 25.706669
350 352 -1 -1 18.140936
332 350 352 -1 25.711593
323 350 -1 -1 20.723935
323 332 -1 -1 18.496979
323 332 350 -1 25.979350
504 515 -1 -1 20.665946
487 504 -1 -1 21.115996
487 504 515 -1 22.692284
473 504 -1 -1 15.930989
473 487 504 -1 22.214785
504 536 -1 -1 19.143440
504 515 536 -1 26.593596
504 511 -1 -1 17.118573
504 511 536 -1 21.623049
473 504 511 -1 26.707512
515 523 -1 -1 23.704111
482 523 -1 -1 19.019692
482 515 523 -1 27.460062
523 527 -1 -1 17.745677
482 523 527 -1 28.106597
410 425 -1 -1 29.305763
391 425 -1 -1 21.959126
391 410 425 -1 30.548131
425 446 -1 -1 19.857992
410 425 446 -1 32.267603
412 425 -1 -1 25.848498
425 451 -1 -1 25.057284
412 425 451 -1 28.369358
391 412 425 -1 30.654772
425 473 -1 -1 31.936761
425 451 473 -1 32.303362
425 446 473 -1 32.521264
360 385 -1 -1 21.932594
360 377 -1 -1 23.677600
377 385 -1 -1 12.619430
360 377 385 -1 23.926645
384 385 -1 -1 17.037263
360 384 -1 -1 21.744130
360 384 385 -1 23.718188
181 187 -1 -1 21.946656
282 316 -1 -1 21.804456
316 323 -1 -1 12.192080
282 323 -1 -1 26.990306
282 316 323 -1 27.526128
177 197 -1 -1 33.147086
197 219 -1 -1 14.143979
177 197 219 -1 33.812064
197 241 -1 -1 26.751666
197 219 241 -1 26.828463
197 200 -1 -1 18.848350
200 232 -1 -1 20.538237
197 232 -1 -1 28.430648
197 200 232 -1 28.453795
232 241 -1 -1 14.687803
197 232 241 -1 28.785910
281 303 -1 -1 17.081017
268 303 -1 -1 24.196445
268 281 -1 -1 23.186073
268 281 303 -1 25.432014
303 328 -1 -1 21.850441
328 330 -1 -1 20.541678
303 330 -1 -1 24.934787
303 328 330 -1 26.220557
313 353 -1 -1 27.089083
313 343 -1 -1 30.710709
313 343 353 -1 31.562436
313 317 -1 -1 20.131933
313 317 343 -1 30.885876
286 313 -1 -1 22.402410
288 313 -1 -1 28.563414
286 288 -1 -1 19.291547
286 288 313 -1 28.628303
286 317 -1 -1 24.868634
286 313 317 -1 26.249604
252 255 -1 -1 22.855622
237 252 -1 -1 27.860528
237 252 255 -1 28.222591
252 286 -1 -1 25.400449
255 286 -1 -1 28.200660
252 255 286 -1 29.772569
283 286 -1 -1 18.389242
283 317 -1 -1 19.749134
283 286 317 -1 25.157443
255 283 -1 -1 19.557920
255 283 286 -1 28.353559
204 214 -1 -1 14.249844
189 204 -1 -1 21.372261
189 204 214 -1 21.693668
204 231 -1 -1 22.340493
204 224 -1 -1 21.686888
204 224 231 -1 24.046741
204 214 231 -1 22.395558
200 229 -1 -1 27.717027
229 232 -1 -1 18.888546
200 229 232 -1 27.719499
208 229 -1 -1 17.297839
200 208 229 -1 28.066984
229 252 -1 -1 19.546563
232 252 -1 -1 24.653539
229 232 252 -1 25.051211
229 237 -1 -1 20.108813
208 229 237 -1 24.901795
229 237 252 -1 27.862885
506 533 -1 -1 16.618576
506 537 -1 -1 18.420061
506 533 537 -1 19.982503
485 506 -1 -1 20.155547
478 506 -1 -1 15.071887
478 485 506 -1 22.999329
506 516 -1 -1 21.631617
478 506 516 -1 22.989200
506 516 533 -1 21.651590
492 501 -1 -1 14.295671
458 492 -1 -1 15.481848
458 501 -1 -1 20.173308
458 492 501 -1 20.244507
501 509 -1 -1 18.632627
501 529 -1 -1 15.892877
501 509 529 -1 20.105861
501 516 -1 -1 14.947006
501 516 529 -1 20.371909
492 501 516 -1 16.602430
474 492 -1 -1 12.177729
474 478 -1 -1 13.333775
474 478 492 -1 16.587073
439 474 -1 -1 15.956079
458 474 -1 -1 15.463172
439 458 474 -1 19.811925
458 474 492 -1 16.830533
517 537 -1 -1 20.069877
506 517 -1 -1 22.799470
506 517 537 -1 23.905352
485 517 -1 -1 20.747268
485 506 517 -1 24.636267
495 517 -1 -1 22.441302
485 495 517 -1 26.531430
318 345 -1 -1 28.086009
340 345 -1 -1 24.213565
318 340 345 -1 28.371871
394 429 -1 -1 23.260289
394 404 -1 -1 22.148906
394 404 429 -1 26.125670
181 199 -1 -1 32.041030
173 199 -1 -1 27.821970
173 181 199 -1 32.931093
193 199 -1 -1 21.389573
173 193 199 -1 30.172784
199 220 -1 -1 32.137457
193 199 220 -1 32.141200
199 240 -1 -1 31.751710
199 220 240 -1 32.980776
240 244 -1 -1 15.134165
199 244 -1 -1 31.014173
199 240 244 -1 32.371040
199 221 -1 -1 16.590308
199 221 244 -1 31.057032
282 305 -1 -1 25.875813
305 316 -1 -1 15.153057
282 305 316 -1 25.913216
303 305 -1 -1 17.323358
305 330 -1 -1 16.540015
303 305 330 -1 25.022989
316 330 -1 -1 19.504087
305 316 330 -1 20.116865
350 376 -1 -1 19.800872
352 376 -1 -1 23.665564
350 352 376 -1 24.284079
376 378 -1 -1 23.196673
376 393 -1 -1 13.655519
376 378 393 -1 24.490026
352 376 378 -1 25.693751
350 369 -1 -1 27.875465
369 376 -1 -1 22.047498
350 369 376 -1 28.064333
376 400 -1 -1 28.070963
376 393 400 -1 28.099925
369 376 400 -1 28.338009
346 350 -1 -1 16.727932
323 346 -1 -1 24.229415
323 346 350 -1 24.615006
316 346 -1 -1 24.598662
330 346 -1 -1 16.703198
316 330 346 -1 24.684570
316 323 346 -1 25.222783
346 369 -1 -1 24.212625
346 359 -1 -1 23.733587
346 359 369 -1 25.820330
346 350 369 -1 28.045377
245 271 -1 -1 17.361288
354 360 -1 -1 26.175755
354 377 -1 -1 14.278920
354 360 377 -1 26.357854
325 332 -1 -1 24.866117
325 355 -1 -1 19.283037
325 332 355 -1 29.112769
295 325 -1 -1 22.054544
295 332 -1 -1 24.558197
295 325 332 -1 27.615468
385 414 -1 -1 23.628515
384 414 -1 -1 27.668910
384 385 414 -1 27.817139
414 419 -1 -1 20.991025
384 419 -1 -1 24.343053
384 414 419 -1 28.669500
235 258 -1 -1 21.038306
244 258 -1 -1 20.025847
235 244 258 -1 25.395584
240 270 -1 -1 23.288960
244 270 -1 -1 17.899166
240 244 270 -1 23.290930
240 268 -1 -1 26.526412
268 270 -1 -1 20.130559
240 268 270 -1 27.472641
258 270 -1 -1 23.590256
244 258 270 -1 24.240359
270 282 -1 -1 15.144609
258 282 -1 -1 24.151586
258 270 282 -1 25.184766
292 295 -1 -1 20.067137
292 332 -1 -1 24.981741
292 295 332 -1 27.096209
292 323 -1 -1 24.855099
292 323 332 -1 26.835642
282 292 -1 -1 16.705115
282 292 323 -1 27.562725
258 292 -1 -1 24.240881
258 282 292 -1 25.781302
235 243 -1 -1 18.795256
212 243 -1 -1 26.681607
212 235 -1 -1 33.814276
212 235 243 -1 33.917620
243 250 -1 -1 20.764512
212 250 -1 -1 29.909956
212 243 250 -1 30.691523
243 258 -1 -1 27.083360
235 243 258 -1 27.167964
297 325 -1 -1 26.396889
295 297 -1 -1 22.234147
295 297 325 -1 27.578215
206 227 -1 -1 19.942791
218 227 -1 -1 22.453584
206 218 -1 -1 21.096017
206 218 227 -1 24.527045
227 245 -1 -1 15.212187
187 194 -1 -1 21.719798
187 212 -1 -1 21.418713
194 212 -1 -1 28.074992
187 194 212 -1 28.409247
170 197 -1 -1 24.864203
170 177 -1 -1 20.332182
170 177 197 -1 33.220328
241 257 -1 -1 14.730806
246 257 -1 -1 18.344979
241 246 257 -1 20.061303
349 370 -1 -1 23.808348
349 359 -1 -1 14.636112
349 359 370 -1 23.902048
328 349 -1 -1 16.768970
330 349 -1 -1 19.521617
328 330 349 -1 22.083309
346 349 -1 -1 22.473314
330 346 349 -1 23.136662
346 349 359 -1 24.430280
356 370 -1 -1 15.212869
356 367 -1 -1 18.246159
356 367 370 -1 19.301220
349 356 -1 -1 19.621908
349 356 370 -1 23.890988
328 356 -1 -1 21.557328
328 349 356 -1 22.644982
310 328 -1 -1 18.984350
303 310 -1 -1 23.396995
303 310 328 -1 24.977462
281 310 -1 -1 24.861298
281 288 -1 -1 18.938117
288 310 -1 -1 17.594721
281 288 310 -1 24.931971
281 303 310 -1 25.870764
310 313 -1 -1 23.955178
288 310 313 -1 28.655583
254 294 -1 -1 22.729628
278 294 -1 -1 26.632789
254 278 294 -1 29.361805
294 298 -1 -1 15.969699
278 294 298 -1 28.477874
255 294 -1 -1 26.877605
254 255 294 -1 27.291981
283 294 -1 -1 17.334240
255 283 294 -1 26.923138
294 318 -1 -1 20.077367
294 298 318 -1 21.268426
294 317 -1 -1 26.141687
294 317 318 -1 27.457024
283 294 317 -1 26.143099
201 204 -1 -1 18.488735
201 224 -1 -1 16.803659
201 204 224 -1 22.384128
466 475 -1 -1 11.573071
466 509 -1 -1 19.014572
466 475 509 -1 19.107755
466 501 -1 -1 18.053938
466 501 509 -1 21.453713
458 466 -1 -1 16.258778
458 466 501 -1 21.235282
442 466 -1 -1 18.944298
442 458 466 -1 19.854759
463 466 -1 -1 19.104674
463 466 475 -1 20.015952
442 463 466 -1 24.791854
460 474 -1 -1 11.464603
460 478 -1 -1 16.020207
460 474 478 -1 16.262508
455 460 -1 -1 21.026138
455 460 478 -1 25.242532
435 460 -1 -1 17.037634
435 455 460 -1 21.074263
439 460 -1 -1 13.996152
439 460 474 -1 16.382365
415 460 -1 -1 21.950176
415 435 460 -1 23.195284
415 439 460 -1 22.200564
345 363 -1 -1 17.189197
363 394 -1 -1 28.450524
363 375 -1 -1 15.249431
340 363 -1 -1 27.292561
340 363 375 -1 29.122564
340 345 363 -1 27.669206
363 404 -1 -1 27.776529
363 375 404 -1 27.934863
363 394 404 -1 30.596376
199 205 -1 -1 26.967633
181 205 -1 -1 16.469428
181 199 205 -1 32.057111
205 221 -1 -1 20.482085
199 205 221 -1 26.998521
187 205 -1 -1 22.333506
205 212 -1 -1 22.200356
187 205 212 -1 25.397502
181 187 205 -1 23.855976
205 235 -1 -1 28.315698
205 212 235 -1 34.061592
205 221 235 -1 31.833163
362 378 -1 -1 31.941224
355 362 -1 -1 20.468473
355 362 378 -1 32.114031
362 377 -1 -1 31.667817
362 383 -1 -1 17.053071
377 383 -1 -1 29.303326
362 377 383 -1 32.014303
354 362 -1 -1 29.072242
354 362 377 -1 31.717030
362 391 -1 -1 34.246612
362 383 391 -1 34.491122
362 378 391 -1 34.481126
324 341 -1 -1 29.074385
315 324 -1 -1 15.471893
315 341 -1 -1 23.408743
315 324 341 -1 29.167946
341 354 -1 -1 19.793443
324 354 -1 -1 27.953277
324 341 354 -1 30.441049
341 362 -1 -1 25.325700
341 354 362 -1 29.597132
325 341 -1 -1 27.215191
341 355 -1 -1 31.015214
325 341 355 -1 31.339321
341 355 362 -1 31.155877
338 360 -1 -1 19.142245
338 354 -1 -1 22.449073
338 354 360 -1 26.805615
324 338 -1 -1 14.898607
324 338 354 -1 28.049838
301 324 -1 -1 20.982499
301 315 -1 -1 26.251865
301 315 324 -1 26.254684
271 301 -1 -1 22.143620
414 449 -1 -1 23.794648
419 449 -1 -1 14.802820
414 419 449 -1 24.068986
449 471 -1 -1 13.374347
441 489 -1 -1 21.002530
441 471 -1 -1 28.443693
441 471 489 -1 30.324907
441 449 -1 -1 31.672156
441 449 471 -1 31.678486
414 441 -1 -1 27.474911
414 441 449 -1 32.652146
414 427 -1 -1 30.262056
427 441 -1 -1 19.056605
414 427 441 -1 30.842699
441 482 -1 -1 29.474132
427 441 482 -1 33.936110
441 482 489 -1 30.092968
401 414 -1 -1 17.777080
401 427 -1 -1 24.645861
401 414 427 -1 30.263209
401 410 -1 -1 27.297346
383 401 -1 -1 21.349058
383 401 410 -1 27.300527
401 410 427 -1 27.734085
385 401 -1 -1 20.581195
385 401 414 -1 24.388977
377 401 -1 -1 22.383703
377 383 401 -1 29.459007
377 385 401 -1 22.666553
289 305 -1 -1 15.070953
282 289 -1 -1 20.807048
282 289 305 -1 25.878776
270 289 -1 -1 18.201619
270 282 289 -1 21.388968
268 289 -1 -1 12.835604
268 270 289 -1 20.521872
289 303 -1 -1 20.582648
268 289 303 -1 24.196817
289 303 305 -1 21.000028
243 276 -1 -1 21.934979
258 276 -1 -1 23.652265
243 258 276 -1 28.353320
276 292 -1 -1 26.987811
276 295 -1 -1 20.479084
276 292 295 -1 27.165069
258 276 292 -1 28.989464
276 297 -1 -1 25.130840
276 295 297 -1 26.431861
250 276 -1 -1 27.802793
243 250 276 -1 28.133744
271 287 -1 -1 21.791734
245 287 -1 -1 30.964802
245 271 287 -1 31.907025
287 301 -1 -1 27.569567
287 315 -1 -1 17.456095
287 301 315 -1 28.512866
271 287 301 -1 28.214306
225 250 -1 -1 20.716082
245 250 -1 -1 28.930793
225 245 -1 -1 27.440374
225 245 250 -1 30.363738
225 227 -1 -1 19.201445
225 227 245 -1 28.431017
212 225 -1 -1 18.950396
212 225 250 -1 30.188072
206 225 -1 -1 26.108090
206 225 227 -1 26.269535
194 225 -1 -1 28.848809
194 212 225 -1 30.203208
194 206 -1 -1 18.877747
194 206 225 -1 29.498550
176 194 -1 -1 28.735342
176 206 -1 -1 23.842229
176 194 206 -1 28.911078
176 218 -1 -1 30.465108
176 206 218 -1 30.575412
180 197 -1 -1 24.758810
180 200 -1 -1 18.097190
180 197 200 -1 24.889316
170 180 -1 -1 24.646688
170 180 197 -1 28.586973
180 191 -1 -1 23.691534
180 191 200 -1 26.918512
257 262 -1 -1 15.030654
246 262 -1 -1 13.049306
246 257 262 -1 18.560941
240 262 -1 -1 24.623694
262 268 -1 -1 11.479539
240 262 268 -1 26.575816
240 246 262 -1 24.626966
262 281 -1 -1 22.305715
262 268 281 -1 23.567221
257 281 -1 -1 18.049610
257 262 281 -1 22.417689
241 259 -1 -1 23.169415
232 259 -1 -1 24.115059
232 241 259 -1 24.914376
257 259 -1 -1 17.888803
241 257 259 -1 23.169416
252 259 -1 -1 17.180593
232 252 259 -1 26.064247
259 286 -1 -1 28.287823
259 288 -1 -1 18.827926
259 286 288 -1 28.433921
252 259 286 -1 28.659756
259 281 -1 -1 21.741468
259 281 288 -1 23.093816
257 259 281 -1 22.567391
310 335 -1 -1 19.429681
313 335 -1 -1 19.240849
310 313 335 -1 24.630416
335 353 -1 -1 23.058679
313 335 353 -1 27.588634
335 356 -1 -1 15.475701
328 335 -1 -1 22.435123
328 335 356 -1 23.526693
310 328 335 -1 23.663346
335 367 -1 -1 25.418632
335 353 367 -1 25.972698
335 356 367 -1 25.637807
175 201 -1 -1 28.389509
175 204 -1 -1 19.093075
175 201 204 -1 28.676212
175 189 -1 -1 18.049395
175 189 204 -1 22.716198
297 319 -1 -1 17.648076
319 325 -1 -1 21.725385
297 319 325 -1 26.567053
319 341 -1 -1 17.610568
319 325 341 -1 27.255223
315 319 -1 -1 18.174809
315 319 341 -1 23.656956
287 319 -1 -1 24.985277
287 315 319 -1 24.988880
287 297 -1 -1 23.312332
287 297 319 -1 26.028844
273 276 -1 -1 26.993016
250 273 -1 -1 16.043707
250 273 276 -1 28.683907
273 297 -1 -1 19.605982
273 276 297 -1 28.219235
273 287 -1 -1 19.919874
273 287 297 -1 24.473384
245 273 -1 -1 29.124269
245 250 273 -1 30.205644
245 273 287 -1 31.952090
170 -1 -1 -1 0.000000
173 -1 -1 -1 0.000000
175 -1 -1 -1 0.000000
176 -1 -1 -1 0.000000
177 -1 -1 -1 0.000000
180 -1 -1 -1 0.000000
181 -1 -1 -1 0.000000
187 -1 -1 -1 0.000000
189 -1 -1 -1 0.000000
191 -1 -1 -1 0.000000
193 -1 -1 -1 0.000000
194 -1 -1 -1 0.000000
197 -1 -1 -1 0.000000
199 -1 -1 -1 0.000000
200 -1 -1 -1 0.000000
201 -1 -1 -1 0.000000
204 -1 -1 -1 0.000000
205 -1 -1 -1 0.000000
206 -1 -1 -1 0.000000
208 -1 -1 -1 0.000000
212 -1 -1 -1 0.000000
214 -1 -1 -1 0.000000
218 -1 -1 -1 0.000000
219 -1 -1 -1 0.000000
220 -1 -1 -1 0.000000
221 -1 -1 -1 0.000000
224 -1 -1 -1 0.000000
225 -1 -1 -1 0.000000
227 -1 -1 -1 0.000000
229 -1 -1 -1 0.000000
231 -1 -1 -1 0.000000
232 -1 -1 -1 0.000000
235 -1 -1 -1 0.000000
237 -1 -1 -1 0.000000
240 -1 -1 -1 0.000000
241 -1 -1 -1 0.000000
243 -1 -1 -1 0.000000
244 -1 -1 -1 0.000000
245 -1 -1 -1 0.000000
246 -1 -1 -1 0.000000
249 -1 -1 -1 0.000000
250 -1 -1 -1 0.000000
252 -1 -1 -1 0.000000
254 -1 -1 -1 0.000000
255 -1 -1 -1 0.000000
257 -1 -1 -1 0.000000
258 -1 -1 -1 0.000000
259 -1 -1 -1 0.000000
262 -1 -1 -1 0.000000
268 -1 -1 -1 0.000000
270 -1 -1 -1 0.000000
271 -1 -1 -1 0.000000
273 -1 -1 -1 0.000000
276 -1 -1 -1 0.000000
278 -1 -1 -1 0.000000
281 -1 -1 -1 0.000000
282 -1 -1 -1 0.000000
283 -1 -1 -1 0.000000
286 -1 -1 -1 0.000000
287 -1 -1 -1 0.000000
288 -1 -1 -1 0.000000
289 -1 -1 -1 0.000000
292 -1 -1 -1 0.000000
294 -1 -1 -1 0.000000
295 -1 -1 -1 0.000000
297 -1 -1 -1 0.000000
298 -1 -1 -1 0.000000
301 -1 -1 -1 0.000000
303 -1 -1 -1 0.000000
305 -1 -1 -1 0.000000
310 -1 -1 -1 0.000000
313 -1 -1 -1 0.000000
315 -1 -1 -1 0.000000
316 -1 -1 -1 0.000000
317 -1 -1 -1 0.000000
318 -1 -1 -1 0.000000
319 -1 -1 -1 0.000000
323 -1 -1 -1 0.000000
324 -1 -1 -1 0.000000
325 -1 -1 -1 0.000000
328 -1 -1 -1 0.000000
330 -1 -1 -1 0.000000
332 -1 -1 -1 0.000000
335 -1 -1 -1 0.000000
338 -1 -1 -1 0.000000
340 -1 -1 -1 0.000000
341 -1 -1 -1 0.000000
343 -1 -1 -1 0.000000
345 -1 -1 -1 0.000000
346 -1 -1 -1 0.000000
349 -1 -1 -1 0.000000
350 -1 -1 -1 0.000000
352 -1 -1 -1 0.000000
353 -1 -1 -1 0.000000
354 -1 -1 -1 0.000000
355 -1 -1 -1 0.000000
356 -1 -1 -1 0.000000
359 -1 -1 -1 0.000000
360 -1 -1 -1 0.000000
362 -1 -1 -1 0.000000
363 -1 -1 -1 0.000000
367 -1 -1 -1 0.000000
369 -1 -1 -1 0.000000
370 -1 -1 -1 0.000000
375 -1 -1 -1 0.000000
376 -1 -1 -1 0.000000
377 -1 -1 -1 0.000000
378 -1 -1 -1 0.000000
379 -1 -1 -1 0.000000
383 -1 -1 -1 0.000000
384 -1 -1 -1 0.000000
385 -1 -1 -1 0.000000
386 -1 -1 -1 0.000000
387 -1 -1 -1 0.000000
388 -1 -1 -1 0.000000
391 -1 -1 -1 0.000000
393 -1 -1 -1 0.000000
394 -1 -1 -1 0.000000
398 -1 -1 -1 0.000000
400 -1 -1 -1 0.000000
401 -1 -1 -1 0.000000
404 -1 -1 -1 0.000000
407 -1 -1 -1 0.000000
409 -1 -1 -1 0.000000
410 -1 -1 -1 0.000000
412 -1 -1 -1 0.000000
414 -1 -1 -1 0.000000
415 -1 -1 -1 0.000000
419 -1 -1 -1 0.000000
420 -1 -1 -1 0.000000
425 -1 -1 -1 0.000000
427 -1 -1 -1 0.000000
428 -1 -1 -1 0.000000
429 -1 -1 -1 0.000000
432 -1 -1 -1 0.000000
435 -1 -1 -1 0.000000
436 -1 -1 -1 0.000000
437 -1 -1 -1 0.000000
439 -1 -1 -1 0.000000
441 -1 -1 -1 0.000000
442 -1 -1 -1 0.000000
446 -1 -1 -1 0.000000
449 -1 -1 -1 0.000000
450 -1 -1 -1 0.000000
451 -1 -1 -1 0.000000
452 -1 -1 -1 0.000000
455 -1 -1 -1 0.000000
458 -1 -1 -1 0.000000
460 -1 -1 -1 0.000000
463 -1 -1 -1 0.000000
465 -1 -1 -1 0.000000
466 -1 -1 -1 0.000000
468 -1 -1 -1 0.000000
469 -1 -1 -1 0.000000
471 -1 -1 -1 0.000000
473 -1 -1 -1 0.000000
474 -1 -1 -1 0.000000
475 -1 -1 -1 0.000000
478 -1 -1 -1 0.000000
482 -1 -1 -1 0.000000
485 -1 -1 -1 0.000000
487 -1 -1 -1 0.000000
489 -1 -1 -1 0.000000
492 -1 -1 -1 0.000000
493 -1 -1 -1 0.000000
495 -1 -1 -1 0.000000
498 -1 -1 -1 0.000000
501 -1 -1 -1 0.000000
502 -1 -1 -1 0.000000
504 -1 -1 -1 0.000000
506 -1 -1 -1 0.000000
509 -1 -1 -1 0.000000
511 -1 -1 -1 0.000000
515 -1 -1 -1 0.000000
516 -1 -1 -1 0.000000
517 -1 -1 -1 0.000000
519 -1 -1 -1 0.000000
523 -1 -1 -1 0.000000
527 -1 -1 -1 0.000000
528 -1 -1 -1 0.000000
529 -1 -1 -1 0.000000
530 -1 -1 -1 0.000000
533 -1 -1 -1 0.000000
536 -1 -1 -1 0.000000
537 -1 -1 -1 0.000000
538 -1 -1 -1 0.000000
540 -1 -1 -1 0.000000
