266 284 -1 -1 27.774390
247 266 -1 -1 18.531670
247 284 -1 -1 29.214613
247 266 284 -1 30.204224
87 95 -1 -1 25.130240
285 310 -1 -1 27.806040
268 285 -1 -1 20.410132
241 268 -1 -1 23.180226
240 241 -1 -1 20.928975
223 240 -1 -1 21.805138
223 241 -1 -1 33.613534
223 240 241 -1 34.599940
240 268 -1 -1 25.826257
240 241 268 -1 27.238308
97 115 -1 -1 24.266241
95 115 -1 -1 22.542802
95 97 -1 -1 20.984952
95 97 115 -1 26.236256
322 341 -1 -1 21.480901
322 330 -1 -1 25.886598
330 341 -1 -1 24.035067
322 330 341 -1 27.716736
313 322 -1 -1 21.113852
313 330 -1 -1 22.703401
313 322 330 -1 27.169536
339 356 -1 -1 17.394113
330 356 -1 -1 29.356135
330 339 -1 -1 25.206456
330 339 356 -1 29.467423
339 355 -1 -1 28.969871
328 339 -1 -1 18.984831
328 355 -1 -1 23.128349
328 339 355 -1 29.029145
356 366 -1 -1 15.474759
330 366 -1 -1 24.071387
330 356 366 -1 29.404889
341 366 -1 -1 33.676006
360 366 -1 -1 28.603461
341 360 -1 -1 24.811378
341 360 366 -1 34.452717
330 341 366 -1 33.682686
174 196 -1 -1 28.258647
174 187 -1 -1 24.282587
187 196 -1 -1 22.703436
174 187 196 -1 29.418422
196 214 -1 -1 16.637728
196 239 -1 -1 33.432594
214 239 -1 -1 25.317987
196 214 239 -1 34.415692
189 219 -1 -1 30.731216
189 214 -1 -1 29.926575
214 219 -1 -1 16.870319
189 214 219 -1 31.605071
189 196 -1 -1 31.492862
189 196 214 -1 32.023991
174 189 -1 -1 20.156832
174 189 196 -1 32.058464
115 122 -1 -1 27.865969
115 145 -1 -1 31.194009
122 145 -1 -1 40.481459
115 122 145 -1 40.563971
347 364 -1 -1 15.964794
194 199 -1 -1 25.190787
170 199 -1 -1 33.495123
170 194 -1 -1 30.446427
170 194 199 -1 34.961832
262 280 -1 -1 21.121024
262 270 -1 -1 24.352633
270 280 -1 -1 22.478555
262 270 280 -1 26.297016
249 280 -1 -1 36.334971
249 262 -1 -1 24.905088
249 262 280 -1 37.441445
280 293 -1 -1 15.395315
249 293 -1 -1 38.655976
249 280 293 -1 38.717336
259 293 -1 -1 36.242130
249 259 -1 -1 16.913467
249 259 293 -1 38.799286
259 284 -1 -1 19.010523
247 259 -1 -1 27.596277
247 259 284 -1 30.228462
383 384 -1 -1 17.009579
280 294 -1 -1 28.146824
270 294 -1 -1 23.897774
270 280 294 -1 29.186066
299 310 -1 -1 31.839978
285 299 -1 -1 17.078464
285 299 310 -1 31.886100
235 240 -1 -1 22.275230
223 235 -1 -1 25.417513
223 235 240 -1 26.978047
240 265 -1 -1 26.009441
235 265 -1 -1 18.372610
235 240 265 -1 26.503129
236 249 -1 -1 27.875935
239 249 -1 -1 18.692430
236 239 -1 -1 22.269178
236 239 249 -1 27.970096
236 262 -1 -1 22.306545
236 249 262 -1 29.287454
196 236 -1 -1 38.820827
196 236 239 -1 38.920688
260 262 -1 -1 27.635345
260 270 -1 -1 14.798989
260 262 270 -1 27.697726
115 120 -1 -1 18.155797
120 145 -1 -1 27.061173
115 120 145 -1 31.322384
120 139 -1 -1 33.356242
139 145 -1 -1 21.905384
120 139 145 -1 33.474373
120 143 -1 -1 33.981482
139 143 -1 -1 14.519858
120 139 143 -1 34.509015
97 120 -1 -1 22.934014
97 115 120 -1 25.615944
85 95 -1 -1 29.754377
85 97 -1 -1 14.114323
85 95 97 -1 32.700886
231 232 -1 -1 21.618593
215 231 -1 -1 31.704742
215 232 -1 -1 23.227454
215 231 232 -1 31.704787
199 217 -1 -1 32.445576
215 217 -1 -1 29.126239
199 215 -1 -1 17.307918
199 215 217 -1 32.591146
194 217 -1 -1 19.405226
194 199 217 -1 32.474955
217 233 -1 -1 18.702758
215 233 -1 -1 37.929337
215 217 233 -1 38.888709
232 233 -1 -1 36.081124
215 232 233 -1 39.073966
233 244 -1 -1 13.964424
232 244 -1 -1 28.577918
232 233 244 -1 38.730882
286 305 -1 -1 23.538675
263 305 -1 -1 42.106671
263 286 -1 -1 35.610475
263 286 305 -1 42.124819
350 370 -1 -1 28.141941
350 376 -1 -1 29.791679
370 376 -1 -1 28.682502
350 370 376 -1 33.367832
266 298 -1 -1 26.995995
277 298 -1 -1 23.684154
266 277 -1 -1 18.033233
266 277 298 -1 27.466023
284 298 -1 -1 16.010248
266 284 298 -1 28.664072
308 313 -1 -1 17.272942
308 322 -1 -1 15.633292
308 313 322 -1 21.462577
298 308 -1 -1 26.889501
277 308 -1 -1 20.446428
277 298 308 -1 27.880706
298 313 -1 -1 20.668198
298 308 313 -1 26.889663
313 316 -1 -1 14.014960
316 330 -1 -1 24.949267
313 316 330 -1 25.199152
316 339 -1 -1 27.907951
316 330 339 -1 30.182156
298 316 -1 -1 20.441933
298 313 316 -1 21.867069
339 368 -1 -1 28.635358
356 368 -1 -1 19.478604
339 356 368 -1 29.248421
355 368 -1 -1 16.528773
339 355 368 -1 30.072042
366 377 -1 -1 15.060076
360 377 -1 -1 20.799449
360 366 377 -1 29.568330
149 164 -1 -1 30.686579
130 149 -1 -1 32.403133
130 164 -1 -1 35.296776
130 149 164 -1 38.075421
164 181 -1 -1 21.478127
164 182 -1 -1 26.102081
181 182 -1 -1 23.102381
164 181 182 -1 27.512933
181 194 -1 -1 24.965344
170 181 -1 -1 25.021264
170 181 194 -1 31.513454
149 181 -1 -1 32.239837
149 170 -1 -1 19.310176
149 170 181 -1 32.268134
149 164 181 -1 33.540824
162 189 -1 -1 29.163733
182 189 -1 -1 19.697868
162 182 -1 -1 28.361934
162 182 189 -1 30.632939
162 164 -1 -1 17.972282
162 164 182 -1 29.028614
162 174 -1 -1 33.972729
162 174 189 -1 34.103025
87 107 -1 -1 28.661298
95 107 -1 -1 24.207735
87 95 107 -1 30.312392
107 115 -1 -1 17.458046
95 107 115 -1 25.281413
107 122 -1 -1 13.869067
107 115 122 -1 34.116132
108 122 -1 -1 33.162385
122 130 -1 -1 31.490586
108 130 -1 -1 27.033624
108 122 130 -1 35.631162
259 295 -1 -1 31.673293
284 295 -1 -1 25.520103
259 284 295 -1 31.674804
293 295 -1 -1 20.626041
259 293 295 -1 36.383673
289 294 -1 -1 16.448648
270 289 -1 -1 24.445880
270 289 294 -1 25.716468
289 324 -1 -1 30.276432
294 324 -1 -1 28.642898
289 294 324 -1 30.808169
310 318 -1 -1 27.908028
310 323 -1 -1 13.638701
318 323 -1 -1 23.629957
310 318 323 -1 27.948019
299 318 -1 -1 17.969789
299 310 318 -1 31.963201
111 138 -1 -1 25.429434
134 138 -1 -1 24.192246
111 134 -1 -1 27.623452
111 134 138 -1 29.877860
185 211 -1 -1 29.935291
211 228 -1 -1 20.086127
228 241 -1 -1 15.555657
210 235 -1 -1 27.183832
210 223 -1 -1 22.249263
210 223 235 -1 29.084038
183 210 -1 -1 21.615001
183 223 -1 -1 35.233714
183 210 223 -1 36.818775
235 237 -1 -1 22.773057
221 237 -1 -1 17.549994
221 235 -1 -1 32.379844
221 235 237 -1 33.703841
229 236 -1 -1 13.165830
229 262 -1 -1 30.111312
229 236 262 -1 32.876110
229 260 -1 -1 32.877343
229 260 262 -1 35.156538
229 237 -1 -1 26.420534
237 260 -1 -1 23.386520
229 237 260 -1 33.170942
221 229 -1 -1 25.259079
221 229 237 -1 27.518870
93 94 -1 -1 34.436865
114 144 -1 -1 28.515160
114 138 -1 -1 30.994050
138 144 -1 -1 25.745580
114 138 144 -1 33.099593
111 114 -1 -1 25.759060
111 114 138 -1 32.159962
111 121 -1 -1 19.281581
121 134 -1 -1 19.273037
111 121 134 -1 27.633285
94 121 -1 -1 30.109152
94 111 -1 -1 23.808840
94 111 121 -1 30.127547
93 121 -1 -1 30.416948
93 94 121 -1 36.800498
120 127 -1 -1 29.647480
127 143 -1 -1 14.726094
120 127 143 -1 34.059083
243 258 -1 -1 19.035060
243 263 -1 -1 27.409894
258 263 -1 -1 20.100012
243 258 263 -1 27.415191
266 267 -1 -1 35.586414
267 277 -1 -1 28.940951
266 267 277 -1 35.763061
189 202 -1 -1 29.590469
182 202 -1 -1 17.096310
182 189 202 -1 30.918949
202 219 -1 -1 24.681384
189 202 219 -1 33.077903
246 266 -1 -1 25.516937
246 247 -1 -1 21.553038
246 247 266 -1 26.023463
233 246 -1 -1 22.452877
244 246 -1 -1 30.941005
233 244 246 -1 33.952919
246 267 -1 -1 40.507253
246 266 267 -1 40.985641
244 267 -1 -1 24.103317
244 246 267 -1 40.603281
301 305 -1 -1 39.908939
305 325 -1 -1 22.122217
301 325 -1 -1 41.988334
301 305 325 -1 42.691217
305 312 -1 -1 35.134765
286 312 -1 -1 30.617310
286 305 312 -1 35.707103
308 312 -1 -1 30.071798
312 322 -1 -1 26.865297
308 312 322 -1 30.153601
350 353 -1 -1 17.373465
353 370 -1 -1 20.221071
350 353 370 -1 28.331962
325 353 -1 -1 25.648473
325 350 -1 -1 19.009420
325 350 353 -1 25.649315
306 339 -1 -1 27.681578
306 328 -1 -1 25.752264
306 328 339 -1 28.693057
306 316 -1 -1 13.203971
306 316 339 -1 28.617386
295 306 -1 -1 16.399871
295 328 -1 -1 30.132514
295 306 328 -1 30.144854
298 306 -1 -1 24.878627
298 306 316 -1 24.909179
284 306 -1 -1 28.207883
284 298 306 -1 28.349727
284 295 306 -1 28.525414
280 311 -1 -1 28.193682
293 311 -1 -1 25.032637
280 293 311 -1 28.306559
294 311 -1 -1 22.269699
280 294 311 -1 30.667719
378 379 -1 -1 22.756154
359 379 -1 -1 23.967920
359 378 -1 -1 22.267792
359 378 379 -1 26.595554
368 379 -1 -1 15.321963
355 379 -1 -1 21.763905
355 368 379 -1 21.813966
355 359 -1 -1 17.970459
355 359 379 -1 24.997146
368 382 -1 -1 18.528884
356 382 -1 -1 24.884813
356 368 382 -1 25.144538
379 382 -1 -1 22.161988
368 379 382 -1 22.426370
147 162 -1 -1 32.951861
147 174 -1 -1 25.458369
147 162 174 -1 36.203175
139 147 -1 -1 26.258474
145 147 -1 -1 16.139924
139 145 147 -1 26.326598
147 187 -1 -1 39.720230
147 174 187 -1 41.312262
122 131 -1 -1 22.374499
131 145 -1 -1 36.305364
122 131 145 -1 40.732091
131 147 -1 -1 36.207906
131 145 147 -1 37.190157
131 162 -1 -1 24.441122
131 147 162 -1 37.214954
130 131 -1 -1 25.802587
122 130 131 -1 31.857493
131 164 -1 -1 32.377518
130 131 164 -1 36.770001
131 162 164 -1 32.726370
100 108 -1 -1 18.601635
100 122 -1 -1 28.009528
100 108 122 -1 33.176890
100 107 -1 -1 28.641054
87 100 -1 -1 20.707059
87 100 107 -1 30.727621
100 107 122 -1 29.241008
126 153 -1 -1 30.356477
126 140 -1 -1 36.113439
140 153 -1 -1 23.446970
126 140 153 -1 36.364830
153 177 -1 -1 30.858167
169 177 -1 -1 29.257044
153 169 -1 -1 25.992161
153 169 177 -1 33.374289
126 136 -1 -1 17.192057
112 136 -1 -1 30.173974
112 126 -1 -1 16.978149
112 126 136 -1 36.406515
83 113 -1 -1 26.309948
112 113 -1 -1 17.709982
83 112 -1 -1 29.808563
83 112 113 -1 30.047574
113 126 -1 -1 27.077922
112 113 126 -1 27.747503
113 140 -1 -1 35.993314
113 126 140 -1 38.900692
133 149 -1 -1 21.300899
130 133 -1 -1 15.952560
130 133 149 -1 37.487777
108 133 -1 -1 32.977254
108 130 133 -1 33.211216
323 347 -1 -1 20.826193
76 83 -1 -1 32.969744
76 112 -1 -1 39.281406
76 83 112 -1 40.268460
205 243 -1 -1 35.832188
205 231 -1 -1 39.143787
231 243 -1 -1 15.895128
205 231 243 -1 39.144075
149 168 -1 -1 35.092935
168 170 -1 -1 21.173399
149 168 170 -1 40.570114
140 168 -1 -1 34.028979
140 149 -1 -1 36.544804
140 149 168 -1 40.724650
168 199 -1 -1 25.288852
168 170 199 -1 33.512102
168 177 -1 -1 22.001592
177 199 -1 -1 29.224667
168 177 199 -1 30.121474
153 168 -1 -1 35.106724
140 153 168 -1 36.775541
153 168 177 -1 35.509012
373 384 -1 -1 32.381943
348 373 -1 -1 20.128593
348 384 -1 -1 32.562924
348 373 384 -1 34.155365
348 354 -1 -1 21.231912
354 384 -1 -1 22.515675
348 354 384 -1 32.752028
354 383 -1 -1 28.898560
354 364 -1 -1 25.439419
364 383 -1 -1 19.088385
354 364 383 -1 29.387393
354 383 384 -1 28.935795
338 354 -1 -1 27.375947
331 338 -1 -1 15.663915
331 354 -1 -1 25.005939
331 338 354 -1 27.709661
338 348 -1 -1 19.242266
338 348 354 -1 27.481708
311 319 -1 -1 22.458741
319 332 -1 -1 20.412425
311 332 -1 -1 20.956131
311 319 332 -1 24.632934
294 319 -1 -1 23.875331
319 324 -1 -1 15.777957
294 319 324 -1 28.642951
294 311 319 -1 26.447459
237 253 -1 -1 21.601761
253 260 -1 -1 16.003407
237 253 260 -1 24.181399
253 270 -1 -1 27.131285
253 260 270 -1 32.511613
253 289 -1 -1 31.999613
253 270 289 -1 32.909305
235 253 -1 -1 23.358637
253 265 -1 -1 13.783445
235 253 265 -1 23.373551
235 237 253 -1 26.110108
240 272 -1 -1 29.488237
265 272 -1 -1 18.550588
240 265 272 -1 29.856322
268 272 -1 -1 21.545219
240 268 272 -1 30.338601
272 285 -1 -1 28.434910
268 272 285 -1 28.531284
272 299 -1 -1 27.301393
272 285 299 -1 29.328970
272 283 -1 -1 16.907085
283 299 -1 -1 26.857975
272 283 299 -1 28.512068
265 283 -1 -1 24.964525
265 272 283 -1 24.965969
253 283 -1 -1 27.909009
253 265 283 -1 27.943734
283 289 -1 -1 17.873272
253 283 289 -1 32.088947
302 318 -1 -1 24.769818
318 331 -1 -1 15.899465
302 331 -1 -1 26.569688
302 318 331 -1 27.138281
302 338 -1 -1 26.407220
324 338 -1 -1 19.682700
302 324 -1 -1 18.091413
302 324 338 -1 26.415075
302 331 338 -1 27.729447
299 302 -1 -1 24.692790
299 302 318 -1 26.545255
283 302 -1 -1 24.815831
283 299 302 -1 29.467380
289 302 -1 -1 24.133457
289 302 324 -1 30.277388
283 289 302 -1 26.303944
144 157 -1 -1 19.212419
156 157 -1 -1 15.678118
157 185 -1 -1 30.305610
156 185 -1 -1 25.208528
156 157 185 -1 30.339149
138 156 -1 -1 28.770924
144 156 -1 -1 28.290343
138 144 156 -1 31.973016
144 156 157 -1 29.733814
209 228 -1 -1 27.998317
209 211 -1 -1 20.628118
209 211 228 -1 28.039812
185 209 -1 -1 29.166065
185 209 211 -1 31.550385
209 241 -1 -1 33.997119
209 223 -1 -1 15.557558
209 223 241 -1 34.746925
209 228 241 -1 34.381696
183 209 -1 -1 36.978357
183 209 223 -1 37.187307
213 235 -1 -1 33.451140
213 221 -1 -1 13.710865
213 221 235 -1 33.747755
210 213 -1 -1 16.787982
210 213 235 -1 33.646373
183 213 -1 -1 28.728313
183 210 213 -1 28.888288
196 212 -1 -1 27.363854
187 212 -1 -1 29.288934
187 196 212 -1 30.993560
193 212 -1 -1 20.328477
187 193 -1 -1 22.559707
187 193 212 -1 29.361275
212 236 -1 -1 26.538340
196 212 236 -1 38.847680
212 229 -1 -1 18.964286
212 229 236 -1 28.252679
193 221 -1 -1 29.290658
212 221 -1 -1 26.167636
193 212 221 -1 30.065984
212 221 229 -1 27.686108
193 201 -1 -1 14.448906
201 221 -1 -1 24.776515
193 201 221 -1 29.326314
201 213 -1 -1 18.173510
201 213 221 -1 25.245500
139 165 -1 -1 34.304400
143 165 -1 -1 29.657093
139 143 165 -1 34.478430
91 94 -1 -1 19.062105
91 111 -1 -1 33.543153
91 94 111 -1 34.344367
91 114 -1 -1 32.731363
91 111 114 -1 35.977438
93 102 -1 -1 16.379418
85 102 -1 -1 36.248065
102 121 -1 -1 33.989128
93 102 121 -1 34.014153
97 102 -1 -1 41.675355
85 97 102 -1 42.708465
102 120 -1 -1 45.073039
97 102 120 -1 45.406448
102 127 -1 -1 32.406899
102 120 127 -1 45.137174
148 165 -1 -1 27.796824
143 148 -1 -1 40.539326
143 148 165 -1 40.539899
148 160 -1 -1 13.523729
160 165 -1 -1 16.598548
148 160 165 -1 38.922912
292 308 -1 -1 24.530475
277 292 -1 -1 25.456471
277 292 308 -1 27.408275
267 292 -1 -1 21.810427
267 277 292 -1 29.952522
292 312 -1 -1 19.693325
292 308 312 -1 30.189569
286 292 -1 -1 28.271538
267 286 -1 -1 30.817854
267 286 292 -1 31.948921
286 292 312 -1 31.417328
256 267 -1 -1 33.995103
256 286 -1 -1 27.155921
256 267 286 -1 35.850755
256 263 -1 -1 22.227095
256 263 286 -1 35.626869
232 256 -1 -1 25.590438
244 256 -1 -1 35.031641
232 244 256 -1 35.530980
244 256 267 -1 36.857630
231 256 -1 -1 34.207401
231 232 256 -1 34.239517
243 256 -1 -1 36.033491
243 256 263 -1 36.067713
231 243 256 -1 36.271558
181 198 -1 -1 16.064120
194 198 -1 -1 15.981859
181 194 198 -1 25.556415
198 217 -1 -1 27.721492
194 198 217 -1 28.418160
182 198 -1 -1 23.643206
181 182 198 -1 24.899345
198 202 -1 -1 18.569656
182 198 202 -1 23.824188
202 220 -1 -1 21.594409
219 220 -1 -1 24.963568
202 219 220 -1 27.568466
198 220 -1 -1 31.771145
217 220 -1 -1 29.702357
198 217 220 -1 34.494230
198 202 220 -1 32.788765
220 233 -1 -1 30.119407
217 220 233 -1 31.495708
220 246 -1 -1 20.384761
220 233 246 -1 30.122212
276 305 -1 -1 36.368924
263 276 -1 -1 20.529294
263 276 305 -1 42.114516
276 301 -1 -1 21.818102
276 301 305 -1 40.249481
258 276 -1 -1 26.166203
258 263 276 -1 26.555495
341 346 -1 -1 28.839091
322 346 -1 -1 38.716895
322 341 346 -1 39.262730
312 346 -1 -1 32.774464
312 322 346 -1 39.279227
301 321 -1 -1 19.923989
321 325 -1 -1 37.231249
301 321 325 -1 41.992193
321 353 -1 -1 32.965683
321 325 353 -1 38.096783
342 359 -1 -1 20.602309
342 355 -1 -1 19.952925
342 355 359 -1 22.628462
332 342 -1 -1 13.748065
332 359 -1 -1 25.345388
332 342 359 -1 25.378491
328 342 -1 -1 22.750974
328 342 355 -1 25.477797
377 380 -1 -1 14.842845
366 380 -1 -1 15.261933
366 377 380 -1 17.387327
356 380 -1 -1 18.022022
356 366 380 -1 18.972085
380 382 -1 -1 17.121291
356 380 382 -1 24.884870
152 153 -1 -1 22.251978
126 152 -1 -1 28.640510
126 152 153 -1 31.918994
136 152 -1 -1 20.262549
126 136 152 -1 29.032777
152 169 -1 -1 19.046636
152 153 169 -1 26.615188
113 128 -1 -1 31.779932
128 140 -1 -1 21.109431
113 128 140 -1 36.252176
113 116 -1 -1 28.352352
116 128 -1 -1 18.178579
113 116 128 -1 32.013733
128 133 -1 -1 27.263319
116 133 -1 -1 34.347449
116 128 133 -1 34.545541
128 149 -1 -1 33.918334
128 140 149 -1 37.165112
128 133 149 -1 33.945625
101 108 -1 -1 26.554368
101 133 -1 -1 39.631297
101 108 133 -1 39.953554
101 116 -1 -1 16.354700
101 116 133 -1 39.872605
205 208 -1 -1 32.666874
208 231 -1 -1 21.983309
205 208 231 -1 39.146915
208 215 -1 -1 27.485457
208 215 231 -1 32.313841
199 208 -1 -1 33.334378
199 208 215 -1 33.392615
177 208 -1 -1 30.496935
177 199 208 -1 35.998410
345 359 -1 -1 30.014708
332 345 -1 -1 23.739747
332 345 359 -1 31.028395
345 373 -1 -1 30.453159
345 348 -1 -1 26.460182
345 348 373 -1 30.886987
319 345 -1 -1 23.999026
319 332 345 -1 26.406278
338 345 -1 -1 29.821772
338 345 348 -1 30.304697
324 345 -1 -1 28.770110
324 338 345 -1 31.137902
319 324 345 -1 28.770310
344 347 -1 -1 20.907622
344 364 -1 -1 21.992884
344 347 364 -1 23.148811
344 354 -1 -1 17.653919
344 354 364 -1 25.915670
331 344 -1 -1 19.344083
331 344 354 -1 25.104812
323 344 -1 -1 22.076326
323 344 347 -1 24.588872
318 344 -1 -1 26.311794
318 323 344 -1 27.965218
318 331 344 -1 26.461431
156 180 -1 -1 29.150774
180 185 -1 -1 20.695587
156 180 185 -1 29.783988
180 209 -1 -1 30.761206
180 185 209 -1 32.000553
180 183 -1 -1 17.885659
180 183 209 -1 37.135902
184 213 -1 -1 24.498778
183 184 -1 -1 24.264687
183 184 213 -1 30.174452
184 201 -1 -1 12.452365
184 201 213 -1 25.327812
160 184 -1 -1 28.148973
160 183 -1 -1 35.403684
160 183 184 -1 35.559443
165 184 -1 -1 24.954562
160 165 184 -1 28.381728
165 171 -1 -1 20.194267
139 171 -1 -1 30.531026
139 165 171 -1 34.608697
147 171 -1 -1 41.381677
171 187 -1 -1 22.366189
147 171 187 -1 42.286041
139 147 171 -1 41.448180
171 193 -1 -1 23.861109
171 187 193 -1 26.511726
171 184 -1 -1 29.398351
165 171 184 -1 29.806775
171 201 -1 -1 29.633847
171 193 201 -1 29.950753
171 184 201 -1 30.200462
102 118 -1 -1 21.568328
118 121 -1 -1 30.660140
102 118 121 -1 34.613002
118 127 -1 -1 16.402493
102 118 127 -1 36.219069
118 134 -1 -1 33.131108
118 121 134 -1 33.687058
118 148 -1 -1 37.293282
134 148 -1 -1 21.356179
118 134 148 -1 37.543070
118 143 -1 -1 28.922092
118 127 143 -1 42.038555
118 143 148 -1 42.110962
220 227 -1 -1 23.657465
219 227 -1 -1 16.123359
219 220 227 -1 25.834930
227 246 -1 -1 29.920371
227 247 -1 -1 23.941719
227 246 247 -1 30.209779
220 227 246 -1 30.023790
227 249 -1 -1 36.188941
227 239 -1 -1 27.876220
227 239 249 -1 36.761078
214 227 -1 -1 26.599711
214 227 239 -1 30.784362
214 219 227 -1 27.880199
227 259 -1 -1 37.601011
227 249 259 -1 38.022972
227 247 259 -1 37.668518
350 357 -1 -1 26.014198
357 376 -1 -1 25.386905
350 357 376 -1 31.540326
311 317 -1 -1 19.288328
317 332 -1 -1 26.385966
311 317 332 -1 26.656964
317 342 -1 -1 21.173448
317 332 342 -1 26.522023
317 328 -1 -1 19.817338
317 328 342 -1 24.655714
293 317 -1 -1 22.111835
293 311 317 -1 26.034359
295 317 -1 -1 24.893287
295 317 328 -1 30.302747
293 295 317 -1 26.303826
383 386 -1 -1 14.133716
364 386 -1 -1 20.333450
364 383 386 -1 21.175878
186 208 -1 -1 28.834650
186 205 -1 -1 27.286574
186 205 208 -1 34.521752
169 186 -1 -1 20.636708
177 186 -1 -1 27.044450
169 177 186 -1 30.384941
177 186 208 -1 33.366558
361 373 -1 -1 26.923966
345 361 -1 -1 20.385718
345 361 373 -1 31.043630
361 378 -1 -1 19.193270
359 361 -1 -1 20.142921
359 361 378 -1 23.866895
345 359 361 -1 30.156579
159 180 -1 -1 25.551333
156 159 -1 -1 19.944117
156 159 180 -1 29.733978
138 159 -1 -1 28.915710
138 156 159 -1 30.739499
148 159 -1 -1 25.722818
159 160 -1 -1 29.677841
148 159 160 -1 29.718139
134 159 -1 -1 33.270534
134 138 159 -1 34.144136
134 148 159 -1 33.272148
159 183 -1 -1 33.419942
159 160 183 -1 38.193782
159 180 183 -1 33.843342
327 357 -1 -1 30.980572
327 346 -1 -1 19.529133
346 357 -1 -1 17.576816
327 346 357 -1 33.683734
312 327 -1 -1 18.650820
312 327 346 -1 37.210001
327 350 -1 -1 36.446350
325 327 -1 -1 30.083040
325 327 350 -1 36.500001
327 350 357 -1 37.131422
305 327 -1 -1 29.501095
305 325 327 -1 32.093513
305 312 327 -1 35.138612
360 372 -1 -1 15.828448
357 372 -1 -1 31.103952
346 372 -1 -1 30.249948
346 357 372 -1 32.050661
341 372 -1 -1 31.529836
341 360 372 -1 31.956942
341 346 372 -1 34.948518
372 385 -1 -1 17.353060
357 385 -1 -1 29.598253
357 372 385 -1 31.773226
376 385 -1 -1 32.094323
357 376 385 -1 33.953811
76 -1 -1 -1 0.000000
83 -1 -1 -1 0.000000
85 -1 -1 -1 0.000000
87 -1 -1 -1 0.000000
91 -1 -1 -1 0.000000
93 -1 -1 -1 0.000000
94 -1 -1 -1 0.000000
95 -1 -1 -1 0.000000
97 -1 -1 -1 0.000000
100 -1 -1 -1 0.000000
101 -1 -1 -1 0.000000
102 -1 -1 -1 0.000000
107 -1 -1 -1 0.000000
108 -1 -1 -1 0.000000
111 -1 -1 -1 0.000000
112 -1 -1 -1 0.000000
113 -1 -1 -1 0.000000
114 -1 -1 -1 0.000000
115 -1 -1 -1 0.000000
116 -1 -1 -1 0.000000
118 -1 -1 -1 0.000000
120 -1 -1 -1 0.000000
121 -1 -1 -1 0.000000
122 -1 -1 -1 0.000000
126 -1 -1 -1 0.000000
127 -1 -1 -1 0.000000
128 -1 -1 -1 0.000000
130 -1 -1 -1 0.000000
131 -1 -1 -1 0.000000
133 -1 -1 -1 0.000000
134 -1 -1 -1 0.000000
136 -1 -1 -1 0.000000
138 -1 -1 -1 0.000000
139 -1 -1 -1 0.000000
140 -1 -1 -1 0.000000
143 -1 -1 -1 0.000000
144 -1 -1 -1 0.000000
145 -1 -1 -1 0.000000
147 -1 -1 -1 0.000000
148 -1 -1 -1 0.000000
149 -1 -1 -1 0.000000
152 -1 -1 -1 0.000000
153 -1 -1 -1 0.000000
156 -1 -1 -1 0.000000
157 -1 -1 -1 0.000000
159 -1 -1 -1 0.000000
160 -1 -1 -1 0.000000
162 -1 -1 -1 0.000000
164 -1 -1 -1 0.000000
165 -1 -1 -1 0.000000
168 -1 -1 -1 0.000000
169 -1 -1 -1 0.000000
170 -1 -1 -1 0.000000
171 -1 -1 -1 0.000000
174 -1 -1 -1 0.000000
177 -1 -1 -1 0.000000
180 -1 -1 -1 0.000000
181 -1 -1 -1 0.000000
182 -1 -1 -1 0.000000
183 -1 -1 -1 0.000000
184 -1 -1 -1 0.000000
185 -1 -1 -1 0.000000
186 -1 -1 -1 0.000000
187 -1 -1 -1 0.000000
189 -1 -1 -1 0.000000
193 -1 -1 -1 0.000000
194 -1 -1 -1 0.000000
196 -1 -1 -1 0.000000
198 -1 -1 -1 0.000000
199 -1 -1 -1 0.000000
201 -1 -1 -1 0.000000
202 -1 -1 -1 0.000000
205 -1 -1 -1 0.000000
208 -1 -1 -1 0.000000
209 -1 -1 -1 0.000000
210 -1 -1 -1 0.000000
211 -1 -1 -1 0.000000
212 -1 -1 -1 0.000000
213 -1 -1 -1 0.000000
214 -1 -1 -1 0.000000
215 -1 -1 -1 0.000000
217 -1 -1 -1 0.000000
219 -1 -1 -1 0.000000
220 -1 -1 -1 0.000000
221 -1 -1 -1 0.000000
223 -1 -1 -1 0.000000
227 -1 -1 -1 0.000000
228 -1 -1 -1 0.000000
229 -1 -1 -1 0.000000
231 -1 -1 -1 0.000000
232 -1 -1 -1 0.000000
233 -1 -1 -1 0.000000
235 -1 -1 -1 0.000000
236 -1 -1 -1 0.000000
237 -1 -1 -1 0.000000
239 -1 -1 -1 0.000000
240 -1 -1 -1 0.000000
241 -1 -1 -1 0.000000
243 -1 -1 -1 0.000000
244 -1 -1 -1 0.000000
246 -1 -1 -1 0.000000
247 -1 -1 -1 0.000000
249 -1 -1 -1 0.000000
253 -1 -1 -1 0.000000
256 -1 -1 -1 0.000000
258 -1 -1 -1 0.000000
259 -1 -1 -1 0.000000
260 -1 -1 -1 0.000000
262 -1 -1 -1 0.000000
263 -1 -1 -1 0.000000
265 -1 -1 -1 0.000000
266 -1 -1 -1 0.000000
267 -1 -1 -1 0.000000
268 -1 -1 -1 0.000000
270 -1 -1 -1 0.000000
272 -1 -1 -1 0.000000
276 -1 -1 -1 0.000000
277 -1 -1 -1 0.000000
280 -1 -1 -1 0.000000
283 -1 -1 -1 0.000000
284 -1 -1 -1 0.000000
285 -1 -1 -1 0.000000
286 -1 -1 -1 0.000000
289 -1 -1 -1 0.000000
292 -1 -1 -1 0.000000
293 -1 -1 -1 0.000000
294 -1 -1 -1 0.000000
295 -1 -1 -1 0.000000
298 -1 -1 -1 0.000000
299 -1 -1 -1 0.000000
301 -1 -1 -1 0.000000
302 -1 -1 -1 0.000000
305 -1 -1 -1 0.000000
306 -1 -1 -1 0.000000
308 -1 -1 -1 0.000000
310 -1 -1 -1 0.000000
311 -1 -1 -1 0.000000
312 -1 -1 -1 0.000000
313 -1 -1 -1 0.000000
316 -1 -1 -1 0.000000
317 -1 -1 -1 0.000000
318 -1 -1 -1 0.000000
319 -1 -1 -1 0.000000
321 -1 -1 -1 0.000000
322 -1 -1 -1 0.000000
323 -1 -1 -1 0.000000
324 -1 -1 -1 0.000000
325 -1 -1 -1 0.000000
327 -1 -1 -1 0.000000
328 -1 -1 -1 0.000000
330 -1 -1 -1 0.000000
331 -1 -1 -1 0.000000
332 -1 -1 -1 0.000000
338 -1 -1 -1 0.000000
339 -1 -1 -1 0.000000
341 -1 -1 -1 0.000000
342 -1 -1 -1 0.000000
344 -1 -1 -1 0.000000
345 -1 -1 -1 0.000000
346 -1 -1 -1 0.000000
347 -1 -1 -1 0.000000
348 -1 -1 -1 0.000000
350 -1 -1 -1 0.000000
353 -1 -1 -1 0.000000
354 -1 -1 -1 0.000000
355 -1 -1 -1 0.000000
356 -1 -1 -1 0.000000
357 -1 -1 -1 0.000000
359 -1 -1 -1 0.000000
360 -1 -1 -1 0.000000
361 -1 -1 -1 0.000000
364 -1 -1 -1 0.000000
366 -1 -1 -1 0.000000
368 -1 -1 -1 0.000000
370 -1 -1 -1 0.000000
372 -1 -1 -1 0.000000
373 -1 -1 -1 0.000000
376 -1 -1 -1 0.000000
377 -1 -1 -1 0.000000
378 -1 -1 -1 0.000000
379 -1 -1 -1 0.000000
380 -1 -1 -1 0.000000
382 -1 -1 -1 0.000000
383 -1 -1 -1 0.000000
384 -1 -1 -1 0.000000
385 -1 -1 -1 0.000000
386 -1 -1 -1 0.000000
