261 280 -1 -1 35.393135
261 282 -1 -1 31.488382
280 282 -1 -1 35.088501
261 280 282 -1 39.391560
301 316 -1 -1 23.853504
301 317 -1 -1 34.037163
316 317 -1 -1 25.723647
301 316 317 -1 34.096170
299 316 -1 -1 25.226277
316 319 -1 -1 16.037326
299 319 -1 -1 22.934557
299 316 319 -1 25.744284
299 301 -1 -1 26.894841
299 301 316 -1 29.352048
298 315 -1 -1 29.493379
315 323 -1 -1 32.159118
298 323 -1 -1 31.370209
298 315 323 -1 35.871005
284 298 -1 -1 36.335005
277 298 -1 -1 30.307692
277 284 -1 -1 23.253167
277 284 298 -1 36.513073
284 315 -1 -1 28.604409
284 298 315 -1 37.230502
363 378 -1 -1 32.985105
286 301 -1 -1 20.766418
286 317 -1 -1 38.032978
286 301 317 -1 38.229804
340 365 -1 -1 35.082085
340 351 -1 -1 38.682442
351 365 -1 -1 32.306497
340 351 365 -1 41.185122
244 246 -1 -1 21.676406
246 262 -1 -1 28.628957
244 262 -1 -1 29.924288
244 246 262 -1 31.556721
274 299 -1 -1 30.150327
278 299 -1 -1 23.891659
274 278 -1 -1 28.458754
274 278 299 -1 32.145969
274 301 -1 -1 26.133506
274 299 301 -1 32.234426
274 286 -1 -1 35.650074
274 286 301 -1 36.027626
243 261 -1 -1 32.572046
247 261 -1 -1 25.945931
243 247 -1 -1 32.267825
243 247 261 -1 35.377297
316 338 -1 -1 24.555887
319 338 -1 -1 27.363151
316 319 338 -1 27.641255
317 338 -1 -1 25.966026
316 317 338 -1 29.371539
299 307 -1 -1 33.137141
307 319 -1 -1 29.435168
299 307 319 -1 33.953868
306 307 -1 -1 29.940755
307 328 -1 -1 40.389926
306 328 -1 -1 28.654340
306 307 328 -1 40.440959
307 340 -1 -1 34.666957
328 340 -1 -1 25.367141
307 328 340 -1 40.692102
266 291 -1 -1 36.816702
287 291 -1 -1 29.581795
266 287 -1 -1 25.160728
266 287 291 -1 37.011884
91 129 -1 -1 34.731838
194 215 -1 -1 29.904267
194 219 -1 -1 28.819990
215 219 -1 -1 19.777125
194 215 219 -1 31.220098
298 305 -1 -1 35.879357
305 323 -1 -1 40.095558
298 305 323 -1 41.961187
291 305 -1 -1 22.458156
291 298 -1 -1 42.884875
291 298 305 -1 42.903448
256 280 -1 -1 35.267224
280 289 -1 -1 32.800278
256 289 -1 -1 40.610391
256 280 289 -1 42.431029
256 261 -1 -1 34.936672
256 261 280 -1 40.646123
247 256 -1 -1 32.749377
247 256 261 -1 36.734520
255 256 -1 -1 29.467300
230 255 -1 -1 26.764714
230 256 -1 -1 35.313867
230 255 256 -1 36.151597
235 256 -1 -1 36.784809
235 247 -1 -1 16.933522
235 247 256 -1 36.785374
230 235 -1 -1 31.861272
230 235 256 -1 40.212317
284 303 -1 -1 21.855326
284 289 -1 -1 32.044235
289 303 -1 -1 23.398685
284 289 303 -1 32.044278
303 315 -1 -1 26.294973
284 303 315 -1 30.038263
275 284 -1 -1 31.950722
275 289 -1 -1 21.559936
275 284 289 -1 33.984433
256 275 -1 -1 31.216866
256 275 289 -1 41.113225
255 275 -1 -1 23.127597
255 256 275 -1 32.885953
375 390 -1 -1 21.841103
375 381 -1 -1 37.128721
381 390 -1 -1 39.639090
375 381 390 -1 40.262578
346 378 -1 -1 37.787718
346 363 -1 -1 43.513686
346 363 378 -1 44.937244
363 385 -1 -1 41.046415
339 361 -1 -1 27.084170
365 392 -1 -1 26.327994
381 392 -1 -1 35.204159
365 381 -1 -1 30.006776
365 381 392 -1 36.123718
329 340 -1 -1 24.603245
329 351 -1 -1 27.722361
329 340 351 -1 38.839320
329 338 -1 -1 30.919177
319 329 -1 -1 21.758290
319 329 338 -1 31.721840
338 351 -1 -1 25.813723
329 338 351 -1 32.810280
307 329 -1 -1 28.025277
307 319 329 -1 31.088440
307 329 340 -1 34.996982
360 365 -1 -1 23.088656
360 381 -1 -1 27.692688
360 365 381 -1 31.588366
340 360 -1 -1 21.759193
340 360 365 -1 35.989488
328 360 -1 -1 32.445781
328 340 360 -1 32.500831
267 274 -1 -1 25.161215
267 278 -1 -1 27.651988
267 274 278 -1 31.397729
97 109 -1 -1 27.403159
183 207 -1 -1 31.676319
177 207 -1 -1 35.371527
177 183 -1 -1 32.449453
177 183 207 -1 38.443173
207 235 -1 -1 27.482363
207 230 -1 -1 30.950140
207 230 235 -1 34.938130
338 352 -1 -1 27.203328
351 352 -1 -1 38.285901
338 351 352 -1 38.320237
343 352 -1 -1 23.144636
317 352 -1 -1 30.512978
317 343 -1 -1 27.714279
317 343 352 -1 31.888461
317 338 352 -1 32.471531
296 299 -1 -1 36.187957
278 296 -1 -1 27.754760
278 296 299 -1 36.198214
296 307 -1 -1 24.159293
296 299 307 -1 37.207055
276 296 -1 -1 20.936559
276 278 -1 -1 23.273620
276 278 296 -1 28.420349
282 296 -1 -1 27.477181
276 282 -1 -1 30.085549
276 282 296 -1 31.076229
296 306 -1 -1 30.699615
282 306 -1 -1 29.395223
282 296 306 -1 33.808082
296 306 307 -1 33.068091
214 236 -1 -1 21.790643
236 266 -1 -1 37.635268
227 228 -1 -1 17.015618
227 246 -1 -1 22.224147
228 246 -1 -1 19.606483
227 228 246 -1 23.080172
228 244 -1 -1 26.900746
219 244 -1 -1 26.626291
219 228 -1 -1 17.982488
219 228 244 -1 28.417582
228 244 246 -1 27.224167
241 249 -1 -1 20.237311
241 252 -1 -1 17.471356
249 252 -1 -1 20.559282
241 249 252 -1 22.575460
215 226 -1 -1 28.364264
219 226 -1 -1 32.889323
215 219 226 -1 33.060311
226 244 -1 -1 28.403478
219 226 244 -1 34.333049
226 241 -1 -1 28.438807
226 252 -1 -1 28.696185
226 241 252 -1 30.007410
314 343 -1 -1 29.446390
314 317 -1 -1 26.719975
314 317 343 -1 32.368451
314 339 -1 -1 31.066476
339 343 -1 -1 18.604874
314 339 343 -1 31.894920
286 314 -1 -1 32.490625
286 314 317 -1 38.709048
286 292 -1 -1 22.879149
292 314 -1 -1 27.040945
286 292 314 -1 32.919272
362 374 -1 -1 26.473269
361 362 -1 -1 30.101343
361 374 -1 -1 22.771425
361 362 374 -1 31.172052
339 362 -1 -1 25.905611
343 362 -1 -1 18.029965
339 343 362 -1 25.905611
339 361 362 -1 32.202316
373 374 -1 -1 20.523367
362 373 -1 -1 18.835189
362 373 374 -1 26.599191
352 362 -1 -1 22.348694
352 373 -1 -1 29.333353
352 362 373 -1 29.334152
343 352 362 -1 24.792066
354 360 -1 -1 37.581647
328 354 -1 -1 32.777708
328 354 360 -1 39.901834
354 375 -1 -1 21.876376
354 381 -1 -1 42.120245
354 375 381 -1 42.175334
354 360 381 -1 42.941563
280 304 -1 -1 29.387603
289 304 -1 -1 25.293621
280 289 304 -1 34.247080
303 304 -1 -1 32.039104
289 303 304 -1 32.338751
370 390 -1 -1 47.427686
370 375 -1 -1 42.180645
370 375 390 -1 47.428015
346 370 -1 -1 31.769218
370 378 -1 -1 35.509887
346 370 378 -1 40.732757
344 346 -1 -1 29.084871
344 363 -1 -1 27.400607
344 346 363 -1 44.287863
344 350 -1 -1 37.126521
323 350 -1 -1 36.017587
323 344 -1 -1 24.910757
323 344 350 -1 38.927035
350 363 -1 -1 31.566369
344 350 363 -1 38.000401
315 344 -1 -1 40.210739
315 323 344 -1 40.221964
327 358 -1 -1 32.345309
326 358 -1 -1 27.913563
326 327 -1 -1 33.846917
326 327 358 -1 36.534501
327 350 -1 -1 27.150525
350 358 -1 -1 35.364357
327 350 358 -1 37.112687
305 327 -1 -1 28.100661
323 327 -1 -1 38.194400
323 327 350 -1 39.964398
305 323 327 -1 42.011186
350 372 -1 -1 31.977383
363 372 -1 -1 48.147667
350 363 372 -1 48.685352
372 385 -1 -1 39.410263
363 372 385 -1 50.219896
358 372 -1 -1 24.353107
350 358 372 -1 36.377324
97 98 -1 -1 30.853706
98 116 -1 -1 26.246804
97 116 -1 -1 34.943163
97 98 116 -1 36.179745
374 393 -1 -1 21.695222
373 393 -1 -1 28.168455
373 374 393 -1 28.342115
386 393 -1 -1 22.146058
373 386 -1 -1 21.800989
373 386 393 -1 28.627721
265 286 -1 -1 39.946726
262 286 -1 -1 36.243998
262 265 -1 -1 17.263164
262 265 286 -1 39.949953
265 292 -1 -1 32.777999
265 286 292 -1 39.946766
246 265 -1 -1 32.479473
246 262 265 -1 32.545052
365 380 -1 -1 26.126532
351 380 -1 -1 29.490450
351 365 380 -1 34.224117
380 392 -1 -1 24.254866
365 380 392 -1 29.580009
257 267 -1 -1 20.501596
257 274 -1 -1 29.017351
257 267 274 -1 29.646374
226 257 -1 -1 24.845953
244 257 -1 -1 26.001755
226 244 257 -1 30.661468
252 267 -1 -1 17.241072
252 257 -1 -1 28.115627
252 257 267 -1 28.266396
226 252 257 -1 31.592107
157 185 -1 -1 29.665169
157 164 -1 -1 27.856146
164 185 -1 -1 29.965884
157 164 185 -1 33.722117
183 185 -1 -1 24.126491
157 183 -1 -1 31.708914
157 183 185 -1 33.457107
145 157 -1 -1 26.087168
141 157 -1 -1 25.634845
141 145 -1 -1 30.973532
141 145 157 -1 32.292356
145 164 -1 -1 27.258317
145 157 164 -1 31.288048
175 195 -1 -1 26.107690
175 189 -1 -1 39.901015
189 195 -1 -1 33.015983
175 189 195 -1 40.119265
207 208 -1 -1 28.611260
177 208 -1 -1 31.781807
177 207 208 -1 37.302487
199 208 -1 -1 28.038585
177 199 -1 -1 39.615124
177 199 208 -1 39.940092
208 230 -1 -1 29.472560
207 208 230 -1 34.325816
150 175 -1 -1 22.657312
129 150 -1 -1 25.324179
175 187 -1 -1 43.390154
187 195 -1 -1 43.185094
195 214 -1 -1 30.975443
187 214 -1 -1 34.627338
187 195 214 -1 43.595271
175 187 195 -1 45.402332
157 160 -1 -1 28.434673
141 160 -1 -1 25.347904
141 157 160 -1 30.712292
160 183 -1 -1 30.818405
157 160 183 -1 35.113512
160 177 -1 -1 30.719451
160 177 183 -1 36.212714
160 163 -1 -1 27.729869
163 177 -1 -1 26.888308
160 163 177 -1 33.032897
204 227 -1 -1 25.732451
204 228 -1 -1 21.620255
204 227 228 -1 25.948778
194 204 -1 -1 20.996936
204 219 -1 -1 25.800420
194 204 219 -1 29.802766
204 219 228 -1 26.141198
249 269 -1 -1 19.977616
252 269 -1 -1 19.915225
249 252 269 -1 23.275509
267 269 -1 -1 20.745740
252 267 269 -1 22.465145
269 278 -1 -1 24.388208
267 269 278 -1 28.616791
269 276 -1 -1 21.839759
269 276 278 -1 26.831642
249 264 -1 -1 23.667870
243 264 -1 -1 25.122561
243 249 -1 -1 25.788030
243 249 264 -1 28.757548
261 264 -1 -1 32.788806
243 261 264 -1 35.400757
264 269 -1 -1 23.975571
264 276 -1 -1 18.803134
264 269 276 -1 25.229489
249 264 269 -1 26.241996
264 282 -1 -1 33.494424
261 264 282 -1 37.668066
264 276 282 -1 33.742059
233 241 -1 -1 21.405905
225 233 -1 -1 19.634324
225 241 -1 -1 15.622901
225 233 241 -1 22.293316
233 249 -1 -1 21.405398
233 241 249 -1 24.290975
233 243 -1 -1 24.519353
233 243 249 -1 27.826539
232 241 -1 -1 14.486282
225 232 -1 -1 12.669184
225 232 241 -1 16.638652
226 232 -1 -1 21.688667
226 232 241 -1 29.052912
197 201 -1 -1 22.686029
182 201 -1 -1 22.903802
182 197 -1 -1 22.876167
182 197 201 -1 26.353280
176 197 -1 -1 23.589336
176 182 -1 -1 19.932274
176 182 197 -1 25.729735
180 201 -1 -1 25.994596
180 182 -1 -1 26.699819
180 182 201 -1 29.263876
147 180 -1 -1 30.225529
147 182 -1 -1 29.290307
147 180 182 -1 33.308756
130 147 -1 -1 30.066418
116 147 -1 -1 39.203974
116 130 -1 -1 31.109656
116 130 147 -1 39.847514
146 152 -1 -1 13.193724
133 152 -1 -1 17.689796
133 146 -1 -1 14.514277
133 146 152 -1 18.009180
146 148 -1 -1 13.053082
148 152 -1 -1 19.421461
146 148 152 -1 19.509776
125 143 -1 -1 16.401448
143 148 -1 -1 16.861362
143 146 -1 -1 7.711659
143 146 148 -1 17.514177
133 143 -1 -1 15.164265
133 143 146 -1 15.414585
304 309 -1 -1 30.216945
280 309 -1 -1 33.226552
280 304 309 -1 35.901484
282 309 -1 -1 39.011348
280 282 309 -1 41.625625
306 309 -1 -1 25.648246
282 306 309 -1 39.011348
309 328 -1 -1 35.547876
306 309 328 -1 35.935292
370 389 -1 -1 25.649936
389 390 -1 -1 41.860738
370 389 390 -1 47.561302
378 389 -1 -1 33.146172
370 378 389 -1 37.121865
347 370 -1 -1 25.299747
346 347 -1 -1 33.329248
346 347 370 -1 35.373235
347 354 -1 -1 38.267905
347 375 -1 -1 40.748890
347 354 375 -1 41.341751
347 370 375 -1 43.597306
366 386 -1 -1 29.049079
366 373 -1 -1 26.332368
366 373 386 -1 30.286438
352 366 -1 -1 24.445253
352 366 373 -1 31.125291
351 366 -1 -1 33.500318
351 352 366 -1 38.754887
366 380 -1 -1 30.613022
351 366 380 -1 36.203311
257 268 -1 -1 21.185435
268 274 -1 -1 24.534456
257 268 274 -1 29.620744
268 286 -1 -1 35.341303
262 268 -1 -1 18.867279
262 268 286 -1 37.141228
268 274 286 -1 37.828729
244 268 -1 -1 29.064956
244 262 268 -1 31.155579
244 257 268 -1 30.052754
185 210 -1 -1 30.200089
185 203 -1 -1 25.541075
203 210 -1 -1 30.332884
185 203 210 -1 33.383966
210 235 -1 -1 27.603604
210 247 -1 -1 35.483274
210 235 247 -1 36.417217
207 210 -1 -1 31.716548
207 210 235 -1 33.687045
183 210 -1 -1 33.609176
183 207 210 -1 37.382749
183 185 210 -1 34.712966
132 145 -1 -1 18.466171
132 141 -1 -1 27.000000
132 141 145 -1 31.165962
144 147 -1 -1 28.033683
116 144 -1 -1 27.616912
116 144 147 -1 39.205080
199 211 -1 -1 41.475334
189 211 -1 -1 26.637803
189 199 -1 -1 41.832307
189 199 211 -1 43.964901
195 211 -1 -1 37.794324
189 195 211 -1 38.665205
208 221 -1 -1 31.453899
199 221 -1 -1 27.173500
199 208 221 -1 33.594254
211 221 -1 -1 37.009214
199 211 221 -1 42.268755
221 234 -1 -1 42.267096
221 251 -1 -1 43.664660
234 251 -1 -1 22.169395
221 234 251 -1 44.548165
211 234 -1 -1 24.690454
211 221 234 -1 42.504267
195 234 -1 -1 50.313497
214 234 -1 -1 53.677062
195 214 234 -1 54.734397
195 211 234 -1 52.169782
266 271 -1 -1 43.317085
271 291 -1 -1 36.769944
266 271 291 -1 45.514613
251 271 -1 -1 28.198830
251 277 -1 -1 40.765586
271 277 -1 -1 32.341281
251 271 277 -1 40.963988
271 298 -1 -1 41.586124
271 277 298 -1 41.888462
271 291 298 -1 46.931563
96 118 -1 -1 22.168579
91 118 -1 -1 48.694753
118 129 -1 -1 30.783844
91 118 129 -1 48.947987
118 150 -1 -1 44.437681
118 129 150 -1 45.863528
105 132 -1 -1 33.203799
105 141 -1 -1 30.065451
105 132 141 -1 35.131774
105 109 -1 -1 31.901916
109 132 -1 -1 21.858820
105 109 132 -1 34.606496
197 217 -1 -1 23.182166
201 217 -1 -1 20.272899
197 201 217 -1 25.571536
217 232 -1 -1 15.851001
217 225 -1 -1 20.956228
217 225 232 -1 21.005168
197 215 -1 -1 21.486694
215 217 -1 -1 24.383248
197 215 217 -1 26.682317
217 226 -1 -1 27.830315
215 217 226 -1 31.190698
217 226 232 -1 27.912968
191 197 -1 -1 20.399967
176 191 -1 -1 22.146303
176 191 197 -1 25.588942
191 194 -1 -1 16.012779
191 215 -1 -1 24.174688
191 194 215 -1 29.975763
191 197 215 -1 25.654356
180 190 -1 -1 24.743561
164 190 -1 -1 21.247501
164 180 -1 -1 32.525273
164 180 190 -1 32.525769
185 190 -1 -1 21.346423
164 185 190 -1 29.967416
190 203 -1 -1 19.061473
185 190 203 -1 26.094165
202 218 -1 -1 19.428928
203 218 -1 -1 19.568769
202 203 -1 -1 20.015583
202 203 218 -1 22.719867
190 202 -1 -1 25.072174
190 202 203 -1 25.476158
180 202 -1 -1 21.421502
180 190 202 -1 27.590952
201 202 -1 -1 23.148421
180 201 202 -1 27.453666
155 180 -1 -1 28.542636
155 164 -1 -1 16.025811
155 164 180 -1 32.528876
147 155 -1 -1 26.640896
147 155 180 -1 33.004818
144 155 -1 -1 17.162519
144 147 155 -1 28.869147
145 155 -1 -1 30.545953
145 155 164 -1 30.635597
144 145 -1 -1 28.159481
144 145 155 -1 30.943568
123 139 -1 -1 21.124409
123 133 -1 -1 18.056516
133 139 -1 -1 19.062491
123 133 139 -1 22.580135
139 152 -1 -1 18.538798
133 139 152 -1 21.310918
192 204 -1 -1 22.123073
192 194 -1 -1 18.854120
192 194 204 -1 23.999606
148 170 -1 -1 19.183088
303 321 -1 -1 25.667800
315 321 -1 -1 22.450244
303 315 321 -1 28.815969
321 344 -1 -1 40.170720
315 321 344 -1 41.856462
321 346 -1 -1 30.880479
321 344 346 -1 40.387456
309 330 -1 -1 27.165984
304 330 -1 -1 39.785567
304 309 330 -1 39.819902
330 347 -1 -1 34.147389
330 354 -1 -1 26.371869
330 347 354 -1 39.233325
328 330 -1 -1 31.370994
328 330 354 -1 35.218364
309 328 330 -1 36.908197
127 139 -1 -1 18.075660
123 127 -1 -1 19.348928
123 127 139 -1 22.683783
98 108 -1 -1 26.516269
108 116 -1 -1 30.686898
98 108 116 -1 32.431018
108 130 -1 -1 27.110851
108 116 130 -1 34.386406
108 127 -1 -1 27.063836
127 130 -1 -1 18.053676
108 127 130 -1 28.729637
95 114 -1 -1 20.177184
114 143 -1 -1 22.186064
114 125 -1 -1 13.933658
114 125 143 -1 22.231065
366 391 -1 -1 28.001036
380 391 -1 -1 30.060622
366 380 391 -1 34.200068
386 391 -1 -1 22.474809
366 386 391 -1 31.058074
218 223 -1 -1 24.079772
203 223 -1 -1 29.843725
203 218 223 -1 29.931508
210 223 -1 -1 24.583350
203 210 223 -1 32.968825
223 233 -1 -1 26.663491
223 243 -1 -1 21.729054
223 233 243 -1 28.353778
218 233 -1 -1 19.351007
218 223 233 -1 27.621859
223 247 -1 -1 31.859723
223 243 247 -1 34.084445
210 223 247 -1 36.460989
109 120 -1 -1 27.307688
97 120 -1 -1 26.305545
97 109 120 -1 31.198396
120 132 -1 -1 22.035619
109 120 132 -1 28.032635
116 120 -1 -1 30.537246
97 116 120 -1 36.100142
120 144 -1 -1 26.165127
116 120 144 -1 32.680825
120 145 -1 -1 24.369033
120 132 145 -1 25.430955
120 144 145 -1 30.452863
251 263 -1 -1 35.830231
263 277 -1 -1 27.923419
251 263 277 -1 41.612664
263 275 -1 -1 31.019534
255 263 -1 -1 26.609860
255 263 275 -1 31.859442
263 284 -1 -1 36.216835
263 277 284 -1 36.217660
263 275 284 -1 38.492162
208 240 -1 -1 40.171928
230 240 -1 -1 34.314025
208 230 240 -1 41.122149
221 240 -1 -1 20.854328
208 221 240 -1 40.597845
240 255 -1 -1 28.187551
230 240 255 -1 35.183866
240 263 -1 -1 26.034199
240 255 263 -1 31.168762
240 251 -1 -1 38.146633
221 240 251 -1 43.667018
240 251 263 -1 39.634795
236 250 -1 -1 26.785444
214 250 -1 -1 41.376813
214 236 250 -1 46.209848
234 250 -1 -1 34.674605
214 234 250 -1 53.680643
250 266 -1 -1 26.550332
236 250 266 -1 37.635600
250 271 -1 -1 39.590308
250 266 271 -1 44.106422
250 251 -1 -1 41.016524
234 250 251 -1 41.017663
250 251 271 -1 43.063504
118 134 -1 -1 30.129881
134 150 -1 -1 45.205437
118 134 150 -1 47.602181
105 142 -1 -1 38.096288
141 142 -1 -1 33.666105
105 141 142 -1 39.800349
142 160 -1 -1 29.469667
141 142 160 -1 34.795652
142 163 -1 -1 22.114264
142 160 163 -1 31.078814
152 167 -1 -1 18.786439
148 167 -1 -1 28.489608
148 152 167 -1 28.669128
167 170 -1 -1 25.307156
148 167 170 -1 29.093412
202 216 -1 -1 17.791771
201 216 -1 -1 21.011107
201 202 216 -1 24.243482
216 217 -1 -1 23.804117
216 225 -1 -1 13.398845
216 217 225 -1 23.907051
201 216 217 -1 25.268736
216 218 -1 -1 17.832598
202 216 218 -1 21.250869
216 233 -1 -1 24.156223
216 225 233 -1 24.171148
216 218 233 -1 24.462904
130 154 -1 -1 27.695240
147 154 -1 -1 23.019347
130 147 154 -1 31.604522
154 182 -1 -1 24.034034
147 154 182 -1 30.065248
154 176 -1 -1 21.071350
154 176 182 -1 25.313336
188 192 -1 -1 16.325147
170 192 -1 -1 23.229614
170 188 -1 -1 23.576000
170 188 192 -1 24.975177
325 347 -1 -1 24.932795
325 346 -1 -1 40.148263
325 346 347 -1 40.254383
321 325 -1 -1 28.978163
321 325 346 -1 40.356218
325 330 -1 -1 30.897978
304 325 -1 -1 28.645356
304 325 330 -1 40.022550
325 330 347 -1 35.426536
303 325 -1 -1 38.717246
303 304 325 -1 39.432565
303 321 325 -1 38.717248
107 113 -1 -1 20.043556
107 123 -1 -1 18.324342
113 123 -1 -1 17.229512
107 113 123 -1 21.534900
108 113 -1 -1 20.764983
113 127 -1 -1 20.362205
113 123 127 -1 22.061704
108 113 127 -1 27.310299
107 119 -1 -1 17.009188
95 119 -1 -1 23.348982
114 119 -1 -1 15.730842
95 114 119 -1 23.703649
119 123 -1 -1 19.587705
119 133 -1 -1 19.004323
119 123 133 -1 21.839646
107 119 123 -1 21.245660
119 143 -1 -1 24.180222
119 133 143 -1 24.181730
114 119 143 -1 24.799367
173 199 -1 -1 25.463694
173 189 -1 -1 40.417819
173 189 199 -1 43.303976
173 177 -1 -1 39.284666
173 177 199 -1 41.683004
163 173 -1 -1 33.298856
163 173 177 -1 39.804694
112 118 -1 -1 40.218039
96 112 -1 -1 35.441406
96 112 118 -1 40.356486
112 134 -1 -1 34.563942
112 118 134 -1 41.354780
101 112 -1 -1 32.143640
139 166 -1 -1 27.481661
152 166 -1 -1 26.321257
139 152 166 -1 28.699287
166 167 -1 -1 14.134243
152 166 167 -1 27.287962
154 166 -1 -1 24.507771
166 176 -1 -1 18.018449
154 166 176 -1 25.130811
166 191 -1 -1 29.849098
166 176 191 -1 29.984810
178 192 -1 -1 16.373578
178 194 -1 -1 21.308514
178 192 194 -1 22.160135
178 191 -1 -1 27.130268
178 191 194 -1 27.149363
170 178 -1 -1 20.028111
170 178 192 -1 23.696893
167 178 -1 -1 15.732421
167 170 178 -1 25.309290
166 178 -1 -1 25.680404
166 178 191 -1 32.022183
166 167 178 -1 29.221133
165 173 -1 -1 36.085928
165 189 -1 -1 27.895058
165 173 189 -1 41.451178
165 175 -1 -1 42.098278
165 175 189 -1 43.704529
150 165 -1 -1 45.948908
150 165 175 -1 46.141948
134 165 -1 -1 24.167748
134 150 165 -1 47.288032
112 115 -1 -1 39.477147
101 115 -1 -1 28.581314
101 112 115 -1 39.984089
115 142 -1 -1 27.394622
105 115 -1 -1 34.559877
105 115 142 -1 39.460181
142 153 -1 -1 30.616870
153 163 -1 -1 22.928698
142 153 163 -1 30.706375
153 173 -1 -1 27.042742
153 163 173 -1 33.539284
153 165 -1 -1 43.239876
134 153 -1 -1 44.141557
134 153 165 -1 45.491034
153 165 173 -1 43.392998
151 166 -1 -1 17.564487
139 151 -1 -1 18.298766
139 151 166 -1 27.907646
151 154 -1 -1 15.862736
151 154 166 -1 24.572735
130 151 -1 -1 26.152195
130 151 154 -1 28.284947
127 151 -1 -1 24.979394
127 130 151 -1 27.369225
127 139 151 -1 25.019851
115 135 -1 -1 26.306386
112 135 -1 -1 27.790495
112 115 135 -1 39.559171
134 135 -1 -1 42.635753
112 134 135 -1 42.764869
135 153 -1 -1 19.364307
134 135 153 -1 44.632781
135 142 -1 -1 29.998389
115 135 142 -1 32.380467
135 142 153 -1 31.996600
91 -1 -1 -1 0.000000
95 -1 -1 -1 0.000000
96 -1 -1 -1 0.000000
97 -1 -1 -1 0.000000
98 -1 -1 -1 0.000000
101 -1 -1 -1 0.000000
105 -1 -1 -1 0.000000
107 -1 -1 -1 0.000000
108 -1 -1 -1 0.000000
109 -1 -1 -1 0.000000
112 -1 -1 -1 0.000000
113 -1 -1 -1 0.000000
114 -1 -1 -1 0.000000
115 -1 -1 -1 0.000000
116 -1 -1 -1 0.000000
118 -1 -1 -1 0.000000
119 -1 -1 -1 0.000000
120 -1 -1 -1 0.000000
123 -1 -1 -1 0.000000
125 -1 -1 -1 0.000000
127 -1 -1 -1 0.000000
129 -1 -1 -1 0.000000
130 -1 -1 -1 0.000000
132 -1 -1 -1 0.000000
133 -1 -1 -1 0.000000
134 -1 -1 -1 0.000000
135 -1 -1 -1 0.000000
139 -1 -1 -1 0.000000
141 -1 -1 -1 0.000000
142 -1 -1 -1 0.000000
143 -1 -1 -1 0.000000
144 -1 -1 -1 0.000000
145 -1 -1 -1 0.000000
146 -1 -1 -1 0.000000
147 -1 -1 -1 0.000000
148 -1 -1 -1 0.000000
150 -1 -1 -1 0.000000
151 -1 -1 -1 0.000000
152 -1 -1 -1 0.000000
153 -1 -1 -1 0.000000
154 -1 -1 -1 0.000000
155 -1 -1 -1 0.000000
157 -1 -1 -1 0.000000
160 -1 -1 -1 0.000000
163 -1 -1 -1 0.000000
164 -1 -1 -1 0.000000
165 -1 -1 -1 0.000000
166 -1 -1 -1 0.000000
167 -1 -1 -1 0.000000
170 -1 -1 -1 0.000000
173 -1 -1 -1 0.000000
175 -1 -1 -1 0.000000
176 -1 -1 -1 0.000000
177 -1 -1 -1 0.000000
178 -1 -1 -1 0.000000
180 -1 -1 -1 0.000000
182 -1 -1 -1 0.000000
183 -1 -1 -1 0.000000
185 -1 -1 -1 0.000000
187 -1 -1 -1 0.000000
188 -1 -1 -1 0.000000
189 -1 -1 -1 0.000000
190 -1 -1 -1 0.000000
191 -1 -1 -1 0.000000
192 -1 -1 -1 0.000000
194 -1 -1 -1 0.000000
195 -1 -1 -1 0.000000
197 -1 -1 -1 0.000000
199 -1 -1 -1 0.000000
201 -1 -1 -1 0.000000
202 -1 -1 -1 0.000000
203 -1 -1 -1 0.000000
204 -1 -1 -1 0.000000
207 -1 -1 -1 0.000000
208 -1 -1 -1 0.000000
210 -1 -1 -1 0.000000
211 -1 -1 -1 0.000000
214 -1 -1 -1 0.000000
215 -1 -1 -1 0.000000
216 -1 -1 -1 0.000000
217 -1 -1 -1 0.000000
218 -1 -1 -1 0.000000
219 -1 -1 -1 0.000000
221 -1 -1 -1 0.000000
223 -1 -1 -1 0.000000
225 -1 -1 -1 0.000000
226 -1 -1 -1 0.000000
227 -1 -1 -1 0.000000
228 -1 -1 -1 0.000000
230 -1 -1 -1 0.000000
232 -1 -1 -1 0.000000
233 -1 -1 -1 0.000000
234 -1 -1 -1 0.000000
235 -1 -1 -1 0.000000
236 -1 -1 -1 0.000000
240 -1 -1 -1 0.000000
241 -1 -1 -1 0.000000
243 -1 -1 -1 0.000000
244 -1 -1 -1 0.000000
246 -1 -1 -1 0.000000
247 -1 -1 -1 0.000000
249 -1 -1 -1 0.000000
250 -1 -1 -1 0.000000
251 -1 -1 -1 0.000000
252 -1 -1 -1 0.000000
255 -1 -1 -1 0.000000
256 -1 -1 -1 0.000000
257 -1 -1 -1 0.000000
261 -1 -1 -1 0.000000
262 -1 -1 -1 0.000000
263 -1 -1 -1 0.000000
264 -1 -1 -1 0.000000
265 -1 -1 -1 0.000000
266 -1 -1 -1 0.000000
267 -1 -1 -1 0.000000
268 -1 -1 -1 0.000000
269 -1 -1 -1 0.000000
271 -1 -1 -1 0.000000
274 -1 -1 -1 0.000000
275 -1 -1 -1 0.000000
276 -1 -1 -1 0.000000
277 -1 -1 -1 0.000000
278 -1 -1 -1 0.000000
280 -1 -1 -1 0.000000
282 -1 -1 -1 0.000000
284 -1 -1 -1 0.000000
286 -1 -1 -1 0.000000
287 -1 -1 -1 0.000000
289 -1 -1 -1 0.000000
291 -1 -1 -1 0.000000
292 -1 -1 -1 0.000000
296 -1 -1 -1 0.000000
298 -1 -1 -1 0.000000
299 -1 -1 -1 0.000000
301 -1 -1 -1 0.000000
303 -1 -1 -1 0.000000
304 -1 -1 -1 0.000000
305 -1 -1 -1 0.000000
306 -1 -1 -1 0.000000
307 -1 -1 -1 0.000000
309 -1 -1 -1 0.000000
314 -1 -1 -1 0.000000
315 -1 -1 -1 0.000000
316 -1 -1 -1 0.000000
317 -1 -1 -1 0.000000
319 -1 -1 -1 0.000000
321 -1 -1 -1 0.000000
323 -1 -1 -1 0.000000
325 -1 -1 -1 0.000000
326 -1 -1 -1 0.000000
327 -1 -1 -1 0.000000
328 -1 -1 -1 0.000000
329 -1 -1 -1 0.000000
330 -1 -1 -1 0.000000
338 -1 -1 -1 0.000000
339 -1 -1 -1 0.000000
340 -1 -1 -1 0.000000
343 -1 -1 -1 0.000000
344 -1 -1 -1 0.000000
346 -1 -1 -1 0.000000
347 -1 -1 -1 0.000000
350 -1 -1 -1 0.000000
351 -1 -1 -1 0.000000
352 -1 -1 -1 0.000000
354 -1 -1 -1 0.000000
358 -1 -1 -1 0.000000
360 -1 -1 -1 0.000000
361 -1 -1 -1 0.000000
362 -1 -1 -1 0.000000
363 -1 -1 -1 0.000000
365 -1 -1 -1 0.000000
366 -1 -1 -1 0.000000
370 -1 -1 -1 0.000000
372 -1 -1 -1 0.000000
373 -1 -1 -1 0.000000
374 -1 -1 -1 0.000000
375 -1 -1 -1 0.000000
378 -1 -1 -1 0.000000
380 -1 -1 -1 0.000000
381 -1 -1 -1 0.000000
385 -1 -1 -1 0.000000
386 -1 -1 -1 0.000000
389 -1 -1 -1 0.000000
390 -1 -1 -1 0.000000
391 -1 -1 -1 0.000000
392 -1 -1 -1 0.000000
393 -1 -1 -1 0.000000
